1099100 2447.5
1099110 2447.5
1099120 2450.7
1099130 2455.5
1099140 2455.5
1099150 2461.2
1099160 2466.9
1099170 2466.9
1099180 2472.9
1099190 2479.0
1099200 2479.0
1099210 2486.8
1099220 2494.2
1099230 2494.2
1099240 2501.7
1099250 2513.1
1099260 2513.1
1099270 2522.9
1099280 2531.5
1099290 2531.5
1099300 2540.6
1099310 2549.3
1099320 2556.2
1099330 2556.2
1099340 2561.2
1099350 2567.4
1099360 2567.4
1099370 2574.7
1099380 2582.9
1099390 2582.9
1099400 2590.7
1099410 2597.5
1099420 2597.5
1099430 2604.2
1099440 2609.6
1099450 2609.6
1099460 2614.5
1099470 2619.8
1099480 2619.8
1099490 2624.9
1099500 2629.4
1099510 2633.2
1099520 2633.2
1099530 2637.7
1099540 2638.6
1099550 2638.6
1099560 2636.9
1099570 2638.3
1099580 2638.3
1099590 2641.5
1099600 2638.3
1099610 2638.3
1099620 2632.7
1099630 2628.1
1099640 2628.1
1099650 2623.0
1099660 2616.4
1099670 2616.4
1099680 2610.0
1099690 2603.0
1099700 2596.4
1099710 2596.4
1099720 2590.4
1099730 2580.2
1099740 2580.2
1099750 2559.9
1099760 2542.3
1099770 2542.3
1099780 2536.1
1099790 2533.5
1099800 2533.5
1099810 2529.6
1099820 2519.4
1099830 2519.4
1099840 2510.5
1099850 2504.6
1099860 2504.6
1099870 2496.2
1099880 2493.3
1099890 2493.3
1099900 2490.0
1099910 2486.2
1099920 2481.8
1099930 2481.8
1099940 2477.3
1099950 2473.0
1099960 2473.0
1099970 2469.3
1099980 2466.1
1099990 2466.1
