1098960 2548.0
1098970 2548.0
1098980 2546.8
1098990 2545.4
1099000 2545.4
1099010 2545.4
1099020 2544.6
1099030 2544.6
1099040 2544.5
1099050 2546.4
1099060 2546.4
1099070 2549.1
1099080 2551.4
1099090 2551.4
1099100 2554.2
1099110 2560.2
1099120 2560.2
1099130 2566.5
1099140 2574.6
1099150 2581.0
1099160 2581.0
1099170 2586.5
1099180 2589.5
1099190 2589.5
1099200 2591.4
1099210 2600.4
1099220 2600.4
1099230 2607.4
1099240 2615.2
1099250 2615.2
1099260 2623.4
1099270 2626.7
1099280 2626.7
1099290 2629.0
1099300 2639.9
1099310 2639.9
1099320 2642.6
1099330 2651.2
1099340 2651.2
1099350 2660.3
1099360 2668.0
1099370 2680.7
1099380 2680.7
1099390 2703.5
1099400 2725.3
1099410 2725.3
1099420 2721.1
1099430 2709.5
1099440 2709.5
1099450 2699.5
1099460 2690.3
1099470 2690.3
1099480 2684.7
1099490 2677.8
1099500 2677.8
1099510 2672.3
1099520 2666.2
1099530 2673.1
1099540 2668.2
1099550 2663.7
1099560 2659.5
1099570 2659.5
1099580 2665.3
1099590 2673.8
1099600 2673.8
1099610 2670.0
1099620 2669.6
1099630 2669.6
1099640 2664.2
1099650 2654.9
1099660 2654.9
1099670 2647.6
1099680 2642.9
1099690 2642.9
1099700 2643.0
1099710 2640.4
1099720 2640.4
1099730 2634.7
1099740 2631.2
1099750 2631.2
1099760 2628.6
1099770 2628.8
1099780 2626.2
1099790 2626.2
1099800 2623.9
1099810 2624.3
1099820 2624.3
1099830 2622.1
1099840 2619.7
1099850 2619.7
1099860 2611.1
1099870 2611.1
1099880 2611.1
1099890 2611.3
1099900 2613.3
1099910 2613.3
1099920 2617.6
1099930 2624.8
1099940 2624.8
1099950 2631.7
1099960 2636.7
1099970 2642.1
1099980 2642.1
1099990 2638.9
