1099020 2332.9
1099030 2332.9
1099040 2333.1
1099050 2336.7
1099060 2336.7
1099070 2339.1
1099080 2341.4
1099090 2341.4
1099100 2345.7
1099110 2350.5
1099120 2350.5
1099130 2355.5
1099140 2359.8
1099150 2363.8
1099160 2363.8
1099170 2367.5
1099180 2373.1
1099190 2373.1
1099200 2377.9
1099210 2383.3
1099220 2383.3
1099230 2389.3
1099240 2395.3
1099250 2395.3
1099260 2400.2
1099270 2409.0
1099280 2409.0
1099290 2417.9
1099300 2425.6
1099310 2425.6
1099320 2432.4
1099330 2439.5
1099340 2443.7
1099350 2454.2
1099360 2464.4
1099370 2475.1
1099380 2475.1
1099390 2482.8
1099400 2483.5
1099410 2483.5
1099420 2493.3
1099430 2504.7
1099440 2504.7
1099450 2514.7
1099460 2518.3
1099470 2518.3
1099480 2517.3
1099490 2515.3
1099500 2515.3
1099510 2514.9
1099520 2513.0
1099530 2513.0
1099540 2512.1
1099550 2512.9
1099560 2514.2
1099570 2514.2
1099580 2516.6
1099590 2521.2
1099600 2521.2
1099610 2525.8
1099620 2528.7
1099630 2528.7
1099640 2528.0
1099650 2536.7
1099660 2536.7
1099670 2549.4
1099680 2557.8
1099690 2557.8
1099700 2568.1
1099710 2585.3
1099720 2585.3
1099730 2603.3
1099740 2608.9
1099750 2608.9
1099760 2608.3
1099770 2607.9
1099780 2606.0
1099790 2606.0
1099800 2601.8
1099810 2598.8
1099820 2598.8
1099830 2603.1
1099840 2611.1
1099850 2611.1
1099860 2619.0
1099870 2618.1
1099880 2618.1
1099890 2617.4
1099900 2622.6
1099910 2622.6
1099920 2630.6
1099930 2637.6
1099940 2637.6
1099950 2649.5
1099960 2659.2
1099970 2671.7
1099980 2671.7
1099990 2686.7
