1099040 2323.1
1099050 2323.0
1099060 2324.6
1099070 2324.6
1099080 2327.8
1099090 2330.8
1099100 2330.8
1099110 2333.6
1099120 2337.1
1099130 2337.1
1099140 2341.9
1099150 2349.9
1099160 2349.9
1099170 2355.4
1099180 2361.0
1099190 2361.0
1099200 2367.0
1099210 2371.2
1099220 2371.2
1099230 2377.0
1099240 2382.1
1099250 2382.1
1099260 2387.0
1099270 2394.4
1099280 2402.5
1099290 2402.5
1099300 2410.7
1099310 2419.6
1099320 2419.6
1099330 2430.0
1099340 2438.7
1099350 2438.7
1099360 2444.5
1099370 2445.4
1099380 2445.4
1099390 2446.4
1099400 2452.3
1099410 2452.3
1099420 2463.7
1099430 2480.0
1099440 2480.0
1099450 2499.9
1099460 2506.1
1099470 2506.3
1099480 2509.7
1099490 2508.4
1099500 2508.0
1099510 2508.0
1099520 2505.9
1099530 2504.3
1099540 2504.3
1099550 2503.8
1099560 2503.0
1099570 2503.0
1099580 2497.8
1099590 2495.0
1099600 2495.0
1099610 2498.8
1099620 2502.6
1099630 2502.6
1099640 2504.1
1099650 2506.4
1099660 2506.4
1099670 2509.7
1099680 2516.1
1099690 2523.6
1099700 2523.6
1099710 2527.3
1099720 2535.3
1099730 2535.3
1099740 2548.2
1099750 2547.2
1099760 2547.2
1099770 2548.7
1099780 2558.3
1099790 2558.3
1099800 2565.1
1099810 2576.1
1099820 2576.1
1099830 2575.8
1099840 2580.9
1099850 2580.9
1099860 2589.7
1099870 2607.0
1099880 2618.3
1099890 2618.3
1099900 2629.7
1099910 2645.0
1099920 2645.0
1099930 2654.3
1099940 2660.6
1099950 2660.6
1099960 2665.2
1099970 2662.3
1099980 2662.3
1099990 2658.6
