1099020 2334.9
1099030 2334.9
1099040 2335.5
1099050 2338.9
1099060 2338.9
1099070 2342.5
1099080 2345.9
1099090 2345.9
1099100 2349.9
1099110 2355.1
1099120 2355.1
1099130 2360.1
1099140 2364.7
1099150 2364.7
1099160 2368.9
1099170 2373.8
1099180 2373.8
1099190 2379.0
1099200 2382.9
1099210 2387.5
1099220 2392.8
1099230 2397.5
1099240 2403.9
1099250 2403.9
1099260 2412.0
1099270 2418.2
1099280 2418.2
1099290 2424.1
1099300 2428.3
1099310 2428.3
1099320 2436.1
1099330 2445.1
1099340 2445.1
1099350 2455.4
1099360 2465.4
1099370 2465.4
1099380 2474.1
1099390 2481.4
1099400 2490.0
1099410 2490.0
1099420 2502.2
1099430 2511.1
1099440 2511.1
1099450 2519.6
1099460 2520.5
1099470 2520.5
1099480 2517.7
1099490 2516.7
1099500 2516.7
1099510 2516.2
1099520 2515.7
1099530 2515.7
1099540 2518.2
1099550 2530.4
1099560 2530.4
1099570 2532.8
1099580 2532.0
1099590 2535.6
1099600 2535.6
1099610 2542.5
1099620 2547.4
1099630 2547.4
1099640 2550.3
1099650 2553.5
1099660 2553.5
1099670 2558.7
1099680 2562.3
1099690 2562.3
1099700 2572.5
1099710 2588.1
1099720 2588.1
1099730 2603.7
1099740 2610.8
1099750 2610.8
1099760 2611.6
1099770 2612.5
1099780 2612.5
1099790 2612.7
1099800 2613.3
1099810 2612.5
1099820 2612.5
1099830 2612.1
1099840 2619.0
1099850 2619.0
1099860 2629.2
1099870 2629.4
1099880 2640.8
1099890 2638.9
1099900 2637.0
1099910 2637.0
1099920 2644.2
1099930 2661.7
1099940 2661.7
1099950 2665.7
1099960 2663.0
1099970 2663.0
1099980 2668.4
1099990 2677.4
