1099020 2185.1
1099030 2185.1
1099040 2191.9
1099050 2204.5
1099060 2204.5
1099070 2208.7
1099080 2214.8
1099090 2214.8
1099100 2222.6
1099110 2229.9
1099120 2229.9
1099130 2238.0
1099140 2246.0
1099150 2254.2
1099160 2254.2
1099170 2265.7
1099180 2273.4
1099190 2273.4
1099200 2280.6
1099210 2288.1
1099220 2287.5
1099230 2295.2
1099240 2302.8
1099250 2302.8
1099260 2310.7
1099270 2319.0
1099280 2319.0
1099290 2326.6
1099300 2334.2
1099310 2334.2
1099320 2342.8
1099330 2352.6
1099340 2363.1
1099350 2363.1
1099360 2370.6
1099370 2379.5
1099380 2379.5
1099390 2387.7
1099400 2394.0
1099410 2394.0
1099420 2399.2
1099430 2405.2
1099440 2405.2
1099450 2409.9
1099460 2413.5
1099470 2413.5
1099480 2414.7
1099490 2411.2
1099500 2411.2
1099510 2405.0
1099520 2400.8
1099530 2400.8
1099540 2393.3
1099550 2387.7
1099560 2383.0
1099570 2383.0
1099580 2379.3
1099590 2376.0
1099600 2376.0
1099610 2370.8
1099620 2365.9
1099630 2365.9
1099640 2362.3
1099650 2359.8
1099660 2359.8
1099670 2356.6
1099680 2352.3
1099690 2352.3
1099700 2349.9
1099710 2344.1
1099720 2344.1
1099730 2339.8
1099740 2337.6
1099750 2335.8
1099760 2335.8
1099770 2336.6
1099780 2333.7
1099790 2333.7
1099800 2333.8
1099810 2336.0
1099820 2336.0
1099830 2337.5
1099840 2337.3
1099850 2337.3
1099860 2342.4
1099870 2345.5
1099880 2347.8
1099890 2348.8
1099900 2350.5
1099910 2350.5
1099920 2353.1
1099930 2355.6
1099940 2358.2
1099950 2358.2
1099960 2360.7
1099970 2362.9
1099980 2362.9
1099990 2364.4
