1098650 2358.8
1098660 2362.7
1098670 2362.7
1098680 2367.6
1098690 2372.3
1098700 2372.3
1098710 2378.6
1098720 2385.2
1098730 2390.8
1098740 2390.8
1098750 2394.3
1098760 2398.4
1098770 2398.4
1098780 2400.7
1098790 2402.8
1098800 2402.8
1098810 2405.1
1098820 2407.5
1098830 2407.5
1098840 2411.5
1098850 2415.9
1098860 2415.9
1098870 2420.7
1098880 2425.0
1098890 2425.0
1098900 2428.4
1098910 2431.7
1098920 2434.6
1098930 2434.6
1098940 2438.3
1098950 2443.5
1098960 2443.5
1098970 2448.0
1098980 2453.9
1098990 2453.9
1099000 2459.6
1099010 2466.3
1099020 2466.3
1099030 2474.4
1099040 2482.1
1099050 2482.1
1099060 2488.9
1099070 2496.0
1099080 2496.0
1099090 2501.6
1099100 2504.3
1099110 2504.3
1099120 2505.1
1099130 2503.8
1099140 2502.3
1099150 2502.3
1099160 2498.9
1099170 2491.7
1099180 2491.7
1099190 2483.0
1099200 2477.5
1099210 2477.5
1099220 2473.3
1099230 2473.1
1099240 2473.1
1099250 2470.8
1099260 2466.3
1099270 2466.3
1099280 2459.6
1099290 2454.9
1099300 2456.4
1099310 2453.5
1099320 2449.5
1099330 2443.6
1099340 2443.6
1099350 2437.0
1099360 2427.9
1099370 2427.9
1099380 2417.3
1099390 2408.1
1099400 2408.1
1099410 2402.2
1099420 2396.9
1099430 2396.9
1099440 2387.6
1099450 2379.1
1099460 2379.1
1099470 2371.9
1099480 2367.6
1099490 2367.6
1099500 2362.8
1099510 2358.3
1099520 2358.3
1099530 2353.3
1099540 2348.6
1099550 2344.3
1099560 2344.3
1099570 2339.6
1099580 2334.5
1099590 2334.5
1099600 2329.4
1099610 2324.6
1099620 2324.6
1099630 2325.0
1099640 2320.3
1099650 2320.3
1099660 2315.7
1099670 2310.8
1099680 2310.8
1099690 2305.4
1099700 2300.6
1099710 2300.6
1099720 2298.0
1099730 2297.1
1099740 2295.8
1099750 2295.8
1099760 2294.8
1099770 2292.8
1099780 2292.8
1099790 2290.3
1099800 2287.4
1099810 2287.4
1099820 2284.6
1099830 2281.6
1099840 2281.6
1099850 2278.4
1099860 2275.6
1099870 2275.6
1099880 2271.6
1099890 2267.2
1099900 2267.2
1099910 2263.8
1099920 2260.8
1099930 2260.8
1099940 2257.8
1099950 2253.6
1099960 2254.6
1099970 2254.6
1099980 2251.4
1099990 2248.8
