1098730 2326.4
1098740 2333.3
1098750 2333.3
1098760 2339.7
1098770 2335.1
1098780 2335.1
1098790 2333.9
1098800 2335.8
1098810 2335.8
1098820 2339.9
1098830 2343.6
1098840 2343.6
1098850 2347.4
1098860 2354.3
1098870 2354.3
1098880 2361.1
1098890 2365.7
1098900 2365.7
1098910 2369.5
1098920 2374.0
1098930 2375.7
1098940 2375.7
1098950 2378.8
1098960 2384.8
1098970 2384.8
1098980 2386.1
1098990 2392.2
1099000 2392.2
1099010 2399.6
1099020 2407.4
1099030 2407.4
1099040 2415.6
1099050 2419.7
1099060 2419.7
1099070 2423.6
1099080 2425.6
1099090 2425.6
1099100 2427.9
1099110 2432.1
1099120 2438.6
1099130 2438.6
1099140 2446.7
1099150 2454.2
1099160 2454.2
1099170 2458.9
1099180 2461.7
1099190 2461.7
1099200 2465.3
1099210 2468.9
1099220 2468.9
1099230 2472.0
1099240 2476.5
1099250 2476.5
1099260 2480.1
1099270 2486.5
1099280 2486.5
1099290 2492.6
1099300 2498.0
1099310 2491.4
1099320 2494.8
1099330 2499.1
1099340 2502.6
1099350 2502.6
1099360 2504.8
1099370 2508.4
1099380 2508.4
1099390 2512.4
1099400 2515.3
1099410 2515.3
1099420 2513.8
1099430 2507.8
1099440 2507.8
1099450 2505.7
1099460 2496.1
1099470 2496.1
1099480 2491.7
1099490 2489.8
1099500 2489.8
1099510 2481.3
1099520 2472.2
1099530 2467.3
1099540 2467.3
1099550 2458.1
1099560 2454.0
1099570 2454.0
1099580 2449.9
1099590 2443.2
1099600 2443.2
1099610 2434.9
1099620 2426.0
1099630 2426.0
1099640 2423.0
1099650 2419.4
1099660 2419.4
1099670 2416.4
1099680 2410.3
1099690 2410.3
1099700 2401.7
1099710 2396.6
1099720 2396.6
1099730 2391.8
1099740 2392.5
1099750 2395.6
1099760 2395.6
1099770 2398.1
1099780 2395.5
1099790 2395.5
1099800 2395.1
1099810 2387.9
1099820 2387.9
1099830 2381.5
1099840 2376.6
1099850 2376.6
1099860 2371.0
1099870 2374.3
1099880 2374.3
1099890 2376.9
1099900 2374.6
1099910 2374.6
1099920 2371.5
1099930 2371.6
1099940 2369.0
1099950 2369.0
1099960 2366.9
1099970 2370.6
1099980 2370.6
1099990 2370.3
