1098940 2310.9
1098950 2310.9
1098960 2318.3
1098970 2329.6
1098980 2329.6
1098990 2339.1
1099000 2344.7
1099010 2344.7
1099020 2343.1
1099030 2339.3
1099040 2339.3
1099050 2338.4
1099060 2340.8
1099070 2340.8
1099080 2344.1
1099090 2347.4
1099100 2351.1
1099110 2351.1
1099120 2353.7
1099130 2357.6
1099140 2357.6
1099150 2362.3
1099160 2368.6
1099170 2368.6
1099180 2373.2
1099190 2376.9
1099200 2376.9
1099210 2374.2
1099220 2378.2
1099230 2378.2
1099240 2382.1
1099250 2386.5
1099260 2386.5
1099270 2391.4
1099280 2396.1
1099290 2396.1
1099300 2401.4
1099310 2406.0
1099320 2409.2
1099330 2409.2
1099340 2412.3
1099350 2417.4
1099360 2417.4
1099370 2424.6
1099380 2432.1
1099390 2432.1
1099400 2437.1
1099410 2441.8
1099420 2441.8
1099430 2447.0
1099440 2449.7
1099450 2449.7
1099460 2460.4
1099470 2474.7
1099480 2474.7
1099490 2486.7
1099500 2495.0
1099510 2502.0
1099520 2502.0
1099530 2509.4
1099540 2509.8
1099550 2509.8
1099560 2523.1
1099570 2541.3
1099580 2541.3
1099590 2542.3
1099600 2537.0
1099610 2537.0
1099620 2544.1
1099630 2542.3
1099640 2542.3
1099650 2537.1
1099660 2529.2
1099670 2529.2
1099680 2519.9
1099690 2511.5
1099700 2511.5
1099710 2503.3
1099720 2499.9
1099730 2503.3
1099740 2503.3
1099750 2506.7
1099760 2504.9
1099770 2504.9
1099780 2500.9
1099790 2495.2
1099800 2495.2
1099810 2490.9
1099820 2489.9
1099830 2489.9
1099840 2486.6
1099850 2480.4
1099860 2480.4
1099870 2479.4
1099880 2473.4
1099890 2473.4
1099900 2468.8
1099910 2465.1
1099920 2465.1
1099930 2462.8
1099940 2461.0
1099950 2460.8
1099960 2460.8
1099970 2459.1
1099980 2460.8
1099990 2460.8
