1098620 2250.3
1098630 2251.6
1098640 2251.6
1098650 2253.9
1098660 2256.6
1098670 2257.6
1098680 2260.4
1098690 2262.8
1098700 2267.1
1098710 2267.1
1098720 2272.0
1098730 2276.3
1098740 2276.3
1098750 2280.1
1098760 2284.0
1098770 2284.0
1098780 2287.4
1098790 2291.4
1098800 2291.4
1098810 2296.2
1098820 2302.8
1098830 2302.8
1098840 2308.8
1098850 2314.4
1098860 2314.4
1098870 2319.6
1098880 2323.0
1098890 2324.1
1098900 2324.1
1098910 2324.0
1098920 2322.6
1098930 2322.6
1098940 2321.7
1098950 2320.9
1098960 2320.9
1098970 2319.9
1098980 2319.7
1098990 2321.1
1099000 2320.8
1099010 2321.9
1099020 2321.9
1099030 2324.4
1099040 2326.8
1099050 2326.8
1099060 2329.7
1099070 2332.8
1099080 2332.8
1099090 2336.0
1099100 2338.6
1099110 2342.3
1099120 2342.3
1099130 2346.6
1099140 2351.9
1099150 2351.9
1099160 2357.8
1099170 2364.7
1099180 2364.7
1099190 2372.5
1099200 2380.4
1099210 2380.4
1099220 2387.8
1099230 2394.0
1099240 2394.0
1099250 2394.2
1099260 2390.4
1099270 2390.4
1099280 2386.4
1099290 2383.8
1099300 2383.8
1099310 2382.7
1099320 2370.6
1099330 2365.9
1099340 2365.9
1099350 2362.8
1099360 2360.1
1099370 2360.1
1099380 2357.3
1099390 2353.9
1099400 2353.9
1099410 2350.7
1099420 2347.8
1099430 2347.8
1099440 2344.4
1099450 2342.6
1099460 2342.6
1099470 2341.4
1099480 2338.5
1099490 2338.5
1099500 2335.4
1099510 2332.9
1099520 2329.5
1099530 2329.5
1099540 2327.5
1099550 2326.9
1099560 2326.9
1099570 2321.8
1099580 2312.9
1099590 2312.9
1099600 2309.2
1099610 2306.4
1099620 2306.4
1099630 2302.3
1099640 2298.3
1099650 2291.0
1099660 2286.1
1099670 2280.0
1099680 2280.0
1099690 2275.4
1099700 2269.7
1099710 2269.7
1099720 2263.0
1099730 2255.7
1099740 2246.7
1099750 2246.7
1099760 2238.9
1099770 2232.9
1099780 2232.9
1099790 2227.2
1099800 2221.4
1099810 2221.4
1099820 2216.6
1099830 2211.5
1099840 2211.5
1099850 2205.7
1099860 2200.9
1099870 2200.9
1099880 2196.0
1099890 2191.4
1099900 2191.4
1099910 2186.9
1099920 2182.8
1099930 2179.1
1099940 2179.1
1099950 2174.3
1099960 2170.0
1099970 2170.0
1099980 2165.2
1099990 2161.7
