1098550 2251.6
1098560 2250.8
1098570 2250.8
1098580 2250.3
1098590 2251.5
1098600 2252.2
1098610 2253.3
1098620 2256.8
1098630 2256.8
1098640 2258.1
1098650 2259.4
1098660 2259.4
1098670 2261.8
1098680 2264.3
1098690 2264.3
1098700 2266.7
1098710 2270.3
1098720 2270.3
1098730 2274.6
1098740 2278.3
1098750 2278.3
1098760 2282.2
1098770 2287.5
1098780 2294.2
1098790 2294.2
1098800 2302.2
1098810 2312.5
1098820 2312.5
1098830 2322.3
1098840 2330.6
1098850 2330.6
1098860 2335.1
1098870 2338.8
1098880 2338.8
1098890 2344.6
1098900 2349.4
1098910 2349.4
1098920 2353.3
1098930 2366.4
1098940 2366.4
1098950 2363.4
1098960 2363.3
1098970 2364.4
1098980 2364.4
1098990 2365.5
1099000 2367.1
1099010 2367.1
1099020 2367.3
1099030 2369.4
1099040 2369.4
1099050 2372.3
1099060 2375.6
1099070 2375.6
1099080 2378.0
1099090 2381.2
1099100 2381.2
1099110 2378.4
1099120 2376.6
1099130 2376.6
1099140 2375.1
1099150 2374.0
1099160 2374.0
1099170 2373.7
1099180 2373.4
1099190 2372.9
1099200 2372.9
1099210 2372.0
1099220 2365.5
1099230 2365.5
1099240 2353.6
1099250 2341.9
1099260 2341.9
1099270 2335.7
1099280 2330.3
1099290 2330.3
1099300 2325.1
1099310 2320.5
1099320 2320.5
1099330 2315.4
1099340 2311.8
1099350 2311.8
1099360 2310.8
1099370 2310.8
1099380 2311.8
1099390 2311.8
1099400 2315.7
1099410 2318.7
1099420 2318.7
1099430 2319.0
1099440 2314.8
1099450 2314.8
1099460 2308.5
1099470 2301.9
1099480 2301.9
1099490 2295.5
1099500 2290.2
1099510 2290.2
1099520 2287.1
1099530 2284.4
1099540 2284.4
1099550 2281.6
1099560 2278.3
1099570 2278.3
1099580 2276.2
1099590 2271.9
1099600 2267.3
1099610 2267.3
1099620 2263.1
1099630 2259.0
1099640 2259.0
1099650 2255.0
1099660 2251.0
1099670 2251.0
1099680 2248.0
1099690 2245.6
1099700 2245.6
1099710 2242.7
1099720 2238.4
1099730 2238.4
1099740 2233.4
1099750 2228.8
1099760 2228.8
1099770 2225.1
1099780 2221.5
1099790 2221.5
1099800 2218.4
1099810 2215.4
1099820 2212.0
1099830 2212.0
1099840 2207.3
1099850 2202.5
1099860 2202.5
1099870 2198.6
1099880 2195.0
1099890 2195.0
1099900 2191.4
1099910 2187.7
1099920 2187.7
1099930 2184.6
1099940 2181.3
1099950 2181.3
1099960 2177.1
1099970 2172.9
1099980 2172.9
1099990 2169.2
