1098430 2252.3
1098440 2251.5
1098450 2251.5
1098460 2251.8
1098470 2253.4
1098480 2256.1
1098490 2256.1
1098500 2258.0
1098510 2262.7
1098520 2262.7
1098530 2266.5
1098540 2268.5
1098550 2268.5
1098560 2272.7
1098570 2278.2
1098580 2278.2
1098590 2282.4
1098600 2285.9
1098610 2285.9
1098620 2289.2
1098630 2293.6
1098640 2293.6
1098650 2299.1
1098660 2303.0
1098670 2303.0
1098680 2306.9
1098690 2310.6
1098700 2314.6
1098710 2314.6
1098720 2320.1
1098730 2325.4
1098740 2325.4
1098750 2329.5
1098760 2333.2
1098770 2333.2
1098780 2336.7
1098790 2344.8
1098800 2344.8
1098810 2355.3
1098820 2363.4
1098830 2363.4
1098840 2374.9
1098850 2373.6
1098860 2373.6
1098870 2375.9
1098880 2381.4
1098890 2387.4
1098900 2387.4
1098910 2394.3
1098920 2400.8
1098930 2400.8
1098940 2404.4
1098950 2401.9
1098960 2401.9
1098970 2393.4
1098980 2384.9
1098990 2384.9
1099000 2377.9
1099010 2371.8
1099020 2371.8
1099030 2365.5
1099040 2360.0
1099050 2360.0
1099060 2355.2
1099070 2352.4
1099080 2352.4
1099090 2350.1
1099100 2347.4
1099110 2343.7
1099120 2343.7
1099130 2339.9
1099140 2337.7
1099150 2337.7
1099160 2336.9
1099170 2335.9
1099180 2335.9
1099190 2330.7
1099200 2329.2
1099210 2329.2
1099220 2328.5
1099230 2327.9
1099240 2327.9
1099250 2326.7
1099260 2325.5
1099270 2325.5
1099280 2323.5
1099290 2321.3
1099300 2321.3
1099310 2318.8
1099320 2316.0
1099330 2312.8
1099340 2312.8
1099350 2309.2
1099360 2305.1
1099370 2305.1
1099380 2301.3
1099390 2298.1
1099400 2298.1
1099410 2295.4
1099420 2293.5
1099430 2293.5
1099440 2292.0
1099450 2291.2
1099460 2291.2
1099470 2290.0
1099480 2287.8
1099490 2287.8
1099500 2281.1
1099510 2279.1
1099520 2276.9
1099530 2276.9
1099540 2274.2
1099550 2271.3
1099560 2271.3
1099570 2267.7
1099580 2262.8
1099590 2262.8
1099600 2256.5
1099610 2250.8
1099620 2250.8
1099630 2246.5
1099640 2242.4
1099650 2242.4
1099660 2238.1
1099670 2234.4
1099680 2234.4
1099690 2231.0
1099700 2227.4
1099710 2227.4
1099720 2223.6
1099730 2220.1
1099740 2216.7
1099750 2216.7
1099760 2213.3
1099770 2210.0
1099780 2210.0
1099790 2206.4
1099800 2202.9
1099810 2202.9
1099820 2200.6
1099830 2198.9
1099840 2198.9
1099850 2196.1
1099860 2193.7
1099870 2193.7
1099880 2191.2
1099890 2188.0
1099900 2188.0
1099910 2183.8
1099920 2179.7
1099930 2176.0
1099940 2176.0
1099950 2172.9
1099960 2170.7
1099970 2170.7
1099980 2169.7
1099990 2168.1
