1098870 2401.1
1098880 2401.1
1098890 2402.7
1098900 2405.4
1098910 2405.4
1098920 2409.0
1098930 2412.5
1098940 2412.5
1098950 2416.7
1098960 2421.2
1098970 2421.2
1098980 2425.7
1098990 2430.6
1099000 2430.6
1099010 2435.9
1099020 2441.7
1099030 2447.8
1099040 2447.8
1099050 2457.3
1099060 2464.8
1099070 2464.8
1099080 2472.4
1099090 2482.0
1099100 2482.0
1099110 2489.1
1099120 2497.6
1099130 2497.6
1099140 2502.9
1099150 2508.9
1099160 2508.9
1099170 2516.5
1099180 2522.3
1099190 2516.6
1099200 2516.1
1099210 2516.7
1099220 2516.7
1099230 2516.1
1099240 2514.5
1099250 2513.2
1099260 2513.2
1099270 2513.1
1099280 2511.8
1099290 2511.8
1099300 2512.2
1099310 2515.7
1099320 2515.7
1099330 2520.2
1099340 2525.2
1099350 2525.2
1099360 2525.7
1099370 2518.2
1099380 2518.2
1099390 2511.4
1099400 2502.4
1099410 2502.4
1099420 2493.8
1099430 2486.6
1099440 2480.0
1099450 2480.0
1099460 2473.7
1099470 2467.6
1099480 2467.6
1099490 2461.9
1099500 2456.2
1099510 2456.2
1099520 2447.5
1099530 2443.2
1099540 2443.2
1099550 2439.5
1099560 2436.1
1099570 2436.1
1099580 2432.6
1099590 2430.2
1099600 2430.2
1099610 2427.5
1099620 2423.0
1099630 2423.0
1099640 2419.1
1099650 2416.1
1099660 2412.0
1099670 2412.0
1099680 2407.6
1099690 2403.9
1099700 2403.9
1099710 2400.8
1099720 2397.1
1099730 2397.1
1099740 2393.5
1099750 2390.1
1099760 2390.1
1099770 2387.2
1099780 2384.4
1099790 2384.4
1099800 2380.2
1099810 2376.4
1099820 2376.4
1099830 2373.5
1099840 2371.4
1099850 2363.4
1099860 2363.4
1099870 2361.0
1099880 2360.6
1099890 2360.6
1099900 2358.9
1099910 2358.0
1099920 2358.0
1099930 2358.0
1099940 2357.7
1099950 2357.7
1099960 2358.5
1099970 2358.6
1099980 2358.6
1099990 2358.8
