1098570 2195.2
1098580 2201.4
1098590 2201.4
1098600 2210.4
1098610 2218.1
1098620 2218.1
1098630 2225.9
1098640 2233.4
1098650 2233.4
1098660 2241.8
1098670 2250.7
1098680 2250.7
1098690 2260.0
1098700 2271.3
1098710 2271.3
1098720 2276.0
1098730 2279.4
1098740 2279.4
1098750 2283.4
1098760 2285.7
1098770 2290.8
1098780 2290.8
1098790 2294.7
1098800 2299.2
1098810 2302.7
1098820 2308.3
1098830 2315.9
1098840 2315.9
1098850 2321.6
1098860 2328.5
1098870 2328.5
1098880 2335.1
1098890 2341.8
1098900 2341.8
1098910 2348.6
1098920 2355.4
1098930 2355.4
1098940 2362.3
1098950 2370.1
1098960 2370.1
1098970 2382.7
1098980 2396.5
1098990 2409.4
1099000 2409.4
1099010 2437.1
1099020 2458.4
1099030 2458.4
1099040 2491.1
1099050 2560.2
1099060 2560.2
1099070 2569.5
1099080 2578.2
1099090 2578.2
1099100 2579.3
1099110 2574.3
1099120 2574.3
1099130 2564.3
1099140 2560.6
1099150 2560.6
1099160 2555.2
1099170 2549.4
1099180 2549.4
1099190 2544.2
1099200 2541.4
1099210 2540.7
1099220 2540.7
1099230 2538.7
1099240 2534.0
1099250 2534.0
1099260 2528.8
1099270 2523.1
1099280 2523.1
1099290 2521.2
1099300 2518.5
1099310 2518.5
1099320 2512.1
1099330 2503.8
1099340 2503.8
1099350 2498.0
1099360 2493.3
1099370 2493.3
1099380 2488.3
1099390 2484.1
1099400 2484.1
1099410 2480.7
1099420 2476.3
1099430 2471.4
1099440 2471.4
1099450 2467.8
1099460 2462.5
1099470 2467.3
1099480 2459.5
1099490 2451.8
1099500 2451.8
1099510 2445.5
1099520 2442.3
1099530 2442.3
1099540 2438.3
1099550 2434.2
1099560 2434.2
1099570 2430.5
1099580 2425.0
1099590 2425.0
1099600 2420.0
1099610 2412.7
1099620 2412.7
1099630 2406.8
1099640 2404.0
1099650 2401.6
1099660 2401.6
1099670 2399.1
1099680 2395.9
1099690 2395.9
1099700 2393.0
1099710 2389.2
1099720 2389.2
1099730 2388.3
1099740 2387.0
1099750 2387.0
1099760 2384.2
1099770 2377.4
1099780 2377.4
1099790 2372.4
1099800 2373.7
1099810 2373.7
1099820 2370.5
1099830 2367.5
1099840 2363.6
1099850 2363.6
1099860 2360.3
1099870 2358.3
1099880 2358.3
1099890 2355.5
1099900 2353.2
1099910 2353.2
1099920 2351.9
1099930 2349.7
1099940 2349.7
1099950 2348.7
1099960 2345.8
1099970 2345.8
1099980 2342.7
1099990 2341.4
