1098620 2236.4
1098630 2236.4
1098640 2242.3
1098650 2253.2
1098660 2253.2
1098670 2259.7
1098680 2266.2
1098690 2266.2
1098700 2274.6
1098710 2282.2
1098720 2289.3
1098730 2289.3
1098740 2295.9
1098750 2324.6
1098760 2324.6
1098770 2327.9
1098780 2317.3
1098790 2317.3
1098800 2317.5
1098810 2317.6
1098820 2317.6
1098830 2315.4
1098840 2316.8
1098850 2316.8
1098860 2319.0
1098870 2322.3
1098880 2322.3
1098890 2327.2
1098900 2330.8
1098910 2330.8
1098920 2334.4
1098930 2337.7
1098940 2344.2
1098950 2344.2
1098960 2356.2
1098970 2365.2
1098980 2365.2
1098990 2370.2
1099000 2385.0
1099010 2385.0
1099020 2467.5
1099030 2592.2
1099040 2592.2
1099050 2621.0
1099060 2624.2
1099070 2624.2
1099080 2625.0
1099090 2625.5
1099100 2625.5
1099110 2624.4
1099120 2621.4
1099130 2621.4
1099140 2618.2
1099150 2615.4
1099160 2611.6
1099170 2611.8
1099180 2606.3
1099190 2596.3
1099200 2596.3
1099210 2578.6
1099220 2563.8
1099230 2563.8
1099240 2556.1
1099250 2549.3
1099260 2549.3
1099270 2543.6
1099280 2536.6
1099290 2536.6
1099300 2529.5
1099310 2519.5
1099320 2519.5
1099330 2511.6
1099340 2505.7
1099350 2504.1
1099360 2504.1
1099370 2501.0
1099380 2494.4
1099390 2494.4
1099400 2487.9
1099410 2482.1
1099420 2482.1
1099430 2477.5
1099440 2474.2
1099450 2474.2
1099460 2471.6
1099470 2469.4
1099480 2469.4
1099490 2468.6
1099500 2463.0
1099510 2463.0
1099520 2459.1
1099530 2452.9
1099540 2452.9
1099550 2448.8
1099560 2443.4
1099570 2446.5
1099580 2446.5
1099590 2446.8
1099600 2444.5
1099610 2444.5
1099620 2442.0
1099630 2439.3
1099640 2439.3
1099650 2436.3
1099660 2433.5
1099670 2433.5
1099680 2431.5
1099690 2430.4
1099700 2430.4
1099710 2428.7
1099720 2425.4
1099730 2425.4
1099740 2420.8
1099750 2416.8
1099760 2416.8
1099770 2414.1
1099780 2411.9
1099790 2405.9
1099800 2405.9
1099810 2397.4
1099820 2395.3
1099830 2395.3
1099840 2388.8
1099850 2383.4
1099860 2383.4
1099870 2377.5
1099880 2372.2
1099890 2372.2
1099900 2368.1
1099910 2362.3
1099920 2362.3
1099930 2358.5
1099940 2351.7
1099950 2351.7
1099960 2341.8
1099970 2333.4
1099980 2333.4
1099990 2330.5
