1093950 2259.2
1093960 2259.2
1093970 2262.7
1093980 2268.3
1093990 2268.3
1094000 2274.3
1094010 2280.6
1094020 2280.6
1094030 2286.9
1094040 2293.1
1094050 2293.1
1094060 2299.4
1094070 2306.6
1094080 2313.4
1094090 2313.4
1094100 2318.7
1094110 2323.4
1094120 2323.4
1094130 2332.3
1094140 2363.2
1094150 2363.2
1094160 2393.8
1094170 2421.4
1094180 2421.4
1094190 2435.2
1094200 2455.0
1094210 2455.0
1094220 2462.2
1094230 2460.1
1094240 2460.1
1094250 2452.3
1094260 2446.3
1094270 2446.3
1094280 2443.7
1094290 2442.6
1094300 2442.2
1094310 2442.2
1094320 2442.7
1094330 2445.2
1094340 2445.2
1094350 2448.4
1094360 2451.7
1094370 2451.7
1094380 2455.1
1094390 2458.0
1094400 2458.0
1094410 2461.9
1094420 2469.5
1094430 2469.5
1094440 2475.4
1094450 2477.3
1094460 2477.3
1094470 2479.2
1094480 2479.4
1094490 2479.4
1094500 2481.8
1094510 2485.3
1094520 2490.5
1094530 2490.5
1094540 2500.1
1094550 2502.2
1094560 2502.2
1094570 2512.4
1094580 2522.8
1094590 2522.8
1094600 2532.6
1094610 2543.0
1094620 2543.0
1094630 2551.2
1094640 2561.6
1094650 2561.6
1094660 2571.3
1094670 2578.5
1094680 2578.5
1094690 2584.2
1094700 2593.3
1094710 2616.3
1094720 2616.3
1094730 2623.2
1094740 2628.3
1094750 2628.3
1094760 2689.5
1094770 2775.1
1094780 2775.1
1094790 2795.0
1094800 2807.1
1094810 2807.1
1094820 2809.4
1094830 2810.3
1094840 2810.3
1094850 2809.3
1094860 2803.6
1094870 2803.6
1094880 2787.9
1094890 2792.1
1094900 2792.1
1094910 2792.3
1094920 2790.0
1094930 2787.8
1094940 2787.8
1094950 2786.0
1094960 2784.0
1094970 2784.0
1094980 2781.0
1094990 2776.7
1095000 2776.7
1095010 2772.3
1095020 2767.9
1095030 2767.9
1095040 2766.9
1095050 2766.2
1095060 2766.2
1095070 2765.3
1095080 2764.3
1095090 2764.3
1095100 2764.0
1095110 2764.3
1095120 2764.3
1095130 2764.4
1095140 2763.7
1095150 2762.3
1095160 2762.3
1095170 2760.1
1095180 2757.3
1095190 2757.3
1095200 2760.1
1095210 2758.9
1095220 2758.9
1095230 2758.4
1095240 2756.5
1095250 2756.5
1095260 2754.7
1095270 2751.7
1095280 2751.7
1095290 2747.8
1095300 2744.4
1095310 2744.4
1095320 2740.7
1095330 2736.8
1095340 2736.8
1095350 2731.2
1095360 2726.3
1095370 2721.8
1095380 2721.8
1095390 2716.3
1095400 2710.4
1095410 2710.4
1095420 2704.8
1095430 2699.4
1095440 2699.4
1095450 2694.0
1095460 2688.6
1095470 2688.6
1095480 2683.3
1095490 2677.7
1095500 2677.7
1095510 2671.9
1095520 2666.2
1095530 2667.5
1095540 2661.6
1095550 2655.3
1095560 2655.3
1095570 2648.8
1095580 2643.7
1095590 2639.3
1095600 2639.3
1095610 2634.4
1095620 2630.3
1095630 2630.3
1095640 2624.6
1095650 2620.5
1095660 2620.5
1095670 2616.2
1095680 2610.6
1095690 2610.6
1095700 2606.5
1095710 2602.5
1095720 2602.5
1095730 2597.5
1095740 2591.3
1095750 2591.3
1095760 2584.3
1095770 2578.0
1095780 2578.0
1095790 2572.3
1095800 2567.1
1095810 2561.5
1095820 2561.5
1095830 2556.3
1095840 2553.3
1095850 2551.5
1095860 2546.3
1095870 2543.0
1095880 2543.0
1095890 2537.7
1095900 2530.5
1095910 2530.5
1095920 2519.5
1095930 2503.6
1095940 2503.6
1095950 2495.6
1095960 2489.9
1095970 2489.9
1095980 2484.7
1095990 2479.6
1096000 2479.6
1096010 2474.0
1096020 2468.3
1096030 2463.5
1096040 2463.5
1096050 2458.2
1096060 2453.1
1096070 2453.1
1096080 2447.7
1096090 2441.0
1096100 2441.0
1096110 2436.7
1098410 2185.9
1098420 2192.5
1098430 2192.5
1098440 2199.3
1098450 2205.6
1098460 2205.6
1098470 2212.2
1098480 2218.6
1098490 2218.6
1098500 2225.0
1098510 2233.1
1098520 2233.1
1098530 2242.0
1098540 2251.4
1098550 2251.4
1098560 2258.8
1098570 2266.5
1098580 2266.5
1098590 2272.5
1098600 2282.8
1098610 2294.7
1098620 2294.7
1098630 2309.2
1098640 2321.4
1098650 2321.4
1098660 2333.0
1098670 2345.9
1098680 2345.9
1098690 2346.5
1098700 2339.4
1098710 2339.4
1098720 2348.0
1098730 2377.9
1098740 2377.9
1098750 2403.0
1098760 2404.3
1098770 2404.3
1098780 2398.9
1098790 2405.9
1098800 2425.0
1098810 2427.7
1098820 2427.8
1098830 2432.4
1098840 2432.4
1098850 2430.2
1098860 2427.7
1098870 2427.7
1098880 2426.4
1098890 2425.1
1098900 2425.1
1098910 2422.2
1098920 2420.0
1098930 2420.0
1098940 2418.7
1098950 2415.2
1098960 2415.2
1098970 2411.5
1098980 2409.0
1098990 2409.0
1099000 2406.7
1099010 2404.1
1099020 2402.0
1099030 2402.0
1099040 2401.0
1099050 2400.0
1099060 2400.0
1099070 2398.5
1099080 2396.1
1099090 2396.1
1099100 2392.0
1099110 2388.0
1099120 2388.0
1099130 2385.7
1099140 2382.4
1099150 2382.4
1099160 2379.4
1099170 2377.1
1099180 2377.1
1099190 2374.1
1099200 2371.4
1099210 2371.4
1099220 2368.7
1099230 2365.8
1099240 2363.7
1099250 2363.7
1099260 2359.1
1099270 2354.1
1099280 2354.1
1099290 2348.0
1099300 2341.5
1099310 2341.5
1099320 2337.2
1099330 2335.2
1099340 2335.2
1099350 2330.3
1099360 2325.2
1099370 2325.2
1099380 2317.8
1099390 2310.0
1099400 2310.0
1099410 2304.6
1099420 2304.0
1099430 2304.0
1099440 2302.6
1099450 2299.2
1099460 2299.0
1099470 2299.0
1099480 2298.9
1099490 2298.8
1099500 2298.8
1099510 2296.4
1099520 2291.4
1099530 2291.4
1099540 2286.7
1099550 2284.0
1099560 2284.0
1099570 2282.4
1099580 2277.3
1099590 2277.3
1099600 2270.5
1099610 2267.6
1099620 2267.6
1099630 2265.4
1099640 2262.0
1099650 2262.0
1099660 2258.7
1099670 2254.7
1099680 2251.1
1099690 2251.1
1099700 2248.1
1099710 2245.6
1099720 2245.6
1099730 2243.3
1099740 2241.7
1099750 2241.7
1099760 2240.6
1099770 2238.5
1099780 2238.5
1099790 2241.4
1099800 2236.5
1099810 2236.5
1099820 2231.1
1099830 2225.9
1099840 2225.9
1099850 2222.0
1099860 2220.0
1099870 2220.0
1099880 2219.1
1099890 2217.9
1099900 2215.1
1099910 2215.1
1099920 2211.6
1099930 2207.5
1099940 2207.5
1099950 2202.7
1099960 2201.6
1099970 2201.6
1099980 2200.7
1099990 2201.0
