1091860 2267.1
1091870 2267.1
1091880 2272.6
1091890 2278.3
1091900 2278.3
1091910 2284.0
1091920 2289.8
1091930 2289.8
1091940 2295.6
1091950 2301.5
1091960 2301.5
1091970 2307.3
1091980 2313.2
1091990 2319.5
1092000 2319.5
1092010 2325.6
1092020 2328.1
1092030 2328.1
1092040 2333.4
1092050 2338.3
1092060 2338.3
1092070 2342.8
1092080 2347.0
1092090 2347.0
1092100 2349.6
1092110 2350.4
1092120 2350.4
1092130 2351.4
1092140 2351.8
1092150 2351.8
1092160 2350.0
1092170 2346.9
1092180 2346.9
1092190 2343.5
1092200 2337.7
1092210 2331.8
1092220 2331.8
1092230 2328.8
1092240 2330.3
1092250 2330.3
1092260 2331.0
1092270 2331.8
1092280 2331.8
1092290 2332.6
1092300 2332.3
1092310 2332.3
1092320 2330.8
1092330 2328.7
1092340 2328.7
1092350 2323.3
1092360 2327.2
1092370 2327.2
1092380 2330.5
1092390 2332.8
1092400 2332.8
1092410 2333.8
1092420 2334.6
1092430 2335.2
1092440 2335.2
1092450 2334.9
1092460 2334.1
1092470 2334.1
1092480 2332.9
1092490 2332.3
1092500 2332.3
1092510 2333.4
1092520 2334.5
1092530 2334.5
1092540 2334.8
1092550 2334.7
1092560 2334.7
1092570 2334.0
1092580 2333.9
1092590 2333.9
1092600 2334.5
1092610 2337.1
1092620 2337.1
1092630 2341.8
1092640 2346.4
1092650 2349.9
1092660 2349.9
1092670 2345.9
1092680 2347.9
1092690 2347.9
1092700 2349.7
1092710 2351.5
1092720 2351.5
1092730 2352.7
1092740 2353.4
1092750 2353.4
1092760 2353.6
1092770 2352.8
1092780 2352.8
1092790 2351.8
1092800 2351.3
1092810 2351.3
1092820 2353.3
1092830 2357.5
1092840 2357.5
1092850 2359.5
1092860 2357.0
1092870 2357.1
1092880 2357.1
1092890 2360.1
1092900 2362.2
1092910 2362.2
1092920 2363.6
1092930 2366.4
1092940 2366.4
1092950 2368.7
1092960 2370.3
1092970 2370.3
1092980 2372.2
1092990 2367.0
1093000 2367.0
1093010 2368.8
1093020 2369.8
1093030 2369.8
1093040 2369.8
1093050 2370.8
1093060 2370.8
1093070 2376.1
1093080 2380.3
1093090 2395.2
1093100 2395.2
1093110 2420.0
1093120 2438.8
1093130 2438.8
1093140 2444.5
1093150 2450.9
1093160 2450.9
1093170 2457.1
1093180 2462.2
1093190 2462.2
1093200 2466.1
1093210 2470.4
1093220 2470.4
1093230 2474.2
1093240 2479.3
1093250 2479.3
1093260 2482.2
1093270 2485.7
1093280 2485.7
1093290 2491.4
1093300 2494.9
1093310 2501.3
1093320 2482.7
1093330 2488.5
1093340 2479.5
1093350 2479.5
1093360 2450.4
1093370 2437.2
1093380 2437.2
1093390 2435.3
1093400 2435.0
1093410 2435.0
1093420 2437.8
1093430 2430.1
1093440 2430.1
1093450 2421.4
1093460 2408.6
1093470 2408.6
1093480 2409.9
1093490 2411.1
1093500 2411.1
1093510 2399.0
1093520 2393.5
1093530 2377.3
1093540 2377.3
1093550 2361.2
1093560 2354.3
1093570 2354.3
1093580 2349.0
1093590 2338.2
1093600 2338.2
1093610 2328.5
1093620 2317.8
1093630 2317.8
1093640 2311.2
1093650 2305.1
1093660 2305.1
1093670 2299.5
1093680 2293.7
1093690 2293.7
1093700 2288.0
1093710 2282.1
1093720 2275.4
1093730 2275.4
1093740 2268.3
1093750 2262.7
1093760 2262.7
1093770 2261.4
1093780 2261.4
1093790 2261.4
1093800 2263.8
1093810 2267.4
1093820 2267.4
1093830 2269.3
1093840 2270.8
1093850 2270.8
1093860 2272.8
1093870 2275.7
1093880 2275.7
1093890 2278.2
1093900 2284.9
1093910 2284.9
1093920 2290.4
1093930 2290.9
1093940 2291.8
1093950 2291.8
1093960 2291.4
1093970 2292.3
1093980 2292.3
1093990 2293.1
1094000 2294.0
1094010 2294.0
1094020 2293.6
1094030 2295.7
1094040 2295.7
1094050 2297.1
1094060 2292.7
1094070 2292.7
1094080 2283.0
1094090 2273.3
1094100 2273.3
1094110 2263.9
1094120 2259.0
1094130 2259.0
1094140 2254.9
1094150 2245.8
1094160 2237.8
1094170 2237.8
1094180 2227.4
1094190 2214.9
1094200 2214.9
1094210 2203.9
1094220 2195.0
1094230 2195.0
1094240 2185.5
1094250 2182.0
1094260 2182.0
1094270 2181.5
1094280 2179.3
1094290 2185.3
1094300 2180.1
1094310 2175.6
1094320 2175.6
1094330 2172.0
1094340 2169.9
1094350 2169.9
1094360 2168.1
1094370 2168.1
1094380 2167.5
1094390 2167.5
1094400 2164.9
1094410 2162.5
1094420 2162.5
1094430 2164.2
1094440 2162.4
1094450 2162.4
1094460 2156.2
1094470 2148.1
1094480 2148.1
1094490 2141.6
1094500 2136.2
1094510 2136.2
1094520 2131.4
1094530 2129.3
1094540 2129.3
1094550 2127.4
1094560 2123.9
1094570 2123.9
1094580 2119.0
1094590 2114.0
1094600 2108.6
1094610 2108.6
1094620 2110.4
1094630 2110.1
1094640 2110.1
1094650 2111.3
1094660 2113.7
1094670 2113.7
1094680 2115.2
1094690 2114.3
1094700 2114.3
1094710 2112.5
1094720 2112.5
1094730 2112.5
1094740 2111.0
1094750 2109.5
1094760 2109.5
1094770 2108.4
1094780 2107.3
1094790 2107.3
1094800 2105.9
1094810 2105.2
1094820 2105.2
1094830 2105.2
1094840 2104.9
1094850 2104.8
1094860 2104.8
1094870 2104.2
1094880 2104.1
1094890 2104.1
1094900 2103.4
1094910 2103.1
1094920 2103.1
1094930 2102.4
1094940 2108.4
1094950 2108.4
1094960 2107.8
1094970 2107.3
1094980 2107.3
1094990 2107.0
1095000 2105.9
1095010 2105.9
1095020 2104.3
1095030 2104.1
1095040 2115.6
1095050 2115.6
1095060 2129.7
1095070 2131.0
1095080 2131.0
1095090 2133.8
1095100 2139.5
1095110 2139.5
1095120 2172.9
1095130 2218.6
1095140 2218.6
1095150 2251.7
1095160 2282.5
1095170 2282.5
1095180 2316.3
1095190 2323.7
1095200 2323.7
1095210 2323.3
1095220 2323.9
1095230 2323.9
1095240 2324.8
1095250 2326.7
1095260 2327.7
1095270 2335.0
1095280 2336.4
1095290 2337.2
1095300 2337.2
1095310 2336.4
1095320 2335.8
1095330 2335.8
1095340 2335.5
1095350 2349.9
1095360 2349.9
1095370 2385.1
1095380 2387.2
1095390 2387.2
1095400 2386.3
1095410 2383.1
1095420 2383.1
1095430 2388.1
1095440 2384.4
1095450 2384.4
1095460 2379.2
1095470 2374.2
1095480 2363.8
1095490 2363.8
1095500 2353.2
1095510 2344.3
1095520 2344.3
1095530 2322.7
1095540 2312.2
1095550 2312.2
1095560 2311.6
1095570 2310.8
1095580 2310.8
1095590 2315.5
1095600 2314.2
1095610 2314.2
1095620 2314.7
1095630 2313.9
1095640 2313.9
1095650 2315.4
1095660 2318.5
1095670 2322.9
1095680 2322.9
1095690 2326.6
1095700 2329.4
1095710 2329.4
1095720 2333.5
1095730 2339.1
1095740 2339.1
1095750 2344.9
1095760 2364.9
1095770 2364.9
1095780 2402.5
1095790 2407.6
1095800 2407.6
1095810 2413.4
1095820 2422.7
1095830 2422.7
1095840 2473.3
1095850 2490.4
1095860 2490.4
1095870 2493.6
1095880 2494.8
1095890 2492.9
1095900 2492.9
1095910 2490.7
1095920 2496.4
1095930 2496.4
1095940 2497.4
1095950 2497.8
1095960 2497.8
1095970 2498.2
1095980 2497.2
1095990 2497.2
1096000 2495.0
1096010 2494.3
1096020 2494.3
1096030 2492.9
1096040 2491.5
1096050 2491.5
1096060 2491.0
1096070 2491.0
1096080 2491.0
1096090 2490.7
1096100 2489.5
1096110 2488.0
1096120 2488.0
1096130 2486.8
1096140 2485.1
1096150 2485.1
1096160 2483.4
1096170 2479.3
1096180 2479.3
1096190 2473.9
1096200 2467.7
1096210 2467.7
1096220 2464.3
1096230 2461.8
1096240 2461.8
1096250 2467.0
1096260 2466.4
1096270 2466.4
1096280 2467.6
1096290 2468.2
1096300 2468.2
1096310 2466.5
1096320 2466.9
1096330 2469.6
1096340 2469.6
1096350 2470.9
1096360 2469.9
1096370 2469.9
1096380 2469.7
1096390 2471.7
1096400 2471.7
1096410 2473.0
1096420 2473.1
1096430 2473.1
1096440 2472.0
1096450 2469.2
1096460 2469.2
1096470 2468.9
1096480 2466.8
1096490 2466.8
1096500 2462.9
1096510 2460.4
1096520 2460.4
1096530 2458.6
1096540 2456.7
1096550 2454.5
1096560 2454.5
1096570 2454.8
1096580 2453.3
1096590 2453.3
1096600 2452.2
1096610 2451.7
1096620 2451.7
1096630 2448.6
1096640 2448.0
1096650 2448.0
1096660 2446.5
1096670 2444.4
1096680 2444.4
1096690 2442.3
1096700 2441.4
1096710 2441.4
1096720 2441.6
1096730 2441.5
1096740 2441.5
1096750 2440.3
1096760 2439.6
1096770 2440.0
1096780 2440.0
1096790 2441.1
1096800 2442.6
1096810 2442.6
1096820 2444.5
1096830 2449.2
1096840 2449.2
1096850 2449.3
1096860 2447.9
1096870 2447.9
1096880 2448.4
1096890 2447.3
1096900 2441.4
1096910 2439.7
1096920 2438.1
1096930 2438.1
1096940 2438.6
1096950 2437.7
1096960 2437.7
1096970 2434.9
1096980 2433.6
1096990 2432.9
1097000 2432.9
1097010 2432.3
1097020 2431.2
1097030 2431.2
1097040 2429.7
1097050 2429.4
1097060 2429.4
1097070 2429.1
1097080 2428.5
1097090 2428.5
1097100 2426.4
1097110 2425.1
1097120 2425.1
1097130 2424.9
1097140 2423.2
1097150 2423.2
1097160 2423.6
1097170 2423.9
1097180 2423.9
1097190 2425.2
1097200 2426.2
1097210 2425.8
1097220 2425.8
1097230 2428.7
1097240 2426.5
1097250 2426.5
1097260 2426.1
1097270 2426.9
1097280 2426.9
1097290 2426.1
1097300 2425.0
1097310 2425.0
1097320 2423.2
1097330 2422.9
1097340 2422.9
1097350 2422.7
1097360 2420.5
1097370 2420.5
1097380 2416.0
1097390 2412.3
1097400 2407.0
1097410 2407.0
1097420 2402.0
1097430 2399.3
1097440 2399.3
1097450 2398.6
1097460 2397.4
1097470 2397.4
1097480 2394.0
1097490 2392.2
1097500 2392.2
1097510 2388.4
1097520 2384.2
1097530 2384.2
1097540 2379.3
1097550 2375.9
1097560 2375.9
1097570 2372.7
1097580 2368.0
1097590 2368.0
1097600 2364.1
1097610 2358.8
1097620 2352.1
1097630 2352.1
1097640 2340.8
1097650 2329.1
1097660 2329.1
1097670 2318.0
1097680 2303.1
1097690 2303.1
1097700 2294.9
1097710 2288.3
1097720 2288.3
1097730 2282.1
1097740 2277.4
1097750 2277.4
1097760 2271.6
1097770 2268.5
1097780 2268.5
1097790 2266.0
1097800 2263.1
1097810 2263.1
1097820 2261.2
1097830 2259.5
1097840 2257.3
1097850 2257.3
1097860 2255.1
1097870 2253.2
1097880 2247.4
1097890 2246.2
1097900 2245.4
1097910 2245.4
1097920 2245.4
1097930 2246.6
1097940 2246.6
1097950 2248.2
1097960 2249.1
1097970 2249.1
1097980 2251.1
1097990 2252.1
1098000 2252.1
1098010 2253.1
1098020 2254.5
1098030 2254.5
1098040 2255.9
1098050 2258.0
1098060 2264.4
1098070 2264.4
1098080 2268.3
1098090 2270.9
1098100 2270.9
1098110 2273.8
1098120 2268.0
1098130 2268.0
1098140 2261.8
1098150 2257.5
1098160 2257.5
1098170 2253.7
1098180 2251.5
1098190 2251.5
1098200 2248.9
1098210 2239.6
1098220 2239.6
1098230 2237.2
1098240 2234.1
1098250 2234.1
1098260 2231.7
1098270 2228.4
1098280 2224.9
1098290 2224.9
1098300 2222.6
1098310 2220.6
1098320 2220.6
1098330 2217.8
1098340 2215.6
1098350 2215.6
1098360 2213.7
1098370 2212.8
1098380 2212.8
1098390 2212.1
1098400 2211.4
1098410 2211.4
1098420 2210.1
1098430 2209.4
1098440 2209.4
1098450 2208.8
1098460 2208.5
1098470 2208.5
1098480 2208.4
1098490 2207.4
1098500 2205.4
1098510 2205.4
1098520 2205.0
1098530 2204.4
1098540 2200.3
1098550 2201.5
1098560 2202.8
1098570 2202.8
1098580 2201.8
1098590 2198.7
1098600 2198.7
1098610 2197.7
1098620 2196.4
1098630 2196.4
1098640 2197.4
1098650 2201.4
1098660 2201.4
1098670 2203.7
1098680 2202.7
1098690 2202.7
1098700 2200.5
1098710 2198.0
1098720 2196.6
1098730 2196.6
1098740 2195.0
1098750 2194.1
1098760 2194.1
1098770 2193.6
1098780 2192.0
1098790 2192.0
1098800 2190.2
1098810 2188.9
1098820 2188.9
1098830 2186.7
1098840 2183.8
1098850 2183.8
1098860 2180.6
1098870 2174.0
1098880 2174.0
1098890 2171.2
1098900 2169.6
1098910 2169.6
1098920 2168.9
1098930 2167.6
1098940 2165.2
1098950 2165.2
1098960 2163.5
1098970 2163.4
1098980 2163.4
1098990 2163.2
1099000 2161.3
1099010 2161.3
1099020 2159.3
1099030 2158.2
1099040 2158.2
1099050 2157.6
1099060 2158.3
1099070 2158.3
1099080 2159.8
1099090 2161.6
1099100 2161.6
1099110 2162.8
1099120 2164.4
1099130 2164.4
1099140 2169.8
1099150 2174.9
1099160 2176.5
1099170 2176.5
1099180 2178.0
1099190 2164.2
1099200 2164.2
1099210 2166.4
1099220 2170.6
1099230 2170.6
1099240 2174.4
1099250 2177.5
1099260 2177.5
1099270 2179.9
1099280 2183.1
1099290 2183.1
1099300 2187.7
1099310 2190.0
1099320 2190.0
1099330 2191.4
1099340 2193.5
1099350 2196.2
1099360 2196.2
1099370 2199.5
1099380 2201.5
1099390 2201.5
1099400 2203.6
1099410 2206.1
1099420 2206.1
1099430 2208.2
1099440 2211.7
1099450 2211.7
1099460 2216.8
1099470 2222.7
1099480 2222.7
1099490 2227.3
1099500 2232.3
1099510 2232.3
1099520 2235.6
1099530 2236.8
1099540 2236.8
1099550 2235.9
1099560 2235.8
1099570 2237.8
1099580 2237.8
1099590 2239.7
1099600 2241.2
1099610 2241.2
1099620 2241.4
1099630 2240.2
1099640 2240.2
1099650 2237.5
1099660 2236.7
1099670 2236.7
1099680 2237.6
1099690 2240.2
1099700 2240.2
1099710 2240.4
1099720 2239.6
1099730 2239.6
1099740 2234.2
1099750 2225.9
1099760 2225.9
1099770 2218.4
1099780 2208.9
1099790 2204.1
1099800 2204.1
1099810 2205.2
1099820 2206.2
1099830 2206.2
1099840 2206.9
1099850 2208.5
1099860 2208.5
1099870 2208.3
1099880 2205.4
1099890 2205.4
1099900 2202.4
1099910 2202.0
1099920 2202.0
1099930 2201.1
1099940 2198.1
1099950 2198.1
1099960 2193.8
1099970 2190.6
1099980 2190.6
1099990 2187.9
