1091420 2200.8
1091430 2200.8
1091440 2203.7
1091450 2207.5
1091460 2207.5
1091470 2211.2
1091480 2215.0
1091490 2215.0
1091500 2219.3
1091510 2224.0
1091520 2224.0
1091530 2229.0
1091540 2233.9
1091550 2233.9
1091560 2238.9
1091570 2243.7
1091580 2243.7
1091590 2248.5
1091600 2253.6
1091610 2253.6
1091620 2259.1
1091630 2263.8
1091640 2269.0
1091650 2269.0
1091660 2273.0
1091670 2277.8
1091680 2277.8
1091690 2283.6
1091700 2290.0
1091710 2287.3
1091720 2293.4
1091730 2299.3
1091740 2299.3
1091750 2305.3
1091760 2311.3
1091770 2311.3
1091780 2317.2
1091790 2322.7
1091800 2322.7
1091810 2327.9
1091820 2332.0
1091830 2332.0
1091840 2334.6
1091850 2334.8
1091860 2337.5
1091870 2337.5
1091880 2353.6
1091890 2387.8
1091900 2387.8
1091910 2417.5
1091920 2449.4
1091930 2449.4
1091940 2467.2
1091950 2473.9
1091960 2473.9
1091970 2481.8
1091980 2486.5
1091990 2486.5
1092000 2485.8
1092010 2475.1
1092020 2475.1
1092030 2486.9
1092040 2484.2
1092050 2484.2
1092060 2486.4
1092070 2478.6
1092080 2477.5
1092090 2477.5
1092100 2476.5
1092110 2486.6
1092120 2486.6
1092130 2509.7
1092140 2529.5
1092150 2529.5
1092160 2536.8
1092170 2541.2
1092180 2541.2
1092190 2547.0
1092200 2542.3
1092210 2542.3
1092220 2546.9
1092230 2559.1
1092240 2559.1
1092250 2581.5
1092260 2637.5
1092270 2637.5
1092280 2709.1
1092290 2707.8
1092300 2705.6
1092310 2705.6
1092320 2704.0
1092330 2703.3
1092340 2703.3
1092350 2705.2
1092360 2710.0
1092370 2710.0
1092380 2710.9
1092390 2711.7
1092400 2711.7
1092410 2711.9
1092420 2711.2
1092430 2711.2
1092440 2709.9
1092450 2710.9
1092460 2710.9
1092470 2708.1
1092480 2700.2
1092490 2700.2
1092500 2679.8
1092510 2669.0
1092520 2657.4
1092530 2657.4
1092540 2657.5
1092550 2697.7
1092560 2697.7
1092570 2708.2
1092580 2714.2
1092590 2714.2
1092600 2722.3
1092610 2724.5
1092620 2724.5
1092630 2714.2
1092640 2693.5
1092650 2693.5
1092660 2676.7
1092670 2631.3
1092680 2625.6
1092690 2596.9
1092700 2584.0
1092710 2584.0
1092720 2577.9
1092730 2554.3
1092740 2556.6
1092750 2556.6
1092760 2568.1
1092770 2576.7
1092780 2576.7
1092790 2582.9
1092800 2585.8
1092810 2585.8
1092820 2580.0
1092830 2575.0
1092840 2575.0
1092850 2578.8
1092860 2579.7
1092870 2579.7
1092880 2574.2
1092890 2572.8
1092900 2572.8
1092910 2559.5
1092920 2537.1
1092930 2537.1
1092940 2523.6
1092950 2514.6
1092960 2501.1
1092970 2501.1
1092980 2486.2
1092990 2477.6
1093000 2477.6
1093010 2477.6
1093020 2471.3
1093030 2471.3
1093040 2465.2
1093050 2459.4
1093060 2459.4
1093070 2453.6
1093080 2448.4
1093090 2448.4
1093100 2443.5
1093110 2439.0
1093120 2439.0
1093130 2435.9
1093140 2431.6
1093150 2431.6
1093160 2427.3
1093170 2423.9
1093180 2421.1
1093190 2421.1
1093200 2418.8
1093210 2415.1
1093220 2415.1
1093230 2410.6
1093240 2406.3
1093250 2406.3
1093260 2403.6
1093270 2401.2
1093280 2401.2
1093290 2395.8
1093300 2389.4
1093310 2389.4
1093320 2386.5
1093330 2395.4
1093340 2395.4
1093350 2392.5
1093360 2385.3
1093370 2385.3
1093380 2378.5
1093390 2368.9
1093400 2353.1
1093410 2353.1
1093420 2341.9
1093430 2335.5
1093440 2335.5
1093450 2329.0
1093460 2323.4
1093470 2323.4
1093480 2317.9
1093490 2311.5
1093500 2311.5
1093510 2305.4
1093520 2299.9
1093530 2299.9
1093540 2294.8
1093550 2290.2
1093560 2290.2
1093570 2285.6
1093580 2281.1
1093590 2281.1
1093600 2276.8
1093610 2272.7
1093620 2268.3
1093630 2268.3
1093640 2263.8
1093650 2262.5
1093660 2262.5
1093670 2259.5
1093680 2255.8
1093690 2255.8
1093700 2252.1
1093710 2249.9
1093720 2249.9
1093730 2248.8
1093740 2246.3
1093750 2246.3
1093760 2242.9
1093770 2239.1
1093780 2239.1
1093790 2237.0
1093800 2235.0
1093810 2233.9
1093820 2233.9
1093830 2231.1
1093840 2231.0
1093850 2231.0
1093860 2232.0
1093870 2236.7
1093880 2236.7
1093890 2240.0
1093900 2247.2
1093910 2247.2
1093920 2256.9
1093930 2259.4
1093940 2259.4
1093950 2259.0
1093960 2253.9
1093970 2253.9
1093980 2242.6
1093990 2246.2
1094000 2246.2
1094010 2243.4
1094020 2222.1
1094030 2211.8
1094040 2211.8
1094050 2206.7
1094060 2200.6
1094070 2200.6
1094080 2194.2
1094090 2185.8
1094100 2185.8
1094110 2180.3
1094120 2172.4
1094130 2172.4
1094140 2157.9
1094150 2151.9
1094160 2151.9
1094170 2140.6
1094180 2128.0
1094190 2128.0
1094200 2121.2
1094210 2114.3
1094220 2114.3
1094230 2107.4
1094240 2100.5
1094250 2093.6
1094260 2093.6
1094270 2086.8
1094280 2080.0
1094290 2080.0
1094300 2073.2
1094310 2066.7
1094320 2066.7
1094330 2060.3
1094340 2054.4
1094350 2054.4
1094360 2048.7
1094370 2043.7
1094380 2043.7
1094390 2039.8
1094400 2036.0
1094410 2036.0
1094420 2032.3
1094430 2028.4
1094440 2028.4
1094450 2024.2
1094460 2020.2
1094470 2016.4
1094480 2016.4
1094490 2012.7
1094500 2009.2
1094510 2009.2
1094520 2005.8
1094530 2002.6
1094540 2002.6
1094550 1999.1
1094560 1995.8
1094570 1995.8
1094580 1994.2
1094590 1994.6
1094600 1994.6
1094610 1994.5
1094620 1994.2
1094630 1999.0
1094640 1998.6
1094650 1998.3
1094660 1998.3
1094670 1998.0
1094680 1997.6
1094690 1997.1
1094700 1997.1
1094710 1996.5
1094720 1995.9
1094730 1995.9
1094740 1994.7
1094750 1993.1
1094760 1993.1
1094770 1991.8
1094780 1991.6
1094790 1991.6
1094800 1991.4
1094810 1991.3
1094820 1991.3
1094830 1991.2
1094840 1990.3
1094850 1990.3
1094860 1989.4
1094870 1989.1
1094880 1989.1
1094890 1988.4
1094900 1986.8
1094910 1985.6
1094920 1985.6
1094930 1984.6
1094940 1983.1
1094950 1988.6
1094960 1987.9
1094970 1986.2
1094980 1986.2
1094990 1984.6
1095000 1983.3
1095010 1983.3
1095020 1982.3
1095030 1981.9
1095040 1981.9
1095050 1982.7
1095060 1983.6
1095070 1983.6
1095080 1984.6
1095090 1985.2
1095100 1985.2
1095110 1985.4
1095120 1985.5
1095130 1985.1
1095140 1985.1
1095150 1984.3
1095160 1984.7
1095170 1984.7
1095180 1985.7
1095190 1986.8
1095200 1986.8
1095210 1989.1
1095220 1992.4
1095230 1992.4
1095240 1995.7
1095250 1998.6
1095260 1998.6
1095270 2000.8
1095280 2009.3
1095290 2009.3
1095300 2013.2
1095310 2020.4
1095320 2020.4
1095330 2048.4
1095340 2067.3
1095350 2093.3
1095360 2093.3
1095370 2127.4
1095380 2166.4
1095390 2166.4
1095400 2209.2
1095410 2233.6
1095420 2233.6
1095430 2237.9
1095440 2238.2
1095450 2238.2
1095460 2236.5
1095470 2236.0
1095480 2236.0
1095490 2241.1
1095500 2241.8
1095510 2241.8
1095520 2240.8
1095530 2240.4
1095540 2240.4
1095550 2238.7
1095560 2237.1
1095570 2234.3
1095580 2234.3
1095590 2230.0
1095600 2223.2
1095610 2226.8
1095620 2224.5
1095630 2223.6
1095640 2223.6
1095650 2223.6
1095660 2222.8
1095670 2222.8
1095680 2222.7
1095690 2225.5
1095700 2225.5
1095710 2229.9
1095720 2244.4
1095730 2244.4
1095740 2264.3
1095750 2288.8
1095760 2295.3
1095770 2295.3
1095780 2294.8
1095790 2293.7
1095800 2293.7
1095810 2292.5
1095820 2291.7
1095830 2291.7
1095840 2288.7
1095850 2282.9
1095860 2282.9
1095870 2280.9
1095880 2277.9
1095890 2277.9
1095900 2277.8
1095910 2280.8
1095920 2280.8
1095930 2297.2
1095940 2299.6
1095950 2299.6
1095960 2301.5
1095970 2304.0
1095980 2309.0
1095990 2309.0
1096000 2315.0
1096010 2321.0
1096020 2321.0
1096030 2323.6
1096040 2323.7
1096050 2323.7
1096060 2326.3
1096070 2330.6
1096080 2330.6
1096090 2338.7
1096100 2346.1
1096110 2346.1
1096120 2354.1
1096130 2358.9
1096140 2358.9
1096150 2366.2
1096160 2374.7
1096170 2374.7
1096180 2382.3
1096190 2381.7
1096200 2379.3
1096210 2379.3
1096220 2376.6
1096230 2375.5
1096240 2375.5
1096250 2373.3
1096260 2378.3
1096270 2378.3
1096280 2372.2
1096290 2370.2
1096300 2370.2
1096310 2371.7
1096320 2373.0
1096330 2373.0
1096340 2375.5
1096350 2378.4
1096360 2378.4
1096370 2383.3
1096380 2387.8
1096390 2387.8
1096400 2394.4
1096410 2399.5
1096420 2405.2
1096430 2405.2
1096440 2409.8
1096450 2413.2
1096460 2413.2
1096470 2416.7
1096480 2420.6
1096490 2420.6
1096500 2422.1
1096510 2420.4
1096520 2420.4
1096530 2417.8
1096540 2414.4
1096550 2414.4
1096560 2410.1
1096570 2404.0
1096580 2407.2
1096590 2404.8
1096600 2403.3
1096610 2403.3
1096620 2400.3
1096630 2396.9
1096640 2393.7
1096650 2393.7
1096660 2394.2
1096670 2395.1
1096680 2395.1
1096690 2393.7
1096700 2392.8
1096710 2392.8
1096720 2392.0
1096730 2393.1
1096740 2393.1
1096750 2394.9
1096760 2397.2
1096770 2397.2
1096780 2403.5
1096790 2409.9
1096800 2409.9
1096810 2412.4
1096820 2414.3
1096830 2414.3
1096840 2416.2
1096850 2417.6
1096860 2418.9
1096870 2418.9
1096880 2417.4
1096890 2415.1
1096900 2415.1
1096910 2418.9
1096920 2419.7
1096930 2419.7
1096940 2421.4
1096950 2421.0
1096960 2421.0
1096970 2421.3
1096980 2420.3
1096990 2420.3
1097000 2420.6
1097010 2418.4
1097020 2418.4
1097030 2414.7
1097040 2412.0
1097050 2412.0
1097060 2409.1
1097070 2407.1
1097080 2404.9
1097090 2404.9
1097100 2404.4
1097110 2404.3
1097120 2404.3
1097130 2406.8
1097140 2412.3
1097150 2412.3
1097160 2415.2
1097170 2415.1
1097180 2415.1
1097190 2418.0
1097200 2421.7
1097210 2421.7
1097220 2422.7
1097230 2423.9
1097240 2423.1
1097250 2423.3
1097260 2423.6
1097270 2423.6
1097280 2423.6
1097290 2424.1
1097300 2423.9
1097310 2423.9
1097320 2423.1
1097330 2423.4
1097340 2423.4
1097350 2423.4
1097360 2422.7
1097370 2422.7
1097380 2422.2
1097390 2418.3
1097400 2418.3
1097410 2417.0
1097420 2414.9
1097430 2414.9
1097440 2412.8
1097450 2409.8
1097460 2409.8
1097470 2408.3
1097480 2408.5
1097490 2408.5
1097500 2406.8
1097510 2405.9
1097520 2406.3
1097530 2406.3
1097540 2404.1
1097550 2402.8
1097560 2402.8
1097570 2397.3
1097580 2394.7
1097590 2394.7
1097600 2393.2
1097610 2393.6
1097620 2393.6
1097630 2394.3
1097640 2394.6
1097650 2394.6
1097660 2394.4
1097670 2395.2
1097680 2395.2
1097690 2395.1
1097700 2395.0
1097710 2395.0
1097720 2396.7
1097730 2399.5
1097740 2402.7
1097750 2402.7
1097760 2406.3
1097770 2407.7
1097780 2407.7
1097790 2408.6
1097800 2409.4
1097810 2409.4
1097820 2409.4
1097830 2409.2
1097840 2409.2
1097850 2409.1
1097860 2409.2
1097870 2409.2
1097880 2408.2
1097890 2405.1
1097900 2405.1
1097910 2405.2
1097920 2403.9
1097930 2402.3
1097940 2402.3
1097950 2403.6
1097960 2405.0
1097970 2405.0
1097980 2405.4
1097990 2405.7
1098000 2405.7
1098010 2405.1
1098020 2403.5
1098030 2403.5
1098040 2402.3
1098050 2401.7
1098060 2401.7
1098070 2402.5
1098080 2403.8
1098090 2403.8
1098100 2404.5
1098110 2403.8
1098120 2403.8
1098130 2402.8
1098140 2400.8
1098150 2398.5
1098160 2398.5
1098170 2393.2
1098180 2383.6
1098190 2383.6
1098200 2371.6
1098210 2361.9
1098220 2367.6
1098230 2356.8
1098240 2341.8
1098250 2341.8
1098260 2322.1
1098270 2312.2
1098280 2312.2
1098290 2309.0
1098300 2307.0
1098310 2307.0
1098320 2306.9
1098330 2307.6
1098340 2307.6
1098350 2308.6
1098360 2310.5
1098370 2313.5
1098380 2313.5
1098390 2317.0
1098400 2317.4
1098410 2317.4
1098420 2315.8
1098430 2312.2
1098440 2312.2
1098450 2305.9
1098460 2298.9
1098470 2298.9
1098480 2294.1
1098490 2290.1
1098500 2290.1
1098510 2288.7
1098520 2288.9
1098530 2288.9
1098540 2290.3
1098550 2299.2
1098560 2299.2
1098570 2293.0
1098580 2284.7
1098590 2281.3
1098600 2281.3
1098610 2277.9
1098620 2275.9
1098630 2275.9
1098640 2272.9
1098650 2270.1
1098660 2270.1
1098670 2268.0
1098680 2268.4
1098690 2268.4
1098700 2269.0
1098710 2268.8
1098720 2268.8
1098730 2268.2
1098740 2267.0
1098750 2267.0
1098760 2265.8
1098770 2265.2
1098780 2265.2
1098790 2265.7
1098800 2265.8
1098810 2265.4
1098820 2265.4
1098830 2264.7
1098840 2264.7
1098850 2264.7
1098860 2264.7
1098870 2264.2
1098880 2263.6
1098890 2262.2
1098900 2262.8
1098910 2262.8
1098920 2263.6
1098930 2263.6
1098940 2263.6
1098950 2262.5
1098960 2260.5
1098970 2260.5
1098980 2259.2
1098990 2257.6
1099000 2257.6
1099010 2253.1
1099020 2246.7
1099030 2241.4
1099040 2241.4
1099050 2238.0
1099060 2235.8
1099070 2235.8
1099080 2232.3
1099090 2228.8
1099100 2228.8
1099110 2225.1
1099120 2220.1
1099130 2220.1
1099140 2214.4
1099150 2207.6
1099160 2207.6
1099170 2203.4
1099180 2199.3
1099190 2199.3
1099200 2194.4
1099210 2190.1
1099220 2190.1
1099230 2188.0
1099240 2185.9
1099250 2182.3
1099260 2182.3
1099270 2180.3
1099280 2180.2
1099290 2180.2
1099300 2179.4
1099310 2177.0
1099320 2177.0
1099330 2174.6
1099340 2175.6
1099350 2175.6
1099360 2176.2
1099370 2174.8
1099380 2174.8
1099390 2173.4
1099400 2174.3
1099410 2174.3
1099420 2173.4
1099430 2173.5
1099440 2173.5
1099450 2173.8
1099460 2173.1
1099470 2171.1
1099480 2171.1
1099490 2170.0
1099500 2170.3
1099510 2170.3
1099520 2171.5
1099530 2172.7
1099540 2176.0
1099550 2176.4
1099560 2176.8
1099570 2176.8
1099580 2174.3
1099590 2175.7
1099600 2175.7
1099610 2176.0
1099620 2177.3
1099630 2177.3
1099640 2179.9
1099650 2183.9
1099660 2183.9
1099670 2186.2
1099680 2189.2
1099690 2192.5
1099700 2192.5
1099710 2194.4
1099720 2194.7
1099730 2194.7
1099740 2194.1
1099750 2193.9
1099760 2193.9
1099770 2195.8
1099780 2198.5
1099790 2198.5
1099800 2199.9
1099810 2200.1
1099820 2200.1
1099830 2199.2
1099840 2199.4
1099850 2199.4
1099860 2198.9
1099870 2201.9
1099880 2201.9
1099890 2200.1
1099900 2198.2
1099910 2194.7
1099920 2194.7
1099930 2192.2
1099940 2190.9
1099950 2190.9
1099960 2190.8
1099970 2188.8
1099980 2188.8
1099990 2187.7
