1089260 1973.1
1089270 1979.5
1089280 1976.7
1089290 1982.9
1089300 1990.6
1089310 1990.6
1089320 1998.1
1089330 2005.2
1089340 2005.2
1089350 2012.3
1089360 2020.6
1089370 2020.6
1089380 2027.8
1089390 2035.2
1089400 2042.7
1089410 2042.7
1089420 2050.2
1089430 2057.6
1089440 2057.6
1089450 2064.4
1089460 2070.2
1089470 2070.2
1089480 2076.5
1089490 2081.6
1089500 2081.6
1089510 2087.0
1089520 2093.0
1089530 2093.0
1089540 2099.1
1089550 2105.2
1089560 2105.2
1089570 2111.6
1089580 2118.0
1089590 2118.0
1089600 2124.0
1089610 2130.8
1089620 2137.7
1089630 2137.7
1089640 2144.6
1089650 2151.5
1089660 2151.5
1089670 2158.5
1089680 2165.5
1089690 2165.5
1089700 2172.6
1089710 2179.8
1089720 2179.8
1089730 2187.0
1089740 2194.3
1089750 2194.3
1089760 2201.8
1089770 2209.5
1089780 2209.5
1089790 2216.9
1089800 2224.5
1089810 2224.5
1089820 2233.1
1089830 2246.5
1089840 2269.6
1089850 2269.6
1089860 2293.0
1089870 2344.2
1089880 2344.2
1089890 2414.2
1089900 2475.2
1089910 2475.2
1089920 2481.9
1089930 2481.5
1089940 2481.5
1089950 2479.7
1089960 2473.0
1089970 2473.0
1089980 2464.6
1089990 2458.1
1090000 2458.1
1090010 2453.7
1090020 2450.2
1090030 2450.2
1090040 2446.6
1090050 2445.3
1090060 2447.2
1090070 2447.2
1090080 2446.4
1090090 2444.4
1090100 2444.4
1090110 2443.5
1090120 2442.0
1090130 2442.0
1090140 2443.4
1090150 2444.3
1090160 2444.3
1090170 2445.7
1090180 2450.1
1090190 2450.1
1090200 2455.2
1090210 2465.1
1090220 2465.1
1090230 2484.6
1090240 2487.3
1090250 2494.6
1090260 2491.0
1090270 2486.6
1090280 2484.3
1090290 2484.3
1090300 2482.7
1090310 2490.9
1090320 2490.9
1090330 2498.7
1090340 2503.4
1090350 2503.4
1090360 2507.6
1090370 2511.3
1090380 2511.3
1090390 2514.6
1090400 2517.5
1090410 2517.5
1090420 2518.5
1090430 2518.2
1090440 2518.2
1090450 2517.7
1090460 2517.0
1090470 2517.0
1090480 2516.6
1090490 2514.4
1090500 2507.6
1090510 2507.6
1090520 2502.2
1090530 2496.8
1090540 2496.8
1090550 2490.3
1090560 2483.0
1090570 2490.1
1090580 2473.1
1090590 2450.5
1090600 2450.5
1090610 2442.0
1090620 2429.7
1090630 2429.7
1090640 2418.4
1090650 2415.7
1090660 2415.7
1090670 2415.7
1090680 2413.9
1090690 2413.9
1090700 2412.5
1090710 2408.6
1090720 2404.7
1090730 2404.7
1090740 2403.1
1090750 2401.8
1090760 2401.8
1090770 2400.1
1090780 2401.0
1090790 2401.0
1090800 2404.2
1090810 2405.2
1090820 2405.2
1090830 2404.3
1090840 2400.4
1090850 2400.4
1090860 2397.2
1090870 2394.8
1090880 2394.8
1090890 2397.1
1090900 2395.5
1090910 2395.5
1090920 2387.7
1090930 2380.1
1090940 2375.7
1090950 2375.7
1090960 2374.5
1090970 2374.3
1090980 2374.3
1090990 2383.3
1091000 2401.6
1091010 2401.6
1091020 2419.7
1091030 2437.8
1091040 2437.8
1091050 2461.0
1091060 2471.9
1091070 2471.9
1091080 2477.8
1091090 2479.0
1091100 2479.0
1091110 2477.3
1091120 2476.0
1091130 2476.0
1091140 2473.0
1091150 2467.8
1091160 2459.5
1091170 2459.5
1091180 2449.8
1091190 2438.0
1091200 2438.0
1091210 2438.9
1091220 2423.8
1091230 2423.8
1091240 2397.8
1091250 2357.2
1091260 2357.2
1091270 2339.9
1091280 2327.3
1091290 2327.3
1091300 2315.6
1091310 2305.1
1091320 2305.1
1091330 2300.4
1091340 2298.4
1091350 2298.4
1091360 2294.2
1091370 2289.6
1091380 2284.2
1091390 2284.2
1091400 2279.0
1091410 2279.5
1091420 2279.5
1091430 2275.1
1091440 2276.2
1091450 2276.2
1091460 2283.2
1091470 2281.6
1091480 2281.6
1091490 2287.5
1091500 2294.2
1091510 2294.2
1091520 2306.5
1091530 2325.9
1091540 2331.6
1091550 2336.9
1091560 2338.1
1091570 2338.1
1091580 2335.7
1091590 2331.9
1091600 2327.2
1091610 2327.2
1091620 2322.4
1091630 2317.4
1091640 2317.4
1091650 2313.9
1091660 2312.0
1091670 2312.0
1091680 2310.7
1091690 2308.8
1091700 2308.8
1091710 2306.8
1091720 2305.0
1091730 2305.0
1091740 2302.4
1091750 2301.8
1091760 2301.8
1091770 2299.0
1091780 2295.0
1091790 2295.0
1091800 2290.1
1091810 2284.1
1091820 2277.8
1091830 2277.8
1091840 2269.1
1091850 2255.5
1091860 2280.9
1091870 2276.0
1091880 2269.2
1091890 2269.2
1091900 2259.3
1091910 2175.2
1091920 2175.2
1091930 2152.9
1091940 2136.8
1091950 2136.8
1091960 2125.5
1091970 2105.8
1091980 2105.8
1091990 2101.9
1092000 2099.7
1092010 2099.7
1092020 2096.4
1092030 2092.4
1092040 2091.2
1092050 2091.2
1092060 2089.3
1092070 2087.1
1092080 2087.1
1092090 2085.2
1092100 2082.2
1092110 2082.2
1092120 2079.8
1092130 2079.5
1092140 2079.5
1092150 2077.6
1092160 2074.7
1092170 2074.7
1092180 2076.3
1092190 2080.6
1092200 2080.6
1092210 2082.4
1092220 2080.8
1092230 2080.8
1092240 2080.3
1092250 2082.1
1092260 2074.3
1092270 2074.3
1092280 2066.3
1092290 2062.8
1092300 2062.8
1092310 2061.8
1092320 2062.7
1092330 2062.7
1092340 2063.8
1092350 2062.7
1092360 2062.7
1092370 2060.9
1092380 2058.6
1092390 2058.6
1092400 2060.4
1092410 2066.8
1092420 2066.8
1092430 2075.9
1092440 2081.3
1092450 2081.3
1092460 2087.2
1092470 2089.6
1092480 2092.1
1092490 2092.1
1092500 2111.7
1092510 2118.6
1092520 2118.6
1092530 2117.8
1092540 2115.9
1092550 2115.9
1092560 2115.3
1092570 2112.8
1092580 2112.8
1092590 2110.5
1092600 2109.8
1092610 2109.8
1092620 2111.5
1092630 2112.3
1092640 2112.3
1092650 2111.9
1092660 2112.3
1092670 2112.3
1092680 2113.5
1092690 2114.8
1092700 2114.2
1092710 2114.2
1092720 2111.7
1092730 2106.2
1092740 2106.2
1092750 2103.4
1092760 2113.7
1092770 2113.7
1092780 2119.1
1092790 2117.8
1092800 2117.8
1092810 2114.1
1092820 2110.7
1092830 2115.5
1092840 2109.2
1092850 2100.9
1092860 2100.9
1092870 2095.5
1092880 2088.2
1092890 2088.2
1092900 2079.7
1092910 2075.9
1092920 2071.4
1092930 2071.4
1092940 2065.4
1092950 2057.9
1092960 2057.9
1092970 2051.0
1092980 2047.7
1092990 2047.7
1093000 2047.1
1093010 2046.6
1093020 2046.6
1093030 2043.4
1093040 2042.3
1093050 2042.3
1093060 2041.0
1093070 2035.0
1093080 2035.0
1093090 2028.5
1093100 2016.2
1093110 2016.2
1093120 2008.3
1093130 2002.1
1093140 1996.6
1093150 2000.1
1093160 1995.8
1093170 1988.7
1093180 1988.7
1093190 1974.8
1093200 1952.6
1093210 1952.6
1093220 1921.8
1093230 1913.6
1093240 1913.6
1093250 1908.6
1093260 1895.9
1093270 1895.9
1093280 1885.9
1093290 1878.6
1093300 1878.6
1093310 1873.4
1093320 1867.6
1093330 1867.6
1093340 1864.5
1093350 1866.9
1093360 1860.9
1093370 1860.9
1093380 1854.0
1093390 1848.6
1093400 1848.6
1093410 1840.5
1093420 1834.0
1093430 1834.0
1093440 1827.0
1093450 1820.8
1093460 1820.8
1093470 1814.7
1093480 1813.4
1093490 1813.4
1093500 1807.2
1093510 1801.3
1093520 1801.3
1093530 1795.6
1093540 1791.5
1093550 1791.5
1093560 1789.2
1093570 1786.8
1093580 1786.8
1093590 1786.8
1093600 1786.5
1093610 1785.8
1093620 1785.8
1093630 1785.1
1093640 1787.5
1093650 1787.5
1093660 1788.1
1093670 1785.0
1093680 1785.0
1093690 1784.5
1093700 1784.9
1093710 1784.9
1093720 1782.6
1093730 1781.6
1093740 1781.6
1093750 1779.3
1093760 1778.2
1093770 1778.2
1093780 1776.2
1093790 1775.0
1093800 1780.6
1093810 1780.6
1093820 1781.3
1093830 1781.2
1093840 1781.2
1093850 1779.4
1093860 1778.0
1093870 1778.0
1093880 1777.2
1093890 1777.3
1093900 1777.3
1093910 1777.6
1093920 1778.0
1093930 1778.0
1093940 1778.6
1093950 1778.2
1093960 1778.2
1093970 1777.2
1093980 1775.6
1093990 1775.6
1094000 1774.4
1094010 1773.9
1094020 1772.4
1094030 1772.4
1094040 1770.5
1094050 1768.6
1094060 1768.6
1094070 1767.0
1094080 1765.0
1094090 1765.0
1094100 1763.2
1094110 1760.5
1094120 1759.1
1094130 1755.6
1094140 1753.9
1094150 1753.9
1094160 1751.9
1094170 1749.2
1094180 1749.2
1094190 1746.6
1094200 1744.9
1094210 1744.9
1094220 1740.3
1094230 1738.4
1094240 1737.8
1094250 1737.8
1094260 1736.0
1094270 1734.4
1094280 1734.4
1094290 1734.2
1094300 1734.5
1094310 1734.5
1094320 1734.4
1094330 1734.3
1094340 1734.3
1094350 1734.5
1094360 1734.5
1094370 1734.5
1094380 1734.5
1094390 1734.5
1094400 1734.5
1094410 1734.6
1094420 1734.3
1094430 1734.3
1094440 1734.1
1094450 1733.8
1094460 1733.8
1094470 1733.8
1094480 1733.9
1094490 1735.8
1094500 1735.8
1094510 1740.0
1094520 1742.9
1094530 1742.9
1094540 1745.9
1094550 1748.0
1094560 1748.0
1094570 1751.4
1094580 1756.3
1094590 1756.3
1094600 1758.0
1094610 1758.4
1094620 1758.4
1094630 1757.3
1094640 1755.2
1094650 1755.2
1094660 1752.4
1094670 1749.7
1094680 1749.2
1094690 1749.2
1094700 1746.4
1094710 1744.2
1094720 1744.2
1094730 1742.8
1094740 1740.1
1094750 1740.1
1094760 1737.0
1094770 1735.5
1094780 1735.5
1094790 1734.8
1094800 1732.9
1094810 1732.9
1094820 1731.1
1094830 1730.5
1094840 1730.5
1094850 1731.0
1094860 1731.5
1094870 1730.7
1094880 1730.7
1094890 1730.5
1094900 1731.4
1094910 1731.4
1094920 1729.9
1094930 1728.3
1094940 1728.3
1094950 1726.0
1094960 1723.7
1094970 1723.7
1094980 1726.3
1094990 1729.5
1095000 1729.5
1095010 1730.9
1095020 1733.4
1095030 1733.4
1095040 1735.4
1095050 1736.0
1095060 1736.0
1095070 1737.0
1095080 1735.8
1095090 1732.5
1095100 1734.7
1095110 1732.5
1095120 1731.3
1095130 1731.3
1095140 1729.1
1095150 1726.5
1095160 1726.5
1095170 1723.8
1095180 1720.9
1095190 1720.9
1095200 1718.7
1095210 1719.5
1095220 1719.5
1095230 1719.3
1095240 1717.5
1095250 1717.5
1095260 1714.3
1095270 1714.1
1095280 1714.1
1095290 1715.2
1095300 1717.2
1095310 1718.5
1095320 1718.5
1095330 1719.7
1095340 1722.3
1095350 1722.3
1095360 1723.2
1095370 1720.7
1095380 1720.7
1095390 1714.9
1095400 1709.3
1095410 1709.3
1095420 1706.4
1095430 1708.8
1095440 1708.8
1095450 1706.8
1095460 1704.6
1095470 1704.6
1095480 1701.8
1095490 1700.6
1095500 1700.6
1095510 1702.2
1095520 1706.0
1095530 1708.3
1095540 1708.3
1095550 1709.3
1095560 1707.1
1095570 1707.1
1095580 1703.3
1095590 1698.4
1095600 1698.4
1095610 1694.2
1095620 1689.7
1095630 1689.7
1095640 1684.6
1095650 1679.3
1095660 1679.3
1095670 1676.4
1095680 1678.0
1095690 1678.0
1095700 1681.6
1095710 1684.0
1095720 1684.0
1095730 1685.1
1095740 1685.5
1095750 1688.3
1095760 1688.3
1095770 1687.7
1095780 1687.0
1095790 1687.0
1095800 1686.1
1095810 1685.5
1095820 1685.5
1095830 1683.1
1095840 1678.4
1095850 1678.4
1095860 1673.3
1095870 1669.2
1095880 1669.2
1095890 1666.2
1095900 1662.0
1095910 1662.0
1095920 1657.4
1095930 1655.9
1095940 1655.9
1095950 1656.4
1095960 1656.1
1095970 1653.2
1095980 1653.2
1095990 1650.7
1096000 1648.2
1096010 1648.2
1096020 1645.2
1096030 1642.7
1096040 1642.7
1096050 1641.6
1096060 1639.4
1096070 1639.4
1096080 1634.5
1096090 1630.5
1096100 1630.5
1096110 1627.0
1096120 1630.2
1096130 1630.2
1096140 1633.6
1096150 1635.4
1096160 1635.4
1096170 1636.3
1096180 1636.6
1096190 1637.8
1096200 1637.8
1096210 1638.6
1096220 1638.2
1096230 1638.2
1096240 1640.2
1096250 1643.2
1096260 1643.2
1096270 1645.4
1096280 1647.0
1096290 1647.0
1096300 1646.6
1096310 1646.9
1096320 1646.9
1096330 1647.4
1096340 1646.5
1096350 1646.5
1096360 1645.5
1096370 1645.2
1096380 1645.2
1096390 1645.3
1096400 1644.5
1096410 1644.9
1096420 1644.9
1096430 1644.9
1096440 1645.3
1096450 1645.3
1096460 1645.5
1096470 1645.5
1096480 1645.5
1096490 1646.3
1096500 1647.4
1096510 1647.4
1096520 1648.3
1096530 1649.0
1096540 1649.0
1096550 1648.4
1096560 1650.4
1096570 1650.4
1096580 1651.6
1096590 1651.6
1096600 1651.6
1096610 1651.6
1096620 1650.9
1096630 1651.5
1096640 1651.5
1096650 1656.0
1096660 1662.4
1096670 1662.4
1096680 1668.4
1096690 1674.6
1096700 1674.6
1096710 1681.1
1096720 1688.7
1096730 1692.1
1096740 1700.3
1096750 1711.0
1096760 1711.0
1096770 1725.4
1096780 1736.4
1096790 1736.4
1096800 1744.2
1096810 1751.4
1096820 1751.4
1096830 1758.3
1096840 1765.5
1096850 1775.2
1096860 1775.2
1096870 1788.9
1096880 1803.0
1096890 1803.0
1096900 1808.8
1096910 1816.5
1096920 1816.5
1096930 1823.1
1096940 1828.5
1096950 1828.5
1096960 1832.6
1096970 1834.1
1096980 1834.1
1096990 1834.6
1097000 1837.9
1097010 1837.9
1097020 1843.3
1097030 1848.8
1097040 1848.8
1097050 1852.5
1097060 1857.7
1097070 1860.6
1097080 1860.6
1097090 1862.6
1097100 1865.4
1097110 1865.4
1097120 1870.4
1097130 1877.6
1097140 1877.6
1097150 1884.0
1097160 1886.3
1097170 1886.3
1097180 1891.2
1097190 1897.8
1097200 1897.8
1097210 1902.3
1097220 1906.2
1097230 1906.2
1097240 1911.9
1097250 1918.3
1097260 1918.3
1097270 1926.4
1097280 1934.6
1097290 1943.8
1097300 1943.8
1097310 1954.0
1097320 1962.1
1097330 1962.1
1097340 1969.8
1097350 1976.1
1097360 1976.1
1097370 1978.8
1097380 1974.3
1097390 1979.7
1097400 1980.9
1097410 1981.5
1097420 1981.5
1097430 1987.1
1097440 1994.9
1097450 1994.9
1097460 2000.7
1097470 2005.6
1097480 2005.6
1097490 2001.4
1097500 1993.9
1097510 1985.4
1097520 1985.4
1097530 1979.9
1097540 1978.3
1097550 1978.3
1097560 1979.4
1097570 1982.1
1097580 1982.1
1097590 1986.2
1097600 2000.8
1097610 2000.8
1097620 2002.4
1097630 2007.2
1097640 2007.2
1097650 2009.9
1097660 2011.3
1097670 2011.3
1097680 2017.1
1097690 2021.9
1097700 2021.9
1097710 2030.9
1097720 2030.5
1097730 2026.9
1097740 2026.9
1097750 2023.9
1097760 2024.0
1097770 2024.0
1097780 2022.3
1097790 2020.9
1097800 2020.9
1097810 2020.1
1097820 2020.1
1097830 2020.1
1097840 2021.4
1097850 2021.8
1097860 2021.8
1097870 2022.0
1097880 2023.2
1097890 2023.2
1097900 2025.0
1097910 2026.8
1097920 2026.8
1097930 2027.7
1097940 2028.6
1097950 2030.4
1097960 2030.4
1097970 2031.0
1097980 2032.7
1097990 2032.7
1098000 2035.7
1098010 2037.7
1098020 2037.7
1098030 2039.9
1098040 2045.4
1098050 2045.4
1098060 2047.4
1098070 2049.7
1098080 2049.7
1098090 2052.5
1098100 2055.4
1098110 2055.4
1098120 2058.4
1098130 2061.1
1098140 2061.1
1098150 2063.1
1098160 2066.2
1098170 2070.4
1098180 2070.4
1098190 2075.5
1098200 2081.1
1098210 2081.1
1098220 2087.1
1098230 2093.4
1098240 2093.4
1098250 2099.8
1098260 2106.2
1098270 2106.2
1098280 2112.6
1098290 2119.4
1098300 2119.4
1098310 2126.3
1098320 2133.4
1098330 2133.4
1098340 2140.6
1098350 2147.8
1098360 2147.8
1098370 2159.1
1098380 2167.3
1098390 2174.4
1098400 2174.4
1098410 2180.7
1098420 2196.6
1098430 2196.6
1098440 2217.4
1098450 2227.8
1098460 2227.8
1098470 2237.4
1098480 2242.7
1098490 2242.7
1098500 2250.6
1098510 2260.6
1098520 2260.6
1098530 2272.6
1098540 2289.4
1098550 2289.4
1098560 2302.8
1098570 2310.2
1098580 2310.2
1098590 2320.4
1098600 2330.9
1098610 2337.7
1098620 2337.7
1098630 2340.0
1098640 2347.5
1098650 2347.5
1098660 2364.4
1098670 2371.9
1098680 2371.9
1098690 2378.5
1098700 2394.8
1098710 2394.8
1098720 2402.5
1098730 2407.2
1098740 2407.2
1098750 2406.7
1098760 2403.1
1098770 2403.1
1098780 2399.0
1098790 2395.4
1098800 2395.4
1098810 2363.7
1098820 2348.0
1098830 2329.9
1098840 2329.9
1098850 2316.4
1098860 2298.6
1098870 2298.6
1098880 2279.3
1098890 2261.7
1098900 2261.7
1098910 2248.2
1098920 2241.2
1098930 2241.2
1098940 2243.6
1098950 2245.2
1098960 2245.2
1098970 2236.0
1098980 2222.3
1098990 2222.3
1099000 2203.7
1099010 2186.2
1099020 2186.2
1099030 2175.3
1099040 2167.5
1099050 2157.8
1099060 2157.8
1099070 2150.7
1099080 2143.8
1099090 2143.8
1099100 2137.2
1099110 2130.7
1099120 2130.7
1099130 2124.2
1099140 2118.0
1099150 2118.0
1099160 2111.7
1099170 2105.6
1099180 2105.6
1099190 2099.6
1099200 2094.2
1099210 2094.2
1099220 2089.0
1099230 2083.8
1099240 2083.8
1099250 2078.6
1099260 2074.0
1099270 2070.7
1099280 2070.7
1099290 2072.6
1099300 2075.5
1099310 2075.5
1099320 2077.4
1099330 2076.3
1099340 2076.3
1099350 2074.9
1099360 2077.3
1099370 2077.3
1099380 2076.6
1099390 2077.2
1099400 2077.2
1099410 2075.6
1099420 2072.4
1099430 2072.4
1099440 2069.8
1099450 2067.1
1099460 2067.1
1099470 2063.9
1099480 2061.7
1099490 2059.0
1099500 2059.0
1099510 2055.5
1099520 2049.2
1099530 2049.2
1099540 2043.3
1099550 2038.1
1099560 2038.1
1099570 2033.2
1099580 2028.3
1099590 2028.3
1099600 2023.2
1099610 2017.4
1099620 2017.4
1099630 2011.2
1099640 2005.7
1099650 2005.7
1099660 2000.1
1099670 1993.9
1099680 1993.9
1099690 1990.7
1099700 1986.2
1099710 1983.5
1099720 1983.5
1099730 1980.9
1099740 1977.1
1099750 1977.1
1099760 1972.8
1099770 1969.3
1099780 1969.3
1099790 1966.0
1099800 1963.1
1099810 1963.1
1099820 1959.5
1099830 1955.8
1099840 1955.8
1099850 1951.9
1099860 1948.1
1099870 1948.1
1099880 1943.7
1099890 1938.4
1099900 1938.4
1099910 1932.2
1099920 1925.2
1099930 1917.0
1099940 1917.0
1099950 1905.7
1099960 1898.2
1099970 1898.2
1099980 1890.4
1099990 1881.7
