1089520 2060.6
1089530 2066.5
1089540 2066.5
1089550 2073.5
1089560 2081.7
1089570 2081.7
1089580 2088.5
1089590 2095.1
1089600 2101.6
1089610 2101.6
1089620 2107.9
1089630 2115.1
1089640 2115.1
1089650 2121.9
1089660 2128.2
1089670 2128.2
1089680 2134.6
1089690 2141.5
1089700 2141.5
1089710 2149.5
1089720 2160.5
1089730 2160.3
1089740 2168.8
1089750 2176.3
1089760 2176.3
1089770 2183.3
1089780 2190.0
1089790 2190.0
1089800 2197.0
1089810 2204.0
1089820 2212.8
1089830 2212.8
1089840 2250.8
1089850 2270.6
1089860 2270.6
1089870 2282.6
1089880 2296.7
1089890 2296.7
1089900 2312.1
1089910 2328.9
1089920 2328.9
1089930 2347.0
1089940 2364.5
1089950 2364.5
1089960 2387.6
1089970 2420.5
1089980 2420.5
1089990 2486.6
1090000 2517.8
1090010 2517.8
1090020 2519.1
1090030 2513.4
1090040 2512.6
1090050 2512.6
1090060 2518.6
1090070 2516.8
1090080 2516.8
1090090 2515.4
1090100 2515.5
1090110 2515.5
1090120 2517.8
1090130 2515.0
1090140 2515.0
1090150 2512.1
1090160 2510.1
1090170 2510.1
1090180 2510.4
1090190 2512.2
1090200 2512.2
1090210 2513.6
1090220 2516.0
1090230 2516.0
1090240 2520.1
1090250 2522.1
1090260 2524.0
1090270 2524.0
1090280 2525.4
1090290 2528.5
1090300 2528.5
1090310 2531.1
1090320 2532.7
1090330 2532.7
1090340 2532.9
1090350 2538.6
1090360 2538.6
1090370 2544.4
1090380 2559.4
1090390 2559.4
1090400 2560.8
1090410 2565.0
1090420 2565.0
1090430 2568.5
1090440 2569.1
1090450 2569.1
1090460 2569.4
1090470 2568.8
1090480 2568.9
1090490 2568.9
1090500 2567.6
1090510 2564.7
1090520 2564.7
1090530 2561.2
1090540 2556.4
1090550 2556.4
1090560 2549.5
1090570 2543.0
1090580 2543.0
1090590 2533.9
1090600 2525.0
1090610 2525.0
1090620 2511.3
1090630 2498.8
1090640 2498.8
1090650 2484.7
1090660 2474.0
1090670 2474.0
1090680 2470.2
1090690 2466.6
1090700 2467.7
1090710 2467.7
1090720 2467.6
1090730 2469.6
1090740 2469.6
1090750 2467.7
1090760 2465.3
1090770 2465.3
1090780 2465.5
1090790 2465.2
1090800 2465.2
1090810 2464.2
1090820 2462.4
1090830 2462.4
1090840 2459.8
1090850 2455.7
1090860 2455.7
1090870 2451.1
1090880 2449.8
1090890 2449.8
1090900 2450.0
1090910 2450.3
1090920 2450.0
1090930 2450.0
1090940 2448.3
1090950 2450.6
1090960 2450.6
1090970 2454.5
1090980 2456.5
1090990 2456.5
1091000 2461.9
1091010 2482.3
1091020 2502.4
1091030 2518.4
1091040 2544.6
1091050 2544.6
1091060 2554.5
1091070 2560.7
1091080 2560.7
1091090 2563.4
1091100 2566.3
1091110 2566.3
1091120 2570.7
1091130 2570.7
1091140 2547.6
1091150 2547.6
1091160 2535.0
1091170 2529.0
1091180 2529.0
1091190 2519.1
1091200 2491.9
1091210 2491.9
1091220 2468.6
1091230 2460.1
1091240 2460.1
1091250 2453.9
1091260 2443.2
1091270 2443.2
1091280 2432.2
1091290 2427.4
1091300 2427.4
1091310 2419.1
1091320 2415.1
1091330 2415.1
1091340 2422.0
1091350 2422.6
1091360 2425.3
1091370 2425.3
1091380 2427.2
1091390 2428.5
1091400 2428.5
1091410 2433.1
1091420 2438.0
1091430 2438.0
1091440 2441.8
1091450 2444.7
1091460 2444.7
1091470 2454.6
1091480 2486.5
1091490 2486.5
1091500 2504.4
1091510 2503.2
1091520 2503.2
1091530 2498.7
1091540 2488.5
1091550 2488.5
1091560 2480.8
1091570 2474.2
1091580 2467.1
1091590 2467.1
1091600 2462.8
1091610 2461.4
1091620 2461.4
1091630 2461.8
1091640 2464.5
1091650 2464.5
1091660 2463.7
1091670 2470.1
1091680 2470.1
1091690 2465.6
1091700 2464.8
1091710 2464.8
1091720 2463.8
1091730 2459.6
1091740 2459.6
1091750 2454.5
1091760 2449.5
1091770 2449.5
1091780 2443.4
1091790 2437.2
1091800 2415.0
1091810 2415.0
1091820 2397.9
1091830 2387.2
1091840 2387.2
1091850 2376.7
1091860 2351.5
1091870 2351.5
1091880 2272.9
1091890 2188.1
1091900 2188.1
1091910 2167.8
1091920 2161.9
1091930 2161.9
1091940 2155.6
1091950 2151.2
1091960 2151.2
1091970 2146.4
1091980 2142.1
1091990 2142.3
1092000 2142.3
1092010 2142.3
1092020 2141.7
1092030 2141.7
1092040 2141.9
1092050 2143.0
1092060 2143.0
1092070 2144.6
1092080 2146.5
1092090 2146.5
1092100 2146.6
1092110 2147.8
1092120 2147.8
1092130 2150.0
1092140 2151.4
1092150 2151.4
1092160 2152.2
1092170 2152.3
1092180 2152.3
1092190 2151.2
1092200 2151.5
1092210 2155.3
1092220 2155.3
1092230 2161.3
1092240 2165.8
1092250 2165.8
1092260 2165.3
1092270 2162.3
1092280 2162.3
1092290 2159.4
1092300 2152.6
1092310 2157.9
1092320 2150.8
1092330 2144.8
1092340 2144.8
1092350 2140.0
1092360 2139.2
1092370 2139.2
1092380 2139.5
1092390 2139.6
1092400 2139.6
1092410 2139.0
1092420 2139.2
1092430 2137.6
1092440 2137.6
1092450 2134.8
1092460 2132.4
1092470 2132.4
1092480 2132.9
1092490 2132.2
1092500 2132.2
1092510 2130.8
1092520 2130.7
1092530 2130.7
1092540 2130.0
1092550 2130.4
1092560 2130.4
1092570 2133.1
1092580 2136.3
1092590 2136.3
1092600 2137.3
1092610 2137.2
1092620 2137.2
1092630 2135.1
1092640 2136.8
1092650 2134.8
1092660 2134.8
1092670 2133.4
1092680 2134.1
1092690 2134.1
1092700 2133.7
1092710 2130.0
1092720 2130.0
1092730 2128.3
1092740 2128.8
1092750 2128.8
1092760 2127.3
1092770 2127.0
1092780 2127.0
1092790 2126.3
1092800 2125.9
1092810 2125.9
1092820 2124.7
1092830 2121.0
1092840 2121.0
1092850 2115.4
1092860 2111.1
1092870 2110.6
1092880 2110.6
1092890 2107.6
1092900 2104.1
1092910 2104.1
1092920 2101.8
1092930 2100.9
1092940 2100.9
1092950 2100.8
1092960 2100.1
1092970 2100.1
1092980 2098.3
1092990 2095.6
1093000 2095.6
1093010 2093.5
1093020 2093.0
1093030 2093.0
1093040 2092.7
1093050 2093.1
1093060 2093.1
1093070 2093.7
1093080 2092.8
1093090 2091.2
1093100 2091.2
1093110 2089.0
1093120 2086.9
1093130 2086.9
1093140 2078.7
1093150 2019.6
1093160 2019.6
1093170 1977.1
1093180 1966.4
1093190 1966.4
1093200 1960.2
1093210 1956.4
1093220 1956.4
1093230 1953.8
1093240 1952.5
1093250 1952.5
1093260 1948.6
1093270 1943.0
1093280 1952.8
1093290 1944.2
1093300 1941.2
1093310 1937.7
1093320 1937.7
1093330 1927.3
1093340 1921.3
1093350 1921.3
1093360 1919.7
1093370 1916.3
1093380 1916.3
1093390 1911.8
1093400 1905.9
1093410 1905.9
1093420 1899.0
1093430 1892.1
1093440 1892.1
1093450 1886.5
1093460 1882.4
1093470 1882.4
1093480 1876.6
1093490 1871.6
1093500 1871.6
1093510 1866.0
1093520 1860.2
1093530 1854.3
1093540 1854.3
1093550 1849.0
1093560 1844.5
1093570 1844.5
1093580 1839.2
1093590 1834.9
1093600 1834.9
1093610 1835.1
1093620 1832.6
1093630 1832.6
1093640 1829.3
1093650 1827.4
1093660 1827.4
1093670 1825.5
1093680 1824.3
1093690 1824.3
1093700 1822.3
1093710 1820.3
1093720 1820.3
1093730 1818.9
1093740 1817.0
1093750 1814.4
1093760 1814.4
1093770 1811.8
1093780 1808.9
1093790 1808.9
1093800 1805.9
1093810 1802.8
1093820 1802.8
1093830 1799.7
1093840 1796.8
1093850 1796.8
1093860 1793.6
1093870 1790.2
1093880 1790.2
1093890 1787.2
1093900 1787.2
1093910 1787.2
1093920 1787.1
1093930 1787.3
1093940 1787.3
1093950 1787.1
1093960 1787.9
1093970 1787.0
1093980 1787.0
1093990 1785.2
1094000 1783.8
1094010 1783.8
1094020 1782.8
1094030 1779.7
1094040 1779.7
1094050 1776.2
1094060 1774.1
1094070 1774.1
1094080 1771.8
1094090 1768.7
1094100 1768.7
1094110 1766.4
1094120 1764.0
1094130 1764.0
1094140 1762.6
1094150 1761.3
1094160 1761.3
1094170 1760.5
1094180 1757.3
1094190 1753.7
1094200 1753.7
1094210 1751.5
1094220 1750.5
1094230 1750.5
1094240 1749.2
1094250 1748.1
1094260 1749.5
1094270 1748.3
1094280 1747.0
1094290 1747.0
1094300 1745.6
1094310 1744.2
1094320 1744.2
1094330 1743.1
1094340 1741.8
1094350 1741.8
1094360 1740.9
1094370 1740.4
1094380 1740.4
1094390 1739.2
1094400 1738.4
1094410 1738.3
1094420 1738.3
1094430 1738.4
1094440 1740.0
1094450 1740.0
1094460 1744.0
1094470 1750.4
1094480 1750.4
1094490 1756.6
1094500 1761.4
1094510 1761.4
1094520 1764.3
1094530 1765.9
1094540 1765.9
1094550 1763.8
1094560 1759.8
1094570 1759.8
1094580 1759.9
1094590 1757.7
1094600 1757.7
1094610 1754.9
1094620 1754.6
1094630 1753.4
1094640 1753.4
1094650 1752.1
1094660 1750.0
1094670 1750.0
1094680 1745.9
1094690 1741.0
1094700 1741.0
1094710 1736.6
1094720 1731.3
1094730 1731.3
1094740 1729.6
1094750 1727.7
1094760 1727.7
1094770 1726.6
1094780 1727.6
1094790 1727.6
1094800 1730.0
1094810 1731.9
1094820 1731.9
1094830 1736.6
1094840 1740.7
1094850 1745.7
1094860 1745.7
1094870 1751.4
1094880 1756.0
1094890 1756.0
1094900 1757.2
1094910 1754.7
1094920 1754.7
1094930 1754.4
1094940 1755.2
1094950 1755.2
1094960 1754.8
1094970 1755.6
1094980 1755.6
1094990 1753.1
1095000 1749.0
1095010 1749.0
1095020 1751.9
1095030 1755.5
1095040 1755.5
1095050 1756.2
1095060 1755.6
1095070 1754.3
1095080 1754.3
1095090 1752.2
1095100 1749.6
1095110 1749.6
1095120 1747.0
1095130 1746.0
1095140 1746.0
1095150 1745.2
1095160 1743.8
1095170 1743.8
1095180 1743.1
1095190 1743.4
1095200 1743.4
1095210 1743.7
1095220 1743.8
1095230 1744.5
1095240 1743.5
1095250 1745.4
1095260 1745.4
1095270 1748.1
1095280 1750.5
1095290 1750.7
1095300 1750.7
1095310 1749.9
1095320 1749.0
1095330 1749.0
1095340 1748.6
1095350 1748.0
1095360 1748.0
1095370 1746.9
1095380 1745.1
1095390 1745.1
1095400 1742.5
1095410 1739.0
1095420 1739.0
1095430 1735.2
1095440 1732.0
1095450 1732.0
1095460 1729.4
1095470 1726.8
1095480 1726.8
1095490 1724.4
1095500 1724.1
1095510 1723.8
1095520 1723.8
1095530 1724.5
1095540 1726.1
1095550 1726.1
1095560 1727.5
1095570 1727.5
1095580 1727.5
1095590 1726.8
1095600 1725.1
1095610 1725.1
1095620 1721.6
1095630 1717.0
1095640 1717.0
1095650 1712.5
1095660 1708.3
1095670 1708.3
1095680 1703.5
1095690 1699.8
1095700 1699.8
1095710 1695.8
1095720 1693.4
1095730 1690.9
1095740 1690.9
1095750 1685.8
1095760 1680.3
1095770 1680.3
1095780 1675.6
1095790 1673.3
1095800 1673.3
1095810 1674.9
1095820 1675.2
1095830 1675.2
1095840 1675.3
1095850 1673.9
1095860 1673.9
1095870 1672.9
1095880 1675.6
1095890 1675.6
1095900 1677.1
1095910 1677.5
1095920 1677.5
1095930 1677.6
1095940 1677.1
1095950 1677.0
1095960 1677.0
1095970 1677.3
1095980 1677.8
1095990 1677.8
1096000 1678.6
1096010 1679.2
1096020 1679.2
1096030 1679.9
1096040 1680.4
1096050 1680.4
1096060 1679.0
1096070 1676.7
1096080 1676.7
1096090 1673.4
1096100 1669.7
1096110 1669.7
1096120 1666.4
1096130 1666.9
1096140 1666.9
1096150 1668.3
1096160 1669.8
1096170 1670.8
1096180 1670.8
1096190 1670.2
1096200 1668.6
1096210 1675.5
1096220 1674.6
1096230 1674.7
1096240 1674.7
1096250 1675.6
1096260 1679.6
1096270 1679.6
1096280 1683.8
1096290 1686.2
1096300 1686.2
1096310 1685.9
1096320 1683.0
1096330 1683.0
1096340 1680.9
1096350 1680.2
1096360 1680.2
1096370 1677.2
1096380 1673.9
1096390 1672.9
1096400 1672.9
1096410 1671.4
1096420 1666.4
1096430 1666.4
1096440 1663.1
1096450 1663.0
1096460 1663.0
1096470 1662.7
1096480 1662.2
1096490 1662.2
1096500 1662.8
1096510 1663.7
1096520 1663.7
1096530 1665.8
1096540 1668.4
1096550 1668.4
1096560 1670.7
1096570 1673.0
1096580 1673.0
1096590 1675.1
1096600 1677.3
1096610 1678.7
1096620 1678.7
1096630 1680.5
1096640 1681.3
1096650 1681.3
1096660 1682.4
1096670 1684.4
1096680 1684.4
1096690 1686.5
1096700 1688.7
1096710 1688.7
1096720 1691.1
1096730 1695.3
1096740 1695.3
1096750 1699.4
1096760 1704.9
1096770 1704.9
1096780 1709.2
1096790 1713.3
1096800 1713.3
1096810 1717.8
1096820 1722.3
1096830 1726.7
1096840 1726.7
1096850 1730.4
1096860 1731.8
1096870 1731.8
1096880 1736.7
1096890 1740.9
1096900 1740.9
1096910 1745.3
1096920 1750.3
1096930 1750.3
1096940 1755.9
1096950 1762.4
1096960 1762.4
1096970 1769.0
1096980 1775.4
1096990 1775.4
1097000 1781.8
1097010 1788.0
1097020 1788.0
1097030 1794.3
1097040 1800.2
1097050 1806.5
1097060 1806.5
1097070 1813.1
1097080 1820.2
1097090 1820.2
1097100 1828.3
1097110 1842.4
1097120 1842.4
1097130 1855.3
1097140 1864.5
1097150 1864.5
1097160 1871.1
1097170 1876.3
1097180 1876.3
1097190 1877.2
1097200 1885.7
1097210 1885.7
1097220 1892.1
1097230 1899.2
1097240 1899.2
1097250 1906.6
1097260 1914.4
1097270 1921.3
1097280 1921.3
1097290 1925.8
1097300 1927.6
1097310 1927.6
1097320 1932.8
1097330 1937.7
1097340 1937.7
1097350 1944.8
1097360 1951.9
1097370 1951.9
1097380 1959.1
1097390 1963.4
1097400 1963.4
1097410 1969.7
1097420 1975.0
1097430 1975.0
1097440 1980.9
1097450 1988.2
1097460 1996.6
1097470 1996.6
1097480 2003.9
1097490 2010.7
1097500 2010.7
1097510 2017.2
1097520 2015.7
1097530 2015.7
1097540 2023.7
1097550 2030.9
1097560 2030.9
1097570 2037.7
1097580 2045.9
1097590 2045.9
1097600 2054.1
1097610 2061.1
1097620 2061.1
1097630 2068.8
1097640 2079.3
1097650 2079.3
1097660 2086.9
1097670 2090.1
1097680 2093.1
1097690 2093.1
1097700 2096.0
1097710 2100.2
1097720 2100.2
1097730 2105.3
1097740 2111.6
1097750 2111.6
1097760 2117.2
1097770 2120.8
1097780 2120.8
1097790 2125.3
1097800 2130.5
1097810 2130.5
1097820 2130.4
1097830 2131.5
1097840 2131.5
1097850 2136.2
1097860 2141.5
1097870 2141.5
1097880 2143.4
1097890 2141.4
1097900 2136.2
1097910 2136.2
1097920 2128.9
1097930 2125.0
1097940 2125.0
1097950 2123.3
1097960 2124.8
1097970 2124.8
1097980 2126.4
1097990 2124.5
1098000 2124.5
1098010 2119.7
1098020 2113.9
1098030 2113.9
1098040 2109.4
1098050 2105.9
1098060 2105.9
1098070 2103.5
1098080 2103.2
1098090 2103.2
1098100 2104.3
1098110 2106.9
1098120 2108.1
1098130 2108.1
1098140 2110.9
1098150 2111.6
1098160 2111.6
1098170 2118.3
1098180 2120.2
1098190 2120.2
1098200 2123.2
1098210 2125.7
1098220 2125.7
1098230 2129.9
1098240 2133.3
1098250 2133.3
1098260 2136.8
1098270 2139.5
1098280 2139.5
1098290 2141.0
1098300 2144.2
1098310 2144.2
1098320 2149.6
1098330 2155.6
1098340 2162.4
1098350 2162.4
1098360 2169.6
1098370 2176.6
1098380 2176.6
1098390 2184.0
1098400 2191.0
1098410 2191.0
1098420 2198.2
1098430 2205.4
1098440 2205.4
1098450 2213.0
1098460 2220.5
1098470 2220.5
1098480 2228.2
1098490 2233.2
1098500 2238.5
1098510 2244.4
1098520 2249.3
1098530 2249.3
1098540 2256.6
1098550 2273.0
1098560 2286.5
1098570 2286.5
1098580 2295.7
1098590 2309.1
1098600 2309.1
1098610 2321.8
1098620 2329.8
1098630 2329.8
1098640 2337.6
1098650 2345.6
1098660 2345.6
1098670 2356.8
1098680 2370.2
1098690 2370.2
1098700 2384.6
1098710 2400.1
1098720 2400.1
1098730 2413.0
1098740 2423.0
1098750 2423.0
1098760 2418.6
1098770 2408.9
1098780 2401.1
1098790 2401.1
1098800 2394.5
1098810 2380.8
1098820 2380.8
1098830 2365.2
1098840 2354.0
1098850 2354.0
1098860 2343.9
1098870 2336.0
1098880 2336.0
1098890 2328.1
1098900 2318.3
1098910 2318.3
1098920 2308.0
1098930 2298.4
1098940 2298.4
1098950 2293.3
1098960 2286.9
1098970 2286.9
1098980 2278.2
1098990 2263.4
1099000 2250.2
1099010 2250.2
1099020 2232.6
1099030 2218.8
1099040 2218.8
1099050 2208.0
1099060 2199.3
1099070 2199.3
1099080 2190.7
1099090 2180.6
1099100 2180.6
1099110 2170.6
1099120 2163.1
1099130 2163.1
1099140 2155.5
1099150 2149.1
1099160 2148.3
1099170 2141.6
1099180 2135.3
1099190 2135.3
1099200 2130.0
1099210 2124.5
1099220 2119.8
1099230 2119.8
1099240 2118.6
1099250 2117.2
1099260 2117.2
1099270 2117.2
1099280 2118.3
1099290 2118.3
1099300 2118.0
1099310 2116.8
1099320 2116.8
1099330 2113.9
1099340 2113.4
1099350 2113.4
1099360 2114.3
1099370 2113.3
1099380 2113.3
1099390 2108.2
1099400 2102.6
1099410 2102.6
1099420 2095.6
1099430 2089.2
1099440 2082.6
1099450 2082.6
1099460 2077.4
1099470 2073.6
1099480 2073.6
1099490 2073.4
1099500 2070.8
1099510 2070.8
1099520 2068.9
1099530 2066.0
1099540 2066.0
1099550 2062.4
1099560 2058.5
1099570 2058.5
1099580 2054.0
1099590 2049.1
1099600 2049.1
1099610 2044.6
1099620 2039.9
1099630 2039.9
1099640 2035.1
1099650 2031.6
1099660 2029.0
1099670 2029.0
1099680 2026.9
1099690 2024.3
1099700 2024.3
1099710 2021.5
1099720 2017.8
1099730 2017.8
1099740 2013.4
1099750 2009.4
1099760 2009.4
1099770 2004.9
1099780 2000.9
1099790 2000.9
1099800 1997.2
1099810 1992.9
1099820 1994.2
1099830 1989.5
1099840 1986.0
1099850 1986.0
1099860 1984.2
1099870 1981.9
1099880 1979.4
1099890 1979.4
1099900 1977.8
1099910 1976.1
1099920 1976.1
1099930 1973.1
1099940 1970.3
1099950 1970.3
1099960 1967.3
1099970 1963.5
1099980 1963.5
1099990 1958.4
