1089660 2088.6
1089670 2088.6
1089680 2097.0
1089690 2105.3
1089700 2105.3
1089710 2099.7
1089720 2100.0
1089730 2100.0
1089740 2105.8
1089750 2111.7
1089760 2111.7
1089770 2117.3
1089780 2122.8
1089790 2147.5
1089800 2147.5
1089810 2160.7
1089820 2161.1
1089830 2161.1
1089840 2165.2
1089850 2170.4
1089860 2170.4
1089870 2181.3
1089880 2197.0
1089890 2197.0
1089900 2224.6
1089910 2264.7
1089920 2264.7
1089930 2271.8
1089940 2287.4
1089950 2287.4
1089960 2310.3
1089970 2318.6
1089980 2318.6
1089990 2327.2
1090000 2319.5
1090010 2305.4
1090020 2305.4
1090030 2279.1
1090040 2289.0
1090050 2289.0
1090060 2324.3
1090070 2339.8
1090080 2339.8
1090090 2360.2
1090100 2384.4
1090110 2384.4
1090120 2390.8
1090130 2404.1
1090140 2404.1
1090150 2422.4
1090160 2434.2
1090170 2434.2
1090180 2448.0
1090190 2457.9
1090200 2457.9
1090210 2457.7
1090220 2441.8
1090230 2404.5
1090240 2404.5
1090250 2400.8
1090260 2403.6
1090270 2403.6
1090280 2411.1
1090290 2420.2
1090300 2420.2
1090310 2458.0
1090320 2504.9
1090330 2504.9
1090340 2521.8
1090350 2534.7
1090360 2534.7
1090370 2543.5
1090380 2564.0
1090390 2564.0
1090400 2600.4
1090410 2643.5
1090420 2643.5
1090430 2685.7
1090440 2702.1
1090450 2703.5
1090460 2703.5
1090470 2706.4
1090480 2708.8
1090490 2708.8
1090500 2712.0
1090510 2718.5
1090520 2718.5
1090530 2721.6
1090540 2723.4
1090550 2723.4
1090560 2725.2
1090570 2723.8
1090580 2723.8
1090590 2721.6
1090600 2717.1
1090610 2717.1
1090620 2713.1
1090630 2709.1
1090640 2709.1
1090650 2703.7
1090660 2699.2
1090670 2694.5
1090680 2704.4
1090690 2698.8
1090700 2693.7
1090710 2693.7
1090720 2690.0
1090730 2684.6
1090740 2684.6
1090750 2678.8
1090760 2673.1
1090770 2673.1
1090780 2670.4
1090790 2673.6
1090800 2673.6
1090810 2677.1
1090820 2676.0
1090830 2676.0
1090840 2672.3
1090850 2667.8
1090860 2667.8
1090870 2663.7
1090880 2660.6
1090890 2665.6
1090900 2665.6
1090910 2675.4
1090920 2701.0
1090930 2701.0
1090940 2718.0
1090950 2717.8
1090960 2717.8
1090970 2711.8
1090980 2703.5
1090990 2703.5
1091000 2717.0
1091010 2715.4
1091020 2715.4
1091030 2718.1
1091040 2716.5
1091050 2716.5
1091060 2713.1
1091070 2711.2
1091080 2711.2
1091090 2709.8
1091100 2708.7
1091110 2707.6
1091120 2707.6
1091130 2706.5
1091140 2704.0
1091150 2704.0
1091160 2700.2
1091170 2697.1
1091180 2697.1
1091190 2694.8
1091200 2691.4
1091210 2691.4
1091220 2684.0
1091230 2675.1
1091240 2675.1
1091250 2665.8
1091260 2652.2
1091270 2652.2
1091280 2643.2
1091290 2632.9
1091300 2632.9
1091310 2621.1
1091320 2626.4
1091330 2611.0
1091340 2611.0
1091350 2592.7
1091360 2584.2
1091370 2584.2
1091380 2581.1
1091390 2595.1
1091400 2595.1
1091410 2601.4
1091420 2598.5
1091430 2598.5
1091440 2598.5
1091450 2598.7
1091460 2598.7
1091470 2597.5
1091480 2591.9
1091490 2591.9
1091500 2587.0
1091510 2588.0
1091520 2588.0
1091530 2596.1
1091540 2617.7
1091550 2634.8
1091560 2634.8
1091570 2643.0
1091580 2642.9
1091590 2642.9
1091600 2637.0
1091610 2629.3
1091620 2629.3
1091630 2621.0
1091640 2621.9
1091650 2621.9
1091660 2615.2
1091670 2600.6
1091680 2600.6
1091690 2580.5
1091700 2572.4
1091710 2572.4
1091720 2564.6
1091730 2539.4
1091740 2539.4
1091750 2460.4
1091760 2382.9
1091770 2354.6
1091780 2354.6
1091790 2341.0
1091800 2328.7
1091810 2328.7
1091820 2294.4
1091830 2253.2
1091840 2253.2
1091850 2248.6
1091860 2244.2
1091870 2244.2
1091880 2241.2
1091890 2238.7
1091900 2238.7
1091910 2236.2
1091920 2234.2
1091930 2234.2
1091940 2231.8
1091950 2228.3
1091960 2228.3
1091970 2228.7
1091980 2226.8
1091990 2224.9
1092000 2224.9
1092010 2222.6
1092020 2220.1
1092030 2220.1
1092040 2217.3
1092050 2214.5
1092060 2214.5
1092070 2211.2
1092080 2207.5
1092090 2207.5
1092100 2205.4
1092110 2205.4
1092120 2205.4
1092130 2208.8
1092140 2211.4
1092150 2211.4
1092160 2213.9
1092170 2215.9
1092180 2215.8
1092190 2215.8
1092200 2215.5
1092210 2216.7
1092220 2216.7
1092230 2218.1
1092240 2220.2
1092250 2220.2
1092260 2223.1
1092270 2227.1
1092280 2227.1
1092290 2246.9
1092300 2286.3
1092310 2286.3
1092320 2325.9
1092330 2366.3
1092340 2366.3
1092350 2393.2
1092360 2396.6
1092370 2396.6
1092380 2392.1
1092390 2387.8
1092400 2384.2
1092410 2384.2
1092420 2382.4
1092430 2380.6
1092440 2380.6
1092450 2377.1
1092460 2371.6
1092470 2371.6
1092480 2299.1
1092490 2247.3
1092500 2247.3
1092510 2206.1
1092520 2192.6
1092530 2192.6
1092540 2188.8
1092550 2187.9
1092560 2187.9
1092570 2187.7
1092580 2187.6
1092590 2187.6
1092600 2186.4
1092610 2188.4
1092620 2186.4
1092630 2186.4
1092640 2184.5
1092650 2182.1
1092660 2182.1
1092670 2179.2
1092680 2176.2
1092690 2176.2
1092700 2172.4
1092710 2170.4
1092720 2170.4
1092730 2169.0
1092740 2170.6
1092750 2170.6
1092760 2176.1
1092770 2180.2
1092780 2180.2
1092790 2182.3
1092800 2184.6
1092810 2184.6
1092820 2190.5
1092830 2192.6
1092840 2186.5
1092850 2186.5
1092860 2177.9
1092870 2176.1
1092880 2176.1
1092890 2178.8
1092900 2178.5
1092910 2178.5
1092920 2174.9
1092930 2174.8
1092940 2188.2
1092950 2189.0
1092960 2191.7
1092970 2191.7
1092980 2198.1
1092990 2204.5
1093000 2204.5
1093010 2211.6
1093020 2212.2
1093030 2212.2
1093040 2209.8
1093050 2167.3
1093060 2110.0
1093070 2110.0
1093080 2103.2
1093090 2096.9
1093100 2096.9
1093110 2090.1
1093120 2083.5
1093130 2083.5
1093140 2077.6
1093150 2073.5
1093160 2073.5
1093170 2068.9
1093180 2063.3
1093190 2063.3
1093200 2056.9
1093210 2050.1
1093220 2050.1
1093230 2043.3
1093240 2035.3
1093250 2035.3
1093260 2030.0
1093270 2020.5
1093280 2011.0
1093290 2011.0
1093300 2000.0
1093310 1994.2
1093320 1994.2
1093330 1989.8
1093340 1984.5
1093350 1984.5
1093360 1978.9
1093370 1974.9
1093380 1974.9
1093390 1971.1
1093400 1968.0
1093410 1968.0
1093420 1965.1
1093430 1961.4
1093440 1961.4
1093450 1957.6
1093460 1954.5
1093470 1954.5
1093480 1951.1
1093490 1947.7
1093500 1944.5
1093510 1944.5
1093520 1941.5
1093530 1938.5
1093540 1938.5
1093550 1935.7
1093560 1933.3
1093570 1933.3
1093580 1934.5
1093590 1932.7
1093600 1932.7
1093610 1930.7
1093620 1927.4
1093630 1927.4
1093640 1923.7
1093650 1921.0
1093660 1921.0
1093670 1917.0
1093680 1914.2
1093690 1914.2
1093700 1911.4
1093710 1909.0
1093720 1906.1
1093730 1906.1
1093740 1904.1
1093750 1902.4
1093760 1902.4
1093770 1899.4
1093780 1894.7
1093790 1894.7
1093800 1891.2
1093810 1888.3
1093820 1888.3
1093830 1883.5
1093840 1878.3
1093850 1878.3
1093860 1872.7
1093870 1867.3
1093880 1867.3
1093890 1862.6
1093900 1857.7
1093910 1861.9
1093920 1856.8
1093930 1853.1
1093940 1849.5
1093950 1849.5
1093960 1844.1
1093970 1838.2
1093980 1838.2
1093990 1834.6
1094000 1832.8
1094010 1832.8
1094020 1831.2
1094030 1829.9
1094040 1829.9
1094050 1828.0
1094060 1826.4
1094070 1826.4
1094080 1825.2
1094090 1823.4
1094100 1823.4
1094110 1821.9
1094120 1820.0
1094130 1820.0
1094140 1819.0
1094150 1817.1
1094160 1815.1
1094170 1815.1
1094180 1812.7
1094190 1810.2
1094200 1810.2
1094210 1807.6
1094220 1805.0
1094230 1808.6
1094240 1807.0
1094250 1805.9
1094260 1805.9
1094270 1804.4
1094280 1801.8
1094290 1801.8
1094300 1800.3
1094310 1799.1
1094320 1799.1
1094330 1797.9
1094340 1797.1
1094350 1797.1
1094360 1796.1
1094370 1793.8
1094380 1791.4
1094390 1791.4
1094400 1790.9
1094410 1789.5
1094420 1789.5
1094430 1787.6
1094440 1785.3
1094450 1785.3
1094460 1783.6
1094470 1782.9
1094480 1782.9
1094490 1782.1
1094500 1781.2
1094510 1781.2
1094520 1779.9
1094530 1778.3
1094540 1778.3
1094550 1777.8
1094560 1781.1
1094570 1781.1
1094580 1785.7
1094590 1790.9
1094600 1791.5
1094610 1791.5
1094620 1786.5
1094630 1779.7
1094640 1779.7
1094650 1773.0
1094660 1766.0
1094670 1766.0
1094680 1759.5
1094690 1752.9
1094700 1752.9
1094710 1746.5
1094720 1742.5
1094730 1742.5
1094740 1741.6
1094750 1740.1
1094760 1740.1
1094770 1738.9
1094780 1737.7
1094790 1737.7
1094800 1735.6
1094810 1736.7
1094820 1738.0
1094830 1738.0
1094840 1738.5
1094850 1739.2
1094860 1739.2
1094870 1741.0
1094880 1741.3
1094890 1741.3
1094900 1740.0
1094910 1739.5
1094920 1739.5
1094930 1739.5
1094940 1741.2
1094950 1741.2
1094960 1744.2
1094970 1747.6
1094980 1747.6
1094990 1748.8
1095000 1748.9
1095010 1748.9
1095020 1749.5
1095030 1749.1
1095040 1748.1
1095050 1748.1
1095060 1745.4
1095070 1743.1
1095080 1743.1
1095090 1744.5
1095100 1743.5
1095110 1743.5
1095120 1739.8
1095130 1735.2
1095140 1735.2
1095150 1733.6
1095160 1731.8
1095170 1731.8
1095180 1730.5
1095190 1727.9
1095200 1727.9
1095210 1728.2
1095220 1729.0
1095230 1729.0
1095240 1730.9
1095250 1733.1
1095260 1734.3
1095270 1734.3
1095280 1736.4
1095290 1737.0
1095300 1737.0
1095310 1737.6
1095320 1738.5
1095330 1738.5
1095340 1738.5
1095350 1737.7
1095360 1737.7
1095370 1738.8
1095380 1740.3
1095390 1740.3
1095400 1739.6
1095410 1737.4
1095420 1737.4
1095430 1735.9
1095440 1736.4
1095450 1736.4
1095460 1739.0
1095470 1740.7
1095480 1742.3
1095490 1742.3
1095500 1744.1
1095510 1743.2
1095520 1743.2
1095530 1736.9
1095540 1731.3
1095550 1731.3
1095560 1726.5
1095570 1726.2
1095580 1726.2
1095590 1724.3
1095600 1723.2
1095610 1723.2
1095620 1725.3
1095630 1725.8
1095640 1725.8
1095650 1727.1
1095660 1729.0
1095670 1729.0
1095680 1732.1
1095690 1735.2
1095700 1739.3
1095710 1739.3
1095720 1744.0
1095730 1748.6
1095740 1748.6
1095750 1752.5
1095760 1755.6
1095770 1755.6
1095780 1758.4
1095790 1761.7
1095800 1761.7
1095810 1765.6
1095820 1769.4
1095830 1769.4
1095840 1772.7
1095850 1776.3
1095860 1782.3
1095870 1786.7
1095880 1794.3
1095890 1794.3
1095900 1817.4
1095910 1830.6
1095920 1856.0
1095930 1856.0
1095940 1892.8
1095950 1904.5
1095960 1904.5
1095970 1909.8
1095980 1914.2
1095990 1914.2
1096000 1913.8
1096010 1910.4
1096020 1910.4
1096030 1909.4
1096040 1908.7
1096050 1908.7
1096060 1907.1
1096070 1904.7
1096080 1904.7
1096090 1902.8
1096100 1901.8
1096110 1901.8
1096120 1900.8
1096130 1899.5
1096140 1899.0
1096150 1899.0
1096160 1897.2
1096170 1892.2
1096180 1892.2
1096190 1891.2
1096200 1884.1
1096210 1884.1
1096220 1874.2
1096230 1867.9
1096240 1867.9
1096250 1869.2
1096260 1868.2
1096270 1868.2
1096280 1866.3
1096290 1867.7
1096300 1867.7
1096310 1867.3
1096320 1864.3
1096330 1864.3
1096340 1862.8
1096350 1863.3
1096360 1862.4
1096370 1862.4
1096380 1859.0
1096390 1853.2
1096400 1853.2
1096410 1847.3
1096420 1843.8
1096430 1843.8
1096440 1843.0
1096450 1842.4
1096460 1842.4
1096470 1839.9
1096480 1838.7
1096490 1838.7
1096500 1836.5
1096510 1851.0
1096520 1851.0
1096530 1851.3
1096540 1852.1
1096550 1851.9
1096560 1851.9
1096570 1850.3
1096580 1849.2
1096590 1849.2
1096600 1848.0
1096610 1845.8
1096620 1845.8
1096630 1842.6
1096640 1839.7
1096650 1839.7
1096660 1836.5
1096670 1832.3
1096680 1832.3
1096690 1828.0
1096700 1824.4
1096710 1824.4
1096720 1820.9
1096730 1816.9
1096740 1816.9
1096750 1813.7
1096760 1809.9
1096770 1806.4
1096780 1806.4
1096790 1805.1
1096800 1804.6
1096810 1804.6
1096820 1802.9
1096830 1799.9
1096840 1807.5
1096850 1804.2
1096860 1802.3
1096870 1802.3
1096880 1801.6
1096890 1799.6
1096900 1799.6
1096910 1799.1
1096920 1797.5
1096930 1797.5
1096940 1795.5
1096950 1793.8
1096960 1793.8
1096970 1793.2
1096980 1793.1
1096990 1793.1
1097000 1793.1
1097010 1794.7
1097020 1795.0
1097030 1795.0
1097040 1796.3
1097050 1799.0
1097060 1799.0
1097070 1802.0
1097080 1805.8
1097090 1805.8
1097100 1809.3
1097110 1812.1
1097120 1812.1
1097130 1815.6
1097140 1819.6
1097150 1819.6
1097160 1820.8
1097170 1827.1
1097180 1827.1
1097190 1829.1
1097200 1834.9
1097210 1839.1
1097220 1839.1
1097230 1841.9
1097240 1844.6
1097250 1844.6
1097260 1847.3
1097270 1850.3
1097280 1850.3
1097290 1853.4
1097300 1856.6
1097310 1856.6
1097320 1859.6
1097330 1861.7
1097340 1861.7
1097350 1862.2
1097360 1860.5
1097370 1860.5
1097380 1859.6
1097390 1861.3
1097400 1861.3
1097410 1864.5
1097420 1868.2
1097430 1873.3
1097440 1873.3
1097450 1878.5
1097460 1881.5
1097470 1881.5
1097480 1884.2
1097490 1905.5
1097500 1905.5
1097510 1898.4
1097520 1896.1
1097530 1896.1
1097540 1902.8
1097550 1910.3
1097560 1910.3
1097570 1918.9
1097580 1930.0
1097590 1930.0
1097600 1944.7
1097610 1958.2
1097620 1958.2
1097630 1966.7
1097640 1973.6
1097650 1980.7
1097660 1980.7
1097670 1987.7
1097680 1995.0
1097690 1995.0
1097700 2001.9
1097710 2012.0
1097720 2012.0
1097730 2026.4
1097740 2035.9
1097750 2035.9
1097760 2045.5
1097770 2054.9
1097780 2054.9
1097790 2061.1
1097800 2068.9
1097810 2068.9
1097820 2074.7
1097830 2082.0
1097840 2082.0
1097850 2090.2
1097860 2100.9
1097870 2119.0
1097880 2119.0
1097890 2135.4
1097900 2151.1
1097910 2151.1
1097920 2169.0
1097930 2188.4
1097940 2188.4
1097950 2200.6
1097960 2209.6
1097970 2209.6
1097980 2211.7
1097990 2212.0
1098000 2212.0
1098010 2215.0
1098020 2219.7
1098030 2219.7
1098040 2225.6
1098050 2232.4
1098060 2232.4
1098070 2239.8
1098080 2247.2
1098090 2253.7
1098100 2253.7
1098110 2260.5
1098120 2268.7
1098130 2268.7
1098140 2278.2
1098150 2285.5
1098160 2285.5
1098170 2285.9
1098180 2283.7
1098190 2283.7
1098200 2279.4
1098210 2277.3
1098220 2277.3
1098230 2276.6
1098240 2281.7
1098250 2281.7
1098260 2285.6
1098270 2293.2
1098280 2293.2
1098290 2301.5
1098300 2305.2
1098310 2302.9
1098320 2302.9
1098330 2299.2
1098340 2296.6
1098350 2296.6
1098360 2296.5
1098370 2298.5
1098380 2298.5
1098390 2300.4
1098400 2301.2
1098410 2301.2
1098420 2306.2
1098430 2310.6
1098440 2310.6
1098450 2314.9
1098460 2315.8
1098470 2315.8
1098480 2324.7
1098490 2326.4
1098500 2326.4
1098510 2327.2
1098520 2328.6
1098530 2332.9
1098540 2332.9
1098550 2338.1
1098560 2339.2
1098570 2339.2
1098580 2338.4
1098590 2334.5
1098600 2334.5
1098610 2329.8
1098620 2323.6
1098630 2323.6
1098640 2317.0
1098650 2310.6
1098660 2310.6
1098670 2304.7
1098680 2299.2
1098690 2299.2
1098700 2296.7
1098710 2294.1
1098720 2294.1
1098730 2291.3
1098740 2291.0
1098750 2292.3
1098760 2292.3
1098770 2284.6
1098780 2274.3
1098790 2274.3
1098800 2265.5
1098810 2252.1
1098820 2252.1
1098830 2246.8
1098840 2240.4
1098850 2240.4
1098860 2231.8
1098870 2225.7
1098880 2225.7
1098890 2221.3
1098900 2216.5
1098910 2216.5
1098920 2211.1
1098930 2205.8
1098940 2205.8
1098950 2200.3
1098960 2194.1
1098970 2188.5
1098980 2188.5
1098990 2183.1
1099000 2177.6
1099010 2177.6
1099020 2172.4
1099030 2167.3
1099040 2167.3
1099050 2162.0
1099060 2157.7
1099070 2157.7
1099080 2153.5
1099090 2148.2
1099100 2148.2
1099110 2142.8
1099120 2137.0
1099130 2137.0
1099140 2131.8
1099150 2130.0
1099160 2130.0
1099170 2128.2
1099180 2126.3
1099190 2125.0
1099200 2125.0
1099210 2124.3
1099220 2124.1
1099230 2124.1
1099240 2123.9
1099250 2123.6
1099260 2123.6
1099270 2123.5
1099280 2123.7
1099290 2123.7
1099300 2123.7
1099310 2122.9
1099320 2122.9
1099330 2122.1
1099340 2122.0
1099350 2122.0
1099360 2122.0
1099370 2123.2
1099380 2123.2
1099390 2127.4
1099400 2129.4
1099410 2129.1
1099420 2129.1
1099430 2128.1
1099440 2125.7
1099450 2125.7
1099460 2121.3
1099470 2118.4
1099480 2118.4
1099490 2116.5
1099500 2114.0
1099510 2114.0
1099520 2112.2
1099530 2111.3
1099540 2111.3
1099550 2110.2
1099560 2109.6
1099570 2109.6
1099580 2108.5
1099590 2105.2
1099600 2105.2
1099610 2099.5
1099620 2092.9
1099630 2086.5
1099640 2086.5
1099650 2083.8
1099660 2080.8
1099670 2080.8
1099680 2077.3
1099690 2073.0
1099700 2073.0
1099710 2069.3
1099720 2067.1
1099730 2067.1
1099740 2063.8
1099750 2060.9
1099760 2060.9
1099770 2059.1
1099780 2058.9
1099790 2065.6
1099800 2066.3
1099810 2064.4
1099820 2064.4
1099830 2062.3
1099840 2060.4
1099850 2057.0
1099860 2057.0
1099870 2054.5
1099880 2050.8
1099890 2050.8
1099900 2044.9
1099910 2040.3
1099920 2040.3
1099930 2040.0
1099940 2039.4
1099950 2039.4
1099960 2037.5
1099970 2035.3
1099980 2035.3
1099990 2033.5
