1089480 2056.9
1089490 2056.9
1089500 2064.5
1089510 2071.1
1089520 2071.1
1089530 2077.4
1089540 2083.6
1089550 2083.6
1089560 2089.8
1089570 2095.8
1089580 2095.8
1089590 2101.7
1089600 2107.7
1089610 2107.7
1089620 2114.2
1089630 2120.4
1089640 2120.4
1089650 2126.6
1089660 2135.1
1089670 2135.1
1089680 2144.4
1089690 2151.1
1089700 2157.8
1089710 2157.8
1089720 2164.5
1089730 2171.4
1089740 2171.4
1089750 2177.4
1089760 2181.1
1089770 2181.1
1089780 2188.1
1089790 2195.3
1089800 2195.3
1089810 2202.5
1089820 2221.0
1089830 2221.0
1089840 2247.1
1089850 2258.1
1089860 2258.1
1089870 2275.5
1089880 2290.9
1089890 2290.9
1089900 2314.8
1089910 2333.5
1089920 2359.6
1089930 2359.6
1089940 2479.9
1089950 2502.2
1089960 2502.2
1089970 2502.3
1089980 2501.0
1089990 2501.0
1090000 2497.8
1090010 2493.3
1090020 2493.3
1090030 2486.2
1090040 2483.2
1090050 2483.2
1090060 2482.8
1090070 2479.9
1090080 2488.2
1090090 2483.6
1090100 2484.6
1090110 2484.6
1090120 2482.9
1090130 2482.7
1090140 2483.3
1090150 2483.3
1090160 2484.7
1090170 2488.3
1090180 2488.3
1090190 2494.2
1090200 2498.6
1090210 2498.6
1090220 2500.7
1090230 2503.4
1090240 2503.4
1090250 2506.4
1090260 2508.2
1090270 2508.2
1090280 2509.0
1090290 2511.2
1090300 2511.2
1090310 2513.0
1090320 2514.1
1090330 2514.1
1090340 2516.4
1090350 2520.9
1090360 2527.5
1090370 2527.5
1090380 2534.1
1090390 2544.1
1090400 2545.8
1090410 2556.4
1090420 2563.5
1090430 2563.5
1090440 2567.8
1090450 2569.2
1090460 2569.2
1090470 2569.3
1090480 2570.0
1090490 2570.0
1090500 2570.1
1090510 2569.7
1090520 2569.7
1090530 2564.4
1090540 2557.9
1090550 2557.9
1090560 2548.8
1090570 2539.5
1090580 2521.9
1090590 2521.9
1090600 2520.5
1090610 2515.6
1090620 2515.6
1090630 2502.8
1090640 2484.7
1090650 2484.7
1090660 2469.6
1090670 2450.3
1090680 2450.3
1090690 2445.3
1090700 2443.0
1090710 2443.0
1090720 2444.9
1090730 2442.1
1090740 2442.1
1090750 2440.0
1090760 2437.6
1090770 2437.6
1090780 2435.1
1090790 2433.4
1090800 2434.5
1090810 2434.5
1090820 2434.3
1090830 2430.9
1090840 2430.9
1090850 2428.1
1090860 2427.2
1090870 2427.2
1090880 2427.2
1090890 2427.7
1090900 2427.7
1090910 2428.0
1090920 2427.2
1090930 2427.2
1090940 2426.4
1090950 2424.5
1090960 2424.5
1090970 2429.6
1090980 2436.7
1090990 2436.7
1091000 2443.4
1091010 2449.2
1091020 2458.7
1091030 2458.7
1091040 2493.2
1091050 2517.4
1091060 2517.4
1091070 2528.2
1091080 2535.3
1091090 2535.3
1091100 2536.5
1091110 2540.3
1091120 2540.3
1091130 2541.9
1091140 2532.9
1091150 2532.9
1091160 2517.7
1091170 2506.1
1091180 2506.1
1091190 2499.9
1091200 2482.2
1091210 2447.7
1091220 2447.7
1091230 2431.8
1091240 2402.9
1091250 2402.9
1091260 2374.0
1091270 2368.6
1091280 2368.6
1091290 2368.6
1091300 2371.4
1091310 2371.4
1091320 2376.1
1091330 2381.3
1091340 2381.3
1091350 2389.0
1091360 2395.2
1091370 2399.6
1091380 2405.6
1091390 2410.8
1091400 2410.8
1091410 2417.3
1091420 2423.3
1091430 2429.4
1091440 2429.4
1091450 2433.6
1091460 2442.7
1091470 2442.7
1091480 2467.7
1091490 2465.4
1091500 2465.4
1091510 2458.5
1091520 2454.2
1091530 2454.2
1091540 2447.0
1091550 2442.3
1091560 2442.3
1091570 2435.0
1091580 2430.6
1091590 2430.6
1091600 2427.2
1091610 2422.4
1091620 2422.4
1091630 2421.0
1091640 2419.1
1091650 2415.8
1091660 2415.8
1091670 2415.2
1091680 2416.1
1091690 2432.9
1091700 2428.8
1091710 2424.8
1091720 2424.8
1091730 2423.6
1091740 2420.7
1091750 2420.7
1091760 2413.7
1091770 2404.0
1091780 2404.0
1091790 2394.2
1091800 2380.7
1091810 2380.7
1091820 2370.6
1091830 2362.8
1091840 2362.8
1091850 2354.5
1091860 2343.6
1091870 2296.5
1091880 2296.5
1091890 2196.9
1091900 2168.5
1091910 2168.5
1091920 2161.6
1091930 2155.7
1091940 2155.7
1091950 2150.6
1091960 2146.0
1091970 2146.0
1091980 2142.2
1091990 2138.6
1092000 2138.6
1092010 2136.5
1092020 2133.2
1092030 2133.2
1092040 2131.7
1092050 2130.3
1092060 2130.3
1092070 2129.1
1092080 2127.6
1092090 2126.9
1092100 2126.9
1092110 2127.3
1092120 2129.5
1092130 2129.5
1092140 2131.7
1092150 2133.3
1092160 2133.3
1092170 2130.8
1092180 2129.5
1092190 2129.5
1092200 2129.9
1092210 2134.4
1092220 2134.4
1092230 2133.3
1092240 2132.6
1092250 2132.6
1092260 2134.7
1092270 2133.4
1092280 2133.4
1092290 2127.2
1092300 2125.2
1092310 2124.0
1092320 2124.0
1092330 2118.6
1092340 2123.3
1092350 2123.3
1092360 2124.0
1092370 2125.0
1092380 2125.0
1092390 2126.5
1092400 2129.2
1092410 2129.2
1092420 2128.3
1092430 2125.5
1092440 2125.5
1092450 2122.8
1092460 2122.3
1092470 2122.3
1092480 2122.2
1092490 2121.8
1092500 2121.8
1092510 2125.2
1092520 2126.2
1092530 2125.5
1092540 2125.5
1092550 2125.1
1092560 2128.1
1092570 2128.1
1092580 2131.1
1092590 2130.0
1092600 2130.0
1092610 2128.2
1092620 2128.0
1092630 2128.0
1092640 2129.8
1092650 2131.7
1092660 2131.0
1092670 2132.1
1092680 2134.8
1092690 2134.8
1092700 2136.9
1092710 2137.0
1092720 2137.0
1092730 2136.4
1092740 2134.8
1092750 2132.5
1092760 2132.5
1092770 2130.1
1092780 2128.9
1092790 2128.9
1092800 2126.5
1092810 2125.7
1092820 2125.7
1092830 2123.8
1092840 2121.1
1092850 2121.1
1092860 2118.4
1092870 2114.7
1092880 2114.7
1092890 2111.4
1092900 2107.6
1092910 2107.6
1092920 2103.8
1092930 2099.5
1092940 2099.5
1092950 2095.1
1092960 2092.9
1092970 2091.7
1092980 2094.7
1092990 2094.2
1093000 2093.8
1093010 2093.8
1093020 2093.2
1093030 2093.8
1093040 2093.8
1093050 2094.9
1093060 2095.0
1093070 2095.0
1093080 2094.6
1093090 2094.2
1093100 2094.2
1093110 2093.0
1093120 2088.8
1093130 2088.8
1093140 2084.1
1093150 2020.4
1093160 2020.4
1093170 1975.8
1093180 1961.6
1093190 1954.8
1093200 1954.8
1093210 1948.6
1093220 1943.9
1093230 1943.9
1093240 1938.1
1093250 1929.9
1093260 1929.9
1093270 1923.6
1093280 1917.9
1093290 1917.9
1093300 1913.4
1093310 1914.2
1093320 1914.2
1093330 1911.5
1093340 1909.7
1093350 1909.7
1093360 1904.7
1093370 1899.2
1093380 1899.2
1093390 1892.9
1093400 1886.1
1093410 1879.7
1093420 1879.7
1093430 1874.3
1093440 1868.5
1093450 1868.5
1093460 1863.6
1093470 1858.1
1093480 1858.1
1093490 1853.3
1093500 1847.3
1093510 1847.3
1093520 1842.6
1093530 1838.8
1093540 1838.8
1093550 1839.3
1093560 1837.7
1093570 1837.7
1093580 1831.5
1093590 1825.5
1093600 1825.5
1093610 1821.5
1093620 1819.8
1093630 1819.5
1093640 1819.5
1093650 1816.1
1093660 1812.0
1093670 1812.0
1093680 1810.9
1093690 1809.6
1093700 1809.6
1093710 1809.0
1093720 1808.0
1093730 1808.0
1093740 1805.9
1093750 1804.5
1093760 1804.5
1093770 1803.6
1093780 1802.1
1093790 1802.1
1093800 1800.3
1093810 1798.3
1093820 1798.3
1093830 1796.1
1093840 1793.9
1093850 1791.7
1093860 1791.7
1093870 1789.4
1093880 1787.3
1093890 1787.3
1093900 1785.1
1093910 1783.3
1093920 1783.3
1093930 1781.0
1093940 1778.3
1093950 1778.3
1093960 1780.4
1093970 1780.9
1093980 1780.9
1093990 1782.0
1094000 1781.2
1094010 1781.2
1094020 1780.6
1094030 1779.9
1094040 1779.9
1094050 1778.7
1094060 1775.4
1094070 1773.0
1094080 1773.0
1094090 1770.1
1094100 1765.7
1094110 1765.7
1094120 1762.5
1094130 1761.6
1094140 1761.6
1094150 1761.7
1094160 1760.3
1094170 1760.3
1094180 1758.8
1094190 1756.3
1094200 1756.3
1094210 1753.9
1094220 1753.3
1094230 1753.3
1094240 1751.8
1094250 1745.7
1094260 1745.7
1094270 1741.9
1094280 1741.9
1094290 1740.9
1094300 1740.9
1094310 1740.1
1094320 1739.0
1094330 1739.0
1094340 1739.1
1094350 1739.7
1094360 1739.7
1094370 1735.2
1094380 1734.2
1094390 1734.2
1094400 1734.2
1094410 1734.5
1094420 1734.5
1094430 1736.8
1094440 1743.1
1094450 1743.1
1094460 1747.7
1094470 1750.4
1094480 1750.4
1094490 1752.0
1094500 1756.2
1094510 1759.4
1094520 1759.4
1094530 1761.9
1094540 1762.2
1094550 1762.2
1094560 1760.5
1094570 1757.7
1094580 1757.7
1094590 1756.4
1094600 1753.2
1094610 1753.7
1094620 1752.7
1094630 1750.5
1094640 1750.5
1094650 1747.3
1094660 1744.3
1094670 1744.3
1094680 1740.4
1094690 1736.0
1094700 1736.0
1094710 1732.6
1094720 1733.1
1094730 1732.9
1094740 1732.9
1094750 1731.5
1094760 1732.5
1094770 1732.5
1094780 1732.1
1094790 1731.2
1094800 1731.2
1094810 1730.4
1094820 1730.9
1094830 1730.9
1094840 1733.3
1094850 1737.9
1094860 1737.9
1094870 1739.9
1094880 1741.8
1094890 1741.8
1094900 1744.1
1094910 1744.9
1094920 1744.9
1094930 1744.5
1094940 1742.7
1094950 1743.9
1094960 1743.9
1094970 1745.9
1094980 1747.9
1094990 1747.9
1095000 1749.1
1095010 1749.4
1095020 1749.4
1095030 1748.9
1095040 1751.3
1095050 1751.3
1095060 1752.5
1095070 1752.0
1095080 1752.0
1095090 1748.5
1095100 1743.7
1095110 1743.7
1095120 1740.2
1095130 1738.3
1095140 1738.3
1095150 1736.8
1095160 1738.1
1095170 1740.3
1095180 1740.3
1095190 1742.0
1095200 1744.4
1095210 1744.4
1095220 1745.1
1095230 1743.4
1095240 1743.4
1095250 1743.4
1095260 1747.4
1095270 1747.4
1095280 1749.2
1095290 1750.7
1095300 1750.7
1095310 1751.4
1095320 1752.8
1095330 1752.8
1095340 1752.5
1095350 1751.8
1095360 1751.8
1095370 1750.3
1095380 1747.9
1095390 1744.5
1095400 1744.5
1095410 1739.5
1095420 1733.0
1095430 1733.0
1095440 1726.5
1095450 1720.7
1095460 1720.7
1095470 1718.3
1095480 1719.1
1095490 1719.1
1095500 1719.8
1095510 1721.1
1095520 1721.1
1095530 1724.9
1095540 1728.5
1095550 1728.5
1095560 1732.2
1095570 1735.1
1095580 1735.7
1095590 1737.2
1095600 1737.0
1095610 1733.6
1095620 1733.6
1095630 1727.0
1095640 1720.1
1095650 1720.1
1095660 1713.2
1095670 1706.8
1095680 1706.8
1095690 1700.6
1095700 1694.9
1095710 1694.9
1095720 1690.7
1095730 1688.8
1095740 1688.8
1095750 1686.6
1095760 1685.1
1095770 1685.1
1095780 1685.0
1095790 1685.0
1095800 1685.0
1095810 1683.2
1095820 1680.5
1095830 1678.2
1095840 1678.2
1095850 1675.4
1095860 1672.0
1095870 1672.0
1095880 1667.5
1095890 1663.4
1095900 1663.4
1095910 1659.1
1095920 1657.3
1095930 1657.3
1095940 1655.6
1095950 1655.0
1095960 1655.0
1095970 1653.0
1095980 1651.7
1095990 1651.7
1096000 1651.8
1096010 1651.8
1096020 1651.8
1096030 1650.9
1096040 1650.4
1096050 1649.9
1096060 1649.9
1096070 1648.8
1096080 1647.3
1096090 1647.3
1096100 1648.3
1096110 1650.9
1096120 1650.9
1096130 1651.9
1096140 1652.7
1096150 1652.7
1096160 1655.5
1096170 1657.5
1096180 1657.5
1096190 1659.1
1096200 1659.3
1096210 1659.3
1096220 1658.6
1096230 1657.4
1096240 1658.6
1096250 1657.5
1096260 1654.4
1096270 1652.0
1096280 1652.0
1096290 1650.6
1096300 1650.0
1096310 1650.0
1096320 1650.5
1096330 1650.6
1096340 1650.6
1096350 1650.0
1096360 1650.5
1096370 1650.5
1096380 1651.5
1096390 1652.5
1096400 1652.5
1096410 1653.3
1096420 1654.4
1096430 1654.4
1096440 1655.8
1096450 1657.5
1096460 1657.5
1096470 1659.2
1096480 1660.7
1096490 1662.0
1096500 1662.0
1096510 1663.5
1096520 1665.3
1096530 1665.3
1096540 1667.0
1096550 1668.5
1096560 1669.1
1096570 1670.6
1096580 1671.3
1096590 1671.3
1096600 1672.4
1096610 1673.6
1096620 1673.6
1096630 1673.6
1096640 1674.4
1096650 1674.4
1096660 1677.4
1096670 1683.8
1096680 1683.8
1096690 1690.4
1096700 1696.2
1096710 1702.4
1096720 1702.4
1096730 1709.0
1096740 1715.2
1096750 1715.2
1096760 1721.4
1096770 1726.7
1096780 1726.7
1096790 1731.3
1096800 1736.1
1096810 1736.1
1096820 1739.8
1096830 1744.4
1096840 1744.4
1096850 1750.1
1096860 1755.0
1096870 1755.0
1096880 1758.8
1096890 1757.0
1096900 1757.0
1096910 1761.8
1096920 1768.2
1096930 1775.3
1096940 1775.3
1096950 1779.6
1096960 1785.8
1096970 1785.8
1096980 1792.5
1096990 1798.6
1097000 1798.6
1097010 1805.0
1097020 1815.4
1097030 1815.4
1097040 1821.5
1097050 1828.4
1097060 1828.4
1097070 1837.3
1097080 1842.9
1097090 1842.9
1097100 1848.4
1097110 1856.1
1097120 1856.1
1097130 1865.6
1097140 1873.9
1097150 1882.0
1097160 1882.0
1097170 1890.7
1097180 1899.2
1097190 1899.2
1097200 1906.2
1097210 1915.2
1097220 1911.7
1097230 1922.1
1097240 1932.0
1097250 1932.0
1097260 1938.9
1097270 1944.8
1097280 1944.8
1097290 1949.5
1097300 1950.1
1097310 1950.1
1097320 1952.6
1097330 1954.6
1097340 1960.1
1097350 1960.1
1097360 1967.8
1097370 1973.7
1097380 1973.7
1097390 1978.4
1097400 1981.3
1097410 1981.3
1097420 1986.1
1097430 1991.3
1097440 1991.3
1097450 1997.6
1097460 2004.5
1097470 2004.5
1097480 2012.6
1097490 2020.6
1097500 2020.6
1097510 2026.8
1097520 2031.5
1097530 2031.5
1097540 2038.7
1097550 2042.8
1097560 2046.8
1097570 2046.8
1097580 2053.1
1097590 2060.3
1097600 2060.3
1097610 2068.4
1097620 2073.3
1097630 2073.3
1097640 2078.6
1097650 2085.8
1097660 2085.8
1097670 2090.3
1097680 2091.0
1097690 2091.0
1097700 2091.3
1097710 2090.9
1097720 2090.9
1097730 2090.6
1097740 2095.4
1097750 2095.4
1097760 2103.7
1097770 2111.6
1097780 2113.5
1097790 2113.5
1097800 2110.0
1097810 2108.8
1097820 2108.8
1097830 2106.7
1097840 2104.3
1097850 2104.3
1097860 2104.8
1097870 2108.8
1097880 2108.8
1097890 2104.5
1097900 2100.8
1097910 2100.8
1097920 2096.3
1097930 2093.1
1097940 2093.1
1097950 2090.5
1097960 2091.0
1097970 2091.0
1097980 2092.6
1097990 2092.6
1098000 2088.5
1098010 2088.5
1098020 2084.6
1098030 2081.2
1098040 2081.2
1098050 2080.0
1098060 2080.0
1098070 2080.0
1098080 2083.2
1098090 2087.2
1098100 2087.2
1098110 2088.4
1098120 2089.1
1098130 2089.1
1098140 2090.2
1098150 2092.6
1098160 2092.6
1098170 2095.5
1098180 2098.3
1098190 2098.3
1098200 2104.9
1098210 2106.9
1098220 2110.2
1098230 2110.2
1098240 2113.4
1098250 2117.4
1098260 2117.4
1098270 2122.8
1098280 2128.8
1098290 2128.8
1098300 2135.1
1098310 2141.1
1098320 2141.1
1098330 2147.6
1098340 2154.0
1098350 2154.0
1098360 2160.3
1098370 2166.4
1098380 2166.4
1098390 2172.7
1098400 2179.9
1098410 2179.9
1098420 2190.8
1098430 2202.2
1098440 2209.6
1098450 2209.6
1098460 2216.6
1098470 2226.9
1098480 2226.9
1098490 2238.8
1098500 2253.8
1098510 2253.8
1098520 2266.4
1098530 2273.5
1098540 2273.5
1098550 2284.2
1098560 2295.9
1098570 2295.9
1098580 2308.7
1098590 2318.2
1098600 2318.2
1098610 2326.0
1098620 2335.2
1098630 2335.2
1098640 2351.6
1098650 2366.8
1098660 2382.5
1098670 2382.5
1098680 2395.1
1098690 2404.2
1098700 2404.2
1098710 2432.8
1098720 2451.3
1098730 2451.3
1098740 2458.5
1098750 2455.0
1098760 2455.0
1098770 2444.3
1098780 2427.5
1098790 2427.5
1098800 2415.8
1098810 2391.1
1098820 2391.1
1098830 2372.0
1098840 2366.9
1098850 2366.9
1098860 2355.3
1098870 2340.4
1098880 2332.3
1098890 2332.3
1098900 2321.0
1098910 2306.7
1098920 2306.7
1098930 2287.9
1098940 2282.0
1098950 2282.0
1098960 2271.8
1098970 2260.3
1098980 2260.3
1098990 2248.5
1099000 2238.9
1099010 2238.9
1099020 2230.9
1099030 2217.7
1099040 2217.7
1099050 2205.8
1099060 2197.1
1099070 2197.1
1099080 2191.3
1099090 2184.8
1099100 2175.2
1099110 2175.2
1099120 2161.3
1099130 2154.4
1099140 2154.4
1099150 2148.3
1099160 2142.5
1099170 2142.5
1099180 2136.8
1099190 2132.0
1099200 2132.0
1099210 2126.7
1099220 2121.9
1099230 2121.9
1099240 2118.6
1099250 2115.2
1099260 2115.2
1099270 2111.1
1099280 2108.2
1099290 2108.2
1099300 2106.7
1099310 2104.3
1099320 2100.1
1099330 2100.1
1099340 2095.2
1099350 2090.6
1099360 2090.6
1099370 2086.9
1099380 2082.1
1099390 2082.1
1099400 2076.8
1099410 2071.8
1099420 2071.8
1099430 2067.6
1099440 2064.4
1099450 2064.4
1099460 2061.9
1099470 2058.8
1099480 2058.8
1099490 2056.9
1099500 2055.2
1099510 2058.7
1099520 2056.5
1099530 2055.1
1099540 2054.6
1099550 2054.6
1099560 2054.2
1099570 2052.3
1099580 2052.3
1099590 2049.1
1099600 2044.7
1099610 2044.7
1099620 2039.9
1099630 2035.4
1099640 2035.4
1099650 2030.3
1099660 2025.8
1099670 2025.8
1099680 2022.5
1099690 2020.1
1099700 2020.1
1099710 2017.6
1099720 2013.9
1099730 2013.9
1099740 2007.8
1099750 2001.8
1099760 1996.8
1099770 1996.8
1099780 1993.6
1099790 1991.3
1099800 1991.3
1099810 1987.8
1099820 1985.3
1099830 1985.3
1099840 1985.1
1099850 1981.9
1099860 1981.9
1099870 1979.3
1099880 1975.7
1099890 1975.7
1099900 1972.0
1099910 1969.3
1099920 1969.3
1099930 1964.5
1099940 1960.0
1099950 1960.0
1099960 1953.4
1099970 1947.1
1099980 1939.4
1099990 1939.4
