1084610 2125.2
1084620 2125.2
1084630 2125.6
1084640 2127.1
1084650 2127.1
1084660 2129.8
1084670 2132.5
1084680 2132.5
1084690 2135.2
1084700 2138.1
1084710 2138.1
1084720 2141.0
1084730 2144.2
1084740 2147.6
1084750 2147.6
1084760 2151.6
1084770 2156.1
1084780 2156.1
1084790 2159.9
1084800 2164.1
1084810 2164.1
1084820 2168.5
1084830 2173.4
1084840 2171.8
1084850 2176.4
1084860 2181.2
1084870 2181.2
1084880 2186.3
1084890 2190.6
1084900 2190.6
1084910 2196.0
1084920 2201.6
1084930 2201.6
1084940 2208.2
1084950 2215.2
1084960 2222.2
1084970 2222.2
1084980 2230.5
1084990 2239.1
1085000 2239.1
1085010 2246.7
1085020 2253.3
1085030 2253.3
1085040 2261.2
1085050 2271.7
1085060 2271.7
1085070 2280.8
1085080 2283.3
1085090 2283.3
1085100 2283.5
1085110 2283.4
1085120 2283.4
1085130 2282.6
1085140 2281.9
1085150 2281.9
1085160 2271.8
1085170 2269.3
1085180 2267.9
1085190 2267.9
1085200 2268.1
1085210 2267.8
1085220 2267.8
1085230 2267.1
1085240 2267.7
1085250 2267.7
1085260 2269.5
1085270 2268.4
1085280 2268.4
1085290 2265.8
1085300 2262.6
1085310 2262.6
1085320 2258.8
1085330 2258.1
1085340 2258.1
1085350 2260.5
1085360 2258.2
1085370 2258.2
1085380 2256.2
1085390 2256.4
1085400 2255.2
1085410 2255.2
1085420 2253.9
1085430 2253.1
1085440 2253.1
1085450 2252.1
1085460 2250.0
1085470 2246.3
1085480 2244.2
1085490 2244.8
1085500 2244.8
1085510 2244.5
1085520 2243.0
1085530 2243.0
1085540 2241.2
1085550 2239.7
1085560 2239.7
1085570 2239.1
1085580 2238.5
1085590 2238.5
1085600 2239.0
1085610 2239.1
1085620 2238.7
1085630 2238.7
1085640 2239.2
1085650 2237.6
1085660 2237.6
1085670 2236.2
1085680 2237.0
1085690 2237.0
1085700 2238.5
1085710 2240.7
1085720 2240.7
1085730 2242.7
1085740 2243.6
1085750 2243.6
1085760 2244.3
1085770 2243.3
1085780 2243.3
1085790 2240.6
1085800 2239.5
1085810 2239.5
1085820 2238.4
1085830 2238.2
1085840 2238.8
1085850 2238.8
1085860 2241.9
1085870 2242.5
1085880 2242.5
1085890 2240.4
1085900 2237.2
1085910 2237.2
1085920 2236.1
1085930 2238.8
1085940 2238.8
1085950 2240.1
1085960 2240.8
1085970 2240.8
1085980 2242.3
1085990 2243.9
1086000 2243.9
1086010 2246.1
1086020 2248.1
1086030 2248.1
1086040 2250.2
1086050 2253.0
1086060 2256.5
1086070 2256.5
1086080 2260.7
1086090 2264.9
1086100 2264.9
1086110 2263.7
1086120 2268.7
1086130 2268.7
1086140 2273.3
1086150 2277.1
1086160 2277.1
1086170 2281.1
1086180 2285.3
1086190 2285.3
1086200 2289.0
1086210 2291.8
1086220 2291.8
1086230 2293.7
1086240 2295.3
1086250 2295.3
1086260 2295.9
1086270 2294.5
1086280 2294.8
1086290 2294.8
1086300 2296.8
1086310 2298.2
1086320 2298.2
1086330 2298.0
1086340 2296.1
1086350 2296.1
1086360 2292.8
1086370 2289.6
1086380 2289.6
1086390 2287.4
1086400 2284.5
1086410 2284.5
1086420 2282.9
1086430 2273.9
1086440 2273.9
1086450 2271.5
1086460 2270.6
1086470 2270.6
1086480 2273.9
1086490 2278.4
1086500 2279.6
1086510 2279.6
1086520 2280.0
1086530 2279.7
1086540 2279.7
1086550 2282.4
1086560 2286.2
1086570 2286.2
1086580 2290.2
1086590 2293.9
1086600 2293.9
1086610 2297.2
1086620 2300.2
1086630 2300.2
1086640 2303.1
1086650 2306.0
1086660 2306.0
1086670 2309.6
1086680 2313.5
1086690 2313.5
1086700 2317.9
1086710 2322.5
1086720 2328.0
1086730 2328.0
1086740 2334.6
1086750 2339.4
1086760 2339.4
1086770 2346.0
1086780 2351.6
1086790 2351.6
1086800 2357.2
1086810 2358.0
1086820 2358.0
1086830 2355.6
1086840 2353.1
1086850 2353.1
1086860 2350.5
1086870 2349.3
1086880 2349.3
1086890 2349.4
1086900 2349.2
1086910 2349.2
1086920 2342.7
1086930 2333.0
1086940 2328.7
1086950 2328.7
1086960 2326.8
1086970 2320.6
1086980 2320.6
1086990 2310.9
1087000 2303.0
1087010 2303.0
1087020 2298.8
1087030 2293.9
1087040 2293.9
1087050 2289.3
1087060 2285.2
1087070 2279.3
1087080 2274.1
1087090 2269.3
1087100 2269.3
1087110 2264.3
1087120 2261.3
1087130 2261.3
1087140 2253.0
1087150 2248.7
1087160 2243.8
1087170 2243.8
1087180 2236.0
1087190 2231.0
1087200 2231.0
1087210 2226.2
1087220 2223.6
1087230 2223.6
1087240 2222.5
1087250 2223.7
1087260 2223.7
1087270 2224.2
1087280 2224.0
1087290 2224.0
1087300 2222.3
1087310 2220.0
1087320 2220.0
1087330 2217.7
1087340 2213.9
1087350 2213.9
1087360 2209.8
1087370 2206.0
1087380 2198.6
1087390 2198.6
1087400 2197.8
1087410 2196.1
1087420 2196.1
1087430 2193.8
1087440 2191.5
1087450 2191.5
1087460 2188.6
1087470 2185.3
1087480 2185.3
1087490 2181.7
1087500 2177.4
1087510 2177.4
1087520 2173.1
1087530 2168.1
1087540 2168.1
1087550 2162.8
1087560 2157.7
1087570 2157.7
1087580 2152.8
1087590 2149.3
1087600 2149.1
1087610 2149.1
1087620 2150.2
1087630 2151.1
1087640 2151.1
1087650 2151.4
1087660 2152.0
1087670 2152.0
1087680 2152.8
1087690 2153.1
1087700 2146.7
1087710 2146.1
1087720 2145.4
1087730 2145.4
1087740 2144.3
1087750 2141.0
1087760 2141.0
1087770 2138.2
1087780 2135.8
1087790 2135.8
1087800 2134.9
1087810 2133.6
1087820 2131.9
1087830 2131.9
1087840 2130.4
1087850 2129.6
1087860 2129.6
1087870 2128.6
1087880 2127.3
1087890 2127.3
1087900 2125.3
1087910 2122.7
1087920 2122.7
1087930 2120.1
1087940 2117.4
1087950 2117.4
1087960 2115.2
1087970 2112.5
1087980 2112.5
1087990 2108.7
1088000 2105.5
1088010 2105.5
1088020 2098.2
1088030 2095.6
1088040 2092.4
1088050 2092.4
1088060 2089.6
1088070 2086.8
1088080 2086.8
1088090 2084.2
1088100 2081.3
1088110 2081.3
1088120 2078.9
1088130 2076.4
1088140 2076.4
1088150 2074.2
1088160 2071.8
1088170 2071.8
1088180 2069.3
1088190 2066.9
1088200 2066.9
1088210 2064.5
1088220 2061.4
1088230 2061.4
1088240 2058.6
1088250 2056.4
1088260 2054.6
1088270 2054.6
1088280 2053.0
1088290 2051.9
1088300 2051.9
1088310 2051.2
1088320 2047.2
1088330 2047.2
1088340 2038.5
1088350 2032.4
1088360 2032.4
1088370 2027.9
1088380 2024.9
1088390 2024.9
1088400 2022.3
1088410 2020.0
1088420 2020.0
1088430 2016.9
1088440 2014.5
1088450 2014.5
1088460 2012.9
1088470 2010.5
1088480 2008.1
1088490 2008.1
1088500 2006.5
1088510 2005.1
1088520 2005.1
1088530 2004.7
1088540 2003.1
1088550 2003.1
1088560 2001.5
1088570 1999.9
1088580 1999.9
1088590 1997.6
1088600 1994.6
1088610 1994.6
1088620 1992.5
1088630 1989.8
1088640 1989.8
1088650 1986.4
1088660 1980.5
1088670 1980.5
1088680 1977.0
1088690 1973.2
1088700 1969.8
1088710 1969.8
1088720 1965.2
1088730 1960.6
1088740 1960.6
1088750 1955.4
1088760 1950.1
1088770 1950.1
1088780 1945.8
1088790 1942.0
1088800 1942.0
1088810 1938.4
1088820 1934.8
1088830 1934.8
1088840 1931.3
1088850 1928.5
1088860 1928.5
1088870 1926.2
1088880 1924.3
1088890 1924.3
1088900 1921.4
1088910 1919.7
1088920 1919.7
1088930 1919.7
1088940 1920.1
1088950 1921.4
1088960 1921.4
1088970 1922.1
1088980 1922.4
1088990 1922.4
1089000 1924.7
1089010 1927.1
1089020 1927.1
1089030 1929.9
1089040 1934.0
1089050 1934.0
1089060 1938.2
1089070 1942.4
1089080 1942.4
1089090 1947.2
1089100 1953.1
1089110 1953.1
1089120 1959.2
1089130 1967.3
1089140 1975.3
1089150 1975.3
1089160 1982.0
1089170 1989.3
1089180 1989.3
1089190 1996.2
1089200 2005.1
1089210 2005.1
1089220 2025.8
1089230 2039.7
1089240 2039.7
1089250 2048.7
1089260 2071.8
1089270 2071.8
1089280 2247.5
1089290 2340.8
1089300 2340.9
1089310 2351.1
1089320 2356.9
1089330 2356.9
1089340 2355.7
1089350 2348.2
1089360 2341.4
1089370 2341.4
1089380 2331.1
1089390 2321.4
1089400 2321.4
1089410 2317.6
1089420 2311.0
1089430 2311.0
1089440 2304.8
1089450 2298.9
1089460 2298.9
1089470 2292.9
1089480 2289.3
1089490 2289.3
1089500 2284.9
1089510 2280.9
1089520 2280.9
1089530 2276.4
1089540 2274.8
1089550 2274.8
1089560 2273.3
1089570 2270.6
1089580 2266.4
1089590 2266.4
1089600 2263.8
1089610 2259.9
1089620 2259.9
1089630 2258.7
1089640 2251.1
1089650 2251.1
1089660 2242.9
1089670 2236.3
1089680 2236.3
1089690 2238.1
1089700 2237.7
1089710 2237.7
1089720 2234.2
1089730 2230.9
1089740 2230.9
1089750 2227.8
1089760 2225.8
1089770 2225.8
1089780 2225.2
1089790 2226.1
1089800 2228.1
1089810 2228.1
1089820 2229.4
1089830 2228.9
1089840 2228.9
1089850 2228.5
1089860 2229.5
1089870 2229.5
1089880 2230.5
1089890 2229.9
1089900 2229.9
1089910 2229.0
1089920 2229.8
1089930 2229.8
1089940 2229.1
1089950 2232.8
1089960 2232.8
1089970 2230.0
1089980 2227.1
1089990 2227.1
1090000 2224.7
1090010 2223.2
1090020 2222.8
1090030 2222.8
1090040 2221.9
1090050 2220.7
1090060 2220.7
1090070 2221.0
1090080 2222.8
1090090 2222.8
1090100 2226.0
1090110 2229.1
1090120 2229.1
1090130 2231.2
1090140 2231.6
1090150 2231.6
1090160 2232.7
1090170 2235.9
1090180 2235.9
1090190 2238.4
1090200 2238.8
1090210 2238.8
1090220 2239.6
1090230 2242.3
1090240 2246.0
1090250 2246.0
1090260 2251.0
1090270 2254.5
1090280 2254.5
1090290 2261.6
1090300 2268.5
1090310 2268.5
1090320 2274.6
1090330 2280.7
1090340 2280.7
1090350 2286.5
1090360 2292.3
1090370 2292.3
1090380 2298.6
1090390 2305.1
1090400 2305.1
1090410 2310.9
1090420 2317.8
1090430 2317.8
1090440 2323.9
1090450 2328.0
1090460 2328.5
1090470 2328.5
1090480 2327.1
1090490 2325.5
1090500 2325.5
1090510 2322.5
1090520 2317.7
1090530 2317.7
1090540 2312.6
1090550 2309.8
1090560 2309.8
1090570 2306.2
1090580 2299.9
1090590 2295.2
1090600 2289.2
1090610 2283.1
1090620 2283.1
1090630 2279.2
1090640 2276.8
1090650 2276.8
1090660 2274.5
1090670 2271.6
1090680 2266.1
1090690 2266.1
1090700 2261.0
1090710 2256.2
1090720 2256.2
1090730 2252.2
1090740 2248.8
1090750 2248.8
1090760 2244.3
1090770 2238.7
1090780 2238.7
1090790 2232.3
1090800 2225.9
1090810 2225.9
1090820 2219.1
1090830 2212.2
1090840 2212.2
1090850 2205.5
1090860 2199.0
1090870 2199.0
1090880 2192.4
1090890 2185.5
1090900 2178.5
1090910 2177.3
1090920 2171.3
1090930 2164.6
1090940 2164.6
1090950 2158.3
1090960 2154.3
1090970 2154.3
1090980 2152.3
1090990 2149.6
1091000 2149.6
1091010 2146.9
1091020 2144.3
1091030 2144.3
1091040 2142.3
1091050 2140.9
1091060 2140.9
1091070 2138.8
1091080 2137.2
1091090 2137.2
1091100 2134.6
1091110 2131.1
1091120 2129.2
1091130 2129.2
1091140 2128.8
1091150 2128.8
1091160 2128.8
1091170 2129.7
1091180 2131.3
1091190 2131.3
1091200 2129.9
1091210 2127.3
1091220 2127.3
1091230 2120.0
1091240 2116.5
1091250 2116.5
1091260 2114.2
1091270 2112.6
1091280 2112.6
1091290 2110.4
1091300 2107.8
1091310 2107.8
1091320 2104.8
1091330 2100.7
1091340 2097.6
1091350 2097.6
1091360 2094.0
1091370 2092.9
1091380 2092.9
1091390 2092.2
1091400 2091.8
1091410 2091.8
1091420 2091.7
1091430 2088.9
1091440 2088.9
1091450 2085.6
1091460 2082.0
1091470 2082.0
1091480 2079.2
1091490 2077.6
1091500 2077.6
1091510 2073.1
1091520 2066.1
1091530 2066.1
1091540 2058.5
1091550 2050.7
1091560 2047.0
1091570 2047.0
1091580 2042.1
1091590 2039.7
1091600 2039.7
1091610 2037.5
1091620 2035.4
1091630 2035.4
1091640 2033.5
1091650 2032.5
1091660 2032.5
1091670 2032.5
1091680 2030.9
1091690 2030.9
1091700 2031.2
1091710 2031.3
1091720 2031.3
1091730 2030.4
1091740 2028.5
1091750 2028.5
1091760 2027.5
1091770 2025.6
1091780 2023.1
1091790 2023.1
1091800 2021.0
1091810 2018.0
1091820 2018.0
1091830 2015.7
1091840 2012.5
1091850 2012.5
1091860 2009.7
1091870 2006.3
1091880 2011.1
1091890 2006.3
1091900 2001.1
1091910 2001.1
1091920 1995.5
1091930 1991.4
1091940 1991.4
1091950 1989.2
1091960 1986.5
1091970 1986.5
1091980 1982.0
1091990 1978.4
1092000 1974.5
1092010 1974.5
1092020 1972.6
1092030 1971.3
1092040 1971.3
1092050 1970.3
1092060 1968.8
1092070 1968.8
1092080 1966.9
1092090 1965.7
1092100 1965.7
1092110 1964.2
1092120 1962.8
1092130 1962.8
1092140 1961.1
1092150 1959.1
1092160 1959.1
1092170 1957.3
1092180 1955.1
1092190 1955.1
1092200 1951.0
1092210 1948.2
1092220 1944.6
1092230 1944.6
1092240 1940.6
1092250 1936.5
1092260 1936.5
1092270 1932.1
1092280 1928.3
1092290 1928.3
1092300 1923.3
1092310 1919.5
1092320 1919.5
1092330 1916.8
1092340 1914.1
1092350 1914.1
1092360 1910.5
1092370 1907.8
1092380 1907.8
1092390 1905.1
1092400 1902.4
1092410 1902.4
1092420 1897.2
1092430 1891.3
1092440 1885.7
1092450 1885.7
1092460 1880.3
1092470 1873.9
1092480 1873.9
1092490 1871.7
1092500 1871.6
1092510 1871.6
1092520 1871.3
1092530 1867.9
1092540 1867.9
1092550 1867.3
1092560 1866.8
1092570 1866.8
1092580 1866.1
1092590 1865.0
1092600 1865.0
1092610 1864.2
1092620 1863.3
1092630 1863.3
1092640 1861.5
1092650 1860.3
1092660 1858.8
1092670 1858.8
1092680 1856.6
1092690 1855.3
1092700 1855.3
1092710 1853.3
1092720 1851.5
1092730 1851.5
1092740 1849.8
1092750 1850.1
1092760 1850.1
1092770 1851.4
1092780 1852.6
1092790 1852.6
1092800 1855.1
1092810 1858.2
1092820 1858.2
1092830 1860.5
1092840 1861.2
1092850 1857.0
1092860 1859.6
1092870 1860.6
1092880 1861.3
1092890 1861.3
1092900 1860.0
1092910 1858.5
1092920 1858.5
1092930 1859.1
1092940 1859.4
1092950 1859.4
1092960 1859.7
1092970 1860.1
1092980 1860.1
1092990 1860.9
1093000 1861.6
1093010 1861.6
1093020 1862.6
1093030 1862.8
1093040 1862.8
1093050 1863.1
1093060 1862.7
1093070 1862.7
1093080 1864.4
1093090 1865.1
1093100 1864.7
1093110 1864.7
1093120 1864.3
1093130 1862.8
1093140 1862.8
1093150 1863.4
1093160 1863.9
1093170 1856.7
1093180 1857.3
1093190 1858.4
1093200 1858.4
1093210 1858.5
1093220 1858.6
1093230 1858.6
1093240 1859.3
1093250 1859.5
1093260 1859.5
1093270 1859.4
1093280 1859.4
1093290 1859.4
1093300 1859.9
1093310 1860.6
1093320 1861.3
1093330 1861.3
1093340 1860.1
1093350 1857.3
1093360 1857.3
1093370 1853.9
1093380 1850.4
1093390 1850.4
1093400 1847.7
1093410 1847.3
1093420 1847.3
1093430 1846.6
1093440 1844.6
1093450 1844.6
1093460 1842.3
1093470 1840.6
1093480 1840.6
1093490 1839.1
1093500 1836.9
1093510 1836.9
1093520 1835.5
1093530 1834.5
1093540 1832.9
1093550 1832.9
1093560 1831.5
1093570 1830.6
1093580 1830.6
1093590 1828.6
1093600 1826.2
1093610 1826.2
1093620 1824.2
1093630 1821.5
1093640 1821.5
1093650 1817.8
1093660 1816.0
1093670 1816.0
1093680 1816.1
1093690 1816.9
1093700 1816.9
1093710 1816.7
1093720 1816.9
1093730 1816.9
1093740 1817.1
1093750 1816.2
1093760 1813.2
1093770 1813.2
1093780 1811.2
1093790 1811.6
1093800 1811.6
1093810 1814.3
1093820 1814.5
1093830 1814.5
1093840 1816.9
1093850 1816.0
1093860 1816.0
1093870 1815.1
1093880 1814.0
1093890 1814.0
1093900 1812.6
1093910 1812.2
1093920 1812.2
1093930 1813.3
1093940 1816.5
1093950 1816.5
1093960 1821.0
1093970 1824.2
1093980 1826.8
1093990 1826.8
1094000 1829.2
1094010 1829.9
1094020 1829.9
1094030 1830.2
1094040 1830.1
1094050 1830.1
1094060 1829.4
1094070 1828.6
1094080 1828.6
1094090 1828.2
1094100 1827.6
1094110 1827.6
1094120 1827.1
1094130 1825.9
1094140 1825.9
1094150 1820.2
1094160 1818.6
1094170 1818.6
1094180 1817.9
1094190 1818.6
1094200 1819.6
1094210 1819.6
1094220 1820.1
1094230 1821.1
1094240 1821.1
1094250 1822.1
1094260 1822.8
1094270 1822.8
1094280 1823.6
1094290 1824.0
1094300 1824.0
1094310 1823.9
1094320 1824.9
1094330 1824.9
1094340 1826.4
1094350 1827.3
1094360 1827.3
1094370 1826.8
1094380 1827.8
1094390 1827.8
1094400 1830.4
1094410 1834.0
1094420 1838.1
1094430 1838.1
1094440 1849.1
1094450 1857.1
1094460 1857.1
1094470 1843.0
1094480 1844.4
1094490 1844.4
1094500 1849.0
1094510 1850.9
1094520 1850.9
1094530 1851.3
1094540 1850.6
1094550 1850.6
1094560 1847.7
1094570 1846.7
1094580 1846.7
1094590 1846.5
1094600 1846.8
1094610 1846.8
1094620 1846.1
1094630 1844.0
1094640 1842.4
1094650 1842.4
1094660 1840.5
1094670 1836.9
1094680 1836.9
1094690 1833.2
1094700 1830.4
1094710 1830.4
1094720 1827.1
1094730 1825.0
1094740 1825.0
1094750 1823.7
1094760 1822.7
1094770 1822.7
1094780 1821.3
1094790 1819.4
1094800 1817.9
1094810 1816.7
1094820 1814.3
1094830 1814.3
1094840 1810.3
1094850 1807.9
1094860 1804.3
1094870 1804.3
1094880 1799.5
1094890 1794.4
1094900 1794.4
1094910 1789.7
1094920 1785.3
1094930 1785.3
1094940 1783.2
1094950 1781.4
1094960 1781.4
1094970 1779.5
1094980 1777.2
1094990 1777.2
1095000 1773.4
1095010 1772.6
1095020 1772.6
1095030 1772.2
1095040 1772.5
1095050 1772.5
1095060 1770.8
1095070 1772.3
1095080 1772.2
1095090 1772.2
1095100 1765.6
1095110 1764.5
1095120 1764.7
1095130 1764.4
1095140 1764.1
1095150 1764.1
1095160 1764.7
1095170 1762.8
1095180 1762.8
1095190 1760.3
1095200 1756.4
1095210 1756.4
1095220 1752.6
1095230 1749.3
1095240 1749.3
1095250 1746.7
1095260 1743.0
1095270 1743.0
1095280 1738.6
1095290 1733.5
1095300 1728.2
1095310 1728.2
1095320 1723.2
1095330 1718.3
1095340 1718.3
1095350 1712.8
1095360 1706.4
1095370 1706.4
1095380 1697.9
1095390 1690.8
1095400 1690.8
1095410 1687.5
1095420 1686.8
1095430 1686.8
1095440 1686.4
1095450 1683.9
1095460 1683.9
1095470 1682.1
1095480 1681.6
1095490 1681.6
1095500 1681.0
1095510 1681.1
1095520 1679.7
1095530 1679.7
1095540 1677.3
1095550 1674.0
1095560 1674.0
1095570 1670.2
1095580 1666.1
1095590 1666.1
1095600 1662.7
1095610 1659.8
1095620 1659.8
1095630 1658.2
1095640 1658.6
1095650 1658.6
1095660 1658.4
1095670 1657.0
1095680 1657.0
1095690 1654.1
1095700 1650.5
1095710 1650.5
1095720 1648.4
1095730 1649.5
1095740 1654.1
1095750 1654.1
1095760 1657.3
1095770 1653.1
1095780 1653.1
1095790 1650.4
1095800 1647.4
1095810 1647.4
1095820 1645.1
1095830 1643.3
1095840 1643.3
1095850 1639.4
1095860 1636.7
1095870 1636.7
1095880 1637.1
1095890 1637.7
1095900 1637.7
1095910 1636.4
1095920 1633.5
1095930 1633.5
1095940 1632.4
1095950 1631.6
1095960 1632.0
1095970 1632.0
1095980 1631.4
1095990 1628.2
1096000 1628.2
1096010 1623.1
1096020 1617.0
1096030 1617.0
1096040 1612.8
1096050 1611.7
1096060 1611.7
1096070 1611.0
1096080 1609.9
1096090 1609.9
1096100 1611.3
1096110 1612.4
1096120 1612.4
1096130 1611.9
1096140 1610.8
1096150 1610.8
1096160 1612.4
1096170 1615.0
1096180 1613.9
1096190 1613.9
1096200 1611.6
1096210 1608.9
1096220 1608.9
1096230 1605.0
1096240 1601.4
1096250 1601.4
1096260 1599.5
1096270 1598.7
1096280 1598.7
1096290 1596.7
1096300 1594.7
1096310 1594.7
1096320 1594.2
1096330 1594.4
1096340 1594.4
1096350 1593.4
1096360 1592.5
1096370 1592.5
1096380 1591.9
1096390 1590.4
1096400 1589.4
1096410 1589.4
1096420 1589.2
1096430 1588.5
1096440 1588.5
1096450 1587.9
1096460 1587.1
1096470 1587.1
1096480 1585.8
1096490 1587.3
1096500 1587.3
1096510 1589.1
1096520 1587.5
1096530 1587.5
1096540 1581.3
1096550 1576.1
1096560 1576.1
1096570 1576.9
1096580 1577.0
1096590 1577.0
1096600 1576.4
1096610 1576.2
1096620 1577.0
1096630 1577.0
1096640 1577.8
1096650 1579.8
1096660 1579.8
1096670 1581.6
1096680 1581.0
1096690 1581.0
1096700 1583.0
1096710 1585.1
1096720 1585.1
1096730 1587.2
1096740 1589.7
1096750 1591.2
1096760 1594.0
1096770 1597.3
1096780 1597.3
1096790 1600.3
1096800 1602.9
1096810 1602.9
1096820 1605.5
1096830 1608.8
1096840 1611.1
1096850 1611.1
1096860 1612.8
1096870 1615.8
1096880 1615.8
1096890 1618.8
1096900 1623.5
1096910 1623.5
1096920 1630.7
1096930 1637.7
1096940 1637.7
1096950 1643.2
1096960 1649.4
1096970 1649.4
1096980 1656.8
1096990 1663.3
1097000 1663.3
1097010 1670.9
1097020 1679.1
1097030 1679.1
1097040 1687.6
1097050 1695.2
1097060 1700.8
1097070 1700.8
1097080 1712.9
1097090 1714.4
1097100 1714.4
1097110 1714.2
1097120 1715.3
1097130 1715.3
1097140 1717.6
1097150 1719.4
1097160 1719.4
1097170 1723.6
1097180 1731.2
1097190 1731.2
1097200 1737.4
1097210 1736.8
1097220 1736.8
1097230 1737.6
1097240 1746.1
1097250 1746.1
1097260 1745.5
1097270 1744.1
1097280 1754.7
1097290 1754.7
1097300 1765.5
1097310 1769.4
1097320 1769.4
1097330 1771.3
1097340 1780.0
1097350 1780.0
1097360 1797.7
1097370 1810.1
1097380 1810.1
1097390 1825.0
1097400 1832.7
1097410 1831.5
1097420 1839.8
1097430 1842.9
1097440 1842.9
1097450 1848.7
1097460 1852.5
1097470 1852.5
1097480 1854.5
1097490 1859.1
1097500 1864.7
1097510 1864.7
1097520 1870.9
1097530 1878.2
1097540 1878.2
1097550 1885.5
1097560 1892.9
1097570 1892.9
1097580 1899.2
1097590 1905.2
1097600 1905.2
1097610 1911.0
1097620 1915.4
1097630 1915.4
1097640 1917.6
1097650 1921.0
1097660 1921.0
1097670 1924.6
1097680 1928.0
1097690 1928.0
1097700 1930.8
1097710 1934.8
1097720 1938.2
1097730 1938.2
1097740 1941.2
1097750 1944.4
1097760 1944.4
1097770 1948.2
1097780 1952.7
1097790 1952.7
1097800 1956.4
1097810 1958.5
1097820 1958.5
1097830 1960.6
1097840 1962.8
1097850 1962.8
1097860 1964.5
1097870 1966.3
1097880 1966.3
1097890 1969.4
1097900 1974.1
1097910 1974.1
1097920 1978.4
1097930 1983.4
1097940 1989.3
1097950 1989.3
1097960 1995.0
1097970 2000.8
1097980 2000.8
1097990 2007.7
1098000 2014.6
1098010 2014.6
1098020 2021.0
1098030 2027.8
1098040 2027.8
1098050 2034.6
1098060 2039.0
1098070 2039.0
1098080 2046.2
1098090 2054.0
1098100 2054.0
1098110 2062.6
1098120 2075.1
1098130 2075.1
1098140 2089.0
1098150 2100.4
1098160 2114.4
1098170 2114.4
1098180 2121.9
1098190 2131.5
1098200 2131.5
1098210 2142.3
1098220 2149.0
1098230 2149.0
1098240 2156.6
1098250 2164.3
1098260 2164.3
1098270 2170.6
1098280 2171.1
1098290 2171.1
1098300 2169.6
1098310 2169.6
1098320 2169.6
1098330 2164.7
1098340 2160.5
1098350 2160.5
1098360 2159.8
1098370 2157.1
1098380 2157.7
1098390 2163.2
1098400 2163.5
1098410 2162.3
1098420 2162.3
1098430 2160.2
1098440 2159.1
1098450 2159.1
1098460 2160.5
1098470 2167.5
1098480 2167.5
1098490 2167.0
1098500 2163.4
1098510 2163.4
1098520 2161.5
1098530 2159.1
1098540 2159.1
1098550 2163.0
1098560 2166.0
1098570 2166.0
1098580 2168.1
1098590 2168.0
1098600 2171.9
1098610 2171.9
1098620 2175.7
1098630 2176.5
1098640 2176.5
1098650 2177.9
1098660 2179.1
1098670 2179.1
1098680 2180.2
1098690 2179.6
1098700 2179.6
1098710 2179.2
1098720 2184.2
1098730 2184.2
1098740 2181.5
1098750 2180.3
1098760 2180.3
1098770 2183.9
1098780 2178.3
1098790 2168.8
1098800 2168.8
1098810 2159.7
1098820 2151.6
1098830 2151.6
1098840 2143.0
1098850 2134.1
1098860 2134.1
1098870 2126.8
1098880 2119.1
1098890 2119.1
1098900 2111.9
1098910 2105.6
1098920 2105.6
1098930 2099.9
1098940 2094.1
1098950 2094.1
1098960 2089.4
1098970 2085.3
1098980 2085.3
1098990 2080.9
1099000 2077.2
1099010 2075.7
1099020 2075.7
1099030 2073.7
1099040 2071.2
1099050 2068.3
1099060 2071.4
1099070 2072.9
1099080 2072.9
1099090 2068.1
1099100 2060.8
1099110 2060.8
1099120 2054.7
1099130 2050.8
1099140 2050.8
1099150 2046.8
1099160 2043.3
1099170 2043.3
1099180 2040.3
1099190 2037.4
1099200 2037.4
1099210 2034.5
1099220 2031.6
1099230 2028.3
1099240 2028.3
1099250 2024.4
1099260 2020.9
1099270 2020.9
1099280 2017.2
1099290 2012.2
1099300 2012.2
1099310 2006.6
1099320 2000.3
1099330 2000.3
1099340 1994.0
1099350 1987.8
1099360 1987.8
1099370 1982.1
1099380 1973.3
1099390 1973.3
1099400 1968.0
1099410 1963.2
1099420 1963.2
1099430 1959.0
1099440 1955.5
1099450 1952.4
1099460 1952.4
1099470 1949.2
1099480 1946.2
1099490 1946.2
1099500 1944.6
1099510 1943.3
1099520 1943.3
1099530 1941.6
1099540 1939.1
1099550 1939.1
1099560 1935.9
1099570 1932.7
1099580 1932.7
1099590 1929.0
1099600 1925.6
1099610 1925.6
1099620 1921.9
1099630 1918.9
1099640 1918.9
1099650 1916.4
1099660 1914.0
1099670 1911.0
1099680 1911.0
1099690 1907.9
1099700 1904.6
1099710 1900.1
1099720 1897.6
1099730 1894.9
1099740 1894.9
1099750 1891.7
1099760 1889.4
1099770 1889.4
1099780 1888.1
1099790 1888.2
1099800 1888.2
1099810 1888.7
1099820 1888.2
1099830 1888.2
1099840 1886.5
1099850 1883.9
1099860 1883.9
1099870 1880.9
1099880 1878.5
1099890 1875.8
1099900 1875.8
1099910 1875.1
1099920 1875.2
1099930 1875.2
1099940 1874.2
1099950 1868.9
1099960 1868.9
1099970 1859.8
1099980 1852.2
1099990 1852.2
