1084460 2119.8
1084470 2119.6
1084480 2119.6
1084490 2120.0
1084500 2121.1
1084510 2122.6
1084520 2122.6
1084530 2124.4
1084540 2126.1
1084550 2126.1
1084560 2127.5
1084570 2129.2
1084580 2129.2
1084590 2131.2
1084600 2133.3
1084610 2130.8
1084620 2132.5
1084630 2134.8
1084640 2134.8
1084650 2139.0
1084660 2142.2
1084670 2142.2
1084680 2145.9
1084690 2149.6
1084700 2149.6
1084710 2153.8
1084720 2158.2
1084730 2163.0
1084740 2163.0
1084750 2168.0
1084760 2173.4
1084770 2173.4
1084780 2179.2
1084790 2184.2
1084800 2184.2
1084810 2189.5
1084820 2194.3
1084830 2194.3
1084840 2200.0
1084850 2205.2
1084860 2205.2
1084870 2209.7
1084880 2214.7
1084890 2214.7
1084900 2220.6
1084910 2227.7
1084920 2227.7
1084930 2235.5
1084940 2244.2
1084950 2252.4
1084960 2252.4
1084970 2260.6
1084980 2266.6
1084990 2266.6
1085000 2267.8
1085010 2263.5
1085020 2263.5
1085030 2259.5
1085040 2257.6
1085050 2257.6
1085060 2252.9
1085070 2248.9
1085080 2248.9
1085090 2247.1
1085100 2246.2
1085110 2246.2
1085120 2244.5
1085130 2243.0
1085140 2243.0
1085150 2243.5
1085160 2245.2
1085170 2245.8
1085180 2245.8
1085190 2245.1
1085200 2243.7
1085210 2243.7
1085220 2242.1
1085230 2239.8
1085240 2243.5
1085250 2240.0
1085260 2235.2
1085270 2235.2
1085280 2230.6
1085290 2227.4
1085300 2227.4
1085310 2224.5
1085320 2221.7
1085330 2221.7
1085340 2220.6
1085350 2219.9
1085360 2219.9
1085370 2218.6
1085380 2216.3
1085390 2213.7
1085400 2213.7
1085410 2210.8
1085420 2208.2
1085430 2208.2
1085440 2206.8
1085450 2206.2
1085460 2206.2
1085470 2206.0
1085480 2205.2
1085490 2205.2
1085500 2203.9
1085510 2202.9
1085520 2202.9
1085530 2201.9
1085540 2200.8
1085550 2200.8
1085560 2201.3
1085570 2198.5
1085580 2198.5
1085590 2195.1
1085600 2194.9
1085610 2192.7
1085620 2192.7
1085630 2193.1
1085640 2189.1
1085650 2189.1
1085660 2185.0
1085670 2186.8
1085680 2186.8
1085690 2187.0
1085700 2186.8
1085710 2186.8
1085720 2186.4
1085730 2185.1
1085740 2185.1
1085750 2183.1
1085760 2183.7
1085770 2183.7
1085780 2184.2
1085790 2184.5
1085800 2184.5
1085810 2185.7
1085820 2186.8
1085830 2186.1
1085840 2186.1
1085850 2184.9
1085860 2182.7
1085870 2182.7
1085880 2184.1
1085890 2181.9
1085900 2181.9
1085910 2182.2
1085920 2182.9
1085930 2182.9
1085940 2184.7
1085950 2187.6
1085960 2187.6
1085970 2193.7
1085980 2197.7
1085990 2197.7
1086000 2203.2
1086010 2210.4
1086020 2210.4
1086030 2217.6
1086040 2226.4
1086050 2233.6
1086060 2233.6
1086070 2244.4
1086080 2257.9
1086090 2257.9
1086100 2273.8
1086110 2280.4
1086120 2280.4
1086130 2273.8
1086140 2274.9
1086150 2274.9
1086160 2272.7
1086170 2269.3
1086180 2269.3
1086190 2266.5
1086200 2276.7
1086210 2276.7
1086220 2268.4
1086230 2265.8
1086240 2265.8
1086250 2261.0
1086260 2275.2
1086270 2318.1
1086280 2318.1
1086290 2331.7
1086300 2330.7
1086310 2330.7
1086320 2340.4
1086330 2379.0
1086340 2379.0
1086350 2380.4
1086360 2372.6
1086370 2372.6
1086380 2372.2
1086390 2385.2
1086400 2385.2
1086410 2384.8
1086420 2382.4
1086430 2382.4
1086440 2380.3
1086450 2378.0
1086460 2378.0
1086470 2372.6
1086480 2365.0
1086490 2360.5
1086500 2360.5
1086510 2366.7
1086520 2365.3
1086530 2365.3
1086540 2363.6
1086550 2365.5
1086560 2365.5
1086570 2380.3
1086580 2388.2
1086590 2388.2
1086600 2392.1
1086610 2401.3
1086620 2401.3
1086630 2410.7
1086640 2414.8
1086650 2414.8
1086660 2415.9
1086670 2416.5
1086680 2416.5
1086690 2416.8
1086700 2418.1
1086710 2417.8
1086720 2417.8
1086730 2418.7
1086740 2420.0
1086750 2420.0
1086760 2421.3
1086770 2423.1
1086780 2423.1
1086790 2428.2
1086800 2433.8
1086810 2433.8
1086820 2438.5
1086830 2455.5
1086840 2455.5
1086850 2467.3
1086860 2477.6
1086870 2477.6
1086880 2490.0
1086890 2504.0
1086900 2504.0
1086910 2508.7
1086920 2510.0
1086930 2510.0
1086940 2512.2
1086950 2531.4
1086960 2537.2
1086970 2537.2
1086980 2531.7
1086990 2526.4
1087000 2526.4
1087010 2520.7
1087020 2516.7
1087030 2516.7
1087040 2511.5
1087050 2508.9
1087060 2508.9
1087070 2506.3
1087080 2500.2
1087090 2500.2
1087100 2494.0
1087110 2484.2
1087120 2484.2
1087130 2479.1
1087140 2477.6
1087150 2464.9
1087160 2457.9
1087170 2451.3
1087180 2445.4
1087190 2445.4
1087200 2441.2
1087210 2435.6
1087220 2435.6
1087230 2427.7
1087240 2418.3
1087250 2418.3
1087260 2416.3
1087270 2413.3
1087280 2413.3
1087290 2426.1
1087300 2431.0
1087310 2431.0
1087320 2424.8
1087330 2427.5
1087340 2427.5
1087350 2423.1
1087360 2416.3
1087370 2416.3
1087380 2420.8
1087390 2429.9
1087400 2429.3
1087410 2429.3
1087420 2434.1
1087430 2438.1
1087440 2438.1
1087450 2434.3
1087460 2424.2
1087470 2406.3
1087480 2403.1
1087490 2406.8
1087500 2406.8
1087510 2410.0
1087520 2392.9
1087530 2392.9
1087540 2377.8
1087550 2359.5
1087560 2359.5
1087570 2360.3
1087580 2355.0
1087590 2355.0
1087600 2336.1
1087610 2321.0
1087620 2314.4
1087630 2314.4
1087640 2301.7
1087650 2293.1
1087660 2293.1
1087670 2290.1
1087680 2288.6
1087690 2288.6
1087700 2293.4
1087710 2299.8
1087720 2299.8
1087730 2302.4
1087740 2299.9
1087750 2299.9
1087760 2299.4
1087770 2308.8
1087780 2308.8
1087790 2281.2
1087800 2282.5
1087810 2282.5
1087820 2285.3
1087830 2280.1
1087840 2281.2
1087850 2281.2
1087860 2283.3
1087870 2286.5
1087880 2286.5
1087890 2283.7
1087900 2279.6
1087910 2279.6
1087920 2275.7
1087930 2273.9
1087940 2273.9
1087950 2271.1
1087960 2261.1
1087970 2261.1
1087980 2235.4
1087990 2226.7
1088000 2226.7
1088010 2221.9
1088020 2216.0
1088030 2216.0
1088040 2209.5
1088050 2206.5
1088060 2204.5
1088070 2204.5
1088080 2204.7
1088090 2205.7
1088100 2205.7
1088110 2193.6
1088120 2190.1
1088130 2190.1
1088140 2193.0
1088150 2192.2
1088160 2192.2
1088170 2187.9
1088180 2184.1
1088190 2184.1
1088200 2185.8
1088210 2188.6
1088220 2188.6
1088230 2184.1
1088240 2181.5
1088250 2181.5
1088260 2182.5
1088270 2191.8
1088280 2192.8
1088290 2192.8
1088300 2200.7
1088310 2217.2
1088320 2217.2
1088330 2211.8
1088340 2212.8
1088350 2212.8
1088360 2215.8
1088370 2213.6
1088380 2213.6
1088390 2207.0
1088400 2200.0
1088410 2200.0
1088420 2211.5
1088430 2182.2
1088440 2182.2
1088450 2197.8
1088460 2179.3
1088470 2179.3
1088480 2179.6
1088490 2158.7
1088500 2145.5
1088510 2145.5
1088520 2132.9
1088530 2128.3
1088540 2128.3
1088550 2130.7
1088560 2161.2
1088570 2161.2
1088580 2197.9
1088590 2250.8
1088600 2250.8
1088610 2262.3
1088620 2265.9
1088630 2265.9
1088640 2257.2
1088650 2238.3
1088660 2238.3
1088670 2229.2
1088680 2233.1
1088690 2233.1
1088700 2244.4
1088710 2255.3
1088720 2268.6
1088730 2268.6
1088740 2288.9
1088750 2264.5
1088760 2264.5
1088770 2285.4
1088780 2291.8
1088790 2291.8
1088800 2287.7
1088810 2275.3
1088820 2275.3
1088830 2265.8
1088840 2258.2
1088850 2258.2
1088860 2250.7
1088870 2244.3
1088880 2244.3
1088890 2236.6
1088900 2217.9
1088910 2217.9
1088920 2186.8
1088930 2168.1
1088940 2153.9
1088950 2153.9
1088960 2148.5
1088970 2146.2
1088980 2146.2
1088990 2145.0
1089000 2140.5
1089010 2140.5
1089020 2135.2
1089030 2134.8
1089040 2134.8
1089050 2137.6
1089060 2141.5
1089070 2136.5
1089080 2136.2
1089090 2131.9
1089100 2131.9
1089110 2132.2
1089120 2132.9
1089130 2132.9
1089140 2131.4
1089150 2128.6
1089160 2125.5
1089170 2125.5
1089180 2117.5
1089190 2114.0
1089200 2114.0
1089210 2119.2
1089220 2134.3
1089230 2134.3
1089240 2162.3
1089250 2190.6
1089260 2190.6
1089270 2200.8
1089280 2205.3
1089290 2205.3
1089300 2208.8
1089310 2212.8
1089320 2212.8
1089330 2231.4
1089340 2234.9
1089350 2234.9
1089360 2234.3
1089370 2232.0
1089380 2226.3
1089390 2233.6
1089400 2228.5
1089410 2223.6
1089420 2223.6
1089430 2220.6
1089440 2216.8
1089450 2216.8
1089460 2212.8
1089470 2208.4
1089480 2208.4
1089490 2206.5
1089500 2205.9
1089510 2205.9
1089520 2202.9
1089530 2198.9
1089540 2198.9
1089550 2189.2
1089560 2190.1
1089570 2190.1
1089580 2194.0
1089590 2194.3
1089600 2193.4
1089610 2193.4
1089620 2192.8
1089630 2192.4
1089640 2192.4
1089650 2191.6
1089660 2191.3
1089670 2191.3
1089680 2191.3
1089690 2193.1
1089700 2193.1
1089710 2196.1
1089720 2196.6
1089730 2196.6
1089740 2197.1
1089750 2197.8
1089760 2197.8
1089770 2197.5
1089780 2196.6
1089790 2196.6
1089800 2196.4
1089810 2198.1
1089820 2199.1
1089830 2199.1
1089840 2200.2
1089850 2200.9
1089860 2200.9
1089870 2198.8
1089880 2195.3
1089890 2195.3
1089900 2193.9
1089910 2192.8
1089920 2192.8
1089930 2191.7
1089940 2191.2
1089950 2191.2
1089960 2190.7
1089970 2190.3
1089980 2190.3
1089990 2189.4
1090000 2188.9
1090010 2188.9
1090020 2189.8
1090030 2192.0
1090040 2194.5
1090050 2194.5
1090060 2197.5
1090070 2201.9
1090080 2201.9
1090090 2207.4
1090100 2213.4
1090110 2213.4
1090120 2219.3
1090130 2225.4
1090140 2225.4
1090150 2231.5
1090160 2237.6
1090170 2237.6
1090180 2243.9
1090190 2250.7
1090200 2250.7
1090210 2258.7
1090220 2267.5
1090230 2267.5
1090240 2277.2
1090250 2287.7
1090260 2299.4
1090270 2299.4
1090280 2311.4
1090290 2321.7
1090300 2321.7
1090310 2332.2
1090320 2342.9
1090330 2342.9
1090340 2350.5
1090350 2358.5
1090360 2349.9
1090370 2355.2
1090380 2358.5
1090390 2358.5
1090400 2361.4
1090410 2355.4
1090420 2355.4
1090430 2346.1
1090440 2340.2
1090450 2340.2
1090460 2335.6
1090470 2331.4
1090480 2328.7
1090490 2328.7
1090500 2328.3
1090510 2327.3
1090520 2327.3
1090530 2326.3
1090540 2328.0
1090550 2328.0
1090560 2328.6
1090570 2328.2
1090580 2328.2
1090590 2323.8
1090600 2319.5
1090610 2319.5
1090620 2316.5
1090630 2313.5
1090640 2313.5
1090650 2311.0
1090660 2308.2
1090670 2308.2
1090680 2310.8
1090690 2304.6
1090700 2296.7
1090710 2296.7
1090720 2290.7
1090730 2286.8
1090740 2286.8
1090750 2283.5
1090760 2279.6
1090770 2279.6
1090780 2272.9
1090790 2265.0
1090800 2265.0
1090810 2258.8
1090820 2255.0
1090830 2255.0
1090840 2251.9
1090850 2250.9
1090860 2250.9
1090870 2250.5
1090880 2247.8
1090890 2247.8
1090900 2244.5
1090910 2242.0
1090920 2241.2
1090930 2241.2
1090940 2241.0
1090950 2239.9
1090960 2239.9
1090970 2239.1
1090980 2237.8
1090990 2237.8
1091000 2222.9
1091010 2219.7
1091020 2219.7
1091030 2218.7
1091040 2218.9
1091050 2218.9
1091060 2221.1
1091070 2222.1
1091080 2222.1
1091090 2222.3
1091100 2217.1
1091110 2217.1
1091120 2210.8
1091130 2205.8
1091140 2202.0
1091150 2202.0
1091160 2199.3
1091170 2197.4
1091180 2197.4
1091190 2195.5
1091200 2194.2
1091210 2194.2
1091220 2192.1
1091230 2191.9
1091240 2191.9
1091250 2192.4
1091260 2191.9
1091270 2191.9
1091280 2190.3
1091290 2188.5
1091300 2188.5
1091310 2184.7
1091320 2174.2
1091330 2174.2
1091340 2167.8
1091350 2162.6
1091360 2155.0
1091370 2155.0
1091380 2146.9
1091390 2139.6
1091400 2139.6
1091410 2133.2
1091420 2128.0
1091430 2128.0
1091440 2123.8
1091450 2120.2
1091460 2120.2
1091470 2115.7
1091480 2111.6
1091490 2111.6
1091500 2108.5
1091510 2107.6
1091520 2107.6
1091530 2106.7
1091540 2107.3
1091550 2107.3
1091560 2103.7
1091570 2101.7
1091580 2100.3
1091590 2100.3
1091600 2098.8
1091610 2095.8
1091620 2095.8
1091630 2095.8
1091640 2092.5
1091650 2092.5
1091660 2092.4
1091670 2087.7
1091680 2087.7
1091690 2081.6
1091700 2076.9
1091710 2076.9
1091720 2075.0
1091730 2072.5
1091740 2072.5
1091750 2069.4
1091760 2067.4
1091770 2067.4
1091780 2065.7
1091790 2065.3
1091800 2065.3
1091810 2065.3
1091820 2063.9
1091830 2061.5
1091840 2061.5
1091850 2059.2
1091860 2057.8
1091870 2057.8
1091880 2056.8
1091890 2055.2
1091900 2055.2
1091910 2055.7
1091920 2055.2
1091930 2055.2
1091940 2052.3
1091950 2050.8
1091960 2050.8
1091970 2042.0
1091980 2041.8
1091990 2041.8
1092000 2040.7
1092010 2041.3
1092020 2041.4
1092030 2041.4
1092040 2039.1
1092050 2036.2
1092060 2036.2
1092070 2033.1
1092080 2029.5
1092090 2029.5
1092100 2027.3
1092110 2026.3
1092120 2026.3
1092130 2024.0
1092140 2020.4
1092150 2020.4
1092160 2016.0
1092170 2012.1
1092180 2012.1
1092190 2008.8
1092200 2007.1
1092210 2007.1
1092220 2004.0
1092230 1999.4
1092240 1995.0
1092250 1995.0
1092260 1992.8
1092270 1991.3
1092280 1991.3
1092290 1977.4
1092300 1974.5
1092310 1974.5
1092320 1971.2
1092330 1967.8
1092340 1967.8
1092350 1962.8
1092360 1957.4
1092370 1957.4
1092380 1952.4
1092390 1948.7
1092400 1948.7
1092410 1945.6
1092420 1941.2
1092430 1941.2
1092440 1936.5
1092450 1932.9
1092460 1930.5
1092470 1930.5
1092480 1930.1
1092490 1931.2
1092500 1931.2
1092510 1931.4
1092520 1931.5
1092530 1931.5
1092540 1930.7
1092550 1929.8
1092560 1929.8
1092570 1929.1
1092580 1928.2
1092590 1928.2
1092600 1927.6
1092610 1921.8
1092620 1921.8
1092630 1921.0
1092640 1919.1
1092650 1919.1
1092660 1917.8
1092670 1917.1
1092680 1918.9
1092690 1918.9
1092700 1921.9
1092710 1924.9
1092720 1924.9
1092730 1926.4
1092740 1927.4
1092750 1927.4
1092760 1930.6
1092770 1935.1
1092780 1935.1
1092790 1939.1
1092800 1943.0
1092810 1943.0
1092820 1945.9
1092830 1948.3
1092840 1948.3
1092850 1948.7
1092860 1949.8
1092870 1949.8
1092880 1950.5
1092890 1949.7
1092900 1947.8
1092910 1947.8
1092920 1945.3
1092930 1942.2
1092940 1943.1
1092950 1939.3
1092960 1936.1
1092970 1936.1
1092980 1934.5
1092990 1932.5
1093000 1932.5
1093010 1930.0
1093020 1927.5
1093030 1927.5
1093040 1924.9
1093050 1924.1
1093060 1924.1
1093070 1923.7
1093080 1923.4
1093090 1923.4
1093100 1921.8
1093110 1919.9
1093120 1919.8
1093130 1919.8
1093140 1919.1
1093150 1917.9
1093160 1917.9
1093170 1919.0
1093180 1920.7
1093190 1920.7
1093200 1921.6
1093210 1921.1
1093220 1921.1
1093230 1921.5
1093240 1919.6
1093250 1919.6
1093260 1911.2
1093270 1910.8
1093280 1910.8
1093290 1909.2
1093300 1908.6
1093310 1908.6
1093320 1908.2
1093330 1909.7
1093340 1913.2
1093350 1913.2
1093360 1913.5
1093370 1913.6
1093380 1913.6
1093390 1914.8
1093400 1915.4
1093410 1915.4
1093420 1915.1
1093430 1913.8
1093440 1913.8
1093450 1912.4
1093460 1912.5
1093470 1912.5
1093480 1912.1
1093490 1911.8
1093500 1911.8
1093510 1911.0
1093520 1909.3
1093530 1909.3
1093540 1907.6
1093550 1907.0
1093560 1906.7
1093570 1906.7
1093580 1905.5
1093590 1897.7
1093600 1897.7
1093610 1895.3
1093620 1893.1
1093630 1893.1
1093640 1891.3
1093650 1891.1
1093660 1891.1
1093670 1890.7
1093680 1889.1
1093690 1889.1
1093700 1887.9
1093710 1887.7
1093720 1887.7
1093730 1887.6
1093740 1887.1
1093750 1887.1
1093760 1889.3
1093770 1891.4
1093780 1893.0
1093790 1893.0
1093800 1894.7
1093810 1895.0
1093820 1895.0
1093830 1894.9
1093840 1894.7
1093850 1894.7
1093860 1894.6
1093870 1895.3
1093880 1895.3
1093890 1895.9
1093900 1896.1
1093910 1890.6
1093920 1890.8
1093930 1890.8
1093940 1890.8
1093950 1891.2
1093960 1891.9
1093970 1891.9
1093980 1892.8
1093990 1893.7
1094000 1894.1
1094010 1894.1
1094020 1894.0
1094030 1893.9
1094040 1893.9
1094050 1894.0
1094060 1894.3
1094070 1894.3
1094080 1894.4
1094090 1894.0
1094100 1894.0
1094110 1894.2
1094120 1895.6
1094130 1895.6
1094140 1896.6
1094150 1898.7
1094160 1898.7
1094170 1903.3
1094180 1908.6
1094190 1908.6
1094200 1913.5
1094210 1917.3
1094220 1920.3
1094230 1913.8
1094240 1914.9
1094250 1915.3
1094260 1915.3
1094270 1915.1
1094280 1914.9
1094290 1914.9
1094300 1916.5
1094310 1918.9
1094320 1918.9
1094330 1921.6
1094340 1924.9
1094350 1924.9
1094360 1927.9
1094370 1929.4
1094380 1929.4
1094390 1929.9
1094400 1930.9
1094410 1930.9
1094420 1931.8
1094430 1932.3
1094440 1934.1
1094450 1934.1
1094460 1933.6
1094470 1930.7
1094480 1930.7
1094490 1927.2
1094500 1921.6
1094510 1921.6
1094520 1918.6
1094530 1913.4
1094540 1913.4
1094550 1908.1
1094560 1896.3
1094570 1896.3
1094580 1891.8
1094590 1887.6
1094600 1887.6
1094610 1883.8
1094620 1880.1
1094630 1880.1
1094640 1876.2
1094650 1871.4
1094660 1866.7
1094670 1866.7
1094680 1862.0
1094690 1857.3
1094700 1857.3
1094710 1852.9
1094720 1848.6
1094730 1848.6
1094740 1844.5
1094750 1841.2
1094760 1841.2
1094770 1837.7
1094780 1834.9
1094790 1834.9
1094800 1832.5
1094810 1830.4
1094820 1830.4
1094830 1827.8
1094840 1823.8
1094850 1823.8
1094860 1820.3
1094870 1817.7
1094880 1811.4
1094890 1811.4
1094900 1807.5
1094910 1805.0
1094920 1805.0
1094930 1803.5
1094940 1801.3
1094950 1801.3
1094960 1798.9
1094970 1796.4
1094980 1796.4
1094990 1794.0
1095000 1790.6
1095010 1790.6
1095020 1786.7
1095030 1782.1
1095040 1782.1
1095050 1777.3
1095060 1773.1
1095070 1773.1
1095080 1769.1
1095090 1765.9
1095100 1762.3
1095110 1762.3
1095120 1759.2
1095130 1756.5
1095140 1756.5
1095150 1753.4
1095160 1748.9
1095170 1748.9
1095180 1744.0
1095190 1740.2
1095200 1740.2
1095210 1737.2
1095220 1733.2
1095230 1733.2
1095240 1730.4
1095250 1728.5
1095260 1728.5
1095270 1725.8
1095280 1723.1
1095290 1723.1
1095300 1721.0
1095310 1718.8
1095320 1715.8
1095330 1715.8
1095340 1711.5
1095350 1707.4
1095360 1707.4
1095370 1702.9
1095380 1698.5
1095390 1698.5
1095400 1694.6
1095410 1690.7
1095420 1690.7
1095430 1687.8
1095440 1685.6
1095450 1685.6
1095460 1683.3
1095470 1679.9
1095480 1679.9
1095490 1677.3
1095500 1676.9
1095510 1676.9
1095520 1675.3
1095530 1672.6
1095540 1668.8
1095550 1668.8
1095560 1664.5
1095570 1659.6
1095580 1659.6
1095590 1655.7
1095600 1652.1
1095610 1652.1
1095620 1650.4
1095630 1649.0
1095640 1649.0
1095650 1647.4
1095660 1646.7
1095670 1646.7
1095680 1646.5
1095690 1646.9
1095700 1646.9
1095710 1647.4
1095720 1646.9
1095730 1646.9
1095740 1645.8
1095750 1645.2
1095760 1645.3
1095770 1645.3
1095780 1644.4
1095790 1642.5
1095800 1642.5
1095810 1640.5
1095820 1639.3
1095830 1639.3
1095840 1640.0
1095850 1640.1
1095860 1644.4
1095870 1643.5
1095880 1642.3
1095890 1642.3
1095900 1640.7
1095910 1638.3
1095920 1638.3
1095930 1635.4
1095940 1632.0
1095950 1632.0
1095960 1629.8
1095970 1627.7
1095980 1625.1
1095990 1625.1
1096000 1623.8
1096010 1623.3
1096020 1623.3
1096030 1621.3
1096040 1618.8
1096050 1618.8
1096060 1615.9
1096070 1614.0
1096080 1614.0
1096090 1612.6
1096100 1608.3
1096110 1608.3
1096120 1604.7
1096130 1599.2
1096140 1599.2
1096150 1593.3
1096160 1587.5
1096170 1587.5
1096180 1582.6
1096190 1577.1
1096200 1572.3
1096210 1572.3
1096220 1568.8
1096230 1568.0
1096240 1568.0
1096250 1567.6
1096260 1567.1
1096270 1567.1
1096280 1567.4
1096290 1568.1
1096300 1568.1
1096310 1568.6
1096320 1568.5
1096330 1568.5
1096340 1566.8
1096350 1563.2
1096360 1563.2
1096370 1560.5
1096380 1559.1
1096390 1559.1
1096400 1558.2
1096410 1558.0
1096420 1557.5
1096430 1557.5
1096440 1555.2
1096450 1552.3
1096460 1552.3
1096470 1551.5
1096480 1551.4
1096490 1551.4
1096500 1551.3
1096510 1551.7
1096520 1553.2
1096530 1553.6
1096540 1554.2
1096550 1554.2
1096560 1554.1
1096570 1554.4
1096580 1554.4
1096590 1554.0
1096600 1554.6
1096610 1554.6
1096620 1554.5
1096630 1554.1
1096640 1554.0
1096650 1554.0
1096660 1555.2
1096670 1559.8
1096680 1559.8
1096690 1563.3
1096700 1564.3
1096710 1564.3
1096720 1566.9
1096730 1568.4
1096740 1568.4
1096750 1569.2
1096760 1574.3
1096770 1574.3
1096780 1579.9
1096790 1584.2
1096800 1584.2
1096810 1585.8
1096820 1587.1
1096830 1587.1
1096840 1590.1
1096850 1592.1
1096860 1593.7
1096870 1593.7
1096880 1597.1
1096890 1603.4
1096900 1603.4
1096910 1610.3
1096920 1616.7
1096930 1616.7
1096940 1621.2
1096950 1623.8
1096960 1623.8
1096970 1622.8
1096980 1619.8
1096990 1619.8
1097000 1616.2
1097010 1618.3
1097020 1618.3
1097030 1622.9
1097040 1631.1
1097050 1631.1
1097060 1638.5
1097070 1646.2
1097080 1654.0
1097090 1654.0
1097100 1662.0
1097110 1667.7
1097120 1667.7
1097130 1672.9
1097140 1677.8
1097150 1677.8
1097160 1683.2
1097170 1689.4
1097180 1689.4
1097190 1695.3
1097200 1700.9
1097210 1700.9
1097220 1706.5
1097230 1712.4
1097240 1712.4
1097250 1718.7
1097260 1724.9
1097270 1724.9
1097280 1731.5
1097290 1738.9
1097300 1746.0
1097310 1746.0
1097320 1752.7
1097330 1759.4
1097340 1759.4
1097350 1766.4
1097360 1774.0
1097370 1774.0
1097380 1781.1
1097390 1788.5
1097400 1788.5
1097410 1796.6
1097420 1805.0
1097430 1805.0
1097440 1813.3
1097450 1821.7
1097460 1821.7
1097470 1830.0
1097480 1837.7
1097490 1837.7
1097500 1845.6
1097510 1854.9
1097520 1864.3
1097530 1864.3
1097540 1872.1
1097550 1879.9
1097560 1879.9
1097570 1887.9
1097580 1896.0
1097590 1896.0
1097600 1902.3
1097610 1908.3
1097620 1908.3
1097630 1914.0
1097640 1919.9
1097650 1919.9
1097660 1926.2
1097670 1932.6
1097680 1932.6
1097690 1938.6
1097700 1945.1
1097710 1945.1
1097720 1951.6
1097730 1957.9
1097740 1964.2
1097750 1964.2
1097760 1970.6
1097770 1976.5
1097780 1976.5
1097790 1982.5
1097800 1988.3
1097810 1988.3
1097820 1994.3
1097830 1996.2
1097840 1996.2
1097850 2002.6
1097860 2008.9
1097870 2008.9
1097880 2015.4
1097890 2021.5
1097900 2021.5
1097910 2027.3
1097920 2032.2
1097930 2032.2
1097940 2037.8
1097950 2040.5
1097960 2039.3
1097970 2039.3
1097980 2037.5
1097990 2036.0
1098000 2036.0
1098010 2033.5
1098020 2032.1
1098030 2032.1
1098040 2033.9
1098050 2034.6
1098060 2034.6
1098070 2035.6
1098080 2038.9
1098090 2038.9
1098100 2047.2
1098110 2056.9
1098120 2056.9
1098130 2065.9
1098140 2067.3
1098150 2076.3
1098160 2075.5
1098170 2072.9
1098180 2072.2
1098190 2072.2
1098200 2070.5
1098210 2070.8
1098220 2070.8
1098230 2073.2
1098240 2076.2
1098250 2076.2
1098260 2074.8
1098270 2066.9
1098280 2066.9
1098290 2061.5
1098300 2055.2
1098310 2055.2
1098320 2049.4
1098330 2043.3
1098340 2043.3
1098350 2036.6
1098360 2030.2
1098370 2026.3
1098380 2026.3
1098390 2023.7
1098400 2022.2
1098410 2022.2
1098420 2022.5
1098430 2023.7
1098440 2023.7
1098450 2025.8
1098460 2028.4
1098470 2028.4
1098480 2036.2
1098490 2038.1
1098500 2038.1
1098510 2040.7
1098520 2045.0
1098530 2045.0
1098540 2049.4
1098550 2054.1
1098560 2054.1
1098570 2058.0
1098580 2060.0
1098590 2063.3
1098600 2063.3
1098610 2070.4
1098620 2077.4
1098630 2077.4
1098640 2086.9
1098650 2095.3
1098660 2095.3
1098670 2100.6
1098680 2103.8
1098690 2103.8
1098700 2105.1
1098710 2106.9
1098720 2106.9
1098730 2113.7
1098740 2119.0
1098750 2119.0
1098760 2123.3
1098770 2127.9
1098780 2127.9
1098790 2131.5
1098800 2134.7
1098810 2137.0
1098820 2137.0
1098830 2142.4
1098840 2149.4
1098850 2149.4
1098860 2158.5
1098870 2167.3
1098880 2167.3
1098890 2176.8
1098900 2181.9
1098910 2181.9
1098920 2188.5
1098930 2190.9
1098940 2190.9
1098950 2188.5
1098960 2182.9
1098970 2182.9
1098980 2175.8
1098990 2177.0
1099000 2177.0
1099010 2175.4
1099020 2168.8
1099030 2163.8
1099040 2163.8
1099050 2159.8
1099060 2157.8
1099070 2157.8
1099080 2157.2
1099090 2155.8
1099100 2155.8
1099110 2154.1
1099120 2152.8
1099130 2152.8
1099140 2146.1
1099150 2144.7
1099160 2144.7
1099170 2142.0
1099180 2141.6
1099190 2141.6
1099200 2141.2
1099210 2138.5
1099220 2138.5
1099230 2133.5
1099240 2128.9
1099250 2123.5
1099260 2123.5
1099270 2113.9
1099280 2103.7
1099290 2103.7
1099300 2094.8
1099310 2089.8
1099320 2089.8
1099330 2084.6
1099340 2080.0
1099350 2080.0
1099360 2076.7
1099370 2071.5
1099380 2071.5
1099390 2070.1
1099400 2064.6
1099410 2064.6
1099420 2055.9
1099430 2047.1
1099440 2047.1
1099450 2048.4
1099460 2052.8
1099470 2041.4
1099480 2041.4
1099490 2037.9
1099500 2037.2
1099510 2037.2
1099520 2036.5
1099530 2035.1
1099540 2035.1
1099550 2030.4
1099560 2024.8
1099570 2024.8
1099580 2020.1
1099590 2015.4
1099600 2015.4
1099610 2011.6
1099620 2008.6
1099630 2008.6
1099640 2005.8
1099650 2003.0
1099660 2003.0
1099670 2001.6
1099680 2003.0
1099690 2005.2
1099700 2005.2
1099710 2006.6
1099720 2002.6
1099730 2002.6
1099740 1994.0
1099750 1988.6
1099760 1988.6
1099770 1983.8
1099780 1980.6
1099790 1980.6
1099800 1970.2
1099810 1966.7
1099820 1966.7
1099830 1961.2
1099840 1955.3
1099850 1955.3
1099860 1949.8
1099870 1944.4
1099880 1944.4
1099890 1938.8
1099900 1934.6
1099910 1930.9
1099920 1930.9
1099930 1926.9
1099940 1922.6
1099950 1922.6
1099960 1917.8
1099970 1912.8
1099980 1912.8
1099990 1908.6
