1083400 2118.4
1083410 2119.1
1083420 2119.1
1083430 2120.0
1083440 2120.5
1083450 2120.5
1083460 2121.4
1083470 2122.0
1083480 2122.0
1083490 2121.3
1083500 2122.0
1083510 2122.0
1083520 2123.6
1083530 2125.6
1083540 2125.6
1083550 2128.4
1083560 2131.1
1083570 2131.1
1083580 2130.6
1083590 2132.5
1083600 2132.5
1083610 2133.9
1083620 2135.7
1083630 2137.9
1083640 2137.9
1083650 2139.6
1083660 2141.1
1083670 2141.1
1083680 2143.2
1083690 2145.7
1083700 2145.7
1083710 2148.0
1083720 2150.7
1083730 2150.7
1083740 2153.2
1083750 2155.4
1083760 2155.4
1083770 2157.0
1083780 2158.1
1083790 2158.1
1083800 2158.6
1083810 2158.5
1083820 2158.5
1083830 2159.1
1083840 2160.0
1083850 2159.2
1083860 2159.2
1083870 2158.3
1083880 2160.0
1083890 2160.0
1083900 2155.9
1083910 2158.6
1083920 2158.6
1083930 2160.9
1083940 2163.9
1083950 2163.9
1083960 2164.9
1083970 2165.2
1083980 2165.2
1083990 2164.4
1084000 2163.4
1084010 2163.4
1084020 2162.6
1084030 2163.1
1084040 2163.1
1084050 2165.5
1084060 2164.8
1084070 2166.9
1084080 2166.9
1084090 2171.5
1084100 2174.8
1084110 2174.8
1084120 2177.7
1084130 2180.6
1084140 2180.6
1084150 2182.4
1084160 2183.3
1084170 2183.3
1084180 2182.8
1084190 2182.0
1084200 2182.0
1084210 2174.6
1084220 2177.7
1084230 2177.7
1084240 2178.6
1084250 2180.6
1084260 2180.6
1084270 2183.4
1084280 2185.2
1084290 2186.1
1084300 2186.1
1084310 2188.9
1084320 2192.5
1084330 2192.5
1084340 2197.8
1084350 2201.4
1084360 2201.4
1084370 2202.1
1084380 2203.1
1084390 2203.1
1084400 2204.9
1084410 2207.9
1084420 2207.9
1084430 2211.0
1084440 2213.8
1084450 2213.8
1084460 2215.8
1084470 2217.3
1084480 2217.3
1084490 2220.6
1084500 2224.5
1084510 2228.3
1084520 2228.3
1084530 2226.5
1084540 2229.1
1084550 2229.1
1084560 2232.1
1084570 2234.3
1084580 2234.3
1084590 2235.5
1084600 2236.6
1084610 2236.6
1084620 2238.8
1084630 2242.8
1084640 2242.8
1084650 2246.7
1084660 2250.4
1084670 2250.4
1084680 2254.8
1084690 2259.4
1084700 2259.4
1084710 2262.9
1084720 2267.9
1084730 2275.7
1084740 2275.7
1084750 2284.5
1084760 2292.4
1084770 2292.4
1084780 2299.6
1084790 2303.6
1084800 2303.6
1084810 2306.7
1084820 2309.7
1084830 2309.7
1084840 2315.4
1084850 2314.6
1084860 2314.6
1084870 2318.9
1084880 2317.4
1084890 2317.4
1084900 2312.9
1084910 2306.4
1084920 2306.4
1084930 2297.6
1084940 2289.8
1084950 2283.0
1084960 2283.0
1084970 2276.5
1084980 2270.8
1084990 2270.8
1085000 2266.1
1085010 2261.3
1085020 2261.3
1085030 2256.3
1085040 2251.3
1085050 2251.3
1085060 2246.3
1085070 2241.2
1085080 2241.2
1085090 2236.1
1085100 2230.7
1085110 2230.7
1085120 2225.4
1085130 2220.5
1085140 2220.5
1085150 2216.5
1085160 2209.3
1085170 2204.9
1085180 2204.9
1085190 2200.6
1085200 2196.2
1085210 2196.2
1085220 2192.2
1085230 2188.2
1085240 2188.2
1085250 2184.6
1085260 2180.9
1085270 2180.9
1085280 2177.5
1085290 2174.2
1085300 2174.2
1085310 2171.0
1085320 2167.8
1085330 2167.8
1085340 2164.6
1085350 2160.9
1085360 2160.9
1085370 2157.9
1085380 2154.6
1085390 2151.9
1085400 2151.9
1085410 2149.0
1085420 2146.2
1085430 2146.2
1085440 2145.2
1085450 2143.8
1085460 2143.8
1085470 2142.2
1085480 2147.8
1085490 2147.8
1085500 2146.3
1085510 2144.1
1085520 2144.1
1085530 2141.6
1085540 2137.8
1085550 2137.8
1085560 2136.7
1085570 2135.6
1085580 2135.6
1085590 2133.2
1085600 2130.3
1085610 2128.4
1085620 2128.4
1085630 2126.4
1085640 2122.0
1085650 2122.0
1085660 2118.2
1085670 2116.9
1085680 2116.9
1085690 2115.0
1085700 2111.7
1085710 2111.7
1085720 2109.3
1085730 2104.9
1085740 2104.9
1085750 2101.6
1085760 2098.8
1085770 2098.8
1085780 2097.0
1085790 2094.9
1085800 2099.8
1085810 2099.4
1085820 2097.8
1085830 2094.5
1085840 2094.5
1085850 2089.8
1085860 2084.9
1085870 2084.9
1085880 2080.1
1085890 2075.1
1085900 2075.1
1085910 2074.4
1085920 2072.7
1085930 2072.7
1085940 2069.3
1085950 2066.1
1085960 2066.1
1085970 2063.1
1085980 2060.4
1085990 2060.4
1086000 2059.7
1086010 2059.9
1086020 2059.9
1086030 2063.1
1086040 2066.6
1086050 2068.0
1086060 2068.0
1086070 2069.2
1086080 2070.5
1086090 2070.5
1086100 2073.1
1086110 2075.9
1086120 2080.0
1086130 2082.4
1086140 2085.4
1086150 2085.4
1086160 2089.9
1086170 2092.5
1086180 2092.5
1086190 2095.2
1086200 2098.4
1086210 2098.4
1086220 2102.8
1086230 2107.2
1086240 2107.2
1086250 2108.5
1086260 2109.5
1086270 2110.7
1086280 2110.7
1086290 2113.1
1086300 2112.5
1086310 2112.5
1086320 2114.2
1086330 2116.1
1086340 2116.1
1086350 2118.2
1086360 2121.2
1086370 2121.2
1086380 2123.9
1086390 2126.9
1086400 2126.9
1086410 2129.9
1086420 2133.0
1086430 2135.0
1086440 2138.2
1086450 2141.7
1086460 2141.7
1086470 2144.7
1086480 2148.3
1086490 2152.3
1086500 2152.3
1086510 2158.1
1086520 2163.3
1086530 2163.3
1086540 2169.1
1086550 2174.6
1086560 2174.6
1086570 2185.8
1086580 2198.8
1086590 2198.8
1086600 2211.8
1086610 2221.0
1086620 2221.0
1086630 2228.2
1086640 2233.2
1086650 2233.2
1086660 2237.3
1086670 2241.0
1086680 2241.0
1086690 2244.4
1086700 2246.5
1086710 2249.3
1086720 2249.3
1086730 2252.9
1086740 2255.1
1086750 2261.1
1086760 2262.5
1086770 2264.0
1086780 2264.0
1086790 2264.4
1086800 2262.5
1086810 2262.5
1086820 2261.0
1086830 2262.9
1086840 2262.9
1086850 2266.1
1086860 2270.5
1086870 2270.5
1086880 2274.8
1086890 2277.5
1086900 2277.5
1086910 2278.7
1086920 2278.7
1086930 2278.6
1086940 2278.6
1086950 2276.9
1086960 2274.5
1086970 2274.5
1086980 2270.1
1086990 2265.4
1087000 2265.4
1087010 2262.3
1087020 2261.0
1087030 2261.0
1087040 2266.8
1087050 2291.0
1087060 2291.0
1087070 2337.4
1087080 2340.7
1087090 2340.7
1087100 2341.7
1087110 2342.2
1087120 2342.2
1087130 2341.5
1087140 2342.5
1087150 2342.5
1087160 2345.6
1087170 2345.9
1087180 2343.7
1087190 2343.7
1087200 2338.3
1087210 2336.3
1087220 2336.3
1087230 2336.5
1087240 2334.8
1087250 2334.8
1087260 2330.4
1087270 2325.7
1087280 2325.7
1087290 2324.0
1087300 2320.9
1087310 2320.9
1087320 2319.0
1087330 2319.0
1087340 2319.0
1087350 2321.4
1087360 2325.0
1087370 2325.0
1087380 2328.6
1087390 2338.0
1087400 2342.0
1087410 2342.0
1087420 2345.9
1087430 2348.6
1087440 2348.6
1087450 2350.6
1087460 2361.6
1087470 2361.6
1087480 2393.1
1087490 2436.1
1087500 2436.1
1087510 2447.8
1087520 2443.2
1087530 2443.2
1087540 2439.0
1087550 2436.3
1087560 2436.3
1087570 2434.4
1087580 2428.3
1087590 2428.3
1087600 2422.1
1087610 2420.6
1087620 2415.7
1087630 2415.7
1087640 2410.1
1087650 2404.6
1087660 2404.6
1087670 2402.4
1087680 2403.3
1087690 2403.3
1087700 2402.8
1087710 2405.7
1087720 2405.7
1087730 2402.4
1087740 2401.0
1087750 2401.0
1087760 2400.3
1087770 2398.8
1087780 2398.8
1087790 2402.9
1087800 2407.6
1087810 2407.6
1087820 2403.9
1087830 2400.4
1087840 2397.4
1087850 2397.4
1087860 2394.9
1087870 2390.3
1087880 2390.3
1087890 2386.5
1087900 2386.7
1087910 2386.7
1087920 2388.8
1087930 2391.7
1087940 2391.7
1087950 2398.5
1087960 2404.0
1087970 2404.0
1087980 2401.6
1087990 2396.8
1088000 2396.8
1088010 2395.0
1088020 2392.4
1088030 2397.1
1088040 2391.1
1088050 2385.5
1088060 2380.7
1088070 2380.7
1088080 2374.4
1088090 2365.6
1088100 2365.6
1088110 2357.0
1088120 2349.3
1088130 2349.3
1088140 2344.3
1088150 2341.6
1088160 2341.6
1088170 2336.0
1088180 2328.1
1088190 2328.1
1088200 2321.1
1088210 2312.8
1088220 2312.8
1088230 2302.6
1088240 2294.2
1088250 2294.2
1088260 2286.0
1088270 2280.3
1088280 2276.2
1088290 2276.2
1088300 2270.7
1088310 2267.8
1088320 2267.8
1088330 2262.6
1088340 2259.9
1088350 2268.7
1088360 2263.8
1088370 2264.0
1088380 2264.0
1088390 2270.5
1088400 2272.9
1088410 2272.9
1088420 2271.4
1088430 2268.3
1088440 2268.3
1088450 2266.3
1088460 2262.8
1088470 2262.8
1088480 2259.5
1088490 2253.3
1088500 2243.3
1088510 2243.3
1088520 2237.7
1088530 2228.5
1088540 2228.5
1088550 2214.4
1088560 2204.0
1088570 2204.0
1088580 2197.9
1088590 2190.9
1088600 2190.9
1088610 2186.5
1088620 2183.3
1088630 2183.3
1088640 2180.1
1088650 2178.0
1088660 2178.0
1088670 2169.3
1088680 2168.1
1088690 2168.1
1088700 2166.9
1088710 2167.2
1088720 2168.3
1088730 2168.3
1088740 2169.6
1088750 2171.0
1088760 2171.0
1088770 2171.5
1088780 2171.1
1088790 2171.1
1088800 2170.1
1088810 2169.0
1088820 2169.0
1088830 2168.4
1088840 2169.4
1088850 2169.4
1088860 2168.8
1088870 2166.9
1088880 2166.9
1088890 2165.3
1088900 2163.1
1088910 2163.1
1088920 2162.6
1088930 2163.9
1088940 2162.1
1088950 2162.1
1088960 2161.2
1088970 2161.1
1088980 2161.1
1088990 2154.9
1089000 2154.1
1089010 2154.1
1089020 2153.3
1089030 2151.9
1089040 2151.9
1089050 2148.4
1089060 2144.9
1089070 2144.9
1089080 2143.7
1089090 2143.5
1089100 2143.5
1089110 2144.3
1089120 2145.0
1089130 2145.0
1089140 2146.5
1089150 2149.1
1089160 2152.0
1089170 2152.0
1089180 2153.9
1089190 2154.8
1089200 2154.8
1089210 2154.7
1089220 2153.3
1089230 2153.3
1089240 2149.9
1089250 2146.1
1089260 2146.1
1089270 2143.2
1089280 2141.2
1089290 2141.2
1089300 2139.5
1089310 2141.1
1089320 2141.1
1089330 2139.6
1089340 2136.5
1089350 2136.5
1089360 2139.5
1089370 2141.7
1089380 2144.7
1089390 2144.7
1089400 2149.0
1089410 2154.3
1089420 2154.3
1089430 2158.0
1089440 2163.2
1089450 2163.2
1089460 2166.6
1089470 2167.2
1089480 2167.2
1089490 2170.2
1089500 2172.9
1089510 2172.9
1089520 2174.5
1089530 2177.0
1089540 2177.0
1089550 2181.5
1089560 2183.0
1089570 2183.0
1089580 2185.0
1089590 2186.2
1089600 2183.7
1089610 2183.7
1089620 2179.8
1089630 2180.6
1089640 2180.6
1089650 2175.9
1089660 2170.5
1089670 2170.5
1089680 2164.9
1089690 2161.3
1089700 2161.3
1089710 2159.4
1089720 2155.5
1089730 2155.5
1089740 2151.6
1089750 2150.0
1089760 2150.0
1089770 2147.8
1089780 2145.5
1089790 2145.5
1089800 2144.0
1089810 2143.5
1089820 2143.7
1089830 2143.7
1089840 2145.4
1089850 2148.5
1089860 2148.5
1089870 2153.5
1089880 2159.0
1089890 2159.0
1089900 2164.7
1089910 2171.5
1089920 2171.5
1089930 2178.7
1089940 2186.1
1089950 2185.8
1089960 2193.3
1089970 2205.4
1089980 2205.4
1089990 2217.7
1090000 2230.2
1090010 2230.2
1090020 2241.7
1090030 2250.5
1090040 2259.0
1090050 2259.0
1090060 2266.5
1090070 2272.0
1090080 2272.0
1090090 2277.9
1090100 2285.6
1090110 2285.6
1090120 2297.9
1090130 2308.7
1090140 2308.7
1090150 2316.5
1090160 2323.9
1090170 2323.9
1090180 2328.0
1090190 2325.5
1090200 2325.5
1090210 2321.9
1090220 2319.6
1090230 2319.6
1090240 2313.8
1090250 2304.2
1090260 2292.7
1090270 2292.7
1090280 2276.4
1090290 2268.8
1090300 2268.8
1090310 2262.6
1090320 2257.5
1090330 2257.5
1090340 2252.5
1090350 2248.0
1090360 2248.0
1090370 2243.7
1090380 2241.0
1090390 2241.0
1090400 2239.0
1090410 2240.6
1090420 2240.6
1090430 2241.9
1090440 2243.6
1090450 2243.6
1090460 2244.9
1090470 2243.1
1090480 2237.9
1090490 2237.9
1090500 2225.2
1090510 2218.2
1090520 2218.2
1090530 2213.8
1090540 2210.0
1090550 2210.0
1090560 2207.7
1090570 2206.1
1090580 2206.1
1090590 2206.2
1090600 2216.1
1090610 2216.1
1090620 2216.1
1090630 2214.9
1090640 2214.9
1090650 2216.7
1090660 2217.2
1090670 2217.2
1090680 2216.3
1090690 2210.2
1090700 2203.2
1090710 2203.2
1090720 2196.8
1090730 2190.9
1090740 2190.9
1090750 2185.3
1090760 2180.6
1090770 2180.6
1090780 2175.9
1090790 2171.5
1090800 2171.5
1090810 2166.8
1090820 2162.9
1090830 2162.9
1090840 2160.0
1090850 2157.3
1090860 2157.3
1090870 2153.8
1090880 2150.0
1090890 2150.0
1090900 2147.2
1090910 2144.3
1090920 2148.6
1090930 2148.6
1090940 2146.4
1090950 2142.4
1090960 2142.4
1090970 2138.7
1090980 2133.1
1090990 2133.1
1091000 2126.4
1091010 2120.4
1091020 2120.4
1091030 2118.1
1091040 2116.3
1091050 2116.3
1091060 2115.0
1091070 2114.5
1091080 2114.5
1091090 2115.8
1091100 2117.0
1091110 2117.0
1091120 2117.3
1091130 2115.7
1091140 2113.6
1091150 2113.6
1091160 2113.1
1091170 2113.2
1091180 2113.2
1091190 2114.2
1091200 2115.5
1091210 2115.5
1091220 2117.0
1091230 2120.5
1091240 2121.5
1091250 2125.0
1091260 2125.7
1091270 2125.7
1091280 2125.6
1091290 2125.7
1091300 2125.7
1091310 2126.6
1091320 2128.6
1091330 2128.6
1091340 2129.7
1091350 2130.9
1091360 2132.7
1091370 2132.7
1091380 2134.1
1091390 2134.8
1091400 2134.8
1091410 2136.2
1091420 2137.1
1091430 2137.1
1091440 2137.7
1091450 2139.4
1091460 2139.4
1091470 2141.1
1091480 2143.6
1091490 2143.6
1091500 2145.9
1091510 2149.3
1091520 2149.3
1091530 2153.6
1091540 2158.3
1091550 2158.3
1091560 2171.1
1091570 2176.3
1091580 2179.9
1091590 2179.9
1091600 2189.2
1091610 2198.8
1091620 2198.8
1091630 2208.9
1091640 2216.3
1091650 2216.3
1091660 2217.7
1091670 2219.6
1091680 2219.6
1091690 2224.8
1091700 2229.8
1091710 2229.8
1091720 2232.4
1091730 2233.9
1091740 2233.9
1091750 2237.1
1091760 2237.0
1091770 2237.0
1091780 2237.5
1091790 2242.0
1091800 2245.9
1091810 2245.9
1091820 2247.7
1091830 2250.5
1091840 2250.5
1091850 2246.0
1091860 2239.9
1091870 2239.9
1091880 2237.7
1091890 2225.3
1091900 2225.3
1091910 2220.5
1091920 2217.0
1091930 2217.0
1091940 2218.6
1091950 2220.2
1091960 2220.2
1091970 2216.5
1091980 2214.9
1091990 2214.9
1092000 2216.6
1092010 2217.0
1092020 2216.8
1092030 2216.8
1092040 2217.4
1092050 2216.4
1092060 2216.4
1092070 2218.5
1092080 2218.5
1092090 2218.5
1092100 2221.2
1092110 2219.8
1092120 2219.8
1092130 2218.2
1092140 2219.0
1092150 2219.0
1092160 2216.9
1092170 2216.7
1092180 2216.7
1092190 2218.5
1092200 2214.3
1092210 2204.5
1092220 2199.7
1092230 2195.5
1092240 2188.5
1092250 2188.5
1092260 2184.0
1092270 2183.5
1092280 2183.5
1092290 2184.2
1092300 2179.1
1092310 2179.1
1092320 2168.6
1092330 2156.6
1092340 2156.6
1092350 2137.0
1092360 2126.0
1092370 2126.0
1092380 2127.3
1092390 2127.0
1092400 2127.0
1092410 2132.1
1092420 2132.6
1092430 2132.6
1092440 2112.5
1092450 2096.3
1092460 2091.0
1092470 2091.0
1092480 2084.1
1092490 2079.7
1092500 2079.7
1092510 2075.5
1092520 2072.0
1092530 2065.0
1092540 2064.2
1092550 2063.5
1092560 2063.5
1092570 2063.5
1092580 2063.2
1092590 2063.2
1092600 2062.0
1092610 2060.2
1092620 2060.2
1092630 2057.4
1092640 2054.0
1092650 2054.0
1092660 2050.5
1092670 2046.9
1092680 2043.2
1092690 2043.2
1092700 2039.9
1092710 2037.1
1092720 2037.1
1092730 2033.9
1092740 2031.8
1092750 2031.8
1092760 2029.4
1092770 2027.8
1092780 2027.8
1092790 2027.5
1092800 2027.4
1092810 2027.4
1092820 2026.8
1092830 2025.6
1092840 2025.6
1092850 2024.7
1092860 2019.5
1092870 2019.5
1092880 2019.4
1092890 2018.5
1092900 2017.7
1092910 2017.7
1092920 2017.6
1092930 2017.7
1092940 2017.7
1092950 2018.1
1092960 2017.9
1092970 2017.9
1092980 2017.3
1092990 2016.6
1093000 2016.6
1093010 2015.9
1093020 2015.2
1093030 2015.2
1093040 2014.4
1093050 2013.5
1093060 2013.5
1093070 2013.5
1093080 2013.0
1093090 2013.0
1093100 2011.9
1093110 2011.8
1093120 2014.1
1093130 2014.1
1093140 2016.6
1093150 2018.4
1093160 2018.4
1093170 2019.8
1093180 2015.5
1093190 2015.5
1093200 2016.6
1093210 2017.9
1093220 2017.9
1093230 2018.6
1093240 2017.3
1093250 2017.3
1093260 2013.9
1093270 2010.7
1093280 2010.7
1093290 2007.8
1093300 2005.6
1093310 2005.6
1093320 2001.7
1093330 1998.1
1093340 1999.4
1093350 1999.4
1093360 1999.2
1093370 1998.3
1093380 1998.3
1093390 1997.7
1093400 1998.0
1093410 1998.0
1093420 1998.9
1093430 1999.9
1093440 1999.9
1093450 2001.9
1093460 2003.9
1093470 2003.9
1093480 2005.2
1093490 2006.2
1093500 2000.7
1093510 2001.0
1093520 2000.7
1093530 2000.7
1093540 2000.4
1093550 1999.9
1093560 1999.2
1093570 1999.2
1093580 1999.3
1093590 2001.0
1093600 2001.0
1093610 2003.9
1093620 2006.6
1093630 2006.6
1093640 2009.1
1093650 2010.9
1093660 2010.9
1093670 2012.1
1093680 2013.1
1093690 2013.1
1093700 2016.0
1093710 2019.3
1093720 2019.3
1093730 2020.9
1093740 2022.3
1093750 2022.3
1093760 2023.8
1093770 2025.4
1093780 2026.7
1093790 2026.7
1093800 2028.1
1093810 2029.5
1093820 2029.5
1093830 2024.1
1093840 2024.7
1093850 2024.7
1093860 2024.8
1093870 2024.3
1093880 2024.3
1093890 2024.5
1093900 2025.0
1093910 2025.0
1093920 2025.8
1093930 2026.9
1093940 2026.9
1093950 2027.8
1093960 2028.2
1093970 2028.2
1093980 2028.6
1093990 2029.2
1094000 2030.2
1094010 2030.2
1094020 2031.3
1094030 2032.1
1094040 2032.1
1094050 2033.1
1094060 2035.5
1094070 2035.5
1094080 2040.4
1094090 2044.2
1094100 2044.2
1094110 2047.7
1094120 2052.3
1094130 2052.3
1094140 2055.8
1094150 2052.8
1094160 2052.8
1094170 2058.9
1094180 2063.4
1094190 2063.4
1094200 2066.3
1094210 2066.2
1094220 2062.6
1094230 2062.6
1094240 2056.7
1094250 2053.3
1094260 2053.3
1094270 2051.0
1094280 2049.0
1094290 2049.0
1094300 2047.0
1094310 2043.9
1094320 2043.9
1094330 2040.2
1094340 2036.9
1094350 2036.9
1094360 2033.6
1094370 2030.6
1094380 2030.6
1094390 2026.6
1094400 2021.9
1094410 2021.9
1094420 2016.4
1094430 2011.0
1094440 2006.3
1094450 2006.3
1094460 2001.7
1094470 1996.2
1094480 1993.3
1094490 1988.2
1094500 1982.4
1094510 1982.4
1094520 1976.8
1094530 1972.1
1094540 1972.1
1094550 1969.6
1094560 1967.5
1094570 1967.5
1094580 1964.9
1094590 1962.1
1094600 1962.1
1094610 1958.3
1094620 1953.5
1094630 1953.5
1094640 1949.1
1094650 1945.2
1094660 1941.5
1094670 1941.5
1094680 1937.7
1094690 1933.5
1094700 1933.5
1094710 1929.4
1094720 1925.3
1094730 1925.3
1094740 1920.2
1094750 1915.3
1094760 1915.3
1094770 1911.8
1094780 1909.3
1094790 1909.3
1094800 1902.8
1094810 1899.6
1094820 1899.6
1094830 1896.7
1094840 1894.2
1094850 1894.2
1094860 1891.1
1094870 1887.7
1094880 1883.3
1094890 1883.3
1094900 1878.8
1094910 1874.6
1094920 1874.6
1094930 1871.1
1094940 1868.0
1094950 1868.0
1094960 1863.7
1094970 1860.5
1094980 1860.5
1094990 1858.6
1095000 1855.9
1095010 1855.9
1095020 1852.0
1095030 1848.5
1095040 1848.5
1095050 1845.3
1095060 1842.3
1095070 1842.3
1095080 1838.6
1095090 1833.8
1095100 1828.9
1095110 1828.9
1095120 1823.7
1095130 1815.1
1095140 1815.1
1095150 1809.7
1095160 1804.7
1095170 1804.7
1095180 1800.1
1095190 1794.6
1095200 1794.6
1095210 1789.2
1095220 1785.1
1095230 1785.1
1095240 1780.7
1095250 1776.2
1095260 1776.2
1095270 1771.1
1095280 1765.5
1095290 1765.5
1095300 1760.7
1095310 1756.4
1095320 1752.2
1095330 1752.2
1095340 1746.4
1095350 1741.2
1095360 1741.2
1095370 1737.0
1095380 1731.6
1095390 1731.6
1095400 1725.7
1095410 1720.2
1095420 1720.2
1095430 1714.4
1095440 1708.8
1095450 1704.7
1095460 1699.2
1095470 1692.8
1095480 1692.8
1095490 1686.9
1095500 1680.8
1095510 1680.8
1095520 1673.8
1095530 1666.8
1095540 1660.2
1095550 1660.2
1095560 1653.9
1095570 1648.1
1095580 1648.1
1095590 1642.6
1095600 1638.2
1095610 1638.2
1095620 1634.2
1095630 1631.3
1095640 1631.3
1095650 1628.2
1095660 1625.1
1095670 1625.1
1095680 1621.4
1095690 1617.1
1095700 1617.1
1095710 1612.8
1095720 1608.3
1095730 1608.3
1095740 1603.4
1095750 1599.4
1095760 1596.0
1095770 1596.0
1095780 1591.5
1095790 1587.6
1095800 1587.6
1095810 1585.0
1095820 1581.4
1095830 1581.4
1095840 1577.5
1095850 1574.5
1095860 1574.5
1095870 1571.9
1095880 1569.3
1095890 1569.3
1095900 1565.3
1095910 1561.7
1095920 1561.7
1095930 1557.3
1095940 1552.7
1095950 1552.7
1095960 1549.3
1095970 1545.3
1095980 1541.8
1095990 1541.8
1096000 1539.4
1096010 1537.0
1096020 1537.0
1096030 1535.7
1096040 1534.5
1096050 1534.5
1096060 1536.4
1096070 1542.9
1096080 1542.9
1096090 1548.3
1096100 1551.9
1096110 1554.6
1096120 1552.7
1096130 1549.7
1096140 1549.7
1096150 1544.7
1096160 1538.9
1096170 1538.9
1096180 1533.7
1096190 1531.4
1096200 1528.8
1096210 1528.8
1096220 1526.5
1096230 1520.8
1096240 1520.8
1096250 1515.5
1096260 1512.0
1096270 1512.0
1096280 1511.0
1096290 1511.8
1096300 1511.8
1096310 1513.1
1096320 1514.1
1096330 1514.1
1096340 1514.5
1096350 1515.1
1096360 1515.1
1096370 1515.7
1096380 1515.4
1096390 1515.4
1096400 1515.1
1096410 1515.7
1096420 1515.8
1096430 1517.5
1096440 1517.5
1096450 1516.0
1096460 1516.0
1096470 1514.4
1096480 1517.9
1096490 1517.9
1096500 1518.9
1096510 1519.9
1096520 1519.9
1096530 1521.5
1096540 1523.0
1096550 1523.0
1096560 1523.2
1096570 1524.7
1096580 1524.7
1096590 1527.0
1096600 1529.2
1096610 1529.2
1096620 1530.6
1096630 1533.0
1096640 1534.5
1096650 1534.5
1096660 1535.2
1096670 1534.7
1096680 1534.7
1096690 1535.5
1096700 1536.8
1096710 1536.8
1096720 1537.4
1096730 1539.3
1096740 1539.3
1096750 1544.7
1096760 1551.4
1096770 1551.4
1096780 1555.6
1096790 1556.6
1096800 1556.6
1096810 1560.8
1096820 1566.2
1096830 1566.2
1096840 1572.5
1096850 1578.3
1096860 1582.8
1096870 1582.8
1096880 1586.7
1096890 1589.8
1096900 1589.8
1096910 1593.0
1096920 1596.7
1096930 1596.7
1096940 1600.2
1096950 1602.8
1096960 1602.8
1096970 1604.6
1096980 1606.4
1096990 1606.4
1097000 1609.2
1097010 1612.7
1097020 1612.7
1097030 1615.6
1097040 1618.9
1097050 1618.9
1097060 1622.5
1097070 1626.1
1097080 1630.6
1097090 1631.5
1097100 1635.5
1097110 1639.4
1097120 1639.4
1097130 1643.2
1097140 1647.1
1097150 1647.1
1097160 1651.5
1097170 1656.0
1097180 1656.0
1097190 1660.7
1097200 1665.7
1097210 1665.7
1097220 1670.9
1097230 1676.6
1097240 1676.6
1097250 1682.5
1097260 1688.4
1097270 1688.4
1097280 1694.6
1097290 1700.4
1097300 1706.7
1097310 1706.7
1097320 1713.1
1097330 1719.2
1097340 1719.2
1097350 1725.4
1097360 1731.4
1097370 1731.4
1097380 1737.6
1097390 1743.8
1097400 1743.8
1097410 1749.5
1097420 1759.5
1097430 1759.5
1097440 1766.2
1097450 1772.5
1097460 1772.5
1097470 1778.1
1097480 1782.8
1097490 1782.8
1097500 1788.1
1097510 1796.0
1097520 1804.0
1097530 1804.0
1097540 1811.6
1097550 1819.8
1097560 1819.8
1097570 1827.9
1097580 1835.3
1097590 1835.3
1097600 1843.6
1097610 1852.3
1097620 1852.3
1097630 1859.8
1097640 1867.3
1097650 1867.3
1097660 1872.2
1097670 1875.8
1097680 1875.8
1097690 1880.7
1097700 1885.6
1097710 1885.6
1097720 1891.4
1097730 1897.6
1097740 1909.0
1097750 1909.0
1097760 1915.5
1097770 1921.3
1097780 1921.3
1097790 1926.6
1097800 1925.3
1097810 1925.3
1097820 1919.3
1097830 1914.3
1097840 1914.3
1097850 1910.0
1097860 1906.3
1097870 1906.3
1097880 1903.9
1097890 1903.0
1097900 1903.0
1097910 1902.6
1097920 1902.2
1097930 1902.2
1097940 1901.7
1097950 1903.0
1097960 1907.7
1097970 1907.7
1097980 1912.2
1097990 1913.6
1098000 1913.6
1098010 1913.6
1098020 1914.5
1098030 1914.5
1098040 1913.2
1098050 1909.6
1098060 1909.6
1098070 1912.5
1098080 1910.8
1098090 1910.8
1098100 1911.4
1098110 1910.8
1098120 1910.8
1098130 1909.5
1098140 1908.0
1098150 1908.0
1098160 1904.0
1098170 1900.3
1098180 1899.0
1098190 1899.0
1098200 1898.6
1098210 1899.5
1098220 1899.5
1098230 1901.7
1098240 1901.2
1098250 1901.2
1098260 1903.3
1098270 1908.6
1098280 1908.6
1098290 1915.7
1098300 1923.4
1098310 1923.4
1098320 1927.9
1098330 1931.3
1098340 1931.3
1098350 1935.1
1098360 1938.3
1098370 1938.3
1098380 1941.9
1098390 1943.4
1098400 1947.4
1098410 1947.4
1098420 1945.5
1098430 1943.5
1098440 1943.5
1098450 1944.0
1098460 1947.5
1098470 1947.5
1098480 1954.3
1098490 1960.7
1098500 1960.7
1098510 1966.3
1098520 1971.4
1098530 1971.4
1098540 1977.6
1098550 1986.7
1098560 1986.7
1098570 1993.7
1098580 1999.3
1098590 1999.3
1098600 2001.9
1098610 2006.1
1098620 2011.5
1098630 2011.5
1098640 2015.2
1098650 2021.8
1098660 2021.8
1098670 2029.1
1098680 2037.6
1098690 2037.6
1098700 2043.0
1098710 2048.5
1098720 2048.5
1098730 2062.6
1098740 2073.7
1098750 2073.7
1098760 2083.8
1098770 2087.2
1098780 2087.2
1098790 2088.4
1098800 2087.7
1098810 2087.7
1098820 2085.3
1098830 2083.9
1098840 2083.5
1098850 2083.5
1098860 2083.7
1098870 2084.8
1098880 2084.8
1098890 2088.2
1098900 2090.0
1098910 2090.0
1098920 2087.8
1098930 2088.0
1098940 2088.0
1098950 2087.7
1098960 2088.2
1098970 2088.2
1098980 2089.9
1098990 2089.5
1099000 2089.5
1099010 2089.3
1099020 2089.3
1099030 2089.3
1099040 2089.5
1099050 2093.0
1099060 2101.8
1099070 2101.8
1099080 2102.7
1099090 2103.7
1099100 2103.7
1099110 2104.9
1099120 2107.7
1099130 2107.7
1099140 2112.2
1099150 2116.5
1099160 2116.5
1099170 2121.0
1099180 2125.8
1099190 2125.8
1099200 2131.8
1099210 2138.6
1099220 2138.6
1099230 2146.1
1099240 2152.8
1099250 2152.8
1099260 2159.4
1099270 2166.4
1099280 2171.6
1099290 2171.6
1099300 2171.2
1099310 2166.7
1099320 2166.7
1099330 2162.0
1099340 2162.8
1099350 2162.8
1099360 2165.6
1099370 2166.9
1099380 2166.9
1099390 2166.1
1099400 2161.7
1099410 2161.7
1099420 2156.8
1099430 2153.3
1099440 2153.3
1099450 2151.4
1099460 2148.8
1099470 2148.8
1099480 2145.1
1099490 2141.7
1099500 2138.1
1099510 2138.1
1099520 2135.7
1099530 2136.2
1099540 2136.2
1099550 2133.8
1099560 2128.1
1099570 2128.1
1099580 2122.2
1099590 2117.5
1099600 2117.5
1099610 2113.7
1099620 2110.6
1099630 2110.6
1099640 2107.1
1099650 2104.3
1099660 2104.3
1099670 2099.9
1099680 2094.1
1099690 2094.1
1099700 2089.1
1099710 2083.5
1099720 2072.6
1099730 2072.6
1099740 2067.0
1099750 2061.6
1099760 2061.6
1099770 2055.7
1099780 2049.0
1099790 2049.0
1099800 2042.2
1099810 2036.1
1099820 2036.1
1099830 2029.9
1099840 2024.0
1099850 2024.0
1099860 2018.7
1099870 2013.9
1099880 2013.9
1099890 2008.8
1099900 2002.9
1099910 2002.9
1099920 1996.8
1099930 1991.0
1099940 1985.6
1099950 1985.6
1099960 1980.0
1099970 1973.4
1099980 1973.4
1099990 1968.0
