1081060 2310.1
1081070 2318.1
1081080 2318.1
1081090 2318.9
1081100 2318.1
1081110 2318.1
1081120 2321.8
1081130 2328.3
1081140 2328.3
1081150 2335.6
1081160 2340.8
1081170 2350.1
1081180 2350.1
1081190 2352.4
1081200 2351.4
1081210 2351.4
1081220 2357.7
1081230 2366.3
1081240 2366.3
1081250 2374.3
1081260 2376.7
1081270 2376.7
1081280 2364.2
1081290 2363.7
1081300 2363.7
1081310 2371.4
1081320 2370.2
1081330 2370.2
1081340 2369.2
1081350 2371.2
1081360 2371.2
1081370 2375.5
1081380 2376.5
1081390 2374.6
1081400 2374.6
1081410 2370.8
1081420 2366.7
1081430 2366.7
1081440 2367.1
1081450 2377.3
1081460 2377.3
1081470 2388.4
1081480 2399.4
1081490 2399.4
1081500 2412.2
1081510 2428.2
1081520 2428.2
1081530 2444.4
1081540 2454.2
1081550 2454.2
1081560 2457.4
1081570 2462.7
1081580 2462.7
1081590 2464.8
1081600 2472.0
1081610 2476.5
1081620 2476.5
1081630 2478.5
1081640 2476.7
1081650 2476.7
1081660 2472.7
1081670 2484.6
1081680 2484.6
1081690 2492.5
1081700 2505.5
1081710 2505.5
1081720 2517.8
1081730 2516.8
1081740 2516.8
1081750 2524.6
1081760 2528.1
1081770 2528.1
1081780 2529.8
1081790 2537.5
1081800 2537.5
1081810 2545.6
1081820 2552.4
1081830 2553.3
1081840 2553.3
1081850 2551.5
1081860 2549.9
1081870 2549.9
1081880 2549.0
1081890 2548.0
1081900 2548.0
1081910 2542.6
1081920 2540.5
1081930 2540.5
1081940 2538.8
1081950 2532.2
1081960 2532.2
1081970 2524.3
1081980 2520.9
1081990 2520.9
1082000 2519.6
1082010 2523.9
1082020 2523.9
1082030 2520.5
1082040 2509.6
1082050 2500.2
1082060 2500.2
1082070 2492.4
1082080 2484.3
1082090 2484.3
1082100 2473.7
1082110 2461.3
1082120 2461.3
1082130 2462.2
1082140 2465.6
1082150 2465.6
1082160 2476.9
1082170 2486.6
1082180 2486.6
1082190 2496.0
1082200 2513.0
1082210 2513.0
1082220 2506.8
1082230 2512.5
1082240 2512.5
1082250 2510.5
1082260 2503.3
1082270 2498.1
1082280 2498.1
1082290 2490.6
1082300 2485.2
1082310 2485.2
1082320 2483.6
1082330 2479.8
1082340 2479.8
1082350 2477.9
1082360 2474.6
1082370 2474.6
1082380 2472.3
1082390 2469.1
1082400 2469.1
1082410 2463.7
1082420 2455.0
1082430 2455.0
1082440 2448.2
1082450 2437.4
1082460 2437.4
1082470 2427.6
1082480 2425.7
1082490 2424.4
1082500 2424.4
1082510 2418.0
1082520 2415.1
1082530 2415.1
1082540 2403.8
1082550 2400.2
1082560 2400.2
1082570 2396.1
1082580 2392.4
1082590 2392.4
1082600 2389.7
1082610 2388.4
1082620 2388.4
1082630 2385.1
1082640 2380.4
1082650 2380.4
1082660 2375.5
1082670 2373.8
1082680 2373.8
1082690 2371.7
1082700 2368.7
1082710 2366.9
1082720 2366.9
1082730 2364.8
1082740 2362.7
1082750 2362.7
1082760 2361.6
1082770 2360.2
1082780 2360.2
1082790 2359.7
1082800 2360.3
1082810 2360.3
1082820 2363.1
1082830 2369.2
1082840 2369.2
1082850 2353.8
1082860 2356.6
1082870 2356.6
1082880 2359.2
1082890 2361.2
1082900 2361.2
1082910 2362.6
1082920 2368.1
1082930 2368.1
1082940 2374.6
1082950 2376.0
1082960 2382.3
1082970 2382.3
1082980 2395.9
1082990 2400.0
1083000 2400.0
1083010 2397.7
1083020 2394.7
1083030 2394.7
1083040 2389.4
1083050 2382.9
1083060 2382.9
1083070 2378.0
1083080 2376.5
1083090 2376.5
1083100 2379.7
1083110 2377.3
1083120 2377.3
1083130 2378.0
1083140 2380.2
1083150 2380.2
1083160 2381.6
1083170 2353.1
1083180 2360.1
1083190 2360.1
1083200 2365.0
1083210 2363.3
1083220 2363.3
1083230 2366.8
1083240 2365.6
1083250 2365.6
1083260 2361.1
1083270 2355.9
1083280 2355.9
1083290 2349.2
1083300 2340.6
1083310 2340.6
1083320 2332.6
1083330 2333.0
1083340 2333.0
1083350 2338.1
1083360 2341.4
1083370 2341.4
1083380 2345.3
1083390 2347.9
1083400 2350.8
1083410 2350.8
1083420 2352.8
1083430 2351.0
1083440 2351.0
1083450 2337.1
1083460 2329.1
1083470 2329.1
1083480 2340.4
1083490 2330.7
1083500 2330.7
1083510 2326.5
1083520 2317.3
1083530 2317.3
1083540 2312.3
1083550 2309.4
1083560 2309.4
1083570 2303.7
1083580 2294.0
1083590 2294.0
1083600 2296.2
1083610 2293.6
1083620 2286.6
1083630 2286.6
1083640 2281.3
1083650 2278.4
1083660 2278.4
1083670 2274.3
1083680 2270.3
1083690 2270.3
1083700 2268.0
1083710 2266.6
1083720 2266.6
1083730 2265.5
1083740 2262.5
1083750 2262.5
1083760 2252.7
1083770 2240.8
1083780 2240.8
1083790 2234.4
1083800 2245.2
1083810 2245.2
1083820 2242.7
1083830 2243.9
1083840 2244.2
1083850 2244.2
1083860 2239.5
1083870 2236.9
1083880 2236.9
1083890 2235.0
1083900 2234.4
1083910 2234.4
1083920 2235.8
1083930 2232.8
1083940 2232.8
1083950 2231.5
1083960 2230.9
1083970 2230.9
1083980 2230.4
1083990 2231.2
1084000 2231.2
1084010 2231.4
1084020 2230.5
1084030 2230.5
1084040 2232.9
1084050 2236.0
1084060 2235.5
1084070 2235.5
1084080 2232.1
1084090 2230.2
1084100 2230.2
1084110 2232.2
1084120 2239.9
1084130 2239.9
1084140 2241.5
1084150 2244.4
1084160 2244.4
1084170 2245.2
1084180 2245.7
1084190 2245.7
1084200 2246.1
1084210 2247.6
1084220 2247.6
1084230 2246.8
1084240 2248.4
1084250 2248.4
1084260 2253.2
1084270 2263.3
1084280 2274.7
1084290 2274.7
1084300 2284.5
1084310 2290.9
1084320 2290.9
1084330 2297.9
1084340 2300.6
1084350 2300.6
1084360 2293.9
1084370 2290.7
1084380 2290.7
1084390 2298.0
1084400 2310.8
1084410 2310.8
1084420 2313.0
1084430 2325.3
1084440 2325.3
1084450 2331.5
1084460 2356.3
1084470 2356.3
1084480 2367.5
1084490 2378.2
1084500 2383.6
1084510 2383.6
1084520 2392.2
1084530 2391.7
1084540 2391.7
1084550 2388.4
1084560 2383.8
1084570 2383.8
1084580 2383.7
1084590 2374.2
1084600 2374.2
1084610 2364.9
1084620 2344.4
1084630 2344.4
1084640 2336.0
1084650 2318.6
1084660 2318.6
1084670 2306.9
1084680 2300.2
1084690 2300.2
1084700 2294.2
1084710 2289.2
1084720 2284.8
1084730 2284.8
1084740 2279.5
1084750 2269.3
1084760 2269.3
1084770 2264.5
1084780 2260.5
1084790 2260.5
1084800 2255.9
1084810 2251.0
1084820 2251.0
1084830 2245.3
1084840 2239.5
1084850 2239.5
1084860 2233.7
1084870 2227.6
1084880 2227.6
1084890 2221.6
1084900 2216.0
1084910 2216.0
1084920 2211.8
1084930 2208.3
1084940 2204.8
1084950 2204.8
1084960 2201.1
1084970 2197.4
1084980 2197.4
1084990 2194.0
1085000 2190.7
1085010 2190.7
1085020 2187.7
1085030 2186.1
1085040 2186.1
1085050 2185.2
1085060 2183.1
1085070 2177.3
1085080 2174.6
1085090 2172.0
1085100 2172.0
1085110 2170.8
1085120 2169.1
1085130 2169.1
1085140 2168.7
1085150 2168.4
1085160 2168.2
1085170 2168.2
1085180 2167.3
1085190 2166.8
1085200 2166.8
1085210 2167.0
1085220 2167.0
1085230 2167.0
1085240 2167.7
1085250 2166.4
1085260 2166.4
1085270 2163.4
1085280 2165.4
1085290 2165.4
1085300 2166.6
1085310 2166.9
1085320 2166.9
1085330 2161.5
1085340 2153.9
1085350 2153.9
1085360 2148.9
1085370 2144.4
1085380 2139.4
1085390 2145.4
1085400 2145.6
1085410 2143.6
1085420 2143.6
1085430 2132.0
1085440 2126.7
1085450 2126.7
1085460 2120.6
1085470 2114.9
1085480 2114.9
1085490 2109.4
1085500 2104.5
1085510 2104.5
1085520 2099.6
1085530 2095.3
1085540 2095.3
1085550 2091.7
1085560 2089.2
1085570 2089.2
1085580 2086.2
1085590 2083.4
1085600 2082.7
1085610 2082.7
1085620 2080.0
1085630 2077.9
1085640 2077.9
1085650 2079.0
1085660 2079.4
1085670 2079.4
1085680 2077.3
1085690 2074.4
1085700 2076.0
1085710 2075.9
1085720 2073.5
1085730 2073.5
1085740 2072.0
1085750 2069.0
1085760 2069.0
1085770 2068.1
1085780 2067.6
1085790 2067.6
1085800 2068.4
1085810 2070.0
1085820 2070.8
1085830 2070.8
1085840 2069.8
1085850 2067.6
1085860 2067.6
1085870 2065.5
1085880 2062.5
1085890 2062.5
1085900 2059.7
1085910 2057.7
1085920 2057.7
1085930 2056.0
1085940 2049.8
1085950 2049.8
1085960 2044.2
1085970 2040.9
1085980 2040.9
1085990 2038.4
1086000 2035.7
1086010 2035.7
1086020 2035.4
1086030 2036.2
1086040 2036.4
1086050 2036.4
1086060 2036.9
1086070 2036.9
1086080 2036.9
1086090 2035.9
1086100 2034.3
1086110 2034.3
1086120 2033.3
1086130 2032.2
1086140 2032.2
1086150 2031.5
1086160 2031.4
1086170 2031.4
1086180 2032.1
1086190 2033.2
1086200 2033.2
1086210 2036.6
1086220 2041.2
1086230 2041.2
1086240 2046.2
1086250 2050.2
1086260 2052.2
1086270 2052.2
1086280 2054.7
1086290 2057.1
1086300 2057.1
1086310 2060.3
1086320 2063.5
1086330 2063.5
1086340 2076.0
1086350 2078.6
1086360 2078.6
1086370 2083.7
1086380 2085.6
1086390 2085.6
1086400 2090.8
1086410 2097.4
1086420 2097.4
1086430 2102.8
1086440 2107.6
1086450 2107.6
1086460 2112.0
1086470 2116.5
1086480 2123.2
1086490 2123.2
1086500 2130.7
1086510 2137.8
1086520 2137.8
1086530 2144.7
1086540 2151.2
1086550 2151.2
1086560 2162.8
1086570 2194.4
1086580 2194.4
1086590 2207.4
1086600 2215.7
1086610 2215.7
1086620 2221.3
1086630 2226.4
1086640 2226.4
1086650 2231.6
1086660 2236.8
1086670 2236.8
1086680 2246.7
1086690 2251.7
1086700 2255.8
1086710 2255.8
1086720 2257.9
1086730 2258.5
1086740 2258.5
1086750 2259.8
1086760 2260.5
1086770 2260.5
1086780 2259.9
1086790 2258.6
1086800 2258.6
1086810 2255.2
1086820 2252.9
1086830 2252.9
1086840 2251.9
1086850 2250.2
1086860 2250.2
1086870 2247.6
1086880 2244.7
1086890 2244.7
1086900 2241.8
1086910 2239.3
1086920 2236.0
1086930 2236.0
1086940 2234.1
1086950 2233.4
1086960 2233.4
1086970 2232.6
1086980 2226.1
1086990 2226.1
1087000 2226.0
1087010 2226.7
1087020 2226.7
1087030 2226.9
1087040 2226.6
1087050 2226.6
1087060 2226.5
1087070 2225.3
1087080 2225.3
1087090 2223.7
1087100 2223.8
1087110 2223.8
1087120 2223.5
1087130 2223.4
1087140 2223.1
1087150 2223.1
1087160 2222.0
1087170 2222.2
1087180 2222.2
1087190 2221.7
1087200 2223.7
1087210 2223.7
1087220 2227.1
1087230 2231.8
1087240 2231.8
1087250 2234.8
1087260 2236.7
1087270 2236.7
1087280 2238.4
1087290 2239.6
1087300 2236.8
1087310 2237.4
1087320 2237.6
1087330 2237.6
1087340 2237.7
1087350 2238.0
1087360 2238.6
1087370 2238.6
1087380 2239.3
1087390 2239.9
1087400 2239.9
1087410 2241.8
1087420 2243.1
1087430 2243.1
1087440 2244.9
1087450 2246.8
1087460 2246.8
1087470 2248.9
1087480 2250.8
1087490 2250.8
1087500 2252.2
1087510 2253.5
1087520 2253.5
1087530 2254.9
1087540 2256.4
1087550 2256.4
1087560 2258.1
1087570 2260.2
1087580 2262.1
1087590 2262.1
1087600 2264.4
1087610 2266.6
1087620 2264.6
1087630 2266.1
1087640 2269.0
1087650 2269.0
1087660 2271.8
1087670 2273.7
1087680 2273.7
1087690 2274.8
1087700 2277.8
1087710 2277.8
1087720 2282.7
1087730 2286.9
1087740 2286.9
1087750 2291.2
1087760 2295.7
1087770 2295.7
1087780 2300.0
1087790 2304.0
1087800 2304.0
1087810 2308.3
1087820 2312.6
1087830 2316.0
1087840 2316.0
1087850 2318.1
1087860 2318.5
1087870 2318.5
1087880 2317.7
1087890 2316.7
1087900 2316.7
1087910 2317.2
1087920 2318.2
1087930 2317.6
1087940 2319.3
1087950 2322.9
1087960 2322.9
1087970 2327.1
1087980 2331.1
1087990 2331.1
1088000 2334.7
1088010 2338.2
1088020 2338.2
1088030 2342.2
1088040 2345.8
1088050 2349.0
1088060 2349.0
1088070 2351.4
1088080 2353.6
1088090 2353.6
1088100 2356.4
1088110 2359.2
1088120 2359.2
1088130 2362.5
1088140 2366.1
1088150 2366.1
1088160 2370.1
1088170 2374.0
1088180 2374.0
1088190 2376.9
1088200 2377.5
1088210 2377.5
1088220 2377.7
1088230 2378.9
1088240 2378.9
1088250 2371.3
1088260 2374.0
1088270 2376.7
1088280 2376.7
1088290 2379.4
1088300 2386.8
1088310 2386.8
1088320 2391.5
1088330 2387.9
1088340 2387.9
1088350 2382.6
1088360 2378.6
1088370 2378.6
1088380 2377.1
1088390 2375.3
1088400 2375.3
1088410 2370.5
1088420 2365.5
1088430 2365.5
1088440 2362.3
1088450 2361.7
1088460 2361.7
1088470 2360.4
1088480 2358.4
1088490 2354.3
1088500 2354.3
1088510 2346.6
1088520 2338.3
1088530 2338.3
1088540 2330.1
1088550 2324.0
1088560 2324.0
1088570 2320.6
1088580 2311.3
1088590 2311.3
1088600 2302.8
1088610 2294.9
1088620 2294.9
1088630 2287.6
1088640 2280.8
1088650 2280.8
1088660 2274.0
1088670 2268.0
1088680 2268.0
1088690 2262.2
1088700 2257.7
1088710 2254.8
1088720 2254.8
1088730 2252.5
1088740 2249.4
1088750 2249.4
1088760 2247.1
1088770 2243.3
1088780 2243.3
1088790 2237.3
1088800 2231.6
1088810 2231.6
1088820 2225.4
1088830 2219.9
1088840 2219.9
1088850 2216.5
1088860 2214.2
1088870 2214.2
1088880 2212.9
1088890 2211.8
1088900 2210.6
1088910 2208.4
1088920 2205.2
1088930 2202.2
1088940 2202.2
1088950 2199.1
1088960 2195.0
1088970 2195.0
1088980 2189.8
1088990 2184.4
1089000 2184.4
1089010 2179.7
1089020 2176.0
1089030 2176.0
1089040 2172.0
1089050 2167.4
1089060 2167.4
1089070 2162.5
1089080 2158.0
1089090 2158.0
1089100 2151.8
1089110 2143.8
1089120 2143.8
1089130 2137.6
1089140 2132.2
1089150 2127.5
1089160 2127.5
1089170 2123.6
1089180 2119.9
1089190 2119.9
1089200 2116.1
1089210 2111.1
1089220 2115.3
1089230 2108.6
1089240 2101.8
1089250 2101.8
1089260 2096.1
1089270 2091.6
1089280 2091.6
1089290 2086.5
1089300 2081.5
1089310 2081.5
1089320 2077.0
1089330 2072.2
1089340 2072.2
1089350 2068.3
1089360 2065.9
1089370 2064.7
1089380 2064.7
1089390 2064.8
1089400 2065.4
1089410 2065.4
1089420 2065.2
1089430 2063.4
1089440 2063.4
1089450 2061.9
1089460 2059.0
1089470 2059.0
1089480 2054.0
1089490 2050.4
1089500 2050.4
1089510 2049.0
1089520 2048.7
1089530 2048.7
1089540 2050.3
1089550 2050.2
1089560 2050.2
1089570 2050.0
1089580 2049.6
1089590 2048.8
1089600 2048.8
1089610 2048.3
1089620 2048.8
1089630 2048.8
1089640 2050.9
1089650 2053.5
1089660 2053.5
1089670 2055.7
1089680 2057.3
1089690 2057.3
1089700 2058.6
1089710 2060.5
1089720 2060.5
1089730 2063.6
1089740 2068.2
1089750 2068.2
1089760 2071.8
1089770 2074.3
1089780 2074.3
1089790 2077.0
1089800 2081.2
1089810 2085.3
1089820 2085.3
1089830 2088.6
1089840 2091.9
1089850 2091.9
1089860 2100.5
1089870 2105.6
1089880 2105.6
1089890 2110.9
1089900 2114.5
1089910 2114.5
1089920 2118.3
1089930 2122.3
1089940 2122.3
1089950 2127.8
1089960 2133.7
1089970 2133.7
1089980 2139.0
1089990 2146.0
1090000 2146.0
1090010 2153.6
1090020 2161.0
1090030 2171.3
1090040 2171.3
1090050 2181.2
1090060 2190.4
1090070 2190.4
1090080 2197.4
1090090 2203.5
1090100 2203.5
1090110 2205.7
1090120 2209.0
1090130 2209.0
1090140 2212.8
1090150 2216.3
1090160 2216.3
1090170 2219.7
1090180 2225.4
1090190 2225.4
1090200 2223.7
1090210 2223.1
1090220 2223.1
1090230 2223.6
1090240 2222.3
1090250 2221.7
1090260 2221.7
1090270 2219.1
1090280 2207.1
1090290 2207.1
1090300 2199.1
1090310 2199.9
1090320 2199.9
1090330 2199.8
1090340 2198.3
1090350 2198.3
1090360 2198.3
1090370 2197.2
1090380 2197.2
1090390 2193.8
1090400 2187.5
1090410 2187.5
1090420 2181.2
1090430 2176.3
1090440 2176.3
1090450 2171.3
1090460 2166.9
1090470 2164.3
1090480 2164.3
1090490 2163.1
1090500 2169.6
1090510 2169.6
1090520 2171.2
1090530 2177.7
1090540 2177.7
1090550 2181.8
1090560 2177.9
1090570 2177.9
1090580 2178.8
1090590 2182.3
1090600 2182.3
1090610 2171.8
1090620 2163.8
1090630 2163.8
1090640 2155.8
1090650 2137.8
1090660 2137.8
1090670 2125.0
1090680 2115.9
1090690 2108.2
1090700 2108.2
1090710 2100.1
1090720 2091.3
1090730 2091.3
1090740 2084.1
1090750 2076.6
1090760 2076.6
1090770 2069.2
1090780 2062.9
1090790 2062.9
1090800 2058.0
1090810 2053.9
1090820 2056.6
1090830 2052.3
1090840 2048.2
1090850 2048.2
1090860 2044.4
1090870 2044.4
1090880 2044.4
1090890 2040.2
1090900 2036.6
1090910 2035.1
1090920 2035.1
1090930 2035.8
1090940 2035.3
1090950 2035.3
1090960 2035.4
1090970 2034.2
1090980 2034.2
1090990 2032.3
1091000 2030.2
1091010 2030.2
1091020 2029.7
1091030 2027.2
1091040 2027.2
1091050 2025.0
1091060 2025.6
1091070 2025.6
1091080 2028.1
1091090 2031.2
1091100 2031.2
1091110 2033.7
1091120 2034.3
1091130 2035.9
1091140 2038.1
1091150 2041.3
1091160 2041.9
1091170 2041.9
1091180 2040.1
1091190 2038.9
1091200 2038.9
1091210 2038.8
1091220 2040.6
1091230 2040.6
1091240 2042.4
1091250 2043.0
1091260 2043.0
1091270 2042.3
1091280 2042.0
1091290 2042.0
1091300 2041.6
1091310 2042.1
1091320 2042.1
1091330 2043.4
1091340 2044.4
1091350 2046.3
1091360 2046.3
1091370 2048.6
1091380 2051.5
1091390 2051.5
1091400 2055.3
1091410 2059.2
1091420 2059.2
1091430 2062.8
1091440 2065.9
1091450 2065.9
1091460 2067.1
1091470 2070.5
1091480 2070.5
1091490 2069.1
1091500 2069.0
1091510 2069.0
1091520 2073.2
1091530 2078.0
1091540 2078.0
1091550 2078.5
1091560 2080.0
1091570 2081.7
1091580 2081.7
1091590 2083.5
1091600 2086.2
1091610 2086.2
1091620 2090.0
1091630 2094.5
1091640 2094.5
1091650 2099.6
1091660 2105.6
1091670 2105.6
1091680 2111.1
1091690 2116.1
1091700 2116.1
1091710 2121.0
1091720 2126.3
1091730 2126.3
1091740 2132.5
1091750 2138.9
1091760 2138.9
1091770 2145.0
1091780 2149.7
1091790 2149.5
1091800 2149.5
1091810 2154.5
1091820 2159.7
1091830 2159.7
1091840 2165.2
1091850 2172.1
1091860 2172.1
1091870 2179.5
1091880 2188.7
1091890 2188.7
1091900 2196.4
1091910 2203.4
1091920 2203.4
1091930 2209.1
1091940 2216.3
1091950 2216.3
1091960 2222.3
1091970 2228.3
1091980 2228.3
1091990 2235.6
1092000 2242.1
1092010 2248.4
1092020 2248.4
1092030 2255.9
1092040 2264.7
1092050 2264.7
1092060 2275.6
1092070 2285.7
1092080 2285.7
1092090 2293.1
1092100 2301.5
1092110 2297.6
1092120 2306.1
1092130 2316.4
1092140 2316.4
1092150 2324.8
1092160 2330.2
1092170 2330.2
1092180 2334.4
1092190 2338.7
1092200 2338.7
1092210 2339.6
1092220 2339.2
1092230 2338.4
1092240 2338.4
1092250 2335.0
1092260 2329.0
1092270 2329.0
1092280 2323.1
1092290 2319.4
1092300 2319.4
1092310 2318.7
1092320 2317.3
1092330 2317.3
1092340 2316.0
1092350 2314.5
1092360 2314.5
1092370 2314.7
1092380 2314.4
1092390 2314.4
1092400 2314.7
1092410 2314.8
1092420 2314.8
1092430 2316.0
1092440 2330.1
1092450 2321.7
1092460 2321.7
1092470 2321.5
1092480 2325.2
1092490 2325.2
1092500 2328.8
1092510 2331.3
1092520 2331.3
1092530 2328.9
1092540 2325.8
1092550 2325.8
1092560 2327.1
1092570 2327.8
1092580 2327.8
1092590 2327.3
1092600 2325.4
1092610 2325.4
1092620 2319.9
1092630 2318.1
1092640 2318.1
1092650 2316.8
1092660 2314.6
1092670 2313.9
1092680 2313.9
1092690 2306.8
1092700 2298.7
1092710 2298.7
1092720 2288.2
1092730 2281.5
1092740 2281.5
1092750 2277.6
1092760 2259.9
1092770 2259.9
1092780 2257.8
1092790 2255.3
1092800 2255.3
1092810 2253.8
1092820 2252.9
1092830 2252.9
1092840 2249.0
1092850 2246.9
1092860 2246.9
1092870 2248.9
1092880 2251.8
1092890 2253.0
1092900 2253.0
1092910 2254.1
1092920 2255.2
1092930 2255.2
1092940 2254.8
1092950 2254.4
1092960 2254.4
1092970 2254.7
1092980 2257.0
1092990 2257.0
1093000 2259.2
1093010 2259.4
1093020 2259.4
1093030 2259.4
1093040 2259.3
1093050 2259.3
1093060 2254.0
1093070 2248.4
1093080 2240.9
1093090 2237.0
1093100 2234.1
1093110 2231.1
1093120 2231.1
1093130 2228.6
1093140 2227.3
1093150 2227.3
1093160 2225.5
1093170 2222.8
1093180 2222.8
1093190 2219.2
1093200 2217.5
1093210 2217.5
1093220 2216.4
1093230 2216.9
1093240 2216.9
1093250 2217.2
1093260 2217.1
1093270 2217.1
1093280 2218.2
1093290 2219.0
1093300 2219.0
1093310 2220.5
1093320 2221.5
1093330 2222.0
1093340 2222.0
1093350 2222.7
1093360 2223.9
1093370 2223.9
1093380 2225.9
1093390 2228.9
1093400 2228.9
1093410 2220.9
1093420 2220.2
1093430 2220.2
1093440 2223.6
1093450 2226.9
1093460 2226.9
1093470 2228.1
1093480 2228.8
1093490 2228.8
1093500 2228.5
1093510 2229.5
1093520 2229.5
1093530 2231.3
1093540 2231.2
1093550 2229.2
1093560 2229.2
1093570 2225.7
1093580 2221.4
1093590 2221.4
1093600 2217.6
1093610 2215.2
1093620 2215.2
1093630 2214.1
1093640 2213.3
1093650 2213.3
1093660 2212.1
1093670 2210.3
1093680 2210.3
1093690 2205.7
1093700 2202.1
1093710 2202.1
1093720 2199.0
1093730 2186.2
1093740 2186.2
1093750 2182.4
1093760 2181.1
1093770 2182.1
1093780 2182.1
1093790 2183.7
1093800 2184.7
1093810 2184.7
1093820 2186.2
1093830 2188.4
1093840 2188.4
1093850 2190.7
1093860 2194.4
1093870 2194.4
1093880 2197.9
1093890 2202.3
1093900 2202.3
1093910 2206.4
1093920 2211.8
1093930 2211.8
1093940 2218.5
1093950 2228.1
1093960 2228.1
1093970 2236.9
1093980 2243.6
1093990 2250.8
1094000 2250.8
1094010 2260.0
1094020 2269.4
1094030 2269.4
1094040 2276.8
1094050 2282.8
1094060 2284.7
1094070 2284.3
1094080 2280.5
1094090 2280.5
1094100 2277.3
1094110 2269.3
1094120 2269.3
1094130 2262.2
1094140 2253.9
1094150 2253.9
1094160 2246.3
1094170 2240.4
1094180 2240.4
1094190 2232.7
1094200 2221.4
1094210 2211.2
1094220 2211.2
1094230 2202.0
1094240 2192.3
1094250 2192.3
1094260 2181.3
1094270 2173.5
1094280 2173.5
1094290 2167.3
1094300 2161.5
1094310 2161.5
1094320 2153.5
1094330 2146.6
1094340 2146.6
1094350 2140.7
1094360 2134.5
1094370 2134.5
1094380 2125.4
1094390 2120.2
1094400 2120.2
1094410 2108.2
1094420 2098.9
1094430 2098.9
1094440 2091.7
1094450 2082.6
1094460 2075.7
1094470 2075.7
1094480 2071.4
1094490 2066.7
1094500 2066.7
1094510 2060.2
1094520 2051.2
1094530 2051.2
1094540 2040.9
1094550 2029.7
1094560 2029.7
1094570 2023.1
1094580 2017.2
1094590 2017.2
1094600 2011.5
1094610 2005.8
1094620 2005.8
1094630 2000.6
1094640 1995.8
1094650 1995.8
1094660 1991.0
1094670 1985.9
1094680 1981.3
1094690 1981.3
1094700 1976.4
1094710 1967.7
1094720 1967.7
1094730 1961.8
1094740 1956.0
1094750 1956.0
1094760 1950.0
1094770 1943.6
1094780 1943.6
1094790 1938.0
1094800 1932.4
1094810 1932.4
1094820 1926.4
1094830 1919.4
1094840 1919.4
1094850 1912.9
1094860 1907.1
1094870 1907.1
1094880 1901.5
1094890 1895.6
1094900 1889.5
1094910 1889.5
1094920 1883.7
1094930 1878.1
1094940 1878.1
1094950 1872.3
1094960 1865.4
1094970 1865.4
1094980 1858.3
1094990 1851.2
1095000 1851.2
1095010 1844.2
1095020 1834.7
1095030 1836.7
1095040 1827.4
1095050 1818.0
1095060 1818.0
1095070 1810.4
1095080 1801.8
1095090 1801.8
1095100 1793.0
1095110 1785.2
1095120 1778.1
1095130 1778.1
1095140 1771.2
1095150 1764.1
1095160 1764.1
1095170 1756.7
1095180 1750.2
1095190 1750.2
1095200 1744.0
1095210 1737.6
1095220 1737.6
1095230 1731.1
1095240 1725.0
1095250 1725.0
1095260 1719.1
1095270 1713.3
1095280 1713.3
1095290 1707.5
1095300 1701.9
1095310 1701.9
1095320 1696.4
1095330 1690.7
1095340 1684.7
1095350 1684.7
1095360 1677.2
1095370 1671.7
1095380 1671.7
1095390 1666.4
1095400 1661.0
1095410 1661.0
1095420 1655.7
1095430 1650.5
1095440 1650.5
1095450 1645.3
1095460 1640.0
1095470 1640.0
1095480 1634.9
1095490 1629.8
1095500 1629.8
1095510 1624.9
1095520 1620.2
1095530 1620.2
1095540 1615.5
1095550 1611.1
1095560 1606.8
1095570 1606.8
1095580 1602.5
1095590 1598.4
1095600 1598.4
1095610 1594.2
1095620 1591.0
1095630 1591.0
1095640 1587.3
1095650 1583.7
1095660 1583.7
1095670 1580.1
1095680 1576.7
1095690 1576.7
1095700 1573.1
1095710 1570.0
1095720 1570.0
1095730 1566.8
1095740 1564.0
1095750 1564.0
1095760 1561.6
1095770 1559.1
1095780 1556.8
1095790 1556.8
1095800 1554.2
1095810 1551.7
1095820 1551.7
1095830 1549.2
1095840 1547.2
1095850 1547.2
1095860 1545.4
1095870 1543.6
1095880 1543.6
1095890 1542.1
1095900 1540.6
1095910 1540.6
1095920 1538.8
1095930 1537.3
1095940 1537.3
1095950 1535.8
1095960 1534.3
1095970 1534.3
1095980 1533.2
1095990 1532.2
1096000 1531.3
1096010 1531.6
1096020 1530.5
1096030 1529.6
1096040 1529.6
1096050 1528.6
1096060 1527.7
1096070 1527.7
1096080 1526.7
1096090 1525.5
1096100 1525.5
1096110 1524.4
1096120 1523.9
1096130 1523.9
1096140 1522.9
1096150 1521.9
1096160 1521.9
1096170 1518.3
1096180 1512.7
1096190 1512.7
1096200 1506.7
1096210 1500.6
1096220 1495.3
1096230 1495.3
1096240 1492.8
1096250 1491.6
1096260 1491.6
1096270 1489.5
1096280 1486.9
1096290 1486.9
1096300 1490.6
1096310 1494.0
1096320 1494.0
1096330 1491.9
1096340 1492.5
1096350 1492.5
1096360 1485.5
1096370 1478.8
1096380 1478.8
1096390 1472.4
1096400 1470.0
1096410 1470.0
1096420 1469.6
1096430 1470.5
1096440 1469.5
1096450 1469.5
1096460 1466.7
1096470 1462.1
1096480 1462.1
1096490 1458.0
1096500 1454.7
1096510 1454.7
1096520 1453.9
1096530 1451.7
1096540 1451.7
1096550 1450.5
1096560 1447.8
1096570 1447.8
1096580 1445.2
1096590 1449.0
1096600 1449.0
1096610 1452.6
1096620 1454.6
1096630 1454.6
1096640 1454.4
1096650 1454.6
1096660 1457.0
1096670 1457.0
1096680 1457.9
1096690 1461.4
1096700 1461.4
1096710 1466.2
1096720 1470.7
1096730 1470.7
1096740 1474.3
1096750 1474.8
1096760 1474.8
1096770 1473.1
1096780 1470.7
1096790 1470.7
1096800 1469.0
1096810 1469.3
1096820 1469.3
1096830 1470.5
1096840 1470.1
1096850 1470.1
1096860 1469.5
1096870 1472.2
1096880 1474.7
1096890 1474.7
1096900 1476.6
1096910 1477.8
1096920 1477.8
1096930 1477.8
1096940 1480.3
1096950 1480.3
1096960 1484.0
1096970 1488.2
1096980 1488.2
1096990 1495.0
1097000 1498.8
1097010 1498.8
1097020 1503.0
1097030 1506.8
1097040 1506.8
1097050 1509.6
1097060 1511.7
1097070 1511.7
1097080 1515.3
1097090 1519.7
1097100 1526.0
1097110 1526.0
1097120 1530.5
1097130 1535.5
1097140 1535.5
1097150 1541.0
1097160 1546.8
1097170 1546.8
1097180 1553.0
1097190 1559.5
1097200 1559.5
1097210 1566.8
1097220 1574.0
1097230 1574.0
1097240 1581.6
1097250 1590.3
1097260 1590.3
1097270 1598.9
1097280 1607.5
1097290 1607.5
1097300 1615.9
1097310 1630.7
1097320 1646.1
1097330 1646.1
1097340 1654.5
1097350 1669.3
1097360 1669.3
1097370 1686.8
1097380 1693.5
1097390 1693.5
1097400 1704.6
1097410 1713.9
1097420 1713.9
1097430 1714.8
1097440 1714.3
1097450 1714.3
1097460 1718.6
1097470 1723.4
1097480 1723.4
1097490 1729.3
1097500 1736.5
1097510 1736.5
1097520 1745.0
1097530 1754.1
1097540 1763.3
1097550 1763.3
1097560 1770.6
1097570 1774.2
1097580 1774.2
1097590 1775.8
1097600 1776.5
1097610 1776.5
1097620 1776.6
1097630 1776.4
1097640 1776.4
1097650 1782.8
1097660 1782.4
1097670 1782.4
1097680 1783.5
1097690 1786.9
1097700 1786.9
1097710 1789.9
1097720 1791.5
1097730 1791.5
1097740 1791.9
1097750 1788.3
1097760 1783.3
1097770 1783.3
1097780 1779.2
1097790 1775.8
1097800 1775.8
1097810 1773.2
1097820 1772.0
1097830 1772.0
1097840 1771.5
1097850 1768.1
1097860 1768.1
1097870 1765.8
1097880 1767.5
1097890 1767.5
1097900 1770.3
1097910 1770.9
1097920 1770.9
1097930 1769.4
1097940 1769.0
1097950 1769.0
1097960 1769.0
1097970 1771.8
1097980 1774.1
1097990 1774.1
1098000 1777.2
1098010 1782.8
1098020 1782.8
1098030 1788.6
1098040 1793.1
1098050 1793.1
1098060 1797.2
1098070 1800.4
1098080 1800.4
1098090 1803.2
1098100 1806.5
1098110 1806.5
1098120 1810.4
1098130 1814.1
1098140 1814.1
1098150 1817.2
1098160 1821.2
1098170 1821.2
1098180 1825.8
1098190 1829.8
1098200 1833.0
1098210 1833.0
1098220 1836.2
1098230 1839.6
1098240 1839.6
1098250 1843.2
1098260 1846.8
1098270 1846.8
1098280 1849.3
1098290 1851.4
1098300 1851.7
1098310 1854.9
1098320 1858.3
1098330 1858.3
1098340 1863.0
1098350 1867.9
1098360 1867.9
1098370 1871.8
1098380 1876.9
1098390 1876.9
1098400 1881.9
1098410 1888.3
1098420 1894.4
1098430 1894.4
1098440 1899.1
1098450 1904.4
1098460 1904.4
1098470 1908.7
1098480 1912.3
1098490 1912.3
1098500 1914.6
1098510 1916.4
1098520 1916.4
1098530 1918.9
1098540 1921.9
1098550 1921.9
1098560 1927.0
1098570 1930.2
1098580 1930.2
1098590 1932.3
1098600 1935.8
1098610 1935.8
1098620 1939.2
1098630 1945.2
1098640 1947.3
1098650 1947.3
1098660 1952.8
1098670 1957.6
1098680 1957.6
1098690 1959.3
1098700 1958.3
1098710 1958.3
1098720 1957.3
1098730 1957.1
1098740 1957.1
1098750 1956.3
1098760 1956.6
1098770 1956.6
1098780 1957.8
1098790 1960.6
1098800 1960.6
1098810 1962.7
1098820 1963.3
1098830 1963.3
1098840 1963.1
1098850 1965.4
1098860 1970.7
1098870 1970.7
1098880 1975.6
1098890 1977.6
1098900 1977.6
1098910 1977.7
1098920 1977.5
1098930 1977.5
1098940 1977.0
1098950 1977.5
1098960 1980.6
1098970 1982.3
1098980 1985.2
1098990 1985.2
1099000 1990.6
1099010 1996.3
1099020 1996.3
1099030 2002.6
1099040 2008.8
1099050 2008.8
1099060 2015.1
1099070 2021.1
1099080 2026.9
1099090 2026.9
1099100 2034.5
1099110 2044.6
1099120 2044.6
1099130 2051.1
1099140 2057.9
1099150 2057.9
1099160 2064.9
1099170 2071.2
1099180 2071.2
1099190 2079.4
1099200 2088.4
1099210 2088.4
1099220 2094.1
1099230 2098.9
1099240 2098.9
1099250 2102.6
1099260 2103.3
1099270 2103.3
1099280 2102.4
1099290 2109.6
1099300 2110.8
1099310 2110.8
1099320 2111.4
1099330 2113.4
1099340 2113.4
1099350 2117.0
1099360 2119.7
1099370 2119.7
1099380 2121.4
1099390 2124.4
1099400 2124.4
1099410 2127.0
1099420 2128.8
1099430 2128.8
1099440 2130.7
1099450 2132.8
1099460 2132.8
1099470 2135.9
1099480 2140.6
1099490 2140.6
1099500 2145.8
1099510 2149.2
1099520 2151.9
1099530 2151.9
1099540 2154.3
1099550 2154.0
1099560 2154.0
1099570 2150.6
1099580 2147.2
1099590 2147.2
1099600 2144.6
1099610 2143.0
1099620 2146.7
1099630 2142.0
1099640 2136.9
1099650 2136.9
1099660 2130.0
1099670 2123.4
1099680 2123.4
1099690 2117.1
1099700 2111.1
1099710 2111.1
1099720 2105.3
1099730 2098.8
1099740 2093.0
1099750 2093.0
1099760 2086.9
1099770 2080.1
1099780 2080.1
1099790 2073.0
1099800 2065.3
1099810 2065.3
1099820 2058.2
1099830 2051.4
1099840 2051.4
1099850 2045.2
1099860 2039.6
1099870 2039.6
1099880 2034.3
1099890 2029.5
1099900 2029.5
1099910 2026.2
1099920 2021.8
1099930 2021.8
1099940 2017.7
1099950 2009.7
1099960 2007.8
1099970 2007.8
1099980 2005.7
1099990 2003.4
