1080950 2304.0
1080960 2304.0
1080970 2303.5
1080980 2303.7
1080990 2295.9
1081000 2304.3
1081010 2312.7
1081020 2312.7
1081030 2320.2
1081040 2332.1
1081050 2344.7
1081060 2344.7
1081070 2347.8
1081080 2357.2
1081090 2357.2
1081100 2368.7
1081110 2378.3
1081120 2378.3
1081130 2381.8
1081140 2388.9
1081150 2388.9
1081160 2395.4
1081170 2397.2
1081180 2397.2
1081190 2393.9
1081200 2391.8
1081210 2391.8
1081220 2388.0
1081230 2387.7
1081240 2387.7
1081250 2396.8
1081260 2404.7
1081270 2411.6
1081280 2411.6
1081290 2420.2
1081300 2402.0
1081310 2402.0
1081320 2412.6
1081330 2419.5
1081340 2419.5
1081350 2420.7
1081360 2421.0
1081370 2421.0
1081380 2426.3
1081390 2426.3
1081400 2426.3
1081410 2422.4
1081420 2417.0
1081430 2417.0
1081440 2412.5
1081450 2407.7
1081460 2407.7
1081470 2404.0
1081480 2406.4
1081490 2412.8
1081500 2412.8
1081510 2417.4
1081520 2424.2
1081530 2424.2
1081540 2434.0
1081550 2447.6
1081560 2447.6
1081570 2459.0
1081580 2469.7
1081590 2469.7
1081600 2483.1
1081610 2490.3
1081620 2496.5
1081630 2501.7
1081640 2510.5
1081650 2510.5
1081660 2516.4
1081670 2517.8
1081680 2517.8
1081690 2524.4
1081700 2526.7
1081710 2533.9
1081720 2533.9
1081730 2543.7
1081740 2548.9
1081750 2548.9
1081760 2553.5
1081770 2551.9
1081780 2551.9
1081790 2548.8
1081800 2546.7
1081810 2546.7
1081820 2545.0
1081830 2544.0
1081840 2544.0
1081850 2541.5
1081860 2538.8
1081870 2538.8
1081880 2536.2
1081890 2534.5
1081900 2534.5
1081910 2533.4
1081920 2531.9
1081930 2533.7
1081940 2533.7
1081950 2531.9
1081960 2529.1
1081970 2529.1
1081980 2527.4
1081990 2527.3
1082000 2527.3
1082010 2525.0
1082020 2523.5
1082030 2523.5
1082040 2522.8
1082050 2520.2
1082060 2520.2
1082070 2512.0
1082080 2500.4
1082090 2500.4
1082100 2502.6
1082110 2508.4
1082120 2508.4
1082130 2514.5
1082140 2536.5
1082150 2546.3
1082160 2546.3
1082170 2546.4
1082180 2547.0
1082190 2547.0
1082200 2549.1
1082210 2548.3
1082220 2548.3
1082230 2545.8
1082240 2545.3
1082250 2548.8
1082260 2545.6
1082270 2539.8
1082280 2539.8
1082290 2534.2
1082300 2531.3
1082310 2531.3
1082320 2527.6
1082330 2521.6
1082340 2521.6
1082350 2519.6
1082360 2519.1
1082370 2514.7
1082380 2514.7
1082390 2511.3
1082400 2505.0
1082410 2505.0
1082420 2499.0
1082430 2493.3
1082440 2493.3
1082450 2486.4
1082460 2479.2
1082470 2479.2
1082480 2474.4
1082490 2476.2
1082500 2476.2
1082510 2471.9
1082520 2465.9
1082530 2465.9
1082540 2461.9
1082550 2455.8
1082560 2444.4
1082570 2438.1
1082580 2432.4
1082590 2430.5
1082600 2430.5
1082610 2431.1
1082620 2436.6
1082630 2436.6
1082640 2435.9
1082650 2427.5
1082660 2427.5
1082670 2423.2
1082680 2424.5
1082690 2424.5
1082700 2430.0
1082710 2429.5
1082720 2429.5
1082730 2427.1
1082740 2429.4
1082750 2429.4
1082760 2429.6
1082770 2424.1
1082780 2424.1
1082790 2421.2
1082800 2418.4
1082810 2414.3
1082820 2414.3
1082830 2408.6
1082840 2403.6
1082850 2403.6
1082860 2399.4
1082870 2395.2
1082880 2402.6
1082890 2398.6
1082900 2395.1
1082910 2395.1
1082920 2389.0
1082930 2384.8
1082940 2384.8
1082950 2381.5
1082960 2377.8
1082970 2377.8
1082980 2372.7
1082990 2368.3
1083000 2368.3
1083010 2364.1
1083020 2359.3
1083030 2354.7
1083040 2354.7
1083050 2353.4
1083060 2350.7
1083070 2350.7
1083080 2349.2
1083090 2348.2
1083100 2348.2
1083110 2345.8
1083120 2341.9
1083130 2341.9
1083140 2336.7
1083150 2331.8
1083160 2331.8
1083170 2328.4
1083180 2324.7
1083190 2331.8
1083200 2329.0
1083210 2326.6
1083220 2326.6
1083230 2324.4
1083240 2320.7
1083250 2315.7
1083260 2315.7
1083270 2313.0
1083280 2309.1
1083290 2309.1
1083300 2302.5
1083310 2301.2
1083320 2301.2
1083330 2304.0
1083340 2303.9
1083350 2303.9
1083360 2309.2
1083370 2309.7
1083380 2309.7
1083390 2298.6
1083400 2285.4
1083410 2285.4
1083420 2278.3
1083430 2270.3
1083440 2270.3
1083450 2270.7
1083460 2273.3
1083470 2267.6
1083480 2267.6
1083490 2257.7
1083500 2250.7
1083510 2259.5
1083520 2257.0
1083530 2256.5
1083540 2256.5
1083550 2255.5
1083560 2249.2
1083570 2249.2
1083580 2239.0
1083590 2236.9
1083600 2236.9
1083610 2234.6
1083620 2229.7
1083630 2229.7
1083640 2224.4
1083650 2219.8
1083660 2219.8
1083670 2220.3
1083680 2225.8
1083690 2225.8
1083700 2228.4
1083710 2220.7
1083720 2214.5
1083730 2214.5
1083740 2214.3
1083750 2211.3
1083760 2211.3
1083770 2206.0
1083780 2199.2
1083790 2199.2
1083800 2199.7
1083810 2199.1
1083820 2206.0
1083830 2204.3
1083840 2202.6
1083850 2202.6
1083860 2202.0
1083870 2203.5
1083880 2203.5
1083890 2205.8
1083900 2207.3
1083910 2207.3
1083920 2208.0
1083930 2207.9
1083940 2205.6
1083950 2205.6
1083960 2204.8
1083970 2204.0
1083980 2204.0
1083990 2203.9
1084000 2203.7
1084010 2203.7
1084020 2203.3
1084030 2201.0
1084040 2201.0
1084050 2198.2
1084060 2199.4
1084070 2199.4
1084080 2201.3
1084090 2202.8
1084100 2202.8
1084110 2203.5
1084120 2202.9
1084130 2202.9
1084140 2212.1
1084150 2216.3
1084160 2217.3
1084170 2217.3
1084180 2217.0
1084190 2217.9
1084200 2217.9
1084210 2219.0
1084220 2219.9
1084230 2219.9
1084240 2218.4
1084250 2217.3
1084260 2217.3
1084270 2216.9
1084280 2216.5
1084290 2216.5
1084300 2216.6
1084310 2217.5
1084320 2217.5
1084330 2222.0
1084340 2223.5
1084350 2223.5
1084360 2222.7
1084370 2224.9
1084380 2228.4
1084390 2228.4
1084400 2231.7
1084410 2255.7
1084420 2255.7
1084430 2284.2
1084440 2286.2
1084450 2286.2
1084460 2299.5
1084470 2298.0
1084480 2298.0
1084490 2306.8
1084500 2317.4
1084510 2317.4
1084520 2317.1
1084530 2312.7
1084540 2312.7
1084550 2308.0
1084560 2304.6
1084570 2304.6
1084580 2305.3
1084590 2311.0
1084600 2313.9
1084610 2313.9
1084620 2335.4
1084630 2371.2
1084640 2371.2
1084650 2376.9
1084660 2376.9
1084670 2376.9
1084680 2371.0
1084690 2360.0
1084700 2360.0
1084710 2343.8
1084720 2323.9
1084730 2323.9
1084740 2319.3
1084750 2316.6
1084760 2316.6
1084770 2316.7
1084780 2298.1
1084790 2298.1
1084800 2291.5
1084810 2283.9
1084820 2284.5
1084830 2284.5
1084840 2280.3
1084850 2274.1
1084860 2274.1
1084870 2267.0
1084880 2257.0
1084890 2257.0
1084900 2244.9
1084910 2238.0
1084920 2238.0
1084930 2232.8
1084940 2228.2
1084950 2228.2
1084960 2224.6
1084970 2220.6
1084980 2220.6
1084990 2216.6
1085000 2213.4
1085010 2213.4
1085020 2210.3
1085030 2207.2
1085040 2205.5
1085050 2205.5
1085060 2202.2
1085070 2199.4
1085080 2199.4
1085090 2192.9
1085100 2188.9
1085110 2188.9
1085120 2183.1
1085130 2176.9
1085140 2176.9
1085150 2170.6
1085160 2164.3
1085170 2164.3
1085180 2158.1
1085190 2151.6
1085200 2151.6
1085210 2146.6
1085220 2144.8
1085230 2144.8
1085240 2144.4
1085250 2145.7
1085260 2146.5
1085270 2146.5
1085280 2144.6
1085290 2143.1
1085300 2143.1
1085310 2142.5
1085320 2142.7
1085330 2142.7
1085340 2141.9
1085350 2139.5
1085360 2139.5
1085370 2133.8
1085380 2127.1
1085390 2127.1
1085400 2121.7
1085410 2119.7
1085420 2119.7
1085430 2115.2
1085440 2110.9
1085450 2110.9
1085460 2106.4
1085470 2101.7
1085480 2097.5
1085490 2097.5
1085500 2093.8
1085510 2089.8
1085520 2089.8
1085530 2087.0
1085540 2084.4
1085550 2084.4
1085560 2081.0
1085570 2077.2
1085580 2077.2
1085590 2073.6
1085600 2071.6
1085610 2071.6
1085620 2072.6
1085630 2071.6
1085640 2071.6
1085650 2069.3
1085660 2066.6
1085670 2066.6
1085680 2063.6
1085690 2061.9
1085700 2060.4
1085710 2060.4
1085720 2057.4
1085730 2058.4
1085740 2058.4
1085750 2055.8
1085760 2056.7
1085770 2056.7
1085780 2056.4
1085790 2055.9
1085800 2055.9
1085810 2055.1
1085820 2052.7
1085830 2052.7
1085840 2049.9
1085850 2046.6
1085860 2046.6
1085870 2043.3
1085880 2040.9
1085890 2040.9
1085900 2040.1
1085910 2042.2
1085920 2045.2
1085930 2045.2
1085940 2045.7
1085950 2042.3
1085960 2042.3
1085970 2038.3
1085980 2035.1
1085990 2035.1
1086000 2033.0
1086010 2031.2
1086020 2031.2
1086030 2030.5
1086040 2027.3
1086050 2029.7
1086060 2032.7
1086070 2033.5
1086080 2033.5
1086090 2033.2
1086100 2032.4
1086110 2032.4
1086120 2030.6
1086130 2028.0
1086140 2027.6
1086150 2027.6
1086160 2027.8
1086170 2027.4
1086180 2027.4
1086190 2027.3
1086200 2027.6
1086210 2027.6
1086220 2028.9
1086230 2030.8
1086240 2030.8
1086250 2032.3
1086260 2033.8
1086270 2033.8
1086280 2036.7
1086290 2039.7
1086300 2039.7
1086310 2042.7
1086320 2046.5
1086330 2046.5
1086340 2050.6
1086350 2055.3
1086360 2061.8
1086370 2061.8
1086380 2068.3
1086390 2074.7
1086400 2074.7
1086410 2081.2
1086420 2088.2
1086430 2088.2
1086440 2096.7
1086450 2103.6
1086460 2103.6
1086470 2109.7
1086480 2116.6
1086490 2116.6
1086500 2123.4
1086510 2130.8
1086520 2130.8
1086530 2138.0
1086540 2145.0
1086550 2145.0
1086560 2151.9
1086570 2159.8
1086580 2168.1
1086590 2168.1
1086600 2177.8
1086610 2194.7
1086620 2194.7
1086630 2223.2
1086640 2220.6
1086650 2220.6
1086660 2232.4
1086670 2242.7
1086680 2243.3
1086690 2245.4
1086700 2250.1
1086710 2250.1
1086720 2255.2
1086730 2261.3
1086740 2261.3
1086750 2268.0
1086760 2275.4
1086770 2275.4
1086780 2282.2
1086790 2289.1
1086800 2288.6
1086810 2288.6
1086820 2283.4
1086830 2279.8
1086840 2279.8
1086850 2279.2
1086860 2282.0
1086870 2282.0
1086880 2278.1
1086890 2277.1
1086900 2277.1
1086910 2277.1
1086920 2272.3
1086930 2272.3
1086940 2265.7
1086950 2264.0
1086960 2264.0
1086970 2263.4
1086980 2262.4
1086990 2262.4
1087000 2253.5
1087010 2252.2
1087020 2252.0
1087030 2252.0
1087040 2252.3
1087050 2253.2
1087060 2253.2
1087070 2253.5
1087080 2252.5
1087090 2252.5
1087100 2248.7
1087110 2245.3
1087120 2245.3
1087130 2242.9
1087140 2241.1
1087150 2241.1
1087160 2240.0
1087170 2240.2
1087180 2240.2
1087190 2241.2
1087200 2242.2
1087210 2242.2
1087220 2243.1
1087230 2244.8
1087240 2246.3
1087250 2246.3
1087260 2246.8
1087270 2245.8
1087280 2245.8
1087290 2244.8
1087300 2244.4
1087310 2244.4
1087320 2241.0
1087330 2243.0
1087340 2243.0
1087350 2244.9
1087360 2245.9
1087370 2245.9
1087380 2246.7
1087390 2247.8
1087400 2247.8
1087410 2249.5
1087420 2252.0
1087430 2252.0
1087440 2254.7
1087450 2258.3
1087460 2261.2
1087470 2261.2
1087480 2264.3
1087490 2267.3
1087500 2267.3
1087510 2271.2
1087520 2274.8
1087530 2274.8
1087540 2277.6
1087550 2280.4
1087560 2280.4
1087570 2283.0
1087580 2285.1
1087590 2285.1
1087600 2287.5
1087610 2289.2
1087620 2289.2
1087630 2288.7
1087640 2283.6
1087650 2283.6
1087660 2285.7
1087670 2287.1
1087680 2289.9
1087690 2289.9
1087700 2293.2
1087710 2296.4
1087720 2296.4
1087730 2299.8
1087740 2303.3
1087750 2303.3
1087760 2306.2
1087770 2308.9
1087780 2308.9
1087790 2311.6
1087800 2313.7
1087810 2313.7
1087820 2315.3
1087830 2315.0
1087840 2315.0
1087850 2313.4
1087860 2313.0
1087870 2313.0
1087880 2313.4
1087890 2314.1
1087900 2315.2
1087910 2315.2
1087920 2317.7
1087930 2320.3
1087940 2320.3
1087950 2322.5
1087960 2325.6
1087970 2325.6
1087980 2327.0
1087990 2330.8
1088000 2330.8
1088010 2334.7
1088020 2338.0
1088030 2338.0
1088040 2341.9
1088050 2346.8
1088060 2346.8
1088070 2349.9
1088080 2350.1
1088090 2350.1
1088100 2353.1
1088110 2357.0
1088120 2361.8
1088130 2361.8
1088140 2366.7
1088150 2371.8
1088160 2371.8
1088170 2377.5
1088180 2383.2
1088190 2383.2
1088200 2389.5
1088210 2397.1
1088220 2397.1
1088230 2404.8
1088240 2412.6
1088250 2412.6
1088260 2413.1
1088270 2414.3
1088280 2406.5
1088290 2410.2
1088300 2413.7
1088310 2413.7
1088320 2415.7
1088330 2416.8
1088340 2416.0
1088350 2416.0
1088360 2410.8
1088370 2402.0
1088380 2402.0
1088390 2395.3
1088400 2389.3
1088410 2389.3
1088420 2383.2
1088430 2377.7
1088440 2377.7
1088450 2372.7
1088460 2368.5
1088470 2368.5
1088480 2363.4
1088490 2356.7
1088500 2356.7
1088510 2346.9
1088520 2336.4
1088530 2336.4
1088540 2328.1
1088550 2317.0
1088560 2317.0
1088570 2308.7
1088580 2299.9
1088590 2292.2
1088600 2292.9
1088610 2286.0
1088620 2279.7
1088630 2279.7
1088640 2273.6
1088650 2267.5
1088660 2267.5
1088670 2262.0
1088680 2256.7
1088690 2256.7
1088700 2251.2
1088710 2246.4
1088720 2246.4
1088730 2242.5
1088740 2239.5
1088750 2239.5
1088760 2237.0
1088770 2232.4
1088780 2232.4
1088790 2226.7
1088800 2223.6
1088810 2219.4
1088820 2219.4
1088830 2215.0
1088840 2211.8
1088850 2211.8
1088860 2208.1
1088870 2205.3
1088880 2205.3
1088890 2204.1
1088900 2199.8
1088910 2199.8
1088920 2198.8
1088930 2196.7
1088940 2196.7
1088950 2197.5
1088960 2199.8
1088970 2199.8
1088980 2200.0
1088990 2197.2
1089000 2197.2
1089010 2191.3
1089020 2183.6
1089030 2175.6
1089040 2175.6
1089050 2168.8
1089060 2162.3
1089070 2162.3
1089080 2156.7
1089090 2151.6
1089100 2151.6
1089110 2147.4
1089120 2142.4
1089130 2142.4
1089140 2136.7
1089150 2129.8
1089160 2129.8
1089170 2123.0
1089180 2117.1
1089190 2117.1
1089200 2111.3
1089210 2105.4
1089220 2105.4
1089230 2099.9
1089240 2095.3
1089250 2090.0
1089260 2090.0
1089270 2084.4
1089280 2079.2
1089290 2079.2
1089300 2074.6
1089310 2070.0
1089320 2070.0
1089330 2065.3
1089340 2061.4
1089350 2061.4
1089360 2057.6
1089370 2055.4
1089380 2055.4
1089390 2054.9
1089400 2054.6
1089410 2054.6
1089420 2053.5
1089430 2051.9
1089440 2051.9
1089450 2051.0
1089460 2050.4
1089470 2047.9
1089480 2047.9
1089490 2046.6
1089500 2046.5
1089510 2046.5
1089520 2046.6
1089530 2046.7
1089540 2046.7
1089550 2047.1
1089560 2047.6
1089570 2047.6
1089580 2047.9
1089590 2047.6
1089600 2047.6
1089610 2046.8
1089620 2046.4
1089630 2046.4
1089640 2046.3
1089650 2046.0
1089660 2046.0
1089670 2045.8
1089680 2045.7
1089690 2045.9
1089700 2045.9
1089710 2049.0
1089720 2053.8
1089730 2053.8
1089740 2056.5
1089750 2057.7
1089760 2057.7
1089770 2059.4
1089780 2061.8
1089790 2061.8
1089800 2065.1
1089810 2067.8
1089820 2067.8
1089830 2071.7
1089840 2076.0
1089850 2076.0
1089860 2080.3
1089870 2085.3
1089880 2088.7
1089890 2093.7
1089900 2099.8
1089910 2105.5
1089920 2105.5
1089930 2110.7
1089940 2116.1
1089950 2116.1
1089960 2121.5
1089970 2127.6
1089980 2127.6
1089990 2134.3
1090000 2142.8
1090010 2142.8
1090020 2153.2
1090030 2163.1
1090040 2163.1
1090050 2174.7
1090060 2187.4
1090070 2187.4
1090080 2193.3
1090090 2194.4
1090100 2194.4
1090110 2196.6
1090120 2194.0
1090130 2191.2
1090140 2191.2
1090150 2193.2
1090160 2192.5
1090170 2192.5
1090180 2190.5
1090190 2188.9
1090200 2197.4
1090210 2194.2
1090220 2191.4
1090230 2191.4
1090240 2182.9
1090250 2175.4
1090260 2175.4
1090270 2170.9
1090280 2168.4
1090290 2168.4
1090300 2168.6
1090310 2169.8
1090320 2169.8
1090330 2171.7
1090340 2172.9
1090350 2173.9
1090360 2173.9
1090370 2175.1
1090380 2174.2
1090390 2174.2
1090400 2168.9
1090410 2162.0
1090420 2162.0
1090430 2157.4
1090440 2150.9
1090450 2150.9
1090460 2142.5
1090470 2139.4
1090480 2139.4
1090490 2137.2
1090500 2134.8
1090510 2134.8
1090520 2132.4
1090530 2137.9
1090540 2137.9
1090550 2139.1
1090560 2140.1
1090570 2144.2
1090580 2144.2
1090590 2148.4
1090600 2146.9
1090610 2146.9
1090620 2138.3
1090630 2131.5
1090640 2131.5
1090650 2124.0
1090660 2116.4
1090670 2116.4
1090680 2108.4
1090690 2098.0
1090700 2098.0
1090710 2086.5
1090720 2078.7
1090730 2078.7
1090740 2072.4
1090750 2066.1
1090760 2066.1
1090770 2059.5
1090780 2053.1
1090790 2047.5
1090800 2047.5
1090810 2042.0
1090820 2036.9
1090830 2036.9
1090840 2031.5
1090850 2031.6
1090860 2031.6
1090870 2027.2
1090880 2024.3
1090890 2024.3
1090900 2023.6
1090910 2022.6
1090920 2022.6
1090930 2021.7
1090940 2021.0
1090950 2021.0
1090960 2019.7
1090970 2017.7
1090980 2017.7
1090990 2016.5
1091000 2017.3
1091010 2018.4
1091020 2018.4
1091030 2018.6
1091040 2017.5
1091050 2017.5
1091060 2018.3
1091070 2019.2
1091080 2019.2
1091090 2020.6
1091100 2021.0
1091110 2021.0
1091120 2021.9
1091130 2023.6
1091140 2023.6
1091150 2027.0
1091160 2030.7
1091170 2034.3
1091180 2038.3
1091190 2041.1
1091200 2041.1
1091210 2044.0
1091220 2046.1
1091230 2046.3
1091240 2046.3
1091250 2044.8
1091260 2043.1
1091270 2043.1
1091280 2042.1
1091290 2040.5
1091300 2040.5
1091310 2038.4
1091320 2037.5
1091330 2037.5
1091340 2038.4
1091350 2040.5
1091360 2040.5
1091370 2042.5
1091380 2044.5
1091390 2044.5
1091400 2046.3
1091410 2047.5
1091420 2047.5
1091430 2049.1
1091440 2052.4
1091450 2056.2
1091460 2056.2
1091470 2058.4
1091480 2058.9
1091490 2062.6
1091500 2064.1
1091510 2069.5
1091520 2069.5
1091530 2070.4
1091540 2074.2
1091550 2074.2
1091560 2079.3
1091570 2083.8
1091580 2083.8
1091590 2088.9
1091600 2093.9
1091610 2093.9
1091620 2099.6
1091630 2105.3
1091640 2105.3
1091650 2111.5
1091660 2118.7
1091670 2126.3
1091680 2126.3
1091690 2134.7
1091700 2141.4
1091710 2141.4
1091720 2148.3
1091730 2154.7
1091740 2154.7
1091750 2162.3
1091760 2177.7
1091770 2177.7
1091780 2188.4
1091790 2191.1
1091800 2191.1
1091810 2195.2
1091820 2192.0
1091830 2192.0
1091840 2203.9
1091850 2212.4
1091860 2212.4
1091870 2222.7
1091880 2226.2
1091890 2231.5
1091900 2231.5
1091910 2241.6
1091920 2251.3
1091930 2251.3
1091940 2261.6
1091950 2272.1
1091960 2272.1
1091970 2275.5
1091980 2278.3
1091990 2278.3
1092000 2282.7
1092010 2286.1
1092020 2286.1
1092030 2284.9
1092040 2286.3
1092050 2286.3
1092060 2284.9
1092070 2283.3
1092080 2283.3
1092090 2287.7
1092100 2291.7
1092110 2289.1
1092120 2289.1
1092130 2287.3
1092140 2301.7
1092150 2301.7
1092160 2300.5
1092170 2293.8
1092180 2293.8
1092190 2292.8
1092200 2290.6
1092210 2290.6
1092220 2289.2
1092230 2286.1
1092240 2286.1
1092250 2285.4
1092260 2284.8
1092270 2284.8
1092280 2281.0
1092290 2276.9
1092300 2276.9
1092310 2274.4
1092320 2271.1
1092330 2270.3
1092340 2270.3
1092350 2267.8
1092360 2265.9
1092370 2265.9
1092380 2265.9
1092390 2265.3
1092400 2265.3
1092410 2266.3
1092420 2268.1
1092430 2268.1
1092440 2270.7
1092450 2271.2
1092460 2279.2
1092470 2280.3
1092480 2283.3
1092490 2283.3
1092500 2286.7
1092510 2288.2
1092520 2288.2
1092530 2289.1
1092540 2288.2
1092550 2284.0
1092560 2284.0
1092570 2285.4
1092580 2286.5
1092590 2286.5
1092600 2288.0
1092610 2286.8
1092620 2286.8
1092630 2289.0
1092640 2289.1
1092650 2289.1
1092660 2291.3
1092670 2295.0
1092680 2295.0
1092690 2295.1
1092700 2294.6
1092710 2294.6
1092720 2301.5
1092730 2304.2
1092740 2304.2
1092750 2301.7
1092760 2301.0
1092770 2302.3
1092780 2296.5
1092790 2291.9
1092800 2286.8
1092810 2286.8
1092820 2283.9
1092830 2281.4
1092840 2281.4
1092850 2279.5
1092860 2281.9
1092870 2281.9
1092880 2286.9
1092890 2289.9
1092900 2289.9
1092910 2290.9
1092920 2291.3
1092930 2291.3
1092940 2290.1
1092950 2289.6
1092960 2289.6
1092970 2290.6
1092980 2291.0
1092990 2291.6
1093000 2291.6
1093010 2292.2
1093020 2293.3
1093030 2293.3
1093040 2292.3
1093050 2287.0
1093060 2287.0
1093070 2284.7
1093080 2282.0
1093090 2282.0
1093100 2276.9
1093110 2265.5
1093120 2265.5
1093130 2263.7
1093140 2259.9
1093150 2259.9
1093160 2256.8
1093170 2253.2
1093180 2253.2
1093190 2251.9
1093200 2252.3
1093210 2252.3
1093220 2252.3
1093230 2253.8
1093240 2257.8
1093250 2257.8
1093260 2258.7
1093270 2255.5
1093280 2255.5
1093290 2253.5
1093300 2256.9
1093310 2256.9
1093320 2260.3
1093330 2259.3
1093340 2259.3
1093350 2256.4
1093360 2256.8
1093370 2256.8
1093380 2259.2
1093390 2262.5
1093400 2262.5
1093410 2265.3
1093420 2266.5
1093430 2255.4
1093440 2255.4
1093450 2255.1
1093460 2253.0
1093470 2253.0
1093480 2250.0
1093490 2247.8
1093500 2247.8
1093510 2244.0
1093520 2238.9
1093530 2238.9
1093540 2235.8
1093550 2233.8
1093560 2233.8
1093570 2233.1
1093580 2232.6
1093590 2232.6
1093600 2231.5
1093610 2229.2
1093620 2229.2
1093630 2225.5
1093640 2220.4
1093650 2216.9
1093660 2216.9
1093670 2215.1
1093680 2213.4
1093690 2213.4
1093700 2210.9
1093710 2209.9
1093720 2209.9
1093730 2210.1
1093740 2210.8
1093750 2210.8
1093760 2204.9
1093770 2204.1
1093780 2204.1
1093790 2204.6
1093800 2205.8
1093810 2205.8
1093820 2208.2
1093830 2211.2
1093840 2211.2
1093850 2214.4
1093860 2217.1
1093870 2220.7
1093880 2220.7
1093890 2224.0
1093900 2228.3
1093910 2228.3
1093920 2235.9
1093930 2241.8
1093940 2241.8
1093950 2246.6
1093960 2252.2
1093970 2252.2
1093980 2257.7
1093990 2264.4
1094000 2264.4
1094010 2271.0
1094020 2277.5
1094030 2277.5
1094040 2284.0
1094050 2288.6
1094060 2288.6
1094070 2292.2
1094080 2291.8
1094090 2286.4
1094100 2286.4
1094110 2277.9
1094120 2268.2
1094130 2268.2
1094140 2259.1
1094150 2251.0
1094160 2251.0
1094170 2242.4
1094180 2230.1
1094190 2230.1
1094200 2219.6
1094210 2209.7
1094220 2209.7
1094230 2202.0
1094240 2193.6
1094250 2193.6
1094260 2186.2
1094270 2178.3
1094280 2178.3
1094290 2172.3
1094300 2168.9
1094310 2161.8
1094320 2161.8
1094330 2153.8
1094340 2147.4
1094350 2147.4
1094360 2142.6
1094370 2137.1
1094380 2137.1
1094390 2132.2
1094400 2126.1
1094410 2124.1
1094420 2116.6
1094430 2104.8
1094440 2104.8
1094450 2092.9
1094460 2083.0
1094470 2083.0
1094480 2073.2
1094490 2066.6
1094500 2066.6
1094510 2064.3
1094520 2062.3
1094530 2056.0
1094540 2056.0
1094550 2053.6
1094560 2047.6
1094570 2047.6
1094580 2039.9
1094590 2031.5
1094600 2031.5
1094610 2025.3
1094620 2019.1
1094630 2019.1
1094640 2013.2
1094650 2006.8
1094660 2006.8
1094670 2000.7
1094680 1994.6
1094690 1994.6
1094700 1987.0
1094710 1980.5
1094720 1980.5
1094730 1972.2
1094740 1965.9
1094750 1965.9
1094760 1958.9
1094770 1951.7
1094780 1944.5
1094790 1944.5
1094800 1938.6
1094810 1932.7
1094820 1932.7
1094830 1926.7
1094840 1920.4
1094850 1920.4
1094860 1914.7
1094870 1908.9
1094880 1908.9
1094890 1902.6
1094900 1895.8
1094910 1895.8
1094920 1888.4
1094930 1880.4
1094940 1880.4
1094950 1872.5
1094960 1864.7
1094970 1864.7
1094980 1856.5
1094990 1846.3
1095000 1837.6
1095010 1837.6
1095020 1829.6
1095030 1822.2
1095040 1822.2
1095050 1815.9
1095060 1808.4
1095070 1808.4
1095080 1801.6
1095090 1795.3
1095100 1795.3
1095110 1789.0
1095120 1782.0
1095130 1782.0
1095140 1774.9
1095150 1768.7
1095160 1768.7
1095170 1762.5
1095180 1756.5
1095190 1756.5
1095200 1751.0
1095210 1745.3
1095220 1739.3
1095230 1739.3
1095240 1733.2
1095250 1726.6
1095260 1726.6
1095270 1720.3
1095280 1714.1
1095290 1714.1
1095300 1708.1
1095310 1702.0
1095320 1702.0
1095330 1695.1
1095340 1688.8
1095350 1688.8
1095360 1682.8
1095370 1676.8
1095380 1676.4
1095390 1670.5
1095400 1664.9
1095410 1664.9
1095420 1659.4
1095430 1653.6
1095440 1648.0
1095450 1648.0
1095460 1642.8
1095470 1637.3
1095480 1637.3
1095490 1632.1
1095500 1627.7
1095510 1627.7
1095520 1623.6
1095530 1619.3
1095540 1619.3
1095550 1615.0
1095560 1610.7
1095570 1610.7
1095580 1606.0
1095590 1601.2
1095600 1601.2
1095610 1596.2
1095620 1590.5
1095630 1590.5
1095640 1586.3
1095650 1583.1
1095660 1579.7
1095670 1579.7
1095680 1576.3
1095690 1572.9
1095700 1572.9
1095710 1569.7
1095720 1566.5
1095730 1566.5
1095740 1562.1
1095750 1557.8
1095760 1557.8
1095770 1554.7
1095780 1552.5
1095790 1552.5
1095800 1550.4
1095810 1548.3
1095820 1548.3
1095830 1546.3
1095840 1544.1
1095850 1544.1
1095860 1542.1
1095870 1540.0
1095880 1538.4
1095890 1538.4
1095900 1537.1
1095910 1536.0
1095920 1536.0
1095930 1535.1
1095940 1534.0
1095950 1534.0
1095960 1533.1
1095970 1531.9
1095980 1531.9
1095990 1530.5
1096000 1529.4
1096010 1529.4
1096020 1528.7
1096030 1527.9
1096040 1528.3
1096050 1527.4
1096060 1526.9
1096070 1526.9
1096080 1526.3
1096090 1525.8
1096100 1525.6
1096110 1525.6
1096120 1524.9
1096130 1523.9
1096140 1523.9
1096150 1522.9
1096160 1520.7
1096170 1520.7
1096180 1517.0
1096190 1511.4
1096200 1511.4
1096210 1505.1
1096220 1498.7
1096230 1498.7
1096240 1492.3
1096250 1487.4
1096260 1487.4
1096270 1484.7
1096280 1483.3
1096290 1483.3
1096300 1481.3
1096310 1480.5
1096320 1480.6
1096330 1480.6
1096340 1477.8
1096350 1476.9
1096360 1480.8
1096370 1476.3
1096380 1470.4
1096390 1470.4
1096400 1464.8
1096410 1458.3
1096420 1458.3
1096430 1458.7
1096440 1461.4
1096450 1461.4
1096460 1461.3
1096470 1460.1
1096480 1460.1
1096490 1456.0
1096500 1450.7
1096510 1450.7
1096520 1445.4
1096530 1441.0
1096540 1441.2
1096550 1441.2
1096560 1437.5
1096570 1440.0
1096580 1440.0
1096590 1442.9
1096600 1444.7
1096610 1444.7
1096620 1446.5
1096630 1448.2
1096640 1448.2
1096650 1449.7
1096660 1452.4
1096670 1452.4
1096680 1458.1
1096690 1462.8
1096700 1462.8
1096710 1468.6
1096720 1469.9
1096730 1469.9
1096740 1469.3
1096750 1468.7
1096760 1466.6
1096770 1466.6
1096780 1463.0
1096790 1461.1
1096800 1461.1
1096810 1460.4
1096820 1460.1
1096830 1460.1
1096840 1458.2
1096850 1457.6
1096860 1457.6
1096870 1458.5
1096880 1459.4
1096890 1459.4
1096900 1461.6
1096910 1464.5
1096920 1464.5
1096930 1467.7
1096940 1473.8
1096950 1473.8
1096960 1479.1
1096970 1482.7
1096980 1485.6
1096990 1485.6
1097000 1489.8
1097010 1495.3
1097020 1493.7
1097030 1499.6
1097040 1506.6
1097050 1506.6
1097060 1513.8
1097070 1520.8
1097080 1520.8
1097090 1527.0
1097100 1532.3
1097110 1532.3
1097120 1537.4
1097130 1541.8
1097140 1541.8
1097150 1546.4
1097160 1551.5
1097170 1551.5
1097180 1557.8
1097190 1564.4
1097200 1571.4
1097210 1571.4
1097220 1578.4
1097230 1585.1
1097240 1585.1
1097250 1592.5
1097260 1601.7
1097270 1601.7
1097280 1611.7
1097290 1625.2
1097300 1625.2
1097310 1634.8
1097320 1640.7
1097330 1640.7
1097340 1659.1
1097350 1672.1
1097360 1672.1
1097370 1678.3
1097380 1684.1
1097390 1684.1
1097400 1690.5
1097410 1699.8
1097420 1708.2
1097430 1708.2
1097440 1714.7
1097450 1723.3
1097460 1723.3
1097470 1728.7
1097480 1731.4
1097490 1731.4
1097500 1734.4
1097510 1736.2
1097520 1736.2
1097530 1738.0
1097540 1740.3
1097550 1740.3
1097560 1743.4
1097570 1745.4
1097580 1745.4
1097590 1746.8
1097600 1747.3
1097610 1747.3
1097620 1748.2
1097630 1749.5
1097640 1752.1
1097650 1752.1
1097660 1756.6
1097670 1766.1
1097680 1766.1
1097690 1770.2
1097700 1773.8
1097710 1773.8
1097720 1777.1
1097730 1775.3
1097740 1775.3
1097750 1768.6
1097760 1761.2
1097770 1761.2
1097780 1756.1
1097790 1755.2
1097800 1755.2
1097810 1758.8
1097820 1758.3
1097830 1758.3
1097840 1756.3
1097850 1757.3
1097860 1758.5
1097870 1758.5
1097880 1759.3
1097890 1758.4
1097900 1758.4
1097910 1757.9
1097920 1760.6
1097930 1760.6
1097940 1763.9
1097950 1766.6
1097960 1766.6
1097970 1770.0
1097980 1777.2
1097990 1777.2
1098000 1783.3
1098010 1787.8
1098020 1787.8
1098030 1792.6
1098040 1797.7
1098050 1797.7
1098060 1800.2
1098070 1801.1
1098080 1804.3
1098090 1804.3
1098100 1807.5
1098110 1811.3
1098120 1811.3
1098130 1814.4
1098140 1817.7
1098150 1817.7
1098160 1820.5
1098170 1823.1
1098180 1823.1
1098190 1825.9
1098200 1830.0
1098210 1830.0
1098220 1834.9
1098230 1839.2
1098240 1839.2
1098250 1843.6
1098260 1847.4
1098270 1847.4
1098280 1850.5
1098290 1853.8
1098300 1856.6
1098310 1856.6
1098320 1860.3
1098330 1863.1
1098340 1863.1
1098350 1867.3
1098360 1871.0
1098370 1871.0
1098380 1874.8
1098390 1878.9
1098400 1878.9
1098410 1883.0
1098420 1887.2
1098430 1887.2
1098440 1889.7
1098450 1890.8
1098460 1890.8
1098470 1892.9
1098480 1895.5
1098490 1895.5
1098500 1900.0
1098510 1906.4
1098520 1912.7
1098530 1912.7
1098540 1916.1
1098550 1918.4
1098560 1918.4
1098570 1918.5
1098580 1918.8
1098590 1918.8
1098600 1920.3
1098610 1919.7
1098620 1919.7
1098630 1916.6
1098640 1918.2
1098650 1918.2
1098660 1928.8
1098670 1933.8
1098680 1933.8
1098690 1937.8
1098700 1942.5
1098710 1942.5
1098720 1945.0
1098730 1945.5
1098740 1945.7
1098750 1945.7
1098760 1946.8
1098770 1948.8
1098780 1948.8
1098790 1950.6
1098800 1951.7
1098810 1951.7
1098820 1952.7
1098830 1952.9
1098840 1952.9
1098850 1953.0
1098860 1953.9
1098870 1953.9
1098880 1958.3
1098890 1964.7
1098900 1964.7
1098910 1967.6
1098920 1966.9
1098930 1966.9
1098940 1964.8
1098950 1966.0
1098960 1967.4
1098970 1967.4
1098980 1971.7
1098990 1975.7
1099000 1975.7
1099010 1980.6
1099020 1985.5
1099030 1985.5
1099040 1990.8
1099050 1996.1
1099060 1996.1
1099070 2002.0
1099080 2008.2
1099090 2008.2
1099100 2014.0
1099110 2019.5
1099120 2019.5
1099130 2031.6
1099140 2042.4
1099150 2042.4
1099160 2049.1
1099170 2054.1
1099180 2058.0
1099190 2058.0
1099200 2062.7
1099210 2066.7
1099220 2066.7
1099230 2069.8
1099240 2069.6
1099250 2069.6
1099260 2069.1
1099270 2069.2
1099280 2069.2
1099290 2068.7
1099300 2070.1
1099310 2078.3
1099320 2081.8
1099330 2087.2
1099340 2087.2
1099350 2092.0
1099360 2095.4
1099370 2095.4
1099380 2097.7
1099390 2099.7
1099400 2101.4
1099410 2101.4
1099420 2102.4
1099430 2103.5
1099440 2103.5
1099450 2105.4
1099460 2107.9
1099470 2107.9
1099480 2111.4
1099490 2116.2
1099500 2116.2
1099510 2123.0
1099520 2127.3
1099530 2127.3
1099540 2128.6
1099550 2127.5
1099560 2127.5
1099570 2125.1
1099580 2121.0
1099590 2121.0
1099600 2116.1
1099610 2113.3
1099620 2110.6
1099630 2110.6
1099640 2118.8
1099650 2121.0
1099660 2121.0
1099670 2123.1
1099680 2123.8
1099690 2123.8
1099700 2121.9
1099710 2118.8
1099720 2118.8
1099730 2115.1
1099740 2109.0
1099750 2109.0
1099760 2102.7
1099770 2096.8
1099780 2096.8
1099790 2091.3
1099800 2082.9
1099810 2082.9
1099820 2073.9
1099830 2067.3
1099840 2061.5
1099850 2061.5
1099860 2056.3
1099870 2052.1
1099880 2052.1
1099890 2048.6
1099900 2043.8
1099910 2043.8
1099920 2041.2
1099930 2038.4
1099940 2038.4
1099950 2036.4
1099960 2035.2
1099970 2028.7
1099980 2027.9
1099990 2026.6
