1080000 2728.3
1080010 2728.3
1080020 2722.8
1080030 2717.7
1080040 2713.0
1080050 2713.0
1080060 2709.6
1080070 2704.1
1080080 2704.1
1080090 2694.1
1080100 2684.0
1080110 2684.0
1080120 2674.5
1080130 2664.6
1080140 2664.6
1080150 2656.4
1080160 2640.8
1080170 2640.8
1080180 2613.3
1080190 2597.1
1080200 2597.1
1080210 2581.9
1080220 2570.3
1080230 2570.3
1080240 2561.7
1080250 2555.2
1080260 2550.3
1080270 2550.3
1080280 2543.0
1080290 2536.2
1080300 2536.2
1080310 2528.9
1080320 2521.6
1080330 2521.6
1080340 2514.3
1080350 2507.4
1080360 2507.4
1080370 2500.0
1080380 2493.7
1080390 2493.7
1080400 2489.3
1080410 2483.5
1080420 2483.5
1080430 2478.2
1080440 2472.8
1080450 2472.8
1080460 2467.2
1080470 2461.1
1080480 2454.6
1080490 2450.8
1080500 2444.2
1080510 2438.1
1080520 2438.1
1080530 2432.7
1080540 2427.4
1080550 2427.4
1080560 2421.9
1080570 2411.5
1080580 2411.5
1080590 2400.8
1080600 2392.5
1080610 2392.5
1080620 2385.9
1080630 2380.7
1080640 2380.7
1080650 2375.4
1080660 2372.2
1080670 2372.2
1080680 2363.4
1080690 2352.9
1080700 2342.6
1080710 2342.6
1080720 2331.5
1080730 2322.8
1080740 2322.8
1080750 2314.4
1080760 2304.8
1080770 2304.8
1080780 2295.0
1080790 2283.7
1080800 2283.7
1080810 2270.4
1080820 2260.2
1080830 2260.2
1080840 2254.1
1080850 2249.3
1080860 2249.3
1080870 2242.4
1080880 2232.4
1080890 2232.4
1080900 2223.0
1080910 2214.9
1080920 2206.9
1080930 2206.9
1080940 2198.0
1080950 2190.1
1080960 2190.1
1080970 2182.8
1080980 2176.3
1080990 2176.3
1081000 2170.5
1081010 2164.0
1081020 2164.0
1081030 2154.3
1081040 2149.9
1081050 2149.9
1081060 2147.0
1081070 2143.0
1081080 2143.0
1081090 2136.2
1081100 2134.3
1081110 2134.3
1081120 2140.7
1081130 2139.1
1081140 2139.1
1081150 2139.4
1081160 2138.4
1081170 2136.8
1081180 2136.8
1081190 2138.6
1081200 2141.3
1081210 2141.3
1081220 2141.5
1081230 2139.6
1081240 2139.6
1081250 2140.4
1081260 2140.1
1081270 2140.1
1081280 2141.0
1081290 2141.5
1081300 2141.5
1081310 2134.4
1081320 2121.2
1081330 2121.2
1081340 2096.0
1081350 2092.1
1081360 2092.1
1081370 2088.1
1081380 2082.6
1081390 2073.8
1081400 2073.8
1081410 2066.0
1081420 2061.8
1081430 2061.8
1081440 2061.9
1081450 2045.7
1081460 2045.7
1081470 2036.6
1081480 2027.4
1081490 2027.4
1081500 2015.2
1081510 1992.8
1081520 1992.8
1081530 1967.8
1081540 1977.7
1081550 1977.7
1081560 1994.6
1081570 2002.3
1081580 2002.3
1081590 2003.1
1081600 2002.1
1081610 2002.6
1081620 2002.6
1081630 2008.0
1081640 2009.4
1081650 2009.4
1081660 2003.4
1081670 1997.2
1081680 1997.2
1081690 1993.3
1081700 1988.0
1081710 1988.0
1081720 1980.3
1081730 1970.1
1081740 1970.1
1081750 1965.1
1081760 1961.7
1081770 1961.7
1081780 1967.5
1081790 1972.3
1081800 1972.3
1081810 1974.1
1081820 1972.1
1081830 1970.0
1081840 1970.0
1081850 1968.3
1081860 1966.4
1081870 1966.4
1081880 1964.6
1081890 1962.7
1081900 1962.7
1081910 1960.7
1081920 1960.3
1081930 1960.3
1081940 1959.8
1081950 1960.3
1081960 1960.3
1081970 1961.5
1081980 1963.6
1081990 1963.6
1082000 1966.1
1082010 1970.8
1082020 1970.8
1082030 1976.5
1082040 1984.6
1082050 1989.2
1082060 1989.2
1082070 1993.0
1082080 1984.4
1082090 1984.4
1082100 1973.9
1082110 1965.1
1082120 1965.1
1082130 1957.7
1082140 1950.9
1082150 1950.9
1082160 1944.8
1082170 1937.7
1082180 1937.7
1082190 1929.8
1082200 1923.2
1082210 1923.2
1082220 1917.5
1082230 1912.3
1082240 1912.3
1082250 1908.2
1082260 1905.5
1082270 1905.5
1082280 1902.2
1082290 1898.5
1082300 1893.4
1082310 1893.4
1082320 1886.9
1082330 1882.1
1082340 1882.1
1082350 1877.1
1082360 1872.5
1082370 1872.5
1082380 1871.3
1082390 1869.8
1082400 1869.8
1082410 1871.8
1082420 1875.4
1082430 1875.4
1082440 1880.9
1082450 1886.2
1082460 1886.2
1082470 1888.7
1082480 1886.5
1082490 1886.5
1082500 1884.1
1082510 1878.5
1082520 1870.6
1082530 1870.6
1082540 1867.9
1082550 1864.9
1082560 1864.9
1082570 1866.0
1082580 1866.3
1082590 1866.3
1082600 1859.6
1082610 1852.8
1082620 1852.8
1082630 1849.0
1082640 1844.4
1082650 1844.4
1082660 1837.7
1082670 1833.5
1082680 1833.5
1082690 1829.8
1082700 1828.8
1082710 1828.8
1082720 1825.8
1082730 1827.5
1082740 1830.2
1082750 1830.2
1082760 1833.1
1082770 1834.2
1082780 1834.2
1082790 1834.3
1082800 1831.9
1082810 1831.9
1082820 1831.0
1082830 1831.5
1082840 1831.5
1082850 1833.1
1082860 1835.2
1082870 1835.2
1082880 1837.9
1082890 1841.2
1082900 1841.2
1082910 1844.6
1082920 1847.9
1082930 1847.9
1082940 1851.0
1082950 1854.2
1082960 1857.5
1082970 1857.5
1082980 1860.9
1082990 1864.4
1083000 1864.4
1083010 1873.2
1083020 1876.9
1083030 1876.9
1083040 1881.1
1083050 1885.8
1083060 1885.8
1083070 1890.9
1083080 1895.7
1083090 1895.7
1083100 1902.2
1083110 1915.9
1083120 1915.9
1083130 1932.4
1083140 1948.0
1083150 1948.0
1083160 1956.0
1083170 1965.8
1083180 1974.0
1083190 1974.0
1083200 1980.8
1083210 1986.6
1083220 1986.6
1083230 1993.6
1083240 2000.5
1083250 2000.5
1083260 2006.8
1083270 2013.1
1083280 2013.1
1083290 2020.5
1083300 2024.5
1083310 2024.5
1083320 2025.7
1083330 2040.2
1083340 2040.2
1083350 2051.3
1083360 2049.9
1083370 2049.9
1083380 2047.1
1083390 2044.9
1083400 2044.9
1083410 2041.9
1083420 2044.3
1083430 2051.2
1083440 2051.2
1083450 2055.2
1083460 2058.3
1083470 2058.3
1083480 2063.1
1083490 2070.9
1083500 2070.9
1083510 2072.9
1083520 2074.4
1083530 2074.4
1083540 2073.5
1083550 2072.4
1083560 2072.4
1083570 2074.9
1083580 2078.7
1083590 2078.7
1083600 2078.1
1083610 2076.8
1083620 2076.8
1083630 2072.3
1083640 2069.1
1083650 2081.2
1083660 2081.2
1083670 2087.2
1083680 2093.9
1083690 2093.9
1083700 2098.1
1083710 2102.9
1083720 2102.9
1083730 2108.7
1083740 2105.7
1083750 2105.7
1083760 2109.6
1083770 2118.2
1083780 2118.2
1083790 2121.0
1083800 2116.5
1083810 2116.5
1083820 2111.8
1083830 2111.7
1083840 2111.7
1083850 2115.6
1083860 2110.7
1083870 2105.8
1083880 2105.8
1083890 2103.5
1083900 2100.8
1083910 2100.8
1083920 2096.8
1083930 2088.5
1083940 2088.5
1083950 2071.1
1083960 2045.4
1083970 2045.4
1083980 2027.5
1083990 2020.5
1084000 2020.5
1084010 2017.9
1084020 2015.6
1084030 2015.6
1084040 2014.8
1084050 2014.7
1084060 2014.7
1084070 2015.6
1084080 2015.2
1084090 2014.6
1084100 2014.6
1084110 2014.3
1084120 2015.9
1084130 2015.9
1084140 2016.7
1084150 2015.6
1084160 2015.6
1084170 2014.4
1084180 2014.0
1084190 2014.0
1084200 2010.3
1084210 2004.3
1084220 2004.3
1084230 1996.3
1084240 1984.2
1084250 1984.2
1084260 1977.3
1084270 1977.1
1084280 1989.4
1084290 1987.4
1084300 1983.6
1084310 1983.7
1084320 1983.7
1084330 1985.6
1084340 1975.6
1084350 1975.6
1084360 1968.5
1084370 1962.3
1084380 1962.3
1084390 1944.4
1084400 1924.3
1084410 1924.3
1084420 1911.6
1084430 1905.0
1084440 1905.0
1084450 1899.0
1084460 1895.9
1084470 1895.9
1084480 1891.7
1084490 1888.0
1084500 1888.0
1084510 1886.6
1084520 1884.0
1084530 1884.0
1084540 1880.6
1084550 1877.8
1084560 1878.3
1084570 1878.3
1084580 1877.8
1084590 1877.3
1084600 1896.3
1084610 1882.9
1084620 1876.2
1084630 1876.2
1084640 1863.6
1084650 1860.8
1084660 1860.8
1084670 1859.0
1084680 1857.0
1084690 1857.0
1084700 1853.1
1084710 1849.1
1084720 1849.1
1084730 1844.2
1084740 1840.3
1084750 1840.3
1084760 1838.4
1084770 1838.2
1084780 1839.1
1084790 1839.1
1084800 1840.0
1084810 1840.4
1084820 1840.4
1084830 1840.2
1084840 1840.0
1084850 1840.0
1084860 1839.0
1084870 1838.3
1084880 1838.3
1084890 1837.1
1084900 1836.0
1084910 1843.1
1084920 1840.3
1084930 1837.1
1084940 1837.1
1084950 1833.7
1084960 1830.3
1084970 1830.3
1084980 1827.8
1084990 1824.5
1085000 1820.3
1085010 1820.3
1085020 1816.0
1085030 1812.1
1085040 1812.1
1085050 1808.3
1085060 1805.0
1085070 1805.0
1085080 1801.3
1085090 1797.2
1085100 1797.2
1085110 1793.2
1085120 1788.9
1085130 1788.9
1085140 1784.2
1085150 1779.5
1085160 1779.5
1085170 1774.9
1085180 1770.3
1085190 1770.3
1085200 1765.8
1085210 1761.4
1085220 1757.0
1085230 1760.7
1085240 1756.0
1085250 1751.3
1085260 1751.3
1085270 1746.6
1085280 1741.9
1085290 1741.9
1085300 1737.3
1085310 1732.7
1085320 1732.7
1085330 1728.0
1085340 1723.5
1085350 1723.5
1085360 1718.9
1085370 1714.3
1085380 1714.3
1085390 1709.6
1085400 1705.1
1085410 1705.1
1085420 1700.6
1085430 1695.9
1085440 1691.4
1085450 1691.4
1085460 1686.9
1085470 1682.4
1085480 1682.4
1085490 1677.5
1085500 1672.8
1085510 1672.8
1085520 1667.9
1085530 1663.1
1085540 1663.1
1085550 1660.6
1085560 1655.9
1085570 1655.9
1085580 1651.1
1085590 1646.5
1085600 1646.5
1085610 1641.3
1085620 1636.6
1085630 1636.6
1085640 1632.1
1085650 1627.4
1085660 1627.4
1085670 1622.5
1085680 1617.7
1085690 1612.7
1085700 1612.7
1085710 1607.8
1085720 1603.1
1085730 1603.1
1085740 1598.4
1085750 1593.4
1085760 1593.4
1085770 1588.9
1085780 1584.3
1085790 1584.3
1085800 1579.5
1085810 1575.2
1085820 1575.2
1085830 1574.5
1085840 1571.1
1085850 1571.1
1085860 1566.1
1085870 1566.6
1085880 1566.6
1085890 1565.7
1085900 1565.2
1085910 1565.5
1085920 1565.5
1085930 1565.5
1085940 1566.8
1085950 1566.8
1085960 1578.7
1085970 1586.4
1085980 1586.4
1085990 1593.8
1086000 1604.1
1086010 1604.1
1086020 1611.1
1086030 1617.2
1086040 1617.2
1086050 1628.5
1086060 1650.1
1086070 1650.1
1086080 1658.7
1086090 1671.3
1086100 1671.3
1086110 1692.9
1086120 1706.5
1086130 1713.0
1086140 1713.0
1086150 1720.6
1086160 1731.0
1086170 1731.0
1086180 1741.9
1086190 1751.2
1086200 1751.2
1086210 1757.6
1086220 1763.6
1086230 1763.6
1086240 1771.8
1086250 1780.6
1086260 1780.6
1086270 1791.6
1086280 1804.9
1086290 1804.9
1086300 1814.1
1086310 1822.4
1086320 1822.4
1086330 1830.8
1086340 1839.9
1086350 1851.1
1086360 1851.1
1086370 1861.9
1086380 1871.6
1086390 1871.6
1086400 1879.1
1086410 1888.2
1086420 1888.2
1086430 1900.4
1086440 1906.4
1086450 1906.4
1086460 1926.3
1086470 1938.9
1086480 1938.9
1086490 1946.0
1086500 1950.6
1086510 1950.6
1086520 1959.5
1086530 1968.0
1086540 1968.0
1086550 1976.2
1086560 1984.8
1086570 1992.9
1086580 1992.9
1086590 2001.1
1086600 2007.3
1086610 2007.3
1086620 2014.7
1086630 2023.8
1086640 2023.8
1086650 2033.8
1086660 2048.2
1086670 2048.2
1086680 2059.0
1086690 2065.6
1086700 2065.6
1086710 2074.4
1086720 2085.9
1086730 2085.9
1086740 2101.3
1086750 2109.1
1086760 2109.1
1086770 2126.5
1086780 2135.7
1086790 2135.7
1086800 2146.1
1086810 2156.4
1086820 2160.0
1086830 2160.0
1086840 2166.2
1086850 2172.6
1086860 2172.6
1086870 2177.2
1086880 2180.0
1086890 2180.0
1086900 2186.9
1086910 2191.8
1086920 2191.8
1086930 2201.4
1086940 2210.1
1086950 2210.1
1086960 2219.4
1086970 2228.4
1086980 2228.4
1086990 2234.7
1087000 2237.4
1087010 2237.4
1087020 2229.9
1087030 2231.7
1087040 2238.7
1087050 2238.7
1087060 2247.7
1087070 2256.5
1087080 2256.5
1087090 2264.3
1087100 2271.6
1087110 2271.6
1087120 2279.6
1087130 2293.4
1087140 2289.5
1087150 2299.0
1087160 2306.6
1087170 2306.6
1087180 2314.2
1087190 2321.2
1087200 2321.2
1087210 2327.4
1087220 2333.3
1087230 2333.3
1087240 2337.9
1087250 2336.3
1087260 2334.2
1087270 2334.2
1087280 2333.3
1087290 2332.9
1087300 2332.9
1087310 2332.0
1087320 2331.7
1087330 2331.7
1087340 2329.1
1087350 2326.5
1087360 2326.5
1087370 2322.8
1087380 2320.1
1087390 2320.1
1087400 2316.3
1087410 2310.4
1087420 2310.4
1087430 2305.2
1087440 2300.5
1087450 2300.5
1087460 2294.1
1087470 2291.3
1087480 2288.2
1087490 2288.2
1087500 2284.8
1087510 2283.3
1087520 2283.3
1087530 2283.0
1087540 2281.0
1087550 2281.0
1087560 2279.3
1087570 2275.9
1087580 2275.9
1087590 2272.2
1087600 2270.0
1087610 2270.0
1087620 2268.6
1087630 2267.6
1087640 2267.6
1087650 2266.1
1087660 2263.1
1087670 2263.1
1087680 2261.7
1087690 2262.2
1087700 2260.5
1087710 2260.5
1087720 2258.8
1087730 2257.0
1087740 2257.0
1087750 2254.9
1087760 2252.4
1087770 2252.4
1087780 2243.0
1087790 2232.8
1087800 2232.8
1087810 2217.1
1087820 2205.3
1087830 2205.3
1087840 2190.9
1087850 2178.9
1087860 2178.9
1087870 2169.7
1087880 2162.6
1087890 2162.6
1087900 2155.6
1087910 2150.1
1087920 2150.1
1087930 2144.0
1087940 2138.2
1087950 2132.6
1087960 2132.6
1087970 2127.8
1087980 2120.8
1087990 2120.8
1088000 2113.7
1088010 2108.0
1088020 2108.0
1088030 2103.7
1088040 2097.2
1088050 2097.2
1088060 2087.0
1088070 2081.0
1088080 2081.0
1088090 2072.8
1088100 2056.3
1088110 2056.3
1088120 2043.7
1088130 2037.0
1088140 2037.0
1088150 2029.6
1088160 2021.1
1088170 2009.5
1088180 2009.5
1088190 1995.3
1088200 1977.7
1088210 1977.7
1088220 1963.5
1088230 1954.6
1088240 1954.6
1088250 1948.2
1088260 1942.3
1088270 1942.3
1088280 1936.6
1088290 1930.5
1088300 1930.5
1088310 1924.3
1088320 1918.4
1088330 1918.4
1088340 1913.4
1088350 1908.3
1088360 1908.3
1088370 1903.1
1088380 1898.1
1088390 1892.9
1088400 1892.9
1088410 1888.3
1088420 1882.8
1088430 1882.8
1088440 1879.0
1088450 1874.9
1088460 1874.9
1088470 1871.3
1088480 1867.9
1088490 1867.9
1088500 1864.6
1088510 1863.0
1088520 1863.0
1088530 1862.8
1088540 1863.0
1088550 1863.0
1088560 1863.7
1088570 1865.1
1088580 1865.1
1088590 1868.1
1088600 1869.5
1088610 1868.8
1088620 1868.8
1088630 1869.1
1088640 1868.9
1088650 1868.9
1088660 1867.4
1088670 1866.8
1088680 1866.8
1088690 1866.2
1088700 1864.9
1088710 1864.9
1088720 1863.6
1088730 1861.9
1088740 1867.6
1088750 1865.0
1088760 1862.1
1088770 1862.1
1088780 1859.1
1088790 1856.0
1088800 1856.0
1088810 1852.7
1088820 1849.4
1088830 1845.7
1088840 1845.7
1088850 1841.1
1088860 1836.3
1088870 1836.3
1088880 1831.5
1088890 1827.4
1088900 1827.4
1088910 1822.9
1088920 1818.6
1088930 1818.6
1088940 1819.8
1088950 1820.1
1088960 1820.1
1088970 1819.4
1088980 1819.0
1088990 1819.0
1089000 1818.2
1089010 1817.1
1089020 1817.1
1089030 1817.2
1089040 1822.5
1089050 1824.7
1089060 1826.5
1089070 1824.9
1089080 1823.6
1089090 1823.6
1089100 1821.6
1089110 1819.6
1089120 1819.6
1089130 1817.3
1089140 1816.5
1089150 1816.5
1089160 1816.3
1089170 1815.9
1089180 1815.9
1089190 1815.7
1089200 1815.4
1089210 1815.4
1089220 1816.4
1089230 1818.2
1089240 1818.2
1089250 1818.3
1089260 1817.7
1089270 1817.7
1089280 1815.5
1089290 1809.7
1089300 1802.3
1089310 1802.3
1089320 1798.8
1089330 1801.4
1089340 1801.4
1089350 1804.5
1089360 1806.6
1089370 1806.6
1089380 1811.3
1089390 1807.9
1089400 1807.9
1089410 1802.7
1089420 1798.0
1089430 1798.0
1089440 1797.2
1089450 1797.3
1089460 1797.3
1089470 1795.2
1089480 1794.0
1089490 1794.0
1089500 1794.3
1089510 1795.4
1089520 1796.6
1089530 1796.6
1089540 1798.3
1089550 1800.0
1089560 1800.0
1089570 1802.9
1089580 1804.7
1089590 1804.7
1089600 1805.9
1089610 1808.0
1089620 1808.0
1089630 1811.9
1089640 1815.7
1089650 1815.7
1089660 1818.9
1089670 1821.5
1089680 1821.5
1089690 1823.3
1089700 1826.0
1089710 1826.0
1089720 1826.4
1089730 1827.2
1089740 1829.5
1089750 1829.5
1089760 1833.2
1089770 1837.7
1089780 1837.7
1089790 1842.8
1089800 1847.2
1089810 1847.2
1089820 1851.2
1089830 1854.8
1089840 1854.8
1089850 1857.9
1089860 1860.4
1089870 1860.4
1089880 1862.2
1089890 1860.9
1089900 1860.9
1089910 1853.4
1089920 1837.7
1089930 1837.7
1089940 1821.9
1089950 1812.1
1089960 1801.9
1089970 1801.9
1089980 1795.0
1089990 1789.3
1090000 1789.3
1090010 1780.5
1090020 1766.1
1090030 1771.7
1090040 1758.3
1090050 1746.0
1090060 1746.0
1090070 1736.7
1090080 1730.0
1090090 1730.0
1090100 1722.1
1090110 1714.6
1090120 1714.6
1090130 1707.8
1090140 1700.9
1090150 1700.9
1090160 1694.3
1090170 1688.1
1090180 1681.6
1090190 1681.6
1090200 1675.4
1090210 1669.5
1090220 1669.5
1090230 1664.3
1090240 1659.7
1090250 1659.7
1090260 1655.2
1090270 1648.5
1090280 1648.5
1090290 1642.3
1090300 1635.9
1090310 1635.9
1090320 1629.6
1090330 1623.8
1090340 1623.8
1090350 1619.0
1090360 1612.8
1090370 1612.8
1090380 1606.8
1090390 1600.8
1090400 1600.8
1090410 1594.4
1090420 1588.8
1090430 1583.5
1090440 1583.5
1090450 1578.3
1090460 1573.7
1090470 1573.7
1090480 1568.5
1090490 1563.9
1090500 1563.9
1090510 1559.1
1090520 1554.7
1090530 1554.7
1090540 1550.8
1090550 1546.4
1090560 1546.4
1090570 1541.5
1090580 1538.7
1090590 1538.7
1090600 1536.3
1090610 1533.5
1090620 1533.5
1090630 1531.2
1090640 1530.2
1090650 1529.8
1090660 1529.8
1090670 1530.3
1090680 1529.5
1090690 1529.5
1090700 1531.5
1090710 1532.9
1090720 1532.9
1090730 1535.0
1090740 1537.9
1090750 1537.9
1090760 1541.1
1090770 1543.9
1090780 1543.9
1090790 1547.1
1090800 1550.7
1090810 1550.7
1090820 1555.0
1090830 1559.9
1090840 1559.9
1090850 1565.6
1090860 1571.1
1090870 1577.3
1090880 1577.3
1090890 1583.6
1090900 1590.0
1090910 1590.0
1090920 1596.4
1090930 1602.7
1090940 1602.7
1090950 1609.3
1090960 1616.0
1090970 1616.0
1090980 1622.4
1090990 1627.4
1091000 1627.4
1091010 1633.9
1091020 1640.2
1091030 1640.2
1091040 1646.6
1091050 1653.0
1091060 1653.0
1091070 1660.0
1091080 1667.2
1091090 1674.8
1091100 1674.8
1091110 1683.0
1091120 1691.4
1091130 1691.4
1091140 1702.3
1091150 1712.2
1091160 1712.2
1091170 1720.9
1091180 1729.9
1091190 1729.9
1091200 1737.0
1091210 1743.2
1091220 1743.2
1091230 1750.8
1091240 1759.3
1091250 1759.3
1091260 1767.1
1091270 1776.1
1091280 1776.1
1091290 1785.2
1091300 1793.4
1091310 1801.5
1091320 1801.5
1091330 1811.1
1091340 1821.2
1091350 1821.2
1091360 1830.1
1091370 1839.3
1091380 1839.3
1091390 1846.9
1091400 1851.6
1091410 1851.6
1091420 1856.2
1091430 1861.3
1091440 1861.3
1091450 1866.2
1091460 1871.3
1091470 1871.3
1091480 1875.7
1091490 1880.4
1091500 1880.4
1091510 1886.2
1091520 1891.4
1091530 1896.6
1091540 1896.6
1091550 1903.3
1091560 1910.5
1091570 1910.5
1091580 1917.7
1091590 1924.6
1091600 1924.6
1091610 1931.0
1091620 1935.0
1091630 1935.0
1091640 1940.0
1091650 1946.1
1091660 1946.1
1091670 1952.3
1091680 1959.0
1091690 1959.0
1091700 1965.9
1091710 1973.0
1091720 1973.0
1091730 1980.8
1091740 1989.1
1091750 1989.1
1091760 1998.1
1091770 2005.7
1091780 2012.6
1091790 2012.6
1091800 2018.6
1091810 2024.2
1091820 2024.2
1091830 2027.8
1091840 2026.2
1091850 2026.2
1091860 2020.5
1091870 2012.6
1091880 2012.6
1091890 2003.9
1091900 1996.3
1091910 1996.3
1091920 1991.1
1091930 1985.5
1091940 1985.5
1091950 1979.0
1091960 1979.9
1091970 1979.9
1091980 1974.1
1091990 1969.3
1092000 1966.8
1092010 1966.8
1092020 1964.8
1092030 1962.5
1092040 1962.5
1092050 1960.1
1092060 1956.8
1092070 1956.8
1092080 1953.4
1092090 1951.0
1092100 1951.0
1092110 1950.2
1092120 1949.5
1092130 1949.5
1092140 1948.9
1092150 1946.7
1092160 1946.7
1092170 1944.9
1092180 1946.2
1092190 1946.2
1092200 1947.7
1092210 1947.9
1092220 1948.0
1092230 1948.0
1092240 1947.8
1092250 1947.6
1092260 1947.6
1092270 1948.2
1092280 1952.1
1092290 1952.1
1092300 1953.8
1092310 1952.9
1092320 1952.9
1092330 1954.1
1092340 1955.8
1092350 1955.8
1092360 1957.0
1092370 1958.4
1092380 1958.4
1092390 1959.7
1092400 1960.3
1092410 1960.3
1092420 1960.4
1092430 1964.1
1092440 1968.1
1092450 1968.1
1092460 1969.7
1092470 1973.0
1092480 1973.0
1092490 1978.6
1092500 1985.0
1092510 1985.0
1092520 1991.7
1092530 1998.5
1092540 1998.5
1092550 2005.6
1092560 2012.8
1092570 2012.8
1092580 2020.6
1092590 2029.4
1092600 2029.4
1092610 2043.0
1092620 2050.2
1092630 2050.2
1092640 2059.5
1092650 2062.7
1092660 2055.0
1092670 2055.0
1092680 2047.5
1092690 2042.0
1092700 2042.0
1092710 2037.0
1092720 2033.0
1092730 2033.0
1092740 2029.5
1092750 2027.8
1092760 2027.8
1092770 2026.6
1092780 2025.6
1092790 2025.6
1092800 2024.4
1092810 2022.9
1092820 2022.9
1092830 2022.0
1092840 2021.6
1092850 2021.6
1092860 2023.9
1092870 2025.3
1092880 2025.3
1092890 2024.8
1092900 2023.7
1092910 2020.4
1092920 2020.4
1092930 2023.2
1092940 2018.6
1092950 2018.6
1092960 2014.4
1092970 2009.1
1092980 2009.1
1092990 2004.0
1093000 2000.1
1093010 2000.1
1093020 1996.9
1093030 1993.0
1093040 1993.0
1093050 1989.0
1093060 1985.4
1093070 1985.4
1093080 1981.0
1093090 1977.8
1093100 1977.8
1093110 1976.8
1093120 1972.5
1093130 1964.4
1093140 1964.4
1093150 1958.7
1093160 1953.9
1093170 1953.9
1093180 1947.0
1093190 1938.7
1093200 1938.7
1093210 1931.3
1093220 1926.8
1093230 1926.8
1093240 1925.4
1093250 1924.5
1093260 1924.5
1093270 1921.8
1093280 1920.1
1093290 1920.1
1093300 1919.2
1093310 1916.2
1093320 1916.2
1093330 1913.8
1093340 1912.6
1093350 1912.3
1093360 1912.3
1093370 1912.1
1093380 1911.4
1093390 1911.4
1093400 1910.3
1093410 1909.4
1093420 1909.4
1093430 1908.4
1093440 1906.4
1093450 1906.4
1093460 1905.7
1093470 1906.1
1093480 1906.1
1093490 1907.0
1093500 1907.9
1093510 1907.9
1093520 1909.1
1093530 1909.8
1093540 1909.8
1093550 1910.6
1093560 1911.2
1093570 1911.7
1093580 1911.8
1093590 1910.9
1093600 1909.8
1093610 1909.8
1093620 1907.9
1093630 1903.9
1093640 1903.9
1093650 1900.9
1093660 1897.4
1093670 1897.4
1093680 1895.2
1093690 1893.7
1093700 1893.7
1093710 1892.1
1093720 1890.2
1093730 1890.2
1093740 1890.4
1093750 1889.2
1093760 1889.2
1093770 1886.9
1093780 1885.7
1093790 1885.9
1093800 1885.9
1093810 1886.7
1093820 1887.2
1093830 1887.2
1093840 1887.9
1093850 1889.4
1093860 1889.4
1093870 1890.8
1093880 1890.6
1093890 1890.6
1093900 1892.7
1093910 1887.9
1093920 1887.9
1093930 1878.8
1093940 1871.2
1093950 1871.2
1093960 1865.2
1093970 1860.7
1093980 1860.7
1093990 1858.0
1094000 1855.2
1094010 1852.9
1094020 1852.9
1094030 1851.3
1094040 1848.1
1094050 1848.1
1094060 1844.2
1094070 1841.0
1094080 1841.0
1094090 1838.8
1094100 1836.8
1094110 1836.8
1094120 1834.1
1094130 1829.9
1094140 1829.9
1094150 1826.1
1094160 1822.3
1094170 1822.3
1094180 1820.6
1094190 1823.7
1094200 1823.7
1094210 1824.7
1094220 1823.4
1094230 1827.6
1094240 1826.0
1094250 1824.7
1094260 1821.4
1094270 1821.4
1094280 1821.5
1094290 1823.0
1094300 1823.0
1094310 1824.4
1094320 1824.6
1094330 1824.6
1094340 1827.3
1094350 1832.6
1094360 1832.6
1094370 1836.9
1094380 1842.1
1094390 1842.1
1094400 1847.6
1094410 1854.0
1094420 1854.0
1094430 1861.1
1094440 1869.6
1094450 1869.6
1094460 1877.3
1094470 1880.8
1094480 1880.5
1094490 1880.5
1094500 1879.4
1094510 1878.5
1094520 1878.5
1094530 1878.0
1094540 1876.2
1094550 1879.3
1094560 1877.1
1094570 1875.7
1094580 1875.7
1094590 1874.9
1094600 1875.9
1094610 1875.9
1094620 1877.0
1094630 1878.0
1094640 1878.0
1094650 1880.7
1094660 1882.7
1094670 1882.7
1094680 1882.4
1094690 1881.2
1094700 1878.6
1094710 1878.6
1094720 1879.7
1094730 1880.3
1094740 1880.3
1094750 1878.8
1094760 1878.8
1094770 1878.8
1094780 1879.2
1094790 1878.9
1094800 1878.9
1094810 1876.5
1094820 1875.8
1094830 1875.8
1094840 1876.8
1094850 1876.5
1094860 1876.5
1094870 1877.7
1094880 1881.3
1094890 1881.3
1094900 1881.2
1094910 1881.9
1094920 1882.8
1094930 1882.8
1094940 1883.7
1094950 1886.0
1094960 1886.0
1094970 1890.7
1094980 1896.2
1094990 1896.2
1095000 1902.7
1095010 1910.6
1095020 1910.6
1095030 1918.7
1095040 1926.0
1095050 1926.0
1095060 1935.0
1095070 1946.8
1095080 1946.8
1095090 1955.7
1095100 1965.3
1095110 1965.3
1095120 1975.6
1095130 1982.7
1095140 1989.2
1095150 1989.2
1095160 1993.6
1095170 1995.4
1095180 1995.4
1095190 1997.6
1095200 2006.7
1095210 2006.7
1095220 2006.9
1095230 2005.6
1095240 2005.6
1095250 2003.8
1095260 2000.0
1095270 2000.0
1095280 1995.3
1095290 1990.9
1095300 1990.9
1095310 1986.7
1095320 1982.9
1095330 1982.9
1095340 1978.9
1095350 1976.1
1095360 1973.0
1095370 1973.0
1095380 1968.5
1095390 1962.8
1095400 1962.8
1095410 1957.9
1095420 1954.3
1095430 1954.3
1095440 1949.1
1095450 1944.5
1095460 1944.5
1095470 1941.8
1095480 1939.5
1095490 1939.5
1095500 1935.4
1095510 1932.9
1095520 1932.9
1095530 1929.4
1095540 1926.6
1095550 1926.6
1095560 1923.2
1095570 1919.6
1095580 1919.6
1095590 1916.1
1095600 1913.0
1095610 1909.6
1095620 1909.6
1095630 1906.2
1095640 1902.3
1095650 1902.3
1095660 1898.0
1095670 1895.1
1095680 1895.1
1095690 1892.1
1095700 1889.6
1095710 1889.6
1095720 1887.6
1095730 1884.6
1095740 1884.6
1095750 1882.4
1095760 1880.4
1095770 1880.4
1095780 1876.7
1095790 1872.6
1095800 1872.6
1095810 1868.8
1095820 1863.4
1095830 1859.3
1095840 1859.3
1095850 1856.4
1095860 1856.5
1095870 1856.5
1095880 1853.7
1095890 1850.6
1095900 1850.6
1095910 1847.1
1095920 1843.1
1095930 1843.1
1095940 1839.0
1095950 1834.2
1095960 1834.2
1095970 1829.6
1095980 1826.7
1095990 1826.7
1096000 1824.6
1096010 1822.5
1096020 1822.5
1096030 1822.2
1096040 1822.5
1096050 1822.4
1096060 1822.4
1096070 1821.5
1096080 1820.6
1096090 1820.6
1096100 1819.4
1096110 1818.7
1096120 1818.7
1096130 1817.8
1096140 1816.0
1096150 1816.0
1096160 1814.5
1096170 1812.7
1096180 1813.9
1096190 1810.8
1096200 1807.8
1096210 1807.8
1096220 1806.1
1096230 1804.5
1096240 1804.5
1096250 1802.9
1096260 1801.5
1096270 1800.0
1096280 1800.0
1096290 1798.6
1096300 1797.1
1096310 1797.1
1096320 1794.9
1096330 1791.9
1096340 1791.9
1096350 1788.3
1096360 1785.7
1096370 1785.7
1096380 1783.4
1096390 1780.5
1096400 1780.5
1096410 1777.4
1096420 1772.0
1096430 1772.0
1096440 1765.6
1096450 1759.9
1096460 1759.9
1096470 1754.4
1096480 1749.7
1096490 1746.5
1096500 1746.5
1096510 1746.6
1096520 1744.6
1096530 1744.6
1096540 1742.3
1096550 1739.8
1096560 1739.8
1096570 1737.5
1096580 1735.0
1096590 1735.0
1096600 1732.3
1096610 1729.4
1096620 1729.4
1096630 1726.8
1096640 1724.1
1096650 1724.1
1096660 1720.6
1096670 1716.5
1096680 1716.5
1096690 1712.5
1096700 1708.6
1096710 1708.6
1096720 1705.5
1096730 1702.2
1096740 1699.1
1096750 1699.1
1096760 1696.4
1096770 1693.5
1096780 1693.5
1096790 1690.5
1096800 1687.3
1096810 1687.3
1096820 1684.0
1096830 1680.5
1096840 1679.7
1096850 1676.1
1096860 1672.8
1096870 1672.8
1096880 1669.4
1096890 1665.5
1096900 1665.5
1096910 1661.3
1096920 1657.7
1096930 1657.7
1096940 1654.9
1096950 1653.2
1096960 1652.1
1096970 1652.1
1096980 1650.1
1096990 1648.1
1097000 1648.1
1097010 1646.0
1097020 1643.5
1097030 1643.5
1097040 1641.0
1097050 1638.6
1097060 1638.6
1097070 1636.2
1097080 1633.7
1097090 1633.7
1097100 1630.9
1097110 1627.8
1097120 1627.8
1097130 1624.5
1097140 1621.0
1097150 1621.0
1097160 1621.6
1097170 1617.4
1097180 1612.7
1097190 1612.7
1097200 1610.1
1097210 1607.2
1097220 1607.2
1097230 1603.9
1097240 1599.7
1097250 1599.7
1097260 1595.8
1097270 1590.3
1097280 1590.3
1097290 1581.8
1097300 1574.2
1097310 1574.2
1097320 1568.0
1097330 1563.5
1097340 1563.5
1097350 1559.4
1097360 1555.6
1097370 1555.6
1097380 1552.5
1097390 1547.7
1097400 1541.4
1097410 1541.4
1097420 1535.9
1097430 1532.1
1097440 1532.1
1097450 1529.0
1097460 1525.4
1097470 1525.4
1097480 1522.0
1097490 1521.7
1097500 1521.7
1097510 1519.4
1097520 1517.2
1097530 1517.2
1097540 1515.1
1097550 1512.9
1097560 1512.9
1097570 1510.5
1097580 1508.3
1097590 1508.3
1097600 1506.0
1097610 1503.7
1097620 1501.3
1097630 1501.3
1097640 1499.6
1097650 1497.2
1097660 1497.2
1097670 1495.2
1097680 1493.1
1097690 1493.1
1097700 1490.7
1097710 1487.7
1097720 1487.7
1097730 1484.4
1097740 1482.5
1097750 1482.5
1097760 1480.3
1097770 1477.6
1097780 1477.6
1097790 1474.7
1097800 1472.2
1097810 1472.2
1097820 1472.2
1097830 1471.0
1097840 1469.6
1097850 1469.6
1097860 1468.1
1097870 1466.1
1097880 1466.1
1097890 1463.8
1097900 1463.4
1097910 1463.4
1097920 1461.4
1097930 1458.8
1097940 1458.8
1097950 1455.1
1097960 1450.7
1097970 1450.7
1097980 1446.6
1097990 1442.9
1098000 1442.9
1098010 1439.1
1098020 1433.3
1098030 1433.3
1098040 1430.1
1098050 1427.5
1098060 1427.5
1098070 1423.7
1098080 1420.6
1098090 1417.8
1098100 1417.8
1098110 1413.1
1098120 1407.0
1098130 1407.0
1098140 1401.7
1098150 1399.7
1098160 1399.7
1098170 1394.1
1098180 1389.5
1098190 1389.5
1098200 1386.0
1098210 1381.1
1098220 1381.1
1098230 1375.9
1098240 1372.6
1098250 1372.6
1098260 1369.5
1098270 1366.8
1098280 1366.8
1098290 1363.0
1098300 1358.2
1098310 1353.4
1098320 1353.4
1098330 1348.5
1098340 1342.6
1098350 1342.6
1098360 1335.7
1098370 1330.4
1098380 1330.4
1098390 1327.2
1098400 1325.0
1098410 1325.0
1098420 1321.8
1098430 1315.8
1098440 1315.8
1098450 1309.4
1098460 1303.0
1098470 1303.0
1098480 1293.4
1098490 1286.0
1098500 1286.0
1098510 1278.7
1098520 1272.9
1098530 1267.7
1098540 1267.7
1098550 1262.7
1098560 1258.0
1098570 1258.0
1098580 1252.9
1098590 1248.6
1098600 1248.6
1098610 1244.9
1098620 1243.0
1098630 1243.0
1098640 1239.8
1098650 1234.8
1098660 1234.8
1098670 1229.0
1098680 1222.9
1098690 1222.9
1098700 1216.7
1098710 1210.8
1098720 1210.8
1098730 1205.0
1098740 1199.5
1098750 1193.7
1098760 1193.7
1098770 1188.1
1098780 1182.9
1098790 1182.9
1098800 1174.6
1098810 1168.2
1098820 1168.2
1098830 1161.1
1098840 1155.0
1098850 1155.0
1098860 1150.6
1098870 1146.3
1098880 1146.3
1098890 1141.7
1098900 1137.1
1098910 1137.1
1098920 1131.6
1098930 1125.3
1098940 1125.3
1098950 1119.5
1098960 1115.5
1098970 1112.4
1098980 1112.4
1098990 1109.4
1099000 1105.5
1099010 1105.5
1099020 1100.7
1099030 1096.9
1099040 1096.9
1099050 1091.8
1099060 1087.3
1099070 1087.3
1099080 1083.5
1099090 1081.6
1099100 1081.6
1099110 1082.8
1099120 1083.0
1099130 1091.6
1099140 1092.1
1099150 1090.4
1099160 1090.4
1099170 1087.6
1099180 1087.2
1099190 1090.2
1099200 1090.2
1099210 1092.6
1099220 1093.2
1099230 1093.2
1099240 1086.1
1099250 1079.5
1099260 1079.5
1099270 1075.8
1099280 1075.5
1099290 1075.5
1099300 1072.2
1099310 1072.4
1099320 1072.4
1099330 1076.7
1099340 1077.0
1099350 1077.0
1099360 1077.5
1099370 1081.9
1099380 1081.9
1099390 1087.9
1099400 1094.3
1099410 1094.3
1099420 1099.9
1099430 1100.5
1099440 1100.1
1099450 1100.1
1099460 1102.5
1099470 1103.0
1099480 1103.0
1099490 1103.5
1099500 1103.2
1099510 1103.2
1099520 1102.3
1099530 1103.7
1099540 1103.7
1099550 1103.5
1099560 1103.4
1099570 1103.4
1099580 1103.6
1099590 1104.1
1099600 1104.1
1099610 1104.9
1099620 1106.5
1099630 1106.5
1099640 1109.0
1099650 1112.0
1099660 1114.7
1099670 1114.7
1099680 1117.6
1099690 1121.2
1099700 1121.2
1099710 1125.6
1099720 1130.8
1099730 1130.8
1099740 1135.1
1099750 1139.2
1099760 1139.2
1099770 1141.2
1099780 1145.6
1099790 1150.5
1099800 1156.5
1099810 1159.0
1099820 1159.0
1099830 1159.6
1099840 1160.8
1099850 1160.8
1099860 1162.8
1099870 1164.9
1099880 1167.8
1099890 1167.8
1099900 1170.0
1099910 1171.6
1099920 1171.6
1099930 1172.0
1099940 1173.7
1099950 1173.7
1099960 1175.0
1099970 1175.1
1099980 1175.1
1099990 1175.6
