1080000 2753.6
1080010 2749.7
1080020 2749.7
1080030 2745.1
1080040 2738.9
1080050 2738.9
1080060 2730.7
1080070 2721.8
1080080 2721.8
1080090 2712.0
1080100 2701.3
1080110 2701.3
1080120 2689.4
1080130 2677.2
1080140 2665.6
1080150 2665.6
1080160 2655.9
1080170 2632.4
1080180 2632.4
1080190 2608.3
1080200 2603.2
1080210 2603.2
1080220 2601.8
1080230 2603.0
1080240 2603.0
1080250 2603.0
1080260 2601.5
1080270 2601.5
1080280 2597.4
1080290 2592.3
1080300 2592.3
1080310 2567.1
1080320 2562.0
1080330 2562.0
1080340 2551.3
1080350 2543.2
1080360 2538.4
1080370 2538.4
1080380 2531.6
1080390 2523.8
1080400 2523.8
1080410 2518.5
1080420 2511.7
1080430 2511.7
1080440 2504.6
1080450 2496.6
1080460 2496.6
1080470 2495.0
1080480 2504.9
1080490 2504.9
1080500 2502.3
1080510 2496.7
1080520 2496.7
1080530 2489.6
1080540 2481.1
1080550 2481.1
1080560 2465.8
1080570 2447.1
1080580 2447.1
1080590 2433.1
1080600 2421.7
1080610 2410.4
1080620 2400.4
1080630 2391.4
1080640 2382.7
1080650 2382.7
1080660 2375.6
1080670 2366.3
1080680 2366.3
1080690 2355.7
1080700 2345.5
1080710 2345.5
1080720 2336.9
1080730 2329.0
1080740 2329.0
1080750 2320.4
1080760 2312.6
1080770 2312.6
1080780 2303.3
1080790 2294.4
1080800 2294.4
1080810 2284.0
1080820 2270.9
1080830 2260.2
1080840 2260.2
1080850 2250.2
1080860 2239.1
1080870 2239.1
1080880 2229.7
1080890 2220.4
1080900 2220.4
1080910 2212.5
1080920 2204.0
1080930 2207.9
1080940 2197.2
1080950 2187.9
1080960 2187.9
1080970 2180.1
1080980 2173.3
1080990 2173.3
1081000 2165.3
1081010 2157.2
1081020 2157.2
1081030 2146.8
1081040 2138.4
1081050 2130.7
1081060 2130.7
1081070 2124.0
1081080 2119.6
1081090 2119.6
1081100 2114.6
1081110 2109.9
1081120 2109.9
1081130 2110.1
1081140 2109.5
1081150 2109.5
1081160 2109.0
1081170 2106.6
1081180 2106.6
1081190 2104.2
1081200 2103.9
1081210 2103.9
1081220 2102.7
1081230 2101.1
1081240 2101.1
1081250 2111.3
1081260 2110.9
1081270 2107.8
1081280 2107.8
1081290 2102.9
1081300 2098.4
1081310 2098.4
1081320 2081.0
1081330 2070.7
1081340 2070.7
1081350 2065.6
1081360 2060.7
1081370 2060.7
1081380 2053.3
1081390 2041.6
1081400 2041.6
1081410 2034.6
1081420 2029.4
1081430 2029.4
1081440 2024.2
1081450 2018.1
1081460 2018.1
1081470 1994.8
1081480 1987.3
1081490 1978.3
1081500 1978.3
1081510 1970.4
1081520 1960.7
1081530 1960.7
1081540 1943.9
1081550 1951.8
1081560 1967.3
1081570 1967.8
1081580 1967.8
1081590 1967.8
1081600 1967.8
1081610 1970.1
1081620 1970.1
1081630 1971.3
1081640 1974.7
1081650 1974.7
1081660 1973.3
1081670 1970.7
1081680 1970.7
1081690 1970.2
1081700 1971.3
1081710 1971.3
1081720 1970.8
1081730 1963.7
1081740 1954.7
1081750 1954.7
1081760 1942.0
1081770 1935.4
1081780 1935.4
1081790 1939.6
1081800 1948.7
1081810 1948.7
1081820 1947.8
1081830 1943.3
1081840 1943.3
1081850 1943.0
1081860 1942.5
1081870 1942.5
1081880 1946.8
1081890 1945.3
1081900 1945.3
1081910 1944.7
1081920 1944.6
1081930 1944.6
1081940 1943.9
1081950 1944.0
1081960 1944.3
1081970 1944.3
1081980 1945.2
1081990 1947.3
1082000 1947.3
1082010 1950.5
1082020 1955.8
1082030 1955.8
1082040 1962.8
1082050 1962.0
1082060 1962.0
1082070 1953.5
1082080 1942.7
1082090 1942.7
1082100 1929.5
1082110 1927.4
1082120 1927.4
1082130 1927.5
1082140 1925.7
1082150 1925.7
1082160 1924.3
1082170 1925.0
1082180 1918.9
1082190 1919.8
1082200 1911.1
1082210 1903.8
1082220 1903.8
1082230 1899.0
1082240 1895.8
1082250 1895.8
1082260 1891.9
1082270 1886.9
1082280 1886.9
1082290 1883.0
1082300 1880.5
1082310 1880.5
1082320 1877.2
1082330 1872.8
1082340 1872.8
1082350 1866.3
1082360 1858.9
1082370 1858.9
1082380 1854.6
1082390 1852.6
1082400 1848.9
1082410 1848.9
1082420 1849.9
1082430 1850.6
1082440 1850.6
1082450 1852.5
1082460 1856.8
1082470 1856.8
1082480 1861.7
1082490 1864.8
1082500 1864.8
1082510 1870.0
1082520 1866.9
1082530 1866.9
1082540 1860.3
1082550 1852.9
1082560 1852.9
1082570 1849.9
1082580 1851.5
1082590 1851.5
1082600 1851.4
1082610 1847.1
1082620 1847.1
1082630 1841.8
1082640 1835.2
1082650 1825.6
1082660 1825.6
1082670 1817.4
1082680 1812.2
1082690 1812.2
1082700 1810.1
1082710 1806.3
1082720 1806.3
1082730 1805.5
1082740 1806.4
1082750 1806.4
1082760 1806.7
1082770 1807.2
1082780 1807.2
1082790 1808.1
1082800 1810.6
1082810 1810.6
1082820 1816.7
1082830 1818.3
1082840 1818.3
1082850 1819.8
1082860 1821.8
1082870 1824.7
1082880 1824.7
1082890 1827.7
1082900 1830.5
1082910 1830.5
1082920 1833.1
1082930 1835.8
1082940 1835.8
1082950 1838.9
1082960 1842.1
1082970 1842.1
1082980 1845.9
1082990 1850.4
1083000 1850.4
1083010 1855.7
1083020 1861.3
1083030 1861.3
1083040 1867.2
1083050 1874.5
1083060 1874.5
1083070 1882.0
1083080 1889.1
1083090 1898.2
1083100 1898.2
1083110 1915.2
1083120 1929.0
1083130 1929.0
1083140 1946.5
1083150 1951.5
1083160 1951.5
1083170 1953.0
1083180 1956.4
1083190 1956.4
1083200 1962.0
1083210 1970.1
1083220 1970.1
1083230 1977.1
1083240 1982.2
1083250 1982.2
1083260 1984.9
1083270 1986.7
1083280 1986.7
1083290 1983.7
1083300 1983.6
1083310 1991.4
1083320 1991.4
1083330 2000.9
1083340 2007.9
1083350 2007.9
1083360 2005.5
1083370 1998.9
1083380 1998.9
1083390 1998.7
1083400 2005.1
1083410 2005.1
1083420 2011.7
1083430 2016.6
1083440 2016.6
1083450 2020.8
1083460 2034.8
1083470 2034.8
1083480 2039.6
1083490 2043.1
1083500 2043.1
1083510 2044.1
1083520 2043.1
1083530 2042.1
1083540 2042.1
1083550 2040.6
1083560 2042.1
1083570 2042.1
1083580 2045.6
1083590 2046.0
1083600 2046.0
1083610 2044.4
1083620 2044.1
1083630 2044.1
1083640 2046.7
1083650 2054.5
1083660 2054.5
1083670 2063.5
1083680 2072.7
1083690 2072.7
1083700 2078.1
1083710 2074.7
1083720 2074.7
1083730 2072.6
1083740 2075.6
1083750 2081.4
1083760 2081.4
1083770 2095.5
1083780 2094.9
1083790 2094.9
1083800 2092.5
1083810 2089.1
1083820 2089.1
1083830 2086.5
1083840 2083.7
1083850 2083.7
1083860 2079.7
1083870 2076.4
1083880 2076.4
1083890 2063.7
1083900 2060.8
1083910 2060.8
1083920 2062.3
1083930 2049.0
1083940 2049.0
1083950 2027.9
1083960 2018.6
1083970 2018.6
1083980 2011.2
1083990 1997.0
1084000 1991.3
1084010 1991.3
1084020 1987.4
1084030 1986.2
1084040 1986.2
1084050 1986.1
1084060 1987.4
1084070 1987.4
1084080 1987.2
1084090 1993.8
1084100 1993.8
1084110 1993.7
1084120 1995.3
1084130 1995.3
1084140 1996.3
1084150 1994.2
1084160 1994.2
1084170 1992.1
1084180 1990.1
1084190 1990.1
1084200 1981.2
1084210 1964.8
1084220 1962.1
1084230 1962.1
1084240 1955.6
1084250 1952.4
1084260 1952.4
1084270 1950.0
1084280 1951.5
1084290 1951.5
1084300 1942.4
1084310 1947.8
1084320 1947.8
1084330 1953.1
1084340 1953.0
1084350 1953.0
1084360 1942.2
1084370 1925.2
1084380 1925.2
1084390 1911.6
1084400 1904.5
1084410 1917.3
1084420 1908.2
1084430 1894.1
1084440 1884.9
1084450 1884.9
1084460 1879.5
1084470 1875.7
1084480 1875.7
1084490 1871.6
1084500 1867.3
1084510 1867.3
1084520 1863.6
1084530 1862.2
1084540 1862.2
1084550 1858.9
1084560 1855.4
1084570 1855.4
1084580 1850.5
1084590 1845.4
1084600 1845.4
1084610 1840.4
1084620 1836.3
1084630 1836.3
1084640 1832.2
1084650 1831.3
1084660 1830.0
1084670 1830.0
1084680 1828.2
1084690 1825.9
1084700 1825.9
1084710 1823.4
1084720 1827.1
1084730 1827.1
1084740 1823.5
1084750 1819.3
1084760 1819.3
1084770 1817.6
1084780 1818.2
1084790 1818.2
1084800 1819.2
1084810 1819.6
1084820 1819.6
1084830 1819.6
1084840 1819.0
1084850 1819.0
1084860 1818.4
1084870 1817.2
1084880 1816.1
1084890 1816.1
1084900 1815.5
1084910 1813.3
1084920 1813.3
1084930 1810.9
1084940 1808.8
1084950 1808.8
1084960 1806.1
1084970 1802.5
1084980 1802.5
1084990 1799.4
1085000 1796.7
1085010 1796.7
1085020 1793.7
1085030 1790.2
1085040 1795.9
1085050 1792.1
1085060 1788.6
1085070 1788.6
1085080 1785.2
1085090 1781.9
1085100 1781.9
1085110 1778.4
1085120 1774.5
1085130 1770.6
1085140 1770.6
1085150 1766.8
1085160 1762.7
1085170 1762.7
1085180 1758.1
1085190 1753.6
1085200 1753.6
1085210 1749.3
1085220 1745.1
1085230 1745.1
1085240 1740.9
1085250 1736.7
1085260 1736.7
1085270 1732.3
1085280 1727.9
1085290 1727.9
1085300 1723.5
1085310 1719.1
1085320 1719.1
1085330 1714.6
1085340 1710.0
1085350 1705.6
1085360 1709.1
1085370 1704.7
1085380 1700.4
1085390 1700.4
1085400 1696.1
1085410 1691.4
1085420 1691.4
1085430 1687.0
1085440 1682.8
1085450 1682.8
1085460 1678.4
1085470 1674.0
1085480 1674.0
1085490 1669.6
1085500 1665.5
1085510 1665.5
1085520 1661.4
1085530 1657.2
1085540 1657.2
1085550 1652.6
1085560 1647.8
1085570 1643.0
1085580 1643.0
1085590 1638.1
1085600 1633.3
1085610 1633.3
1085620 1628.6
1085630 1624.1
1085640 1624.1
1085650 1619.5
1085660 1615.0
1085670 1615.0
1085680 1612.2
1085690 1607.4
1085700 1607.4
1085710 1602.5
1085720 1597.9
1085730 1597.9
1085740 1593.2
1085750 1588.7
1085760 1588.7
1085770 1584.8
1085780 1579.8
1085790 1575.0
1085800 1575.0
1085810 1573.8
1085820 1567.8
1085830 1567.8
1085840 1563.7
1085850 1564.7
1085860 1564.7
1085870 1564.8
1085880 1564.8
1085890 1564.8
1085900 1565.0
1085910 1565.1
1085920 1565.1
1085930 1565.4
1085940 1567.3
1085950 1567.3
1085960 1575.2
1085970 1587.9
1085980 1587.9
1085990 1599.4
1086000 1605.9
1086010 1613.8
1086020 1613.8
1086030 1623.9
1086040 1636.7
1086050 1636.7
1086060 1647.1
1086070 1657.4
1086080 1657.4
1086090 1671.7
1086100 1691.6
1086110 1691.6
1086120 1705.5
1086130 1712.1
1086140 1712.1
1086150 1720.3
1086160 1728.1
1086170 1728.1
1086180 1736.6
1086190 1744.5
1086200 1744.5
1086210 1751.2
1086220 1758.2
1086230 1758.2
1086240 1765.3
1086250 1778.1
1086260 1789.0
1086270 1789.0
1086280 1794.9
1086290 1801.7
1086300 1801.7
1086310 1818.1
1086320 1827.1
1086330 1827.1
1086340 1836.7
1086350 1847.0
1086360 1847.0
1086370 1856.9
1086380 1870.6
1086390 1870.6
1086400 1881.2
1086410 1894.8
1086420 1894.8
1086430 1910.1
1086440 1920.5
1086450 1920.5
1086460 1931.1
1086470 1943.2
1086480 1954.8
1086490 1954.8
1086500 1965.0
1086510 1974.2
1086520 1974.2
1086530 1986.7
1086540 1995.0
1086550 1995.0
1086560 2003.3
1086570 2014.6
1086580 2014.6
1086590 2022.6
1086600 2030.0
1086610 2030.0
1086620 2036.7
1086630 2036.7
1086640 2036.7
1086650 2050.4
1086660 2065.7
1086670 2065.7
1086680 2072.1
1086690 2079.3
1086700 2091.2
1086710 2091.2
1086720 2107.1
1086730 2120.0
1086740 2120.0
1086750 2128.0
1086760 2135.7
1086770 2135.7
1086780 2148.8
1086790 2161.2
1086800 2161.2
1086810 2170.5
1086820 2180.1
1086830 2180.1
1086840 2189.1
1086850 2196.9
1086860 2196.9
1086870 2208.0
1086880 2215.9
1086890 2215.9
1086900 2213.4
1086910 2216.0
1086920 2225.3
1086930 2225.3
1086940 2235.2
1086950 2236.6
1086960 2236.6
1086970 2247.8
1086980 2255.8
1086990 2255.8
1087000 2262.2
1087010 2268.6
1087020 2268.6
1087030 2268.9
1087040 2259.4
1087050 2259.4
1087060 2260.4
1087070 2265.1
1087080 2265.1
1087090 2271.9
1087100 2280.1
1087110 2280.1
1087120 2289.5
1087130 2299.1
1087140 2307.3
1087150 2307.3
1087160 2315.9
1087170 2324.4
1087180 2324.4
1087190 2334.4
1087200 2343.5
1087210 2343.5
1087220 2344.1
1087230 2344.5
1087240 2344.5
1087250 2342.2
1087260 2340.3
1087270 2339.2
1087280 2337.4
1087290 2335.5
1087300 2335.5
1087310 2334.4
1087320 2330.9
1087330 2330.9
1087340 2328.7
1087350 2328.5
1087360 2328.5
1087370 2326.3
1087380 2322.4
1087390 2318.4
1087400 2318.4
1087410 2314.3
1087420 2310.2
1087430 2310.2
1087440 2305.3
1087450 2302.0
1087460 2302.0
1087470 2297.9
1087480 2294.4
1087490 2294.4
1087500 2292.3
1087510 2291.7
1087520 2291.7
1087530 2291.2
1087540 2288.1
1087550 2288.1
1087560 2284.6
1087570 2281.5
1087580 2281.5
1087590 2277.9
1087600 2277.3
1087610 2276.4
1087620 2276.4
1087630 2274.6
1087640 2272.4
1087650 2272.4
1087660 2269.8
1087670 2269.5
1087680 2269.5
1087690 2270.7
1087700 2269.4
1087710 2269.4
1087720 2266.9
1087730 2265.2
1087740 2265.2
1087750 2263.4
1087760 2260.7
1087770 2260.7
1087780 2257.6
1087790 2253.3
1087800 2253.3
1087810 2248.0
1087820 2236.4
1087830 2223.6
1087840 2223.6
1087850 2208.4
1087860 2189.0
1087870 2189.0
1087880 2178.7
1087890 2172.2
1087900 2172.2
1087910 2162.2
1087920 2156.6
1087930 2156.6
1087940 2150.6
1087950 2144.4
1087960 2144.4
1087970 2138.4
1087980 2132.7
1087990 2132.7
1088000 2126.7
1088010 2120.4
1088020 2120.4
1088030 2114.3
1088040 2105.4
1088050 2097.7
1088060 2097.7
1088070 2086.8
1088080 2078.2
1088090 2078.2
1088100 2064.0
1088110 2052.6
1088120 2052.6
1088130 2032.5
1088140 2018.8
1088150 2018.8
1088160 2005.1
1088170 1996.0
1088180 1996.0
1088190 1988.0
1088200 1983.9
1088210 1983.9
1088220 1981.6
1088230 1966.8
1088240 1966.8
1088250 1954.9
1088260 1946.2
1088270 1940.9
1088280 1940.9
1088290 1935.8
1088300 1929.7
1088310 1929.7
1088320 1923.8
1088330 1917.4
1088340 1917.4
1088350 1910.9
1088360 1904.5
1088370 1904.5
1088380 1898.5
1088390 1893.2
1088400 1893.2
1088410 1887.8
1088420 1882.6
1088430 1882.6
1088440 1878.0
1088450 1873.4
1088460 1873.4
1088470 1869.4
1088480 1865.9
1088490 1865.9
1088500 1863.0
1088510 1860.3
1088520 1857.3
1088530 1857.3
1088540 1855.8
1088550 1855.6
1088560 1855.6
1088570 1854.9
1088580 1855.6
1088590 1855.6
1088600 1857.3
1088610 1858.4
1088620 1858.4
1088630 1858.0
1088640 1856.4
1088650 1856.4
1088660 1855.4
1088670 1854.0
1088680 1854.0
1088690 1853.2
1088700 1852.1
1088710 1852.1
1088720 1851.0
1088730 1849.4
1088740 1847.2
1088750 1847.2
1088760 1844.4
1088770 1841.8
1088780 1841.8
1088790 1839.2
1088800 1836.2
1088810 1836.2
1088820 1833.4
1088830 1830.2
1088840 1830.2
1088850 1826.5
1088860 1822.5
1088870 1826.8
1088880 1823.0
1088890 1819.0
1088900 1819.0
1088910 1815.2
1088920 1811.1
1088930 1811.1
1088940 1807.4
1088950 1808.9
1088960 1811.3
1088970 1811.3
1088980 1810.9
1088990 1808.8
1089000 1808.8
1089010 1807.2
1089020 1807.1
1089030 1807.1
1089040 1810.1
1089050 1814.3
1089060 1814.3
1089070 1817.0
1089080 1817.1
1089090 1817.1
1089100 1815.7
1089110 1813.9
1089120 1813.9
1089130 1811.9
1089140 1811.4
1089150 1811.4
1089160 1812.6
1089170 1811.8
1089180 1810.5
1089190 1812.7
1089200 1812.1
1089210 1812.8
1089220 1812.8
1089230 1812.5
1089240 1812.0
1089250 1812.0
1089260 1811.1
1089270 1809.5
1089280 1809.5
1089290 1805.3
1089300 1798.7
1089310 1798.7
1089320 1792.7
1089330 1791.2
1089340 1791.2
1089350 1793.4
1089360 1796.7
1089370 1796.7
1089380 1800.8
1089390 1804.0
1089400 1805.0
1089410 1805.0
1089420 1802.0
1089430 1795.7
1089440 1795.7
1089450 1790.6
1089460 1789.8
1089470 1789.8
1089480 1788.4
1089490 1786.2
1089500 1786.2
1089510 1788.5
1089520 1788.9
1089530 1788.9
1089540 1789.8
1089550 1790.6
1089560 1790.6
1089570 1792.4
1089580 1794.6
1089590 1794.6
1089600 1796.5
1089610 1798.3
1089620 1800.3
1089630 1800.3
1089640 1803.6
1089650 1807.3
1089660 1807.3
1089670 1809.7
1089680 1811.9
1089690 1811.9
1089700 1814.7
1089710 1817.0
1089720 1817.0
1089730 1818.6
1089740 1819.6
1089750 1819.6
1089760 1820.3
1089770 1822.2
1089780 1822.2
1089790 1825.6
1089800 1829.6
1089810 1829.6
1089820 1834.3
1089830 1843.1
1089840 1843.1
1089850 1846.8
1089860 1850.2
1089870 1852.8
1089880 1852.8
1089890 1853.2
1089900 1849.7
1089910 1849.7
1089920 1841.0
1089930 1829.7
1089940 1829.7
1089950 1815.5
1089960 1801.8
1089970 1801.8
1089980 1792.0
1089990 1783.4
1090000 1783.4
1090010 1771.8
1090020 1754.0
1090030 1754.0
1090040 1744.7
1090050 1738.4
1090060 1738.4
1090070 1731.3
1090080 1723.8
1090090 1716.5
1090100 1716.5
1090110 1709.2
1090120 1702.4
1090130 1702.4
1090140 1695.9
1090150 1690.3
1090160 1690.3
1090170 1684.2
1090180 1677.8
1090190 1677.8
1090200 1671.8
1090210 1666.3
1090220 1666.3
1090230 1661.2
1090240 1656.9
1090250 1656.9
1090260 1652.5
1090270 1648.5
1090280 1648.5
1090290 1645.3
1090300 1639.2
1090310 1631.3
1090320 1631.3
1090330 1624.4
1090340 1618.3
1090350 1618.3
1090360 1614.2
1090370 1608.3
1090380 1608.3
1090390 1601.6
1090400 1595.7
1090410 1595.7
1090420 1589.9
1090430 1584.0
1090440 1584.0
1090450 1578.4
1090460 1571.6
1090470 1571.5
1090480 1566.6
1090490 1562.5
1090500 1562.5
1090510 1558.5
1090520 1554.9
1090530 1550.6
1090540 1550.6
1090550 1546.8
1090560 1543.5
1090570 1543.5
1090580 1540.7
1090590 1537.0
1090600 1537.0
1090610 1532.7
1090620 1529.0
1090630 1529.0
1090640 1527.0
1090650 1526.3
1090660 1526.3
1090670 1527.5
1090680 1527.9
1090690 1527.9
1090700 1527.7
1090710 1529.9
1090720 1529.9
1090730 1534.5
1090740 1537.9
1090750 1540.6
1090760 1540.6
1090770 1543.9
1090780 1547.7
1090790 1547.7
1090800 1551.6
1090810 1555.7
1090820 1555.7
1090830 1559.9
1090840 1564.9
1090850 1564.9
1090860 1570.3
1090870 1576.1
1090880 1576.1
1090890 1582.0
1090900 1588.1
1090910 1588.1
1090920 1594.6
1090930 1601.3
1090940 1601.3
1090950 1608.0
1090960 1614.7
1090970 1614.7
1090980 1621.5
1090990 1628.7
1091000 1635.6
1091010 1635.6
1091020 1642.6
1091030 1649.6
1091040 1649.6
1091050 1656.7
1091060 1664.5
1091070 1664.5
1091080 1673.3
1091090 1682.9
1091100 1682.9
1091110 1690.2
1091120 1692.4
1091130 1692.4
1091140 1701.5
1091150 1711.0
1091160 1711.0
1091170 1721.1
1091180 1730.7
1091190 1730.7
1091200 1741.4
1091210 1751.0
1091220 1760.2
1091230 1760.2
1091240 1770.7
1091250 1779.7
1091260 1779.7
1091270 1786.6
1091280 1795.9
1091290 1795.9
1091300 1804.1
1091310 1811.9
1091320 1811.9
1091330 1821.5
1091340 1831.5
1091350 1831.5
1091360 1839.7
1091370 1848.0
1091380 1848.0
1091390 1855.1
1091400 1860.4
1091410 1860.4
1091420 1865.9
1091430 1871.9
1091440 1875.0
1091450 1875.0
1091460 1881.0
1091470 1886.7
1091480 1886.7
1091490 1892.4
1091500 1896.7
1091510 1896.7
1091520 1900.8
1091530 1905.8
1091540 1905.8
1091550 1911.5
1091560 1917.1
1091570 1917.1
1091580 1922.6
1091590 1928.1
1091600 1928.1
1091610 1932.8
1091620 1938.5
1091630 1938.5
1091640 1945.3
1091650 1951.6
1091660 1959.0
1091670 1959.0
1091680 1966.8
1091690 1975.4
1091700 1975.4
1091710 1984.0
1091720 1992.1
1091730 1992.1
1091740 2001.3
1091750 2008.4
1091760 2007.8
1091770 2013.4
1091780 2017.4
1091790 2017.4
1091800 2019.4
1091810 2019.5
1091820 2019.5
1091830 2019.9
1091840 2017.2
1091850 2017.2
1091860 2003.6
1091870 1997.3
1091880 1992.4
1091890 1992.4
1091900 1984.4
1091910 1974.2
1091920 1974.2
1091930 1968.8
1091940 1964.1
1091950 1964.1
1091960 1958.7
1091970 1953.1
1091980 1953.1
1091990 1948.2
1092000 1943.7
1092010 1943.7
1092020 1940.2
1092030 1939.3
1092040 1939.3
1092050 1938.5
1092060 1939.0
1092070 1939.0
1092080 1940.9
1092090 1944.4
1092100 1944.4
1092110 1944.6
1092120 1945.3
1092130 1944.3
1092140 1944.3
1092150 1941.8
1092160 1940.9
1092170 1940.9
1092180 1942.3
1092190 1943.6
1092200 1943.6
1092210 1943.5
1092220 1942.5
1092230 1942.5
1092240 1942.2
1092250 1942.5
1092260 1942.5
1092270 1942.5
1092280 1943.7
1092290 1943.7
1092300 1946.4
1092310 1945.6
1092320 1945.6
1092330 1945.6
1092340 1947.9
1092350 1950.0
1092360 1950.0
1092370 1952.1
1092380 1954.3
1092390 1954.3
1092400 1954.3
1092410 1955.8
1092420 1955.8
1092430 1957.2
1092440 1958.4
1092450 1958.4
1092460 1960.9
1092470 1964.5
1092480 1964.5
1092490 1970.6
1092500 1977.2
1092510 1977.2
1092520 1984.0
1092530 1990.8
1092540 1990.8
1092550 1997.6
1092560 2004.0
1092570 2011.3
1092580 2011.3
1092590 2019.4
1092600 2028.2
1092610 2028.2
1092620 2037.0
1092630 2046.8
1092640 2046.8
1092650 2054.9
1092660 2053.8
1092670 2053.8
1092680 2047.3
1092690 2040.1
1092700 2040.1
1092710 2033.9
1092720 2028.2
1092730 2030.1
1092740 2025.5
1092750 2023.3
1092760 2023.3
1092770 2022.1
1092780 2021.4
1092790 2020.5
1092800 2020.5
1092810 2018.1
1092820 2016.0
1092830 2016.0
1092840 2014.8
1092850 2012.4
1092860 2012.4
1092870 2011.2
1092880 2010.3
1092890 2010.3
1092900 2010.9
1092910 2011.5
1092920 2011.5
1092930 2009.4
1092940 2003.1
1092950 2003.1
1092960 1996.5
1092970 1990.6
1092980 1990.6
1092990 1988.6
1093000 1987.5
1093010 1987.4
1093020 1987.4
1093030 1987.5
1093040 1987.3
1093050 1987.3
1093060 1985.4
1093070 1980.2
1093080 1980.2
1093090 1977.2
1093100 1977.7
1093110 1977.7
1093120 1968.9
1093130 1958.5
1093140 1958.5
1093150 1949.0
1093160 1940.9
1093170 1940.9
1093180 1936.2
1093190 1932.3
1093200 1932.3
1093210 1928.5
1093220 1925.6
1093230 1921.8
1093240 1921.8
1093250 1917.9
1093260 1915.5
1093270 1915.5
1093280 1913.4
1093290 1910.5
1093300 1910.5
1093310 1908.5
1093320 1906.6
1093330 1906.6
1093340 1905.3
1093350 1904.0
1093360 1904.0
1093370 1901.5
1093380 1900.3
1093390 1900.3
1093400 1898.9
1093410 1898.4
1093420 1898.4
1093430 1898.6
1093440 1898.1
1093450 1898.1
1093460 1897.2
1093470 1897.7
1093480 1899.1
1093490 1899.1
1093500 1900.4
1093510 1903.9
1093520 1903.9
1093530 1907.6
1093540 1910.0
1093550 1910.0
1093560 1911.5
1093570 1911.7
1093580 1911.7
1093590 1911.4
1093600 1910.9
1093610 1910.9
1093620 1909.3
1093630 1906.0
1093640 1906.0
1093650 1899.2
1093660 1891.4
1093670 1891.4
1093680 1885.9
1093690 1886.0
1093700 1884.6
1093710 1886.5
1093720 1883.2
1093730 1880.2
1093740 1880.2
1093750 1877.9
1093760 1875.8
1093770 1875.8
1093780 1874.3
1093790 1873.3
1093800 1873.3
1093810 1872.5
1093820 1872.4
1093830 1872.4
1093840 1874.3
1093850 1875.4
1093860 1875.4
1093870 1877.1
1093880 1877.9
1093890 1877.9
1093900 1873.1
1093910 1868.2
1093920 1867.3
1093930 1867.3
1093940 1855.2
1093950 1845.7
1093960 1845.7
1093970 1841.4
1093980 1837.9
1093990 1837.9
1094000 1834.3
1094010 1831.5
1094020 1831.5
1094030 1834.9
1094040 1834.0
1094050 1834.0
1094060 1832.0
1094070 1829.0
1094080 1829.0
1094090 1826.9
1094100 1824.3
1094110 1824.3
1094120 1821.4
1094130 1818.2
1094140 1815.0
1094150 1815.0
1094160 1812.0
1094170 1807.2
1094180 1807.2
1094190 1804.3
1094200 1805.5
1094210 1805.5
1094220 1806.3
1094230 1804.8
1094240 1804.8
1094250 1805.1
1094260 1805.4
1094270 1805.4
1094280 1804.3
1094290 1804.7
1094300 1804.7
1094310 1805.4
1094320 1806.1
1094330 1806.1
1094340 1808.4
1094350 1811.6
1094360 1821.7
1094370 1821.7
1094380 1827.8
1094390 1834.3
1094400 1834.3
1094410 1840.9
1094420 1848.0
1094430 1848.0
1094440 1855.5
1094450 1860.8
1094460 1860.8
1094470 1863.2
1094480 1863.1
1094490 1863.1
1094500 1862.5
1094510 1862.2
1094520 1862.2
1094530 1863.3
1094540 1863.6
1094550 1863.6
1094560 1864.0
1094570 1864.8
1094580 1864.8
1094590 1865.2
1094600 1866.7
1094610 1867.9
1094620 1867.9
1094630 1868.0
1094640 1867.0
1094650 1867.0
1094660 1865.1
1094670 1864.4
1094680 1867.7
1094690 1868.2
1094700 1869.2
1094710 1869.2
1094720 1870.7
1094730 1870.2
1094740 1870.2
1094750 1870.5
1094760 1870.5
1094770 1870.5
1094780 1870.4
1094790 1870.3
1094800 1870.3
1094810 1869.4
1094820 1869.1
1094830 1868.2
1094840 1868.2
1094850 1867.9
1094860 1869.1
1094870 1869.1
1094880 1871.0
1094890 1872.5
1094900 1872.5
1094910 1873.4
1094920 1875.0
1094930 1875.0
1094940 1876.7
1094950 1876.9
1094960 1876.9
1094970 1878.1
1094980 1881.4
1094990 1881.4
1095000 1886.0
1095010 1895.2
1095020 1895.2
1095030 1901.7
1095040 1908.8
1095050 1916.2
1095060 1916.2
1095070 1926.5
1095080 1939.7
1095090 1939.7
1095100 1950.1
1095110 1955.8
1095120 1955.8
1095130 1962.2
1095140 1967.4
1095150 1967.4
1095160 1971.4
1095170 1974.9
1095180 1974.9
1095190 1977.5
1095200 1978.3
1095210 1978.3
1095220 1977.7
1095230 1975.0
1095240 1975.0
1095250 1973.8
1095260 1973.4
1095270 1973.5
1095280 1973.5
1095290 1974.0
1095300 1972.2
1095310 1972.2
1095320 1971.0
1095330 1975.7
1095340 1975.7
1095350 1973.0
1095360 1969.3
1095370 1969.3
1095380 1965.5
1095390 1961.4
1095400 1961.4
1095410 1957.0
1095420 1952.5
1095430 1952.5
1095440 1948.8
1095450 1946.1
1095460 1946.1
1095470 1942.6
1095480 1939.4
1095490 1936.2
1095500 1936.2
1095510 1933.3
1095520 1930.9
1095530 1930.9
1095540 1929.0
1095550 1927.0
1095560 1927.0
1095570 1924.2
1095580 1918.0
1095590 1918.0
1095600 1911.0
1095610 1904.7
1095620 1904.7
1095630 1900.5
1095640 1898.0
1095650 1898.0
1095660 1896.5
1095670 1894.8
1095680 1894.8
1095690 1892.4
1095700 1889.9
1095710 1889.4
1095720 1889.4
1095730 1887.8
1095740 1883.9
1095750 1883.9
1095760 1881.2
1095770 1879.8
1095780 1879.8
1095790 1878.5
1095800 1874.2
1095810 1874.2
1095820 1869.3
1095830 1863.7
1095840 1863.7
1095850 1856.5
1095860 1853.0
1095870 1853.0
1095880 1849.3
1095890 1844.5
1095900 1844.5
1095910 1839.9
1095920 1834.6
1095930 1834.6
1095940 1828.8
1095950 1823.5
1095960 1819.3
1095970 1819.3
1095980 1815.4
1095990 1813.6
1096000 1813.6
1096010 1810.8
1096020 1809.2
1096030 1809.2
1096040 1808.0
1096050 1808.5
1096060 1808.5
1096070 1810.0
1096080 1810.0
1096090 1810.0
1096100 1808.3
1096110 1808.8
1096120 1808.8
1096130 1808.6
1096140 1807.2
1096150 1807.2
1096160 1806.7
1096170 1806.6
1096180 1805.5
1096190 1805.5
1096200 1803.2
1096210 1802.9
1096220 1802.9
1096230 1802.1
1096240 1800.8
1096250 1800.8
1096260 1798.7
1096270 1797.2
1096280 1797.2
1096290 1795.8
1096300 1793.8
1096310 1794.9
1096320 1792.7
1096330 1789.3
1096340 1789.3
1096350 1785.5
1096360 1781.4
1096370 1781.4
1096380 1778.4
1096390 1775.4
1096400 1770.9
1096410 1770.9
1096420 1764.7
1096430 1759.3
1096440 1759.3
1096450 1752.7
1096460 1747.5
1096470 1747.5
1096480 1742.0
1096490 1739.0
1096500 1739.0
1096510 1737.2
1096520 1735.3
1096530 1735.3
1096540 1732.5
1096550 1730.8
1096560 1730.8
1096570 1729.6
1096580 1728.0
1096590 1728.0
1096600 1724.4
1096610 1720.3
1096620 1716.7
1096630 1716.7
1096640 1716.4
1096650 1715.8
1096660 1715.8
1096670 1715.1
1096680 1713.0
1096690 1713.0
1096700 1709.9
1096710 1706.1
1096720 1706.1
1096730 1702.7
1096740 1700.6
1096750 1700.6
1096760 1698.7
1096770 1695.9
1096780 1695.9
1096790 1692.6
1096800 1689.2
1096810 1689.2
1096820 1685.9
1096830 1682.9
1096840 1679.8
1096850 1679.8
1096860 1675.3
1096870 1670.2
1096880 1670.2
1096890 1665.6
1096900 1661.2
1096910 1661.2
1096920 1657.6
1096930 1654.1
1096940 1654.1
1096950 1651.4
1096960 1650.0
1096970 1650.3
1096980 1648.5
1096990 1646.4
1097000 1646.4
1097010 1643.8
1097020 1641.2
1097030 1641.2
1097040 1638.9
1097050 1636.3
1097060 1633.3
1097070 1633.3
1097080 1629.8
1097090 1626.3
1097100 1626.3
1097110 1623.2
1097120 1620.6
1097130 1620.6
1097140 1617.6
1097150 1614.5
1097160 1614.5
1097170 1612.1
1097180 1609.1
1097190 1609.1
1097200 1605.0
1097210 1600.8
1097220 1600.8
1097230 1595.9
1097240 1592.4
1097250 1592.4
1097260 1589.3
1097270 1586.4
1097280 1586.4
1097290 1583.6
1097300 1578.5
1097310 1572.8
1097320 1572.8
1097330 1567.5
1097340 1562.0
1097350 1562.0
1097360 1556.1
1097370 1551.6
1097380 1551.6
1097390 1546.2
1097400 1541.6
1097410 1541.6
1097420 1536.3
1097430 1531.8
1097440 1531.8
1097450 1527.9
1097460 1524.5
1097470 1524.5
1097480 1519.5
1097490 1515.3
1097500 1515.3
1097510 1512.8
1097520 1510.0
1097530 1506.9
1097540 1506.9
1097550 1506.7
1097560 1506.2
1097570 1506.2
1097580 1504.9
1097590 1503.6
1097600 1503.6
1097610 1502.0
1097620 1500.3
1097630 1500.3
1097640 1498.4
1097650 1494.8
1097660 1494.8
1097670 1490.7
1097680 1487.4
1097690 1487.4
1097700 1484.7
1097710 1481.6
1097720 1481.6
1097730 1478.9
1097740 1476.6
1097750 1474.7
1097760 1474.7
1097770 1472.7
1097780 1470.3
1097790 1470.3
1097800 1468.0
1097810 1466.6
1097820 1466.6
1097830 1465.3
1097840 1464.3
1097850 1464.3
1097860 1462.1
1097870 1460.5
1097880 1460.5
1097890 1459.4
1097900 1457.3
1097910 1457.3
1097920 1453.1
1097930 1450.2
1097940 1450.2
1097950 1446.8
1097960 1443.9
1097970 1442.4
1097980 1442.4
1097990 1438.8
1098000 1434.8
1098010 1434.8
1098020 1428.9
1098030 1424.1
1098040 1424.1
1098050 1418.2
1098060 1411.4
1098070 1411.4
1098080 1407.1
1098090 1402.7
1098100 1402.7
1098110 1397.6
1098120 1393.5
1098130 1393.5
1098140 1389.9
1098150 1386.8
1098160 1386.8
1098170 1384.3
1098180 1382.0
1098190 1378.9
1098200 1378.9
1098210 1375.6
1098220 1372.8
1098230 1372.8
1098240 1370.3
1098250 1368.0
1098260 1368.0
1098270 1365.1
1098280 1362.3
1098290 1362.3
1098300 1359.7
1098310 1355.3
1098320 1355.3
1098330 1349.9
1098340 1345.7
1098350 1345.7
1098360 1341.0
1098370 1336.1
1098380 1336.1
1098390 1332.9
1098400 1328.4
1098410 1328.4
1098420 1324.0
1098430 1319.3
1098440 1314.0
1098450 1314.0
1098460 1307.6
1098470 1300.7
1098480 1300.7
1098490 1294.7
1098500 1288.5
1098510 1288.5
1098520 1282.4
1098530 1276.4
1098540 1276.4
1098550 1270.4
1098560 1264.9
1098570 1264.9
1098580 1259.4
1098590 1254.6
1098600 1254.6
1098610 1249.5
1098620 1245.2
1098630 1245.2
1098640 1242.0
1098650 1239.8
1098660 1236.5
1098670 1236.5
1098680 1231.6
1098690 1225.9
1098700 1225.9
1098710 1220.2
1098720 1213.9
1098730 1213.9
1098740 1207.0
1098750 1200.3
1098760 1200.3
1098770 1192.9
1098780 1185.4
1098790 1185.4
1098800 1178.7
1098810 1172.2
1098820 1172.2
1098830 1167.1
1098840 1162.7
1098850 1162.7
1098860 1158.3
1098870 1154.5
1098880 1151.8
1098890 1151.8
1098900 1149.0
1098910 1146.2
1098920 1146.2
1098930 1137.9
1098940 1132.5
1098950 1132.5
1098960 1127.9
1098970 1124.0
1098980 1124.0
1098990 1120.1
1099000 1116.1
1099010 1116.1
1099020 1112.5
1099030 1109.3
1099040 1109.3
1099050 1106.8
1099060 1103.6
1099070 1103.6
1099080 1099.6
1099090 1095.5
1099100 1088.7
1099110 1088.7
1099120 1081.7
1099130 1077.2
1099140 1077.2
1099150 1073.5
1099160 1070.4
1099170 1070.4
1099180 1066.8
1099190 1062.6
1099200 1062.6
1099210 1062.0
1099220 1063.7
1099230 1063.7
1099240 1066.1
1099250 1067.0
1099260 1073.3
1099270 1069.0
1099280 1067.3
1099290 1067.3
1099300 1065.4
1099310 1065.5
1099320 1068.7
1099330 1068.7
1099340 1068.0
1099350 1067.0
1099360 1067.0
1099370 1067.8
1099380 1071.8
1099390 1071.8
1099400 1075.9
1099410 1079.5
1099420 1079.5
1099430 1082.2
1099440 1085.1
1099450 1085.1
1099460 1088.7
1099470 1093.1
1099480 1093.1
1099490 1095.2
1099500 1093.8
1099510 1093.8
1099520 1092.9
1099530 1094.3
1099540 1093.9
1099550 1093.9
1099560 1093.4
1099570 1093.4
1099580 1093.4
1099590 1096.7
1099600 1097.4
1099610 1097.4
1099620 1098.7
1099630 1100.2
1099640 1100.2
1099650 1101.4
1099660 1102.1
1099670 1102.1
1099680 1104.6
1099690 1109.3
1099700 1109.3
1099710 1114.7
1099720 1117.9
1099730 1117.9
1099740 1119.6
1099750 1124.1
1099760 1124.1
1099770 1128.8
1099780 1132.8
1099790 1135.9
1099800 1135.9
1099810 1138.3
1099820 1140.7
1099830 1140.7
1099840 1143.6
1099850 1145.0
1099860 1145.0
1099870 1145.6
1099880 1149.3
1099890 1149.3
1099900 1151.9
1099910 1152.7
1099920 1158.8
1099930 1159.2
1099940 1159.7
1099950 1159.7
1099960 1159.8
1099970 1160.4
1099980 1160.4
1099990 1160.0
