1080000 2638.5
1080010 2639.5
1080020 2641.6
1080030 2641.6
1080040 2644.2
1080050 2645.7
1080060 2645.7
1080070 2645.5
1080080 2645.2
1080090 2644.2
1080100 2644.2
1080110 2643.9
1080120 2644.6
1080130 2644.6
1080140 2645.7
1080150 2646.4
1080160 2646.4
1080170 2646.4
1080180 2645.4
1080190 2645.4
1080200 2642.6
1080210 2638.8
1080220 2638.8
1080230 2636.2
1080240 2634.9
1080250 2634.9
1080260 2632.1
1080270 2628.2
1080280 2628.2
1080290 2623.4
1080300 2619.1
1080310 2612.6
1080320 2603.2
1080330 2594.5
1080340 2584.3
1080350 2584.3
1080360 2576.6
1080370 2570.0
1080380 2570.0
1080390 2562.3
1080400 2553.6
1080410 2553.6
1080420 2546.2
1080430 2540.0
1080440 2540.0
1080450 2534.8
1080460 2530.1
1080470 2530.1
1080480 2524.4
1080490 2518.9
1080500 2518.9
1080510 2514.4
1080520 2513.6
1080530 2513.6
1080540 2512.5
1080550 2508.0
1080560 2502.3
1080570 2502.3
1080580 2498.4
1080590 2494.1
1080600 2494.1
1080610 2492.7
1080620 2494.1
1080630 2497.2
1080640 2498.4
1080650 2498.1
1080660 2498.1
1080670 2495.5
1080680 2492.5
1080690 2492.5
1080700 2490.8
1080710 2489.7
1080720 2489.7
1080730 2488.5
1080740 2486.4
1080750 2486.4
1080760 2485.7
1080770 2485.2
1080780 2483.3
1080790 2483.3
1080800 2480.9
1080810 2477.4
1080820 2477.4
1080830 2474.0
1080840 2469.9
1080850 2469.9
1080860 2465.8
1080870 2463.4
1080880 2463.4
1080890 2460.1
1080900 2459.0
1080910 2459.0
1080920 2458.5
1080930 2457.9
1080940 2460.9
1080950 2462.1
1080960 2461.5
1080970 2461.5
1080980 2460.5
1080990 2459.3
1081000 2456.4
1081010 2456.4
1081020 2452.6
1081030 2450.8
1081040 2450.8
1081050 2449.2
1081060 2447.8
1081070 2447.8
1081080 2446.1
1081090 2443.9
1081100 2443.9
1081110 2439.4
1081120 2435.4
1081130 2435.4
1081140 2435.7
1081150 2436.7
1081160 2436.7
1081170 2436.5
1081180 2436.1
1081190 2436.1
1081200 2435.8
1081210 2434.9
1081220 2433.6
1081230 2433.6
1081240 2431.8
1081250 2430.8
1081260 2435.9
1081270 2436.3
1081280 2435.5
1081290 2435.5
1081300 2435.0
1081310 2437.7
1081320 2437.7
1081330 2439.0
1081340 2434.1
1081350 2434.1
1081360 2428.4
1081370 2425.6
1081380 2425.6
1081390 2424.0
1081400 2420.6
1081410 2420.6
1081420 2419.1
1081430 2418.8
1081440 2416.4
1081450 2416.4
1081460 2411.0
1081470 2404.0
1081480 2404.0
1081490 2397.9
1081500 2386.4
1081510 2386.4
1081520 2320.7
1081530 2246.9
1081540 2246.9
1081550 2219.1
1081560 2202.3
1081570 2248.1
1081580 2227.3
1081590 2212.6
1081600 2212.6
1081610 2208.2
1081620 2207.6
1081630 2207.6
1081640 2207.8
1081650 2209.4
1081660 2203.2
1081670 2203.2
1081680 2195.5
1081690 2190.3
1081700 2190.3
1081710 2191.2
1081720 2188.3
1081730 2188.3
1081740 2188.5
1081750 2188.6
1081760 2188.6
1081770 2188.6
1081780 2188.2
1081790 2188.2
1081800 2187.6
1081810 2185.9
1081820 2185.9
1081830 2182.9
1081840 2178.7
1081850 2178.7
1081860 2173.7
1081870 2166.2
1081880 2166.2
1081890 2164.7
1081900 2160.0
1081910 2154.9
1081920 2154.9
1081930 2150.0
1081940 2144.6
1081950 2144.6
1081960 2138.9
1081970 2131.2
1081980 2131.2
1081990 2125.6
1082000 2120.6
1082010 2120.6
1082020 2115.5
1082030 2111.6
1082040 2111.6
1082050 2109.2
1082060 2106.7
1082070 2106.7
1082080 2101.4
1082090 2094.7
1082100 2094.7
1082110 2088.5
1082120 2082.5
1082130 2076.4
1082140 2076.4
1082150 2070.3
1082160 2064.6
1082170 2064.6
1082180 2059.3
1082190 2054.3
1082200 2058.1
1082210 2053.3
1082220 2048.5
1082230 2048.5
1082240 2043.9
1082250 2039.1
1082260 2039.1
1082270 2034.3
1082280 2030.8
1082290 2030.8
1082300 2025.3
1082310 2021.3
1082320 2021.3
1082330 2024.7
1082340 2024.8
1082350 2024.1
1082360 2024.1
1082370 2023.0
1082380 2021.9
1082390 2021.9
1082400 2020.6
1082410 2019.4
1082420 2019.4
1082430 2017.7
1082440 2015.0
1082450 2015.0
1082460 2014.1
1082470 2011.1
1082480 2011.1
1082490 2009.2
1082500 2006.9
1082510 2006.9
1082520 2009.6
1082530 2007.6
1082540 2007.6
1082550 2005.4
1082560 2003.3
1082570 2001.4
1082580 2001.4
1082590 2000.0
1082600 1998.6
1082610 1998.6
1082620 1997.0
1082630 1995.4
1082640 1995.4
1082650 1993.5
1082660 1991.8
1082670 1991.8
1082680 1990.1
1082690 1988.3
1082700 1988.3
1082710 1986.2
1082720 1984.3
1082730 1984.3
1082740 1982.9
1082750 1981.4
1082760 1981.4
1082770 1979.3
1082780 1978.0
1082790 1976.9
1082800 1976.9
1082810 1975.7
1082820 1974.2
1082830 1978.9
1082840 1977.0
1082850 1975.1
1082860 1975.1
1082870 1974.2
1082880 1975.4
1082890 1975.4
1082900 1977.7
1082910 1980.2
1082920 1980.2
1082930 1982.4
1082940 1984.8
1082950 1984.8
1082960 1987.8
1082970 1990.6
1082980 1990.6
1082990 1993.8
1083000 1997.0
1083010 1997.0
1083020 2000.4
1083030 2004.0
1083040 2007.5
1083050 2007.5
1083060 2011.4
1083070 2015.4
1083080 2015.4
1083090 2018.5
1083100 2022.0
1083110 2022.0
1083120 2025.5
1083130 2028.9
1083140 2028.9
1083150 2037.6
1083160 2040.9
1083170 2040.9
1083180 2044.1
1083190 2047.2
1083200 2047.2
1083210 2056.2
1083220 2068.2
1083230 2068.2
1083240 2073.6
1083250 2080.6
1083260 2088.3
1083270 2088.3
1083280 2090.1
1083290 2093.4
1083300 2093.4
1083310 2101.3
1083320 2114.4
1083330 2114.4
1083340 2128.7
1083350 2136.3
1083360 2136.3
1083370 2138.3
1083380 2141.8
1083390 2141.8
1083400 2145.1
1083410 2147.2
1083420 2147.2
1083430 2149.8
1083440 2152.5
1083450 2152.5
1083460 2157.0
1083470 2167.1
1083480 2171.9
1083490 2171.9
1083500 2179.5
1083510 2188.7
1083520 2188.7
1083530 2195.3
1083540 2198.1
1083550 2198.1
1083560 2203.9
1083570 2213.6
1083580 2213.6
1083590 2223.8
1083600 2226.3
1083610 2226.3
1083620 2231.0
1083630 2236.3
1083640 2236.3
1083650 2242.2
1083660 2252.1
1083670 2252.1
1083680 2265.3
1083690 2276.6
1083700 2285.3
1083710 2285.3
1083720 2299.8
1083730 2300.1
1083740 2300.1
1083750 2292.6
1083760 2294.6
1083770 2294.6
1083780 2308.2
1083790 2314.8
1083800 2314.8
1083810 2315.0
1083820 2320.9
1083830 2320.9
1083840 2328.8
1083850 2333.3
1083860 2333.3
1083870 2325.4
1083880 2319.4
1083890 2319.4
1083900 2315.7
1083910 2312.9
1083920 2310.3
1083930 2310.3
1083940 2307.7
1083950 2304.7
1083960 2304.7
1083970 2309.6
1083980 2307.3
1083990 2307.3
1084000 2307.4
1084010 2306.9
1084020 2306.9
1084030 2306.5
1084040 2306.3
1084050 2306.3
1084060 2302.4
1084070 2298.6
1084080 2298.6
1084090 2295.1
1084100 2298.8
1084110 2298.8
1084120 2295.2
1084130 2293.2
1084140 2289.5
1084150 2289.5
1084160 2280.6
1084170 2267.1
1084180 2267.1
1084190 2255.2
1084200 2244.9
1084210 2244.9
1084220 2236.2
1084230 2225.3
1084240 2225.3
1084250 2214.6
1084260 2209.4
1084270 2209.4
1084280 2209.2
1084290 2213.3
1084300 2213.3
1084310 2216.2
1084320 2217.0
1084330 2217.0
1084340 2212.4
1084350 2210.3
1084360 2210.3
1084370 2204.7
1084380 2199.2
1084390 2200.2
1084400 2200.2
1084410 2199.0
1084420 2181.3
1084430 2181.3
1084440 2171.3
1084450 2163.7
1084460 2163.7
1084470 2155.8
1084480 2148.9
1084490 2148.9
1084500 2143.5
1084510 2138.7
1084520 2138.7
1084530 2139.7
1084540 2140.9
1084550 2140.9
1084560 2140.3
1084570 2141.0
1084580 2141.0
1084590 2136.2
1084600 2132.9
1084610 2129.6
1084620 2129.6
1084630 2122.9
1084640 2117.2
1084650 2117.2
1084660 2113.8
1084670 2112.2
1084680 2112.2
1084690 2108.5
1084700 2108.9
1084710 2108.9
1084720 2101.3
1084730 2082.5
1084740 2082.5
1084750 2079.9
1084760 2073.0
1084770 2073.0
1084780 2054.5
1084790 2037.2
1084800 2037.2
1084810 2014.0
1084820 2006.0
1084830 2001.6
1084840 2001.6
1084850 1999.2
1084860 2000.6
1084870 2000.6
1084880 2004.3
1084890 2003.1
1084900 2003.1
1084910 1984.5
1084920 1976.4
1084930 1976.4
1084940 1965.3
1084950 1954.4
1084960 1954.4
1084970 1939.5
1084980 1932.3
1084990 1932.3
1085000 1926.7
1085010 1920.9
1085020 1920.9
1085030 1914.9
1085040 1908.7
1085050 1900.4
1085060 1900.4
1085070 1894.4
1085080 1889.1
1085090 1889.1
1085100 1882.9
1085110 1876.0
1085120 1876.0
1085130 1869.4
1085140 1862.9
1085150 1862.9
1085160 1856.4
1085170 1849.7
1085180 1849.7
1085190 1843.1
1085200 1836.7
1085210 1836.7
1085220 1830.3
1085230 1823.8
1085240 1823.8
1085250 1817.0
1085260 1810.2
1085270 1803.5
1085280 1803.5
1085290 1796.8
1085300 1789.9
1085310 1789.9
1085320 1783.4
1085330 1777.5
1085340 1777.5
1085350 1771.6
1085360 1765.8
1085370 1763.2
1085380 1757.2
1085390 1751.5
1085400 1751.5
1085410 1745.2
1085420 1738.9
1085430 1738.9
1085440 1733.0
1085450 1727.1
1085460 1727.1
1085470 1721.7
1085480 1716.2
1085490 1716.2
1085500 1710.8
1085510 1705.3
1085520 1699.6
1085530 1699.6
1085540 1694.2
1085550 1688.8
1085560 1688.8
1085570 1682.9
1085580 1676.6
1085590 1676.6
1085600 1669.8
1085610 1664.1
1085620 1664.1
1085630 1661.1
1085640 1658.7
1085650 1658.7
1085660 1655.4
1085670 1652.2
1085680 1652.2
1085690 1650.4
1085700 1647.5
1085710 1647.5
1085720 1645.1
1085730 1644.1
1085740 1641.2
1085750 1641.2
1085760 1637.8
1085770 1635.1
1085780 1635.1
1085790 1632.2
1085800 1629.4
1085810 1629.4
1085820 1626.2
1085830 1622.8
1085840 1622.8
1085850 1619.2
1085860 1616.4
1085870 1616.4
1085880 1613.3
1085890 1610.1
1085900 1610.1
1085910 1607.3
1085920 1609.2
1085930 1609.2
1085940 1614.1
1085950 1621.2
1085960 1631.1
1085970 1631.1
1085980 1641.4
1085990 1654.4
1086000 1652.0
1086010 1659.7
1086020 1668.9
1086030 1668.9
1086040 1677.0
1086050 1685.1
1086060 1685.1
1086070 1694.3
1086080 1702.8
1086090 1702.8
1086100 1712.5
1086110 1726.5
1086120 1726.5
1086130 1736.7
1086140 1745.1
1086150 1745.1
1086160 1753.2
1086170 1760.5
1086180 1770.0
1086190 1770.0
1086200 1779.4
1086210 1785.3
1086220 1785.3
1086230 1790.9
1086240 1795.2
1086250 1795.2
1086260 1800.8
1086270 1809.4
1086280 1809.4
1086290 1816.7
1086300 1821.1
1086310 1821.1
1086320 1828.4
1086330 1833.0
1086340 1833.0
1086350 1838.0
1086360 1843.9
1086370 1843.9
1086380 1849.4
1086390 1854.9
1086400 1860.4
1086410 1860.4
1086420 1866.0
1086430 1871.2
1086440 1871.2
1086450 1877.1
1086460 1883.1
1086470 1883.1
1086480 1889.0
1086490 1895.4
1086500 1895.4
1086510 1909.7
1086520 1924.9
1086530 1924.9
1086540 1935.6
1086550 1948.2
1086560 1948.2
1086570 1963.0
1086580 1978.1
1086590 1978.1
1086600 1995.5
1086610 2026.0
1086620 2033.8
1086630 2033.8
1086640 2025.6
1086650 2038.5
1086660 2038.5
1086670 2049.5
1086680 2063.1
1086690 2063.1
1086700 2078.9
1086710 2103.2
1086720 2103.2
1086730 2118.2
1086740 2122.3
1086750 2122.3
1086760 2123.8
1086770 2132.9
1086780 2132.9
1086790 2141.6
1086800 2152.6
1086810 2152.6
1086820 2164.0
1086830 2175.0
1086840 2175.0
1086850 2190.6
1086860 2206.4
1086870 2217.4
1086880 2217.4
1086890 2227.3
1086900 2236.6
1086910 2236.6
1086920 2250.9
1086930 2256.2
1086940 2256.2
1086950 2260.2
1086960 2258.0
1086970 2258.0
1086980 2264.6
1086990 2275.9
1087000 2275.9
1087010 2286.7
1087020 2298.7
1087030 2298.7
1087040 2313.1
1087050 2330.7
1087060 2330.7
1087070 2338.3
1087080 2341.9
1087090 2342.2
1087100 2342.2
1087110 2341.4
1087120 2341.0
1087130 2341.0
1087140 2341.4
1087150 2344.3
1087160 2344.3
1087170 2347.2
1087180 2349.4
1087190 2349.4
1087200 2350.7
1087210 2351.9
1087220 2351.9
1087230 2352.3
1087240 2351.4
1087250 2351.4
1087260 2349.9
1087270 2347.5
1087280 2341.0
1087290 2336.2
1087300 2332.1
1087310 2326.2
1087320 2326.2
1087330 2312.9
1087340 2302.8
1087350 2302.8
1087360 2290.0
1087370 2281.5
1087380 2281.5
1087390 2275.9
1087400 2272.4
1087410 2272.4
1087420 2270.2
1087430 2268.2
1087440 2268.2
1087450 2265.4
1087460 2262.3
1087470 2262.3
1087480 2257.8
1087490 2253.7
1087500 2253.7
1087510 2249.2
1087520 2245.4
1087530 2241.4
1087540 2241.4
1087550 2236.0
1087560 2233.3
1087570 2233.3
1087580 2230.8
1087590 2229.1
1087600 2224.7
1087610 2223.9
1087620 2221.6
1087630 2221.6
1087640 2219.4
1087650 2216.1
1087660 2216.1
1087670 2210.1
1087680 2208.8
1087690 2208.8
1087700 2204.9
1087710 2194.5
1087720 2194.5
1087730 2187.7
1087740 2184.0
1087750 2171.1
1087760 2171.1
1087770 2164.9
1087780 2161.5
1087790 2161.5
1087800 2158.4
1087810 2154.6
1087820 2154.6
1087830 2144.7
1087840 2137.9
1087850 2137.9
1087860 2129.6
1087870 2122.1
1087880 2122.1
1087890 2114.4
1087900 2101.3
1087910 2101.3
1087920 2073.5
1087930 2065.7
1087940 2065.7
1087950 2060.4
1087960 2057.1
1087970 2048.0
1087980 2048.0
1087990 2036.5
1088000 2026.8
1088010 2026.8
1088020 2014.4
1088030 2001.1
1088040 2001.1
1088050 1990.7
1088060 1984.5
1088070 1984.5
1088080 1979.4
1088090 1974.4
1088100 1974.4
1088110 1968.8
1088120 1962.6
1088130 1962.6
1088140 1956.8
1088150 1951.6
1088160 1951.6
1088170 1949.0
1088180 1947.2
1088190 1947.2
1088200 1946.2
1088210 1945.6
1088220 1945.8
1088230 1945.8
1088240 1951.1
1088250 1952.5
1088260 1952.5
1088270 1955.7
1088280 1958.7
1088290 1958.7
1088300 1961.5
1088310 1965.3
1088320 1965.3
1088330 1966.8
1088340 1965.8
1088350 1965.8
1088360 1965.7
1088370 1965.0
1088380 1965.0
1088390 1963.8
1088400 1962.6
1088410 1962.6
1088420 1961.2
1088430 1959.1
1088440 1955.0
1088450 1955.0
1088460 1951.4
1088470 1947.6
1088480 1947.6
1088490 1944.2
1088500 1942.1
1088510 1942.1
1088520 1940.4
1088530 1938.1
1088540 1938.1
1088550 1936.2
1088560 1936.0
1088570 1936.0
1088580 1935.7
1088590 1934.2
1088600 1934.2
1088610 1933.7
1088620 1934.7
1088630 1934.7
1088640 1935.3
1088650 1935.0
1088660 1932.9
1088670 1932.9
1088680 1931.0
1088690 1930.4
1088700 1930.4
1088710 1928.9
1088720 1927.0
1088730 1927.0
1088740 1925.2
1088750 1924.6
1088760 1924.6
1088770 1925.5
1088780 1924.8
1088790 1924.8
1088800 1923.0
1088810 1920.1
1088820 1920.1
1088830 1916.0
1088840 1911.0
1088850 1911.0
1088860 1905.9
1088870 1901.3
1088880 1900.5
1088890 1900.5
1088900 1899.1
1088910 1896.8
1088920 1896.8
1088930 1894.6
1088940 1890.6
1088950 1890.6
1088960 1886.5
1088970 1883.8
1088980 1883.8
1088990 1881.1
1089000 1874.9
1089010 1874.9
1089020 1872.4
1089030 1879.3
1089040 1879.3
1089050 1884.4
1089060 1885.0
1089070 1885.0
1089080 1883.1
1089090 1880.3
1089100 1877.0
1089110 1877.0
1089120 1874.3
1089130 1877.8
1089140 1877.8
1089150 1881.5
1089160 1883.5
1089170 1883.5
1089180 1881.5
1089190 1877.1
1089200 1878.8
1089210 1878.4
1089220 1880.3
1089230 1880.3
1089240 1880.3
1089250 1880.2
1089260 1880.2
1089270 1878.7
1089280 1876.0
1089290 1876.0
1089300 1876.5
1089310 1880.2
1089320 1885.5
1089330 1885.5
1089340 1891.6
1089350 1895.3
1089360 1895.3
1089370 1894.1
1089380 1892.1
1089390 1892.1
1089400 1893.1
1089410 1894.1
1089420 1894.1
1089430 1894.0
1089440 1892.6
1089450 1892.6
1089460 1892.7
1089470 1894.6
1089480 1894.6
1089490 1895.3
1089500 1896.3
1089510 1896.3
1089520 1898.4
1089530 1897.3
1089540 1897.3
1089550 1897.7
1089560 1898.3
1089570 1900.5
1089580 1900.5
1089590 1904.0
1089600 1908.1
1089610 1908.1
1089620 1911.5
1089630 1917.4
1089640 1917.4
1089650 1922.9
1089660 1927.5
1089670 1927.5
1089680 1932.2
1089690 1935.7
1089700 1935.7
1089710 1937.8
1089720 1940.9
1089730 1940.9
1089740 1944.5
1089750 1947.7
1089760 1947.7
1089770 1951.6
1089780 1955.3
1089790 1959.4
1089800 1959.4
1089810 1964.6
1089820 1969.0
1089830 1969.0
1089840 1970.9
1089850 1966.0
1089860 1966.0
1089870 1959.2
1089880 1952.3
1089890 1952.3
1089900 1945.9
1089910 1938.6
1089920 1938.6
1089930 1931.1
1089940 1923.9
1089950 1923.9
1089960 1914.3
1089970 1904.0
1089980 1904.0
1089990 1894.1
1090000 1886.0
1090010 1873.7
1090020 1873.7
1090030 1866.7
1090040 1858.8
1090050 1858.8
1090060 1849.4
1090070 1840.3
1090080 1840.3
1090090 1831.5
1090100 1822.4
1090110 1822.4
1090120 1812.1
1090130 1802.3
1090140 1802.3
1090150 1792.2
1090160 1785.2
1090170 1785.2
1090180 1776.1
1090190 1766.9
1090200 1766.9
1090210 1757.4
1090220 1748.6
1090230 1740.2
1090240 1740.2
1090250 1733.7
1090260 1728.3
1090270 1728.3
1090280 1722.4
1090290 1716.5
1090300 1716.5
1090310 1710.8
1090320 1705.1
1090330 1705.1
1090340 1699.5
1090350 1694.4
1090360 1694.4
1090370 1689.6
1090380 1684.4
1090390 1684.4
1090400 1678.6
1090410 1671.7
1090420 1671.7
1090430 1664.5
1090440 1658.8
1090450 1653.3
1090460 1653.3
1090470 1648.5
1090480 1645.2
1090490 1649.2
1090500 1644.6
1090510 1639.6
1090520 1639.6
1090530 1634.9
1090540 1630.5
1090550 1630.5
1090560 1626.3
1090570 1621.9
1090580 1621.9
1090590 1617.3
1090600 1612.9
1090610 1612.9
1090620 1608.2
1090630 1603.3
1090640 1603.3
1090650 1598.7
1090660 1594.1
1090670 1589.7
1090680 1589.7
1090690 1585.3
1090700 1581.1
1090710 1581.1
1090720 1577.2
1090730 1573.6
1090740 1573.6
1090750 1570.1
1090760 1567.6
1090770 1567.6
1090780 1566.8
1090790 1567.1
1090800 1567.1
1090810 1568.4
1090820 1567.5
1090830 1567.5
1090840 1566.1
1090850 1565.6
1090860 1565.6
1090870 1565.1
1090880 1564.1
1090890 1564.1
1090900 1565.3
1090910 1566.9
1090920 1569.0
1090930 1569.0
1090940 1572.4
1090950 1573.9
1090960 1573.9
1090970 1575.3
1090980 1578.5
1090990 1578.5
1091000 1583.0
1091010 1587.4
1091020 1587.4
1091030 1592.4
1091040 1597.6
1091050 1597.6
1091060 1603.0
1091070 1609.7
1091080 1609.7
1091090 1616.5
1091100 1622.3
1091110 1622.3
1091120 1627.9
1091130 1631.1
1091140 1637.5
1091150 1637.5
1091160 1643.8
1091170 1651.4
1091180 1651.4
1091190 1660.6
1091200 1671.0
1091210 1671.0
1091220 1680.1
1091230 1689.6
1091240 1689.6
1091250 1699.6
1091260 1708.4
1091270 1708.4
1091280 1715.8
1091290 1722.7
1091300 1722.7
1091310 1729.1
1091320 1735.9
1091330 1735.9
1091340 1743.7
1091350 1752.2
1091360 1760.9
1091370 1760.9
1091380 1769.8
1091390 1779.3
1091400 1779.3
1091410 1788.9
1091420 1797.3
1091430 1797.3
1091440 1803.9
1091450 1809.4
1091460 1809.4
1091470 1815.1
1091480 1823.3
1091490 1823.3
1091500 1832.0
1091510 1840.2
1091520 1840.2
1091530 1848.9
1091540 1857.2
1091550 1857.2
1091560 1864.4
1091570 1871.1
1091580 1878.3
1091590 1878.3
1091600 1885.5
1091610 1892.3
1091620 1892.3
1091630 1899.6
1091640 1907.3
1091650 1907.3
1091660 1914.2
1091670 1919.7
1091680 1919.7
1091690 1924.0
1091700 1928.1
1091710 1928.1
1091720 1932.5
1091730 1936.9
1091740 1936.9
1091750 1941.2
1091760 1944.8
1091770 1936.6
1091780 1939.0
1091790 1942.7
1091800 1947.0
1091810 1947.0
1091820 1949.3
1091830 1949.4
1091840 1949.4
1091850 1950.0
1091860 1952.3
1091870 1952.3
1091880 1956.0
1091890 1960.2
1091900 1960.2
1091910 1965.4
1091920 1970.9
1091930 1970.9
1091940 1976.8
1091950 1983.0
1091960 1983.0
1091970 1990.3
1091980 1998.2
1091990 1998.2
1092000 2007.4
1092010 2016.0
1092020 2024.5
1092030 2024.5
1092040 2032.9
1092050 2041.8
1092060 2041.8
1092070 2050.9
1092080 2060.9
1092090 2060.9
1092100 2070.8
1092110 2081.0
1092120 2081.0
1092130 2089.2
1092140 2095.0
1092150 2095.0
1092160 2100.3
1092170 2103.4
1092180 2103.4
1092190 2106.9
1092200 2110.7
1092210 2110.7
1092220 2115.4
1092230 2117.4
1092240 2117.4
1092250 2117.2
1092260 2115.6
1092270 2112.4
1092280 2112.4
1092290 2108.6
1092300 2106.2
1092310 2106.2
1092320 2104.6
1092330 2104.0
1092340 2104.0
1092350 2104.0
1092360 2105.1
1092370 2105.1
1092380 2108.7
1092390 2113.0
1092400 2113.0
1092410 2116.0
1092420 2112.2
1092430 2112.2
1092440 2111.8
1092450 2111.9
1092460 2111.9
1092470 2112.4
1092480 2113.2
1092490 2114.6
1092500 2114.6
1092510 2113.8
1092520 2112.7
1092530 2112.7
1092540 2111.6
1092550 2110.7
1092560 2110.7
1092570 2109.3
1092580 2109.1
1092590 2109.1
1092600 2108.0
1092610 2106.9
1092620 2106.9
1092630 2108.1
1092640 2109.6
1092650 2109.6
1092660 2110.6
1092670 2111.6
1092680 2111.6
1092690 2112.5
1092700 2112.4
1092710 2110.0
1092720 2110.0
1092730 2107.7
1092740 2111.2
1092750 2111.2
1092760 2108.7
1092770 2104.3
1092780 2104.3
1092790 2099.9
1092800 2096.2
1092810 2096.2
1092820 2093.8
1092830 2090.9
1092840 2090.9
1092850 2085.1
1092860 2075.7
1092870 2075.7
1092880 2067.6
1092890 2059.7
1092900 2059.7
1092910 2051.1
1092920 2041.0
1092930 2030.2
1092940 2030.2
1092950 2022.7
1092960 2016.8
1092970 2016.8
1092980 2011.1
1092990 2004.7
1093000 2004.7
1093010 1999.0
1093020 1994.0
1093030 1994.0
1093040 1989.8
1093050 1986.4
1093060 1986.4
1093070 1988.8
1093080 1986.5
1093090 1986.5
1093100 1984.3
1093110 1980.6
1093120 1980.6
1093130 1977.1
1093140 1973.0
1093150 1969.5
1093160 1969.5
1093170 1965.0
1093180 1960.8
1093190 1960.8
1093200 1958.3
1093210 1956.7
1093220 1956.7
1093230 1954.3
1093240 1952.5
1093250 1952.5
1093260 1951.3
1093270 1950.7
1093280 1950.7
1093290 1949.8
1093300 1948.7
1093310 1948.7
1093320 1948.2
1093330 1947.6
1093340 1947.6
1093350 1946.4
1093360 1945.4
1093370 1945.2
1093380 1945.2
1093390 1945.4
1093400 1945.2
1093410 1945.2
1093420 1945.2
1093430 1945.2
1093440 1945.2
1093450 1945.2
1093460 1945.1
1093470 1945.1
1093480 1945.3
1093490 1947.3
1093500 1947.3
1093510 1948.7
1093520 1947.7
1093530 1947.7
1093540 1945.4
1093550 1944.1
1093560 1944.1
1093570 1943.2
1093580 1943.1
1093590 1943.1
1093600 1943.1
1093610 1943.2
1093620 1943.2
1093630 1943.2
1093640 1943.1
1093650 1943.1
1093660 1943.1
1093670 1943.3
1093680 1943.9
1093690 1943.9
1093700 1945.3
1093710 1945.9
1093720 1945.3
1093730 1945.6
1093740 1946.1
1093750 1946.1
1093760 1945.4
1093770 1943.9
1093780 1943.9
1093790 1941.4
1093800 1939.9
1093810 1939.9
1093820 1938.2
1093830 1936.5
1093840 1934.4
1093850 1934.4
1093860 1931.8
1093870 1928.6
1093880 1928.6
1093890 1925.3
1093900 1922.4
1093910 1922.4
1093920 1920.0
1093930 1917.9
1093940 1917.9
1093950 1914.7
1093960 1910.9
1093970 1910.9
1093980 1906.7
1093990 1903.9
1094000 1903.9
1094010 1905.0
1094020 1904.6
1094030 1904.6
1094040 1906.7
1094050 1905.7
1094060 1904.2
1094070 1904.2
1094080 1901.8
1094090 1899.0
1094100 1899.0
1094110 1897.6
1094120 1896.6
1094130 1896.6
1094140 1893.9
1094150 1892.2
1094160 1892.2
1094170 1893.5
1094180 1894.1
1094190 1894.1
1094200 1896.0
1094210 1901.5
1094220 1901.5
1094230 1908.5
1094240 1915.2
1094250 1915.2
1094260 1922.0
1094270 1928.7
1094280 1936.0
1094290 1936.0
1094300 1944.0
1094310 1951.6
1094320 1951.6
1094330 1960.4
1094340 1969.7
1094350 1969.7
1094360 1978.6
1094370 1989.5
1094380 1989.5
1094390 1998.7
1094400 2007.6
1094410 2007.6
1094420 2016.2
1094430 2023.4
1094440 2023.4
1094450 2032.0
1094460 2036.2
1094470 2036.2
1094480 2031.1
1094490 2024.0
1094500 2016.7
1094510 2016.7
1094520 2009.7
1094530 2002.4
1094540 2002.4
1094550 1995.2
1094560 1987.7
1094570 1987.7
1094580 1983.6
1094590 1979.4
1094600 1979.4
1094610 1977.1
1094620 1975.7
1094630 1975.7
1094640 1974.1
1094650 1972.0
1094660 1972.0
1094670 1970.2
1094680 1968.4
1094690 1974.3
1094700 1972.1
1094710 1969.2
1094720 1967.6
1094730 1967.6
1094740 1967.1
1094750 1966.8
1094760 1966.8
1094770 1965.3
1094780 1962.4
1094790 1962.4
1094800 1960.2
1094810 1960.1
1094820 1960.1
1094830 1960.5
1094840 1961.5
1094850 1961.5
1094860 1962.6
1094870 1963.7
1094880 1963.7
1094890 1964.8
1094900 1965.4
1094910 1965.4
1094920 1965.9
1094930 1966.5
1094940 1967.6
1094950 1967.6
1094960 1970.6
1094970 1973.2
1094980 1973.2
1094990 1976.0
1095000 1979.2
1095010 1979.2
1095020 1985.3
1095030 1990.5
1095040 1990.5
1095050 1995.2
1095060 2002.0
1095070 2002.0
1095080 2014.9
1095090 2018.9
1095100 2018.9
1095110 2018.9
1095120 2024.2
1095130 2024.2
1095140 2029.1
1095150 2033.4
1095160 2033.4
1095170 2035.7
1095180 2035.3
1095190 2034.3
1095200 2034.3
1095210 2034.5
1095220 2032.9
1095230 2032.9
1095240 2030.9
1095250 2028.1
1095260 2028.1
1095270 2025.3
1095280 2023.1
1095290 2023.1
1095300 2021.6
1095310 2018.6
1095320 2018.6
1095330 2016.0
1095340 2014.0
1095350 2014.0
1095360 2008.9
1095370 2003.6
1095380 2003.6
1095390 2001.5
1095400 1999.7
1095410 1995.8
1095420 1995.8
1095430 1989.6
1095440 1986.0
1095450 1986.0
1095460 1983.4
1095470 1980.4
1095480 1980.4
1095490 1977.0
1095500 1973.7
1095510 1973.7
1095520 1969.9
1095530 1965.6
1095540 1965.6
1095550 1961.3
1095560 1956.9
1095570 1956.9
1095580 1953.6
1095590 1950.4
1095600 1950.4
1095610 1947.1
1095620 1944.6
1095630 1941.5
1095640 1941.5
1095650 1938.1
1095660 1933.6
1095670 1937.2
1095680 1933.5
1095690 1929.9
1095700 1929.9
1095710 1926.0
1095720 1922.0
1095730 1922.0
1095740 1918.2
1095750 1915.9
1095760 1915.9
1095770 1915.1
1095780 1913.2
1095790 1913.2
1095800 1911.2
1095810 1909.6
1095820 1909.6
1095830 1908.1
1095840 1906.7
1095850 1905.3
1095860 1905.3
1095870 1904.1
1095880 1902.7
1095890 1902.7
1095900 1901.2
1095910 1899.4
1095920 1899.4
1095930 1897.7
1095940 1895.7
1095950 1895.7
1095960 1894.1
1095970 1892.6
1095980 1892.6
1095990 1891.0
1096000 1890.0
1096010 1890.0
1096020 1887.7
1096030 1885.8
1096040 1885.8
1096050 1883.3
1096060 1879.2
1096070 1873.9
1096080 1873.9
1096090 1869.0
1096100 1864.9
1096110 1864.9
1096120 1861.3
1096130 1857.7
1096140 1857.7
1096150 1854.3
1096160 1850.2
1096170 1850.2
1096180 1847.8
1096190 1846.2
1096200 1846.2
1096210 1845.1
1096220 1844.1
1096230 1844.1
1096240 1843.0
1096250 1841.5
1096260 1841.5
1096270 1840.2
1096280 1838.5
1096290 1837.1
1096300 1837.1
1096310 1835.9
1096320 1834.0
1096330 1834.0
1096340 1832.2
1096350 1830.0
1096360 1830.0
1096370 1827.8
1096380 1825.2
1096390 1825.2
1096400 1822.4
1096410 1819.6
1096420 1819.6
1096430 1816.8
1096440 1814.4
1096450 1814.4
1096460 1812.3
1096470 1810.3
1096480 1810.3
1096490 1808.4
1096500 1806.1
1096510 1806.1
1096520 1803.8
1096530 1801.4
1096540 1799.3
1096550 1799.3
1096560 1797.3
1096570 1795.4
1096580 1795.4
1096590 1793.2
1096600 1790.7
1096610 1790.7
1096620 1788.4
1096630 1786.3
1096640 1786.3
1096650 1784.7
1096660 1782.9
1096670 1782.9
1096680 1781.5
1096690 1780.9
1096700 1780.9
1096710 1780.3
1096720 1779.0
1096730 1779.0
1096740 1777.3
1096750 1774.9
1096760 1772.8
1096770 1772.8
1096780 1770.9
1096790 1769.2
1096800 1769.2
1096810 1766.7
1096820 1763.7
1096830 1763.7
1096840 1762.3
1096850 1763.1
1096860 1763.1
1096870 1762.4
1096880 1760.4
1096890 1760.4
1096900 1758.5
1096910 1756.1
1096920 1756.1
1096930 1753.7
1096940 1751.4
1096950 1751.4
1096960 1749.5
1096970 1747.8
1096980 1746.3
1096990 1746.3
1097000 1743.9
1097010 1741.4
1097020 1741.4
1097030 1739.4
1097040 1737.1
1097050 1737.1
1097060 1733.6
1097070 1730.2
1097080 1730.2
1097090 1727.1
1097100 1724.3
1097110 1724.3
1097120 1721.4
1097130 1717.7
1097140 1717.7
1097150 1713.3
1097160 1706.8
1097170 1706.8
1097180 1699.7
1097190 1691.8
1097200 1683.4
1097210 1683.4
1097220 1675.4
1097230 1669.3
1097240 1669.3
1097250 1664.2
1097260 1659.9
1097270 1659.9
1097280 1656.1
1097290 1652.3
1097300 1650.8
1097310 1646.9
1097320 1640.6
1097330 1640.6
1097340 1632.2
1097350 1624.7
1097360 1624.7
1097370 1618.6
1097380 1613.1
1097390 1613.1
1097400 1608.2
1097410 1604.9
1097420 1599.6
1097430 1599.6
1097440 1593.2
1097450 1586.1
1097460 1586.1
1097470 1579.2
1097480 1571.9
1097490 1571.9
1097500 1565.5
1097510 1559.1
1097520 1559.1
1097530 1553.3
1097540 1546.4
1097550 1546.4
1097560 1538.6
1097570 1530.5
1097580 1530.5
1097590 1522.7
1097600 1516.7
1097610 1516.7
1097620 1512.7
1097630 1500.9
1097640 1497.8
1097650 1497.8
1097660 1497.0
1097670 1493.3
1097680 1493.3
1097690 1489.3
1097700 1485.0
1097710 1485.0
1097720 1479.8
1097730 1473.3
1097740 1473.3
1097750 1470.2
1097760 1468.9
1097770 1468.9
1097780 1469.3
1097790 1468.0
1097800 1468.0
1097810 1464.4
1097820 1459.5
1097830 1459.5
1097840 1453.3
1097850 1446.8
1097860 1446.8
1097870 1439.8
1097880 1431.9
1097890 1422.3
1097900 1422.3
1097910 1411.6
1097920 1403.6
1097930 1403.6
1097940 1396.0
1097950 1389.7
1097960 1384.3
1097970 1378.6
1097980 1374.4
1097990 1374.4
1098000 1368.4
1098010 1362.3
1098020 1362.3
1098030 1356.0
1098040 1349.6
1098050 1349.6
1098060 1344.1
1098070 1338.0
1098080 1338.0
1098090 1332.4
1098100 1326.5
1098110 1316.5
1098120 1316.5
1098130 1307.4
1098140 1298.9
1098150 1298.9
1098160 1291.1
1098170 1284.7
1098180 1284.7
1098190 1280.9
1098200 1276.8
1098210 1276.8
1098220 1270.4
1098230 1261.8
1098240 1261.8
1098250 1253.9
1098260 1246.5
1098270 1246.5
1098280 1239.3
1098290 1228.0
1098300 1228.0
1098310 1221.1
1098320 1214.4
1098330 1208.3
1098340 1208.3
1098350 1203.1
1098360 1199.0
1098370 1199.0
1098380 1194.2
1098390 1189.1
1098400 1189.1
1098410 1184.0
1098420 1180.1
1098430 1180.1
1098440 1175.7
1098450 1171.7
1098460 1171.7
1098470 1167.4
1098480 1163.6
1098490 1163.6
1098500 1160.9
1098510 1158.8
1098520 1158.8
1098530 1158.1
1098540 1157.7
1098550 1156.4
1098560 1156.4
1098570 1153.3
1098580 1146.0
1098590 1146.0
1098600 1141.7
1098610 1140.4
1098620 1141.9
1098630 1142.5
1098640 1145.4
1098650 1145.4
1098660 1148.5
1098670 1149.6
1098680 1149.6
1098690 1150.1
1098700 1151.7
1098710 1151.7
1098720 1152.6
1098730 1153.1
1098740 1153.1
1098750 1153.0
1098760 1154.3
1098770 1155.6
1098780 1155.6
1098790 1156.8
1098800 1157.4
1098810 1157.4
1098820 1158.1
1098830 1158.4
1098840 1158.4
1098850 1160.2
1098860 1161.5
1098870 1161.5
1098880 1161.6
1098890 1161.9
1098900 1161.9
1098910 1162.7
1098920 1163.5
1098930 1163.5
1098940 1165.8
1098950 1165.8
1098960 1165.8
1098970 1166.6
1098980 1167.4
1098990 1168.1
1099000 1168.1
1099010 1168.6
1099020 1168.6
1099030 1168.6
1099040 1169.5
1099050 1169.4
1099060 1169.4
1099070 1168.7
1099080 1167.0
1099090 1167.0
1099100 1162.4
1099110 1155.8
1099120 1155.8
1099130 1149.8
1099140 1143.6
1099150 1143.6
1099160 1139.4
1099170 1138.5
1099180 1138.5
1099190 1137.9
1099200 1136.5
1099210 1136.5
1099220 1135.7
1099230 1135.7
1099240 1134.9
1099250 1134.9
1099260 1134.6
1099270 1138.4
1099280 1138.4
1099290 1139.6
1099300 1142.7
1099310 1142.7
1099320 1144.5
1099330 1146.8
1099340 1146.8
1099350 1152.8
1099360 1158.0
1099370 1158.0
1099380 1161.3
1099390 1161.0
1099400 1161.0
1099410 1162.7
1099420 1167.7
1099430 1167.7
1099440 1171.4
1099450 1173.2
1099460 1174.5
1099470 1174.5
1099480 1175.5
1099490 1176.5
1099500 1176.5
1099510 1176.9
1099520 1177.6
1099530 1177.6
1099540 1178.6
1099550 1177.0
1099560 1177.0
1099570 1178.2
1099580 1181.6
1099590 1181.6
1099600 1187.1
1099610 1192.2
1099620 1192.2
1099630 1197.4
1099640 1203.8
1099650 1203.8
1099660 1208.9
1099670 1212.4
1099680 1215.9
1099690 1215.9
1099700 1219.6
1099710 1223.6
1099720 1223.6
1099730 1227.3
1099740 1231.6
1099750 1231.6
1099760 1237.3
1099770 1242.0
1099780 1242.0
1099790 1243.0
1099800 1243.9
1099810 1243.9
1099820 1245.2
1099830 1247.4
1099840 1247.4
1099850 1249.2
1099860 1251.4
1099870 1251.4
1099880 1253.7
1099890 1256.6
1099900 1260.9
1099910 1260.9
1099920 1263.7
1099930 1271.9
1099940 1271.9
1099950 1277.2
1099960 1281.4
1099970 1281.4
1099980 1284.8
1099990 1290.2
