1080000 2546.1
1080010 2546.1
1080020 2537.7
1080030 2538.2
1080040 2538.2
1080050 2537.5
1080060 2537.5
1080070 2537.5
1080080 2538.0
1080090 2539.9
1080100 2539.9
1080110 2541.2
1080120 2541.9
1080130 2542.6
1080140 2542.6
1080150 2541.7
1080160 2541.4
1080170 2541.4
1080180 2541.0
1080190 2540.6
1080200 2540.6
1080210 2540.5
1080220 2540.8
1080230 2540.8
1080240 2540.8
1080250 2540.5
1080260 2540.5
1080270 2540.4
1080280 2540.3
1080290 2540.3
1080300 2540.0
1080310 2539.3
1080320 2539.3
1080330 2535.7
1080340 2534.2
1080350 2532.7
1080360 2532.7
1080370 2531.9
1080380 2529.6
1080390 2529.6
1080400 2526.7
1080410 2523.9
1080420 2523.9
1080430 2519.8
1080440 2516.1
1080450 2516.1
1080460 2513.7
1080470 2510.9
1080480 2510.9
1080490 2508.4
1080500 2507.0
1080510 2507.0
1080520 2505.7
1080530 2503.7
1080540 2503.7
1080550 2502.0
1080560 2499.8
1080570 2497.9
1080580 2497.9
1080590 2497.8
1080600 2497.2
1080610 2497.2
1080620 2495.6
1080630 2493.1
1080640 2493.1
1080650 2492.7
1080660 2490.9
1080670 2490.9
1080680 2487.0
1080690 2485.6
1080700 2485.6
1080710 2485.8
1080720 2484.8
1080730 2484.8
1080740 2484.3
1080750 2485.0
1080760 2485.0
1080770 2485.4
1080780 2485.7
1080790 2485.1
1080800 2485.1
1080810 2484.5
1080820 2484.9
1080830 2484.9
1080840 2485.9
1080850 2487.6
1080860 2487.6
1080870 2488.3
1080880 2489.4
1080890 2489.4
1080900 2491.1
1080910 2492.2
1080920 2492.2
1080930 2492.6
1080940 2492.4
1080950 2492.4
1080960 2492.3
1080970 2491.0
1080980 2491.0
1080990 2490.9
1081000 2490.9
1081010 2491.2
1081020 2491.2
1081030 2490.1
1081040 2488.6
1081050 2488.6
1081060 2487.8
1081070 2487.9
1081080 2487.9
1081090 2486.9
1081100 2485.8
1081110 2485.8
1081120 2485.0
1081130 2483.5
1081140 2483.5
1081150 2482.9
1081160 2481.4
1081170 2481.4
1081180 2479.2
1081190 2478.9
1081200 2478.9
1081210 2479.5
1081220 2479.2
1081230 2479.8
1081240 2479.8
1081250 2481.4
1081260 2481.8
1081270 2481.8
1081280 2489.5
1081290 2491.0
1081300 2491.0
1081310 2495.1
1081320 2498.9
1081330 2498.9
1081340 2501.3
1081350 2503.6
1081360 2503.6
1081370 2505.1
1081380 2504.6
1081390 2504.6
1081400 2501.6
1081410 2497.3
1081420 2497.3
1081430 2492.9
1081440 2491.7
1081450 2491.7
1081460 2492.7
1081470 2493.1
1081480 2494.2
1081490 2494.2
1081500 2498.3
1081510 2506.4
1081520 2506.4
1081530 2510.8
1081540 2514.0
1081550 2514.0
1081560 2515.6
1081570 2517.7
1081580 2517.7
1081590 2526.2
1081600 2527.9
1081610 2527.9
1081620 2528.6
1081630 2524.1
1081640 2524.1
1081650 2510.9
1081660 2497.7
1081670 2497.7
1081680 2483.4
1081690 2454.1
1081700 2423.9
1081710 2423.9
1081720 2425.8
1081730 2405.4
1081740 2405.4
1081750 2358.7
1081760 2331.2
1081770 2331.2
1081780 2311.7
1081790 2305.1
1081800 2305.1
1081810 2293.8
1081820 2265.6
1081830 2265.6
1081840 2264.5
1081850 2266.7
1081860 2266.7
1081870 2270.5
1081880 2273.2
1081890 2273.2
1081900 2310.1
1081910 2330.7
1081920 2339.2
1081930 2339.2
1081940 2330.7
1081950 2326.6
1081960 2326.6
1081970 2313.0
1081980 2298.9
1081990 2298.9
1082000 2301.5
1082010 2273.3
1082020 2273.3
1082030 2250.9
1082040 2251.8
1082050 2251.8
1082060 2255.4
1082070 2257.2
1082080 2257.2
1082090 2242.9
1082100 2226.1
1082110 2226.1
1082120 2215.0
1082130 2210.1
1082140 2199.6
1082150 2199.6
1082160 2169.6
1082170 2128.1
1082180 2128.1
1082190 2127.1
1082200 2124.6
1082210 2124.6
1082220 2129.4
1082230 2125.1
1082240 2125.1
1082250 2117.2
1082260 2115.4
1082270 2115.4
1082280 2109.9
1082290 2112.3
1082300 2112.3
1082310 2116.6
1082320 2115.2
1082330 2115.2
1082340 2112.8
1082350 2108.4
1082360 2104.0
1082370 2104.0
1082380 2103.4
1082390 2100.7
1082400 2100.7
1082410 2098.7
1082420 2097.1
1082430 2097.1
1082440 2095.7
1082450 2093.1
1082460 2093.1
1082470 2090.4
1082480 2089.1
1082490 2089.1
1082500 2087.3
1082510 2085.2
1082520 2085.2
1082530 2083.8
1082540 2088.4
1082550 2088.4
1082560 2085.2
1082570 2082.4
1082580 2082.4
1082590 2080.3
1082600 2078.0
1082610 2075.4
1082620 2075.4
1082630 2073.3
1082640 2071.3
1082650 2071.3
1082660 2069.3
1082670 2067.2
1082680 2067.2
1082690 2065.3
1082700 2062.9
1082710 2062.9
1082720 2060.3
1082730 2057.8
1082740 2057.8
1082750 2055.5
1082760 2053.6
1082770 2053.6
1082780 2052.6
1082790 2052.0
1082800 2052.0
1082810 2052.8
1082820 2055.3
1082830 2058.6
1082840 2058.6
1082850 2067.8
1082860 2071.0
1082870 2071.0
1082880 2074.9
1082890 2076.0
1082900 2076.0
1082910 2072.2
1082920 2067.3
1082930 2067.3
1082940 2063.1
1082950 2060.1
1082960 2060.1
1082970 2059.0
1082980 2057.9
1082990 2057.9
1083000 2056.5
1083010 2054.3
1083020 2054.3
1083030 2053.9
1083040 2056.0
1083050 2059.8
1083060 2059.8
1083070 2064.9
1083080 2070.2
1083090 2070.2
1083100 2075.6
1083110 2081.0
1083120 2081.0
1083130 2086.6
1083140 2091.9
1083150 2091.9
1083160 2096.9
1083170 2105.1
1083180 2105.1
1083190 2110.3
1083200 2115.4
1083210 2115.4
1083220 2120.6
1083230 2125.8
1083240 2125.8
1083250 2131.3
1083260 2136.7
1083270 2142.3
1083280 2142.3
1083290 2148.2
1083300 2153.8
1083310 2153.8
1083320 2158.7
1083330 2163.2
1083340 2163.2
1083350 2168.2
1083360 2173.9
1083370 2173.9
1083380 2179.0
1083390 2184.6
1083400 2184.6
1083410 2190.6
1083420 2197.0
1083430 2197.0
1083440 2203.4
1083450 2209.7
1083460 2209.7
1083470 2216.1
1083480 2225.6
1083490 2232.3
1083500 2232.3
1083510 2244.0
1083520 2265.5
1083530 2265.5
1083540 2273.8
1083550 2288.4
1083560 2288.4
1083570 2303.1
1083580 2315.3
1083590 2315.3
1083600 2326.2
1083610 2334.5
1083620 2334.5
1083630 2343.8
1083640 2344.8
1083650 2344.8
1083660 2344.6
1083670 2350.0
1083680 2350.0
1083690 2357.5
1083700 2368.9
1083710 2380.7
1083720 2380.7
1083730 2390.0
1083740 2398.2
1083750 2398.2
1083760 2405.7
1083770 2415.5
1083780 2415.5
1083790 2427.0
1083800 2436.4
1083810 2436.4
1083820 2440.4
1083830 2441.5
1083840 2441.5
1083850 2439.8
1083860 2435.4
1083870 2435.4
1083880 2429.4
1083890 2425.4
1083900 2425.4
1083910 2423.0
1083920 2420.9
1083930 2420.9
1083940 2422.2
1083950 2423.1
1083960 2420.8
1083970 2420.8
1083980 2424.7
1083990 2426.6
1084000 2426.6
1084010 2421.0
1084020 2415.8
1084030 2415.8
1084040 2410.6
1084050 2405.6
1084060 2405.6
1084070 2397.8
1084080 2389.7
1084090 2389.7
1084100 2381.5
1084110 2372.0
1084120 2376.8
1084130 2374.6
1084140 2371.4
1084150 2371.4
1084160 2370.2
1084170 2366.3
1084180 2361.6
1084190 2361.6
1084200 2361.9
1084210 2358.8
1084220 2358.8
1084230 2355.4
1084240 2349.8
1084250 2349.8
1084260 2339.8
1084270 2330.5
1084280 2330.5
1084290 2324.5
1084300 2315.2
1084310 2315.2
1084320 2306.7
1084330 2299.0
1084340 2299.0
1084350 2290.0
1084360 2285.7
1084370 2285.7
1084380 2288.5
1084390 2292.9
1084400 2294.5
1084410 2294.5
1084420 2295.8
1084430 2306.6
1084440 2306.6
1084450 2309.1
1084460 2306.5
1084470 2306.5
1084480 2301.1
1084490 2291.9
1084500 2291.9
1084510 2281.3
1084520 2269.0
1084530 2269.0
1084540 2258.0
1084550 2253.1
1084560 2253.1
1084570 2247.4
1084580 2243.2
1084590 2243.2
1084600 2241.4
1084610 2242.6
1084620 2245.7
1084630 2245.7
1084640 2245.0
1084650 2240.1
1084660 2240.1
1084670 2231.8
1084680 2224.9
1084690 2224.9
1084700 2219.3
1084710 2215.6
1084720 2215.6
1084730 2213.5
1084740 2218.3
1084750 2228.6
1084760 2229.5
1084770 2220.5
1084780 2220.5
1084790 2213.1
1084800 2210.1
1084810 2210.1
1084820 2206.6
1084830 2197.3
1084840 2188.7
1084850 2188.7
1084860 2173.1
1084870 2157.9
1084880 2157.9
1084890 2142.8
1084900 2126.2
1084910 2126.2
1084920 2117.7
1084930 2114.4
1084940 2114.4
1084950 2110.6
1084960 2084.6
1084970 2084.6
1084980 2061.0
1084990 2058.5
1085000 2058.5
1085010 2057.6
1085020 2048.9
1085030 2048.9
1085040 2038.2
1085050 2030.4
1085060 2027.2
1085070 2035.7
1085080 2032.5
1085090 2026.0
1085100 2026.0
1085110 2016.9
1085120 2009.1
1085130 2009.1
1085140 1995.5
1085150 1979.2
1085160 1979.2
1085170 1958.7
1085180 1933.8
1085190 1933.8
1085200 1914.6
1085210 1891.9
1085220 1891.9
1085230 1838.8
1085240 1807.9
1085250 1807.9
1085260 1800.3
1085270 1796.7
1085280 1796.7
1085290 1792.1
1085300 1786.2
1085310 1780.4
1085320 1780.4
1085330 1775.2
1085340 1769.0
1085350 1769.0
1085360 1764.3
1085370 1764.4
1085380 1764.4
1085390 1767.6
1085400 1764.9
1085410 1764.9
1085420 1766.4
1085430 1770.4
1085440 1770.4
1085450 1769.6
1085460 1765.9
1085470 1765.9
1085480 1767.0
1085490 1771.3
1085500 1771.3
1085510 1774.1
1085520 1774.3
1085530 1780.9
1085540 1780.9
1085550 1787.3
1085560 1790.1
1085570 1790.1
1085580 1792.9
1085590 1801.1
1085600 1801.1
1085610 1806.4
1085620 1811.0
1085630 1811.0
1085640 1815.5
1085650 1818.3
1085660 1818.3
1085670 1817.1
1085680 1812.7
1085690 1812.7
1085700 1816.4
1085710 1814.1
1085720 1814.1
1085730 1812.9
1085740 1812.3
1085750 1810.6
1085760 1810.6
1085770 1807.5
1085780 1801.3
1085790 1801.3
1085800 1793.9
1085810 1787.7
1085820 1787.7
1085830 1775.2
1085840 1768.0
1085850 1768.0
1085860 1759.1
1085870 1754.3
1085880 1754.3
1085890 1749.5
1085900 1744.6
1085910 1744.6
1085920 1742.9
1085930 1739.6
1085940 1739.6
1085950 1735.9
1085960 1726.5
1085970 1718.5
1085980 1718.5
1085990 1718.7
1086000 1715.1
1086010 1715.1
1086020 1714.8
1086030 1709.3
1086040 1709.3
1086050 1716.2
1086060 1729.6
1086070 1729.6
1086080 1746.1
1086090 1768.5
1086100 1768.5
1086110 1773.9
1086120 1773.4
1086130 1773.4
1086140 1774.7
1086150 1791.2
1086160 1791.2
1086170 1801.1
1086180 1809.4
1086190 1822.2
1086200 1822.2
1086210 1829.4
1086220 1834.1
1086230 1834.1
1086240 1838.7
1086250 1839.4
1086260 1839.4
1086270 1839.2
1086280 1847.7
1086290 1847.7
1086300 1854.3
1086310 1856.9
1086320 1856.9
1086330 1858.2
1086340 1866.0
1086350 1866.0
1086360 1869.0
1086370 1872.3
1086380 1872.3
1086390 1875.8
1086400 1878.9
1086410 1881.8
1086420 1881.8
1086430 1885.6
1086440 1888.5
1086450 1888.5
1086460 1891.5
1086470 1894.9
1086480 1894.9
1086490 1899.5
1086500 1904.2
1086510 1904.2
1086520 1910.0
1086530 1916.6
1086540 1916.6
1086550 1923.3
1086560 1930.4
1086570 1930.4
1086580 1937.5
1086590 1944.8
1086600 1944.8
1086610 1955.7
1086620 1968.4
1086630 1968.4
1086640 1984.2
1086650 2023.7
1086660 2063.0
1086670 2063.0
1086680 2081.3
1086690 2090.2
1086700 2090.2
1086710 2104.4
1086720 2115.1
1086730 2115.1
1086740 2120.9
1086750 2130.0
1086760 2130.0
1086770 2138.6
1086780 2142.4
1086790 2142.4
1086800 2143.2
1086810 2151.7
1086820 2151.7
1086830 2163.5
1086840 2173.8
1086850 2173.8
1086860 2184.0
1086870 2197.7
1086880 2198.8
1086890 2198.8
1086900 2198.1
1086910 2198.2
1086920 2198.2
1086930 2196.7
1086940 2203.5
1086950 2203.5
1086960 2205.5
1086970 2211.6
1086980 2209.0
1086990 2214.9
1087000 2218.0
1087010 2218.0
1087020 2221.8
1087030 2226.8
1087040 2226.8
1087050 2234.8
1087060 2241.7
1087070 2241.7
1087080 2247.5
1087090 2252.0
1087100 2255.6
1087110 2255.6
1087120 2258.6
1087130 2260.4
1087140 2260.4
1087150 2261.7
1087160 2262.2
1087170 2262.2
1087180 2262.4
1087190 2262.1
1087200 2262.1
1087210 2260.5
1087220 2258.3
1087230 2258.3
1087240 2255.0
1087250 2252.6
1087260 2252.6
1087270 2251.3
1087280 2251.7
1087290 2251.7
1087300 2243.2
1087310 2240.5
1087320 2237.7
1087330 2237.7
1087340 2236.1
1087350 2234.6
1087360 2234.6
1087370 2233.0
1087380 2230.9
1087390 2230.9
1087400 2228.9
1087410 2225.8
1087420 2225.8
1087430 2219.3
1087440 2213.5
1087450 2213.5
1087460 2207.6
1087470 2203.6
1087480 2203.6
1087490 2196.6
1087500 2190.4
1087510 2190.4
1087520 2192.1
1087530 2174.8
1087540 2169.5
1087550 2169.5
1087560 2166.7
1087570 2158.9
1087580 2158.9
1087590 2154.6
1087600 2148.6
1087610 2148.6
1087620 2136.3
1087630 2127.1
1087640 2127.1
1087650 2116.3
1087660 2108.7
1087670 2108.7
1087680 2103.7
1087690 2098.5
1087700 2098.5
1087710 2092.1
1087720 2087.9
1087730 2087.9
1087740 2085.3
1087750 2082.2
1087760 2078.9
1087770 2078.9
1087780 2075.4
1087790 2069.8
1087800 2069.8
1087810 2065.5
1087820 2056.3
1087830 2056.3
1087840 2042.4
1087850 2036.5
1087860 2036.5
1087870 2029.4
1087880 2023.2
1087890 2023.2
1087900 2017.2
1087910 2011.1
1087920 2011.1
1087930 2005.6
1087940 2001.3
1087950 2001.3
1087960 1995.6
1087970 1992.5
1087980 1992.5
1087990 1994.5
1088000 1994.9
1088010 1993.6
1088020 1993.6
1088030 1992.2
1088040 1992.5
1088050 1992.5
1088060 1994.5
1088070 1998.1
1088080 1998.1
1088090 2002.0
1088100 2002.3
1088110 2002.3
1088120 2002.2
1088130 2001.7
1088140 2001.7
1088150 2001.4
1088160 2000.5
1088170 2000.5
1088180 1999.2
1088190 1996.3
1088200 1996.3
1088210 1993.1
1088220 1991.0
1088230 1988.6
1088240 1988.6
1088250 1987.9
1088260 1984.7
1088270 1984.7
1088280 1981.9
1088290 1979.9
1088300 1979.9
1088310 1977.7
1088320 1977.4
1088330 1977.4
1088340 1976.9
1088350 1975.9
1088360 1975.9
1088370 1976.1
1088380 1975.1
1088390 1975.1
1088400 1974.1
1088410 1973.0
1088420 1973.0
1088430 1970.4
1088440 1966.5
1088450 1962.1
1088460 1962.1
1088470 1960.2
1088480 1957.9
1088490 1957.9
1088500 1952.4
1088510 1947.2
1088520 1947.2
1088530 1947.6
1088540 1948.9
1088550 1948.9
1088560 1946.6
1088570 1942.0
1088580 1939.8
1088590 1937.7
1088600 1934.7
1088610 1934.7
1088620 1932.5
1088630 1932.4
1088640 1932.4
1088650 1931.0
1088660 1929.1
1088670 1927.7
1088680 1927.7
1088690 1925.0
1088700 1922.4
1088710 1922.4
1088720 1919.8
1088730 1919.6
1088740 1919.6
1088750 1919.2
1088760 1918.7
1088770 1918.7
1088780 1917.5
1088790 1915.7
1088800 1915.7
1088810 1915.2
1088820 1914.5
1088830 1914.5
1088840 1914.0
1088850 1916.4
1088860 1916.4
1088870 1918.1
1088880 1919.6
1088890 1922.7
1088900 1926.1
1088910 1928.2
1088920 1930.4
1088930 1930.4
1088940 1931.1
1088950 1931.5
1088960 1931.5
1088970 1932.4
1088980 1930.2
1088990 1930.2
1089000 1929.2
1089010 1928.6
1089020 1928.6
1089030 1926.4
1089040 1924.2
1089050 1924.2
1089060 1923.5
1089070 1923.7
1089080 1923.7
1089090 1924.3
1089100 1924.3
1089110 1924.3
1089120 1924.3
1089130 1923.1
1089140 1918.9
1089150 1918.9
1089160 1914.4
1089170 1911.9
1089180 1911.9
1089190 1911.2
1089200 1911.7
1089210 1911.7
1089220 1914.2
1089230 1914.8
1089240 1914.8
1089250 1916.6
1089260 1918.1
1089270 1918.1
1089280 1919.8
1089290 1921.4
1089300 1921.4
1089310 1923.6
1089320 1926.9
1089330 1927.7
1089340 1927.7
1089350 1928.2
1089360 1929.2
1089370 1929.2
1089380 1930.7
1089390 1931.8
1089400 1931.8
1089410 1933.3
1089420 1937.8
1089430 1937.8
1089440 1941.5
1089450 1941.9
1089460 1941.9
1089470 1941.0
1089480 1940.3
1089490 1940.3
1089500 1940.1
1089510 1941.9
1089520 1941.9
1089530 1945.9
1089540 1955.3
1089550 1955.3
1089560 1961.3
1089570 1967.9
1089580 1976.6
1089590 1976.6
1089600 1986.3
1089610 1995.1
1089620 1995.1
1089630 2006.8
1089640 2018.0
1089650 2018.0
1089660 2027.4
1089670 2035.3
1089680 2035.3
1089690 2043.2
1089700 2050.4
1089710 2050.4
1089720 2055.5
1089730 2057.5
1089740 2057.5
1089750 2057.1
1089760 2056.6
1089770 2056.6
1089780 2051.9
1089790 2042.6
1089800 2033.6
1089810 2033.6
1089820 2019.4
1089830 2004.5
1089840 2004.5
1089850 1991.6
1089860 1983.6
1089870 1983.6
1089880 1976.4
1089890 1967.0
1089900 1967.0
1089910 1959.7
1089920 1948.7
1089930 1948.7
1089940 1937.1
1089950 1928.4
1089960 1928.4
1089970 1920.2
1089980 1912.3
1089990 1912.3
1090000 1904.3
1090010 1896.7
1090020 1889.8
1090030 1889.8
1090040 1882.9
1090050 1875.6
1090060 1875.6
1090070 1868.0
1090080 1858.8
1090090 1858.8
1090100 1849.1
1090110 1838.9
1090120 1838.9
1090130 1830.3
1090140 1822.8
1090150 1822.8
1090160 1815.1
1090170 1806.0
1090180 1808.0
1090190 1798.5
1090200 1787.2
1090210 1787.2
1090220 1780.9
1090230 1776.2
1090240 1771.8
1090250 1771.8
1090260 1767.7
1090270 1763.2
1090280 1763.2
1090290 1757.2
1090300 1751.7
1090310 1751.7
1090320 1747.2
1090330 1742.5
1090340 1742.5
1090350 1737.0
1090360 1731.3
1090370 1731.3
1090380 1726.0
1090390 1721.2
1090400 1721.2
1090410 1716.8
1090420 1712.7
1090430 1712.7
1090440 1709.2
1090450 1706.0
1090460 1702.5
1090470 1702.5
1090480 1697.7
1090490 1692.3
1090500 1697.4
1090510 1689.8
1090520 1682.3
1090530 1682.3
1090540 1677.8
1090550 1673.8
1090560 1673.8
1090570 1669.6
1090580 1665.4
1090590 1665.4
1090600 1660.3
1090610 1655.2
1090620 1655.2
1090630 1650.0
1090640 1644.6
1090650 1644.6
1090660 1639.3
1090670 1634.2
1090680 1628.7
1090690 1628.7
1090700 1623.3
1090710 1618.3
1090720 1618.3
1090730 1613.4
1090740 1608.8
1090750 1608.8
1090760 1603.9
1090770 1598.3
1090780 1598.3
1090790 1593.7
1090800 1590.6
1090810 1590.6
1090820 1591.5
1090830 1591.1
1090840 1591.1
1090850 1591.5
1090860 1591.8
1090870 1591.8
1090880 1591.5
1090890 1590.5
1090900 1590.5
1090910 1589.4
1090920 1587.2
1090930 1585.5
1090940 1585.5
1090950 1584.8
1090960 1585.7
1090970 1585.7
1090980 1591.7
1090990 1595.4
1091000 1595.4
1091010 1596.7
1091020 1597.8
1091030 1597.8
1091040 1599.2
1091050 1600.8
1091060 1600.8
1091070 1603.0
1091080 1606.6
1091090 1606.6
1091100 1611.0
1091110 1617.6
1091120 1617.6
1091130 1626.2
1091140 1635.6
1091150 1643.8
1091160 1643.8
1091170 1649.9
1091180 1655.5
1091190 1655.5
1091200 1661.7
1091210 1667.6
1091220 1667.6
1091230 1672.7
1091240 1677.0
1091250 1677.0
1091260 1680.8
1091270 1684.8
1091280 1684.8
1091290 1689.1
1091300 1695.2
1091310 1695.2
1091320 1701.4
1091330 1706.8
1091340 1706.8
1091350 1712.9
1091360 1719.6
1091370 1726.1
1091380 1726.1
1091390 1732.2
1091400 1738.3
1091410 1738.3
1091420 1744.4
1091430 1751.6
1091440 1751.6
1091450 1759.6
1091460 1766.5
1091470 1767.5
1091480 1773.5
1091490 1781.5
1091500 1781.5
1091510 1789.3
1091520 1797.1
1091530 1797.1
1091540 1804.1
1091550 1808.9
1091560 1808.9
1091570 1812.3
1091580 1814.8
1091590 1817.5
1091600 1817.5
1091610 1821.8
1091620 1826.4
1091630 1826.4
1091640 1831.0
1091650 1835.4
1091660 1835.4
1091670 1841.4
1091680 1847.9
1091690 1847.9
1091700 1853.1
1091710 1859.2
1091720 1859.2
1091730 1866.1
1091740 1871.8
1091750 1871.8
1091760 1877.8
1091770 1883.2
1091780 1883.2
1091790 1883.5
1091800 1886.4
1091810 1890.8
1091820 1890.8
1091830 1897.0
1091840 1902.9
1091850 1902.9
1091860 1909.5
1091870 1915.5
1091880 1915.5
1091890 1920.8
1091900 1927.0
1091910 1927.0
1091920 1932.3
1091930 1937.1
1091940 1937.1
1091950 1943.1
1091960 1949.1
1091970 1949.1
1091980 1954.8
1091990 1961.0
1092000 1961.0
1092010 1968.0
1092020 1974.3
1092030 1980.9
1092040 1980.9
1092050 1987.8
1092060 1995.2
1092070 1995.2
1092080 2005.9
1092090 2017.2
1092100 2017.2
1092110 2024.6
1092120 2033.0
1092130 2033.0
1092140 2040.7
1092150 2049.1
1092160 2049.1
1092170 2057.5
1092180 2065.8
1092190 2065.8
1092200 2074.0
1092210 2076.4
1092220 2076.4
1092230 2077.9
1092240 2082.1
1092250 2089.9
1092260 2089.9
1092270 2099.1
1092280 2107.0
1092290 2107.0
1092300 2113.7
1092310 2119.3
1092320 2119.3
1092330 2122.2
1092340 2122.2
1092350 2122.2
1092360 2120.6
1092370 2119.9
1092380 2119.9
1092390 2120.4
1092400 2121.4
1092410 2121.4
1092420 2122.5
1092430 2123.5
1092440 2125.7
1092450 2129.2
1092460 2131.9
1092470 2131.9
1092480 2131.7
1092490 2132.8
1092500 2135.7
1092510 2135.7
1092520 2137.6
1092530 2138.3
1092540 2138.3
1092550 2138.9
1092560 2138.4
1092570 2138.4
1092580 2137.8
1092590 2137.5
1092600 2137.5
1092610 2136.7
1092620 2136.5
1092630 2136.5
1092640 2136.9
1092650 2139.5
1092660 2139.5
1092670 2142.9
1092680 2144.2
1092690 2144.2
1092700 2143.9
1092710 2143.7
1092720 2143.9
1092730 2143.9
1092740 2144.5
1092750 2144.7
1092760 2146.7
1092770 2146.9
1092780 2145.1
1092790 2145.1
1092800 2140.5
1092810 2135.8
1092820 2135.8
1092830 2133.2
1092840 2126.4
1092850 2126.4
1092860 2117.6
1092870 2109.4
1092880 2109.4
1092890 2102.0
1092900 2094.8
1092910 2094.8
1092920 2087.9
1092930 2081.0
1092940 2074.3
1092950 2074.3
1092960 2064.7
1092970 2054.2
1092980 2054.2
1092990 2045.0
1093000 2037.0
1093010 2037.0
1093020 2029.7
1093030 2023.0
1093040 2023.0
1093050 2017.7
1093060 2014.7
1093070 2014.7
1093080 2013.0
1093090 2017.1
1093100 2017.1
1093110 2013.5
1093120 2011.7
1093130 2011.7
1093140 2010.9
1093150 2010.3
1093160 2009.6
1093170 2009.6
1093180 2007.6
1093190 2007.4
1093200 2007.4
1093210 2009.7
1093220 2013.8
1093230 2013.8
1093240 2018.3
1093250 2022.6
1093260 2022.6
1093270 2026.1
1093280 2028.7
1093290 2028.7
1093300 2027.8
1093310 2023.4
1093320 2023.4
1093330 2016.0
1093340 2008.5
1093350 2008.5
1093360 2001.9
1093370 1994.9
1093380 1988.4
1093390 1988.4
1093400 1982.3
1093410 1980.3
1093420 1980.3
1093430 1974.6
1093440 1969.4
1093450 1969.4
1093460 1965.3
1093470 1962.4
1093480 1962.4
1093490 1960.5
1093500 1959.1
1093510 1959.1
1093520 1957.7
1093530 1956.4
1093540 1956.4
1093550 1955.2
1093560 1953.2
1093570 1953.2
1093580 1951.6
1093590 1950.5
1093600 1949.8
1093610 1949.8
1093620 1950.2
1093630 1951.7
1093640 1951.7
1093650 1953.5
1093660 1954.9
1093670 1954.9
1093680 1956.6
1093690 1956.9
1093700 1956.9
1093710 1956.9
1093720 1956.8
1093730 1959.9
1093740 1961.2
1093750 1962.7
1093760 1962.7
1093770 1963.2
1093780 1962.3
1093790 1962.3
1093800 1959.1
1093810 1954.2
1093820 1954.2
1093830 1950.3
1093840 1947.0
1093850 1943.2
1093860 1943.2
1093870 1939.9
1093880 1937.5
1093890 1937.5
1093900 1936.1
1093910 1933.3
1093920 1933.3
1093930 1932.5
1093940 1934.6
1093950 1934.6
1093960 1937.6
1093970 1938.1
1093980 1938.1
1093990 1936.2
1094000 1933.0
1094010 1933.0
1094020 1930.4
1094030 1931.0
1094040 1931.0
1094050 1932.7
1094060 1935.2
1094070 1935.2
1094080 1935.2
1094090 1935.6
1094100 1937.2
1094110 1937.2
1094120 1938.7
1094130 1939.5
1094140 1939.5
1094150 1938.6
1094160 1936.8
1094170 1936.8
1094180 1936.5
1094190 1938.9
1094200 1938.9
1094210 1938.4
1094220 1936.1
1094230 1936.1
1094240 1938.6
1094250 1944.4
1094260 1944.4
1094270 1950.1
1094280 1956.0
1094290 1961.7
1094300 1961.7
1094310 1967.1
1094320 1970.7
1094330 1970.7
1094340 1971.7
1094350 1971.8
1094360 1971.8
1094370 1972.0
1094380 1977.6
1094390 1977.6
1094400 1980.0
1094410 1983.9
1094420 1983.9
1094430 1988.7
1094440 1992.8
1094450 1992.8
1094460 1994.7
1094470 1997.1
1094480 1997.1
1094490 2002.0
1094500 2008.4
1094510 2015.3
1094520 2015.3
1094530 2022.1
1094540 2029.3
1094550 2029.3
1094560 2035.7
1094570 2037.9
1094580 2037.9
1094590 2038.4
1094600 2041.1
1094610 2041.1
1094620 2045.9
1094630 2051.1
1094640 2051.1
1094650 2055.7
1094660 2058.8
1094670 2058.8
1094680 2061.4
1094690 2063.7
1094700 2063.7
1094710 2070.9
1094720 2072.5
1094730 2073.6
1094740 2073.6
1094750 2073.3
1094760 2072.1
1094770 2072.1
1094780 2070.3
1094790 2068.2
1094800 2068.2
1094810 2064.9
1094820 2061.4
1094830 2061.4
1094840 2060.4
1094850 2065.8
1094860 2065.8
1094870 2065.1
1094880 2062.3
1094890 2062.3
1094900 2061.0
1094910 2060.8
1094920 2060.8
1094930 2063.3
1094940 2069.2
1094950 2081.0
1094960 2081.0
1094970 2086.4
1094980 2088.7
1094990 2088.7
1095000 2095.4
1095010 2099.4
1095020 2099.4
1095030 2093.9
1095040 2089.5
1095050 2089.5
1095060 2086.1
1095070 2084.0
1095080 2084.0
1095090 2082.1
1095100 2078.6
1095110 2078.6
1095120 2074.9
1095130 2071.2
1095140 2071.2
1095150 2067.9
1095160 2064.4
1095170 2060.9
1095180 2060.9
1095190 2057.1
1095200 2053.0
1095210 2053.0
1095220 2048.9
1095230 2044.2
1095240 2044.2
1095250 2039.7
1095260 2035.1
1095270 2035.1
1095280 2030.8
1095290 2026.0
1095300 2026.0
1095310 2022.0
1095320 2019.3
1095330 2019.3
1095340 2016.3
1095350 2011.0
1095360 2010.9
1095370 2005.0
1095380 2000.0
1095390 2000.0
1095400 1995.4
1095410 1991.2
1095420 1986.0
1095430 1986.0
1095440 1980.9
1095450 1977.6
1095460 1977.6
1095470 1973.8
1095480 1968.2
1095490 1968.2
1095500 1964.7
1095510 1961.2
1095520 1961.2
1095530 1956.4
1095540 1954.1
1095550 1954.1
1095560 1953.4
1095570 1949.9
1095580 1949.9
1095590 1943.9
1095600 1938.6
1095610 1938.6
1095620 1935.4
1095630 1932.3
1095640 1929.5
1095650 1929.5
1095660 1926.4
1095670 1923.6
1095680 1923.6
1095690 1916.9
1095700 1915.2
1095710 1915.2
1095720 1913.4
1095730 1911.1
1095740 1911.1
1095750 1908.9
1095760 1907.2
1095770 1907.2
1095780 1905.9
1095790 1905.4
1095800 1905.4
1095810 1906.2
1095820 1906.0
1095830 1906.0
1095840 1905.2
1095850 1903.6
1095860 1902.5
1095870 1902.5
1095880 1900.6
1095890 1896.3
1095900 1896.3
1095910 1892.3
1095920 1889.0
1095930 1889.0
1095940 1886.0
1095950 1883.1
1095960 1883.1
1095970 1879.7
1095980 1876.4
1095990 1876.4
1096000 1874.6
1096010 1866.4
1096020 1866.4
1096030 1865.1
1096040 1863.1
1096050 1863.1
1096060 1860.2
1096070 1858.6
1096080 1858.3
1096090 1858.3
1096100 1856.8
1096110 1854.9
1096120 1854.9
1096130 1853.7
1096140 1853.7
1096150 1853.7
1096160 1855.0
1096170 1855.2
1096180 1855.2
1096190 1854.1
1096200 1852.4
1096210 1852.4
1096220 1851.5
1096230 1851.5
1096240 1851.5
1096250 1850.8
1096260 1848.4
1096270 1848.4
1096280 1845.9
1096290 1844.7
1096300 1844.0
1096310 1844.0
1096320 1843.3
1096330 1842.5
1096340 1839.8
1096350 1839.0
1096360 1837.6
1096370 1837.6
1096380 1835.5
1096390 1833.5
1096400 1833.5
1096410 1832.4
1096420 1832.0
1096430 1832.0
1096440 1831.6
1096450 1828.9
1096460 1828.9
1096470 1825.5
1096480 1821.8
1096490 1821.8
1096500 1817.2
1096510 1813.2
1096520 1809.5
1096530 1809.5
1096540 1804.9
1096550 1801.0
1096560 1801.0
1096570 1797.1
1096580 1792.9
1096590 1792.9
1096600 1788.4
1096610 1783.6
1096620 1783.6
1096630 1780.0
1096640 1776.7
1096650 1776.7
1096660 1773.1
1096670 1766.9
1096680 1766.9
1096690 1764.1
1096700 1761.2
1096710 1761.2
1096720 1757.8
1096730 1754.4
1096740 1751.2
1096750 1751.2
1096760 1748.8
1096770 1746.2
1096780 1746.2
1096790 1743.4
1096800 1740.5
1096810 1740.5
1096820 1737.7
1096830 1734.2
1096840 1734.2
1096850 1731.0
1096860 1728.1
1096870 1728.1
1096880 1725.0
1096890 1723.0
1096900 1723.0
1096910 1720.4
1096920 1718.7
1096930 1718.7
1096940 1716.4
1096950 1713.6
1096960 1713.6
1096970 1710.2
1096980 1706.7
1096990 1701.3
1097000 1701.3
1097010 1698.8
1097020 1695.7
1097030 1695.7
1097040 1691.5
1097050 1687.0
1097060 1687.0
1097070 1682.9
1097080 1679.0
1097090 1679.0
1097100 1674.4
1097110 1667.6
1097120 1667.6
1097130 1662.7
1097140 1657.6
1097150 1657.6
1097160 1651.5
1097170 1646.9
1097180 1646.9
1097190 1642.7
1097200 1638.0
1097210 1632.3
1097220 1632.3
1097230 1626.5
1097240 1619.4
1097250 1619.4
1097260 1610.2
1097270 1600.5
1097280 1600.5
1097290 1591.0
1097300 1582.3
1097310 1582.3
1097320 1573.4
1097330 1565.4
1097340 1565.4
1097350 1558.3
1097360 1548.2
1097370 1548.2
1097380 1538.0
1097390 1530.9
1097400 1530.9
1097410 1524.4
1097420 1517.5
1097430 1510.8
1097440 1510.8
1097450 1504.8
1097460 1499.6
1097470 1499.6
1097480 1493.9
1097490 1486.7
1097500 1486.7
1097510 1479.4
1097520 1473.1
1097530 1473.1
1097540 1466.9
1097550 1460.8
1097560 1460.8
1097570 1454.7
1097580 1449.2
1097590 1449.2
1097600 1444.2
1097610 1439.3
1097620 1439.3
1097630 1434.5
1097640 1430.6
1097650 1421.9
1097660 1421.9
1097670 1417.1
1097680 1411.5
1097690 1411.5
1097700 1404.8
1097710 1397.9
1097720 1397.9
1097730 1390.8
1097740 1385.1
1097750 1385.1
1097760 1379.5
1097770 1373.3
1097780 1373.3
1097790 1367.3
1097800 1361.6
1097810 1361.6
1097820 1356.2
1097830 1351.0
1097840 1351.0
1097850 1346.8
1097860 1342.6
1097870 1338.4
1097880 1338.4
1097890 1334.1
1097900 1330.1
1097910 1330.1
1097920 1326.2
1097930 1321.2
1097940 1321.2
1097950 1317.5
1097960 1314.9
1097970 1314.9
1097980 1305.9
1097990 1302.3
1098000 1302.3
1098010 1298.5
1098020 1293.4
1098030 1293.4
1098040 1287.8
1098050 1281.6
1098060 1281.6
1098070 1274.4
1098080 1268.1
1098090 1262.2
1098100 1262.2
1098110 1255.9
1098120 1249.8
1098130 1249.8
1098140 1244.6
1098150 1239.0
1098160 1239.0
1098170 1233.2
1098180 1227.6
1098190 1227.6
1098200 1221.8
1098210 1216.2
1098220 1216.2
1098230 1210.3
1098240 1204.8
1098250 1204.8
1098260 1199.6
1098270 1195.2
1098280 1195.2
1098290 1192.1
1098300 1188.5
1098310 1184.8
1098320 1178.1
1098330 1172.9
1098340 1167.8
1098350 1167.8
1098360 1164.9
1098370 1163.3
1098380 1163.3
1098390 1161.4
1098400 1160.4
1098410 1160.4
1098420 1159.9
1098430 1160.1
1098440 1160.1
1098450 1162.5
1098460 1164.7
1098470 1164.7
1098480 1168.0
1098490 1169.5
1098500 1169.5
1098510 1170.7
1098520 1171.3
1098530 1171.3
1098540 1171.6
1098550 1172.2
1098560 1172.8
1098570 1172.8
1098580 1173.6
1098590 1173.8
1098600 1173.8
1098610 1174.9
1098620 1175.6
1098630 1177.6
1098640 1178.2
1098650 1177.5
1098660 1177.5
1098670 1177.1
1098680 1177.3
1098690 1177.3
1098700 1178.4
1098710 1179.4
1098720 1179.4
1098730 1180.2
1098740 1181.0
1098750 1181.0
1098760 1181.4
1098770 1181.1
1098780 1181.2
1098790 1181.2
1098800 1182.3
1098810 1183.5
1098820 1183.5
1098830 1184.3
1098840 1186.0
1098850 1186.0
1098860 1187.2
1098870 1188.0
1098880 1188.0
1098890 1189.5
1098900 1191.6
1098910 1191.6
1098920 1192.9
1098930 1193.7
1098940 1193.7
1098950 1195.7
1098960 1196.7
1098970 1196.7
1098980 1189.8
1098990 1184.1
1099000 1181.3
1099010 1181.3
1099020 1180.1
1099030 1173.9
1099040 1173.9
1099050 1170.7
1099060 1170.8
1099070 1170.8
1099080 1170.5
1099090 1169.7
1099100 1169.7
1099110 1169.3
1099120 1169.5
1099130 1169.5
1099140 1169.3
1099150 1171.1
1099160 1171.1
1099170 1174.2
1099180 1179.5
1099190 1179.5
1099200 1182.6
1099210 1186.2
1099220 1189.9
1099230 1189.9
1099240 1194.6
1099250 1199.8
1099260 1199.8
1099270 1203.8
1099280 1207.4
1099290 1212.5
1099300 1211.0
1099310 1211.1
1099320 1211.1
1099330 1211.7
1099340 1213.4
1099350 1213.4
1099360 1217.0
1099370 1221.9
1099380 1221.9
1099390 1227.5
1099400 1231.3
1099410 1231.3
1099420 1234.2
1099430 1239.6
1099440 1241.7
1099450 1241.7
1099460 1238.8
1099470 1238.1
1099480 1238.1
1099490 1236.0
1099500 1232.1
1099510 1232.1
1099520 1228.2
1099530 1225.6
1099540 1225.6
1099550 1224.1
1099560 1225.5
1099570 1225.5
1099580 1225.5
1099590 1222.2
1099600 1222.2
1099610 1221.1
1099620 1225.7
1099630 1225.7
1099640 1227.0
1099650 1229.0
1099660 1228.8
1099670 1228.8
1099680 1229.8
1099690 1232.1
1099700 1232.1
1099710 1235.3
1099720 1237.7
1099730 1237.7
1099740 1239.9
1099750 1242.8
1099760 1242.8
1099770 1246.8
1099780 1250.2
1099790 1250.2
1099800 1254.6
1099810 1260.4
1099820 1260.4
1099830 1268.0
1099840 1275.6
1099850 1275.6
1099860 1281.9
1099870 1284.6
1099880 1284.6
1099890 1290.1
1099900 1298.5
1099910 1306.0
1099920 1306.0
1099930 1312.0
1099940 1319.8
1099950 1320.3
1099960 1325.4
1099970 1331.4
1099980 1331.4
1099990 1336.8
