1080000 2216.6
1080010 2216.6
1080020 2219.2
1080030 2219.4
1080040 2219.4
1080050 2219.6
1080060 2220.3
1080070 2220.3
1080080 2221.1
1080090 2224.3
1080100 2224.3
1080110 2231.7
1080120 2245.5
1080130 2245.5
1080140 2300.8
1080150 2341.9
1080160 2362.2
1080170 2362.2
1080180 2379.3
1080190 2395.9
1080200 2395.9
1080210 2411.8
1080220 2420.0
1080230 2420.0
1080240 2417.3
1080250 2416.9
1080260 2416.9
1080270 2419.5
1080280 2422.9
1080290 2422.9
1080300 2428.8
1080310 2435.2
1080320 2435.2
1080330 2437.7
1080340 2440.1
1080350 2440.1
1080360 2442.2
1080370 2443.0
1080380 2443.8
1080390 2443.8
1080400 2445.9
1080410 2457.3
1080420 2463.6
1080430 2468.3
1080440 2471.0
1080450 2471.0
1080460 2467.9
1080470 2461.9
1080480 2461.9
1080490 2464.5
1080500 2471.5
1080510 2471.5
1080520 2476.2
1080530 2478.1
1080540 2478.1
1080550 2477.8
1080560 2478.9
1080570 2478.9
1080580 2476.3
1080590 2471.0
1080600 2471.0
1080610 2466.0
1080620 2468.1
1080630 2472.1
1080640 2472.1
1080650 2470.7
1080660 2464.4
1080670 2464.4
1080680 2458.1
1080690 2451.8
1080700 2451.8
1080710 2445.8
1080720 2440.6
1080730 2440.6
1080740 2438.9
1080750 2435.0
1080760 2435.0
1080770 2429.3
1080780 2422.5
1080790 2422.5
1080800 2416.7
1080810 2409.9
1080820 2409.9
1080830 2399.6
1080840 2392.7
1080850 2386.2
1080860 2386.2
1080870 2379.8
1080880 2373.4
1080890 2373.4
1080900 2367.2
1080910 2360.7
1080920 2360.7
1080930 2353.3
1080940 2347.6
1080950 2347.6
1080960 2343.4
1080970 2339.6
1080980 2339.6
1080990 2334.2
1081000 2328.7
1081010 2328.7
1081020 2321.8
1081030 2314.7
1081040 2314.7
1081050 2312.0
1081060 2303.5
1081070 2295.6
1081080 2295.6
1081090 2287.8
1081100 2276.1
1081110 2276.1
1081120 2261.5
1081130 2233.9
1081140 2233.9
1081150 2167.7
1081160 2144.1
1081170 2144.1
1081180 2041.2
1081190 2014.6
1081200 2014.6
1081210 2006.5
1081220 1999.3
1081230 1999.3
1081240 1992.4
1081250 1985.6
1081260 1985.6
1081270 1978.9
1081280 1972.0
1081290 1964.9
1081300 1964.9
1081310 1958.0
1081320 1951.3
1081330 1951.3
1081340 1945.2
1081350 1940.4
1081360 1940.4
1081370 1932.5
1081380 1927.2
1081390 1927.2
1081400 1922.0
1081410 1916.4
1081420 1916.4
1081430 1910.9
1081440 1905.3
1081450 1905.3
1081460 1899.7
1081470 1893.9
1081480 1893.9
1081490 1888.4
1081500 1882.6
1081510 1882.6
1081520 1877.0
1081530 1871.3
1081540 1865.3
1081550 1865.3
1081560 1859.8
1081570 1854.2
1081580 1854.2
1081590 1848.9
1081600 1843.5
1081610 1843.5
1081620 1837.8
1081630 1832.3
1081640 1832.3
1081650 1826.6
1081660 1821.2
1081670 1821.2
1081680 1814.6
1081690 1809.7
1081700 1809.7
1081710 1804.9
1081720 1799.7
1081730 1799.7
1081740 1794.7
1081750 1789.5
1081760 1784.2
1081770 1784.2
1081780 1778.9
1081790 1774.2
1081800 1774.2
1081810 1769.6
1081820 1765.2
1081830 1765.2
1081840 1760.6
1081850 1756.1
1081860 1756.1
1081870 1751.9
1081880 1748.0
1081890 1748.0
1081900 1743.9
1081910 1740.1
1081920 1740.1
1081930 1736.0
1081940 1732.1
1081950 1732.1
1081960 1727.9
1081970 1724.3
1081980 1720.5
1081990 1720.5
1082000 1714.2
1082010 1710.2
1082020 1710.2
1082030 1706.8
1082040 1701.1
1082050 1701.1
1082060 1697.8
1082070 1695.1
1082080 1695.1
1082090 1689.1
1082100 1674.0
1082110 1674.0
1082120 1660.2
1082130 1646.1
1082140 1646.1
1082150 1627.3
1082160 1615.3
1082170 1615.3
1082180 1607.1
1082190 1599.9
1082200 1593.1
1082210 1593.1
1082220 1586.3
1082230 1580.0
1082240 1580.0
1082250 1573.8
1082260 1567.5
1082270 1567.5
1082280 1561.2
1082290 1553.0
1082300 1553.0
1082310 1542.2
1082320 1535.3
1082330 1535.3
1082340 1529.8
1082350 1525.1
1082360 1525.1
1082370 1520.6
1082380 1516.4
1082390 1516.4
1082400 1509.6
1082410 1505.2
1082420 1505.2
1082430 1503.5
1082440 1501.4
1082450 1502.4
1082460 1502.4
1082470 1503.1
1082480 1501.8
1082490 1501.8
1082500 1500.1
1082510 1498.5
1082520 1498.5
1082530 1497.5
1082540 1495.9
1082550 1495.9
1082560 1494.7
1082570 1493.7
1082580 1493.7
1082590 1492.6
1082600 1491.8
1082610 1491.8
1082620 1491.8
1082630 1491.8
1082640 1491.8
1082650 1493.0
1082660 1491.7
1082670 1489.6
1082680 1489.6
1082690 1486.9
1082700 1484.9
1082710 1484.9
1082720 1482.9
1082730 1482.6
1082740 1482.6
1082750 1480.8
1082760 1478.6
1082770 1478.6
1082780 1476.3
1082790 1474.3
1082800 1474.3
1082810 1473.0
1082820 1470.9
1082830 1470.9
1082840 1472.4
1082850 1476.2
1082860 1476.2
1082870 1481.2
1082880 1486.5
1082890 1491.3
1082900 1491.3
1082910 1494.7
1082920 1498.2
1082930 1498.2
1082940 1506.7
1082950 1511.0
1082960 1511.0
1082970 1515.6
1082980 1519.9
1082990 1519.9
1083000 1523.5
1083010 1526.5
1083020 1526.5
1083030 1529.5
1083040 1532.9
1083050 1532.9
1083060 1536.5
1083070 1540.3
1083080 1540.3
1083090 1544.9
1083100 1548.7
1083110 1552.4
1083120 1552.4
1083130 1555.4
1083140 1557.1
1083150 1557.1
1083160 1559.1
1083170 1560.8
1083180 1560.8
1083190 1562.1
1083200 1563.2
1083210 1563.2
1083220 1564.8
1083230 1564.4
1083240 1564.4
1083250 1566.2
1083260 1572.2
1083270 1572.2
1083280 1574.2
1083290 1576.5
1083300 1576.5
1083310 1578.3
1083320 1580.4
1083330 1580.4
1083340 1583.0
1083350 1585.6
1083360 1589.5
1083370 1589.5
1083380 1592.8
1083390 1599.5
1083400 1599.5
1083410 1608.8
1083420 1617.0
1083430 1617.0
1083440 1626.9
1083450 1635.7
1083460 1635.7
1083470 1642.7
1083480 1650.3
1083490 1650.3
1083500 1658.0
1083510 1669.0
1083520 1669.0
1083530 1681.1
1083540 1686.2
1083550 1686.2
1083560 1689.5
1083570 1690.1
1083580 1697.8
1083590 1697.8
1083600 1696.6
1083610 1689.8
1083620 1689.8
1083630 1682.8
1083640 1675.2
1083650 1675.2
1083660 1668.8
1083670 1663.3
1083680 1663.3
1083690 1657.3
1083700 1652.7
1083710 1652.7
1083720 1645.2
1083730 1640.0
1083740 1640.0
1083750 1635.2
1083760 1627.0
1083770 1627.0
1083780 1620.0
1083790 1614.3
1083800 1609.0
1083810 1609.0
1083820 1603.0
1083830 1597.0
1083840 1597.0
1083850 1590.8
1083860 1584.0
1083870 1584.0
1083880 1577.8
1083890 1576.6
1083900 1576.6
1083910 1564.0
1083920 1561.5
1083930 1561.5
1083940 1550.7
1083950 1540.5
1083960 1540.5
1083970 1535.5
1083980 1528.2
1083990 1528.2
1084000 1518.3
1084010 1513.3
1084020 1510.0
1084030 1510.0
1084040 1506.3
1084050 1503.1
1084060 1503.1
1084070 1499.0
1084080 1496.6
1084090 1496.6
1084100 1494.9
1084110 1492.6
1084120 1492.6
1084130 1491.6
1084140 1493.6
1084150 1493.6
1084160 1495.6
1084170 1495.4
1084180 1495.4
1084190 1496.3
1084200 1497.9
1084210 1503.9
1084220 1506.1
1084230 1507.7
1084240 1508.9
1084250 1508.9
1084260 1509.3
1084270 1509.6
1084280 1509.6
1084290 1509.9
1084300 1509.8
1084310 1509.8
1084320 1508.9
1084330 1507.5
1084340 1507.5
1084350 1506.2
1084360 1505.9
1084370 1505.9
1084380 1503.7
1084390 1501.9
1084400 1501.9
1084410 1500.4
1084420 1499.0
1084430 1499.0
1084440 1497.8
1084450 1496.6
1084460 1496.6
1084470 1496.2
1084480 1495.8
1084490 1495.2
1084500 1495.2
1084510 1494.5
1084520 1494.2
1084530 1500.1
1084540 1500.0
1084550 1499.5
1084560 1499.5
1084570 1499.8
1084580 1500.6
1084590 1500.6
1084600 1500.3
1084610 1499.8
1084620 1499.8
1084630 1499.2
1084640 1498.5
1084650 1498.5
1084660 1497.8
1084670 1496.7
1084680 1496.7
1084690 1495.3
1084700 1493.9
1084710 1493.0
1084720 1493.0
1084730 1492.3
1084740 1491.2
1084750 1491.2
1084760 1490.2
1084770 1489.2
1084780 1489.2
1084790 1488.0
1084800 1486.8
1084810 1486.8
1084820 1485.4
1084830 1483.9
1084840 1488.4
1084850 1486.7
1084860 1484.9
1084870 1484.9
1084880 1482.9
1084890 1480.8
1084900 1480.8
1084910 1478.8
1084920 1476.8
1084930 1474.9
1084940 1474.9
1084950 1473.6
1084960 1472.7
1084970 1472.7
1084980 1471.9
1084990 1470.7
1085000 1470.7
1085010 1469.3
1085020 1468.0
1085030 1468.0
1085040 1467.0
1085050 1466.7
1085060 1466.7
1085070 1466.5
1085080 1466.0
1085090 1466.0
1085100 1465.8
1085110 1468.0
1085120 1468.0
1085130 1470.1
1085140 1472.4
1085150 1474.1
1085160 1475.2
1085170 1476.6
1085180 1478.2
1085190 1478.2
1085200 1479.3
1085210 1480.3
1085220 1480.3
1085230 1481.2
1085240 1482.2
1085250 1482.2
1085260 1482.6
1085270 1481.9
1085280 1481.9
1085290 1481.7
1085300 1483.8
1085310 1483.8
1085320 1484.1
1085330 1484.4
1085340 1484.4
1085350 1484.3
1085360 1483.1
1085370 1483.1
1085380 1479.3
1085390 1476.9
1085400 1478.5
1085410 1478.5
1085420 1479.0
1085430 1479.4
1085440 1479.4
1085450 1481.9
1085460 1485.9
1085470 1485.9
1085480 1488.4
1085490 1492.5
1085500 1492.5
1085510 1496.6
1085520 1501.0
1085530 1501.0
1085540 1505.3
1085550 1510.3
1085560 1510.3
1085570 1515.9
1085580 1521.6
1085590 1521.6
1085600 1527.5
1085610 1533.7
1085620 1539.7
1085630 1539.7
1085640 1544.3
1085650 1548.4
1085660 1548.4
1085670 1552.0
1085680 1556.8
1085690 1556.8
1085700 1562.1
1085710 1568.4
1085720 1568.4
1085730 1575.8
1085740 1593.5
1085750 1593.5
1085760 1603.6
1085770 1609.6
1085780 1609.6
1085790 1617.3
1085800 1620.3
1085810 1620.3
1085820 1626.0
1085830 1631.2
1085840 1638.3
1085850 1638.3
1085860 1649.6
1085870 1653.3
1085880 1653.3
1085890 1660.0
1085900 1669.7
1085910 1669.7
1085920 1678.8
1085930 1685.1
1085940 1685.1
1085950 1692.3
1085960 1702.2
1085970 1702.2
1085980 1712.2
1085990 1722.5
1086000 1722.5
1086010 1732.2
1086020 1745.6
1086030 1745.6
1086040 1769.6
1086050 1779.5
1086060 1784.6
1086070 1784.6
1086080 1789.9
1086090 1794.2
1086100 1794.2
1086110 1798.8
1086120 1772.0
1086130 1772.0
1086140 1778.9
1086150 1785.6
1086160 1785.6
1086170 1790.2
1086180 1796.1
1086190 1796.1
1086200 1802.6
1086210 1812.6
1086220 1812.6
1086230 1822.7
1086240 1837.8
1086250 1837.8
1086260 1854.0
1086270 1875.6
1086280 1875.6
1086290 1899.6
1086300 1909.6
1086310 1916.8
1086320 1916.8
1086330 1925.2
1086340 1932.7
1086350 1932.7
1086360 1939.6
1086370 1947.7
1086380 1947.7
1086390 1956.8
1086400 1965.6
1086410 1965.6
1086420 1973.9
1086430 1983.1
1086440 1983.1
1086450 1989.5
1086460 1995.3
1086470 1995.3
1086480 2001.9
1086490 2008.6
1086500 2008.6
1086510 2014.5
1086520 2020.1
1086530 2025.9
1086540 2025.9
1086550 2031.3
1086560 2035.1
1086570 2035.1
1086580 2038.8
1086590 2043.4
1086600 2043.4
1086610 2051.1
1086620 2058.9
1086630 2058.9
1086640 2063.0
1086650 2066.6
1086660 2066.6
1086670 2069.7
1086680 2072.1
1086690 2072.1
1086700 2074.3
1086710 2077.1
1086720 2077.1
1086730 2079.8
1086740 2082.3
1086750 2089.9
1086760 2089.9
1086770 2091.9
1086780 2092.9
1086790 2092.9
1086800 2093.4
1086810 2094.2
1086820 2094.2
1086830 2095.9
1086840 2097.0
1086850 2097.0
1086860 2097.3
1086870 2096.8
1086880 2096.8
1086890 2096.1
1086900 2095.7
1086910 2095.7
1086920 2095.2
1086930 2094.8
1086940 2094.8
1086950 2095.1
1086960 2095.5
1086970 2094.6
1086980 2094.6
1086990 2093.8
1087000 2093.9
1087010 2093.9
1087020 2093.3
1087030 2093.2
1087040 2093.2
1087050 2092.9
1087060 2092.6
1087070 2098.2
1087080 2098.4
1087090 2098.7
1087100 2098.7
1087110 2098.9
1087120 2098.6
1087130 2098.6
1087140 2098.1
1087150 2098.0
1087160 2098.0
1087170 2097.5
1087180 2096.1
1087190 2093.9
1087200 2093.9
1087210 2091.9
1087220 2089.1
1087230 2089.1
1087240 2087.8
1087250 2087.1
1087260 2087.1
1087270 2085.7
1087280 2084.4
1087290 2084.4
1087300 2081.9
1087310 2079.7
1087320 2079.7
1087330 2078.6
1087340 2078.2
1087350 2078.2
1087360 2078.6
1087370 2077.9
1087380 2077.9
1087390 2080.7
1087400 2081.4
1087410 2081.4
1087420 2082.4
1087430 2084.3
1087440 2085.5
1087450 2085.5
1087460 2086.6
1087470 2088.6
1087480 2088.6
1087490 2089.6
1087500 2089.0
1087510 2089.0
1087520 2087.3
1087530 2086.2
1087540 2086.2
1087550 2085.1
1087560 2084.3
1087570 2084.3
1087580 2084.3
1087590 2083.4
1087600 2083.4
1087610 2079.9
1087620 2078.1
1087630 2078.1
1087640 2079.5
1087650 2078.0
1087660 2075.1
1087670 2075.1
1087680 2073.6
1087690 2074.2
1087700 2074.2
1087710 2079.9
1087720 2081.3
1087730 2081.3
1087740 2081.4
1087750 2081.7
1087760 2081.7
1087770 2081.7
1087780 2081.7
1087790 2081.7
1087800 2080.0
1087810 2078.4
1087820 2078.4
1087830 2078.0
1087840 2076.7
1087850 2076.7
1087860 2076.2
1087870 2074.0
1087880 2069.8
1087890 2069.8
1087900 2067.9
1087910 2067.7
1087920 2067.7
1087930 2064.9
1087940 2064.6
1087950 2064.6
1087960 2065.2
1087970 2062.1
1087980 2062.1
1087990 2057.5
1088000 2061.2
1088010 2061.2
1088020 2047.8
1088030 2047.7
1088040 2047.7
1088050 2032.0
1088060 2024.8
1088070 2024.8
1088080 2014.6
1088090 2002.1
1088100 1994.5
1088110 1994.5
1088120 1986.1
1088130 1974.8
1088140 1974.8
1088150 1963.7
1088160 1953.1
1088170 1953.1
1088180 1938.0
1088190 1929.8
1088200 1929.8
1088210 1921.4
1088220 1915.8
1088230 1915.8
1088240 1911.9
1088250 1908.0
1088260 1908.0
1088270 1902.7
1088280 1895.7
1088290 1895.7
1088300 1889.9
1088310 1884.6
1088320 1884.6
1088330 1879.4
1088340 1873.1
1088350 1868.5
1088360 1868.5
1088370 1863.5
1088380 1860.9
1088390 1860.9
1088400 1858.1
1088410 1854.5
1088420 1854.5
1088430 1850.2
1088440 1845.2
1088450 1845.2
1088460 1846.3
1088470 1844.7
1088480 1844.7
1088490 1844.3
1088500 1848.9
1088510 1848.9
1088520 1851.9
1088530 1851.7
1088540 1851.7
1088550 1848.3
1088560 1842.7
1088570 1834.5
1088580 1834.5
1088590 1821.7
1088600 1809.9
1088610 1809.9
1088620 1796.4
1088630 1785.0
1088640 1785.0
1088650 1785.3
1088660 1792.2
1088670 1810.6
1088680 1813.5
1088690 1819.2
1088700 1819.2
1088710 1823.4
1088720 1822.5
1088730 1822.5
1088740 1818.7
1088750 1821.3
1088760 1821.3
1088770 1819.7
1088780 1820.9
1088790 1826.8
1088800 1826.8
1088810 1836.5
1088820 1846.1
1088830 1846.1
1088840 1849.7
1088850 1848.7
1088860 1848.7
1088870 1846.8
1088880 1845.8
1088890 1845.8
1088900 1846.9
1088910 1844.8
1088920 1844.8
1088930 1843.4
1088940 1838.3
1088950 1838.3
1088960 1832.9
1088970 1822.8
1088980 1822.8
1088990 1821.3
1089000 1813.7
1089010 1803.4
1089020 1803.4
1089030 1789.7
1089040 1778.8
1089050 1778.8
1089060 1771.8
1089070 1764.8
1089080 1764.8
1089090 1756.9
1089100 1751.9
1089110 1751.9
1089120 1749.1
1089130 1745.3
1089140 1745.3
1089150 1738.1
1089160 1731.0
1089170 1731.0
1089180 1725.1
1089190 1719.8
1089200 1719.8
1089210 1713.4
1089220 1709.7
1089230 1705.2
1089240 1705.2
1089250 1698.7
1089260 1692.3
1089270 1692.3
1089280 1687.5
1089290 1681.6
1089300 1681.6
1089310 1679.2
1089320 1677.3
1089330 1677.3
1089340 1679.3
1089350 1674.3
1089360 1674.3
1089370 1664.1
1089380 1652.3
1089390 1652.3
1089400 1640.6
1089410 1629.4
1089420 1629.4
1089430 1620.5
1089440 1612.7
1089450 1612.7
1089460 1607.1
1089470 1602.9
1089480 1601.8
1089490 1601.8
1089500 1602.4
1089510 1602.7
1089520 1602.7
1089530 1602.1
1089540 1602.4
1089550 1602.4
1089560 1603.8
1089570 1605.3
1089580 1605.3
1089590 1607.0
1089600 1609.3
1089610 1609.3
1089620 1611.7
1089630 1617.0
1089640 1617.0
1089650 1619.3
1089660 1621.5
1089670 1621.5
1089680 1623.9
1089690 1626.1
1089700 1626.1
1089710 1626.1
1089720 1626.5
1089730 1627.0
1089740 1627.0
1089750 1627.6
1089760 1629.0
1089770 1629.0
1089780 1629.3
1089790 1628.7
1089800 1628.7
1089810 1629.8
1089820 1630.8
1089830 1630.8
1089840 1630.0
1089850 1629.6
1089860 1629.6
1089870 1629.9
1089880 1630.2
1089890 1630.2
1089900 1632.9
1089910 1637.1
1089920 1633.2
1089930 1633.2
1089940 1628.5
1089950 1631.0
1089960 1631.0
1089970 1632.1
1089980 1635.1
1089990 1635.1
1090000 1637.2
1090010 1640.3
1090020 1640.3
1090030 1642.9
1090040 1646.5
1090050 1646.5
1090060 1649.0
1090070 1650.7
1090080 1650.7
1090090 1650.1
1090100 1651.2
1090110 1651.2
1090120 1654.8
1090130 1656.5
1090140 1657.2
1090150 1657.2
1090160 1656.0
1090170 1652.8
1090180 1652.8
1090190 1648.1
1090200 1642.9
1090210 1642.9
1090220 1637.4
1090230 1631.4
1090240 1631.4
1090250 1626.0
1090260 1621.3
1090270 1621.3
1090280 1618.4
1090290 1612.3
1090300 1612.3
1090310 1605.6
1090320 1599.2
1090330 1599.2
1090340 1593.0
1090350 1587.4
1090360 1587.4
1090370 1583.5
1090380 1579.7
1090390 1575.5
1090400 1575.5
1090410 1571.7
1090420 1567.8
1090430 1567.8
1090440 1563.0
1090450 1557.5
1090460 1557.5
1090470 1552.7
1090480 1548.3
1090490 1548.3
1090500 1543.8
1090510 1538.0
1090520 1538.0
1090530 1532.7
1090540 1527.4
1090550 1527.4
1090560 1522.0
1090570 1516.6
1090580 1516.6
1090590 1512.2
1090600 1508.8
1090610 1502.2
1090620 1502.2
1090630 1494.5
1090640 1487.5
1090650 1487.5
1090660 1485.1
1090670 1484.7
1090680 1484.7
1090690 1485.5
1090700 1486.8
1090710 1486.8
1090720 1489.4
1090730 1496.0
1090740 1496.0
1090750 1500.9
1090760 1501.6
1090770 1501.6
1090780 1502.3
1090790 1505.0
1090800 1505.0
1090810 1508.8
1090820 1511.1
1090830 1513.6
1090840 1513.6
1090850 1516.8
1090860 1519.6
1090870 1519.6
1090880 1521.4
1090890 1524.0
1090900 1524.0
1090910 1527.1
1090920 1532.7
1090930 1532.7
1090940 1535.4
1090950 1541.0
1090960 1541.0
1090970 1548.0
1090980 1552.9
1090990 1552.9
1091000 1557.6
1091010 1561.9
1091020 1561.9
1091030 1566.8
1091040 1572.5
1091050 1578.6
1091060 1578.6
1091070 1584.0
1091080 1590.1
1091090 1590.1
1091100 1596.0
1091110 1602.6
1091120 1602.6
1091130 1610.0
1091140 1616.4
1091150 1616.4
1091160 1620.6
1091170 1625.3
1091180 1625.3
1091190 1630.7
1091200 1636.8
1091210 1636.8
1091220 1643.3
1091230 1649.3
1091240 1653.4
1091250 1659.3
1091260 1663.7
1091270 1668.1
1091280 1668.1
1091290 1673.0
1091300 1678.9
1091310 1678.9
1091320 1685.0
1091330 1690.4
1091340 1690.4
1091350 1695.8
1091360 1700.4
1091370 1700.4
1091380 1704.2
1091390 1708.3
1091400 1708.3
1091410 1715.2
1091420 1721.1
1091430 1721.1
1091440 1726.1
1091450 1729.3
1091460 1729.3
1091470 1732.5
1091480 1735.4
1091490 1735.4
1091500 1738.2
1091510 1741.8
1091520 1746.5
1091530 1746.5
1091540 1752.2
1091550 1758.9
1091560 1760.5
1091570 1764.5
1091580 1767.2
1091590 1767.2
1091600 1767.6
1091610 1769.5
1091620 1769.5
1091630 1774.4
1091640 1778.1
1091650 1778.1
1091660 1779.7
1091670 1780.9
1091680 1780.9
1091690 1783.1
1091700 1786.4
1091710 1786.4
1091720 1791.2
1091730 1796.2
1091740 1798.7
1091750 1798.7
1091760 1799.6
1091770 1801.4
1091780 1801.4
1091790 1804.1
1091800 1806.7
1091810 1806.7
1091820 1809.0
1091830 1810.6
1091840 1810.6
1091850 1812.4
1091860 1814.3
1091870 1814.3
1091880 1815.5
1091890 1820.3
1091900 1820.3
1091910 1820.3
1091920 1818.9
1091930 1818.9
1091940 1816.5
1091950 1815.6
1091960 1815.0
1091970 1815.0
1091980 1814.9
1091990 1815.1
1092000 1815.1
1092010 1814.7
1092020 1813.3
1092030 1813.3
1092040 1812.1
1092050 1811.0
1092060 1811.0
1092070 1810.1
1092080 1809.5
1092090 1809.5
1092100 1809.1
1092110 1809.1
1092120 1809.1
1092130 1808.3
1092140 1808.0
1092150 1808.0
1092160 1807.7
1092170 1807.1
1092180 1805.9
1092190 1805.9
1092200 1805.5
1092210 1807.3
1092220 1807.3
1092230 1806.5
1092240 1805.9
1092250 1805.9
1092260 1805.3
1092270 1804.8
1092280 1804.8
1092290 1805.4
1092300 1805.8
1092310 1805.8
1092320 1806.0
1092330 1806.5
1092340 1806.5
1092350 1805.7
1092360 1804.7
1092370 1804.7
1092380 1802.8
1092390 1799.0
1092400 1796.7
1092410 1796.7
1092420 1799.2
1092430 1801.5
1092440 1801.5
1092450 1802.7
1092460 1802.8
1092470 1802.8
1092480 1803.6
1092490 1805.6
1092500 1805.6
1092510 1806.1
1092520 1805.8
1092530 1808.4
1092540 1808.0
1092550 1807.3
1092560 1807.3
1092570 1805.9
1092580 1804.0
1092590 1804.0
1092600 1801.4
1092610 1800.4
1092620 1800.4
1092630 1801.9
1092640 1801.4
1092650 1803.7
1092660 1803.7
1092670 1805.4
1092680 1807.0
1092690 1807.0
1092700 1808.7
1092710 1813.8
1092720 1813.8
1092730 1819.2
1092740 1825.2
1092750 1825.2
1092760 1831.1
1092770 1835.8
1092780 1835.8
1092790 1840.6
1092800 1844.9
1092810 1844.9
1092820 1847.8
1092830 1850.9
1092840 1850.9
1092850 1853.5
1092860 1857.9
1092870 1859.9
1092880 1859.9
1092890 1861.2
1092900 1861.6
1092910 1861.6
1092920 1861.3
1092930 1860.4
1092940 1860.4
1092950 1858.1
1092960 1855.0
1092970 1855.0
1092980 1850.0
1092990 1845.4
1093000 1845.4
1093010 1842.0
1093020 1839.1
1093030 1839.1
1093040 1835.7
1093050 1831.5
1093060 1831.5
1093070 1826.6
1093080 1821.9
1093090 1817.1
1093100 1817.1
1093110 1813.3
1093120 1810.1
1093130 1810.1
1093140 1808.2
1093150 1807.1
1093160 1807.1
1093170 1806.4
1093180 1805.4
1093190 1805.4
1093200 1803.0
1093210 1801.0
1093220 1801.0
1093230 1798.6
1093240 1797.6
1093250 1797.6
1093260 1797.6
1093270 1796.5
1093280 1796.5
1093290 1795.3
1093300 1793.7
1093310 1792.2
1093320 1792.2
1093330 1791.1
1093340 1789.5
1093350 1789.5
1093360 1787.5
1093370 1785.5
1093380 1785.5
1093390 1783.1
1093400 1783.0
1093410 1783.0
1093420 1782.2
1093430 1780.9
1093440 1780.9
1093450 1779.2
1093460 1777.2
1093470 1777.2
1093480 1775.1
1093490 1772.7
1093500 1772.7
1093510 1772.4
1093520 1771.4
1093530 1771.4
1093540 1770.0
1093550 1768.8
1093560 1767.1
1093570 1767.1
1093580 1765.3
1093590 1763.4
1093600 1763.4
1093610 1761.7
1093620 1760.1
1093630 1760.1
1093640 1757.5
1093650 1754.4
1093660 1754.4
1093670 1752.3
1093680 1749.8
1093690 1749.8
1093700 1746.8
1093710 1744.6
1093720 1744.6
1093730 1742.3
1093740 1739.5
1093750 1739.5
1093760 1737.0
1093770 1734.7
1093780 1731.9
1093790 1731.9
1093800 1729.0
1093810 1726.5
1093820 1726.5
1093830 1727.3
1093840 1725.7
1093850 1725.7
1093860 1724.6
1093870 1722.3
1093880 1722.3
1093890 1718.9
1093900 1715.7
1093910 1715.7
1093920 1712.3
1093930 1706.9
1093940 1706.9
1093950 1701.3
1093960 1696.5
1093970 1696.5
1093980 1690.7
1093990 1684.3
1094000 1677.5
1094010 1677.5
1094020 1670.6
1094030 1663.9
1094040 1663.9
1094050 1657.6
1094060 1650.5
1094070 1650.5
1094080 1644.4
1094090 1637.4
1094100 1637.4
1094110 1631.7
1094120 1627.4
1094130 1627.4
1094140 1619.9
1094150 1611.5
1094160 1612.7
1094170 1605.7
1094180 1598.1
1094190 1598.1
1094200 1596.4
1094210 1599.0
1094220 1598.7
1094230 1598.7
1094240 1593.9
1094250 1587.5
1094260 1587.5
1094270 1582.8
1094280 1580.0
1094290 1580.0
1094300 1579.4
1094310 1578.0
1094320 1578.0
1094330 1577.7
1094340 1580.5
1094350 1580.5
1094360 1578.3
1094370 1575.4
1094380 1575.4
1094390 1580.6
1094400 1586.7
1094410 1586.7
1094420 1591.7
1094430 1596.5
1094440 1601.0
1094450 1601.0
1094460 1605.2
1094470 1609.5
1094480 1612.8
1094490 1618.1
1094500 1623.6
1094510 1623.6
1094520 1627.8
1094530 1627.4
1094540 1627.4
1094550 1629.5
1094560 1635.5
1094570 1635.5
1094580 1641.4
1094590 1644.3
1094600 1644.3
1094610 1649.6
1094620 1656.8
1094630 1656.8
1094640 1662.9
1094650 1669.0
1094660 1669.0
1094670 1672.9
1094680 1674.3
1094690 1671.6
1094700 1671.6
1094710 1669.2
1094720 1667.6
1094730 1667.6
1094740 1665.8
1094750 1666.6
1094760 1666.6
1094770 1668.5
1094780 1670.0
1094790 1670.0
1094800 1671.5
1094810 1680.1
1094820 1680.1
1094830 1681.3
1094840 1681.6
1094850 1681.6
1094860 1680.5
1094870 1678.4
1094880 1678.4
1094890 1677.6
1094900 1676.0
1094910 1673.0
1094920 1673.0
1094930 1668.2
1094940 1666.7
1094950 1666.7
1094960 1669.3
1094970 1671.8
1094980 1671.8
1094990 1673.2
1095000 1674.8
1095010 1674.8
1095020 1677.4
1095030 1680.3
1095040 1680.3
1095050 1682.4
1095060 1684.0
1095070 1684.0
1095080 1685.4
1095090 1686.9
1095100 1686.9
1095110 1687.6
1095120 1686.8
1095130 1692.3
1095140 1692.3
1095150 1695.9
1095160 1698.8
1095170 1698.8
1095180 1700.3
1095190 1701.7
1095200 1701.7
1095210 1700.7
1095220 1700.7
1095230 1700.7
1095240 1704.1
1095250 1706.2
1095260 1706.2
1095270 1707.7
1095280 1708.5
1095290 1708.5
1095300 1710.8
1095310 1712.3
1095320 1712.3
1095330 1712.4
1095340 1714.9
1095350 1719.6
1095360 1719.6
1095370 1720.3
1095380 1719.4
1095390 1719.4
1095400 1717.2
1095410 1715.8
1095420 1715.8
1095430 1715.0
1095440 1714.4
1095450 1714.4
1095460 1716.4
1095470 1715.5
1095480 1715.5
1095490 1715.3
1095500 1715.1
1095510 1715.1
1095520 1714.4
1095530 1713.5
1095540 1713.5
1095550 1712.9
1095560 1711.7
1095570 1709.8
1095580 1709.8
1095590 1708.1
1095600 1705.8
1095610 1705.8
1095620 1704.7
1095630 1704.3
1095640 1704.3
1095650 1705.8
1095660 1708.4
1095670 1708.4
1095680 1708.1
1095690 1704.6
1095700 1704.6
1095710 1701.5
1095720 1700.0
1095730 1700.0
1095740 1700.2
1095750 1701.2
1095760 1701.2
1095770 1702.2
1095780 1705.8
1095790 1705.8
1095800 1707.6
1095810 1711.6
1095820 1716.8
1095830 1716.8
1095840 1723.4
1095850 1729.7
1095860 1729.7
1095870 1736.8
1095880 1742.6
1095890 1742.6
1095900 1745.4
1095910 1747.3
1095920 1747.3
1095930 1748.3
1095940 1748.4
1095950 1748.4
1095960 1748.4
1095970 1746.9
1095980 1746.9
1095990 1745.0
1096000 1742.2
1096010 1742.2
1096020 1739.6
1096030 1736.7
1096040 1734.4
1096050 1734.4
1096060 1732.2
1096070 1730.2
1096080 1730.2
1096090 1728.4
1096100 1726.5
1096110 1728.0
1096120 1725.6
1096130 1722.2
1096140 1722.2
1096150 1717.7
1096160 1712.5
1096170 1712.5
1096180 1709.2
1096190 1706.0
1096200 1706.0
1096210 1702.9
1096220 1699.5
1096230 1699.5
1096240 1696.3
1096250 1693.4
1096260 1692.2
1096270 1692.2
1096280 1690.4
1096290 1687.9
1096300 1687.9
1096310 1684.1
1096320 1679.5
1096330 1679.5
1096340 1675.3
1096350 1670.3
1096360 1670.3
1096370 1665.5
1096380 1663.5
1096390 1663.5
1096400 1662.8
1096410 1663.1
1096420 1663.1
1096430 1661.1
1096440 1654.4
1096450 1654.4
1096460 1649.0
1096470 1643.5
1096480 1637.9
1096490 1637.9
1096500 1631.8
1096510 1625.0
1096520 1625.0
1096530 1617.8
1096540 1610.1
1096550 1610.1
1096560 1602.4
1096570 1598.2
1096580 1598.2
1096590 1595.2
1096600 1592.2
1096610 1592.2
1096620 1587.1
1096630 1585.0
1096640 1585.0
1096650 1583.5
1096660 1580.7
1096670 1580.7
1096680 1577.9
1096690 1574.5
1096700 1574.5
1096710 1569.6
1096720 1564.3
1096730 1560.4
1096740 1560.4
1096750 1556.0
1096760 1551.2
1096770 1551.2
1096780 1545.2
1096790 1541.1
1096800 1541.1
1096810 1536.4
1096820 1530.8
1096830 1530.8
1096840 1526.1
1096850 1522.3
1096860 1522.3
1096870 1520.8
1096880 1519.3
1096890 1519.3
1096900 1517.7
1096910 1516.2
1096920 1516.2
1096930 1514.6
1096940 1513.1
1096950 1511.7
1096960 1511.7
1096970 1510.5
1096980 1508.6
1096990 1508.6
1097000 1506.4
1097010 1503.9
1097020 1503.9
1097030 1501.7
1097040 1498.5
1097050 1498.5
1097060 1496.3
1097070 1497.1
1097080 1497.1
1097090 1497.7
1097100 1498.2
1097110 1498.2
1097120 1497.8
1097130 1497.2
1097140 1497.2
1097150 1497.0
1097160 1496.5
1097170 1496.8
1097180 1496.8
1097190 1497.2
1097200 1497.6
1097210 1497.6
1097220 1497.6
1097230 1497.7
1097240 1497.7
1097250 1497.3
1097260 1496.5
1097270 1496.5
1097280 1495.5
1097290 1494.3
1097300 1494.3
1097310 1492.2
1097320 1491.2
1097330 1491.2
1097340 1490.8
1097350 1487.2
1097360 1487.2
1097370 1481.6
1097380 1477.6
1097390 1471.5
1097400 1471.5
1097410 1465.3
1097420 1471.0
1097430 1471.0
1097440 1463.9
1097450 1457.1
1097460 1457.1
1097470 1454.9
1097480 1452.8
1097490 1452.8
1097500 1451.8
1097510 1450.5
1097520 1450.5
1097530 1450.6
1097540 1450.6
1097550 1450.6
1097560 1446.9
1097570 1443.6
1097580 1443.6
1097590 1441.2
1097600 1439.4
1097610 1436.7
1097620 1436.7
1097630 1436.3
1097640 1434.7
1097650 1434.7
1097660 1433.1
1097670 1432.4
1097680 1432.4
1097690 1430.5
1097700 1428.4
1097710 1428.4
1097720 1425.1
1097730 1421.0
1097740 1421.0
1097750 1419.4
1097760 1416.5
1097770 1416.5
1097780 1414.3
1097790 1410.2
1097800 1410.2
1097810 1407.5
1097820 1402.2
1097830 1402.2
1097840 1394.1
1097850 1389.1
1097860 1384.6
1097870 1384.6
1097880 1379.1
1097890 1372.7
1097900 1372.7
1097910 1366.6
1097920 1359.5
1097930 1359.5
1097940 1355.2
1097950 1352.2
1097960 1352.2
1097970 1351.0
1097980 1348.6
1097990 1348.6
1098000 1343.5
1098010 1339.1
1098020 1339.1
1098030 1337.2
1098040 1333.1
1098050 1333.1
1098060 1328.9
1098070 1326.6
1098080 1326.7
1098090 1326.7
1098100 1323.9
1098110 1320.5
1098120 1320.5
1098130 1315.7
1098140 1310.8
1098150 1310.8
1098160 1304.7
1098170 1298.8
1098180 1298.8
1098190 1294.4
1098200 1291.7
1098210 1291.7
1098220 1288.6
1098230 1286.6
1098240 1286.6
1098250 1285.9
1098260 1283.4
1098270 1283.4
1098280 1278.9
1098290 1274.7
1098300 1270.8
1098310 1270.8
1098320 1268.8
1098330 1263.7
1098340 1263.7
1098350 1258.4
1098360 1252.2
1098370 1252.2
1098380 1246.0
1098390 1239.1
1098400 1240.3
1098410 1234.1
1098420 1231.6
1098430 1231.6
1098440 1229.9
1098450 1228.6
1098460 1228.6
1098470 1226.1
1098480 1223.1
1098490 1223.1
1098500 1222.7
1098510 1220.2
1098520 1217.0
1098530 1217.0
1098540 1213.3
1098550 1208.4
1098560 1208.4
1098570 1203.1
1098580 1197.1
1098590 1197.1
1098600 1189.7
1098610 1183.8
1098620 1183.8
1098630 1178.5
1098640 1173.7
1098650 1173.7
1098660 1168.2
1098670 1161.7
1098680 1161.7
1098690 1154.8
1098700 1149.4
1098710 1149.4
1098720 1146.2
1098730 1144.9
1098740 1140.7
1098750 1140.7
1098760 1136.8
1098770 1135.1
1098780 1135.1
1098790 1133.2
1098800 1131.1
1098810 1131.1
1098820 1128.4
1098830 1124.0
1098840 1124.0
1098850 1118.5
1098860 1110.7
1098870 1110.7
1098880 1102.9
1098890 1094.5
1098900 1094.5
1098910 1087.4
1098920 1084.1
1098930 1084.1
1098940 1081.7
1098950 1074.7
1098960 1074.7
1098970 1068.7
1098980 1064.6
1098990 1060.2
1099000 1060.2
1099010 1056.0
1099020 1052.4
1099030 1052.4
1099040 1048.1
1099050 1041.1
1099060 1044.4
1099070 1039.9
1099080 1035.3
1099090 1035.3
1099100 1031.3
1099110 1028.0
1099120 1028.0
1099130 1025.4
1099140 1023.5
1099150 1023.5
1099160 1022.0
1099170 1021.0
1099180 1021.0
1099190 1021.3
1099200 1022.0
1099210 1022.3
1099220 1022.3
1099230 1021.6
1099240 1021.8
1099250 1021.8
1099260 1022.3
1099270 1022.2
1099280 1022.2
1099290 1022.3
1099300 1022.3
1099310 1022.3
1099320 1021.9
1099330 1021.7
1099340 1021.7
1099350 1021.6
1099360 1021.4
1099370 1021.4
1099380 1021.4
1099390 1022.0
1099400 1022.0
1099410 1021.8
1099420 1023.3
1099430 1025.4
1099440 1025.4
1099450 1026.3
1099460 1026.3
1099470 1026.3
1099480 1025.9
1099490 1025.7
1099500 1025.7
1099510 1024.6
1099520 1023.0
1099530 1023.0
1099540 1020.6
1099550 1017.0
1099560 1017.0
1099570 1012.2
1099580 1008.8
1099590 1008.8
1099600 1003.4
1099610 1001.5
1099620 1001.5
1099630 1000.6
1099640 999.5
1099650 999.3
1099660 999.3
1099670 998.2
1099680 994.2
1099690 994.2
1099700 988.7
1099710 987.5
1099720 980.5
1099730 977.7
1099740 968.6
1099750 968.6
1099760 962.3
1099770 958.7
1099780 958.7
1099790 954.4
1099800 951.9
1099810 951.9
1099820 950.0
1099830 948.2
1099840 948.2
1099850 945.5
1099860 941.9
1099870 940.6
1099880 940.6
1099890 944.0
1099900 948.0
1099910 948.0
1099920 946.1
1099930 941.2
1099940 941.2
1099950 933.5
1099960 930.0
1099970 930.0
1099980 931.7
1099990 947.0
