1080000 2533.2
1080010 2552.2
1080020 2568.6
1080030 2574.1
1080040 2574.1
1080050 2576.1
1080060 2577.7
1080070 2577.7
1080080 2581.0
1080090 2593.4
1080100 2593.4
1080110 2600.3
1080120 2605.1
1080130 2605.1
1080140 2612.7
1080150 2618.0
1080160 2618.0
1080170 2623.5
1080180 2633.0
1080190 2633.0
1080200 2653.2
1080210 2660.6
1080220 2660.6
1080230 2664.1
1080240 2673.0
1080250 2673.0
1080260 2677.2
1080270 2672.7
1080280 2679.3
1080290 2679.3
1080300 2677.5
1080310 2676.7
1080320 2676.7
1080330 2674.9
1080340 2671.7
1080350 2671.7
1080360 2666.1
1080370 2658.3
1080380 2658.3
1080390 2651.6
1080400 2645.5
1080410 2645.5
1080420 2639.8
1080430 2634.2
1080440 2634.2
1080450 2628.6
1080460 2621.5
1080470 2621.5
1080480 2613.9
1080490 2606.8
1080500 2599.4
1080510 2599.4
1080520 2592.4
1080530 2586.0
1080540 2586.0
1080550 2578.8
1080560 2571.2
1080570 2571.2
1080580 2565.5
1080590 2560.2
1080600 2553.9
1080610 2547.5
1080620 2540.0
1080630 2540.0
1080640 2533.5
1080650 2529.7
1080660 2529.7
1080670 2529.6
1080680 2529.7
1080690 2529.7
1080700 2532.4
1080710 2528.6
1080720 2514.2
1080730 2514.2
1080740 2497.3
1080750 2481.5
1080760 2481.5
1080770 2465.1
1080780 2437.1
1080790 2437.1
1080800 2426.6
1080810 2414.9
1080820 2414.9
1080830 2393.5
1080840 2370.4
1080850 2370.4
1080860 2354.2
1080870 2346.1
1080880 2346.1
1080890 2337.3
1080900 2329.5
1080910 2330.4
1080920 2323.3
1080930 2317.0
1080940 2309.2
1080950 2309.2
1080960 2301.2
1080970 2296.2
1080980 2296.2
1080990 2292.1
1081000 2288.2
1081010 2288.2
1081020 2284.9
1081030 2282.9
1081040 2282.9
1081050 2279.3
1081060 2273.4
1081070 2273.4
1081080 2262.2
1081090 2246.2
1081100 2246.2
1081110 2234.1
1081120 2227.9
1081130 2227.9
1081140 2222.9
1081150 2220.1
1081160 2213.7
1081170 2213.7
1081180 2129.8
1081190 2075.5
1081200 2075.5
1081210 2038.5
1081220 2023.2
1081230 2023.2
1081240 2010.5
1081250 2003.6
1081260 2003.6
1081270 1994.7
1081280 1980.7
1081290 1980.7
1081300 1964.5
1081310 1958.4
1081320 1958.4
1081330 1950.3
1081340 1940.5
1081350 1940.5
1081360 1935.0
1081370 1929.3
1081380 1929.3
1081390 1921.9
1081400 1914.7
1081410 1905.8
1081420 1905.8
1081430 1898.8
1081440 1892.9
1081450 1892.9
1081460 1886.4
1081470 1879.9
1081480 1879.9
1081490 1873.6
1081500 1867.5
1081510 1867.5
1081520 1860.9
1081530 1854.1
1081540 1854.4
1081550 1847.1
1081560 1840.5
1081570 1840.5
1081580 1834.6
1081590 1828.7
1081600 1828.7
1081610 1824.1
1081620 1819.2
1081630 1815.1
1081640 1815.1
1081650 1810.5
1081660 1806.5
1081670 1806.5
1081680 1803.2
1081690 1799.0
1081700 1799.0
1081710 1793.6
1081720 1787.7
1081730 1787.7
1081740 1781.6
1081750 1775.2
1081760 1775.2
1081770 1769.5
1081780 1764.0
1081790 1764.0
1081800 1758.2
1081810 1752.6
1081820 1752.6
1081830 1747.4
1081840 1742.7
1081850 1738.5
1081860 1738.5
1081870 1736.4
1081880 1735.4
1081890 1735.4
1081900 1732.9
1081910 1729.8
1081920 1729.8
1081930 1728.9
1081940 1728.4
1081950 1728.4
1081960 1728.3
1081970 1728.7
1081980 1728.7
1081990 1728.3
1082000 1725.6
1082010 1725.6
1082020 1721.8
1082030 1717.4
1082040 1717.4
1082050 1712.8
1082060 1707.6
1082070 1701.0
1082080 1701.0
1082090 1691.6
1082100 1683.2
1082110 1683.2
1082120 1677.6
1082130 1668.6
1082140 1668.6
1082150 1654.5
1082160 1644.3
1082170 1650.8
1082180 1646.3
1082190 1640.4
1082200 1640.4
1082210 1634.0
1082220 1630.2
1082230 1630.2
1082240 1628.7
1082250 1627.1
1082260 1627.1
1082270 1624.8
1082280 1622.4
1082290 1622.4
1082300 1620.5
1082310 1618.6
1082320 1615.9
1082330 1615.9
1082340 1613.2
1082350 1610.7
1082360 1610.7
1082370 1608.1
1082380 1604.4
1082390 1604.4
1082400 1603.8
1082410 1611.3
1082420 1611.3
1082430 1617.7
1082440 1614.4
1082450 1614.4
1082460 1612.9
1082470 1614.7
1082480 1635.3
1082490 1627.9
1082500 1618.9
1082510 1618.9
1082520 1612.0
1082530 1608.9
1082540 1609.2
1082550 1609.2
1082560 1612.1
1082570 1610.7
1082580 1610.7
1082590 1603.7
1082600 1596.9
1082610 1596.9
1082620 1591.4
1082630 1588.2
1082640 1588.2
1082650 1587.9
1082660 1588.8
1082670 1588.8
1082680 1600.7
1082690 1603.8
1082700 1603.8
1082710 1607.2
1082720 1609.1
1082730 1609.1
1082740 1610.5
1082750 1611.4
1082760 1613.1
1082770 1613.1
1082780 1612.9
1082790 1614.1
1082800 1621.0
1082810 1624.0
1082820 1625.4
1082830 1625.4
1082840 1626.6
1082850 1629.4
1082860 1629.4
1082870 1631.7
1082880 1634.1
1082890 1634.1
1082900 1636.2
1082910 1638.7
1082920 1638.7
1082930 1642.9
1082940 1648.3
1082950 1648.3
1082960 1655.1
1082970 1658.2
1082980 1661.4
1082990 1661.4
1083000 1664.7
1083010 1667.1
1083020 1667.1
1083030 1668.8
1083040 1670.9
1083050 1670.9
1083060 1673.0
1083070 1675.5
1083080 1675.5
1083090 1678.5
1083100 1681.6
1083110 1681.6
1083120 1691.3
1083130 1695.5
1083140 1695.5
1083150 1699.1
1083160 1702.6
1083170 1702.6
1083180 1706.1
1083190 1710.3
1083200 1714.2
1083210 1714.2
1083220 1717.6
1083230 1720.8
1083240 1720.8
1083250 1723.9
1083260 1725.6
1083270 1725.6
1083280 1727.0
1083290 1728.9
1083300 1728.9
1083310 1731.9
1083320 1734.7
1083330 1734.7
1083340 1736.8
1083350 1740.8
1083360 1740.8
1083370 1746.0
1083380 1748.3
1083390 1748.3
1083400 1747.5
1083410 1754.1
1083420 1754.1
1083430 1771.7
1083440 1780.4
1083450 1792.5
1083460 1792.5
1083470 1801.3
1083480 1813.9
1083490 1813.9
1083500 1828.3
1083510 1840.8
1083520 1840.8
1083530 1859.7
1083540 1867.4
1083550 1867.4
1083560 1867.0
1083570 1863.2
1083580 1863.2
1083590 1860.5
1083600 1857.6
1083610 1857.6
1083620 1853.2
1083630 1848.7
1083640 1848.7
1083650 1843.5
1083660 1838.9
1083670 1837.5
1083680 1837.5
1083690 1834.8
1083700 1829.7
1083710 1829.7
1083720 1825.7
1083730 1822.9
1083740 1822.9
1083750 1828.0
1083760 1828.5
1083770 1828.5
1083780 1828.9
1083790 1829.4
1083800 1829.4
1083810 1829.9
1083820 1831.1
1083830 1831.1
1083840 1832.7
1083850 1834.9
1083860 1834.9
1083870 1836.5
1083880 1835.1
1083890 1828.5
1083900 1828.5
1083910 1818.9
1083920 1809.9
1083930 1809.9
1083940 1801.5
1083950 1793.3
1083960 1793.3
1083970 1786.9
1083980 1778.6
1083990 1778.6
1084000 1771.6
1084010 1765.4
1084020 1765.4
1084030 1755.1
1084040 1745.7
1084050 1745.7
1084060 1734.8
1084070 1715.6
1084080 1715.6
1084090 1707.7
1084100 1699.5
1084110 1691.2
1084120 1691.2
1084130 1684.8
1084140 1678.3
1084150 1678.3
1084160 1674.3
1084170 1668.3
1084180 1668.3
1084190 1664.4
1084200 1660.0
1084210 1660.0
1084220 1656.8
1084230 1656.1
1084240 1656.1
1084250 1655.2
1084260 1653.0
1084270 1653.0
1084280 1649.7
1084290 1648.6
1084300 1648.6
1084310 1646.1
1084320 1643.1
1084330 1640.6
1084340 1640.6
1084350 1639.6
1084360 1640.3
1084370 1640.3
1084380 1648.2
1084390 1650.4
1084400 1650.4
1084410 1651.2
1084420 1652.0
1084430 1652.0
1084440 1652.7
1084450 1653.6
1084460 1653.6
1084470 1654.0
1084480 1654.0
1084490 1654.0
1084500 1654.1
1084510 1654.0
1084520 1654.0
1084530 1653.6
1084540 1653.3
1084550 1653.3
1084560 1652.6
1084570 1651.4
1084580 1650.3
1084590 1650.3
1084600 1649.0
1084610 1647.7
1084620 1647.7
1084630 1646.1
1084640 1644.1
1084650 1644.1
1084660 1641.9
1084670 1639.5
1084680 1639.5
1084690 1637.1
1084700 1640.8
1084710 1640.8
1084720 1638.1
1084730 1634.7
1084740 1634.7
1084750 1631.4
1084760 1628.4
1084770 1628.4
1084780 1624.8
1084790 1622.1
1084800 1618.8
1084810 1618.8
1084820 1614.7
1084830 1611.4
1084840 1611.4
1084850 1607.9
1084860 1603.7
1084870 1603.7
1084880 1599.8
1084890 1596.6
1084900 1596.6
1084910 1594.7
1084920 1593.4
1084930 1593.4
1084940 1591.8
1084950 1590.1
1084960 1590.1
1084970 1588.7
1084980 1587.2
1084990 1587.2
1085000 1585.7
1085010 1584.1
1085020 1590.2
1085030 1590.2
1085040 1588.7
1085050 1587.6
1085060 1587.6
1085070 1585.9
1085080 1583.9
1085090 1583.9
1085100 1582.3
1085110 1581.1
1085120 1581.1
1085130 1580.4
1085140 1580.4
1085150 1580.4
1085160 1579.3
1085170 1577.9
1085180 1577.9
1085190 1577.1
1085200 1575.6
1085210 1575.6
1085220 1573.6
1085230 1571.4
1085240 1569.0
1085250 1569.0
1085260 1566.5
1085270 1563.8
1085280 1563.8
1085290 1562.4
1085300 1560.8
1085310 1560.8
1085320 1559.0
1085330 1561.2
1085340 1561.2
1085350 1558.1
1085360 1555.2
1085370 1555.2
1085380 1552.4
1085390 1550.1
1085400 1550.1
1085410 1547.9
1085420 1545.3
1085430 1545.3
1085440 1544.1
1085450 1542.7
1085460 1542.7
1085470 1541.0
1085480 1540.4
1085490 1539.1
1085500 1539.1
1085510 1537.2
1085520 1534.9
1085530 1534.9
1085540 1532.4
1085550 1530.0
1085560 1530.0
1085570 1528.2
1085580 1526.5
1085590 1526.5
1085600 1525.2
1085610 1523.1
1085620 1523.1
1085630 1521.8
1085640 1520.6
1085650 1522.8
1085660 1521.9
1085670 1524.0
1085680 1524.0
1085690 1526.5
1085700 1529.0
1085710 1530.2
1085720 1530.2
1085730 1532.4
1085740 1536.3
1085750 1536.3
1085760 1540.6
1085770 1545.1
1085780 1545.1
1085790 1549.4
1085800 1553.6
1085810 1553.6
1085820 1558.2
1085830 1562.5
1085840 1562.5
1085850 1567.1
1085860 1572.1
1085870 1572.1
1085880 1577.1
1085890 1582.6
1085900 1582.6
1085910 1587.7
1085920 1593.1
1085930 1597.6
1085940 1597.6
1085950 1605.8
1085960 1618.3
1085970 1611.1
1085980 1620.1
1085990 1628.3
1086000 1628.3
1086010 1637.2
1086020 1646.0
1086030 1646.0
1086040 1653.2
1086050 1662.1
1086060 1662.1
1086070 1672.0
1086080 1679.9
1086090 1679.9
1086100 1687.4
1086110 1693.8
1086120 1693.8
1086130 1699.5
1086140 1709.8
1086150 1720.4
1086160 1720.4
1086170 1731.8
1086180 1743.9
1086190 1743.9
1086200 1750.0
1086210 1753.9
1086220 1753.9
1086230 1756.5
1086240 1772.8
1086250 1772.8
1086260 1790.9
1086270 1801.0
1086280 1801.0
1086290 1783.4
1086300 1786.8
1086310 1786.8
1086320 1791.6
1086330 1807.9
1086340 1807.9
1086350 1826.5
1086360 1851.1
1086370 1874.7
1086380 1874.7
1086390 1899.1
1086400 1912.7
1086410 1912.7
1086420 1923.6
1086430 1939.7
1086440 1939.7
1086450 1956.4
1086460 1967.7
1086470 1967.7
1086480 1982.0
1086490 1992.9
1086500 1992.9
1086510 2000.1
1086520 2016.3
1086530 2016.3
1086540 2033.7
1086550 2048.1
1086560 2048.1
1086570 2065.9
1086580 2084.1
1086590 2084.1
1086600 2099.0
1086610 2098.4
1086620 2106.5
1086630 2106.5
1086640 2117.2
1086650 2125.9
1086660 2125.9
1086670 2134.0
1086680 2146.6
1086690 2146.6
1086700 2157.3
1086710 2167.2
1086720 2167.2
1086730 2178.9
1086740 2183.7
1086750 2183.7
1086760 2179.0
1086770 2178.3
1086780 2178.3
1086790 2180.8
1086800 2184.4
1086810 2184.4
1086820 2189.6
1086830 2195.1
1086840 2200.6
1086850 2200.6
1086860 2206.7
1086870 2209.2
1086880 2209.2
1086890 2217.1
1086900 2223.0
1086910 2223.0
1086920 2229.5
1086930 2234.9
1086940 2234.9
1086950 2243.0
1086960 2249.6
1086970 2249.6
1086980 2257.9
1086990 2269.6
1087000 2269.6
1087010 2281.8
1087020 2289.5
1087030 2289.5
1087040 2292.2
1087050 2293.7
1087060 2296.8
1087070 2296.8
1087080 2296.2
1087090 2292.9
1087100 2292.9
1087110 2285.9
1087120 2279.9
1087130 2279.9
1087140 2289.4
1087150 2286.6
1087160 2286.6
1087170 2277.5
1087180 2276.1
1087190 2276.1
1087200 2273.4
1087210 2271.7
1087220 2271.7
1087230 2263.9
1087240 2260.1
1087250 2269.4
1087260 2266.0
1087270 2264.2
1087280 2260.8
1087290 2260.8
1087300 2259.0
1087310 2262.6
1087320 2262.6
1087330 2265.0
1087340 2266.1
1087350 2266.1
1087360 2269.5
1087370 2275.9
1087380 2275.9
1087390 2273.1
1087400 2268.0
1087410 2268.0
1087420 2264.1
1087430 2261.8
1087440 2261.8
1087450 2260.4
1087460 2262.7
1087470 2262.7
1087480 2265.2
1087490 2267.8
1087500 2269.0
1087510 2269.0
1087520 2268.5
1087530 2272.9
1087540 2272.9
1087550 2276.4
1087560 2280.5
1087570 2290.2
1087580 2297.3
1087590 2303.9
1087600 2303.9
1087610 2305.0
1087620 2301.8
1087630 2301.8
1087640 2294.6
1087650 2287.4
1087660 2287.4
1087670 2281.6
1087680 2277.3
1087690 2277.3
1087700 2269.7
1087710 2261.4
1087720 2261.4
1087730 2250.0
1087740 2240.7
1087750 2228.4
1087760 2228.4
1087770 2219.4
1087780 2210.8
1087790 2210.8
1087800 2206.4
1087810 2201.0
1087820 2201.0
1087830 2194.0
1087840 2187.2
1087850 2187.2
1087860 2180.3
1087870 2173.1
1087880 2173.1
1087890 2168.2
1087900 2164.6
1087910 2164.6
1087920 2162.5
1087930 2155.9
1087940 2155.9
1087950 2149.1
1087960 2141.5
1087970 2133.5
1087980 2133.5
1087990 2123.2
1088000 2097.6
1088010 2097.6
1088020 2083.6
1088030 2072.1
1088040 2072.1
1088050 2056.8
1088060 2048.0
1088070 2048.0
1088080 2041.9
1088090 2036.0
1088100 2036.0
1088110 2025.5
1088120 2016.6
1088130 2016.6
1088140 2011.5
1088150 2008.1
1088160 2008.1
1088170 2003.8
1088180 1999.4
1088190 1996.4
1088200 2001.5
1088210 1997.6
1088220 1991.0
1088230 1991.0
1088240 1988.8
1088250 1988.3
1088260 1988.3
1088270 1981.8
1088280 1973.1
1088290 1973.1
1088300 1964.4
1088310 1957.1
1088320 1957.1
1088330 1950.9
1088340 1945.4
1088350 1945.4
1088360 1940.7
1088370 1938.0
1088380 1938.0
1088390 1936.3
1088400 1935.2
1088410 1935.1
1088420 1935.1
1088430 1935.1
1088440 1936.3
1088450 1936.3
1088460 1937.6
1088470 1939.5
1088480 1939.5
1088490 1940.7
1088500 1941.5
1088510 1941.5
1088520 1943.7
1088530 1943.6
1088540 1943.6
1088550 1943.7
1088560 1939.6
1088570 1939.6
1088580 1938.4
1088590 1944.7
1088600 1944.7
1088610 1950.5
1088620 1948.7
1088630 1944.9
1088640 1944.9
1088650 1940.2
1088660 1931.9
1088670 1931.9
1088680 1928.1
1088690 1921.6
1088700 1921.6
1088710 1915.7
1088720 1912.6
1088730 1912.6
1088740 1910.7
1088750 1909.7
1088760 1909.7
1088770 1906.4
1088780 1902.3
1088790 1902.3
1088800 1898.7
1088810 1896.0
1088820 1896.0
1088830 1892.7
1088840 1888.0
1088850 1884.6
1088860 1880.1
1088870 1873.5
1088880 1868.5
1088890 1868.5
1088900 1864.0
1088910 1859.1
1088920 1859.1
1088930 1855.4
1088940 1850.6
1088950 1850.6
1088960 1847.1
1088970 1843.2
1088980 1843.2
1088990 1842.0
1089000 1841.9
1089010 1841.9
1089020 1839.7
1089030 1835.3
1089040 1835.3
1089050 1827.3
1089060 1817.9
1089070 1817.9
1089080 1809.9
1089090 1799.1
1089100 1790.1
1089110 1790.1
1089120 1784.3
1089130 1780.3
1089140 1780.3
1089150 1780.3
1089160 1782.1
1089170 1785.0
1089180 1782.6
1089190 1779.6
1089200 1779.6
1089210 1776.8
1089220 1774.4
1089230 1774.4
1089240 1770.2
1089250 1766.1
1089260 1766.1
1089270 1762.0
1089280 1757.3
1089290 1757.3
1089300 1752.9
1089310 1749.0
1089320 1745.4
1089330 1745.4
1089340 1742.2
1089350 1739.1
1089360 1739.1
1089370 1735.4
1089380 1731.1
1089390 1731.1
1089400 1725.5
1089410 1720.5
1089420 1720.5
1089430 1712.6
1089440 1711.1
1089450 1711.1
1089460 1709.5
1089470 1713.4
1089480 1713.4
1089490 1721.1
1089500 1721.5
1089510 1721.5
1089520 1722.2
1089530 1722.2
1089540 1721.4
1089550 1721.4
1089560 1721.0
1089570 1717.8
1089580 1717.8
1089590 1718.1
1089600 1717.1
1089610 1717.1
1089620 1713.6
1089630 1714.0
1089640 1714.0
1089650 1719.7
1089660 1723.5
1089670 1723.5
1089680 1724.8
1089690 1727.3
1089700 1727.3
1089710 1730.1
1089720 1735.0
1089730 1735.0
1089740 1739.3
1089750 1742.6
1089760 1742.6
1089770 1743.5
1089780 1745.2
1089790 1746.6
1089800 1746.6
1089810 1751.2
1089820 1751.9
1089830 1751.9
1089840 1752.0
1089850 1752.9
1089860 1752.9
1089870 1753.3
1089880 1753.2
1089890 1753.2
1089900 1752.8
1089910 1752.7
1089920 1752.7
1089930 1752.6
1089940 1752.3
1089950 1752.3
1089960 1748.1
1089970 1740.9
1089980 1740.9
1089990 1734.1
1090000 1726.9
1090010 1719.8
1090020 1719.8
1090030 1712.7
1090040 1705.2
1090050 1705.2
1090060 1697.8
1090070 1691.2
1090080 1691.2
1090090 1685.1
1090100 1678.7
1090110 1678.7
1090120 1672.4
1090130 1664.7
1090140 1664.7
1090150 1659.4
1090160 1654.2
1090170 1654.2
1090180 1648.8
1090190 1644.6
1090200 1644.6
1090210 1640.3
1090220 1636.7
1090230 1630.6
1090240 1630.6
1090250 1625.4
1090260 1620.5
1090270 1620.5
1090280 1617.0
1090290 1614.7
1090300 1614.7
1090310 1613.7
1090320 1613.4
1090330 1613.4
1090340 1609.1
1090350 1602.9
1090360 1602.9
1090370 1597.4
1090380 1593.0
1090390 1593.0
1090400 1588.1
1090410 1582.4
1090420 1582.4
1090430 1577.1
1090440 1571.8
1090450 1564.0
1090460 1564.0
1090470 1557.3
1090480 1552.1
1090490 1552.1
1090500 1547.0
1090510 1542.0
1090520 1542.0
1090530 1538.1
1090540 1534.3
1090550 1534.3
1090560 1529.3
1090570 1522.2
1090580 1522.2
1090590 1516.1
1090600 1511.5
1090610 1511.5
1090620 1507.9
1090630 1504.7
1090640 1504.7
1090650 1501.5
1090660 1499.5
1090670 1500.6
1090680 1500.6
1090690 1501.6
1090700 1504.4
1090710 1504.4
1090720 1510.8
1090730 1517.9
1090740 1517.9
1090750 1523.7
1090760 1528.3
1090770 1530.9
1090780 1535.2
1090790 1539.1
1090800 1539.1
1090810 1543.4
1090820 1549.0
1090830 1549.0
1090840 1554.3
1090850 1559.4
1090860 1559.4
1090870 1565.0
1090880 1570.6
1090890 1570.6
1090900 1576.3
1090910 1582.8
1090920 1589.3
1090930 1589.3
1090940 1596.3
1090950 1604.3
1090960 1604.3
1090970 1614.1
1090980 1625.1
1090990 1625.1
1091000 1639.6
1091010 1655.4
1091020 1655.4
1091030 1668.5
1091040 1680.6
1091050 1680.6
1091060 1689.1
1091070 1697.3
1091080 1697.3
1091090 1704.0
1091100 1716.5
1091110 1716.5
1091120 1723.3
1091130 1729.7
1091140 1736.4
1091150 1736.4
1091160 1742.6
1091170 1748.1
1091180 1748.1
1091190 1749.5
1091200 1751.7
1091210 1751.7
1091220 1751.2
1091230 1750.8
1091240 1750.8
1091250 1751.3
1091260 1751.7
1091270 1751.7
1091280 1751.0
1091290 1757.4
1091300 1757.4
1091310 1766.5
1091320 1768.8
1091330 1768.8
1091340 1772.7
1091350 1778.6
1091360 1783.5
1091370 1783.5
1091380 1786.2
1091390 1789.0
1091400 1789.0
1091410 1790.5
1091420 1801.4
1091430 1801.4
1091440 1802.4
1091450 1799.9
1091460 1799.9
1091470 1798.0
1091480 1800.8
1091490 1800.8
1091500 1807.2
1091510 1812.6
1091520 1812.6
1091530 1815.7
1091540 1818.9
1091550 1818.9
1091560 1822.0
1091570 1823.6
1091580 1827.5
1091590 1827.5
1091600 1831.7
1091610 1835.1
1091620 1835.1
1091630 1838.1
1091640 1840.7
1091650 1840.7
1091660 1843.6
1091670 1847.4
1091680 1847.4
1091690 1849.1
1091700 1848.3
1091710 1848.3
1091720 1849.0
1091730 1851.4
1091740 1856.0
1091750 1858.6
1091760 1861.8
1091770 1861.8
1091780 1864.7
1091790 1866.2
1091800 1867.5
1091810 1867.5
1091820 1869.3
1091830 1869.5
1091840 1869.5
1091850 1868.4
1091860 1866.5
1091870 1866.5
1091880 1866.5
1091890 1866.6
1091900 1866.6
1091910 1866.4
1091920 1868.5
1091930 1868.5
1091940 1869.6
1091950 1868.5
1091960 1868.5
1091970 1865.7
1091980 1862.4
1091990 1862.4
1092000 1858.6
1092010 1855.5
1092020 1855.5
1092030 1852.9
1092040 1850.1
1092050 1848.8
1092060 1850.5
1092070 1850.7
1092080 1850.1
1092090 1850.1
1092100 1850.4
1092110 1850.7
1092120 1850.7
1092130 1850.3
1092140 1849.9
1092150 1849.9
1092160 1850.5
1092170 1851.5
1092180 1851.5
1092190 1852.6
1092200 1852.2
1092210 1852.2
1092220 1852.7
1092230 1851.7
1092240 1851.7
1092250 1850.5
1092260 1850.6
1092270 1850.1
1092280 1850.1
1092290 1849.7
1092300 1849.5
1092310 1849.5
1092320 1849.8
1092330 1850.6
1092340 1850.6
1092350 1850.6
1092360 1850.5
1092370 1850.5
1092380 1850.7
1092390 1852.5
1092400 1852.5
1092410 1854.6
1092420 1855.6
1092430 1855.6
1092440 1856.5
1092450 1856.2
1092460 1856.2
1092470 1856.1
1092480 1855.9
1092490 1856.8
1092500 1856.8
1092510 1856.6
1092520 1856.5
1092530 1856.5
1092540 1856.5
1092550 1857.2
1092560 1857.2
1092570 1859.1
1092580 1860.7
1092590 1860.7
1092600 1862.8
1092610 1864.5
1092620 1864.5
1092630 1865.8
1092640 1865.2
1092650 1865.2
1092660 1863.9
1092670 1867.7
1092680 1867.7
1092690 1871.4
1092700 1874.0
1092710 1883.4
1092720 1883.4
1092730 1888.3
1092740 1896.8
1092750 1896.8
1092760 1908.6
1092770 1915.5
1092780 1915.5
1092790 1919.2
1092800 1923.8
1092810 1923.8
1092820 1926.2
1092830 1926.6
1092840 1926.6
1092850 1925.5
1092860 1920.3
1092870 1920.3
1092880 1914.7
1092890 1910.2
1092900 1910.2
1092910 1905.1
1092920 1900.0
1092930 1895.3
1092940 1895.3
1092950 1891.5
1092960 1888.3
1092970 1888.3
1092980 1885.3
1092990 1880.9
1093000 1880.9
1093010 1878.0
1093020 1876.2
1093030 1882.3
1093040 1877.1
1093050 1869.7
1093060 1869.7
1093070 1862.7
1093080 1859.2
1093090 1859.2
1093100 1857.6
1093110 1853.9
1093120 1853.9
1093130 1847.8
1093140 1843.8
1093150 1843.8
1093160 1840.8
1093170 1840.3
1093180 1839.8
1093190 1839.8
1093200 1836.5
1093210 1835.9
1093220 1835.9
1093230 1836.3
1093240 1836.5
1093250 1836.5
1093260 1836.8
1093270 1837.3
1093280 1837.3
1093290 1836.9
1093300 1837.9
1093310 1837.9
1093320 1838.0
1093330 1837.2
1093340 1837.2
1093350 1837.8
1093360 1838.8
1093370 1838.8
1093380 1837.9
1093390 1838.5
1093400 1838.9
1093410 1838.9
1093420 1839.5
1093430 1840.2
1093440 1840.2
1093450 1840.3
1093460 1839.9
1093470 1839.9
1093480 1839.0
1093490 1837.9
1093500 1837.9
1093510 1836.4
1093520 1833.7
1093530 1833.7
1093540 1832.7
1093550 1831.7
1093560 1831.7
1093570 1830.5
1093580 1829.2
1093590 1829.2
1093600 1825.2
1093610 1819.7
1093620 1814.4
1093630 1814.4
1093640 1810.1
1093650 1806.3
1093660 1806.3
1093670 1802.5
1093680 1799.0
1093690 1799.0
1093700 1795.9
1093710 1793.1
1093720 1793.1
1093730 1789.2
1093740 1785.3
1093750 1785.3
1093760 1780.8
1093770 1776.8
1093780 1776.8
1093790 1772.4
1093800 1767.7
1093810 1767.7
1093820 1762.9
1093830 1757.7
1093840 1751.9
1093850 1751.9
1093860 1745.8
1093870 1739.8
1093880 1739.8
1093890 1734.5
1093900 1731.3
1093910 1731.3
1093920 1727.7
1093930 1722.4
1093940 1722.4
1093950 1720.6
1093960 1720.2
1093970 1720.2
1093980 1719.7
1093990 1719.3
1094000 1719.3
1094010 1722.1
1094020 1722.1
1094030 1722.1
1094040 1721.4
1094050 1720.7
1094060 1720.7
1094070 1720.7
1094080 1719.8
1094090 1718.1
1094100 1718.1
1094110 1716.0
1094120 1712.9
1094130 1712.9
1094140 1707.9
1094150 1701.9
1094160 1701.9
1094170 1696.8
1094180 1691.9
1094190 1691.9
1094200 1688.1
1094210 1684.7
1094220 1684.7
1094230 1679.2
1094240 1674.5
1094250 1674.5
1094260 1670.2
1094270 1664.7
1094280 1664.7
1094290 1661.5
1094300 1661.2
1094310 1666.5
1094320 1666.5
1094330 1675.1
1094340 1681.2
1094350 1681.2
1094360 1685.7
1094370 1688.0
1094380 1688.0
1094390 1689.5
1094400 1691.9
1094410 1691.9
1094420 1694.2
1094430 1691.7
1094440 1691.7
1094450 1686.2
1094460 1684.0
1094470 1684.0
1094480 1680.6
1094490 1678.7
1094500 1678.7
1094510 1681.5
1094520 1688.0
1094530 1694.4
1094540 1694.4
1094550 1701.0
1094560 1709.6
1094570 1709.6
1094580 1716.3
1094590 1722.5
1094600 1722.5
1094610 1726.4
1094620 1730.9
1094630 1730.9
1094640 1733.1
1094650 1732.7
1094660 1739.3
1094670 1740.2
1094680 1743.5
1094690 1743.5
1094700 1746.8
1094710 1752.0
1094720 1752.0
1094730 1756.8
1094740 1761.7
1094750 1763.9
1094760 1763.9
1094770 1764.1
1094780 1766.2
1094790 1766.2
1094800 1771.8
1094810 1777.0
1094820 1777.0
1094830 1781.8
1094840 1783.6
1094850 1783.6
1094860 1784.4
1094870 1784.8
1094880 1784.8
1094890 1785.6
1094900 1787.5
1094910 1787.5
1094920 1790.3
1094930 1793.5
1094940 1793.5
1094950 1795.8
1094960 1797.6
1094970 1799.3
1094980 1800.8
1094990 1804.5
1095000 1808.0
1095010 1808.0
1095020 1809.9
1095030 1811.4
1095040 1811.4
1095050 1810.7
1095060 1809.0
1095070 1809.0
1095080 1808.3
1095090 1807.8
1095100 1807.8
1095110 1807.9
1095120 1807.0
1095130 1807.0
1095140 1805.4
1095150 1803.1
1095160 1803.1
1095170 1801.0
1095180 1799.4
1095190 1797.6
1095200 1797.6
1095210 1796.0
1095220 1794.8
1095230 1794.8
1095240 1794.5
1095250 1794.7
1095260 1794.7
1095270 1795.4
1095280 1796.1
1095290 1796.1
1095300 1796.8
1095310 1802.9
1095320 1802.9
1095330 1803.3
1095340 1803.6
1095350 1803.6
1095360 1804.8
1095370 1805.1
1095380 1805.1
1095390 1805.7
1095400 1805.7
1095410 1805.7
1095420 1807.2
1095430 1808.4
1095440 1809.3
1095450 1809.3
1095460 1809.7
1095470 1809.2
1095480 1809.2
1095490 1809.3
1095500 1809.4
1095510 1809.4
1095520 1808.4
1095530 1807.9
1095540 1807.9
1095550 1807.3
1095560 1806.9
1095570 1806.9
1095580 1806.6
1095590 1805.8
1095600 1805.8
1095610 1806.1
1095620 1808.0
1095630 1808.0
1095640 1816.1
1095650 1816.9
1095660 1818.5
1095670 1818.5
1095680 1819.0
1095690 1818.8
1095700 1818.8
1095710 1821.4
1095720 1827.5
1095730 1827.5
1095740 1831.0
1095750 1837.3
1095760 1837.3
1095770 1842.1
1095780 1843.1
1095790 1843.1
1095800 1844.5
1095810 1842.4
1095820 1842.4
1095830 1837.5
1095840 1831.9
1095850 1831.9
1095860 1826.6
1095870 1822.7
1095880 1819.3
1095890 1819.3
1095900 1814.2
1095910 1808.9
1095920 1808.9
1095930 1805.0
1095940 1799.7
1095950 1799.7
1095960 1797.4
1095970 1794.6
1095980 1794.6
1095990 1792.4
1096000 1788.1
1096010 1788.1
1096020 1780.4
1096030 1773.5
1096040 1773.5
1096050 1770.2
1096060 1768.4
1096070 1768.4
1096080 1768.1
1096090 1768.5
1096100 1769.0
1096110 1769.0
1096120 1768.5
1096130 1767.4
1096140 1767.4
1096150 1765.5
1096160 1763.1
1096170 1763.1
1096180 1760.6
1096190 1756.7
1096200 1756.7
1096210 1753.7
1096220 1748.7
1096230 1748.7
1096240 1739.3
1096250 1731.1
1096260 1731.1
1096270 1725.1
1096280 1723.2
1096290 1726.6
1096300 1724.4
1096310 1718.8
1096320 1716.3
1096330 1716.3
1096340 1714.4
1096350 1711.4
1096360 1711.4
1096370 1705.8
1096380 1703.8
1096390 1703.8
1096400 1697.8
1096410 1691.0
1096420 1691.0
1096430 1685.7
1096440 1682.6
1096450 1682.6
1096460 1680.7
1096470 1677.7
1096480 1677.7
1096490 1676.5
1096500 1677.3
1096510 1677.3
1096520 1677.1
1096530 1674.8
1096540 1674.8
1096550 1669.3
1096560 1664.4
1096570 1659.9
1096580 1659.9
1096590 1654.8
1096600 1650.7
1096610 1650.7
1096620 1654.0
1096630 1652.1
1096640 1652.1
1096650 1650.2
1096660 1647.7
1096670 1647.7
1096680 1644.7
1096690 1641.2
1096700 1641.2
1096710 1637.9
1096720 1634.5
1096730 1634.5
1096740 1630.7
1096750 1626.9
1096760 1626.9
1096770 1622.5
1096780 1618.6
1096790 1615.7
1096800 1615.7
1096810 1612.3
1096820 1610.1
1096830 1610.1
1096840 1607.6
1096850 1603.8
1096860 1603.8
1096870 1599.5
1096880 1595.3
1096890 1595.3
1096900 1591.4
1096910 1587.4
1096920 1587.4
1096930 1584.3
1096940 1583.3
1096950 1583.3
1096960 1579.9
1096970 1577.0
1096980 1577.0
1096990 1576.9
1097000 1575.5
1097010 1573.8
1097020 1573.8
1097030 1573.6
1097040 1572.9
1097050 1572.9
1097060 1570.5
1097070 1569.9
1097080 1569.9
1097090 1570.1
1097100 1570.2
1097110 1570.2
1097120 1569.9
1097130 1569.4
1097140 1569.4
1097150 1568.9
1097160 1566.9
1097170 1566.9
1097180 1564.7
1097190 1562.4
1097200 1562.4
1097210 1560.1
1097220 1557.3
1097230 1554.0
1097240 1554.0
1097250 1551.7
1097260 1549.2
1097270 1551.3
1097280 1548.2
1097290 1544.9
1097300 1544.9
1097310 1541.6
1097320 1538.8
1097330 1538.8
1097340 1536.6
1097350 1533.8
1097360 1533.8
1097370 1531.1
1097380 1528.9
1097390 1528.9
1097400 1526.3
1097410 1523.3
1097420 1523.3
1097430 1519.8
1097440 1516.2
1097450 1514.6
1097460 1514.6
1097470 1514.2
1097480 1513.8
1097490 1513.8
1097500 1512.5
1097510 1511.2
1097520 1511.2
1097530 1509.7
1097540 1507.9
1097550 1507.9
1097560 1506.1
1097570 1503.1
1097580 1503.1
1097590 1500.7
1097600 1498.2
1097610 1498.2
1097620 1495.4
1097630 1494.4
1097640 1494.4
1097650 1494.7
1097660 1493.7
1097670 1493.7
1097680 1489.9
1097690 1486.6
1097700 1484.3
1097710 1484.3
1097720 1481.6
1097730 1479.6
1097740 1479.6
1097750 1478.7
1097760 1477.7
1097770 1477.7
1097780 1475.4
1097790 1472.4
1097800 1472.4
1097810 1469.1
1097820 1466.1
1097830 1466.1
1097840 1462.2
1097850 1457.2
1097860 1457.2
1097870 1454.4
1097880 1451.2
1097890 1451.2
1097900 1447.6
1097910 1445.2
1097920 1444.1
1097930 1443.9
1097940 1439.5
1097950 1431.1
1097960 1431.1
1097970 1423.1
1097980 1415.0
1097990 1415.0
1098000 1406.4
1098010 1397.7
1098020 1397.7
1098030 1389.5
1098040 1380.4
1098050 1380.4
1098060 1371.0
1098070 1362.6
1098080 1362.6
1098090 1357.6
1098100 1352.6
1098110 1352.6
1098120 1348.0
1098130 1346.3
1098140 1344.9
1098150 1344.9
1098160 1343.9
1098170 1343.4
1098180 1343.4
1098190 1343.0
1098200 1342.3
1098210 1342.3
1098220 1340.3
1098230 1337.8
1098240 1337.8
1098250 1342.2
1098260 1340.9
1098270 1340.9
1098280 1340.0
1098290 1339.4
1098300 1339.4
1098310 1334.8
1098320 1326.3
1098330 1326.3
1098340 1318.8
1098350 1313.0
1098360 1307.4
1098370 1307.4
1098380 1303.1
1098390 1299.1
1098400 1299.1
1098410 1294.0
1098420 1289.5
1098430 1289.5
1098440 1287.1
1098450 1283.2
1098460 1283.2
1098470 1278.3
1098480 1273.6
1098490 1273.6
1098500 1268.1
1098510 1261.9
1098520 1261.9
1098530 1255.8
1098540 1251.0
1098550 1251.0
1098560 1247.6
1098570 1244.7
1098580 1248.7
1098590 1248.7
1098600 1243.0
1098610 1235.7
1098620 1235.7
1098630 1229.0
1098640 1222.4
1098650 1222.4
1098660 1215.2
1098670 1210.1
1098680 1210.1
1098690 1206.4
1098700 1201.5
1098710 1201.5
1098720 1196.2
1098730 1190.9
1098740 1190.9
1098750 1185.0
1098760 1179.4
1098770 1179.4
1098780 1174.4
1098790 1170.4
1098800 1170.4
1098810 1167.4
1098820 1163.9
1098830 1161.8
1098840 1161.8
1098850 1159.4
1098860 1156.0
1098870 1156.0
1098880 1154.3
1098890 1152.6
1098900 1152.6
1098910 1153.5
1098920 1151.7
1098930 1151.7
1098940 1147.7
1098950 1143.6
1098960 1143.6
1098970 1139.5
1098980 1134.8
1098990 1134.8
1099000 1130.3
1099010 1126.5
1099020 1126.5
1099030 1122.3
1099040 1118.3
1099050 1114.6
1099060 1114.6
1099070 1110.3
1099080 1105.8
1099090 1105.8
1099100 1100.9
1099110 1096.2
1099120 1096.2
1099130 1091.1
1099140 1085.3
1099150 1085.3
1099160 1079.1
1099170 1070.8
1099180 1070.8
1099190 1064.8
1099200 1062.9
1099210 1062.9
1099220 1061.1
1099230 1056.4
1099240 1056.1
1099250 1055.8
1099260 1056.3
1099270 1055.3
1099280 1055.3
1099290 1053.3
1099300 1051.2
1099310 1051.2
1099320 1049.6
1099330 1048.7
1099340 1048.7
1099350 1048.3
1099360 1048.2
1099370 1048.2
1099380 1048.3
1099390 1047.0
1099400 1047.0
1099410 1042.8
1099420 1036.6
1099430 1036.6
1099440 1034.1
1099450 1032.6
1099460 1032.6
1099470 1029.7
1099480 1022.1
1099490 1015.0
1099500 1015.0
1099510 1008.9
1099520 1001.3
1099530 1001.3
1099540 998.8
1099550 1000.4
1099560 1000.4
1099570 1006.6
1099580 1009.6
1099590 1009.6
1099600 1012.0
1099610 1014.4
1099620 1014.4
1099630 1015.3
1099640 1018.3
1099650 1018.3
1099660 1024.2
1099670 1031.5
1099680 1031.5
1099690 1037.3
1099700 1039.9
1099710 1039.2
1099720 1039.2
1099730 1042.2
1099740 1047.8
1099750 1047.8
1099760 1052.2
1099770 1054.8
1099780 1054.8
1099790 1057.1
1099800 1057.5
1099810 1057.5
1099820 1055.9
1099830 1055.8
1099840 1055.8
1099850 1057.3
1099860 1059.0
1099870 1059.0
1099880 1060.5
1099890 1061.2
1099900 1062.3
1099910 1061.9
1099920 1062.0
1099930 1062.3
1099940 1062.3
1099950 1062.5
1099960 1063.6
1099970 1063.6
1099980 1065.9
1099990 1067.0
