1080000 2111.5
1080010 2114.6
1080020 2117.3
1080030 2117.3
1080040 2120.1
1080050 2122.6
1080060 2122.6
1080070 2125.9
1080080 2131.2
1080090 2135.4
1080100 2141.5
1080110 2146.5
1080120 2146.5
1080130 2148.8
1080140 2146.9
1080150 2144.2
1080160 2144.2
1080170 2143.5
1080180 2143.3
1080190 2143.3
1080200 2142.9
1080210 2142.6
1080220 2142.6
1080230 2141.9
1080240 2139.9
1080250 2139.9
1080260 2140.8
1080270 2144.0
1080280 2144.0
1080290 2146.8
1080300 2162.4
1080310 2162.4
1080320 2215.0
1080330 2251.5
1080340 2251.5
1080350 2259.2
1080360 2267.6
1080370 2275.6
1080380 2275.6
1080390 2284.1
1080400 2293.3
1080410 2306.0
1080420 2327.5
1080430 2342.4
1080440 2342.4
1080450 2349.8
1080460 2353.3
1080470 2353.3
1080480 2359.9
1080490 2369.5
1080500 2369.5
1080510 2377.7
1080520 2384.6
1080530 2384.6
1080540 2390.6
1080550 2396.4
1080560 2396.4
1080570 2400.8
1080580 2402.8
1080590 2405.8
1080600 2405.8
1080610 2408.8
1080620 2406.7
1080630 2406.7
1080640 2402.1
1080650 2402.1
1080660 2402.1
1080670 2406.2
1080680 2407.1
1080690 2407.1
1080700 2402.5
1080710 2396.9
1080720 2398.7
1080730 2394.5
1080740 2388.6
1080750 2388.6
1080760 2380.7
1080770 2372.3
1080780 2372.3
1080790 2364.6
1080800 2358.8
1080810 2358.8
1080820 2354.0
1080830 2348.7
1080840 2343.7
1080850 2343.7
1080860 2338.9
1080870 2335.4
1080880 2335.4
1080890 2331.0
1080900 2324.8
1080910 2324.8
1080920 2318.1
1080930 2311.6
1080940 2311.6
1080950 2305.6
1080960 2300.5
1080970 2300.5
1080980 2292.4
1080990 2284.2
1081000 2284.2
1081010 2274.8
1081020 2265.2
1081030 2272.4
1081040 2263.4
1081050 2253.3
1081060 2243.7
1081070 2243.7
1081080 2237.1
1081090 2231.1
1081100 2231.1
1081110 2224.8
1081120 2218.6
1081130 2218.6
1081140 2209.6
1081150 2180.6
1081160 2180.6
1081170 2142.2
1081180 2128.2
1081190 2128.2
1081200 2112.7
1081210 2049.3
1081220 2049.3
1081230 2025.6
1081240 2015.9
1081250 2015.9
1081260 2008.3
1081270 2001.6
1081280 1994.3
1081290 1994.3
1081300 1987.0
1081310 1979.7
1081320 1979.7
1081330 1973.0
1081340 1966.4
1081350 1963.4
1081360 1956.8
1081370 1950.2
1081380 1950.2
1081390 1943.5
1081400 1935.8
1081410 1935.8
1081420 1929.3
1081430 1923.2
1081440 1923.2
1081450 1916.9
1081460 1910.9
1081470 1910.9
1081480 1904.9
1081490 1898.6
1081500 1893.2
1081510 1893.2
1081520 1887.6
1081530 1881.5
1081540 1881.5
1081550 1875.4
1081560 1869.6
1081570 1869.6
1081580 1863.7
1081590 1858.7
1081600 1858.7
1081610 1853.9
1081620 1848.5
1081630 1848.5
1081640 1843.1
1081650 1837.6
1081660 1837.2
1081670 1831.6
1081680 1826.1
1081690 1826.1
1081700 1820.7
1081710 1815.3
1081720 1815.3
1081730 1810.1
1081740 1805.0
1081750 1799.9
1081760 1799.9
1081770 1795.1
1081780 1790.0
1081790 1790.0
1081800 1785.3
1081810 1780.9
1081820 1780.9
1081830 1776.6
1081840 1772.4
1081850 1772.4
1081860 1768.2
1081870 1764.2
1081880 1764.2
1081890 1760.4
1081900 1756.7
1081910 1756.7
1081920 1753.5
1081930 1750.4
1081940 1750.4
1081950 1747.5
1081960 1744.8
1081970 1742.5
1081980 1742.9
1081990 1741.3
1082000 1738.8
1082010 1738.8
1082020 1736.8
1082030 1734.9
1082040 1734.9
1082050 1731.8
1082060 1726.3
1082070 1726.3
1082080 1718.8
1082090 1711.9
1082100 1711.9
1082110 1705.7
1082120 1700.7
1082130 1700.7
1082140 1696.1
1082150 1690.2
1082160 1690.2
1082170 1683.1
1082180 1675.9
1082190 1669.3
1082200 1669.3
1082210 1663.1
1082220 1658.3
1082230 1658.3
1082240 1652.1
1082250 1645.7
1082260 1645.7
1082270 1640.1
1082280 1632.8
1082290 1633.6
1082300 1609.8
1082310 1569.3
1082320 1569.3
1082330 1543.8
1082340 1524.0
1082350 1524.0
1082360 1508.3
1082370 1500.1
1082380 1500.1
1082390 1492.3
1082400 1485.0
1082410 1478.0
1082420 1478.0
1082430 1471.4
1082440 1467.2
1082450 1467.2
1082460 1465.4
1082470 1463.4
1082480 1463.4
1082490 1460.9
1082500 1459.1
1082510 1459.1
1082520 1458.6
1082530 1458.0
1082540 1458.0
1082550 1457.5
1082560 1455.3
1082570 1455.3
1082580 1455.5
1082590 1455.8
1082600 1455.8
1082610 1458.5
1082620 1457.6
1082630 1457.6
1082640 1456.9
1082650 1456.7
1082660 1455.9
1082670 1455.9
1082680 1453.6
1082690 1449.8
1082700 1449.8
1082710 1446.5
1082720 1443.2
1082730 1443.2
1082740 1439.5
1082750 1439.1
1082760 1439.1
1082770 1438.4
1082780 1435.9
1082790 1435.9
1082800 1436.1
1082810 1434.9
1082820 1434.9
1082830 1433.9
1082840 1431.9
1082850 1431.9
1082860 1429.8
1082870 1427.3
1082880 1426.8
1082890 1426.8
1082900 1427.5
1082910 1427.8
1082920 1427.8
1082930 1435.5
1082940 1441.9
1082950 1441.9
1082960 1445.9
1082970 1448.8
1082980 1448.8
1082990 1451.3
1083000 1453.0
1083010 1453.0
1083020 1456.1
1083030 1459.3
1083040 1459.3
1083050 1461.7
1083060 1463.2
1083070 1463.2
1083080 1464.4
1083090 1465.0
1083100 1465.8
1083110 1465.8
1083120 1466.9
1083130 1468.1
1083140 1468.1
1083150 1468.1
1083160 1468.8
1083170 1468.8
1083180 1469.9
1083190 1470.3
1083200 1470.3
1083210 1470.8
1083220 1470.7
1083230 1470.7
1083240 1476.5
1083250 1477.6
1083260 1477.6
1083270 1479.4
1083280 1480.8
1083290 1480.8
1083300 1481.8
1083310 1481.0
1083320 1481.5
1083330 1481.5
1083340 1483.0
1083350 1485.5
1083360 1485.5
1083370 1488.6
1083380 1492.0
1083390 1492.0
1083400 1495.8
1083410 1498.5
1083420 1498.5
1083430 1501.5
1083440 1504.8
1083450 1504.8
1083460 1508.1
1083470 1511.8
1083480 1511.8
1083490 1514.7
1083500 1516.3
1083510 1516.3
1083520 1517.2
1083530 1518.3
1083540 1518.3
1083550 1518.9
1083560 1527.9
1083570 1536.5
1083580 1536.5
1083590 1544.6
1083600 1544.1
1083610 1544.1
1083620 1538.5
1083630 1534.0
1083640 1534.0
1083650 1529.9
1083660 1526.1
1083670 1526.1
1083680 1520.5
1083690 1513.0
1083700 1513.0
1083710 1505.9
1083720 1500.4
1083730 1500.4
1083740 1494.7
1083750 1489.5
1083760 1489.5
1083770 1482.7
1083780 1474.9
1083790 1468.9
1083800 1468.9
1083810 1462.3
1083820 1454.8
1083830 1454.8
1083840 1448.3
1083850 1443.1
1083860 1443.1
1083870 1443.6
1083880 1439.6
1083890 1439.6
1083900 1436.0
1083910 1434.2
1083920 1434.2
1083930 1433.6
1083940 1435.0
1083950 1435.0
1083960 1435.5
1083970 1435.1
1083980 1435.1
1083990 1432.8
1084000 1429.8
1084010 1426.0
1084020 1426.0
1084030 1422.5
1084040 1420.8
1084050 1420.8
1084060 1419.1
1084070 1417.0
1084080 1417.0
1084090 1413.8
1084100 1410.1
1084110 1410.1
1084120 1408.9
1084130 1409.3
1084140 1409.3
1084150 1410.4
1084160 1411.5
1084170 1411.5
1084180 1411.8
1084190 1418.1
1084200 1418.1
1084210 1419.7
1084220 1420.8
1084230 1422.7
1084240 1422.7
1084250 1423.0
1084260 1422.5
1084270 1422.5
1084280 1423.6
1084290 1424.8
1084300 1424.8
1084310 1425.9
1084320 1426.8
1084330 1426.8
1084340 1426.3
1084350 1427.2
1084360 1427.2
1084370 1426.3
1084380 1426.4
1084390 1426.4
1084400 1426.1
1084410 1424.9
1084420 1424.9
1084430 1424.0
1084440 1423.1
1084450 1422.0
1084460 1422.0
1084470 1420.6
1084480 1418.9
1084490 1418.9
1084500 1417.7
1084510 1421.4
1084520 1421.4
1084530 1420.5
1084540 1419.6
1084550 1419.6
1084560 1418.8
1084570 1418.3
1084580 1418.3
1084590 1419.7
1084600 1421.8
1084610 1421.8
1084620 1424.0
1084630 1427.5
1084640 1427.5
1084650 1431.5
1084660 1434.4
1084670 1434.4
1084680 1437.7
1084690 1440.8
1084700 1443.1
1084710 1443.1
1084720 1444.5
1084730 1445.2
1084740 1445.2
1084750 1446.0
1084760 1447.6
1084770 1447.6
1084780 1450.3
1084790 1452.1
1084800 1452.1
1084810 1452.3
1084820 1451.2
1084830 1452.2
1084840 1451.5
1084850 1450.2
1084860 1450.2
1084870 1448.1
1084880 1446.5
1084890 1446.5
1084900 1447.5
1084910 1448.0
1084920 1449.6
1084930 1449.6
1084940 1450.1
1084950 1450.0
1084960 1450.0
1084970 1450.8
1084980 1452.5
1084990 1452.5
1085000 1453.9
1085010 1454.5
1085020 1454.5
1085030 1456.1
1085040 1457.8
1085050 1457.8
1085060 1459.2
1085070 1459.4
1085080 1459.4
1085090 1458.4
1085100 1457.3
1085110 1457.3
1085120 1458.8
1085130 1459.8
1085140 1464.2
1085150 1464.2
1085160 1462.3
1085170 1458.3
1085180 1458.3
1085190 1456.7
1085200 1456.3
1085210 1456.3
1085220 1456.8
1085230 1455.7
1085240 1455.7
1085250 1460.4
1085260 1466.5
1085270 1466.5
1085280 1470.3
1085290 1477.4
1085300 1477.4
1085310 1485.0
1085320 1489.1
1085330 1489.1
1085340 1496.2
1085350 1502.7
1085360 1506.6
1085370 1506.6
1085380 1510.3
1085390 1514.2
1085400 1514.2
1085410 1518.3
1085420 1522.9
1085430 1522.9
1085440 1528.1
1085450 1533.7
1085460 1528.0
1085470 1533.4
1085480 1539.1
1085490 1539.1
1085500 1546.4
1085510 1554.4
1085520 1554.4
1085530 1562.1
1085540 1571.5
1085550 1571.5
1085560 1577.8
1085570 1585.2
1085580 1585.2
1085590 1592.3
1085600 1600.6
1085610 1613.8
1085620 1613.8
1085630 1622.0
1085640 1629.2
1085650 1629.2
1085660 1640.4
1085670 1653.4
1085680 1653.4
1085690 1664.9
1085700 1678.2
1085710 1678.2
1085720 1690.8
1085730 1694.8
1085740 1694.8
1085750 1693.9
1085760 1691.9
1085770 1691.9
1085780 1692.4
1085790 1699.6
1085800 1699.6
1085810 1707.0
1085820 1716.1
1085830 1728.8
1085840 1728.8
1085850 1745.4
1085860 1757.3
1085870 1757.3
1085880 1757.9
1085890 1775.6
1085900 1775.6
1085910 1790.3
1085920 1796.8
1085930 1796.8
1085940 1805.2
1085950 1813.5
1085960 1813.5
1085970 1820.4
1085980 1828.3
1085990 1828.3
1086000 1836.0
1086010 1845.1
1086020 1845.1
1086030 1854.5
1086040 1865.7
1086050 1874.3
1086060 1874.3
1086070 1882.0
1086080 1893.6
1086090 1893.6
1086100 1898.8
1086110 1908.7
1086120 1908.7
1086130 1915.5
1086140 1921.5
1086150 1921.5
1086160 1925.7
1086170 1929.3
1086180 1929.3
1086190 1930.6
1086200 1932.4
1086210 1932.4
1086220 1935.6
1086230 1939.1
1086240 1939.1
1086250 1943.6
1086260 1947.6
1086270 1949.7
1086280 1949.7
1086290 1949.8
1086300 1950.9
1086310 1950.9
1086320 1952.3
1086330 1953.6
1086340 1953.6
1086350 1955.5
1086360 1958.0
1086370 1958.0
1086380 1961.3
1086390 1963.6
1086400 1963.6
1086410 1964.4
1086420 1960.9
1086430 1960.9
1086440 1964.0
1086450 1967.0
1086460 1967.0
1086470 1971.1
1086480 1975.6
1086490 1975.6
1086500 1980.1
1086510 1984.6
1086520 1988.6
1086530 1988.6
1086540 1991.5
1086550 1993.1
1086560 1993.1
1086570 1994.1
1086580 1995.9
1086590 1995.9
1086600 1999.4
1086610 2002.4
1086620 2002.4
1086630 2005.6
1086640 2008.5
1086650 2008.5
1086660 2011.3
1086670 2015.1
1086680 2015.1
1086690 2022.2
1086700 2027.8
1086710 2027.8
1086720 2032.3
1086730 2039.9
1086740 2043.6
1086750 2043.6
1086760 2047.3
1086770 2051.2
1086780 2051.2
1086790 2055.4
1086800 2058.8
1086810 2058.8
1086820 2061.2
1086830 2063.4
1086840 2063.4
1086850 2065.2
1086860 2066.1
1086870 2066.1
1086880 2066.8
1086890 2068.5
1086900 2068.5
1086910 2070.3
1086920 2071.1
1086930 2071.1
1086940 2070.8
1086950 2070.3
1086960 2067.6
1086970 2067.6
1086980 2067.1
1086990 2067.9
1087000 2067.9
1087010 2067.4
1087020 2066.9
1087030 2066.9
1087040 2068.2
1087050 2065.0
1087060 2065.0
1087070 2062.3
1087080 2059.5
1087090 2059.5
1087100 2058.8
1087110 2058.4
1087120 2058.4
1087130 2058.3
1087140 2058.2
1087150 2058.2
1087160 2059.5
1087170 2061.4
1087180 2063.4
1087190 2063.4
1087200 2064.7
1087210 2066.2
1087220 2066.2
1087230 2066.9
1087240 2067.1
1087250 2067.1
1087260 2067.3
1087270 2068.6
1087280 2068.6
1087290 2070.1
1087300 2070.6
1087310 2070.6
1087320 2071.9
1087330 2072.6
1087340 2072.6
1087350 2073.1
1087360 2072.9
1087370 2069.7
1087380 2070.4
1087390 2070.4
1087400 2070.4
1087410 2071.4
1087420 2071.7
1087430 2071.0
1087440 2071.0
1087450 2072.2
1087460 2072.4
1087470 2072.4
1087480 2073.3
1087490 2074.1
1087500 2074.1
1087510 2074.0
1087520 2073.5
1087530 2073.5
1087540 2071.7
1087550 2070.1
1087560 2070.1
1087570 2069.7
1087580 2068.6
1087590 2068.6
1087600 2066.7
1087610 2064.1
1087620 2064.1
1087630 2061.2
1087640 2057.1
1087650 2054.4
1087660 2054.4
1087670 2052.1
1087680 2048.8
1087690 2046.6
1087700 2044.3
1087710 2043.5
1087720 2043.5
1087730 2044.4
1087740 2044.8
1087750 2044.8
1087760 2044.6
1087770 2044.7
1087780 2044.7
1087790 2044.7
1087800 2045.3
1087810 2045.3
1087820 2045.2
1087830 2046.5
1087840 2046.5
1087850 2048.0
1087860 2049.3
1087870 2049.2
1087880 2049.2
1087890 2049.9
1087900 2050.9
1087910 2050.9
1087920 2051.0
1087930 2050.3
1087940 2050.3
1087950 2043.0
1087960 2035.0
1087970 2035.0
1087980 2027.2
1087990 2020.2
1088000 2020.2
1088010 2013.7
1088020 2008.5
1088030 2008.5
1088040 2000.3
1088050 1991.0
1088060 1991.0
1088070 1977.8
1088080 1967.5
1088090 1960.1
1088100 1960.1
1088110 1952.2
1088120 1941.8
1088130 1941.8
1088140 1934.5
1088150 1930.9
1088160 1930.9
1088170 1925.2
1088180 1919.5
1088190 1919.5
1088200 1914.5
1088210 1913.0
1088220 1913.0
1088230 1907.7
1088240 1900.2
1088250 1900.2
1088260 1894.2
1088270 1888.5
1088280 1888.5
1088290 1884.5
1088300 1879.0
1088310 1874.5
1088320 1874.5
1088330 1870.1
1088340 1866.6
1088350 1866.6
1088360 1857.9
1088370 1850.4
1088380 1850.4
1088390 1847.9
1088400 1845.7
1088410 1845.7
1088420 1842.7
1088430 1838.3
1088440 1838.3
1088450 1834.8
1088460 1831.5
1088470 1831.5
1088480 1827.6
1088490 1824.5
1088500 1824.5
1088510 1819.9
1088520 1814.3
1088530 1814.3
1088540 1811.0
1088550 1808.2
1088560 1804.7
1088570 1804.7
1088580 1802.0
1088590 1798.5
1088600 1798.5
1088610 1793.3
1088620 1786.4
1088630 1786.4
1088640 1779.2
1088650 1770.0
1088660 1770.0
1088670 1761.9
1088680 1754.0
1088690 1754.0
1088700 1745.3
1088710 1737.7
1088720 1737.7
1088730 1729.9
1088740 1723.1
1088750 1723.1
1088760 1715.1
1088770 1707.9
1088780 1701.1
1088790 1701.1
1088800 1695.3
1088810 1692.6
1088820 1692.6
1088830 1693.4
1088840 1707.3
1088850 1707.3
1088860 1727.4
1088870 1747.4
1088880 1747.4
1088890 1755.9
1088900 1751.5
1088910 1751.5
1088920 1740.6
1088930 1738.2
1088940 1738.2
1088950 1735.9
1088960 1729.8
1088970 1737.7
1088980 1733.1
1088990 1727.1
1089000 1719.9
1089010 1719.9
1089020 1711.7
1089030 1704.1
1089040 1704.1
1089050 1702.4
1089060 1697.7
1089070 1697.7
1089080 1692.9
1089090 1688.0
1089100 1688.0
1089110 1680.4
1089120 1672.3
1089130 1672.3
1089140 1667.4
1089150 1660.6
1089160 1660.6
1089170 1655.1
1089180 1648.9
1089190 1648.9
1089200 1643.9
1089210 1639.5
1089220 1634.6
1089230 1634.6
1089240 1629.6
1089250 1624.5
1089260 1624.5
1089270 1620.9
1089280 1621.8
1089290 1621.0
1089300 1619.0
1089310 1616.1
1089320 1616.1
1089330 1613.7
1089340 1612.4
1089350 1612.4
1089360 1611.6
1089370 1611.2
1089380 1611.2
1089390 1611.1
1089400 1610.9
1089410 1610.9
1089420 1610.8
1089430 1607.3
1089440 1607.3
1089450 1605.7
1089460 1604.8
1089470 1603.9
1089480 1603.9
1089490 1602.2
1089500 1600.4
1089510 1600.4
1089520 1599.2
1089530 1597.8
1089540 1597.8
1089550 1595.4
1089560 1592.9
1089570 1592.9
1089580 1591.4
1089590 1589.4
1089600 1589.4
1089610 1588.0
1089620 1586.5
1089630 1586.5
1089640 1584.5
1089650 1580.6
1089660 1580.6
1089670 1576.8
1089680 1575.0
1089690 1575.4
1089700 1575.4
1089710 1577.7
1089720 1581.5
1089730 1581.5
1089740 1581.5
1089750 1579.0
1089760 1579.0
1089770 1575.1
1089780 1571.5
1089790 1571.5
1089800 1571.3
1089810 1570.2
1089820 1570.2
1089830 1568.7
1089840 1570.3
1089850 1570.3
1089860 1572.4
1089870 1573.8
1089880 1573.8
1089890 1572.8
1089900 1572.7
1089910 1571.1
1089920 1571.1
1089930 1570.6
1089940 1573.1
1089950 1573.1
1089960 1573.0
1089970 1572.3
1089980 1572.3
1089990 1571.0
1090000 1570.2
1090010 1570.2
1090020 1569.6
1090030 1569.7
1090040 1569.7
1090050 1571.0
1090060 1572.4
1090070 1572.4
1090080 1573.8
1090090 1574.6
1090100 1574.6
1090110 1574.2
1090120 1573.8
1090130 1573.7
1090140 1573.7
1090150 1573.0
1090160 1572.7
1090170 1572.7
1090180 1571.7
1090190 1570.6
1090200 1570.6
1090210 1571.1
1090220 1572.8
1090230 1572.8
1090240 1573.3
1090250 1572.1
1090260 1578.8
1090270 1576.3
1090280 1575.7
1090290 1575.7
1090300 1573.3
1090310 1566.8
1090320 1566.8
1090330 1563.2
1090340 1566.2
1090350 1566.2
1090360 1567.7
1090370 1565.8
1090380 1563.4
1090390 1563.4
1090400 1560.9
1090410 1558.2
1090420 1558.2
1090430 1552.5
1090440 1546.1
1090450 1546.1
1090460 1541.1
1090470 1535.1
1090480 1535.1
1090490 1527.7
1090500 1520.9
1090510 1520.9
1090520 1514.3
1090530 1507.0
1090540 1507.0
1090550 1499.8
1090560 1493.9
1090570 1493.9
1090580 1492.5
1090590 1487.0
1090600 1481.8
1090610 1481.8
1090620 1478.4
1090630 1477.1
1090640 1477.1
1090650 1476.6
1090660 1476.3
1090670 1476.3
1090680 1476.3
1090690 1477.0
1090700 1477.0
1090710 1478.2
1090720 1478.9
1090730 1478.9
1090740 1479.7
1090750 1480.5
1090760 1480.5
1090770 1481.6
1090780 1482.8
1090790 1482.8
1090800 1483.9
1090810 1484.9
1090820 1485.9
1090830 1485.9
1090840 1487.0
1090850 1488.2
1090860 1488.2
1090870 1489.5
1090880 1490.5
1090890 1490.5
1090900 1493.0
1090910 1495.1
1090920 1495.1
1090930 1497.2
1090940 1500.1
1090950 1500.1
1090960 1503.2
1090970 1507.0
1090980 1507.0
1090990 1511.4
1091000 1515.5
1091010 1515.5
1091020 1519.6
1091030 1523.3
1091040 1526.9
1091050 1526.9
1091060 1530.5
1091070 1535.8
1091080 1535.8
1091090 1541.9
1091100 1547.6
1091110 1547.6
1091120 1554.4
1091130 1561.5
1091140 1561.5
1091150 1568.5
1091160 1575.3
1091170 1575.3
1091180 1582.5
1091190 1590.2
1091200 1590.2
1091210 1596.4
1091220 1606.8
1091230 1606.8
1091240 1613.5
1091250 1619.2
1091260 1624.4
1091270 1624.4
1091280 1630.2
1091290 1635.4
1091300 1635.4
1091310 1640.7
1091320 1644.6
1091330 1644.6
1091340 1646.6
1091350 1647.4
1091360 1647.4
1091370 1650.0
1091380 1655.6
1091390 1655.6
1091400 1660.9
1091410 1666.7
1091420 1666.7
1091430 1671.8
1091440 1676.2
1091450 1676.2
1091460 1678.7
1091470 1679.4
1091480 1679.4
1091490 1682.9
1091500 1687.0
1091510 1689.5
1091520 1689.5
1091530 1692.4
1091540 1696.0
1091550 1701.3
1091560 1705.0
1091570 1708.5
1091580 1708.5
1091590 1713.2
1091600 1717.5
1091610 1717.5
1091620 1721.3
1091630 1726.1
1091640 1726.1
1091650 1728.1
1091660 1727.2
1091670 1727.2
1091680 1726.9
1091690 1722.9
1091700 1722.9
1091710 1719.3
1091720 1720.6
1091730 1724.4
1091740 1724.4
1091750 1727.7
1091760 1731.6
1091770 1731.6
1091780 1734.8
1091790 1739.0
1091800 1739.0
1091810 1743.3
1091820 1745.2
1091830 1745.2
1091840 1749.7
1091850 1754.3
1091860 1754.3
1091870 1763.6
1091880 1769.2
1091890 1769.2
1091900 1772.7
1091910 1774.1
1091920 1774.1
1091930 1774.2
1091940 1773.7
1091950 1773.4
1091960 1773.4
1091970 1772.6
1091980 1772.1
1091990 1772.1
1092000 1771.7
1092010 1771.6
1092020 1771.6
1092030 1772.2
1092040 1772.7
1092050 1772.7
1092060 1772.0
1092070 1770.7
1092080 1770.7
1092090 1769.7
1092100 1769.3
1092110 1769.3
1092120 1769.4
1092130 1769.6
1092140 1769.6
1092150 1769.6
1092160 1769.5
1092170 1768.6
1092180 1768.6
1092190 1772.8
1092200 1772.5
1092210 1772.5
1092220 1771.1
1092230 1767.2
1092240 1767.2
1092250 1761.7
1092260 1756.9
1092270 1756.9
1092280 1755.9
1092290 1755.1
1092300 1755.1
1092310 1753.0
1092320 1750.4
1092330 1750.4
1092340 1746.7
1092350 1747.0
1092360 1747.0
1092370 1750.5
1092380 1752.9
1092390 1752.9
1092400 1754.9
1092410 1751.7
1092420 1745.6
1092430 1745.6
1092440 1743.2
1092450 1738.2
1092460 1738.2
1092470 1731.8
1092480 1728.3
1092490 1728.3
1092500 1730.3
1092510 1733.7
1092520 1738.9
1092530 1739.9
1092540 1734.7
1092550 1734.7
1092560 1726.9
1092570 1726.9
1092580 1726.9
1092590 1730.0
1092600 1735.5
1092610 1735.5
1092620 1742.9
1092630 1748.8
1092640 1752.7
1092650 1752.7
1092660 1758.2
1092670 1763.8
1092680 1763.8
1092690 1768.7
1092700 1772.4
1092710 1772.4
1092720 1774.4
1092730 1775.4
1092740 1775.4
1092750 1776.3
1092760 1777.5
1092770 1777.5
1092780 1778.8
1092790 1779.1
1092800 1779.1
1092810 1779.0
1092820 1779.2
1092830 1779.2
1092840 1787.3
1092850 1787.0
1092860 1786.7
1092870 1786.7
1092880 1786.1
1092890 1785.5
1092900 1785.5
1092910 1784.2
1092920 1781.7
1092930 1781.7
1092940 1779.5
1092950 1777.8
1092960 1777.8
1092970 1776.7
1092980 1775.3
1092990 1775.3
1093000 1774.0
1093010 1773.4
1093020 1773.4
1093030 1772.6
1093040 1770.8
1093050 1770.8
1093060 1769.2
1093070 1768.1
1093080 1767.0
1093090 1767.0
1093100 1765.8
1093110 1764.3
1093120 1764.3
1093130 1762.5
1093140 1760.7
1093150 1760.7
1093160 1763.3
1093170 1760.7
1093180 1760.7
1093190 1757.9
1093200 1755.7
1093210 1755.7
1093220 1750.7
1093230 1746.3
1093240 1746.3
1093250 1743.2
1093260 1739.4
1093270 1739.4
1093280 1734.6
1093290 1730.9
1093300 1724.7
1093310 1724.7
1093320 1724.1
1093330 1729.1
1093340 1729.1
1093350 1732.6
1093360 1738.3
1093370 1738.3
1093380 1742.1
1093390 1743.3
1093400 1743.3
1093410 1741.9
1093420 1740.0
1093430 1740.0
1093440 1743.2
1093450 1746.7
1093460 1746.7
1093470 1746.3
1093480 1744.6
1093490 1750.9
1093500 1750.7
1093510 1749.5
1093520 1749.5
1093530 1747.7
1093540 1746.2
1093550 1744.3
1093560 1744.3
1093570 1741.4
1093580 1739.3
1093590 1739.3
1093600 1738.1
1093610 1734.7
1093620 1734.7
1093630 1730.8
1093640 1726.2
1093650 1726.2
1093660 1723.2
1093670 1720.0
1093680 1720.0
1093690 1717.2
1093700 1714.9
1093710 1714.9
1093720 1712.2
1093730 1709.1
1093740 1709.1
1093750 1706.8
1093760 1705.2
1093770 1702.8
1093780 1702.8
1093790 1699.6
1093800 1693.8
1093810 1695.0
1093820 1690.9
1093830 1687.1
1093840 1687.1
1093850 1683.9
1093860 1679.6
1093870 1679.6
1093880 1675.0
1093890 1671.5
1093900 1671.5
1093910 1670.4
1093920 1669.8
1093930 1669.8
1093940 1666.4
1093950 1662.2
1093960 1662.2
1093970 1657.7
1093980 1652.8
1093990 1646.9
1094000 1646.9
1094010 1641.4
1094020 1636.2
1094030 1636.2
1094040 1632.6
1094050 1628.6
1094060 1628.6
1094070 1623.1
1094080 1617.2
1094090 1617.2
1094100 1611.3
1094110 1607.0
1094120 1607.0
1094130 1601.6
1094140 1596.5
1094150 1596.5
1094160 1588.9
1094170 1583.2
1094180 1583.2
1094190 1576.5
1094200 1569.0
1094210 1561.4
1094220 1561.4
1094230 1555.3
1094240 1550.2
1094250 1550.2
1094260 1544.1
1094270 1538.4
1094280 1538.4
1094290 1532.9
1094300 1528.2
1094310 1528.2
1094320 1523.9
1094330 1522.8
1094340 1522.8
1094350 1525.7
1094360 1529.4
1094370 1529.4
1094380 1531.7
1094390 1534.6
1094400 1534.6
1094410 1538.7
1094420 1542.2
1094430 1542.2
1094440 1545.5
1094450 1548.9
1094460 1558.0
1094470 1558.0
1094480 1561.3
1094490 1565.1
1094500 1565.1
1094510 1568.7
1094520 1571.2
1094530 1571.2
1094540 1573.9
1094550 1577.8
1094560 1577.8
1094570 1582.4
1094580 1587.2
1094590 1587.2
1094600 1588.7
1094610 1589.3
1094620 1589.3
1094630 1591.3
1094640 1594.3
1094650 1594.3
1094660 1596.7
1094670 1597.0
1094680 1595.5
1094690 1595.5
1094700 1595.9
1094710 1596.2
1094720 1596.2
1094730 1596.1
1094740 1597.0
1094750 1597.0
1094760 1598.4
1094770 1599.0
1094780 1599.0
1094790 1602.6
1094800 1603.3
1094810 1603.3
1094820 1604.2
1094830 1606.3
1094840 1606.3
1094850 1608.0
1094860 1608.5
1094870 1608.5
1094880 1608.0
1094890 1608.5
1094900 1610.0
1094910 1610.0
1094920 1610.6
1094930 1611.0
1094940 1611.0
1094950 1611.6
1094960 1611.9
1094970 1611.9
1094980 1611.8
1094990 1611.9
1095000 1611.9
1095010 1611.2
1095020 1610.0
1095030 1610.0
1095040 1609.1
1095050 1608.4
1095060 1608.4
1095070 1606.7
1095080 1605.3
1095090 1605.3
1095100 1604.4
1095110 1610.3
1095120 1611.9
1095130 1611.9
1095140 1613.9
1095150 1614.4
1095160 1614.4
1095170 1614.9
1095180 1615.6
1095190 1615.6
1095200 1615.9
1095210 1616.2
1095220 1616.2
1095230 1616.1
1095240 1615.3
1095250 1615.3
1095260 1613.8
1095270 1613.3
1095280 1613.3
1095290 1616.1
1095300 1620.3
1095310 1620.3
1095320 1624.8
1095330 1629.0
1095340 1633.1
1095350 1633.1
1095360 1636.4
1095370 1641.5
1095380 1641.5
1095390 1650.9
1095400 1659.4
1095410 1659.4
1095420 1662.6
1095430 1664.4
1095440 1669.1
1095450 1670.5
1095460 1672.0
1095470 1672.0
1095480 1672.4
1095490 1671.6
1095500 1671.6
1095510 1670.3
1095520 1669.4
1095530 1669.4
1095540 1668.0
1095550 1666.6
1095560 1666.6
1095570 1665.6
1095580 1665.2
1095590 1663.1
1095600 1663.1
1095610 1659.5
1095620 1657.0
1095630 1657.0
1095640 1655.2
1095650 1654.1
1095660 1654.1
1095670 1655.2
1095680 1655.5
1095690 1655.5
1095700 1656.6
1095710 1657.6
1095720 1657.6
1095730 1659.6
1095740 1661.7
1095750 1661.7
1095760 1663.0
1095770 1665.8
1095780 1665.8
1095790 1668.8
1095800 1673.2
1095810 1676.3
1095820 1676.3
1095830 1678.1
1095840 1679.5
1095850 1679.5
1095860 1684.2
1095870 1689.0
1095880 1689.0
1095890 1692.2
1095900 1693.6
1095910 1693.6
1095920 1695.4
1095930 1697.5
1095940 1697.5
1095950 1699.9
1095960 1702.0
1095970 1702.0
1095980 1703.3
1095990 1703.8
1096000 1703.8
1096010 1703.5
1096020 1702.7
1096030 1701.2
1096040 1701.2
1096050 1700.0
1096060 1698.3
1096070 1698.3
1096080 1696.1
1096090 1697.2
1096100 1697.2
1096110 1695.4
1096120 1694.5
1096130 1694.5
1096140 1692.7
1096150 1690.3
1096160 1690.3
1096170 1687.5
1096180 1685.3
1096190 1685.3
1096200 1682.5
1096210 1678.8
1096220 1678.8
1096230 1675.1
1096240 1670.8
1096250 1666.3
1096260 1666.3
1096270 1660.4
1096280 1654.2
1096290 1654.2
1096300 1649.5
1096310 1646.5
1096320 1646.5
1096330 1643.6
1096340 1640.6
1096350 1640.6
1096360 1637.6
1096370 1634.6
1096380 1634.6
1096390 1633.4
1096400 1633.3
1096410 1633.3
1096420 1633.0
1096430 1632.0
1096440 1632.0
1096450 1627.9
1096460 1624.9
1096470 1624.9
1096480 1624.2
1096490 1623.3
1096500 1620.7
1096510 1620.7
1096520 1617.1
1096530 1614.6
1096540 1614.6
1096550 1611.7
1096560 1607.9
1096570 1607.9
1096580 1602.5
1096590 1594.5
1096600 1594.5
1096610 1586.2
1096620 1578.7
1096630 1578.7
1096640 1571.6
1096650 1565.2
1096660 1565.2
1096670 1558.5
1096680 1552.2
1096690 1552.2
1096700 1546.3
1096710 1541.4
1096720 1535.6
1096730 1535.6
1096740 1527.2
1096750 1521.8
1096760 1521.8
1096770 1513.4
1096780 1505.9
1096790 1505.9
1096800 1497.6
1096810 1489.0
1096820 1489.0
1096830 1482.5
1096840 1478.1
1096850 1478.1
1096860 1473.9
1096870 1469.6
1096880 1469.6
1096890 1464.9
1096900 1458.4
1096910 1458.4
1096920 1450.6
1096930 1449.9
1096940 1452.6
1096950 1452.6
1096960 1453.9
1096970 1452.9
1096980 1452.9
1096990 1449.7
1097000 1447.0
1097010 1447.0
1097020 1446.6
1097030 1446.3
1097040 1446.3
1097050 1446.0
1097060 1444.7
1097070 1448.0
1097080 1445.0
1097090 1442.8
1097100 1442.8
1097110 1440.5
1097120 1437.8
1097130 1437.8
1097140 1435.3
1097150 1433.7
1097160 1432.1
1097170 1432.1
1097180 1430.0
1097190 1422.4
1097200 1422.4
1097210 1421.6
1097220 1424.3
1097230 1424.3
1097240 1424.1
1097250 1423.8
1097260 1423.8
1097270 1423.3
1097280 1422.4
1097290 1422.4
1097300 1420.0
1097310 1417.6
1097320 1417.6
1097330 1416.4
1097340 1414.3
1097350 1414.3
1097360 1410.9
1097370 1409.1
1097380 1405.7
1097390 1405.7
1097400 1408.8
1097410 1409.0
1097420 1409.0
1097430 1408.8
1097440 1407.8
1097450 1407.8
1097460 1405.6
1097470 1403.6
1097480 1403.6
1097490 1402.4
1097500 1399.3
1097510 1399.3
1097520 1397.4
1097530 1396.0
1097540 1396.0
1097550 1394.5
1097560 1392.6
1097570 1392.6
1097580 1392.4
1097590 1392.1
1097600 1392.1
1097610 1391.9
1097620 1389.8
1097630 1386.6
1097640 1386.6
1097650 1383.4
1097660 1381.5
1097670 1381.5
1097680 1378.9
1097690 1376.0
1097700 1376.0
1097710 1373.3
1097720 1370.7
1097730 1373.6
1097740 1369.2
1097750 1364.8
1097760 1364.8
1097770 1360.8
1097780 1356.4
1097790 1356.4
1097800 1351.8
1097810 1348.3
1097820 1348.3
1097830 1343.7
1097840 1339.1
1097850 1335.1
1097860 1335.1
1097870 1332.0
1097880 1329.8
1097890 1329.8
1097900 1327.0
1097910 1323.9
1097920 1323.9
1097930 1319.5
1097940 1314.7
1097950 1314.7
1097960 1311.0
1097970 1308.0
1097980 1308.0
1097990 1304.6
1098000 1300.4
1098010 1300.4
1098020 1296.8
1098030 1293.5
1098040 1293.5
1098050 1289.7
1098060 1290.3
1098070 1284.8
1098080 1284.8
1098090 1279.3
1098100 1273.8
1098110 1273.8
1098120 1268.4
1098130 1265.3
1098140 1265.3
1098150 1262.2
1098160 1257.8
1098170 1257.8
1098180 1253.7
1098190 1251.3
1098200 1251.3
1098210 1248.7
1098220 1246.2
1098230 1246.2
1098240 1243.2
1098250 1241.9
1098260 1241.9
1098270 1240.8
1098280 1238.7
1098290 1236.0
1098300 1236.0
1098310 1232.5
1098320 1229.1
1098330 1229.1
1098340 1225.3
1098350 1220.7
1098360 1220.7
1098370 1216.0
1098380 1213.0
1098390 1215.4
1098400 1212.5
1098410 1209.3
1098420 1209.3
1098430 1206.9
1098440 1203.2
1098450 1203.2
1098460 1199.0
1098470 1194.1
1098480 1194.1
1098490 1189.0
1098500 1183.5
1098510 1183.5
1098520 1178.3
1098530 1171.7
1098540 1163.0
1098550 1163.0
1098560 1156.1
1098570 1150.3
1098580 1150.3
1098590 1144.5
1098600 1140.6
1098610 1140.6
1098620 1136.6
1098630 1131.7
1098640 1131.7
1098650 1128.4
1098660 1125.6
1098670 1125.6
1098680 1123.5
1098690 1121.7
1098700 1121.7
1098710 1123.3
1098720 1120.9
1098730 1120.9
1098740 1117.7
1098750 1114.1
1098760 1110.4
1098770 1110.4
1098780 1108.3
1098790 1106.3
1098800 1106.3
1098810 1102.9
1098820 1097.5
1098830 1097.5
1098840 1093.0
1098850 1086.4
1098860 1086.4
1098870 1079.2
1098880 1071.9
1098890 1071.9
1098900 1065.0
1098910 1058.0
1098920 1058.0
1098930 1049.6
1098940 1041.5
1098950 1041.5
1098960 1032.9
1098970 1027.0
1098980 1023.1
1098990 1023.1
1099000 1021.1
1099010 1017.4
1099020 1017.4
1099030 1010.8
1099040 1006.7
1099050 1006.7
1099060 1001.6
1099070 995.7
1099080 995.7
1099090 995.0
1099100 996.1
1099110 996.1
1099120 997.3
1099130 998.8
1099140 998.8
1099150 1000.3
1099160 1001.7
1099170 1001.7
1099180 1003.1
1099190 1004.0
1099200 1004.6
1099210 1004.6
1099220 1004.7
1099230 1004.3
1099240 1004.3
1099250 1003.0
1099260 1002.8
1099270 1002.8
1099280 1002.8
1099290 1002.8
1099300 1002.8
1099310 1002.9
1099320 1003.0
1099330 1003.0
1099340 1003.2
1099350 1004.0
1099360 1004.0
1099370 1005.4
1099380 1005.8
1099390 1005.8
1099400 1006.3
1099410 1006.6
1099420 1006.4
1099430 1006.4
1099440 1006.3
1099450 1006.1
1099460 1006.1
1099470 1005.7
1099480 1005.4
1099490 1005.4
1099500 1004.7
1099510 1002.9
1099520 1002.9
1099530 1001.4
1099540 1000.9
1099550 1000.9
1099560 998.9
1099570 996.3
1099580 996.3
1099590 994.9
1099600 994.4
1099610 994.4
1099620 994.4
1099630 993.7
1099640 993.7
1099650 991.6
1099660 990.2
1099670 989.9
1099680 989.9
1099690 989.4
1099700 990.6
1099710 990.6
1099720 990.6
1099730 990.5
1099740 990.5
1099750 990.5
1099760 990.5
1099770 990.5
1099780 990.2
1099790 989.7
1099800 989.7
1099810 988.9
1099820 987.7
1099830 987.7
1099840 986.5
1099850 985.1
1099860 985.1
1099870 983.7
1099880 982.6
1099890 981.8
1099900 981.8
1099910 981.4
1099920 979.7
1099930 979.7
1099940 975.3
1099950 970.2
1099960 970.2
1099970 966.5
1099980 961.5
1099990 961.5
