1080000 1832.9
1080010 1833.3
1080020 1835.4
1080030 1838.3
1080040 1838.3
1080050 1840.8
1080060 1842.5
1080070 1842.5
1080080 1843.9
1080090 1845.1
1080100 1845.1
1080110 1847.4
1080120 1852.2
1080130 1852.2
1080140 1855.6
1080150 1861.4
1080160 1861.4
1080170 1860.1
1080180 1865.3
1080190 1865.3
1080200 1870.8
1080210 1877.4
1080220 1877.4
1080230 1889.4
1080240 1892.9
1080250 1901.6
1080260 1901.6
1080270 1908.8
1080280 1913.0
1080290 1913.0
1080300 1914.6
1080310 1919.4
1080320 1919.4
1080330 1925.6
1080340 1930.8
1080350 1930.8
1080360 1934.7
1080370 1936.8
1080380 1936.8
1080390 1940.7
1080400 1945.1
1080410 1945.1
1080420 1950.1
1080430 1955.0
1080440 1955.0
1080450 1959.5
1080460 1970.0
1080470 1970.0
1080480 1974.7
1080490 1979.0
1080500 1983.2
1080510 1983.2
1080520 1986.5
1080530 1988.9
1080540 1988.9
1080550 1987.5
1080560 1986.4
1080570 1986.4
1080580 1987.5
1080590 1995.7
1080600 1995.7
1080610 2014.5
1080620 2034.4
1080630 2034.4
1080640 2049.3
1080650 2078.7
1080660 2078.7
1080670 2101.5
1080680 2112.0
1080690 2112.0
1080700 2120.7
1080710 2127.2
1080720 2133.6
1080730 2133.6
1080740 2136.2
1080750 2144.0
1080760 2144.0
1080770 2151.1
1080780 2176.2
1080790 2176.2
1080800 2180.9
1080810 2189.9
1080820 2189.9
1080830 2195.9
1080840 2201.1
1080850 2201.1
1080860 2209.0
1080870 2229.7
1080880 2229.7
1080890 2242.5
1080900 2245.1
1080910 2245.1
1080920 2256.9
1080930 2270.0
1080940 2278.2
1080950 2278.2
1080960 2282.0
1080970 2280.6
1080980 2280.6
1080990 2280.5
1081000 2278.0
1081010 2278.0
1081020 2271.1
1081030 2261.7
1081040 2261.7
1081050 2252.9
1081060 2246.4
1081070 2246.4
1081080 2240.4
1081090 2231.1
1081100 2231.1
1081110 2225.8
1081120 2220.1
1081130 2220.1
1081140 2214.6
1081150 2208.9
1081160 2208.9
1081170 2202.9
1081180 2197.5
1081190 2191.6
1081200 2191.6
1081210 2188.0
1081220 2183.1
1081230 2183.1
1081240 2176.9
1081250 2170.1
1081260 2170.1
1081270 2164.6
1081280 2152.5
1081290 2152.5
1081300 2130.3
1081310 2119.1
1081320 2119.1
1081330 2105.6
1081340 2075.3
1081350 2075.3
1081360 2055.1
1081370 2028.2
1081380 2028.2
1081390 2022.0
1081400 2001.2
1081410 1962.1
1081420 1962.1
1081430 1957.3
1081440 1951.9
1081450 1951.9
1081460 1946.1
1081470 1941.1
1081480 1941.1
1081490 1937.2
1081500 1933.9
1081510 1933.9
1081520 1929.7
1081530 1924.5
1081540 1924.5
1081550 1919.3
1081560 1914.6
1081570 1914.6
1081580 1910.7
1081590 1906.4
1081600 1906.4
1081610 1901.7
1081620 1897.5
1081630 1894.0
1081640 1894.0
1081650 1889.9
1081660 1887.0
1081670 1887.0
1081680 1884.5
1081690 1881.1
1081700 1881.1
1081710 1876.0
1081720 1868.5
1081730 1868.5
1081740 1865.2
1081750 1862.2
1081760 1862.2
1081770 1857.1
1081780 1850.4
1081790 1850.4
1081800 1845.7
1081810 1843.5
1081820 1843.5
1081830 1840.0
1081840 1839.6
1081850 1839.5
1081860 1839.5
1081870 1839.3
1081880 1838.0
1081890 1838.0
1081900 1834.9
1081910 1829.6
1081920 1829.6
1081930 1821.7
1081940 1814.3
1081950 1814.3
1081960 1807.2
1081970 1800.9
1081980 1800.9
1081990 1794.5
1082000 1788.1
1082010 1788.1
1082020 1783.4
1082030 1779.7
1082040 1774.7
1082050 1769.1
1082060 1761.8
1082070 1761.8
1082080 1755.6
1082090 1749.4
1082100 1743.0
1082110 1743.0
1082120 1735.1
1082130 1727.8
1082140 1727.8
1082150 1720.8
1082160 1711.5
1082170 1711.5
1082180 1701.9
1082190 1680.2
1082200 1680.2
1082210 1663.2
1082220 1653.4
1082230 1653.4
1082240 1647.2
1082250 1641.5
1082260 1641.5
1082270 1636.6
1082280 1630.1
1082290 1630.1
1082300 1621.8
1082310 1611.0
1082320 1606.2
1082330 1606.2
1082340 1605.1
1082350 1597.7
1082360 1597.7
1082370 1595.0
1082380 1591.0
1082390 1591.0
1082400 1587.0
1082410 1583.1
1082420 1583.1
1082430 1579.0
1082440 1574.8
1082450 1574.8
1082460 1571.0
1082470 1567.9
1082480 1567.9
1082490 1565.5
1082500 1563.8
1082510 1563.8
1082520 1563.5
1082530 1562.7
1082540 1561.7
1082550 1561.7
1082560 1559.8
1082570 1557.2
1082580 1557.2
1082590 1554.3
1082600 1550.3
1082610 1550.3
1082620 1545.0
1082630 1538.7
1082640 1538.7
1082650 1532.5
1082660 1526.0
1082670 1522.4
1082680 1516.2
1082690 1509.4
1082700 1509.4
1082710 1501.0
1082720 1489.8
1082730 1489.8
1082740 1478.2
1082750 1468.9
1082760 1460.9
1082770 1460.9
1082780 1453.6
1082790 1446.4
1082800 1446.4
1082810 1439.6
1082820 1433.1
1082830 1433.1
1082840 1426.6
1082850 1420.5
1082860 1420.5
1082870 1415.3
1082880 1410.9
1082890 1410.9
1082900 1406.9
1082910 1403.0
1082920 1403.0
1082930 1398.1
1082940 1392.7
1082950 1392.7
1082960 1386.0
1082970 1379.0
1082980 1376.8
1082990 1369.7
1083000 1362.6
1083010 1356.2
1083020 1356.2
1083030 1350.4
1083040 1344.8
1083050 1344.8
1083060 1341.2
1083070 1339.4
1083080 1339.4
1083090 1337.9
1083100 1336.5
1083110 1336.5
1083120 1335.3
1083130 1333.8
1083140 1333.8
1083150 1332.0
1083160 1330.0
1083170 1330.0
1083180 1327.9
1083190 1326.2
1083200 1326.2
1083210 1324.5
1083220 1322.5
1083230 1320.7
1083240 1320.7
1083250 1319.2
1083260 1316.8
1083270 1316.8
1083280 1314.9
1083290 1313.1
1083300 1313.7
1083310 1311.2
1083320 1309.3
1083330 1309.3
1083340 1307.5
1083350 1305.5
1083360 1305.5
1083370 1303.0
1083380 1301.5
1083390 1301.5
1083400 1299.6
1083410 1297.6
1083420 1297.6
1083430 1295.5
1083440 1293.3
1083450 1290.6
1083460 1290.6
1083470 1288.2
1083480 1286.9
1083490 1286.9
1083500 1283.9
1083510 1281.7
1083520 1281.7
1083530 1282.2
1083540 1283.3
1083550 1283.3
1083560 1283.6
1083570 1284.4
1083580 1284.4
1083590 1284.4
1083600 1284.3
1083610 1284.3
1083620 1284.8
1083630 1285.1
1083640 1285.1
1083650 1289.2
1083660 1293.1
1083670 1293.1
1083680 1297.7
1083690 1301.1
1083700 1304.4
1083710 1304.4
1083720 1308.5
1083730 1313.3
1083740 1313.3
1083750 1318.1
1083760 1323.1
1083770 1323.1
1083780 1327.6
1083790 1331.2
1083800 1331.2
1083810 1333.0
1083820 1332.7
1083830 1332.7
1083840 1329.8
1083850 1326.9
1083860 1326.9
1083870 1327.2
1083880 1329.2
1083890 1329.2
1083900 1330.0
1083910 1329.2
1083920 1328.3
1083930 1330.4
1083940 1330.8
1083950 1331.5
1083960 1331.5
1083970 1331.9
1083980 1331.9
1083990 1331.9
1084000 1332.2
1084010 1332.6
1084020 1332.6
1084030 1333.7
1084040 1334.8
1084050 1334.8
1084060 1334.8
1084070 1332.9
1084080 1332.9
1084090 1328.9
1084100 1322.8
1084110 1322.8
1084120 1318.5
1084130 1316.3
1084140 1321.1
1084150 1321.1
1084160 1326.6
1084170 1333.6
1084180 1333.6
1084190 1350.8
1084200 1371.8
1084210 1371.8
1084220 1377.8
1084230 1384.2
1084240 1384.2
1084250 1387.2
1084260 1393.7
1084270 1393.7
1084280 1401.0
1084290 1407.1
1084300 1407.1
1084310 1410.7
1084320 1412.1
1084330 1412.1
1084340 1412.5
1084350 1412.3
1084360 1411.0
1084370 1411.0
1084380 1409.5
1084390 1410.9
1084400 1410.9
1084410 1410.7
1084420 1409.0
1084430 1409.0
1084440 1407.5
1084450 1406.3
1084460 1406.3
1084470 1407.0
1084480 1410.6
1084490 1410.6
1084500 1415.6
1084510 1421.9
1084520 1421.9
1084530 1428.7
1084540 1436.3
1084550 1436.3
1084560 1444.4
1084570 1451.5
1084580 1451.5
1084590 1458.0
1084600 1463.9
1084610 1470.3
1084620 1470.3
1084630 1476.7
1084640 1483.7
1084650 1483.7
1084660 1491.0
1084670 1497.9
1084680 1497.9
1084690 1504.5
1084700 1511.0
1084710 1511.0
1084720 1517.5
1084730 1523.9
1084740 1523.9
1084750 1530.3
1084760 1537.9
1084770 1537.9
1084780 1544.9
1084790 1550.5
1084800 1550.5
1084810 1555.4
1084820 1557.9
1084830 1559.4
1084840 1559.4
1084850 1560.4
1084860 1561.9
1084870 1561.9
1084880 1562.1
1084890 1564.9
1084900 1564.9
1084910 1568.6
1084920 1573.8
1084930 1573.8
1084940 1579.9
1084950 1585.9
1084960 1585.9
1084970 1591.1
1084980 1594.0
1084990 1594.0
1085000 1595.9
1085010 1599.3
1085020 1599.3
1085030 1602.8
1085040 1605.5
1085050 1607.9
1085060 1607.9
1085070 1610.5
1085080 1614.0
1085090 1614.0
1085100 1618.5
1085110 1623.5
1085120 1623.5
1085130 1628.3
1085140 1632.0
1085150 1632.0
1085160 1635.7
1085170 1637.8
1085180 1637.8
1085190 1642.0
1085200 1642.5
1085210 1642.5
1085220 1645.6
1085230 1648.0
1085240 1648.0
1085250 1651.2
1085260 1654.2
1085270 1657.0
1085280 1657.0
1085290 1660.5
1085300 1665.8
1085310 1665.8
1085320 1671.0
1085330 1675.6
1085340 1675.6
1085350 1679.8
1085360 1683.9
1085370 1683.9
1085380 1688.1
1085390 1692.6
1085400 1692.6
1085410 1698.2
1085420 1704.1
1085430 1704.1
1085440 1709.5
1085450 1714.7
1085460 1714.7
1085470 1719.5
1085480 1724.7
1085490 1724.7
1085500 1728.7
1085510 1731.0
1085520 1729.9
1085530 1729.9
1085540 1738.1
1085550 1743.4
1085560 1743.4
1085570 1744.8
1085580 1748.9
1085590 1748.9
1085600 1751.2
1085610 1751.8
1085620 1751.8
1085630 1758.7
1085640 1776.2
1085650 1776.2
1085660 1790.2
1085670 1800.7
1085680 1800.7
1085690 1811.9
1085700 1822.3
1085710 1822.3
1085720 1833.8
1085730 1841.5
1085740 1848.2
1085750 1848.2
1085760 1857.9
1085770 1866.5
1085780 1866.5
1085790 1873.6
1085800 1877.4
1085810 1877.4
1085820 1879.7
1085830 1890.7
1085840 1894.0
1085850 1900.6
1085860 1913.1
1085870 1913.1
1085880 1920.6
1085890 1927.5
1085900 1927.5
1085910 1939.4
1085920 1956.8
1085930 1956.8
1085940 1968.2
1085950 1981.0
1085960 1990.5
1085970 1990.5
1085980 1997.2
1085990 2004.3
1086000 2004.3
1086010 2012.2
1086020 2020.6
1086030 2020.6
1086040 2028.1
1086050 2036.3
1086060 2036.3
1086070 2058.2
1086080 2058.9
1086090 2058.9
1086100 2063.4
1086110 2078.7
1086120 2078.7
1086130 2100.4
1086140 2107.4
1086150 2107.4
1086160 2110.6
1086170 2116.1
1086180 2120.0
1086190 2120.0
1086200 2124.3
1086210 2131.6
1086220 2131.6
1086230 2138.4
1086240 2144.4
1086250 2144.4
1086260 2149.4
1086270 2163.8
1086280 2163.8
1086290 2186.4
1086300 2173.2
1086310 2173.2
1086320 2157.5
1086330 2157.7
1086340 2157.7
1086350 2159.2
1086360 2162.0
1086370 2162.0
1086380 2164.2
1086390 2166.4
1086400 2166.4
1086410 2169.6
1086420 2175.2
1086430 2182.7
1086440 2182.7
1086450 2190.1
1086460 2196.4
1086470 2196.4
1086480 2202.4
1086490 2212.5
1086500 2212.5
1086510 2217.2
1086520 2224.3
1086530 2224.3
1086540 2231.2
1086550 2239.0
1086560 2239.0
1086570 2247.2
1086580 2258.5
1086590 2258.5
1086600 2266.4
1086610 2272.0
1086620 2272.0
1086630 2274.3
1086640 2275.2
1086650 2275.5
1086660 2275.5
1086670 2275.3
1086680 2275.3
1086690 2275.3
1086700 2277.8
1086710 2281.3
1086720 2281.3
1086730 2285.1
1086740 2289.2
1086750 2289.2
1086760 2293.8
1086770 2285.7
1086780 2285.7
1086790 2273.7
1086800 2269.9
1086810 2269.9
1086820 2269.4
1086830 2269.3
1086840 2269.3
1086850 2267.4
1086860 2263.4
1086870 2258.1
1086880 2258.1
1086890 2254.4
1086900 2253.5
1086910 2253.5
1086920 2252.7
1086930 2249.9
1086940 2249.9
1086950 2248.0
1086960 2246.7
1086970 2246.7
1086980 2245.0
1086990 2245.9
1087000 2245.9
1087010 2248.4
1087020 2255.3
1087030 2255.3
1087040 2262.7
1087050 2268.7
1087060 2268.7
1087070 2273.2
1087080 2277.7
1087090 2281.1
1087100 2281.1
1087110 2277.6
1087120 2280.8
1087130 2280.8
1087140 2285.6
1087150 2290.5
1087160 2290.5
1087170 2295.8
1087180 2300.3
1087190 2300.3
1087200 2309.0
1087210 2320.2
1087220 2320.2
1087230 2330.2
1087240 2333.3
1087250 2333.3
1087260 2338.6
1087270 2338.4
1087280 2338.4
1087290 2330.8
1087300 2328.1
1087310 2328.1
1087320 2333.0
1087330 2334.7
1087340 2337.3
1087350 2337.3
1087360 2344.5
1087370 2331.5
1087380 2331.5
1087390 2334.0
1087400 2343.3
1087410 2343.3
1087420 2334.2
1087430 2318.6
1087440 2318.6
1087450 2315.0
1087460 2312.1
1087470 2312.1
1087480 2308.1
1087490 2310.6
1087500 2310.6
1087510 2311.4
1087520 2311.6
1087530 2311.6
1087540 2310.7
1087550 2313.9
1087560 2313.3
1087570 2313.3
1087580 2313.2
1087590 2311.1
1087600 2311.1
1087610 2290.1
1087620 2272.7
1087630 2272.7
1087640 2256.4
1087650 2240.2
1087660 2240.2
1087670 2220.8
1087680 2210.1
1087690 2210.1
1087700 2206.1
1087710 2193.6
1087720 2193.6
1087730 2184.3
1087740 2179.4
1087750 2183.8
1087760 2177.8
1087770 2170.2
1087780 2161.1
1087790 2161.1
1087800 2153.2
1087810 2151.3
1087820 2151.3
1087830 2152.0
1087840 2151.4
1087850 2151.4
1087860 2143.9
1087870 2132.0
1087880 2132.0
1087890 2119.8
1087900 2107.6
1087910 2107.6
1087920 2099.6
1087930 2089.4
1087940 2089.4
1087950 2077.9
1087960 2069.7
1087970 2069.7
1087980 2062.8
1087990 2056.3
1088000 2056.3
1088010 2049.0
1088020 2044.0
1088030 2039.0
1088040 2039.0
1088050 2033.2
1088060 2027.0
1088070 2032.5
1088080 2027.5
1088090 2022.5
1088100 2022.5
1088110 2016.0
1088120 2010.4
1088130 2010.4
1088140 2004.7
1088150 1998.4
1088160 1998.4
1088170 1991.8
1088180 1984.9
1088190 1984.9
1088200 1979.1
1088210 1973.9
1088220 1973.9
1088230 1968.8
1088240 1963.7
1088250 1958.5
1088260 1958.5
1088270 1954.0
1088280 1950.0
1088290 1950.0
1088300 1946.2
1088310 1943.1
1088320 1943.1
1088330 1940.4
1088340 1936.8
1088350 1936.8
1088360 1932.5
1088370 1928.5
1088380 1928.5
1088390 1923.0
1088400 1919.6
1088410 1919.6
1088420 1917.2
1088430 1914.7
1088440 1914.7
1088450 1911.8
1088460 1907.0
1088470 1902.8
1088480 1902.8
1088490 1899.9
1088500 1895.3
1088510 1895.3
1088520 1889.4
1088530 1885.6
1088540 1885.6
1088550 1883.5
1088560 1882.0
1088570 1882.0
1088580 1878.6
1088590 1872.4
1088600 1872.4
1088610 1864.5
1088620 1856.7
1088630 1856.7
1088640 1848.6
1088650 1840.7
1088660 1840.7
1088670 1833.1
1088680 1826.1
1088690 1819.0
1088700 1819.0
1088710 1810.7
1088720 1804.5
1088730 1804.5
1088740 1798.5
1088750 1793.1
1088760 1793.1
1088770 1787.8
1088780 1782.3
1088790 1782.3
1088800 1776.3
1088810 1771.8
1088820 1771.8
1088830 1768.0
1088840 1763.3
1088850 1763.3
1088860 1758.2
1088870 1754.5
1088880 1754.5
1088890 1755.8
1088900 1755.6
1088910 1755.6
1088920 1751.5
1088930 1746.7
1088940 1743.7
1088950 1743.7
1088960 1745.4
1088970 1746.4
1088980 1746.4
1088990 1747.2
1089000 1749.1
1089010 1749.1
1089020 1751.3
1089030 1750.2
1089040 1750.2
1089050 1749.0
1089060 1747.7
1089070 1747.7
1089080 1745.3
1089090 1743.3
1089100 1743.3
1089110 1741.2
1089120 1740.0
1089130 1740.0
1089140 1738.5
1089150 1737.6
1089160 1738.7
1089170 1738.7
1089180 1739.5
1089190 1737.5
1089200 1737.5
1089210 1736.0
1089220 1735.8
1089230 1735.8
1089240 1738.6
1089250 1739.5
1089260 1739.5
1089270 1736.1
1089280 1728.9
1089290 1728.9
1089300 1722.2
1089310 1715.4
1089320 1715.4
1089330 1709.5
1089340 1703.9
1089350 1697.9
1089360 1692.1
1089370 1682.5
1089380 1673.5
1089390 1673.5
1089400 1666.9
1089410 1663.9
1089420 1663.9
1089430 1663.4
1089440 1661.9
1089450 1661.9
1089460 1656.1
1089470 1651.4
1089480 1651.4
1089490 1649.1
1089500 1646.6
1089510 1646.6
1089520 1650.3
1089530 1659.0
1089540 1659.0
1089550 1666.7
1089560 1673.7
1089570 1673.7
1089580 1680.5
1089590 1687.3
1089600 1692.4
1089610 1692.4
1089620 1695.1
1089630 1695.8
1089640 1695.8
1089650 1694.4
1089660 1690.4
1089670 1686.8
1089680 1682.4
1089690 1677.7
1089700 1677.7
1089710 1672.5
1089720 1668.2
1089730 1668.2
1089740 1664.6
1089750 1661.8
1089760 1661.8
1089770 1658.5
1089780 1655.9
1089790 1655.9
1089800 1653.5
1089810 1653.2
1089820 1653.2
1089830 1651.8
1089840 1650.2
1089850 1649.8
1089860 1649.8
1089870 1651.2
1089880 1651.0
1089890 1651.0
1089900 1650.1
1089910 1648.7
1089920 1648.7
1089930 1642.7
1089940 1635.2
1089950 1635.2
1089960 1635.3
1089970 1636.5
1089980 1636.5
1089990 1637.2
1090000 1632.7
1090010 1632.7
1090020 1634.7
1090030 1635.5
1090040 1635.5
1090050 1635.6
1090060 1634.7
1090070 1632.7
1090080 1632.7
1090090 1629.2
1090100 1623.4
1090110 1623.4
1090120 1618.9
1090130 1614.8
1090140 1614.8
1090150 1609.4
1090160 1605.7
1090170 1605.7
1090180 1601.3
1090190 1599.0
1090200 1599.0
1090210 1598.2
1090220 1595.8
1090230 1595.8
1090240 1596.7
1090250 1598.7
1090260 1598.7
1090270 1599.3
1090280 1597.7
1090290 1595.7
1090300 1595.7
1090310 1595.2
1090320 1589.7
1090330 1589.7
1090340 1587.5
1090350 1585.8
1090360 1585.8
1090370 1585.9
1090380 1585.1
1090390 1585.1
1090400 1582.3
1090410 1577.7
1090420 1577.7
1090430 1573.3
1090440 1570.6
1090450 1570.6
1090460 1567.9
1090470 1563.2
1090480 1563.2
1090490 1558.6
1090500 1555.2
1090510 1553.3
1090520 1553.3
1090530 1552.9
1090540 1552.4
1090550 1552.4
1090560 1550.1
1090570 1547.2
1090580 1547.2
1090590 1542.3
1090600 1539.4
1090610 1539.4
1090620 1535.7
1090630 1531.9
1090640 1528.7
1090650 1525.2
1090660 1520.4
1090670 1520.4
1090680 1513.7
1090690 1507.6
1090700 1507.6
1090710 1502.3
1090720 1497.0
1090730 1497.0
1090740 1492.0
1090750 1488.1
1090760 1485.4
1090770 1485.4
1090780 1483.8
1090790 1482.0
1090800 1482.0
1090810 1480.3
1090820 1478.8
1090830 1478.8
1090840 1477.5
1090850 1476.0
1090860 1476.0
1090870 1474.4
1090880 1472.5
1090890 1472.5
1090900 1470.2
1090910 1469.3
1090920 1469.3
1090930 1468.5
1090940 1467.5
1090950 1467.5
1090960 1464.2
1090970 1463.5
1090980 1463.0
1090990 1463.0
1091000 1461.5
1091010 1459.6
1091020 1459.6
1091030 1458.4
1091040 1457.3
1091050 1457.3
1091060 1456.4
1091070 1455.5
1091080 1455.5
1091090 1454.3
1091100 1453.5
1091110 1453.5
1091120 1452.7
1091130 1451.8
1091140 1451.8
1091150 1451.0
1091160 1450.3
1091170 1450.3
1091180 1449.7
1091190 1446.7
1091200 1442.7
1091210 1442.7
1091220 1441.2
1091230 1439.8
1091240 1439.8
1091250 1438.9
1091260 1438.0
1091270 1438.0
1091280 1439.7
1091290 1439.1
1091300 1439.1
1091310 1439.2
1091320 1439.2
1091330 1439.2
1091340 1439.8
1091350 1440.4
1091360 1440.4
1091370 1442.7
1091380 1445.0
1091390 1445.0
1091400 1445.7
1091410 1446.1
1091420 1446.7
1091430 1446.7
1091440 1450.0
1091450 1451.5
1091460 1451.5
1091470 1450.2
1091480 1449.1
1091490 1449.1
1091500 1449.6
1091510 1446.8
1091520 1446.8
1091530 1445.3
1091540 1445.0
1091550 1445.0
1091560 1444.0
1091570 1446.6
1091580 1446.6
1091590 1449.8
1091600 1453.9
1091610 1460.0
1091620 1463.0
1091630 1464.9
1091640 1464.9
1091650 1467.9
1091660 1470.6
1091670 1472.6
1091680 1472.6
1091690 1475.1
1091700 1478.1
1091710 1478.1
1091720 1479.3
1091730 1480.3
1091740 1480.3
1091750 1481.6
1091760 1483.4
1091770 1483.4
1091780 1484.5
1091790 1486.4
1091800 1486.4
1091810 1487.2
1091820 1488.0
1091830 1488.0
1091840 1491.6
1091850 1494.5
1091860 1494.5
1091870 1496.5
1091880 1499.0
1091890 1502.4
1091900 1502.4
1091910 1504.6
1091920 1508.9
1091930 1516.6
1091940 1519.2
1091950 1520.8
1091960 1520.8
1091970 1521.4
1091980 1523.4
1091990 1523.4
1092000 1526.8
1092010 1526.8
1092020 1526.8
1092030 1524.9
1092040 1522.9
1092050 1522.9
1092060 1523.2
1092070 1520.9
1092080 1520.9
1092090 1526.1
1092100 1526.5
1092110 1525.4
1092120 1525.4
1092130 1524.2
1092140 1521.2
1092150 1521.2
1092160 1513.2
1092170 1506.2
1092180 1506.2
1092190 1499.6
1092200 1496.8
1092210 1496.8
1092220 1500.2
1092230 1504.3
1092240 1504.3
1092250 1518.0
1092260 1519.2
1092270 1519.2
1092280 1518.4
1092290 1516.2
1092300 1516.2
1092310 1514.3
1092320 1513.4
1092330 1513.0
1092340 1513.0
1092350 1512.1
1092360 1509.5
1092370 1509.5
1092380 1507.0
1092390 1506.6
1092400 1506.6
1092410 1508.1
1092420 1515.0
1092430 1515.0
1092440 1513.9
1092450 1508.9
1092460 1508.9
1092470 1505.3
1092480 1503.4
1092490 1503.4
1092500 1502.5
1092510 1500.1
1092520 1500.1
1092530 1497.6
1092540 1495.9
1092550 1495.9
1092560 1493.9
1092570 1491.7
1092580 1498.8
1092590 1498.8
1092600 1496.6
1092610 1493.7
1092620 1493.7
1092630 1490.9
1092640 1488.3
1092650 1488.3
1092660 1485.9
1092670 1483.5
1092680 1483.5
1092690 1479.9
1092700 1475.4
1092710 1475.4
1092720 1469.4
1092730 1462.3
1092740 1462.3
1092750 1453.3
1092760 1448.8
1092770 1448.8
1092780 1451.0
1092790 1450.6
1092800 1453.8
1092810 1453.8
1092820 1459.1
1092830 1463.9
1092840 1463.9
1092850 1471.5
1092860 1477.6
1092870 1477.6
1092880 1477.1
1092890 1480.0
1092900 1482.5
1092910 1486.3
1092920 1489.7
1092930 1489.7
1092940 1489.5
1092950 1491.4
1092960 1491.4
1092970 1492.7
1092980 1492.5
1092990 1492.5
1093000 1489.7
1093010 1486.6
1093020 1483.2
1093030 1483.2
1093040 1479.2
1093050 1476.8
1093060 1476.8
1093070 1474.6
1093080 1472.9
1093090 1472.9
1093100 1471.3
1093110 1470.6
1093120 1470.6
1093130 1470.3
1093140 1468.7
1093150 1468.7
1093160 1466.4
1093170 1464.2
1093180 1464.2
1093190 1461.3
1093200 1458.7
1093210 1458.7
1093220 1455.8
1093230 1455.1
1093240 1455.5
1093250 1455.5
1093260 1456.7
1093270 1454.1
1093280 1454.1
1093290 1444.7
1093300 1437.3
1093310 1437.3
1093320 1430.9
1093330 1427.8
1093340 1427.8
1093350 1425.6
1093360 1421.3
1093370 1421.3
1093380 1415.8
1093390 1409.1
1093400 1409.1
1093410 1404.4
1093420 1397.5
1093430 1397.5
1093440 1392.7
1093450 1394.9
1093460 1394.9
1093470 1400.8
1093480 1407.0
1093490 1418.4
1093500 1418.4
1093510 1423.7
1093520 1428.6
1093530 1428.6
1093540 1432.8
1093550 1445.1
1093560 1445.1
1093570 1448.7
1093580 1449.2
1093590 1449.2
1093600 1449.7
1093610 1453.2
1093620 1453.2
1093630 1455.3
1093640 1456.9
1093650 1456.9
1093660 1459.7
1093670 1464.0
1093680 1464.0
1093690 1468.3
1093700 1471.0
1093710 1469.9
1093720 1469.9
1093730 1467.4
1093740 1471.4
1093750 1471.4
1093760 1476.6
1093770 1478.5
1093780 1478.5
1093790 1478.1
1093800 1476.7
1093810 1476.7
1093820 1475.2
1093830 1473.2
1093840 1473.2
1093850 1471.2
1093860 1469.7
1093870 1477.2
1093880 1475.6
1093890 1474.0
1093900 1474.0
1093910 1472.5
1093920 1471.0
1093930 1469.6
1093940 1469.6
1093950 1467.2
1093960 1465.1
1093970 1465.1
1093980 1462.1
1093990 1458.7
1094000 1458.7
1094010 1455.9
1094020 1454.1
1094030 1454.1
1094040 1451.7
1094050 1448.1
1094060 1448.1
1094070 1444.2
1094080 1440.8
1094090 1440.8
1094100 1436.7
1094110 1435.3
1094120 1435.3
1094130 1430.1
1094140 1422.9
1094150 1417.3
1094160 1417.3
1094170 1411.6
1094180 1407.2
1094190 1407.2
1094200 1418.6
1094210 1421.5
1094220 1421.5
1094230 1420.3
1094240 1421.9
1094250 1421.9
1094260 1422.0
1094270 1413.3
1094280 1413.3
1094290 1405.9
1094300 1398.9
1094310 1398.9
1094320 1394.6
1094330 1387.7
1094340 1387.7
1094350 1380.3
1094360 1378.4
1094370 1378.4
1094380 1380.7
1094390 1383.4
1094400 1384.1
1094410 1384.1
1094420 1386.1
1094430 1389.6
1094440 1389.6
1094450 1390.0
1094460 1383.7
1094470 1383.7
1094480 1374.8
1094490 1362.6
1094500 1362.6
1094510 1354.5
1094520 1367.4
1094530 1367.4
1094540 1374.8
1094550 1379.4
1094560 1379.4
1094570 1379.2
1094580 1378.9
1094590 1378.9
1094600 1380.2
1094610 1379.8
1094620 1376.7
1094630 1376.7
1094640 1373.0
1094650 1364.8
1094660 1364.8
1094670 1360.9
1094680 1360.8
1094690 1360.8
1094700 1358.9
1094710 1357.3
1094720 1357.3
1094730 1360.9
1094740 1365.1
1094750 1365.1
1094760 1369.9
1094770 1374.7
1094780 1374.7
1094790 1379.8
1094800 1383.4
1094810 1383.4
1094820 1384.7
1094830 1386.0
1094840 1386.7
1094850 1393.6
1094860 1393.4
1094870 1392.7
1094880 1392.7
1094890 1392.3
1094900 1391.8
1094910 1391.8
1094920 1390.5
1094930 1388.6
1094940 1388.6
1094950 1386.5
1094960 1383.1
1094970 1383.1
1094980 1378.2
1094990 1373.6
1095000 1373.6
1095010 1371.9
1095020 1372.0
1095030 1372.0
1095040 1373.7
1095050 1373.8
1095060 1372.9
1095070 1372.9
1095080 1372.0
1095090 1370.9
1095100 1370.9
1095110 1369.6
1095120 1365.9
1095130 1365.9
1095140 1361.6
1095150 1359.6
1095160 1359.6
1095170 1367.8
1095180 1368.8
1095190 1368.8
1095200 1368.3
1095210 1366.8
1095220 1366.8
1095230 1366.2
1095240 1365.3
1095250 1365.3
1095260 1365.7
1095270 1367.2
1095280 1367.2
1095290 1368.9
1095300 1368.7
1095310 1369.2
1095320 1369.2
1095330 1370.6
1095340 1372.9
1095350 1372.9
1095360 1375.3
1095370 1377.8
1095380 1377.8
1095390 1380.2
1095400 1381.9
1095410 1381.9
1095420 1382.5
1095430 1382.3
1095440 1382.3
1095450 1382.4
1095460 1382.7
1095470 1382.7
1095480 1380.9
1095490 1378.3
1095500 1384.3
1095510 1384.0
1095520 1382.8
1095530 1379.3
1095540 1379.3
1095550 1377.7
1095560 1379.2
1095570 1379.2
1095580 1380.5
1095590 1383.9
1095600 1383.9
1095610 1387.4
1095620 1389.2
1095630 1389.2
1095640 1391.4
1095650 1394.7
1095660 1394.7
1095670 1396.8
1095680 1398.1
1095690 1398.1
1095700 1399.6
1095710 1400.3
1095720 1400.3
1095730 1400.6
1095740 1400.5
1095750 1400.3
1095760 1400.3
1095770 1400.3
1095780 1401.0
1095790 1401.0
1095800 1401.6
1095810 1403.2
1095820 1403.2
1095830 1410.3
1095840 1410.8
1095850 1410.8
1095860 1412.9
1095870 1414.6
1095880 1414.6
1095890 1418.0
1095900 1423.3
1095910 1423.3
1095920 1429.6
1095930 1434.2
1095940 1434.2
1095950 1436.3
1095960 1437.3
1095970 1438.0
1095980 1438.0
1095990 1437.8
1096000 1435.7
1096010 1435.7
1096020 1436.2
1096030 1436.7
1096040 1436.7
1096050 1437.5
1096060 1439.3
1096070 1439.3
1096080 1439.6
1096090 1438.3
1096100 1438.3
1096110 1439.2
1096120 1440.2
1096130 1440.2
1096140 1439.1
1096150 1447.1
1096160 1447.1
1096170 1446.0
1096180 1443.2
1096190 1443.2
1096200 1441.2
1096210 1441.5
1096220 1443.4
1096230 1443.4
1096240 1444.2
1096250 1444.0
1096260 1444.0
1096270 1442.8
1096280 1440.7
1096290 1440.7
1096300 1439.7
1096310 1438.4
1096320 1438.4
1096330 1438.0
1096340 1440.4
1096350 1440.4
1096360 1441.3
1096370 1440.7
1096380 1440.7
1096390 1438.5
1096400 1435.1
1096410 1435.1
1096420 1433.6
1096430 1435.3
1096440 1440.8
1096450 1440.8
1096460 1448.0
1096470 1453.6
1096480 1460.1
1096490 1464.2
1096500 1465.4
1096510 1465.4
1096520 1462.6
1096530 1458.2
1096540 1458.2
1096550 1455.1
1096560 1456.0
1096570 1456.0
1096580 1453.2
1096590 1448.6
1096600 1448.6
1096610 1444.8
1096620 1441.2
1096630 1441.2
1096640 1437.8
1096650 1433.1
1096660 1428.4
1096670 1428.4
1096680 1425.0
1096690 1421.7
1096700 1421.7
1096710 1418.1
1096720 1414.6
1096730 1414.6
1096740 1411.5
1096750 1407.9
1096760 1407.9
1096770 1403.4
1096780 1398.6
1096790 1398.6
1096800 1393.6
1096810 1391.8
1096820 1391.8
1096830 1387.4
1096840 1382.8
1096850 1382.8
1096860 1376.9
1096870 1371.1
1096880 1365.5
1096890 1365.5
1096900 1360.8
1096910 1357.5
1096920 1357.5
1096930 1353.3
1096940 1349.3
1096950 1349.3
1096960 1346.0
1096970 1342.8
1096980 1342.8
1096990 1339.6
1097000 1336.1
1097010 1336.1
1097020 1331.9
1097030 1327.1
1097040 1327.1
1097050 1322.0
1097060 1317.8
1097070 1317.8
1097080 1313.7
1097090 1310.8
1097100 1310.8
1097110 1306.7
1097120 1300.7
1097130 1291.8
1097140 1293.4
1097150 1286.9
1097160 1281.3
1097170 1281.3
1097180 1273.9
1097190 1268.2
1097200 1268.2
1097210 1264.8
1097220 1261.8
1097230 1261.8
1097240 1258.8
1097250 1261.7
1097260 1261.7
1097270 1261.1
1097280 1264.7
1097290 1264.7
1097300 1264.3
1097310 1263.6
1097320 1263.6
1097330 1264.6
1097340 1263.4
1097350 1259.0
1097360 1259.0
1097370 1255.9
1097380 1253.2
1097390 1253.2
1097400 1249.8
1097410 1245.6
1097420 1245.6
1097430 1240.9
1097440 1235.6
1097450 1235.6
1097460 1228.8
1097470 1221.9
1097480 1221.9
1097490 1215.4
1097500 1209.2
1097510 1209.2
1097520 1199.8
1097530 1192.2
1097540 1192.2
1097550 1184.5
1097560 1176.3
1097570 1166.9
1097580 1166.9
1097590 1154.8
1097600 1144.9
1097610 1144.9
1097620 1133.6
1097630 1134.1
1097640 1134.1
1097650 1138.6
1097660 1144.5
1097670 1144.5
1097680 1145.5
1097690 1149.2
1097700 1149.2
1097710 1153.3
1097720 1159.5
1097730 1159.5
1097740 1167.2
1097750 1171.0
1097760 1171.0
1097770 1172.9
1097780 1171.9
1097790 1175.2
1097800 1175.2
1097810 1172.1
1097820 1171.0
1097830 1171.0
1097840 1168.8
1097850 1165.9
1097860 1165.9
1097870 1162.2
1097880 1158.0
1097890 1158.0
1097900 1152.7
1097910 1147.2
1097920 1147.2
1097930 1143.1
1097940 1140.1
1097950 1140.1
1097960 1136.4
1097970 1135.5
1097980 1135.5
1097990 1135.5
1098000 1131.5
1098010 1131.5
1098020 1128.6
1098030 1125.7
1098040 1123.6
1098050 1123.6
1098060 1120.6
1098070 1120.1
1098080 1120.1
1098090 1119.7
1098100 1114.3
1098110 1114.3
1098120 1119.7
1098130 1114.7
1098140 1114.7
1098150 1109.0
1098160 1102.9
1098170 1102.9
1098180 1095.5
1098190 1089.4
1098200 1089.4
1098210 1080.9
1098220 1071.1
1098230 1071.1
1098240 1061.3
1098250 1054.9
1098260 1050.6
1098270 1050.6
1098280 1046.5
1098290 1042.8
1098300 1042.8
1098310 1038.6
1098320 1033.2
1098330 1033.2
1098340 1028.0
1098350 1023.3
1098360 1023.3
1098370 1018.5
1098380 1013.8
1098390 1013.8
1098400 1009.6
1098410 1006.4
1098420 1006.4
1098430 1002.5
1098440 998.6
1098450 1003.3
1098460 999.9
1098470 995.0
1098480 990.6
1098490 990.6
1098500 985.2
1098510 981.4
1098520 981.4
1098530 978.0
1098540 974.6
1098550 974.6
1098560 972.6
1098570 971.4
1098580 971.4
1098590 969.9
1098600 969.2
1098610 969.2
1098620 969.4
1098630 966.4
1098640 966.4
1098650 963.7
1098660 963.1
1098670 963.1
1098680 963.2
1098690 959.7
1098700 957.0
1098710 957.0
1098720 956.1
1098730 954.1
1098740 954.1
1098750 953.0
1098760 952.1
1098770 952.1
1098780 954.6
1098790 953.5
1098800 953.5
1098810 956.2
1098820 961.2
1098830 961.2
1098840 964.6
1098850 967.5
1098860 967.5
1098870 971.1
1098880 973.3
1098890 973.3
1098900 974.4
1098910 977.7
1098920 977.7
1098930 979.6
1098940 981.9
1098950 982.8
1098960 982.8
1098970 983.5
1098980 984.7
1098990 984.7
1099000 989.1
1099010 993.2
1099020 993.2
1099030 992.9
1099040 989.1
1099050 989.1
1099060 985.5
1099070 980.6
1099080 980.6
1099090 976.0
1099100 973.7
1099110 973.7
1099120 974.2
1099130 974.6
1099140 974.6
1099150 974.6
1099160 974.5
1099170 974.4
1099180 974.4
1099190 974.4
1099200 974.4
1099210 974.4
1099220 974.4
1099230 974.4
1099240 974.4
1099250 974.3
1099260 974.3
1099270 974.3
1099280 974.3
1099290 974.3
1099300 974.3
1099310 974.3
1099320 974.3
1099330 974.3
1099340 974.3
1099350 974.2
1099360 974.2
1099370 974.2
1099380 974.2
1099390 974.2
1099400 974.2
1099410 973.9
1099420 974.4
1099430 979.6
1099440 982.6
1099450 985.9
1099460 985.9
1099470 987.5
1099480 988.5
1099490 988.5
1099500 989.5
1099510 991.2
1099520 991.2
1099530 993.0
1099540 994.4
1099550 994.4
1099560 998.4
1099570 1003.1
1099580 1003.1
1099590 1007.4
1099600 1010.5
1099610 1011.4
1099620 1011.4
1099630 1010.7
1099640 1010.1
1099650 1010.1
1099660 1010.4
1099670 1010.5
1099680 1010.5
1099690 1009.7
1099700 1009.2
1099710 1009.2
1099720 1009.6
1099730 1011.2
1099740 1011.2
1099750 1011.2
1099760 1005.9
1099770 1005.9
1099780 1005.4
1099790 1004.3
1099800 1004.3
1099810 1002.6
1099820 1000.2
1099830 1000.2
1099840 997.6
1099850 995.3
1099860 994.3
1099870 994.3
1099880 993.7
1099890 993.5
1099900 993.5
1099910 992.6
1099920 991.3
1099930 991.3
1099940 990.5
1099950 989.9
1099960 989.9
1099970 989.3
1099980 988.4
1099990 988.4
