1080000 1973.7
1080010 1973.9
1080020 1982.4
1080030 1982.4
1080040 1985.1
1080050 1988.6
1080060 1991.7
1080070 1991.7
1080080 1989.5
1080090 1985.0
1080100 1985.0
1080110 1980.3
1080120 1977.7
1080130 1977.7
1080140 1978.5
1080150 1979.7
1080160 1979.7
1080170 1981.3
1080180 1983.7
1080190 1983.7
1080200 1985.3
1080210 1987.3
1080220 1987.3
1080230 1989.0
1080240 1989.7
1080250 1989.7
1080260 1992.2
1080270 1997.1
1080280 1997.1
1080290 2003.8
1080300 2014.3
1080310 2026.7
1080320 2026.7
1080330 2046.6
1080340 2059.9
1080350 2059.9
1080360 2078.1
1080370 2086.9
1080380 2086.9
1080390 2093.7
1080400 2100.8
1080410 2100.8
1080420 2109.0
1080430 2116.2
1080440 2116.2
1080450 2133.8
1080460 2183.5
1080470 2183.5
1080480 2196.3
1080490 2203.3
1080500 2203.3
1080510 2216.0
1080520 2236.7
1080530 2253.5
1080540 2253.5
1080550 2268.1
1080560 2279.8
1080570 2279.8
1080580 2281.9
1080590 2284.7
1080600 2284.7
1080610 2291.2
1080620 2297.4
1080630 2297.4
1080640 2302.4
1080650 2317.5
1080660 2317.5
1080670 2323.8
1080680 2328.7
1080690 2328.7
1080700 2332.3
1080710 2334.6
1080720 2334.6
1080730 2336.0
1080740 2338.4
1080750 2338.1
1080760 2338.1
1080770 2332.6
1080780 2326.4
1080790 2326.4
1080800 2320.2
1080810 2314.4
1080820 2314.4
1080830 2309.6
1080840 2305.2
1080850 2305.2
1080860 2299.5
1080870 2292.0
1080880 2292.0
1080890 2284.1
1080900 2274.9
1080910 2274.9
1080920 2265.0
1080930 2255.8
1080940 2255.8
1080950 2248.3
1080960 2240.3
1080970 2230.5
1080980 2230.5
1080990 2221.2
1081000 2212.6
1081010 2212.6
1081020 2203.7
1081030 2196.1
1081040 2196.1
1081050 2189.7
1081060 2180.9
1081070 2180.9
1081080 2173.9
1081090 2167.2
1081100 2167.2
1081110 2159.1
1081120 2137.8
1081130 2137.8
1081140 2120.7
1081150 2114.4
1081160 2114.4
1081170 2109.7
1081180 2103.3
1081190 2103.3
1081200 2084.2
1081210 2073.6
1081220 2055.0
1081230 2055.0
1081240 2002.3
1081250 1987.9
1081260 1987.9
1081270 1981.2
1081280 1975.0
1081290 1975.0
1081300 1967.9
1081310 1961.1
1081320 1961.1
1081330 1954.0
1081340 1947.3
1081350 1947.3
1081360 1940.2
1081370 1933.1
1081380 1933.1
1081390 1926.0
1081400 1919.7
1081410 1919.7
1081420 1912.6
1081430 1905.4
1081440 1898.6
1081450 1898.6
1081460 1892.2
1081470 1886.1
1081480 1886.1
1081490 1880.0
1081500 1874.3
1081510 1874.3
1081520 1868.0
1081530 1861.6
1081540 1861.6
1081550 1855.3
1081560 1849.5
1081570 1849.5
1081580 1844.1
1081590 1839.8
1081600 1839.8
1081610 1832.1
1081620 1824.4
1081630 1824.4
1081640 1816.9
1081650 1813.1
1081660 1812.8
1081670 1812.8
1081680 1812.2
1081690 1811.1
1081700 1811.1
1081710 1808.9
1081720 1805.6
1081730 1805.6
1081740 1800.9
1081750 1796.0
1081760 1796.0
1081770 1790.9
1081780 1785.4
1081790 1785.4
1081800 1778.8
1081810 1770.7
1081820 1770.7
1081830 1762.7
1081840 1756.4
1081850 1756.4
1081860 1751.8
1081870 1746.5
1081880 1741.7
1081890 1741.7
1081900 1736.1
1081910 1727.3
1081920 1727.3
1081930 1719.8
1081940 1707.8
1081950 1707.8
1081960 1694.5
1081970 1681.9
1081980 1681.9
1081990 1673.7
1082000 1666.8
1082010 1666.8
1082020 1659.8
1082030 1652.3
1082040 1652.3
1082050 1643.0
1082060 1635.3
1082070 1635.3
1082080 1632.3
1082090 1631.0
1082100 1631.0
1082110 1630.1
1082120 1630.6
1082130 1630.5
1082140 1630.5
1082150 1631.0
1082160 1629.5
1082170 1629.5
1082180 1626.1
1082190 1622.0
1082200 1622.0
1082210 1618.4
1082220 1616.6
1082230 1616.6
1082240 1613.1
1082250 1609.6
1082260 1609.6
1082270 1606.1
1082280 1602.0
1082290 1602.0
1082300 1598.4
1082310 1594.5
1082320 1594.5
1082330 1590.1
1082340 1585.6
1082350 1580.9
1082360 1580.9
1082370 1575.5
1082380 1569.2
1082390 1569.2
1082400 1562.5
1082410 1557.0
1082420 1557.0
1082430 1552.6
1082440 1546.8
1082450 1546.8
1082460 1539.5
1082470 1530.2
1082480 1530.2
1082490 1521.7
1082500 1513.3
1082510 1513.3
1082520 1508.1
1082530 1503.9
1082540 1497.5
1082550 1493.7
1082560 1488.8
1082570 1483.0
1082580 1483.0
1082590 1477.2
1082600 1472.4
1082610 1472.4
1082620 1468.5
1082630 1464.6
1082640 1464.6
1082650 1460.1
1082660 1455.8
1082670 1455.8
1082680 1451.8
1082690 1448.2
1082700 1448.2
1082710 1444.4
1082720 1440.7
1082730 1440.7
1082740 1437.5
1082750 1434.8
1082760 1434.8
1082770 1432.6
1082780 1431.0
1082790 1429.5
1082800 1429.5
1082810 1429.3
1082820 1429.6
1082830 1429.6
1082840 1428.9
1082850 1415.5
1082860 1415.5
1082870 1409.0
1082880 1403.6
1082890 1403.6
1082900 1396.9
1082910 1390.7
1082920 1390.7
1082930 1385.0
1082940 1379.0
1082950 1379.0
1082960 1374.4
1082970 1370.3
1082980 1370.3
1082990 1367.0
1083000 1364.3
1083010 1364.3
1083020 1361.8
1083030 1359.5
1083040 1358.0
1083050 1358.0
1083060 1359.3
1083070 1358.5
1083080 1358.5
1083090 1356.3
1083100 1354.8
1083110 1354.8
1083120 1353.5
1083130 1351.9
1083140 1351.9
1083150 1349.8
1083160 1347.5
1083170 1348.3
1083180 1346.0
1083190 1344.8
1083200 1344.8
1083210 1345.4
1083220 1346.2
1083230 1346.2
1083240 1345.9
1083250 1345.5
1083260 1346.8
1083270 1346.8
1083280 1348.4
1083290 1350.5
1083300 1350.5
1083310 1352.4
1083320 1353.7
1083330 1353.7
1083340 1355.2
1083350 1356.6
1083360 1356.6
1083370 1358.4
1083380 1361.0
1083390 1361.0
1083400 1363.5
1083410 1366.4
1083420 1366.4
1083430 1369.6
1083440 1372.8
1083450 1372.8
1083460 1376.2
1083470 1379.1
1083480 1381.9
1083490 1388.2
1083500 1390.2
1083510 1389.7
1083520 1389.7
1083530 1387.0
1083540 1385.1
1083550 1385.1
1083560 1383.3
1083570 1381.7
1083580 1381.7
1083590 1381.2
1083600 1381.4
1083610 1381.4
1083620 1382.5
1083630 1384.9
1083640 1384.9
1083650 1388.3
1083660 1390.1
1083670 1390.1
1083680 1390.2
1083690 1389.4
1083700 1389.3
1083710 1389.3
1083720 1388.9
1083730 1386.6
1083740 1386.6
1083750 1383.0
1083760 1379.2
1083770 1379.2
1083780 1375.5
1083790 1372.3
1083800 1371.3
1083810 1369.1
1083820 1367.7
1083830 1367.7
1083840 1367.0
1083850 1366.7
1083860 1366.7
1083870 1366.5
1083880 1366.2
1083890 1366.2
1083900 1365.8
1083910 1365.2
1083920 1365.2
1083930 1365.2
1083940 1365.0
1083950 1363.9
1083960 1363.9
1083970 1361.5
1083980 1357.6
1083990 1357.6
1084000 1354.1
1084010 1351.3
1084020 1351.3
1084030 1349.9
1084040 1349.6
1084050 1349.6
1084060 1348.3
1084070 1347.0
1084080 1347.0
1084090 1346.4
1084100 1345.5
1084110 1345.5
1084120 1345.9
1084130 1346.1
1084140 1346.1
1084150 1346.4
1084160 1346.7
1084170 1346.6
1084180 1346.6
1084190 1346.6
1084200 1346.6
1084210 1346.6
1084220 1348.2
1084230 1349.6
1084240 1349.6
1084250 1350.6
1084260 1351.8
1084270 1351.8
1084280 1353.5
1084290 1355.8
1084300 1355.8
1084310 1357.6
1084320 1358.4
1084330 1358.4
1084340 1359.2
1084350 1360.1
1084360 1360.1
1084370 1360.8
1084380 1361.1
1084390 1362.7
1084400 1362.7
1084410 1364.9
1084420 1366.2
1084430 1366.2
1084440 1367.2
1084450 1367.6
1084460 1367.6
1084470 1366.7
1084480 1367.1
1084490 1367.1
1084500 1368.3
1084510 1370.8
1084520 1370.8
1084530 1375.7
1084540 1382.5
1084550 1382.5
1084560 1389.2
1084570 1395.5
1084580 1395.5
1084590 1402.0
1084600 1407.9
1084610 1414.3
1084620 1414.3
1084630 1419.8
1084640 1422.8
1084650 1422.8
1084660 1425.4
1084670 1428.5
1084680 1428.5
1084690 1430.3
1084700 1430.9
1084710 1430.9
1084720 1431.9
1084730 1433.1
1084740 1433.1
1084750 1429.3
1084760 1429.4
1084770 1429.4
1084780 1430.6
1084790 1432.5
1084800 1432.5
1084810 1434.4
1084820 1436.7
1084830 1436.7
1084840 1439.2
1084850 1442.3
1084860 1445.8
1084870 1445.8
1084880 1450.0
1084890 1453.6
1084900 1453.6
1084910 1457.4
1084920 1462.2
1084930 1462.2
1084940 1467.0
1084950 1472.3
1084960 1472.3
1084970 1478.1
1084980 1483.5
1084990 1483.5
1085000 1488.2
1085010 1493.2
1085020 1493.2
1085030 1498.0
1085040 1501.7
1085050 1501.7
1085060 1503.8
1085070 1507.4
1085080 1512.1
1085090 1512.1
1085100 1516.6
1085110 1520.7
1085120 1520.7
1085130 1525.0
1085140 1529.2
1085150 1529.2
1085160 1533.9
1085170 1538.4
1085180 1538.4
1085190 1542.9
1085200 1547.7
1085210 1547.7
1085220 1552.2
1085230 1556.0
1085240 1556.0
1085250 1559.6
1085260 1562.3
1085270 1562.3
1085280 1565.9
1085290 1571.6
1085300 1575.9
1085310 1575.9
1085320 1579.3
1085330 1582.8
1085340 1582.8
1085350 1587.1
1085360 1590.9
1085370 1590.9
1085380 1594.4
1085390 1597.5
1085400 1597.5
1085410 1603.7
1085420 1609.7
1085430 1609.7
1085440 1615.8
1085450 1622.2
1085460 1622.2
1085470 1628.7
1085480 1635.0
1085490 1635.0
1085500 1641.6
1085510 1648.6
1085520 1656.8
1085530 1656.8
1085540 1668.1
1085550 1682.3
1085560 1682.3
1085570 1696.7
1085580 1704.9
1085590 1704.9
1085600 1710.6
1085610 1718.9
1085620 1718.9
1085630 1725.9
1085640 1735.7
1085650 1735.7
1085660 1747.1
1085670 1758.1
1085680 1758.1
1085690 1766.5
1085700 1770.0
1085710 1764.6
1085720 1773.6
1085730 1783.6
1085740 1783.6
1085750 1791.2
1085760 1799.5
1085770 1808.7
1085780 1808.7
1085790 1817.6
1085800 1826.0
1085810 1826.0
1085820 1833.0
1085830 1840.1
1085840 1840.1
1085850 1848.7
1085860 1858.9
1085870 1858.9
1085880 1866.3
1085890 1878.6
1085900 1878.6
1085910 1890.4
1085920 1902.7
1085930 1902.7
1085940 1914.8
1085950 1922.7
1085960 1922.7
1085970 1923.8
1085980 1922.7
1085990 1923.4
1086000 1923.4
1086010 1925.1
1086020 1931.4
1086030 1931.4
1086040 1939.3
1086050 1947.3
1086060 1947.3
1086070 1955.4
1086080 1963.4
1086090 1963.4
1086100 1971.9
1086110 1981.3
1086120 1981.3
1086130 1991.3
1086140 1999.3
1086150 1999.3
1086160 2006.8
1086170 2014.8
1086180 2014.8
1086190 2022.8
1086200 2030.7
1086210 2038.5
1086220 2038.5
1086230 2048.1
1086240 2058.8
1086250 2058.8
1086260 2067.5
1086270 2080.4
1086280 2080.4
1086290 2100.3
1086300 2105.5
1086310 2105.5
1086320 2110.7
1086330 2110.4
1086340 2104.1
1086350 2110.4
1086360 2111.0
1086370 2111.0
1086380 2109.3
1086390 2111.0
1086400 2111.0
1086410 2112.5
1086420 2114.0
1086430 2116.0
1086440 2116.0
1086450 2117.8
1086460 2119.1
1086470 2119.1
1086480 2120.4
1086490 2121.6
1086500 2121.6
1086510 2123.0
1086520 2124.2
1086530 2124.2
1086540 2125.9
1086550 2127.5
1086560 2127.5
1086570 2129.1
1086580 2131.2
1086590 2131.2
1086600 2133.3
1086610 2135.3
1086620 2135.3
1086630 2137.4
1086640 2139.5
1086650 2139.5
1086660 2135.9
1086670 2137.1
1086680 2137.7
1086690 2137.7
1086700 2137.7
1086710 2138.3
1086720 2138.3
1086730 2140.6
1086740 2143.7
1086750 2143.7
1086760 2146.0
1086770 2148.2
1086780 2148.2
1086790 2150.7
1086800 2152.8
1086810 2152.8
1086820 2154.4
1086830 2155.6
1086840 2155.6
1086850 2157.6
1086860 2158.9
1086870 2158.9
1086880 2159.6
1086890 2158.0
1086900 2152.4
1086910 2152.4
1086920 2146.8
1086930 2143.7
1086940 2143.7
1086950 2144.1
1086960 2146.3
1086970 2146.3
1086980 2150.7
1086990 2154.6
1087000 2154.6
1087010 2156.6
1087020 2157.1
1087030 2157.1
1087040 2157.3
1087050 2156.9
1087060 2156.9
1087070 2156.2
1087080 2155.2
1087090 2155.2
1087100 2153.0
1087110 2149.2
1087120 2148.8
1087130 2148.8
1087140 2151.0
1087150 2153.3
1087160 2153.3
1087170 2154.0
1087180 2151.8
1087190 2151.8
1087200 2151.8
1087210 2154.9
1087220 2154.9
1087230 2157.7
1087240 2157.4
1087250 2157.4
1087260 2159.1
1087270 2162.1
1087280 2162.1
1087290 2164.5
1087300 2158.5
1087310 2158.5
1087320 2160.3
1087330 2163.2
1087340 2166.3
1087350 2166.3
1087360 2170.2
1087370 2173.2
1087380 2173.2
1087390 2175.2
1087400 2177.3
1087410 2177.3
1087420 2179.5
1087430 2180.8
1087440 2180.8
1087450 2178.6
1087460 2178.1
1087470 2178.1
1087480 2177.9
1087490 2180.7
1087500 2180.7
1087510 2183.4
1087520 2183.7
1087530 2183.7
1087540 2182.6
1087550 2181.6
1087560 2181.6
1087570 2179.2
1087580 2178.9
1087590 2180.2
1087600 2180.2
1087610 2179.9
1087620 2173.2
1087630 2173.2
1087640 2172.9
1087650 2172.5
1087660 2172.5
1087670 2171.1
1087680 2171.2
1087690 2171.2
1087700 2170.3
1087710 2169.7
1087720 2169.7
1087730 2170.0
1087740 2169.6
1087750 2169.6
1087760 2169.2
1087770 2168.7
1087780 2168.7
1087790 2168.9
1087800 2168.8
1087810 2168.4
1087820 2168.4
1087830 2165.8
1087840 2155.8
1087850 2155.8
1087860 2130.8
1087870 2120.9
1087880 2120.9
1087890 2119.2
1087900 2118.8
1087910 2118.8
1087920 2116.6
1087930 2113.8
1087940 2105.9
1087950 2103.5
1087960 2103.9
1087970 2103.9
1087980 2088.7
1087990 2080.3
1088000 2080.3
1088010 2073.1
1088020 2059.5
1088030 2049.9
1088040 2049.9
1088050 2043.8
1088060 2042.5
1088070 2042.5
1088080 2037.9
1088090 2026.1
1088100 2026.1
1088110 2019.6
1088120 2013.7
1088130 2013.7
1088140 2008.9
1088150 2003.9
1088160 2003.9
1088170 1998.4
1088180 1992.4
1088190 1992.4
1088200 1986.7
1088210 1982.2
1088220 1982.2
1088230 1978.0
1088240 1974.4
1088250 1969.8
1088260 1965.1
1088270 1961.2
1088280 1958.8
1088290 1958.8
1088300 1957.2
1088310 1955.7
1088320 1955.7
1088330 1952.9
1088340 1950.7
1088350 1950.7
1088360 1947.8
1088370 1945.4
1088380 1945.4
1088390 1942.0
1088400 1938.8
1088410 1938.8
1088420 1935.0
1088430 1931.2
1088440 1931.2
1088450 1927.1
1088460 1922.4
1088470 1922.4
1088480 1918.5
1088490 1913.5
1088500 1904.0
1088510 1904.0
1088520 1896.6
1088530 1890.5
1088540 1890.5
1088550 1885.8
1088560 1880.7
1088570 1880.7
1088580 1871.6
1088590 1864.5
1088600 1864.5
1088610 1856.9
1088620 1850.2
1088630 1850.2
1088640 1843.7
1088650 1837.1
1088660 1837.1
1088670 1831.4
1088680 1824.6
1088690 1824.6
1088700 1818.1
1088710 1812.5
1088720 1807.1
1088730 1807.1
1088740 1800.2
1088750 1793.9
1088760 1793.9
1088770 1788.5
1088780 1783.3
1088790 1783.3
1088800 1779.1
1088810 1774.3
1088820 1774.3
1088830 1768.5
1088840 1762.4
1088850 1762.4
1088860 1755.4
1088870 1748.2
1088880 1748.2
1088890 1740.9
1088900 1737.4
1088910 1737.4
1088920 1733.9
1088930 1729.7
1088940 1724.1
1088950 1724.1
1088960 1720.4
1088970 1720.5
1088980 1720.5
1088990 1720.3
1089000 1719.2
1089010 1719.2
1089020 1720.6
1089030 1721.4
1089040 1721.4
1089050 1721.5
1089060 1721.3
1089070 1721.3
1089080 1722.4
1089090 1722.3
1089100 1722.3
1089110 1723.4
1089120 1725.1
1089130 1725.1
1089140 1724.1
1089150 1723.2
1089160 1723.0
1089170 1723.0
1089180 1721.4
1089190 1718.8
1089200 1718.8
1089210 1716.3
1089220 1714.6
1089230 1714.6
1089240 1711.7
1089250 1708.3
1089260 1708.3
1089270 1704.5
1089280 1701.6
1089290 1701.6
1089300 1698.7
1089310 1694.8
1089320 1694.8
1089330 1690.4
1089340 1686.5
1089350 1686.5
1089360 1680.8
1089370 1674.8
1089380 1674.8
1089390 1669.8
1089400 1662.2
1089410 1654.4
1089420 1654.4
1089430 1647.1
1089440 1641.0
1089450 1641.0
1089460 1634.1
1089470 1627.8
1089480 1627.8
1089490 1623.0
1089500 1620.2
1089510 1620.2
1089520 1616.7
1089530 1612.4
1089540 1610.8
1089550 1607.0
1089560 1603.5
1089570 1603.5
1089580 1602.1
1089590 1600.7
1089600 1600.7
1089610 1598.4
1089620 1594.1
1089630 1588.6
1089640 1588.6
1089650 1584.0
1089660 1579.8
1089670 1579.8
1089680 1575.5
1089690 1571.9
1089700 1571.9
1089710 1571.1
1089720 1572.3
1089730 1572.3
1089740 1572.1
1089750 1572.9
1089760 1572.9
1089770 1572.6
1089780 1572.0
1089790 1572.0
1089800 1572.6
1089810 1574.6
1089820 1574.6
1089830 1575.8
1089840 1574.7
1089850 1571.4
1089860 1565.0
1089870 1563.5
1089880 1563.1
1089890 1563.1
1089900 1563.4
1089910 1565.1
1089920 1565.1
1089930 1565.3
1089940 1564.8
1089950 1564.8
1089960 1561.7
1089970 1559.2
1089980 1559.2
1089990 1553.3
1090000 1549.3
1090010 1549.3
1090020 1548.0
1090030 1545.3
1090040 1545.3
1090050 1542.9
1090060 1540.9
1090070 1537.8
1090080 1537.8
1090090 1535.4
1090100 1532.4
1090110 1532.4
1090120 1530.9
1090130 1528.4
1090140 1528.4
1090150 1526.4
1090160 1526.6
1090170 1526.6
1090180 1524.9
1090190 1525.0
1090200 1525.0
1090210 1525.9
1090220 1526.4
1090230 1526.4
1090240 1526.5
1090250 1525.8
1090260 1525.8
1090270 1525.0
1090280 1524.2
1090290 1524.2
1090300 1522.4
1090310 1521.9
1090320 1521.1
1090330 1521.1
1090340 1518.5
1090350 1515.5
1090360 1515.5
1090370 1514.8
1090380 1514.3
1090390 1514.3
1090400 1515.8
1090410 1515.3
1090420 1515.3
1090430 1514.8
1090440 1513.3
1090450 1513.3
1090460 1512.0
1090470 1511.3
1090480 1511.3
1090490 1511.0
1090500 1511.3
1090510 1509.0
1090520 1508.6
1090530 1507.2
1090540 1503.5
1090550 1503.5
1090560 1500.9
1090570 1497.5
1090580 1497.5
1090590 1494.3
1090600 1492.7
1090610 1492.7
1090620 1489.7
1090630 1484.3
1090640 1484.3
1090650 1480.4
1090660 1477.7
1090670 1477.7
1090680 1475.4
1090690 1472.8
1090700 1472.8
1090710 1470.4
1090720 1468.1
1090730 1468.1
1090740 1467.4
1090750 1466.6
1090760 1465.4
1090770 1465.4
1090780 1464.6
1090790 1464.2
1090800 1464.2
1090810 1462.9
1090820 1462.0
1090830 1461.2
1090840 1460.1
1090850 1459.3
1090860 1459.3
1090870 1458.3
1090880 1458.8
1090890 1458.8
1090900 1459.8
1090910 1460.2
1090920 1460.2
1090930 1461.9
1090940 1466.3
1090950 1466.3
1090960 1470.0
1090970 1471.9
1090980 1473.8
1090990 1473.8
1091000 1475.0
1091010 1475.7
1091020 1475.7
1091030 1476.3
1091040 1476.7
1091050 1476.7
1091060 1477.9
1091070 1478.3
1091080 1478.3
1091090 1479.3
1091100 1480.4
1091110 1480.4
1091120 1482.1
1091130 1484.2
1091140 1484.2
1091150 1490.1
1091160 1494.6
1091170 1494.6
1091180 1498.7
1091190 1503.6
1091200 1503.6
1091210 1508.2
1091220 1513.2
1091230 1517.9
1091240 1517.9
1091250 1519.6
1091260 1516.0
1091270 1516.0
1091280 1514.5
1091290 1515.7
1091300 1515.7
1091310 1523.8
1091320 1533.0
1091330 1533.0
1091340 1541.2
1091350 1547.2
1091360 1547.2
1091370 1551.8
1091380 1555.7
1091390 1555.7
1091400 1559.2
1091410 1562.8
1091420 1562.8
1091430 1567.3
1091440 1567.2
1091450 1559.8
1091460 1559.8
1091470 1557.7
1091480 1550.2
1091490 1550.2
1091500 1543.2
1091510 1540.1
1091520 1540.1
1091530 1547.6
1091540 1557.2
1091550 1557.2
1091560 1566.3
1091570 1575.9
1091580 1575.9
1091590 1585.7
1091600 1598.6
1091610 1598.6
1091620 1609.4
1091630 1617.4
1091640 1617.4
1091650 1624.2
1091660 1627.7
1091670 1627.9
1091680 1627.9
1091690 1626.9
1091700 1625.9
1091710 1625.9
1091720 1626.4
1091730 1630.4
1091740 1630.4
1091750 1636.2
1091760 1641.9
1091770 1641.9
1091780 1648.3
1091790 1655.1
1091800 1660.1
1091810 1667.2
1091820 1672.3
1091830 1672.3
1091840 1675.7
1091850 1680.7
1091860 1680.7
1091870 1686.1
1091880 1687.2
1091890 1686.1
1091900 1686.1
1091910 1685.3
1091920 1686.9
1091930 1686.9
1091940 1688.5
1091950 1690.4
1091960 1690.4
1091970 1691.0
1091980 1689.4
1091990 1689.4
1092000 1687.4
1092010 1687.4
1092020 1687.4
1092030 1687.6
1092040 1681.5
1092050 1681.5
1092060 1674.9
1092070 1669.7
1092080 1669.7
1092090 1665.3
1092100 1672.7
1092110 1672.7
1092120 1683.0
1092130 1688.8
1092140 1685.0
1092150 1685.0
1092160 1683.6
1092170 1686.6
1092180 1686.6
1092190 1689.4
1092200 1687.6
1092210 1687.6
1092220 1686.6
1092230 1685.0
1092240 1685.0
1092250 1684.0
1092260 1682.0
1092270 1682.0
1092280 1679.7
1092290 1677.5
1092300 1677.5
1092310 1676.1
1092320 1673.7
1092330 1673.7
1092340 1667.9
1092350 1661.4
1092360 1656.3
1092370 1656.3
1092380 1652.1
1092390 1647.7
1092400 1647.7
1092410 1642.6
1092420 1638.3
1092430 1638.3
1092440 1644.1
1092450 1643.5
1092460 1643.5
1092470 1641.3
1092480 1636.3
1092490 1636.3
1092500 1629.2
1092510 1621.6
1092520 1621.6
1092530 1614.3
1092540 1607.6
1092550 1607.6
1092560 1599.5
1092570 1592.6
1092580 1592.0
1092590 1592.0
1092600 1596.8
1092610 1599.0
1092620 1599.0
1092630 1600.9
1092640 1600.7
1092650 1600.7
1092660 1601.8
1092670 1604.5
1092680 1604.5
1092690 1606.6
1092700 1607.1
1092710 1607.1
1092720 1607.2
1092730 1607.4
1092740 1607.4
1092750 1607.7
1092760 1608.2
1092770 1616.8
1092780 1619.5
1092790 1621.6
1092800 1622.8
1092810 1622.8
1092820 1623.6
1092830 1623.8
1092840 1623.8
1092850 1623.2
1092860 1620.6
1092870 1620.6
1092880 1619.2
1092890 1617.9
1092900 1617.9
1092910 1616.2
1092920 1615.2
1092930 1615.2
1092940 1614.6
1092950 1612.4
1092960 1612.4
1092970 1610.9
1092980 1609.9
1092990 1609.9
1093000 1607.6
1093010 1605.6
1093020 1603.7
1093030 1603.7
1093040 1601.1
1093050 1598.6
1093060 1598.6
1093070 1597.3
1093080 1595.5
1093090 1600.8
1093100 1599.9
1093110 1601.5
1093120 1601.5
1093130 1601.4
1093140 1598.1
1093150 1598.1
1093160 1593.6
1093170 1591.2
1093180 1591.2
1093190 1589.2
1093200 1586.5
1093210 1586.5
1093220 1583.0
1093230 1574.7
1093240 1574.7
1093250 1567.6
1093260 1568.9
1093270 1571.1
1093280 1571.1
1093290 1568.8
1093300 1572.3
1093310 1572.3
1093320 1572.0
1093330 1568.3
1093340 1568.3
1093350 1561.0
1093360 1557.6
1093370 1557.6
1093380 1560.3
1093390 1562.4
1093400 1562.4
1093410 1576.7
1093420 1582.4
1093430 1582.4
1093440 1585.8
1093450 1586.2
1093460 1586.2
1093470 1585.3
1093480 1589.0
1093490 1592.4
1093500 1592.4
1093510 1595.7
1093520 1600.5
1093530 1600.5
1093540 1605.9
1093550 1610.4
1093560 1610.4
1093570 1614.4
1093580 1616.1
1093590 1616.1
1093600 1617.1
1093610 1619.3
1093620 1619.3
1093630 1619.8
1093640 1619.5
1093650 1619.5
1093660 1614.2
1093670 1616.3
1093680 1616.3
1093690 1623.6
1093700 1629.0
1093710 1634.9
1093720 1634.9
1093730 1636.9
1093740 1641.0
1093750 1641.0
1093760 1637.9
1093770 1634.8
1093780 1634.8
1093790 1632.3
1093800 1629.4
1093810 1629.4
1093820 1626.3
1093830 1623.0
1093840 1623.0
1093850 1620.1
1093860 1615.7
1093870 1615.7
1093880 1612.6
1093890 1609.4
1093900 1609.4
1093910 1605.8
1093920 1602.6
1093930 1598.7
1093940 1598.7
1093950 1593.9
1093960 1591.2
1093970 1591.2
1093980 1588.6
1093990 1585.9
1094000 1585.9
1094010 1583.9
1094020 1581.4
1094030 1581.4
1094040 1577.0
1094050 1571.8
1094060 1569.2
1094070 1563.2
1094080 1558.2
1094090 1558.2
1094100 1553.9
1094110 1548.8
1094120 1548.8
1094130 1544.2
1094140 1539.3
1094150 1539.3
1094160 1534.1
1094170 1528.4
1094180 1522.7
1094190 1522.7
1094200 1517.1
1094210 1512.2
1094220 1512.2
1094230 1506.5
1094240 1500.3
1094250 1500.3
1094260 1494.7
1094270 1488.4
1094280 1488.4
1094290 1482.9
1094300 1478.0
1094310 1478.0
1094320 1472.6
1094330 1467.2
1094340 1467.2
1094350 1462.1
1094360 1457.8
1094370 1457.8
1094380 1454.1
1094390 1448.4
1094400 1447.8
1094410 1447.8
1094420 1448.4
1094430 1446.1
1094440 1446.1
1094450 1448.0
1094460 1450.1
1094470 1450.1
1094480 1456.6
1094490 1464.1
1094500 1464.1
1094510 1471.9
1094520 1476.3
1094530 1476.3
1094540 1480.6
1094550 1484.5
1094560 1484.5
1094570 1488.8
1094580 1493.4
1094590 1493.4
1094600 1497.6
1094610 1500.4
1094620 1500.3
1094630 1500.3
1094640 1501.9
1094650 1502.6
1094660 1502.6
1094670 1501.9
1094680 1499.4
1094690 1499.4
1094700 1495.5
1094710 1497.6
1094720 1497.6
1094730 1497.4
1094740 1497.1
1094750 1497.1
1094760 1497.3
1094770 1497.2
1094780 1497.2
1094790 1496.6
1094800 1496.5
1094810 1496.5
1094820 1496.4
1094830 1495.8
1094840 1494.0
1094850 1494.0
1094860 1493.1
1094870 1492.5
1094880 1492.5
1094890 1492.7
1094900 1495.6
1094910 1495.6
1094920 1497.6
1094930 1498.2
1094940 1498.2
1094950 1501.0
1094960 1504.1
1094970 1504.1
1094980 1505.9
1094990 1508.5
1095000 1508.5
1095010 1511.4
1095020 1514.1
1095030 1514.1
1095040 1521.8
1095050 1522.3
1095060 1522.3
1095070 1522.7
1095080 1522.5
1095090 1522.8
1095100 1522.8
1095110 1523.4
1095120 1523.3
1095130 1523.3
1095140 1522.9
1095150 1522.7
1095160 1522.7
1095170 1522.8
1095180 1521.7
1095190 1521.7
1095200 1520.6
1095210 1520.1
1095220 1520.1
1095230 1519.6
1095240 1518.4
1095250 1518.4
1095260 1516.3
1095270 1513.2
1095280 1513.2
1095290 1509.2
1095300 1507.3
1095310 1506.9
1095320 1506.9
1095330 1505.9
1095340 1505.9
1095350 1505.9
1095360 1506.9
1095370 1511.6
1095380 1511.6
1095390 1513.9
1095400 1516.2
1095410 1516.2
1095420 1517.9
1095430 1519.0
1095440 1519.0
1095450 1519.0
1095460 1517.6
1095470 1517.6
1095480 1514.8
1095490 1512.1
1095500 1512.1
1095510 1512.7
1095520 1514.6
1095530 1514.6
1095540 1514.6
1095550 1513.6
1095560 1511.4
1095570 1511.4
1095580 1507.6
1095590 1506.7
1095600 1506.7
1095610 1508.2
1095620 1511.5
1095630 1511.5
1095640 1516.8
1095650 1519.8
1095660 1519.8
1095670 1521.5
1095680 1524.3
1095690 1528.4
1095700 1530.5
1095710 1532.9
1095720 1532.9
1095730 1534.7
1095740 1534.7
1095750 1534.5
1095760 1534.5
1095770 1535.4
1095780 1535.8
1095790 1535.8
1095800 1534.9
1095810 1532.0
1095820 1532.0
1095830 1530.5
1095840 1533.4
1095850 1533.4
1095860 1535.6
1095870 1537.2
1095880 1537.2
1095890 1539.8
1095900 1542.9
1095910 1542.9
1095920 1545.1
1095930 1546.6
1095940 1546.6
1095950 1548.6
1095960 1551.9
1095970 1551.9
1095980 1554.9
1095990 1555.9
1096000 1557.7
1096010 1557.7
1096020 1567.3
1096030 1570.1
1096040 1570.1
1096050 1571.4
1096060 1570.1
1096070 1570.1
1096080 1570.6
1096090 1571.6
1096100 1571.6
1096110 1573.7
1096120 1575.8
1096130 1575.8
1096140 1576.6
1096150 1577.3
1096160 1577.3
1096170 1577.4
1096180 1576.7
1096190 1576.7
1096200 1576.2
1096210 1576.4
1096220 1575.8
1096230 1575.8
1096240 1574.3
1096250 1572.8
1096260 1572.8
1096270 1569.5
1096280 1565.9
1096290 1565.9
1096300 1563.9
1096310 1564.3
1096320 1564.3
1096330 1564.0
1096340 1564.3
1096350 1572.6
1096360 1571.6
1096370 1567.8
1096380 1567.8
1096390 1562.7
1096400 1559.1
1096410 1559.1
1096420 1557.3
1096430 1557.6
1096440 1558.1
1096450 1558.1
1096460 1558.0
1096470 1556.2
1096480 1556.2
1096490 1553.0
1096500 1549.0
1096510 1549.0
1096520 1544.7
1096530 1540.3
1096540 1540.3
1096550 1536.3
1096560 1533.5
1096570 1533.5
1096580 1530.4
1096590 1527.3
1096600 1527.3
1096610 1523.7
1096620 1519.0
1096630 1519.0
1096640 1513.7
1096650 1508.9
1096660 1502.9
1096670 1503.0
1096680 1494.9
1096690 1488.0
1096700 1488.0
1096710 1480.7
1096720 1473.0
1096730 1473.0
1096740 1465.6
1096750 1458.2
1096760 1458.2
1096770 1453.6
1096780 1449.7
1096790 1449.7
1096800 1445.9
1096810 1441.6
1096820 1441.6
1096830 1436.9
1096840 1433.2
1096850 1433.2
1096860 1430.1
1096870 1427.2
1096880 1427.2
1096890 1423.9
1096900 1419.8
1096910 1415.3
1096920 1415.3
1096930 1411.3
1096940 1408.3
1096950 1408.3
1096960 1405.8
1096970 1402.5
1096980 1402.5
1096990 1398.8
1097000 1393.2
1097010 1393.2
1097020 1386.9
1097030 1381.3
1097040 1381.3
1097050 1377.4
1097060 1374.1
1097070 1374.1
1097080 1371.2
1097090 1369.6
1097100 1369.6
1097110 1369.2
1097120 1366.7
1097130 1368.5
1097140 1368.5
1097150 1369.4
1097160 1369.0
1097170 1369.0
1097180 1368.4
1097190 1365.6
1097200 1365.6
1097210 1360.1
1097220 1353.2
1097230 1353.2
1097240 1347.3
1097250 1341.8
1097260 1341.8
1097270 1337.7
1097280 1333.1
1097290 1333.1
1097300 1326.9
1097310 1320.8
1097320 1320.8
1097330 1316.0
1097340 1311.1
1097350 1306.5
1097360 1306.5
1097370 1301.6
1097380 1294.7
1097390 1294.7
1097400 1290.9
1097410 1292.1
1097420 1292.1
1097430 1295.8
1097440 1297.0
1097450 1297.0
1097460 1296.7
1097470 1296.5
1097480 1296.5
1097490 1296.4
1097500 1295.0
1097510 1295.0
1097520 1293.2
1097530 1292.0
1097540 1292.0
1097550 1291.0
1097560 1291.6
1097570 1292.2
1097580 1292.2
1097590 1291.7
1097600 1291.2
1097610 1291.2
1097620 1291.8
1097630 1291.3
1097640 1291.3
1097650 1295.9
1097660 1296.0
1097670 1296.0
1097680 1294.0
1097690 1290.5
1097700 1290.5
1097710 1288.2
1097720 1286.4
1097730 1286.4
1097740 1287.2
1097750 1289.3
1097760 1289.3
1097770 1290.3
1097780 1292.9
1097790 1294.3
1097800 1294.3
1097810 1292.1
1097820 1287.8
1097830 1287.8
1097840 1284.4
1097850 1282.0
1097860 1282.0
1097870 1279.3
1097880 1275.2
1097890 1275.2
1097900 1271.8
1097910 1268.2
1097920 1268.2
1097930 1264.6
1097940 1262.0
1097950 1262.0
1097960 1260.5
1097970 1259.0
1097980 1261.6
1097990 1260.5
1098000 1259.6
1098010 1259.6
1098020 1258.5
1098030 1257.2
1098040 1253.8
1098050 1253.8
1098060 1248.8
1098070 1243.3
1098080 1243.3
1098090 1236.6
1098100 1228.9
1098110 1228.9
1098120 1221.5
1098130 1214.6
1098140 1214.6
1098150 1208.4
1098160 1202.6
1098170 1202.6
1098180 1198.3
1098190 1197.1
1098200 1197.1
1098210 1197.4
1098220 1197.0
1098230 1197.0
1098240 1196.0
1098250 1194.0
1098260 1191.9
1098270 1191.9
1098280 1190.1
1098290 1187.1
1098300 1187.1
1098310 1189.2
1098320 1186.1
1098330 1186.1
1098340 1177.4
1098350 1169.5
1098360 1169.5
1098370 1163.0
1098380 1157.4
1098390 1157.4
1098400 1151.5
1098410 1144.3
1098420 1144.3
1098430 1138.8
1098440 1134.4
1098450 1134.4
1098460 1129.0
1098470 1122.8
1098480 1121.4
1098490 1121.4
1098500 1119.4
1098510 1113.4
1098520 1113.4
1098530 1106.1
1098540 1100.6
1098550 1100.6
1098560 1095.4
1098570 1090.7
1098580 1090.7
1098590 1087.2
1098600 1083.1
1098610 1083.1
1098620 1078.4
1098630 1072.3
1098640 1077.0
1098650 1073.1
1098660 1067.9
1098670 1067.9
1098680 1061.0
1098690 1054.6
1098700 1051.1
1098710 1051.1
1098720 1046.6
1098730 1041.5
1098740 1041.5
1098750 1035.2
1098760 1030.4
1098770 1030.4
1098780 1025.6
1098790 1020.0
1098800 1020.0
1098810 1014.6
1098820 1007.9
1098830 1007.9
1098840 1004.3
1098850 1002.9
1098860 1002.9
1098870 1000.7
1098880 998.7
1098890 998.7
1098900 995.8
1098910 994.8
1098920 994.8
1098930 994.3
1098940 993.6
1098950 993.4
1098960 993.4
1098970 993.8
1098980 993.6
1098990 993.6
1099000 993.6
1099010 993.8
1099020 993.8
1099030 990.0
1099040 985.2
1099050 985.2
1099060 981.7
1099070 981.4
1099080 981.4
1099090 980.7
1099100 981.1
1099110 981.1
1099120 981.3
1099130 980.9
1099140 980.9
1099150 980.5
1099160 980.4
1099170 981.3
1099180 981.3
1099190 981.1
1099200 981.0
1099210 981.0
1099220 981.0
1099230 981.1
1099240 981.1
1099250 980.7
1099260 980.9
1099270 980.9
1099280 980.1
1099290 979.5
1099300 979.7
1099310 979.5
1099320 979.7
1099330 979.7
1099340 979.5
1099350 979.5
1099360 979.5
1099370 980.2
1099380 984.1
1099390 988.8
1099400 988.8
1099410 993.1
1099420 992.1
1099430 992.1
1099440 989.2
1099450 985.1
1099460 985.1
1099470 982.7
1099480 981.7
1099490 981.7
1099500 979.4
1099510 976.7
1099520 976.7
1099530 973.7
1099540 971.9
1099550 971.9
1099560 971.5
1099570 971.7
1099580 971.7
1099590 971.9
1099600 970.4
1099610 969.5
1099620 969.5
1099630 969.1
1099640 965.7
1099650 965.7
1099660 962.6
1099670 960.8
1099680 960.8
1099690 959.8
1099700 958.9
1099710 958.9
1099720 957.2
1099730 956.0
1099740 956.0
1099750 955.1
1099760 954.2
1099770 954.2
1099780 952.9
1099790 951.7
1099800 951.7
1099810 950.2
1099820 948.2
1099830 948.2
1099840 946.2
1099850 944.6
1099860 943.6
1099870 943.6
1099880 942.1
1099890 940.6
1099900 940.6
1099910 938.7
1099920 936.5
1099930 936.5
1099940 934.8
1099950 933.0
1099960 932.4
1099970 931.4
1099980 929.8
1099990 929.8
