1080000 1642.4
1080010 1642.4
1080020 1642.4
1080030 1643.1
1080040 1643.1
1080050 1643.6
1080060 1644.1
1080070 1644.1
1080080 1644.6
1080090 1650.2
1080100 1650.2
1080110 1653.3
1080120 1655.2
1080130 1655.2
1080140 1659.1
1080150 1660.8
1080160 1660.8
1080170 1664.2
1080180 1666.4
1080190 1667.5
1080200 1667.5
1080210 1669.2
1080220 1674.4
1080230 1674.4
1080240 1681.3
1080250 1687.1
1080260 1687.1
1080270 1690.7
1080280 1695.0
1080290 1695.0
1080300 1699.7
1080310 1703.2
1080320 1703.2
1080330 1705.6
1080340 1706.5
1080350 1706.5
1080360 1707.8
1080370 1710.2
1080380 1710.2
1080390 1713.3
1080400 1716.4
1080410 1719.8
1080420 1724.3
1080430 1729.2
1080440 1732.5
1080450 1732.5
1080460 1736.4
1080470 1740.6
1080480 1740.6
1080490 1744.0
1080500 1745.6
1080510 1745.6
1080520 1746.5
1080530 1748.1
1080540 1748.1
1080550 1752.1
1080560 1757.4
1080570 1757.4
1080580 1761.8
1080590 1763.8
1080600 1763.8
1080610 1766.1
1080620 1774.4
1080630 1774.4
1080640 1785.7
1080650 1799.1
1080660 1809.3
1080670 1809.3
1080680 1819.0
1080690 1828.3
1080700 1828.3
1080710 1836.1
1080720 1843.0
1080730 1843.0
1080740 1849.9
1080750 1857.3
1080760 1857.3
1080770 1864.8
1080780 1870.3
1080790 1870.3
1080800 1875.0
1080810 1880.3
1080820 1880.3
1080830 1886.6
1080840 1888.9
1080850 1888.9
1080860 1888.6
1080870 1890.6
1080880 1892.9
1080890 1892.9
1080900 1896.3
1080910 1902.5
1080920 1902.5
1080930 1909.1
1080940 1912.6
1080950 1912.6
1080960 1917.4
1080970 1922.4
1080980 1922.4
1080990 1930.6
1081000 1938.0
1081010 1938.0
1081020 1945.1
1081030 1954.4
1081040 1953.7
1081050 1960.0
1081060 1968.4
1081070 1968.4
1081080 1977.1
1081090 1985.3
1081100 1994.0
1081110 1994.0
1081120 2006.1
1081130 2017.0
1081140 2017.0
1081150 2031.6
1081160 2041.3
1081170 2041.3
1081180 2053.5
1081190 2080.5
1081200 2080.5
1081210 2097.2
1081220 2117.6
1081230 2117.6
1081240 2132.4
1081250 2146.8
1081260 2146.8
1081270 2157.2
1081280 2153.6
1081290 2153.6
1081300 2143.8
1081310 2136.9
1081320 2136.9
1081330 2130.3
1081340 2122.0
1081350 2110.3
1081360 2110.3
1081370 2102.9
1081380 2094.8
1081390 2094.8
1081400 2084.6
1081410 2072.2
1081420 2072.2
1081430 2057.6
1081440 2046.3
1081450 2046.3
1081460 2037.2
1081470 2029.7
1081480 2029.7
1081490 2022.4
1081500 2015.3
1081510 2015.3
1081520 2008.8
1081530 2002.2
1081540 2002.2
1081550 1995.8
1081560 1989.7
1081570 1982.7
1081580 1982.7
1081590 1976.1
1081600 1970.2
1081610 1970.2
1081620 1965.2
1081630 1961.1
1081640 1961.1
1081650 1956.1
1081660 1951.6
1081670 1948.1
1081680 1942.4
1081690 1937.1
1081700 1937.1
1081710 1932.0
1081720 1927.0
1081730 1927.0
1081740 1922.5
1081750 1917.2
1081760 1917.2
1081770 1911.9
1081780 1906.8
1081790 1902.6
1081800 1902.6
1081810 1898.6
1081820 1893.6
1081830 1893.6
1081840 1888.4
1081850 1882.7
1081860 1882.7
1081870 1877.1
1081880 1872.0
1081890 1872.0
1081900 1867.1
1081910 1863.9
1081920 1863.9
1081930 1860.4
1081940 1856.6
1081950 1856.6
1081960 1852.2
1081970 1847.9
1081980 1843.9
1081990 1839.8
1082000 1835.6
1082010 1835.6
1082020 1831.4
1082030 1827.0
1082040 1822.7
1082050 1822.7
1082060 1818.0
1082070 1813.5
1082080 1813.5
1082090 1809.1
1082100 1804.4
1082110 1804.4
1082120 1798.2
1082130 1793.1
1082140 1793.1
1082150 1787.8
1082160 1784.0
1082170 1784.0
1082180 1779.9
1082190 1775.4
1082200 1775.4
1082210 1771.0
1082220 1766.0
1082230 1766.0
1082240 1760.9
1082250 1755.5
1082260 1751.4
1082270 1751.4
1082280 1747.6
1082290 1744.6
1082300 1741.4
1082310 1737.9
1082320 1733.0
1082330 1733.0
1082340 1730.8
1082350 1728.0
1082360 1728.0
1082370 1727.8
1082380 1726.3
1082390 1726.3
1082400 1722.8
1082410 1718.5
1082420 1718.5
1082430 1716.1
1082440 1713.1
1082450 1713.1
1082460 1708.6
1082470 1702.7
1082480 1698.3
1082490 1698.3
1082500 1695.8
1082510 1693.1
1082520 1693.1
1082530 1688.8
1082540 1685.6
1082550 1685.6
1082560 1683.0
1082570 1678.9
1082580 1678.9
1082590 1674.5
1082600 1670.9
1082610 1664.4
1082620 1660.8
1082630 1655.3
1082640 1655.3
1082650 1649.7
1082660 1643.1
1082670 1643.1
1082680 1640.5
1082690 1637.5
1082700 1637.5
1082710 1631.6
1082720 1622.8
1082730 1602.8
1082740 1602.8
1082750 1589.5
1082760 1580.4
1082770 1580.4
1082780 1574.5
1082790 1569.6
1082800 1569.6
1082810 1564.2
1082820 1558.7
1082830 1558.7
1082840 1553.9
1082850 1549.1
1082860 1549.1
1082870 1543.7
1082880 1537.7
1082890 1537.7
1082900 1532.3
1082910 1528.8
1082920 1528.8
1082930 1516.5
1082940 1512.0
1082950 1507.5
1082960 1507.5
1082970 1502.0
1082980 1495.3
1082990 1495.3
1083000 1486.8
1083010 1477.1
1083020 1477.1
1083030 1469.8
1083040 1463.4
1083050 1463.4
1083060 1457.6
1083070 1452.8
1083080 1452.8
1083090 1447.0
1083100 1441.1
1083110 1441.1
1083120 1434.9
1083130 1429.0
1083140 1429.0
1083150 1422.8
1083160 1417.9
1083170 1412.8
1083180 1412.8
1083190 1406.9
1083200 1400.7
1083210 1400.7
1083220 1396.7
1083230 1394.6
1083240 1392.0
1083250 1388.4
1083260 1383.5
1083270 1383.5
1083280 1379.4
1083290 1374.8
1083300 1374.8
1083310 1370.2
1083320 1365.4
1083330 1365.4
1083340 1360.9
1083350 1357.2
1083360 1357.2
1083370 1352.6
1083380 1348.1
1083390 1344.2
1083400 1344.2
1083410 1340.5
1083420 1335.9
1083430 1335.9
1083440 1330.8
1083450 1326.3
1083460 1326.3
1083470 1321.4
1083480 1315.3
1083490 1315.3
1083500 1309.0
1083510 1301.5
1083520 1301.5
1083530 1293.1
1083540 1286.1
1083550 1286.1
1083560 1280.2
1083570 1274.2
1083580 1274.2
1083590 1266.5
1083600 1256.9
1083610 1256.9
1083620 1248.2
1083630 1241.7
1083640 1237.5
1083650 1237.5
1083660 1235.0
1083670 1230.6
1083680 1230.6
1083690 1230.1
1083700 1229.0
1083710 1229.0
1083720 1228.4
1083730 1227.2
1083740 1227.2
1083750 1225.2
1083760 1224.2
1083770 1224.2
1083780 1222.8
1083790 1221.5
1083800 1221.5
1083810 1219.8
1083820 1216.4
1083830 1216.4
1083840 1215.5
1083850 1216.9
1083860 1224.3
1083870 1224.3
1083880 1228.3
1083890 1228.8
1083900 1228.8
1083910 1230.2
1083920 1232.3
1083930 1232.3
1083940 1235.5
1083950 1238.3
1083960 1238.3
1083970 1240.5
1083980 1243.7
1083990 1243.7
1084000 1247.6
1084010 1250.1
1084020 1250.1
1084030 1252.1
1084040 1254.6
1084050 1254.6
1084060 1256.9
1084070 1259.2
1084080 1260.5
1084090 1260.5
1084100 1262.2
1084110 1265.0
1084120 1265.0
1084130 1269.4
1084140 1275.3
1084150 1275.3
1084160 1283.2
1084170 1290.0
1084180 1290.0
1084190 1298.1
1084200 1305.2
1084210 1305.2
1084220 1312.5
1084230 1319.6
1084240 1319.6
1084250 1326.6
1084260 1333.7
1084270 1333.7
1084280 1342.9
1084290 1363.5
1084300 1363.5
1084310 1395.6
1084320 1424.6
1084330 1433.7
1084340 1433.7
1084350 1442.1
1084360 1448.5
1084370 1448.5
1084380 1453.1
1084390 1456.4
1084400 1456.4
1084410 1459.5
1084420 1462.9
1084430 1462.9
1084440 1467.4
1084450 1472.4
1084460 1472.4
1084470 1477.7
1084480 1482.5
1084490 1482.5
1084500 1486.0
1084510 1485.7
1084520 1485.7
1084530 1488.7
1084540 1492.3
1084550 1496.1
1084560 1496.1
1084570 1498.7
1084580 1502.0
1084590 1502.0
1084600 1506.1
1084610 1509.5
1084620 1509.5
1084630 1513.7
1084640 1518.9
1084650 1518.9
1084660 1523.3
1084670 1528.7
1084680 1528.7
1084690 1534.9
1084700 1541.1
1084710 1541.1
1084720 1546.5
1084730 1551.1
1084740 1551.1
1084750 1555.4
1084760 1560.2
1084770 1564.3
1084780 1564.3
1084790 1568.2
1084800 1572.3
1084810 1572.3
1084820 1576.1
1084830 1580.3
1084840 1580.3
1084850 1584.5
1084860 1588.9
1084870 1588.9
1084880 1593.5
1084890 1598.4
1084900 1598.4
1084910 1603.2
1084920 1608.3
1084930 1608.3
1084940 1613.4
1084950 1618.5
1084960 1618.5
1084970 1623.9
1084980 1629.4
1084990 1634.5
1085000 1634.5
1085010 1639.7
1085020 1644.5
1085030 1644.5
1085040 1649.3
1085050 1654.6
1085060 1654.6
1085070 1659.7
1085080 1665.0
1085090 1665.0
1085100 1670.3
1085110 1675.5
1085120 1675.5
1085130 1680.8
1085140 1685.6
1085150 1687.9
1085160 1692.1
1085170 1696.8
1085180 1696.8
1085190 1702.1
1085200 1707.5
1085210 1707.5
1085220 1713.2
1085230 1719.1
1085240 1725.0
1085250 1725.0
1085260 1730.1
1085270 1734.4
1085280 1734.4
1085290 1738.2
1085300 1742.8
1085310 1742.8
1085320 1747.6
1085330 1752.5
1085340 1752.5
1085350 1758.0
1085360 1764.6
1085370 1764.6
1085380 1771.5
1085390 1778.0
1085400 1778.0
1085410 1784.1
1085420 1790.3
1085430 1790.3
1085440 1797.3
1085450 1804.9
1085460 1812.6
1085470 1812.6
1085480 1819.4
1085490 1826.9
1085500 1826.9
1085510 1836.1
1085520 1846.5
1085530 1846.5
1085540 1856.2
1085550 1862.2
1085560 1862.2
1085570 1866.3
1085580 1869.9
1085590 1869.9
1085600 1872.5
1085610 1874.7
1085620 1874.7
1085630 1878.0
1085640 1883.5
1085650 1883.5
1085660 1890.5
1085670 1896.4
1085680 1903.0
1085690 1903.0
1085700 1909.9
1085710 1916.4
1085720 1916.4
1085730 1925.0
1085740 1934.5
1085750 1934.5
1085760 1944.9
1085770 1952.2
1085780 1951.1
1085790 1961.2
1085800 1969.9
1085810 1969.9
1085820 1977.8
1085830 1985.0
1085840 1985.0
1085850 1991.9
1085860 2001.0
1085870 2001.0
1085880 2006.9
1085890 2012.5
1085900 2012.5
1085910 2020.2
1085920 2031.6
1085930 2038.2
1085940 2038.2
1085950 2052.8
1085960 2065.8
1085970 2065.8
1085980 2078.3
1085990 2084.9
1086000 2084.9
1086010 2091.0
1086020 2097.6
1086030 2097.6
1086040 2104.8
1086050 2111.5
1086060 2111.5
1086070 2116.2
1086080 2121.9
1086090 2121.9
1086100 2135.0
1086110 2139.5
1086120 2139.5
1086130 2144.6
1086140 2153.8
1086150 2160.7
1086160 2160.7
1086170 2167.3
1086180 2170.6
1086190 2170.6
1086200 2180.4
1086210 2188.9
1086220 2188.9
1086230 2195.1
1086240 2200.2
1086250 2200.2
1086260 2206.6
1086270 2216.1
1086280 2216.1
1086290 2225.5
1086300 2233.0
1086310 2233.0
1086320 2239.5
1086330 2245.6
1086340 2245.6
1086350 2252.1
1086360 2257.7
1086370 2264.5
1086380 2264.5
1086390 2272.2
1086400 2279.4
1086410 2279.4
1086420 2290.6
1086430 2297.8
1086440 2297.8
1086450 2305.4
1086460 2313.8
1086470 2313.8
1086480 2321.6
1086490 2328.1
1086500 2328.1
1086510 2336.4
1086520 2343.2
1086530 2343.2
1086540 2348.4
1086550 2354.4
1086560 2354.4
1086570 2360.7
1086580 2368.5
1086590 2368.5
1086600 2376.5
1086610 2385.1
1086620 2394.1
1086630 2394.1
1086640 2402.9
1086650 2408.9
1086660 2408.9
1086670 2416.3
1086680 2424.0
1086690 2424.0
1086700 2433.1
1086710 2441.9
1086720 2441.9
1086730 2447.9
1086740 2446.5
1086750 2446.5
1086760 2431.2
1086770 2415.6
1086780 2415.6
1086790 2407.0
1086800 2400.8
1086810 2400.8
1086820 2395.2
1086830 2389.6
1086840 2383.9
1086850 2383.9
1086860 2378.1
1086870 2371.9
1086880 2371.9
1086890 2366.2
1086900 2361.3
1086910 2361.3
1086920 2356.6
1086930 2353.0
1086940 2353.0
1086950 2351.2
1086960 2352.6
1086970 2352.6
1086980 2354.6
1086990 2355.9
1087000 2355.9
1087010 2355.2
1087020 2355.0
1087030 2355.0
1087040 2354.9
1087050 2354.0
1087060 2360.0
1087070 2360.0
1087080 2361.7
1087090 2363.6
1087100 2363.6
1087110 2365.3
1087120 2366.5
1087130 2366.5
1087140 2366.7
1087150 2367.2
1087160 2367.2
1087170 2369.9
1087180 2376.9
1087190 2376.9
1087200 2377.2
1087210 2383.9
1087220 2383.9
1087230 2389.7
1087240 2386.1
1087250 2386.1
1087260 2389.3
1087270 2394.3
1087280 2395.9
1087290 2395.9
1087300 2394.6
1087310 2395.2
1087320 2395.2
1087330 2395.5
1087340 2395.3
1087350 2395.3
1087360 2394.8
1087370 2393.6
1087380 2401.1
1087390 2404.5
1087400 2407.5
1087410 2407.5
1087420 2407.0
1087430 2397.7
1087440 2397.7
1087450 2387.4
1087460 2377.5
1087470 2377.5
1087480 2365.8
1087490 2361.4
1087500 2361.4
1087510 2349.1
1087520 2339.1
1087530 2327.0
1087540 2327.0
1087550 2318.4
1087560 2309.0
1087570 2309.0
1087580 2300.6
1087590 2291.6
1087600 2291.6
1087610 2279.7
1087620 2272.5
1087630 2272.5
1087640 2251.0
1087650 2250.1
1087660 2250.1
1087670 2254.7
1087680 2241.0
1087690 2241.0
1087700 2233.1
1087710 2219.1
1087720 2219.1
1087730 2207.7
1087740 2192.4
1087750 2156.9
1087760 2156.9
1087770 2138.6
1087780 2130.1
1087790 2130.1
1087800 2122.5
1087810 2114.8
1087820 2114.8
1087830 2106.7
1087840 2094.9
1087850 2094.9
1087860 2080.4
1087870 2066.3
1087880 2066.3
1087890 2058.9
1087900 2053.7
1087910 2053.7
1087920 2048.2
1087930 2043.7
1087940 2043.7
1087950 2039.1
1087960 2034.5
1087970 2030.7
1087980 2030.7
1087990 2027.7
1088000 2023.5
1088010 2023.5
1088020 2018.0
1088030 2014.0
1088040 2014.0
1088050 2010.5
1088060 2006.9
1088070 2006.9
1088080 2003.5
1088090 2000.3
1088100 2000.3
1088110 1997.0
1088120 1993.9
1088130 1993.9
1088140 1992.3
1088150 1993.7
1088160 1993.7
1088170 1996.6
1088180 2000.2
1088190 2000.2
1088200 2001.4
1088210 2002.5
1088220 2002.1
1088230 2002.1
1088240 2000.3
1088250 2001.7
1088260 2001.7
1088270 2002.8
1088280 2002.4
1088290 2002.4
1088300 1998.2
1088310 1992.1
1088320 1992.1
1088330 1983.0
1088340 1975.9
1088350 1975.9
1088360 1969.9
1088370 1963.7
1088380 1963.7
1088390 1958.1
1088400 1952.4
1088410 1952.4
1088420 1947.7
1088430 1943.9
1088440 1940.0
1088450 1940.0
1088460 1935.4
1088470 1930.0
1088480 1930.0
1088490 1924.3
1088500 1918.2
1088510 1918.2
1088520 1911.4
1088530 1902.2
1088540 1902.2
1088550 1893.0
1088560 1885.0
1088570 1885.0
1088580 1879.2
1088590 1873.9
1088600 1873.9
1088610 1869.3
1088620 1865.8
1088630 1865.8
1088640 1862.5
1088650 1859.2
1088660 1856.3
1088670 1856.3
1088680 1853.8
1088690 1851.1
1088700 1851.1
1088710 1850.2
1088720 1848.5
1088730 1848.5
1088740 1846.0
1088750 1842.5
1088760 1842.5
1088770 1839.5
1088780 1834.8
1088790 1834.8
1088800 1832.3
1088810 1836.6
1088820 1836.6
1088830 1837.2
1088840 1832.7
1088850 1832.7
1088860 1826.4
1088870 1823.0
1088880 1817.1
1088890 1817.1
1088900 1815.0
1088910 1815.8
1088920 1815.8
1088930 1812.6
1088940 1808.6
1088950 1808.6
1088960 1802.8
1088970 1801.3
1088980 1798.6
1088990 1796.9
1089000 1793.0
1089010 1793.0
1089020 1788.5
1089030 1784.2
1089040 1784.2
1089050 1779.0
1089060 1778.6
1089070 1778.6
1089080 1778.2
1089090 1779.1
1089100 1779.1
1089110 1780.4
1089120 1782.5
1089130 1783.7
1089140 1783.7
1089150 1784.1
1089160 1786.3
1089170 1786.3
1089180 1787.8
1089190 1788.7
1089200 1788.7
1089210 1788.7
1089220 1787.9
1089230 1787.9
1089240 1788.1
1089250 1795.5
1089260 1795.5
1089270 1807.6
1089280 1815.5
1089290 1815.5
1089300 1805.7
1089310 1806.6
1089320 1806.6
1089330 1811.7
1089340 1816.0
1089350 1821.5
1089360 1821.5
1089370 1828.3
1089380 1834.6
1089390 1834.6
1089400 1843.5
1089410 1853.8
1089420 1853.8
1089430 1865.4
1089440 1883.5
1089450 1883.5
1089460 1892.6
1089470 1896.8
1089480 1896.8
1089490 1900.9
1089500 1909.8
1089510 1909.8
1089520 1909.5
1089530 1916.3
1089540 1916.3
1089550 1921.1
1089560 1918.7
1089570 1923.7
1089580 1923.7
1089590 1927.8
1089600 1926.3
1089610 1926.3
1089620 1920.4
1089630 1919.4
1089640 1919.4
1089650 1918.4
1089660 1912.8
1089670 1912.8
1089680 1912.1
1089690 1909.7
1089700 1909.7
1089710 1909.1
1089720 1913.1
1089730 1913.1
1089740 1908.1
1089750 1899.3
1089760 1899.3
1089770 1893.3
1089780 1890.1
1089790 1890.1
1089800 1889.7
1089810 1890.1
1089820 1889.2
1089830 1889.2
1089840 1887.7
1089850 1888.1
1089860 1888.1
1089870 1889.1
1089880 1885.9
1089890 1885.9
1089900 1886.5
1089910 1884.0
1089920 1884.0
1089930 1881.4
1089940 1876.1
1089950 1876.1
1089960 1873.6
1089970 1867.5
1089980 1867.5
1089990 1863.8
1090000 1858.8
1090010 1858.8
1090020 1852.9
1090030 1851.3
1090040 1850.4
1090050 1850.4
1090060 1844.3
1090070 1837.1
1090080 1837.1
1090090 1830.7
1090100 1827.0
1090110 1827.0
1090120 1822.8
1090130 1819.1
1090140 1819.1
1090150 1816.0
1090160 1812.9
1090170 1812.9
1090180 1810.5
1090190 1809.1
1090200 1809.1
1090210 1807.8
1090220 1807.7
1090230 1807.7
1090240 1808.2
1090250 1807.8
1090260 1802.6
1090270 1802.6
1090280 1799.2
1090290 1796.6
1090300 1796.6
1090310 1793.2
1090320 1788.1
1090330 1788.1
1090340 1783.3
1090350 1779.2
1090360 1779.2
1090370 1774.1
1090380 1768.5
1090390 1768.5
1090400 1763.3
1090410 1757.9
1090420 1757.9
1090430 1752.0
1090440 1746.7
1090450 1746.7
1090460 1742.6
1090470 1738.8
1090480 1736.6
1090490 1736.6
1090500 1735.6
1090510 1734.3
1090520 1734.3
1090530 1733.0
1090540 1732.0
1090550 1732.0
1090560 1731.5
1090570 1729.9
1090580 1726.8
1090590 1725.7
1090600 1724.5
1090610 1724.5
1090620 1721.8
1090630 1717.9
1090640 1717.9
1090650 1713.9
1090660 1710.4
1090670 1710.4
1090680 1711.6
1090690 1712.9
1090700 1712.9
1090710 1713.7
1090720 1716.3
1090730 1718.2
1090740 1718.2
1090750 1718.5
1090760 1714.1
1090770 1714.1
1090780 1707.4
1090790 1700.5
1090800 1700.5
1090810 1694.9
1090820 1688.2
1090830 1688.2
1090840 1679.3
1090850 1669.4
1090860 1669.4
1090870 1660.2
1090880 1651.8
1090890 1651.8
1090900 1643.8
1090910 1634.7
1090920 1634.7
1090930 1624.7
1090940 1615.5
1090950 1608.0
1090960 1608.0
1090970 1600.4
1090980 1590.8
1090990 1590.8
1091000 1580.7
1091010 1572.1
1091020 1572.1
1091030 1562.4
1091040 1551.0
1091050 1551.0
1091060 1541.9
1091070 1533.0
1091080 1533.0
1091090 1523.1
1091100 1516.5
1091110 1516.5
1091120 1521.2
1091130 1528.6
1091140 1528.6
1091150 1537.5
1091160 1546.9
1091170 1556.6
1091180 1556.6
1091190 1562.0
1091200 1570.0
1091210 1570.0
1091220 1576.0
1091230 1572.1
1091240 1572.1
1091250 1574.2
1091260 1575.3
1091270 1575.3
1091280 1578.1
1091290 1578.5
1091300 1578.5
1091310 1577.0
1091320 1574.8
1091330 1574.8
1091340 1572.1
1091350 1568.6
1091360 1568.6
1091370 1564.4
1091380 1559.7
1091390 1554.8
1091400 1554.8
1091410 1550.1
1091420 1545.6
1091430 1545.6
1091440 1541.1
1091450 1537.1
1091460 1537.1
1091470 1533.2
1091480 1530.0
1091490 1530.0
1091500 1526.9
1091510 1523.4
1091520 1523.4
1091530 1519.1
1091540 1514.6
1091550 1510.0
1091560 1505.5
1091570 1501.2
1091580 1501.2
1091590 1498.1
1091600 1494.9
1091610 1494.9
1091620 1490.2
1091630 1482.7
1091640 1477.7
1091650 1477.7
1091660 1475.8
1091670 1476.0
1091680 1476.0
1091690 1475.0
1091700 1472.7
1091710 1472.7
1091720 1470.2
1091730 1468.0
1091740 1468.0
1091750 1466.7
1091760 1465.9
1091770 1465.9
1091780 1463.9
1091790 1461.7
1091800 1461.7
1091810 1459.6
1091820 1456.3
1091830 1456.3
1091840 1453.8
1091850 1451.8
1091860 1450.4
1091870 1444.7
1091880 1443.2
1091890 1441.3
1091900 1441.3
1091910 1438.3
1091920 1435.5
1091930 1435.5
1091940 1434.2
1091950 1433.6
1091960 1433.6
1091970 1433.5
1091980 1433.4
1091990 1433.4
1092000 1431.8
1092010 1427.6
1092020 1427.6
1092030 1426.0
1092040 1427.4
1092050 1427.4
1092060 1425.0
1092070 1421.5
1092080 1420.4
1092090 1420.4
1092100 1420.8
1092110 1421.4
1092120 1421.4
1092130 1421.2
1092140 1421.0
1092150 1421.0
1092160 1420.3
1092170 1417.0
1092180 1417.0
1092190 1415.8
1092200 1414.9
1092210 1414.9
1092220 1415.2
1092230 1415.7
1092240 1415.7
1092250 1416.6
1092260 1417.5
1092270 1417.5
1092280 1420.6
1092290 1423.3
1092300 1423.3
1092310 1425.0
1092320 1425.7
1092330 1425.1
1092340 1425.1
1092350 1423.7
1092360 1422.1
1092370 1422.1
1092380 1420.4
1092390 1419.2
1092400 1419.2
1092410 1417.5
1092420 1414.3
1092430 1414.3
1092440 1409.6
1092450 1405.7
1092460 1405.7
1092470 1404.2
1092480 1404.3
1092490 1404.3
1092500 1403.1
1092510 1402.6
1092520 1397.0
1092530 1396.2
1092540 1394.4
1092550 1391.0
1092560 1391.0
1092570 1386.5
1092580 1381.7
1092590 1381.7
1092600 1376.5
1092610 1371.6
1092620 1371.6
1092630 1368.4
1092640 1365.9
1092650 1365.9
1092660 1363.0
1092670 1360.4
1092680 1360.4
1092690 1359.0
1092700 1359.4
1092710 1359.4
1092720 1359.6
1092730 1358.8
1092740 1358.8
1092750 1358.8
1092760 1358.6
1092770 1357.6
1092780 1357.6
1092790 1355.4
1092800 1350.9
1092810 1350.9
1092820 1346.3
1092830 1345.6
1092840 1341.8
1092850 1342.8
1092860 1342.8
1092870 1342.8
1092880 1342.5
1092890 1342.9
1092900 1342.9
1092910 1342.3
1092920 1341.4
1092930 1341.4
1092940 1344.3
1092950 1346.9
1092960 1346.9
1092970 1346.8
1092980 1345.5
1092990 1344.1
1093000 1344.1
1093010 1339.0
1093020 1331.5
1093030 1331.5
1093040 1327.2
1093050 1324.4
1093060 1324.4
1093070 1321.3
1093080 1317.0
1093090 1317.0
1093100 1317.8
1093110 1317.8
1093120 1317.8
1093130 1316.8
1093140 1315.9
1093150 1315.9
1093160 1314.7
1093170 1308.7
1093180 1308.7
1093190 1306.5
1093200 1303.5
1093210 1303.5
1093220 1305.8
1093230 1307.5
1093240 1307.6
1093250 1307.6
1093260 1308.3
1093270 1309.8
1093280 1309.8
1093290 1309.4
1093300 1308.2
1093310 1308.2
1093320 1306.3
1093330 1305.9
1093340 1305.9
1093350 1305.8
1093360 1305.7
1093370 1305.7
1093380 1304.6
1093390 1301.8
1093400 1301.8
1093410 1302.9
1093420 1302.7
1093430 1302.7
1093440 1299.2
1093450 1294.8
1093460 1290.6
1093470 1290.6
1093480 1288.9
1093490 1284.0
1093500 1284.0
1093510 1281.0
1093520 1279.6
1093530 1279.6
1093540 1278.8
1093550 1277.8
1093560 1277.8
1093570 1275.5
1093580 1272.7
1093590 1272.7
1093600 1271.3
1093610 1268.9
1093620 1268.9
1093630 1267.8
1093640 1267.6
1093650 1267.6
1093660 1266.8
1093670 1265.3
1093680 1264.2
1093690 1264.2
1093700 1262.5
1093710 1258.6
1093720 1258.6
1093730 1252.8
1093740 1245.7
1093750 1245.7
1093760 1239.5
1093770 1234.6
1093780 1234.6
1093790 1226.3
1093800 1216.6
1093810 1216.6
1093820 1201.2
1093830 1192.9
1093840 1192.9
1093850 1184.9
1093860 1186.9
1093870 1186.9
1093880 1190.3
1093890 1189.6
1093900 1189.6
1093910 1188.4
1093920 1187.2
1093930 1183.8
1093940 1183.8
1093950 1180.3
1093960 1177.6
1093970 1177.6
1093980 1176.1
1093990 1176.3
1094000 1176.3
1094010 1178.8
1094020 1179.8
1094030 1179.8
1094040 1177.1
1094050 1171.4
1094060 1171.4
1094070 1159.7
1094080 1153.9
1094090 1153.9
1094100 1155.6
1094110 1165.9
1094120 1165.9
1094130 1172.3
1094140 1158.7
1094150 1153.6
1094160 1153.6
1094170 1148.0
1094180 1142.1
1094190 1142.1
1094200 1140.6
1094210 1139.5
1094220 1139.5
1094230 1138.2
1094240 1136.4
1094250 1136.4
1094260 1135.2
1094270 1134.8
1094280 1134.8
1094290 1135.8
1094300 1137.2
1094310 1137.2
1094320 1138.5
1094330 1138.5
1094340 1138.5
1094350 1137.3
1094360 1138.2
1094370 1138.7
1094380 1138.7
1094390 1139.0
1094400 1140.4
1094410 1140.4
1094420 1141.7
1094430 1143.3
1094440 1143.3
1094450 1145.6
1094460 1147.5
1094470 1156.5
1094480 1156.2
1094490 1155.0
1094500 1155.0
1094510 1159.9
1094520 1167.9
1094530 1167.9
1094540 1174.9
1094550 1185.5
1094560 1185.5
1094570 1197.0
1094580 1206.9
1094590 1210.5
1094600 1210.5
1094610 1206.2
1094620 1198.1
1094630 1198.1
1094640 1189.3
1094650 1179.9
1094660 1179.9
1094670 1170.3
1094680 1159.3
1094690 1159.3
1094700 1147.7
1094710 1137.0
1094720 1137.0
1094730 1138.3
1094740 1148.2
1094750 1148.2
1094760 1155.7
1094770 1161.5
1094780 1161.5
1094790 1172.1
1094800 1179.8
1094810 1179.8
1094820 1187.9
1094830 1195.3
1094840 1193.0
1094850 1193.0
1094860 1184.2
1094870 1178.1
1094880 1178.1
1094890 1172.0
1094900 1165.7
1094910 1165.7
1094920 1161.6
1094930 1154.6
1094940 1154.6
1094950 1145.3
1094960 1134.0
1094970 1134.0
1094980 1123.1
1094990 1113.4
1095000 1113.4
1095010 1105.4
1095020 1096.3
1095030 1096.3
1095040 1094.6
1095050 1096.3
1095060 1098.2
1095070 1098.2
1095080 1096.5
1095090 1094.0
1095100 1094.0
1095110 1097.7
1095120 1104.9
1095130 1104.9
1095140 1108.5
1095150 1110.9
1095160 1110.9
1095170 1112.8
1095180 1115.4
1095190 1115.4
1095200 1117.7
1095210 1118.0
1095220 1118.0
1095230 1119.2
1095240 1119.8
1095250 1119.8
1095260 1120.3
1095270 1122.9
1095280 1128.6
1095290 1128.6
1095300 1132.5
1095310 1134.5
1095320 1134.5
1095330 1136.2
1095340 1138.1
1095350 1138.1
1095360 1140.4
1095370 1142.7
1095380 1142.7
1095390 1144.6
1095400 1147.4
1095410 1147.4
1095420 1149.9
1095430 1152.7
1095440 1154.6
1095450 1158.1
1095460 1161.4
1095470 1161.4
1095480 1163.3
1095490 1165.0
1095500 1165.0
1095510 1167.0
1095520 1168.0
1095530 1168.5
1095540 1168.5
1095550 1169.6
1095560 1170.4
1095570 1170.4
1095580 1171.5
1095590 1172.7
1095600 1172.7
1095610 1173.6
1095620 1173.8
1095630 1173.8
1095640 1174.2
1095650 1176.2
1095660 1176.2
1095670 1177.7
1095680 1178.1
1095690 1178.1
1095700 1178.3
1095710 1179.0
1095720 1179.0
1095730 1179.7
1095740 1180.1
1095750 1179.4
1095760 1179.4
1095770 1182.5
1095780 1183.2
1095790 1183.2
1095800 1182.9
1095810 1182.3
1095820 1182.3
1095830 1181.8
1095840 1180.8
1095850 1180.8
1095860 1179.1
1095870 1176.6
1095880 1176.6
1095890 1173.8
1095900 1171.3
1095910 1171.3
1095920 1170.3
1095930 1169.9
1095940 1169.9
1095950 1170.7
1095960 1170.8
1095970 1170.6
1095980 1170.6
1095990 1171.0
1096000 1171.5
1096010 1171.5
1096020 1171.7
1096030 1172.0
1096040 1172.0
1096050 1172.3
1096060 1173.1
1096070 1173.1
1096080 1173.4
1096090 1173.3
1096100 1175.2
1096110 1174.6
1096120 1174.1
1096130 1174.1
1096140 1173.7
1096150 1174.1
1096160 1174.1
1096170 1175.2
1096180 1177.0
1096190 1178.8
1096200 1178.8
1096210 1180.0
1096220 1180.3
1096230 1180.3
1096240 1180.3
1096250 1180.0
1096260 1180.0
1096270 1180.4
1096280 1181.0
1096290 1181.0
1096300 1181.1
1096310 1180.4
1096320 1180.4
1096330 1178.9
1096340 1176.8
1096350 1176.8
1096360 1175.7
1096370 1175.0
1096380 1175.0
1096390 1174.3
1096400 1174.9
1096410 1174.9
1096420 1178.4
1096430 1178.3
1096440 1177.3
1096450 1177.3
1096460 1174.3
1096470 1170.5
1096480 1170.5
1096490 1167.7
1096500 1166.5
1096510 1166.5
1096520 1165.1
1096530 1163.0
1096540 1163.0
1096550 1162.6
1096560 1165.4
1096570 1165.4
1096580 1167.5
1096590 1169.9
1096600 1169.9
1096610 1170.4
1096620 1168.1
1096630 1168.1
1096640 1169.6
1096650 1173.7
1096660 1174.1
1096670 1174.1
1096680 1172.2
1096690 1171.4
1096700 1171.4
1096710 1172.8
1096720 1174.0
1096730 1174.0
1096740 1175.3
1096750 1177.9
1096760 1177.9
1096770 1179.7
1096780 1180.9
1096790 1180.9
1096800 1181.5
1096810 1181.0
1096820 1181.0
1096830 1179.0
1096840 1175.9
1096850 1175.9
1096860 1173.7
1096870 1171.9
1096880 1169.7
1096890 1169.7
1096900 1166.2
1096910 1162.5
1096920 1162.5
1096930 1160.1
1096940 1158.6
1096950 1158.6
1096960 1158.2
1096970 1157.6
1096980 1157.6
1096990 1156.9
1097000 1157.1
1097010 1157.1
1097020 1157.0
1097030 1155.4
1097040 1155.4
1097050 1152.1
1097060 1146.8
1097070 1146.8
1097080 1145.6
1097090 1142.3
1097100 1140.3
1097110 1140.3
1097120 1137.2
1097130 1135.2
1097140 1135.2
1097150 1136.3
1097160 1134.7
1097170 1134.7
1097180 1130.8
1097190 1125.4
1097200 1125.4
1097210 1121.5
1097220 1119.4
1097230 1119.4
1097240 1117.4
1097250 1115.0
1097260 1115.0
1097270 1112.1
1097280 1108.9
1097290 1108.9
1097300 1105.0
1097310 1097.6
1097320 1097.6
1097330 1090.2
1097340 1083.8
1097350 1078.9
1097360 1078.9
1097370 1073.6
1097380 1068.0
1097390 1068.0
1097400 1062.6
1097410 1057.5
1097420 1057.5
1097430 1051.2
1097440 1047.2
1097450 1047.2
1097460 1044.1
1097470 1040.1
1097480 1040.1
1097490 1036.0
1097500 1033.3
1097510 1033.3
1097520 1031.4
1097530 1028.9
1097540 1028.9
1097550 1026.3
1097560 1023.1
1097570 1020.3
1097580 1020.3
1097590 1018.4
1097600 1017.8
1097610 1017.8
1097620 1016.1
1097630 1014.0
1097640 1014.0
1097650 1011.6
1097660 1009.2
1097670 1009.2
1097680 1004.0
1097690 996.0
1097700 996.0
1097710 986.9
1097720 978.9
1097730 982.0
1097740 974.7
1097750 969.1
1097760 969.1
1097770 962.1
1097780 956.6
1097790 952.7
1097800 952.7
1097810 950.7
1097820 946.4
1097830 946.4
1097840 936.6
1097850 924.9
1097860 924.9
1097870 919.8
1097880 924.4
1097890 924.4
1097900 929.7
1097910 931.0
1097920 931.0
1097930 930.8
1097940 929.4
1097950 929.4
1097960 926.2
1097970 923.9
1097980 923.9
1097990 924.7
1098000 927.0
1098010 927.0
1098020 929.4
1098030 928.0
1098040 926.1
1098050 926.1
1098060 927.3
1098070 922.6
1098080 922.6
1098090 918.1
1098100 912.5
1098110 912.5
1098120 907.2
1098130 903.4
1098140 903.4
1098150 897.2
1098160 892.9
1098170 892.9
1098180 891.0
1098190 885.1
1098200 885.1
1098210 879.3
1098220 880.1
1098230 880.1
1098240 888.1
1098250 892.4
1098260 894.3
1098270 894.3
1098280 894.8
1098290 894.5
1098300 894.5
1098310 893.4
1098320 890.0
1098330 890.0
1098340 884.3
1098350 877.9
1098360 877.9
1098370 872.2
1098380 867.9
1098390 870.1
1098400 866.4
1098410 865.0
1098420 865.0
1098430 864.3
1098440 861.8
1098450 861.8
1098460 854.7
1098470 849.0
1098480 850.0
1098490 850.0
1098500 856.4
1098510 861.9
1098520 861.9
1098530 864.2
1098540 866.7
1098550 866.7
1098560 868.4
1098570 869.6
1098580 869.6
1098590 870.1
1098600 870.8
1098610 870.8
1098620 871.7
1098630 871.9
1098640 871.9
1098650 871.6
1098660 871.4
1098670 871.4
1098680 870.7
1098690 869.9
1098700 870.0
1098710 870.0
1098720 878.2
1098730 879.1
1098740 879.1
1098750 882.9
1098760 884.7
1098770 884.7
1098780 884.2
1098790 885.0
1098800 885.0
1098810 886.2
1098820 887.8
1098830 887.8
1098840 891.4
1098850 895.3
1098860 895.3
1098870 899.7
1098880 903.1
1098890 903.1
1098900 903.9
1098910 904.8
1098920 904.8
1098930 905.4
1098940 906.7
1098950 907.2
1098960 907.2
1098970 907.7
1098980 908.1
1098990 908.1
1099000 907.5
1099010 907.3
1099020 907.3
1099030 906.6
1099040 905.5
1099050 907.9
1099060 906.2
1099070 906.0
1099080 906.0
1099090 906.2
1099100 906.7
1099110 906.7
1099120 908.9
1099130 912.7
1099140 912.7
1099150 917.0
1099160 920.8
1099170 922.9
1099180 922.9
1099190 922.8
1099200 921.7
1099210 921.7
1099220 921.1
1099230 921.7
1099240 921.7
1099250 922.9
1099260 923.3
1099270 923.3
1099280 921.6
1099290 921.7
1099300 921.7
1099310 922.3
1099320 922.1
1099330 922.1
1099340 920.6
1099350 918.2
1099360 918.2
1099370 913.9
1099380 911.8
1099390 909.0
1099400 909.0
1099410 905.7
1099420 902.3
1099430 902.3
1099440 898.3
1099450 895.8
1099460 895.8
1099470 894.1
1099480 892.4
1099490 892.4
1099500 891.1
1099510 888.9
1099520 888.9
1099530 886.2
1099540 883.6
1099550 883.6
1099560 880.9
1099570 877.7
1099580 877.7
1099590 875.3
1099600 873.0
1099610 872.1
1099620 872.1
1099630 871.7
1099640 870.8
1099650 870.8
1099660 868.8
1099670 866.4
1099680 866.4
1099690 863.9
1099700 860.5
1099710 867.6
1099720 865.0
1099730 862.3
1099740 862.3
1099750 858.5
1099760 854.7
1099770 854.7
1099780 850.8
1099790 847.4
1099800 847.4
1099810 844.0
1099820 840.5
1099830 840.5
1099840 837.3
1099850 833.2
1099860 831.2
1099870 831.2
1099880 827.6
1099890 826.6
1099900 826.6
1099910 825.1
1099920 824.9
1099930 824.9
1099940 824.8
1099950 826.3
1099960 826.3
1099970 830.7
1099980 837.8
1099990 837.8
