1080000 1721.1
1080010 1721.1
1080020 1720.7
1080030 1720.9
1080040 1720.9
1080050 1721.8
1080060 1721.6
1080070 1721.6
1080080 1722.5
1080090 1722.3
1080100 1722.3
1080110 1721.9
1080120 1722.1
1080130 1722.1
1080140 1720.7
1080150 1720.8
1080160 1720.8
1080170 1725.3
1080180 1735.0
1080190 1735.0
1080200 1741.0
1080210 1746.5
1080220 1751.2
1080230 1751.2
1080240 1757.2
1080250 1761.1
1080260 1761.1
1080270 1766.6
1080280 1771.7
1080290 1771.7
1080300 1773.3
1080310 1770.0
1080320 1770.0
1080330 1771.6
1080340 1776.1
1080350 1776.1
1080360 1780.6
1080370 1784.2
1080380 1784.2
1080390 1787.9
1080400 1791.6
1080410 1791.6
1080420 1794.6
1080430 1799.2
1080440 1802.3
1080450 1802.3
1080460 1805.4
1080470 1808.6
1080480 1808.6
1080490 1816.8
1080500 1821.5
1080510 1821.5
1080520 1827.4
1080530 1835.4
1080540 1835.4
1080550 1841.2
1080560 1845.8
1080570 1845.8
1080580 1850.4
1080590 1855.2
1080600 1855.2
1080610 1860.5
1080620 1865.9
1080630 1865.9
1080640 1870.6
1080650 1875.3
1080660 1879.8
1080670 1879.8
1080680 1884.4
1080690 1889.4
1080700 1889.4
1080710 1895.1
1080720 1901.2
1080730 1901.2
1080740 1907.4
1080750 1913.7
1080760 1913.7
1080770 1920.2
1080780 1927.1
1080790 1927.1
1080800 1934.2
1080810 1942.7
1080820 1942.7
1080830 1949.9
1080840 1957.1
1080850 1957.1
1080860 1964.3
1080870 1971.7
1080880 1978.8
1080890 1978.8
1080900 1986.2
1080910 1993.7
1080920 1993.7
1080930 2001.3
1080940 2008.8
1080950 2008.8
1080960 2016.4
1080970 2024.1
1080980 2024.1
1080990 2031.7
1081000 2042.6
1081010 2042.6
1081020 2077.4
1081030 2102.0
1081040 2102.0
1081050 2118.6
1081060 2134.6
1081070 2134.6
1081080 2144.4
1081090 2159.9
1081100 2159.9
1081110 2178.0
1081120 2197.6
1081130 2212.0
1081140 2212.0
1081150 2224.6
1081160 2224.7
1081170 2224.7
1081180 2218.0
1081190 2211.6
1081200 2211.6
1081210 2205.4
1081220 2200.7
1081230 2200.7
1081240 2197.1
1081250 2190.1
1081260 2190.1
1081270 2177.7
1081280 2162.7
1081290 2162.7
1081300 2151.5
1081310 2138.3
1081320 2138.3
1081330 2123.0
1081340 2107.9
1081350 2089.8
1081360 2089.8
1081370 2067.8
1081380 2060.0
1081390 2060.0
1081400 2047.7
1081410 2033.9
1081420 2033.9
1081430 2018.8
1081440 2003.6
1081450 2003.6
1081460 1997.4
1081470 1991.1
1081480 1991.1
1081490 1984.8
1081500 1978.6
1081510 1978.6
1081520 1972.5
1081530 1966.8
1081540 1966.8
1081550 1960.7
1081560 1954.5
1081570 1948.6
1081580 1948.6
1081590 1942.4
1081600 1936.4
1081610 1936.4
1081620 1930.3
1081630 1924.5
1081640 1924.5
1081650 1918.7
1081660 1913.0
1081670 1913.0
1081680 1907.4
1081690 1901.8
1081700 1901.8
1081710 1896.4
1081720 1891.1
1081730 1891.1
1081740 1885.8
1081750 1879.0
1081760 1879.0
1081770 1873.9
1081780 1868.9
1081790 1868.9
1081800 1864.3
1081810 1858.2
1081820 1853.1
1081830 1853.1
1081840 1847.9
1081850 1842.9
1081860 1842.9
1081870 1837.6
1081880 1832.8
1081890 1832.8
1081900 1828.9
1081910 1824.3
1081920 1824.3
1081930 1820.3
1081940 1815.9
1081950 1815.9
1081960 1812.6
1081970 1807.6
1081980 1807.6
1081990 1804.0
1082000 1800.3
1082010 1800.3
1082020 1796.9
1082030 1793.0
1082040 1788.4
1082050 1788.4
1082060 1783.4
1082070 1774.3
1082080 1774.3
1082090 1768.7
1082100 1763.3
1082110 1763.3
1082120 1758.3
1082130 1753.6
1082140 1753.6
1082150 1749.4
1082160 1745.1
1082170 1745.1
1082180 1740.4
1082190 1735.4
1082200 1735.4
1082210 1730.2
1082220 1725.1
1082230 1725.1
1082240 1720.1
1082250 1715.3
1082260 1711.2
1082270 1711.2
1082280 1707.1
1082290 1701.8
1082300 1701.8
1082310 1695.9
1082320 1689.5
1082330 1689.5
1082340 1683.4
1082350 1676.7
1082360 1676.7
1082370 1669.5
1082380 1659.4
1082390 1659.4
1082400 1653.5
1082410 1648.0
1082420 1648.0
1082430 1642.6
1082440 1637.3
1082450 1637.3
1082460 1632.0
1082470 1626.9
1082480 1621.5
1082490 1621.5
1082500 1616.1
1082510 1611.9
1082520 1611.9
1082530 1607.7
1082540 1600.0
1082550 1600.0
1082560 1590.8
1082570 1584.1
1082580 1584.1
1082590 1578.9
1082600 1573.5
1082610 1573.5
1082620 1569.6
1082630 1565.4
1082640 1565.4
1082650 1558.2
1082660 1551.2
1082670 1551.2
1082680 1544.3
1082690 1538.4
1082700 1534.0
1082710 1527.6
1082720 1523.8
1082730 1521.2
1082740 1521.2
1082750 1517.7
1082760 1511.9
1082770 1511.9
1082780 1504.9
1082790 1497.5
1082800 1497.5
1082810 1489.7
1082820 1481.3
1082830 1481.3
1082840 1472.5
1082850 1464.3
1082860 1464.3
1082870 1456.4
1082880 1450.1
1082890 1450.1
1082900 1446.2
1082910 1442.6
1082920 1442.6
1082930 1438.2
1082940 1432.6
1082950 1426.8
1082960 1426.8
1082970 1422.0
1082980 1417.8
1082990 1417.8
1083000 1412.8
1083010 1406.9
1083020 1406.9
1083030 1401.6
1083040 1396.6
1083050 1396.6
1083060 1391.7
1083070 1386.7
1083080 1386.7
1083090 1381.5
1083100 1376.9
1083110 1376.9
1083120 1372.2
1083130 1367.2
1083140 1367.2
1083150 1362.5
1083160 1357.8
1083170 1352.9
1083180 1352.9
1083190 1347.7
1083200 1342.9
1083210 1342.9
1083220 1338.7
1083230 1334.8
1083240 1334.8
1083250 1331.2
1083260 1327.8
1083270 1327.8
1083280 1324.7
1083290 1322.3
1083300 1322.3
1083310 1319.8
1083320 1317.5
1083330 1316.3
1083340 1314.5
1083350 1311.2
1083360 1311.2
1083370 1308.3
1083380 1305.3
1083390 1305.3
1083400 1301.8
1083410 1297.9
1083420 1294.2
1083430 1294.2
1083440 1290.8
1083450 1287.8
1083460 1287.8
1083470 1285.2
1083480 1283.0
1083490 1283.0
1083500 1280.8
1083510 1278.5
1083520 1278.5
1083530 1275.8
1083540 1273.0
1083550 1273.0
1083560 1270.1
1083570 1267.4
1083580 1267.4
1083590 1265.2
1083600 1262.9
1083610 1262.9
1083620 1260.6
1083630 1258.6
1083640 1255.5
1083650 1253.1
1083660 1250.4
1083670 1247.9
1083680 1247.9
1083690 1247.6
1083700 1247.6
1083710 1247.6
1083720 1249.8
1083730 1251.0
1083740 1251.0
1083750 1251.3
1083760 1251.7
1083770 1251.7
1083780 1251.5
1083790 1251.2
1083800 1251.2
1083810 1252.8
1083820 1256.0
1083830 1256.0
1083840 1258.7
1083850 1260.5
1083860 1260.9
1083870 1260.9
1083880 1260.4
1083890 1259.0
1083900 1259.0
1083910 1258.4
1083920 1256.6
1083930 1256.6
1083940 1254.2
1083950 1254.2
1083960 1255.7
1083970 1258.7
1083980 1264.8
1083990 1264.8
1084000 1269.6
1084010 1272.4
1084020 1272.4
1084030 1274.6
1084040 1277.5
1084050 1277.5
1084060 1279.4
1084070 1282.0
1084080 1285.0
1084090 1285.0
1084100 1288.8
1084110 1293.7
1084120 1293.7
1084130 1297.8
1084140 1303.4
1084150 1303.4
1084160 1309.7
1084170 1315.9
1084180 1315.9
1084190 1323.3
1084200 1330.9
1084210 1330.9
1084220 1338.6
1084230 1346.2
1084240 1346.2
1084250 1363.3
1084260 1397.5
1084270 1397.5
1084280 1401.1
1084290 1404.1
1084300 1404.1
1084310 1406.8
1084320 1409.2
1084330 1411.4
1084340 1411.4
1084350 1414.4
1084360 1417.2
1084370 1417.2
1084380 1418.5
1084390 1419.3
1084400 1419.3
1084410 1424.1
1084420 1429.8
1084430 1429.8
1084440 1435.7
1084450 1441.9
1084460 1441.9
1084470 1448.1
1084480 1454.2
1084490 1454.2
1084500 1459.7
1084510 1464.4
1084520 1464.4
1084530 1468.0
1084540 1472.5
1084550 1477.9
1084560 1477.9
1084570 1483.1
1084580 1487.7
1084590 1487.7
1084600 1492.9
1084610 1498.6
1084620 1498.6
1084630 1505.1
1084640 1511.7
1084650 1511.7
1084660 1518.9
1084670 1526.7
1084680 1526.7
1084690 1533.4
1084700 1539.4
1084710 1539.4
1084720 1544.8
1084730 1551.8
1084740 1551.8
1084750 1557.9
1084760 1562.7
1084770 1568.1
1084780 1568.1
1084790 1574.7
1084800 1581.2
1084810 1581.2
1084820 1587.3
1084830 1593.2
1084840 1593.2
1084850 1598.9
1084860 1605.0
1084870 1605.0
1084880 1611.4
1084890 1616.8
1084900 1616.8
1084910 1621.2
1084920 1624.8
1084930 1624.8
1084940 1628.5
1084950 1633.5
1084960 1633.5
1084970 1639.5
1084980 1644.9
1084990 1644.9
1085000 1649.5
1085010 1652.6
1085020 1656.0
1085030 1656.0
1085040 1660.8
1085050 1666.0
1085060 1666.0
1085070 1669.9
1085080 1672.2
1085090 1672.2
1085100 1675.8
1085110 1679.7
1085120 1679.7
1085130 1683.7
1085140 1688.1
1085150 1688.1
1085160 1692.6
1085170 1697.0
1085180 1697.0
1085190 1701.0
1085200 1705.6
1085210 1705.6
1085220 1709.9
1085230 1711.3
1085240 1716.1
1085250 1716.1
1085260 1721.7
1085270 1727.1
1085280 1727.1
1085290 1732.8
1085300 1738.6
1085310 1738.6
1085320 1744.4
1085330 1750.0
1085340 1750.0
1085350 1755.6
1085360 1761.2
1085370 1761.2
1085380 1767.3
1085390 1773.4
1085400 1773.4
1085410 1779.6
1085420 1785.6
1085430 1785.6
1085440 1791.5
1085450 1797.5
1085460 1804.1
1085470 1804.1
1085480 1810.1
1085490 1815.8
1085500 1815.8
1085510 1821.5
1085520 1827.2
1085530 1827.2
1085540 1832.7
1085550 1834.7
1085560 1834.7
1085570 1840.5
1085580 1847.0
1085590 1847.0
1085600 1853.4
1085610 1860.2
1085620 1860.2
1085630 1867.0
1085640 1872.9
1085650 1872.9
1085660 1878.5
1085670 1885.0
1085680 1891.9
1085690 1891.9
1085700 1899.1
1085710 1905.4
1085720 1905.4
1085730 1912.3
1085740 1919.1
1085750 1919.1
1085760 1927.1
1085770 1935.2
1085780 1935.2
1085790 1943.7
1085800 1951.6
1085810 1951.6
1085820 1960.0
1085830 1972.8
1085840 1972.8
1085850 1980.7
1085860 1988.1
1085870 1985.6
1085880 2010.3
1085890 2005.0
1085900 2005.0
1085910 1999.3
1085920 2011.2
1085930 2017.8
1085940 2017.8
1085950 2027.3
1085960 2038.1
1085970 2038.1
1085980 2047.3
1085990 2061.7
1086000 2061.7
1086010 2074.1
1086020 2083.2
1086030 2083.2
1086040 2099.2
1086050 2112.9
1086060 2112.9
1086070 2120.2
1086080 2125.3
1086090 2125.3
1086100 2130.3
1086110 2136.1
1086120 2136.1
1086130 2141.3
1086140 2145.8
1086150 2150.4
1086160 2150.4
1086170 2155.3
1086180 2161.9
1086190 2159.6
1086200 2170.3
1086210 2173.4
1086220 2173.4
1086230 2165.0
1086240 2164.0
1086250 2164.0
1086260 2170.7
1086270 2179.5
1086280 2179.5
1086290 2188.3
1086300 2191.5
1086310 2191.5
1086320 2191.3
1086330 2195.0
1086340 2195.0
1086350 2201.5
1086360 2209.1
1086370 2218.5
1086380 2218.5
1086390 2230.2
1086400 2239.0
1086410 2239.0
1086420 2245.6
1086430 2253.0
1086440 2253.0
1086450 2262.1
1086460 2272.6
1086470 2272.6
1086480 2281.0
1086490 2289.9
1086500 2288.7
1086510 2292.5
1086520 2297.7
1086530 2297.7
1086540 2304.0
1086550 2310.8
1086560 2310.8
1086570 2317.7
1086580 2324.5
1086590 2324.5
1086600 2331.6
1086610 2338.6
1086620 2345.7
1086630 2345.7
1086640 2352.8
1086650 2360.0
1086660 2360.0
1086670 2367.0
1086680 2371.8
1086690 2371.8
1086700 2380.7
1086710 2396.7
1086720 2396.7
1086730 2406.0
1086740 2413.6
1086750 2413.6
1086760 2420.9
1086770 2428.4
1086780 2428.4
1086790 2436.7
1086800 2440.8
1086810 2440.8
1086820 2429.9
1086830 2428.0
1086840 2427.0
1086850 2427.0
1086860 2425.8
1086870 2424.8
1086880 2424.8
1086890 2424.0
1086900 2422.9
1086910 2422.9
1086920 2425.4
1086930 2429.5
1086940 2429.5
1086950 2431.7
1086960 2434.4
1086970 2434.4
1086980 2435.8
1086990 2437.1
1087000 2437.1
1087010 2438.6
1087020 2439.7
1087030 2439.7
1087040 2439.5
1087050 2435.2
1087060 2433.4
1087070 2433.4
1087080 2436.9
1087090 2434.2
1087100 2434.2
1087110 2433.4
1087120 2433.6
1087130 2433.6
1087140 2422.8
1087150 2422.2
1087160 2422.2
1087170 2424.0
1087180 2423.7
1087190 2423.7
1087200 2423.1
1087210 2421.9
1087220 2421.9
1087230 2421.8
1087240 2421.2
1087250 2421.2
1087260 2424.2
1087270 2433.1
1087280 2441.7
1087290 2441.7
1087300 2449.1
1087310 2456.3
1087320 2456.3
1087330 2462.6
1087340 2469.4
1087350 2469.4
1087360 2476.2
1087370 2483.0
1087380 2483.0
1087390 2489.9
1087400 2495.4
1087410 2495.4
1087420 2500.9
1087430 2505.7
1087440 2505.7
1087450 2508.7
1087460 2513.2
1087470 2513.2
1087480 2507.7
1087490 2496.8
1087500 2496.8
1087510 2485.1
1087520 2473.8
1087530 2455.0
1087540 2455.0
1087550 2440.8
1087560 2427.4
1087570 2427.4
1087580 2414.0
1087590 2394.9
1087600 2394.9
1087610 2377.0
1087620 2356.6
1087630 2356.6
1087640 2335.9
1087650 2328.3
1087660 2328.3
1087670 2315.3
1087680 2289.6
1087690 2289.6
1087700 2265.6
1087710 2252.5
1087720 2252.5
1087730 2242.1
1087740 2228.9
1087750 2217.9
1087760 2217.9
1087770 2200.6
1087780 2185.1
1087790 2185.1
1087800 2142.0
1087810 2111.0
1087820 2111.0
1087830 2088.3
1087840 2072.5
1087850 2072.5
1087860 2063.8
1087870 2056.3
1087880 2056.3
1087890 2048.6
1087900 2041.3
1087910 2041.3
1087920 2034.8
1087930 2029.4
1087940 2029.4
1087950 2024.2
1087960 2020.0
1087970 2015.6
1087980 2015.6
1087990 2010.9
1088000 2006.7
1088010 2006.7
1088020 2002.0
1088030 1997.0
1088040 1997.0
1088050 1992.6
1088060 1989.1
1088070 1989.1
1088080 1986.2
1088090 1983.3
1088100 1985.7
1088110 1982.0
1088120 1978.7
1088130 1978.7
1088140 1975.1
1088150 1972.2
1088160 1972.2
1088170 1971.6
1088180 1970.0
1088190 1966.7
1088200 1966.7
1088210 1964.8
1088220 1961.1
1088230 1961.1
1088240 1956.4
1088250 1951.9
1088260 1951.9
1088270 1948.5
1088280 1946.0
1088290 1946.0
1088300 1943.5
1088310 1940.3
1088320 1940.3
1088330 1937.0
1088340 1933.9
1088350 1933.9
1088360 1930.9
1088370 1928.5
1088380 1928.5
1088390 1926.6
1088400 1924.1
1088410 1924.1
1088420 1922.2
1088430 1921.4
1088440 1918.7
1088450 1918.7
1088460 1911.7
1088470 1905.0
1088480 1905.0
1088490 1898.3
1088500 1890.3
1088510 1890.3
1088520 1884.0
1088530 1879.0
1088540 1879.0
1088550 1874.6
1088560 1869.3
1088570 1869.3
1088580 1861.9
1088590 1855.7
1088600 1855.7
1088610 1849.3
1088620 1843.3
1088630 1843.3
1088640 1838.2
1088650 1834.3
1088660 1828.1
1088670 1828.1
1088680 1824.2
1088690 1821.2
1088700 1821.2
1088710 1818.4
1088720 1814.8
1088730 1814.8
1088740 1810.8
1088750 1806.5
1088760 1806.5
1088770 1804.7
1088780 1804.0
1088790 1804.0
1088800 1801.7
1088810 1799.5
1088820 1799.5
1088830 1796.7
1088840 1794.1
1088850 1794.1
1088860 1791.8
1088870 1789.5
1088880 1787.2
1088890 1787.2
1088900 1784.6
1088910 1784.1
1088920 1784.1
1088930 1784.4
1088940 1784.1
1088950 1784.1
1088960 1784.0
1088970 1784.9
1088980 1784.9
1088990 1785.2
1089000 1786.1
1089010 1786.1
1089020 1786.8
1089030 1789.2
1089040 1789.2
1089050 1789.7
1089060 1783.1
1089070 1783.1
1089080 1779.9
1089090 1778.3
1089100 1778.3
1089110 1776.2
1089120 1772.5
1089130 1770.2
1089140 1770.2
1089150 1768.2
1089160 1762.4
1089170 1762.4
1089180 1756.5
1089190 1750.3
1089200 1750.3
1089210 1743.6
1089220 1735.7
1089230 1735.7
1089240 1729.0
1089250 1724.0
1089260 1724.0
1089270 1723.6
1089280 1723.9
1089290 1723.9
1089300 1725.0
1089310 1728.6
1089320 1728.6
1089330 1733.1
1089340 1735.6
1089350 1739.4
1089360 1739.4
1089370 1745.7
1089380 1748.0
1089390 1748.0
1089400 1755.6
1089410 1763.4
1089420 1763.4
1089430 1772.5
1089440 1785.1
1089450 1785.1
1089460 1795.1
1089470 1801.4
1089480 1801.4
1089490 1804.2
1089500 1805.9
1089510 1805.9
1089520 1806.5
1089530 1806.2
1089540 1806.2
1089550 1804.1
1089560 1801.2
1089570 1798.8
1089580 1798.8
1089590 1797.8
1089600 1798.0
1089610 1798.0
1089620 1797.5
1089630 1795.7
1089640 1795.7
1089650 1792.9
1089660 1791.5
1089670 1791.5
1089680 1790.7
1089690 1791.2
1089700 1784.3
1089710 1787.1
1089720 1789.1
1089730 1789.1
1089740 1790.7
1089750 1790.0
1089760 1790.0
1089770 1788.6
1089780 1788.3
1089790 1787.7
1089800 1787.7
1089810 1788.7
1089820 1788.6
1089830 1788.6
1089840 1789.4
1089850 1790.7
1089860 1790.7
1089870 1792.9
1089880 1796.0
1089890 1796.0
1089900 1798.5
1089910 1798.5
1089920 1798.5
1089930 1798.2
1089940 1802.4
1089950 1802.4
1089960 1804.0
1089970 1802.1
1089980 1802.1
1089990 1798.8
1090000 1796.9
1090010 1796.9
1090020 1794.1
1090030 1786.6
1090040 1783.5
1090050 1783.5
1090060 1780.3
1090070 1780.5
1090080 1780.5
1090090 1781.9
1090100 1780.1
1090110 1780.1
1090120 1778.7
1090130 1779.4
1090140 1779.4
1090150 1775.1
1090160 1768.5
1090170 1768.5
1090180 1761.6
1090190 1755.9
1090200 1755.9
1090210 1750.3
1090220 1744.3
1090230 1744.3
1090240 1738.1
1090250 1733.8
1090260 1732.2
1090270 1732.2
1090280 1731.1
1090290 1728.6
1090300 1728.6
1090310 1725.3
1090320 1722.1
1090330 1722.1
1090340 1717.7
1090350 1709.2
1090360 1709.2
1090370 1712.4
1090380 1715.0
1090390 1715.0
1090400 1715.8
1090410 1712.0
1090420 1712.0
1090430 1706.6
1090440 1701.7
1090450 1701.7
1090460 1694.8
1090470 1687.5
1090480 1678.5
1090490 1678.5
1090500 1669.4
1090510 1663.6
1090520 1663.6
1090530 1659.6
1090540 1657.1
1090550 1657.1
1090560 1653.8
1090570 1650.1
1090580 1650.1
1090590 1646.7
1090600 1644.8
1090610 1644.8
1090620 1641.5
1090630 1636.3
1090640 1636.3
1090650 1629.4
1090660 1621.9
1090670 1618.1
1090680 1610.9
1090690 1605.0
1090700 1601.8
1090710 1601.8
1090720 1597.5
1090730 1593.0
1090740 1593.0
1090750 1587.8
1090760 1581.9
1090770 1581.9
1090780 1575.5
1090790 1568.3
1090800 1568.3
1090810 1562.5
1090820 1559.3
1090830 1559.3
1090840 1555.8
1090850 1554.0
1090860 1554.0
1090870 1549.4
1090880 1545.0
1090890 1545.0
1090900 1540.4
1090910 1536.9
1090920 1536.9
1090930 1532.7
1090940 1527.8
1090950 1523.5
1090960 1523.5
1090970 1519.6
1090980 1516.2
1090990 1514.1
1091000 1510.1
1091010 1507.1
1091020 1507.1
1091030 1504.5
1091040 1501.5
1091050 1501.5
1091060 1498.5
1091070 1495.6
1091080 1495.6
1091090 1492.0
1091100 1489.0
1091110 1489.0
1091120 1486.5
1091130 1483.5
1091140 1483.5
1091150 1481.9
1091160 1480.0
1091170 1479.8
1091180 1479.8
1091190 1479.7
1091200 1478.7
1091210 1478.7
1091220 1478.2
1091230 1477.4
1091240 1477.4
1091250 1476.1
1091260 1474.7
1091270 1474.7
1091280 1473.6
1091290 1472.3
1091300 1472.3
1091310 1469.9
1091320 1468.5
1091330 1468.5
1091340 1466.6
1091350 1464.0
1091360 1464.0
1091370 1462.3
1091380 1460.4
1091390 1457.5
1091400 1457.5
1091410 1455.9
1091420 1453.7
1091430 1453.7
1091440 1451.2
1091450 1448.6
1091460 1448.6
1091470 1446.9
1091480 1445.2
1091490 1445.2
1091500 1443.9
1091510 1441.9
1091520 1441.9
1091530 1439.9
1091540 1437.7
1091550 1437.7
1091560 1434.6
1091570 1430.8
1091580 1430.8
1091590 1427.4
1091600 1425.8
1091610 1425.8
1091620 1424.7
1091630 1423.2
1091640 1425.7
1091650 1425.7
1091660 1423.8
1091670 1421.7
1091680 1421.7
1091690 1419.4
1091700 1417.6
1091710 1417.6
1091720 1416.3
1091730 1414.1
1091740 1414.1
1091750 1412.4
1091760 1409.5
1091770 1409.5
1091780 1408.6
1091790 1408.6
1091800 1408.6
1091810 1407.4
1091820 1405.8
1091830 1405.8
1091840 1403.8
1091850 1401.6
1091860 1400.2
1091870 1400.2
1091880 1398.5
1091890 1396.8
1091900 1396.8
1091910 1395.3
1091920 1393.3
1091930 1393.3
1091940 1391.0
1091950 1389.6
1091960 1390.5
1091970 1388.0
1091980 1386.3
1091990 1386.3
1092000 1384.7
1092010 1383.4
1092020 1383.4
1092030 1381.7
1092040 1378.8
1092050 1378.8
1092060 1377.0
1092070 1374.8
1092080 1372.9
1092090 1372.9
1092100 1373.3
1092110 1373.9
1092120 1373.9
1092130 1373.8
1092140 1373.3
1092150 1373.3
1092160 1373.2
1092170 1372.0
1092180 1372.0
1092190 1371.4
1092200 1370.0
1092210 1370.0
1092220 1368.2
1092230 1366.5
1092240 1366.5
1092250 1365.9
1092260 1364.0
1092270 1364.0
1092280 1366.2
1092290 1364.0
1092300 1361.3
1092310 1361.3
1092320 1360.3
1092330 1356.9
1092340 1356.9
1092350 1354.2
1092360 1352.8
1092370 1352.8
1092380 1349.7
1092390 1347.9
1092400 1347.9
1092410 1343.8
1092420 1339.9
1092430 1339.9
1092440 1338.6
1092450 1337.6
1092460 1337.6
1092470 1336.6
1092480 1337.8
1092490 1337.8
1092500 1338.0
1092510 1336.8
1092520 1336.8
1092530 1335.3
1092540 1333.6
1092550 1333.6
1092560 1333.6
1092570 1334.0
1092580 1334.2
1092590 1334.2
1092600 1333.5
1092610 1336.6
1092620 1336.6
1092630 1335.2
1092640 1337.8
1092650 1337.8
1092660 1341.8
1092670 1344.6
1092680 1344.6
1092690 1346.8
1092700 1347.8
1092710 1347.8
1092720 1347.4
1092730 1347.5
1092740 1347.5
1092750 1347.4
1092760 1347.8
1092770 1349.2
1092780 1349.2
1092790 1355.8
1092800 1363.3
1092810 1363.3
1092820 1366.7
1092830 1369.0
1092840 1369.0
1092850 1367.1
1092860 1361.1
1092870 1361.1
1092880 1357.7
1092890 1358.2
1092900 1358.2
1092910 1356.4
1092920 1350.8
1092930 1355.5
1092940 1352.9
1092950 1350.7
1092960 1350.7
1092970 1350.5
1092980 1349.7
1092990 1354.8
1093000 1354.8
1093010 1360.5
1093020 1365.0
1093030 1365.0
1093040 1367.6
1093050 1368.9
1093060 1368.9
1093070 1369.3
1093080 1370.6
1093090 1370.6
1093100 1370.3
1093110 1370.2
1093120 1370.2
1093130 1370.3
1093140 1367.5
1093150 1367.5
1093160 1361.4
1093170 1356.4
1093180 1356.4
1093190 1353.5
1093200 1349.9
1093210 1350.9
1093220 1350.9
1093230 1350.8
1093240 1346.2
1093250 1346.2
1093260 1348.7
1093270 1345.3
1093280 1345.3
1093290 1341.7
1093300 1339.2
1093310 1339.2
1093320 1336.1
1093330 1333.5
1093340 1333.5
1093350 1330.8
1093360 1325.9
1093370 1325.9
1093380 1318.1
1093390 1310.3
1093400 1310.3
1093410 1303.3
1093420 1296.5
1093430 1296.5
1093440 1289.1
1093450 1282.2
1093460 1280.7
1093470 1280.7
1093480 1290.9
1093490 1297.4
1093500 1297.4
1093510 1298.1
1093520 1300.0
1093530 1300.0
1093540 1303.1
1093550 1306.1
1093560 1306.1
1093570 1311.5
1093580 1316.9
1093590 1316.9
1093600 1310.4
1093610 1304.6
1093620 1304.6
1093630 1300.8
1093640 1297.4
1093650 1297.4
1093660 1293.1
1093670 1291.7
1093680 1292.7
1093690 1292.7
1093700 1291.1
1093710 1288.5
1093720 1288.5
1093730 1286.1
1093740 1282.5
1093750 1282.5
1093760 1280.2
1093770 1277.9
1093780 1277.9
1093790 1278.6
1093800 1285.3
1093810 1285.3
1093820 1293.2
1093830 1296.9
1093840 1296.9
1093850 1297.5
1093860 1296.9
1093870 1296.9
1093880 1296.2
1093890 1295.5
1093900 1297.6
1093910 1297.6
1093920 1298.3
1093930 1298.4
1093940 1298.4
1093950 1296.8
1093960 1294.5
1093970 1294.5
1093980 1292.6
1093990 1291.6
1094000 1291.6
1094010 1290.1
1094020 1287.0
1094030 1287.0
1094040 1282.6
1094050 1274.1
1094060 1274.1
1094070 1272.5
1094080 1270.8
1094090 1270.8
1094100 1268.1
1094110 1264.3
1094120 1261.7
1094130 1261.7
1094140 1261.7
1094150 1261.2
1094160 1261.2
1094170 1262.1
1094180 1263.1
1094190 1263.1
1094200 1262.9
1094210 1260.1
1094220 1260.1
1094230 1262.4
1094240 1258.3
1094250 1258.3
1094260 1255.8
1094270 1252.1
1094280 1252.1
1094290 1247.9
1094300 1245.0
1094310 1245.0
1094320 1241.5
1094330 1241.0
1094340 1241.0
1094350 1248.7
1094360 1256.3
1094370 1263.9
1094380 1263.9
1094390 1271.9
1094400 1276.9
1094410 1276.9
1094420 1276.6
1094430 1275.0
1094440 1275.0
1094450 1272.2
1094460 1268.5
1094470 1268.5
1094480 1264.2
1094490 1263.3
1094500 1263.3
1094510 1267.4
1094520 1271.9
1094530 1271.9
1094540 1275.6
1094550 1279.7
1094560 1279.7
1094570 1278.6
1094580 1279.1
1094590 1277.7
1094600 1277.7
1094610 1270.9
1094620 1260.2
1094630 1260.2
1094640 1246.5
1094650 1233.2
1094660 1233.2
1094670 1221.9
1094680 1217.5
1094690 1217.5
1094700 1223.3
1094710 1230.7
1094720 1230.7
1094730 1233.8
1094740 1238.3
1094750 1238.3
1094760 1244.0
1094770 1249.8
1094780 1249.8
1094790 1255.7
1094800 1259.5
1094810 1260.0
1094820 1260.0
1094830 1259.7
1094840 1254.7
1094850 1254.7
1094860 1247.4
1094870 1242.8
1094880 1247.7
1094890 1244.3
1094900 1239.7
1094910 1239.7
1094920 1234.9
1094930 1228.9
1094940 1228.9
1094950 1222.0
1094960 1213.3
1094970 1213.3
1094980 1211.2
1094990 1216.5
1095000 1216.5
1095010 1218.0
1095020 1218.9
1095030 1219.0
1095040 1219.0
1095050 1216.5
1095060 1213.9
1095070 1213.9
1095080 1212.0
1095090 1210.2
1095100 1210.2
1095110 1208.4
1095120 1215.3
1095130 1215.3
1095140 1217.6
1095150 1217.0
1095160 1217.0
1095170 1217.4
1095180 1217.2
1095190 1217.2
1095200 1213.7
1095210 1220.8
1095220 1220.8
1095230 1222.0
1095240 1219.3
1095250 1219.3
1095260 1216.8
1095270 1214.9
1095280 1213.8
1095290 1213.8
1095300 1215.1
1095310 1220.1
1095320 1220.1
1095330 1226.9
1095340 1231.2
1095350 1231.2
1095360 1232.6
1095370 1233.0
1095380 1233.0
1095390 1235.9
1095400 1239.7
1095410 1239.7
1095420 1242.7
1095430 1244.7
1095440 1244.7
1095450 1246.6
1095460 1247.4
1095470 1247.4
1095480 1246.6
1095490 1246.0
1095500 1246.4
1095510 1246.4
1095520 1246.4
1095530 1249.8
1095540 1249.8
1095550 1249.7
1095560 1248.0
1095570 1248.0
1095580 1247.5
1095590 1247.7
1095600 1247.7
1095610 1247.0
1095620 1249.5
1095630 1249.5
1095640 1253.2
1095650 1258.2
1095660 1258.2
1095670 1261.6
1095680 1264.2
1095690 1264.2
1095700 1266.0
1095710 1266.3
1095720 1267.3
1095730 1267.3
1095740 1268.3
1095750 1267.7
1095760 1267.7
1095770 1266.1
1095780 1265.6
1095790 1265.6
1095800 1264.1
1095810 1262.2
1095820 1262.2
1095830 1260.7
1095840 1260.4
1095850 1260.4
1095860 1264.7
1095870 1264.0
1095880 1264.0
1095890 1260.6
1095900 1260.2
1095910 1260.2
1095920 1260.2
1095930 1259.0
1095940 1259.0
1095950 1259.4
1095960 1259.5
1095970 1260.7
1095980 1260.7
1095990 1262.3
1096000 1263.2
1096010 1263.2
1096020 1264.6
1096030 1264.9
1096040 1264.9
1096050 1266.4
1096060 1270.0
1096070 1270.0
1096080 1273.8
1096090 1274.6
1096100 1274.6
1096110 1275.5
1096120 1276.2
1096130 1276.2
1096140 1276.1
1096150 1275.7
1096160 1275.7
1096170 1277.3
1096180 1284.8
1096190 1286.9
1096200 1286.9
1096210 1288.3
1096220 1288.8
1096230 1288.8
1096240 1288.2
1096250 1286.8
1096260 1286.8
1096270 1286.5
1096280 1287.2
1096290 1287.2
1096300 1288.8
1096310 1289.7
1096320 1289.7
1096330 1290.2
1096340 1291.0
1096350 1291.0
1096360 1293.1
1096370 1294.9
1096380 1294.9
1096390 1295.0
1096400 1294.6
1096410 1293.2
1096420 1293.2
1096430 1291.1
1096440 1290.0
1096450 1290.0
1096460 1289.1
1096470 1289.2
1096480 1289.2
1096490 1291.0
1096500 1289.5
1096510 1296.4
1096520 1297.6
1096530 1302.6
1096540 1302.6
1096550 1306.0
1096560 1308.0
1096570 1308.0
1096580 1312.0
1096590 1316.9
1096600 1316.9
1096610 1320.3
1096620 1321.5
1096630 1321.3
1096640 1321.3
1096650 1321.9
1096660 1322.6
1096670 1322.6
1096680 1322.4
1096690 1320.5
1096700 1320.5
1096710 1316.8
1096720 1313.3
1096730 1313.3
1096740 1311.6
1096750 1310.9
1096760 1310.9
1096770 1309.8
1096780 1305.9
1096790 1305.9
1096800 1303.1
1096810 1298.1
1096820 1298.1
1096830 1293.9
1096840 1299.8
1096850 1299.8
1096860 1296.2
1096870 1293.5
1096880 1293.7
1096890 1293.7
1096900 1291.5
1096910 1289.7
1096920 1289.7
1096930 1287.8
1096940 1287.1
1096950 1287.1
1096960 1283.8
1096970 1280.3
1096980 1280.3
1096990 1274.7
1097000 1269.7
1097010 1269.7
1097020 1266.3
1097030 1261.8
1097040 1261.8
1097050 1257.5
1097060 1253.1
1097070 1253.1
1097080 1248.6
1097090 1243.5
1097100 1239.7
1097110 1239.7
1097120 1235.0
1097130 1229.5
1097140 1229.5
1097150 1224.9
1097160 1220.2
1097170 1224.3
1097180 1219.7
1097190 1215.3
1097200 1215.3
1097210 1210.7
1097220 1206.7
1097230 1206.7
1097240 1202.4
1097250 1196.9
1097260 1196.9
1097270 1191.6
1097280 1186.4
1097290 1186.4
1097300 1182.1
1097310 1179.4
1097320 1174.8
1097330 1174.8
1097340 1167.6
1097350 1157.8
1097360 1157.8
1097370 1150.0
1097380 1144.8
1097390 1144.8
1097400 1138.7
1097410 1132.6
1097420 1132.6
1097430 1127.6
1097440 1121.7
1097450 1121.7
1097460 1112.8
1097470 1099.8
1097480 1099.8
1097490 1105.5
1097500 1105.4
1097510 1105.4
1097520 1108.3
1097530 1111.3
1097540 1114.5
1097550 1114.5
1097560 1115.1
1097570 1112.2
1097580 1112.2
1097590 1109.1
1097600 1107.3
1097610 1107.3
1097620 1105.4
1097630 1102.2
1097640 1102.2
1097650 1097.7
1097660 1091.8
1097670 1091.8
1097680 1084.8
1097690 1081.3
1097700 1081.3
1097710 1081.7
1097720 1080.9
1097730 1080.9
1097740 1077.1
1097750 1073.7
1097760 1073.7
1097770 1069.7
1097780 1065.6
1097790 1064.2
1097800 1064.2
1097810 1061.2
1097820 1056.6
1097830 1056.6
1097840 1055.3
1097850 1051.8
1097860 1051.8
1097870 1044.1
1097880 1034.3
1097890 1034.3
1097900 1024.6
1097910 1018.1
1097920 1018.1
1097930 1012.4
1097940 1005.3
1097950 1005.3
1097960 995.3
1097970 978.0
1097980 978.0
1097990 976.8
1098000 985.8
1098010 988.7
1098020 988.7
1098030 994.1
1098040 997.1
1098050 997.1
1098060 996.7
1098070 992.2
1098080 992.2
1098090 988.0
1098100 984.1
1098110 984.1
1098120 976.1
1098130 968.0
1098140 968.0
1098150 970.4
1098160 969.7
1098170 969.7
1098180 968.5
1098190 967.9
1098200 967.9
1098210 967.1
1098220 965.2
1098230 963.0
1098240 963.0
1098250 960.6
1098260 958.0
1098270 958.0
1098280 955.3
1098290 952.9
1098300 952.9
1098310 951.0
1098320 949.0
1098330 949.0
1098340 946.6
1098350 944.4
1098360 944.4
1098370 942.4
1098380 940.3
1098390 940.3
1098400 937.9
1098410 935.5
1098420 935.5
1098430 933.3
1098440 930.9
1098450 928.9
1098460 928.9
1098470 927.0
1098480 927.2
1098490 927.2
1098500 925.8
1098510 924.1
1098520 924.1
1098530 922.6
1098540 921.2
1098550 921.2
1098560 920.0
1098570 918.7
1098580 918.7
1098590 917.6
1098600 917.0
1098610 917.0
1098620 916.9
1098630 918.2
1098640 918.2
1098650 920.4
1098660 922.9
1098670 922.9
1098680 925.1
1098690 926.8
1098700 930.1
1098710 930.1
1098720 933.2
1098730 936.6
1098740 936.6
1098750 940.0
1098760 941.0
1098770 941.0
1098780 939.9
1098790 939.2
1098800 939.2
1098810 939.5
1098820 938.6
1098830 938.6
1098840 937.2
1098850 937.2
1098860 937.2
1098870 936.9
1098880 934.3
1098890 934.3
1098900 933.2
1098910 934.1
1098920 935.5
1098930 935.5
1098940 937.2
1098950 938.9
1098960 938.9
1098970 941.0
1098980 943.3
1098990 943.3
1099000 946.1
1099010 949.2
1099020 949.2
1099030 953.0
1099040 954.9
1099050 954.9
1099060 955.4
1099070 954.9
1099080 954.9
1099090 954.7
1099100 956.1
1099110 956.1
1099120 957.4
1099130 957.7
1099140 960.3
1099150 960.3
1099160 964.2
1099170 968.8
1099180 968.8
1099190 973.5
1099200 978.2
1099210 978.2
1099220 982.9
1099230 987.7
1099240 987.7
1099250 992.0
1099260 993.5
1099270 993.5
1099280 992.2
1099290 988.6
1099300 988.6
1099310 984.6
1099320 981.0
1099330 981.0
1099340 978.4
1099350 975.0
1099360 978.2
1099370 978.2
1099380 980.2
1099390 983.8
1099400 983.8
1099410 987.9
1099420 991.9
1099430 991.9
1099440 993.7
1099450 993.7
1099460 993.7
1099470 996.3
1099480 1002.2
1099490 1002.2
1099500 1004.5
1099510 1005.9
1099520 1005.9
1099530 1006.5
1099540 1006.4
1099550 1006.4
1099560 1006.4
1099570 1007.2
1099580 1007.2
1099590 1007.7
1099600 1008.5
1099610 1009.5
1099620 1009.5
1099630 1010.8
1099640 1012.5
1099650 1012.5
1099660 1012.3
1099670 1011.4
1099680 1011.4
1099690 1011.5
1099700 1012.8
1099710 1012.8
1099720 1015.2
1099730 1018.3
1099740 1018.3
1099750 1021.0
1099760 1022.6
1099770 1022.6
1099780 1024.0
1099790 1029.8
1099800 1029.8
1099810 1032.2
1099820 1036.2
1099830 1040.1
1099840 1040.1
1099850 1043.0
1099860 1043.8
1099870 1043.8
1099880 1041.7
1099890 1040.8
1099900 1040.8
1099910 1042.8
1099920 1044.5
1099930 1044.5
1099940 1044.2
1099950 1042.1
1099960 1042.1
1099970 1039.1
1099980 1034.9
1099990 1034.9
