1080000 1653.1
1080010 1653.5
1080020 1654.5
1080030 1654.5
1080040 1655.5
1080050 1655.4
1080060 1655.4
1080070 1655.9
1080080 1656.5
1080090 1657.8
1080100 1657.8
1080110 1661.8
1080120 1664.9
1080130 1664.9
1080140 1667.0
1080150 1670.4
1080160 1670.4
1080170 1675.8
1080180 1679.6
1080190 1679.6
1080200 1680.3
1080210 1680.9
1080220 1680.9
1080230 1683.8
1080240 1687.8
1080250 1687.8
1080260 1693.6
1080270 1698.2
1080280 1699.7
1080290 1704.2
1080300 1708.3
1080310 1713.7
1080320 1713.7
1080330 1720.6
1080340 1724.9
1080350 1724.9
1080360 1727.8
1080370 1730.2
1080380 1730.2
1080390 1732.4
1080400 1735.1
1080410 1735.1
1080420 1736.8
1080430 1738.5
1080440 1738.5
1080450 1742.4
1080460 1745.4
1080470 1745.4
1080480 1748.7
1080490 1754.0
1080500 1754.0
1080510 1759.0
1080520 1763.7
1080530 1767.1
1080540 1767.1
1080550 1769.3
1080560 1771.1
1080570 1771.1
1080580 1774.2
1080590 1779.1
1080600 1782.5
1080610 1788.3
1080620 1794.1
1080630 1794.1
1080640 1798.4
1080650 1802.2
1080660 1802.2
1080670 1808.7
1080680 1817.0
1080690 1817.0
1080700 1825.9
1080710 1833.4
1080720 1833.4
1080730 1840.7
1080740 1848.0
1080750 1855.7
1080760 1855.7
1080770 1864.8
1080780 1874.9
1080790 1874.9
1080800 1883.1
1080810 1891.2
1080820 1891.2
1080830 1900.9
1080840 1912.7
1080850 1912.7
1080860 1924.0
1080870 1932.7
1080880 1932.7
1080890 1939.4
1080900 1948.3
1080910 1974.0
1080920 1978.6
1080930 1983.3
1080940 1983.3
1080950 1992.9
1080960 1996.8
1080970 1996.8
1080980 1995.3
1080990 1988.2
1081000 1981.6
1081010 1981.6
1081020 1980.0
1081030 1985.1
1081040 1985.1
1081050 1992.7
1081060 2003.6
1081070 2003.6
1081080 2017.1
1081090 2029.1
1081100 2029.1
1081110 2028.4
1081120 2031.3
1081130 2031.3
1081140 2039.0
1081150 2051.1
1081160 2051.1
1081170 2065.3
1081180 2079.3
1081190 2079.3
1081200 2095.6
1081210 2102.9
1081220 2115.9
1081230 2122.1
1081240 2144.0
1081250 2156.8
1081260 2156.8
1081270 2152.4
1081280 2144.4
1081290 2144.4
1081300 2135.7
1081310 2124.3
1081320 2124.3
1081330 2114.5
1081340 2102.9
1081350 2102.9
1081360 2093.7
1081370 2082.7
1081380 2082.7
1081390 2073.4
1081400 2066.1
1081410 2066.1
1081420 2059.5
1081430 2052.9
1081440 2048.0
1081450 2048.0
1081460 2040.7
1081470 2032.3
1081480 2032.3
1081490 2019.3
1081500 2008.9
1081510 2008.9
1081520 2000.9
1081530 1994.0
1081540 1991.5
1081550 1985.1
1081560 1978.8
1081570 1978.8
1081580 1972.7
1081590 1967.1
1081600 1967.1
1081610 1961.1
1081620 1955.6
1081630 1955.6
1081640 1950.6
1081650 1944.8
1081660 1944.8
1081670 1938.9
1081680 1933.7
1081690 1928.2
1081700 1928.2
1081710 1923.1
1081720 1918.6
1081730 1918.6
1081740 1912.9
1081750 1907.4
1081760 1907.4
1081770 1902.8
1081780 1898.1
1081790 1898.1
1081800 1893.4
1081810 1888.6
1081820 1888.6
1081830 1883.5
1081840 1878.5
1081850 1878.5
1081860 1871.2
1081870 1866.2
1081880 1866.2
1081890 1861.5
1081900 1856.1
1081910 1851.0
1081920 1851.0
1081930 1845.6
1081940 1841.2
1081950 1841.2
1081960 1837.0
1081970 1832.6
1081980 1832.6
1081990 1828.3
1082000 1824.1
1082010 1824.1
1082020 1820.5
1082030 1816.7
1082040 1816.7
1082050 1812.7
1082060 1808.5
1082070 1808.5
1082080 1804.3
1082090 1799.5
1082100 1799.5
1082110 1794.8
1082120 1790.1
1082130 1784.8
1082140 1784.8
1082150 1779.5
1082160 1774.4
1082170 1771.4
1082180 1766.3
1082190 1762.2
1082200 1762.2
1082210 1758.8
1082220 1755.2
1082230 1755.2
1082240 1751.1
1082250 1747.0
1082260 1747.0
1082270 1742.1
1082280 1735.3
1082290 1735.3
1082300 1729.2
1082310 1726.1
1082320 1726.1
1082330 1724.4
1082340 1722.2
1082350 1722.2
1082360 1718.9
1082370 1715.3
1082380 1711.3
1082390 1711.3
1082400 1705.1
1082410 1699.0
1082420 1699.0
1082430 1693.5
1082440 1690.1
1082450 1690.1
1082460 1687.4
1082470 1684.7
1082480 1684.7
1082490 1676.0
1082500 1673.6
1082510 1673.6
1082520 1671.4
1082530 1668.6
1082540 1668.6
1082550 1666.1
1082560 1663.6
1082570 1663.6
1082580 1659.0
1082590 1654.2
1082600 1649.7
1082610 1649.7
1082620 1642.5
1082630 1635.0
1082640 1635.0
1082650 1629.1
1082660 1624.2
1082670 1624.2
1082680 1620.4
1082690 1613.8
1082700 1613.8
1082710 1612.5
1082720 1607.2
1082730 1607.2
1082740 1601.2
1082750 1596.9
1082760 1596.9
1082770 1585.5
1082780 1575.6
1082790 1575.6
1082800 1564.2
1082810 1545.6
1082820 1536.0
1082830 1536.0
1082840 1530.0
1082850 1524.1
1082860 1524.1
1082870 1518.5
1082880 1513.7
1082890 1513.7
1082900 1506.3
1082910 1499.3
1082920 1499.3
1082930 1493.7
1082940 1488.2
1082950 1488.2
1082960 1482.5
1082970 1477.1
1082980 1477.1
1082990 1472.8
1083000 1469.6
1083010 1469.6
1083020 1465.9
1083030 1458.9
1083040 1451.2
1083050 1451.2
1083060 1444.1
1083070 1437.6
1083080 1437.6
1083090 1433.7
1083100 1428.7
1083110 1428.7
1083120 1419.4
1083130 1414.2
1083140 1414.2
1083150 1408.8
1083160 1403.5
1083170 1403.5
1083180 1398.6
1083190 1394.1
1083200 1394.1
1083210 1389.9
1083220 1386.8
1083230 1386.8
1083240 1384.7
1083250 1379.7
1083260 1379.7
1083270 1375.7
1083280 1371.8
1083290 1367.7
1083300 1367.7
1083310 1363.8
1083320 1360.2
1083330 1360.2
1083340 1356.6
1083350 1353.4
1083360 1353.4
1083370 1350.0
1083380 1346.1
1083390 1346.1
1083400 1342.6
1083410 1338.5
1083420 1338.5
1083430 1334.8
1083440 1329.4
1083450 1329.4
1083460 1325.0
1083470 1320.1
1083480 1320.1
1083490 1315.0
1083500 1308.8
1083510 1302.7
1083520 1302.7
1083530 1295.6
1083540 1288.7
1083550 1288.7
1083560 1283.9
1083570 1279.3
1083580 1279.3
1083590 1271.8
1083600 1262.8
1083610 1262.8
1083620 1253.7
1083630 1244.9
1083640 1244.9
1083650 1239.4
1083660 1237.2
1083670 1237.2
1083680 1234.8
1083690 1233.6
1083700 1233.6
1083710 1233.4
1083720 1231.5
1083730 1230.0
1083740 1230.0
1083750 1228.7
1083760 1224.6
1083770 1224.6
1083780 1223.4
1083790 1225.2
1083800 1225.2
1083810 1230.4
1083820 1230.2
1083830 1230.2
1083840 1225.6
1083850 1223.8
1083860 1223.8
1083870 1229.5
1083880 1232.5
1083890 1232.5
1083900 1234.0
1083910 1236.4
1083920 1236.4
1083930 1238.7
1083940 1240.1
1083950 1240.1
1083960 1241.7
1083970 1243.4
1083980 1246.9
1083990 1246.9
1084000 1251.1
1084010 1254.5
1084020 1254.5
1084030 1257.6
1084040 1260.0
1084050 1260.0
1084060 1262.8
1084070 1265.7
1084080 1265.7
1084090 1267.8
1084100 1271.4
1084110 1271.4
1084120 1276.1
1084130 1281.0
1084140 1281.0
1084150 1286.6
1084160 1292.2
1084170 1292.2
1084180 1298.0
1084190 1303.9
1084200 1309.7
1084210 1309.7
1084220 1315.7
1084230 1322.2
1084240 1322.2
1084250 1328.7
1084260 1337.4
1084270 1337.4
1084280 1357.0
1084290 1382.6
1084300 1382.6
1084310 1413.2
1084320 1426.5
1084330 1426.5
1084340 1434.1
1084350 1440.6
1084360 1440.6
1084370 1447.1
1084380 1452.1
1084390 1451.1
1084400 1454.0
1084410 1457.4
1084420 1460.1
1084430 1460.1
1084440 1462.7
1084450 1465.3
1084460 1465.3
1084470 1468.4
1084480 1471.3
1084490 1471.3
1084500 1474.8
1084510 1478.0
1084520 1478.0
1084530 1481.4
1084540 1485.1
1084550 1485.1
1084560 1489.4
1084570 1494.4
1084580 1494.4
1084590 1501.4
1084600 1508.6
1084610 1508.6
1084620 1515.4
1084630 1521.9
1084640 1528.1
1084650 1528.1
1084660 1533.9
1084670 1537.7
1084680 1537.7
1084690 1541.6
1084700 1547.6
1084710 1547.6
1084720 1551.5
1084730 1555.5
1084740 1555.5
1084750 1559.4
1084760 1563.7
1084770 1563.7
1084780 1567.8
1084790 1571.7
1084800 1571.7
1084810 1575.4
1084820 1579.9
1084830 1579.9
1084840 1584.2
1084850 1588.6
1084860 1588.6
1084870 1593.1
1084880 1597.6
1084890 1602.6
1084900 1602.6
1084910 1607.1
1084920 1611.4
1084930 1611.4
1084940 1615.9
1084950 1620.9
1084960 1620.9
1084970 1625.9
1084980 1631.1
1084990 1631.1
1085000 1636.5
1085010 1641.9
1085020 1643.7
1085030 1648.0
1085040 1652.8
1085050 1652.8
1085060 1658.0
1085070 1663.2
1085080 1663.2
1085090 1668.4
1085100 1673.8
1085110 1679.5
1085120 1679.5
1085130 1685.5
1085140 1691.2
1085150 1691.2
1085160 1696.6
1085170 1701.7
1085180 1701.7
1085190 1706.8
1085200 1712.0
1085210 1712.0
1085220 1717.4
1085230 1723.0
1085240 1723.0
1085250 1728.6
1085260 1733.8
1085270 1733.8
1085280 1739.1
1085290 1743.8
1085300 1743.8
1085310 1749.1
1085320 1754.7
1085330 1760.5
1085340 1755.8
1085350 1759.6
1085360 1764.1
1085370 1764.1
1085380 1769.2
1085390 1775.7
1085400 1775.7
1085410 1781.7
1085420 1787.0
1085430 1787.0
1085440 1792.0
1085450 1798.6
1085460 1798.6
1085470 1805.1
1085480 1811.2
1085490 1811.2
1085500 1817.7
1085510 1823.5
1085520 1823.5
1085530 1829.3
1085540 1835.6
1085550 1835.6
1085560 1842.5
1085570 1850.3
1085580 1858.5
1085590 1858.5
1085600 1866.1
1085610 1873.5
1085620 1873.5
1085630 1881.1
1085640 1889.0
1085650 1889.0
1085660 1898.1
1085670 1905.5
1085680 1905.5
1085690 1915.2
1085700 1926.4
1085710 1926.4
1085720 1939.8
1085730 1954.8
1085740 1954.8
1085750 1958.7
1085760 1961.2
1085770 1961.2
1085780 1964.9
1085790 1966.8
1085800 1975.6
1085810 1975.6
1085820 1985.9
1085830 1998.4
1085840 1998.4
1085850 2008.9
1085860 2016.2
1085870 2016.2
1085880 2025.3
1085890 2040.0
1085900 2040.0
1085910 2048.9
1085920 2049.1
1085930 2049.1
1085940 2060.0
1085950 2072.1
1085960 2072.1
1085970 2083.6
1085980 2088.3
1085990 2088.3
1086000 2093.0
1086010 2098.9
1086020 2110.0
1086030 2110.0
1086040 2119.0
1086050 2126.4
1086060 2126.4
1086070 2133.2
1086080 2139.3
1086090 2139.3
1086100 2144.9
1086110 2150.4
1086120 2150.4
1086130 2156.8
1086140 2164.0
1086150 2164.0
1086160 2171.5
1086170 2179.1
1086180 2179.1
1086190 2185.8
1086200 2192.2
1086210 2192.2
1086220 2199.1
1086230 2205.3
1086240 2205.3
1086250 2211.1
1086260 2218.6
1086270 2227.8
1086280 2227.8
1086290 2238.1
1086300 2248.5
1086310 2248.5
1086320 2257.8
1086330 2266.2
1086340 2266.2
1086350 2272.6
1086360 2278.1
1086370 2278.1
1086380 2285.2
1086390 2292.9
1086400 2292.9
1086410 2298.8
1086420 2305.2
1086430 2305.2
1086440 2312.4
1086450 2318.9
1086460 2318.9
1086470 2325.3
1086480 2333.1
1086490 2343.6
1086500 2343.6
1086510 2354.0
1086520 2360.0
1086530 2360.0
1086540 2366.5
1086550 2372.1
1086560 2372.1
1086570 2377.2
1086580 2381.2
1086590 2381.2
1086600 2385.8
1086610 2396.0
1086620 2396.0
1086630 2406.6
1086640 2412.4
1086650 2412.4
1086660 2414.3
1086670 2422.3
1086680 2422.3
1086690 2434.8
1086700 2443.6
1086710 2448.6
1086720 2448.6
1086730 2453.6
1086740 2451.4
1086750 2451.4
1086760 2445.6
1086770 2437.1
1086780 2437.1
1086790 2424.0
1086800 2416.0
1086810 2416.0
1086820 2408.4
1086830 2401.4
1086840 2401.4
1086850 2395.5
1086860 2390.0
1086870 2390.0
1086880 2384.1
1086890 2378.1
1086900 2378.1
1086910 2372.3
1086920 2367.8
1086930 2375.6
1086940 2375.6
1086950 2377.1
1086960 2377.6
1086970 2377.6
1086980 2377.5
1086990 2377.2
1087000 2377.2
1087010 2376.9
1087020 2377.9
1087030 2377.9
1087040 2378.1
1087050 2378.7
1087060 2378.7
1087070 2379.5
1087080 2380.0
1087090 2380.0
1087100 2382.7
1087110 2385.8
1087120 2385.8
1087130 2387.8
1087140 2389.0
1087150 2389.0
1087160 2393.8
1087170 2397.9
1087180 2401.0
1087190 2401.0
1087200 2403.3
1087210 2405.8
1087220 2405.8
1087230 2407.0
1087240 2407.5
1087250 2413.3
1087260 2414.8
1087270 2417.8
1087280 2417.8
1087290 2421.1
1087300 2423.8
1087310 2423.8
1087320 2424.4
1087330 2424.7
1087340 2424.7
1087350 2426.9
1087360 2428.1
1087370 2428.1
1087380 2429.1
1087390 2428.7
1087400 2430.3
1087410 2430.3
1087420 2427.1
1087430 2419.6
1087440 2419.6
1087450 2401.0
1087460 2396.4
1087470 2396.4
1087480 2391.7
1087490 2382.8
1087500 2382.8
1087510 2375.0
1087520 2365.2
1087530 2365.2
1087540 2349.3
1087550 2342.6
1087560 2342.6
1087570 2347.8
1087580 2333.3
1087590 2333.3
1087600 2319.5
1087610 2306.7
1087620 2292.7
1087630 2292.7
1087640 2279.7
1087650 2269.5
1087660 2269.5
1087670 2257.0
1087680 2240.4
1087690 2240.4
1087700 2227.4
1087710 2213.9
1087720 2213.9
1087730 2199.1
1087740 2187.5
1087750 2187.5
1087760 2177.5
1087770 2167.9
1087780 2167.9
1087790 2143.9
1087800 2125.4
1087810 2125.4
1087820 2113.2
1087830 2103.2
1087840 2103.2
1087850 2090.0
1087860 2079.0
1087870 2071.8
1087880 2071.8
1087890 2071.5
1087900 2067.1
1087910 2067.1
1087920 2061.0
1087930 2055.0
1087940 2055.0
1087950 2048.9
1087960 2043.0
1087970 2043.0
1087980 2035.5
1087990 2025.0
1088000 2025.0
1088010 2018.6
1088020 2013.1
1088030 2013.1
1088040 2008.5
1088050 2004.8
1088060 2004.8
1088070 2002.5
1088080 1999.4
1088090 1996.6
1088100 1996.6
1088110 1995.7
1088120 1994.1
1088130 1994.1
1088140 1992.4
1088150 1992.4
1088160 1992.4
1088170 1991.7
1088180 1991.0
1088190 1991.0
1088200 1992.1
1088210 1993.9
1088220 1993.9
1088230 1997.1
1088240 1997.3
1088250 1997.3
1088260 1998.1
1088270 1999.6
1088280 1999.6
1088290 1997.4
1088300 1993.9
1088310 1988.1
1088320 1988.1
1088330 1981.4
1088340 1975.0
1088350 1975.0
1088360 1969.4
1088370 1964.1
1088380 1964.1
1088390 1959.4
1088400 1955.5
1088410 1955.5
1088420 1951.1
1088430 1946.6
1088440 1946.6
1088450 1941.5
1088460 1935.4
1088470 1935.4
1088480 1928.2
1088490 1920.1
1088500 1920.1
1088510 1911.2
1088520 1903.0
1088530 1893.4
1088540 1893.4
1088550 1886.0
1088560 1880.5
1088570 1880.5
1088580 1874.9
1088590 1868.9
1088600 1868.9
1088610 1864.1
1088620 1859.8
1088630 1859.8
1088640 1855.6
1088650 1852.8
1088660 1852.8
1088670 1850.5
1088680 1847.8
1088690 1847.8
1088700 1845.1
1088710 1843.1
1088720 1843.1
1088730 1840.8
1088740 1838.5
1088750 1838.5
1088760 1834.6
1088770 1831.9
1088780 1828.7
1088790 1828.7
1088800 1824.0
1088810 1823.7
1088820 1823.7
1088830 1826.7
1088840 1830.0
1088850 1826.3
1088860 1825.0
1088870 1820.7
1088880 1820.7
1088890 1817.4
1088900 1816.8
1088910 1816.8
1088920 1813.0
1088930 1804.7
1088940 1804.7
1088950 1798.0
1088960 1793.9
1088970 1793.9
1088980 1791.7
1088990 1790.2
1089000 1790.5
1089010 1790.5
1089020 1787.1
1089030 1784.5
1089040 1784.5
1089050 1782.1
1089060 1778.1
1089070 1778.1
1089080 1776.7
1089090 1776.0
1089100 1776.0
1089110 1774.0
1089120 1774.0
1089130 1774.0
1089140 1775.0
1089150 1775.5
1089160 1775.5
1089170 1771.9
1089180 1771.7
1089190 1771.7
1089200 1771.6
1089210 1769.7
1089220 1768.0
1089230 1768.0
1089240 1771.5
1089250 1775.1
1089260 1775.1
1089270 1774.0
1089280 1767.6
1089290 1767.6
1089300 1772.1
1089310 1779.3
1089320 1779.3
1089330 1784.9
1089340 1791.5
1089350 1791.5
1089360 1799.8
1089370 1809.0
1089380 1809.0
1089390 1820.7
1089400 1829.8
1089410 1829.8
1089420 1837.2
1089430 1846.8
1089440 1846.8
1089450 1861.4
1089460 1870.7
1089470 1881.3
1089480 1881.3
1089490 1880.4
1089500 1884.6
1089510 1884.6
1089520 1887.3
1089530 1891.9
1089540 1891.9
1089550 1894.0
1089560 1895.0
1089570 1895.0
1089580 1900.0
1089590 1902.8
1089600 1902.8
1089610 1904.3
1089620 1904.9
1089630 1904.9
1089640 1906.2
1089650 1905.2
1089660 1905.2
1089670 1904.4
1089680 1904.6
1089690 1904.9
1089700 1904.9
1089710 1900.6
1089720 1898.1
1089730 1898.1
1089740 1893.6
1089750 1889.2
1089760 1889.2
1089770 1884.9
1089780 1879.9
1089790 1879.9
1089800 1877.9
1089810 1883.9
1089820 1883.9
1089830 1884.8
1089840 1883.5
1089850 1883.5
1089860 1875.8
1089870 1875.3
1089880 1875.3
1089890 1878.1
1089900 1878.0
1089910 1870.1
1089920 1870.1
1089930 1866.7
1089940 1862.5
1089950 1862.5
1089960 1859.6
1089970 1857.3
1089980 1857.3
1089990 1855.3
1090000 1852.5
1090010 1852.5
1090020 1847.9
1090030 1842.6
1090040 1842.6
1090050 1836.1
1090060 1833.2
1090070 1833.2
1090080 1831.2
1090090 1824.9
1090100 1824.9
1090110 1820.2
1090120 1815.1
1090130 1809.0
1090140 1809.0
1090150 1803.3
1090160 1800.8
1090170 1800.8
1090180 1803.3
1090190 1803.7
1090200 1803.7
1090210 1801.4
1090220 1799.2
1090230 1799.2
1090240 1797.2
1090250 1795.0
1090260 1795.0
1090270 1792.6
1090280 1791.3
1090290 1791.3
1090300 1790.6
1090310 1786.7
1090320 1786.7
1090330 1780.4
1090340 1774.4
1090350 1774.4
1090360 1770.1
1090370 1765.8
1090380 1760.8
1090390 1760.8
1090400 1756.0
1090410 1752.2
1090420 1752.2
1090430 1748.4
1090440 1744.2
1090450 1744.2
1090460 1740.3
1090470 1736.2
1090480 1736.2
1090490 1731.8
1090500 1728.3
1090510 1728.3
1090520 1726.8
1090530 1725.6
1090540 1725.6
1090550 1723.5
1090560 1721.2
1090570 1721.2
1090580 1718.8
1090590 1716.5
1090600 1712.4
1090610 1712.4
1090620 1707.6
1090630 1703.8
1090640 1703.8
1090650 1703.8
1090660 1704.1
1090670 1704.1
1090680 1703.3
1090690 1701.6
1090700 1701.6
1090710 1700.3
1090720 1699.2
1090730 1699.2
1090740 1699.1
1090750 1700.8
1090760 1700.8
1090770 1703.0
1090780 1695.8
1090790 1695.8
1090800 1693.7
1090810 1691.0
1090820 1684.6
1090830 1684.6
1090840 1675.1
1090850 1667.9
1090860 1667.9
1090870 1664.6
1090880 1659.5
1090890 1659.5
1090900 1650.7
1090910 1640.7
1090920 1640.7
1090930 1633.1
1090940 1626.3
1090950 1626.3
1090960 1618.8
1090970 1610.2
1090980 1610.2
1090990 1600.7
1091000 1589.4
1091010 1589.4
1091020 1577.9
1091030 1567.0
1091040 1556.4
1091050 1556.4
1091060 1545.8
1091070 1536.8
1091080 1536.8
1091090 1527.6
1091100 1518.7
1091110 1518.7
1091120 1509.8
1091130 1505.0
1091140 1505.0
1091150 1512.6
1091160 1522.0
1091170 1522.0
1091180 1530.5
1091190 1535.6
1091200 1535.6
1091210 1539.1
1091220 1544.0
1091230 1544.0
1091240 1547.6
1091250 1548.0
1091260 1548.0
1091270 1549.1
1091280 1553.2
1091290 1554.4
1091300 1554.4
1091310 1553.2
1091320 1551.7
1091330 1551.7
1091340 1550.0
1091350 1547.7
1091360 1547.7
1091370 1544.9
1091380 1541.5
1091390 1541.5
1091400 1537.3
1091410 1533.1
1091420 1527.2
1091430 1523.4
1091440 1519.7
1091450 1519.7
1091460 1515.5
1091470 1510.9
1091480 1510.9
1091490 1507.3
1091500 1504.2
1091510 1501.0
1091520 1501.0
1091530 1498.0
1091540 1494.9
1091550 1494.9
1091560 1491.3
1091570 1487.5
1091580 1487.5
1091590 1483.8
1091600 1479.9
1091610 1479.9
1091620 1476.1
1091630 1472.1
1091640 1472.1
1091650 1467.8
1091660 1464.8
1091670 1464.8
1091680 1463.6
1091690 1462.1
1091700 1462.1
1091710 1459.4
1091720 1456.1
1091730 1453.8
1091740 1453.8
1091750 1449.2
1091760 1446.2
1091770 1446.2
1091780 1443.6
1091790 1441.9
1091800 1441.9
1091810 1440.0
1091820 1438.2
1091830 1438.2
1091840 1436.0
1091850 1433.4
1091860 1433.4
1091870 1430.8
1091880 1428.1
1091890 1428.1
1091900 1426.2
1091910 1424.8
1091920 1424.8
1091930 1423.7
1091940 1422.2
1091950 1422.2
1091960 1422.0
1091970 1421.3
1091980 1421.2
1091990 1421.2
1092000 1420.0
1092010 1418.9
1092020 1418.9
1092030 1417.2
1092040 1414.4
1092050 1414.4
1092060 1414.3
1092070 1411.1
1092080 1411.1
1092090 1410.2
1092100 1409.5
1092110 1409.5
1092120 1408.7
1092130 1407.8
1092140 1407.8
1092150 1406.9
1092160 1406.2
1092170 1406.2
1092180 1402.8
1092190 1401.4
1092200 1404.0
1092210 1404.0
1092220 1404.1
1092230 1404.8
1092240 1404.8
1092250 1405.6
1092260 1406.2
1092270 1406.2
1092280 1407.4
1092290 1408.0
1092300 1408.0
1092310 1409.7
1092320 1412.0
1092330 1412.0
1092340 1413.8
1092350 1414.2
1092360 1414.2
1092370 1412.4
1092380 1410.5
1092390 1407.2
1092400 1406.0
1092410 1404.1
1092420 1402.1
1092430 1402.1
1092440 1399.2
1092450 1393.9
1092460 1393.9
1092470 1387.3
1092480 1380.2
1092490 1380.2
1092500 1378.2
1092510 1381.2
1092520 1381.2
1092530 1379.4
1092540 1377.6
1092550 1377.6
1092560 1376.8
1092570 1375.3
1092580 1375.3
1092590 1373.1
1092600 1369.3
1092610 1369.3
1092620 1364.9
1092630 1360.0
1092640 1357.5
1092650 1357.5
1092660 1354.9
1092670 1350.2
1092680 1350.2
1092690 1344.9
1092700 1342.9
1092710 1342.9
1092720 1335.3
1092730 1333.9
1092740 1333.9
1092750 1335.2
1092760 1337.1
1092770 1337.1
1092780 1337.8
1092790 1336.9
1092800 1336.9
1092810 1333.9
1092820 1330.9
1092830 1330.9
1092840 1330.8
1092850 1330.6
1092860 1330.6
1092870 1330.7
1092880 1329.6
1092890 1325.9
1092900 1325.9
1092910 1323.3
1092920 1323.1
1092930 1323.1
1092940 1325.9
1092950 1325.6
1092960 1325.6
1092970 1325.6
1092980 1325.3
1092990 1325.3
1093000 1325.0
1093010 1323.2
1093020 1323.2
1093030 1319.6
1093040 1308.0
1093050 1308.0
1093060 1303.4
1093070 1297.9
1093080 1297.9
1093090 1293.8
1093100 1288.9
1093110 1291.9
1093120 1291.9
1093130 1292.3
1093140 1290.5
1093150 1290.5
1093160 1288.7
1093170 1287.4
1093180 1287.4
1093190 1283.7
1093200 1281.8
1093210 1281.8
1093220 1280.5
1093230 1283.6
1093240 1283.6
1093250 1283.3
1093260 1285.0
1093270 1285.0
1093280 1287.7
1093290 1288.2
1093300 1288.2
1093310 1286.4
1093320 1285.9
1093330 1286.5
1093340 1286.5
1093350 1286.0
1093360 1275.0
1093370 1275.0
1093380 1274.9
1093390 1275.2
1093400 1275.2
1093410 1275.0
1093420 1274.5
1093430 1274.5
1093440 1273.0
1093450 1271.6
1093460 1271.6
1093470 1268.9
1093480 1265.9
1093490 1265.9
1093500 1259.3
1093510 1256.2
1093520 1256.2
1093530 1253.0
1093540 1249.7
1093550 1249.7
1093560 1247.5
1093570 1245.3
1093580 1243.4
1093590 1243.4
1093600 1240.8
1093610 1239.7
1093620 1239.7
1093630 1239.2
1093640 1239.5
1093650 1239.5
1093660 1239.3
1093670 1238.3
1093680 1238.3
1093690 1227.3
1093700 1226.3
1093710 1226.3
1093720 1223.0
1093730 1218.9
1093740 1218.9
1093750 1215.3
1093760 1210.2
1093770 1210.2
1093780 1204.3
1093790 1198.8
1093800 1194.9
1093810 1194.9
1093820 1192.2
1093830 1195.1
1093840 1195.1
1093850 1202.6
1093860 1210.3
1093870 1210.3
1093880 1216.9
1093890 1218.4
1093900 1218.4
1093910 1216.3
1093920 1214.9
1093930 1214.9
1093940 1213.0
1093950 1209.1
1093960 1209.1
1093970 1207.1
1093980 1205.1
1093990 1205.1
1094000 1203.0
1094010 1192.2
1094020 1184.1
1094030 1184.1
1094040 1172.0
1094050 1164.3
1094060 1164.3
1094070 1160.5
1094080 1156.4
1094090 1156.4
1094100 1154.2
1094110 1154.4
1094120 1154.4
1094130 1153.7
1094140 1155.7
1094150 1155.7
1094160 1159.6
1094170 1163.2
1094180 1163.2
1094190 1164.6
1094200 1163.4
1094210 1163.4
1094220 1164.9
1094230 1164.9
1094240 1165.5
1094250 1165.5
1094260 1164.0
1094270 1158.4
1094280 1158.4
1094290 1157.0
1094300 1163.9
1094310 1163.9
1094320 1165.5
1094330 1164.4
1094340 1172.1
1094350 1172.7
1094360 1171.9
1094370 1171.9
1094380 1171.5
1094390 1173.5
1094400 1173.5
1094410 1175.7
1094420 1177.6
1094430 1177.6
1094440 1178.1
1094450 1178.9
1094460 1178.9
1094470 1179.0
1094480 1178.3
1094490 1179.3
1094500 1179.3
1094510 1182.0
1094520 1185.8
1094530 1185.8
1094540 1194.3
1094550 1203.4
1094560 1203.4
1094570 1210.9
1094580 1216.1
1094590 1216.1
1094600 1216.7
1094610 1212.6
1094620 1212.6
1094630 1204.8
1094640 1196.6
1094650 1196.6
1094660 1187.4
1094670 1176.0
1094680 1176.0
1094690 1165.5
1094700 1156.7
1094710 1150.0
1094720 1150.0
1094730 1158.3
1094740 1171.4
1094750 1171.4
1094760 1179.1
1094770 1184.6
1094780 1184.6
1094790 1189.2
1094800 1195.4
1094810 1195.4
1094820 1203.0
1094830 1210.5
1094840 1210.5
1094850 1208.2
1094860 1200.7
1094870 1200.7
1094880 1192.2
1094890 1183.1
1094900 1183.1
1094910 1173.0
1094920 1162.3
1094930 1152.8
1094940 1152.8
1094950 1145.0
1094960 1137.2
1094970 1137.2
1094980 1130.2
1094990 1122.6
1095000 1122.6
1095010 1112.7
1095020 1108.3
1095030 1108.3
1095040 1110.7
1095050 1112.8
1095060 1112.8
1095070 1115.7
1095080 1114.9
1095090 1114.9
1095100 1109.1
1095110 1107.6
1095120 1107.6
1095130 1113.2
1095140 1121.3
1095150 1126.6
1095160 1126.6
1095170 1129.8
1095180 1133.0
1095190 1133.0
1095200 1136.6
1095210 1139.5
1095220 1139.5
1095230 1141.1
1095240 1139.3
1095250 1139.3
1095260 1140.0
1095270 1140.6
1095280 1140.6
1095290 1140.6
1095300 1140.8
1095310 1147.1
1095320 1146.7
1095330 1146.9
1095340 1146.9
1095350 1148.2
1095360 1150.2
1095370 1150.2
1095380 1152.0
1095390 1154.1
1095400 1156.7
1095410 1156.7
1095420 1159.4
1095430 1161.1
1095440 1161.1
1095450 1163.3
1095460 1166.1
1095470 1166.1
1095480 1168.0
1095490 1169.8
1095500 1169.8
1095510 1171.3
1095520 1172.6
1095530 1172.6
1095540 1174.1
1095550 1175.0
1095560 1175.0
1095570 1175.4
1095580 1175.8
1095590 1175.8
1095600 1177.2
1095610 1178.6
1095620 1180.5
1095630 1180.5
1095640 1183.1
1095650 1184.1
1095660 1184.1
1095670 1185.6
1095680 1186.6
1095690 1186.6
1095700 1187.0
1095710 1187.4
1095720 1187.4
1095730 1187.8
1095740 1188.6
1095750 1188.6
1095760 1189.0
1095770 1189.3
1095780 1189.3
1095790 1189.5
1095800 1189.9
1095810 1189.9
1095820 1189.5
1095830 1188.2
1095840 1187.7
1095850 1187.7
1095860 1186.7
1095870 1184.1
1095880 1184.1
1095890 1181.2
1095900 1178.5
1095910 1178.5
1095920 1177.5
1095930 1177.6
1095940 1177.6
1095950 1178.5
1095960 1179.1
1095970 1182.1
1095980 1182.3
1095990 1181.8
1096000 1181.8
1096010 1180.9
1096020 1180.4
1096030 1180.4
1096040 1179.6
1096050 1178.9
1096060 1178.9
1096070 1179.3
1096080 1180.7
1096090 1181.2
1096100 1181.2
1096110 1181.3
1096120 1182.1
1096130 1182.1
1096140 1182.2
1096150 1183.0
1096160 1183.0
1096170 1184.4
1096180 1185.6
1096190 1185.6
1096200 1186.3
1096210 1186.8
1096220 1186.8
1096230 1186.7
1096240 1186.4
1096250 1186.4
1096260 1185.8
1096270 1185.3
1096280 1185.3
1096290 1186.6
1096300 1186.4
1096310 1186.5
1096320 1186.5
1096330 1187.1
1096340 1187.5
1096350 1187.5
1096360 1187.3
1096370 1187.3
1096380 1187.3
1096390 1187.3
1096400 1187.0
1096410 1187.0
1096420 1185.8
1096430 1184.7
1096440 1184.7
1096450 1185.0
1096460 1184.8
1096470 1184.8
1096480 1183.3
1096490 1182.2
1096500 1182.2
1096510 1181.6
1096520 1180.7
1096530 1180.0
1096540 1180.0
1096550 1181.1
1096560 1183.8
1096570 1183.8
1096580 1184.7
1096590 1184.9
1096600 1184.9
1096610 1185.4
1096620 1191.7
1096630 1191.7
1096640 1191.4
1096650 1192.3
1096660 1192.3
1096670 1192.5
1096680 1191.9
1096690 1191.9
1096700 1191.0
1096710 1189.2
1096720 1189.2
1096730 1187.4
1096740 1186.8
1096750 1188.5
1096760 1188.5
1096770 1190.7
1096780 1192.0
1096790 1192.0
1096800 1191.8
1096810 1190.8
1096820 1190.8
1096830 1188.9
1096840 1186.4
1096850 1186.4
1096860 1184.5
1096870 1182.7
1096880 1182.7
1096890 1181.2
1096900 1179.9
1096910 1179.9
1096920 1177.7
1096930 1176.9
1096940 1176.9
1096950 1181.9
1096960 1179.5
1096970 1179.5
1096980 1177.7
1096990 1175.9
1097000 1173.0
1097010 1173.0
1097020 1168.1
1097030 1164.1
1097040 1164.1
1097050 1161.3
1097060 1157.1
1097070 1157.1
1097080 1155.2
1097090 1154.2
1097100 1154.2
1097110 1152.6
1097120 1150.3
1097130 1150.3
1097140 1148.3
1097150 1147.3
1097160 1147.3
1097170 1146.8
1097180 1146.6
1097190 1146.6
1097200 1144.5
1097210 1140.4
1097220 1137.5
1097230 1137.5
1097240 1135.6
1097250 1130.9
1097260 1130.9
1097270 1123.8
1097280 1121.2
1097290 1121.2
1097300 1113.8
1097310 1108.0
1097320 1108.0
1097330 1100.0
1097340 1092.0
1097350 1092.0
1097360 1084.6
1097370 1077.2
1097380 1077.2
1097390 1070.9
1097400 1064.9
1097410 1064.9
1097420 1059.9
1097430 1056.2
1097440 1052.5
1097450 1052.5
1097460 1048.8
1097470 1045.7
1097480 1045.7
1097490 1042.1
1097500 1038.7
1097510 1038.7
1097520 1036.5
1097530 1034.2
1097540 1034.2
1097550 1031.1
1097560 1028.4
1097570 1028.4
1097580 1026.0
1097590 1025.1
1097600 1026.1
1097610 1023.3
1097620 1019.5
1097630 1019.5
1097640 1016.5
1097650 1014.3
1097660 1011.8
1097670 1011.8
1097680 1007.9
1097690 1003.0
1097700 1003.0
1097710 997.2
1097720 992.0
1097730 992.0
1097740 984.6
1097750 977.2
1097760 977.2
1097770 970.9
1097780 965.8
1097790 965.8
1097800 961.9
1097810 956.7
1097820 956.7
1097830 951.0
1097840 944.7
1097850 944.7
1097860 945.0
1097870 945.2
1097880 945.2
1097890 946.7
1097900 943.8
1097910 942.7
1097920 942.7
1097930 948.0
1097940 947.7
1097950 947.7
1097960 947.9
1097970 948.2
1097980 948.2
1097990 947.4
1098000 947.9
1098010 947.9
1098020 945.2
1098030 943.8
1098040 943.8
1098050 942.2
1098060 938.6
1098070 938.6
1098080 934.1
1098090 928.6
1098100 928.6
1098110 923.8
1098120 919.4
1098130 915.4
1098140 915.4
1098150 916.1
1098160 917.1
1098170 917.1
1098180 918.0
1098190 917.4
1098200 917.4
1098210 910.4
1098220 901.4
1098230 901.4
1098240 893.2
1098250 888.9
1098260 890.4
1098270 896.8
1098280 902.3
1098290 902.3
1098300 902.4
1098310 901.6
1098320 901.6
1098330 900.1
1098340 897.7
1098350 895.0
1098360 895.0
1098370 892.4
1098380 889.0
1098390 889.0
1098400 885.8
1098410 883.2
1098420 883.2
1098430 881.0
1098440 878.3
1098450 878.3
1098460 875.9
1098470 872.9
1098480 872.9
1098490 867.5
1098500 863.4
1098510 863.4
1098520 872.0
1098530 876.0
1098540 876.0
1098550 877.7
1098560 879.4
1098570 879.4
1098580 881.2
1098590 887.0
1098600 890.3
1098610 890.3
1098620 894.0
1098630 899.3
1098640 899.3
1098650 901.1
1098660 901.6
1098670 901.6
1098680 900.8
1098690 898.1
1098700 898.1
1098710 896.9
1098720 897.1
1098730 897.1
1098740 894.5
1098750 893.8
1098760 893.8
1098770 895.1
1098780 895.1
1098790 895.1
1098800 895.9
1098810 896.3
1098820 898.6
1098830 898.6
1098840 902.2
1098850 906.8
1098860 906.8
1098870 907.2
1098880 908.7
1098890 908.7
1098900 911.5
1098910 913.5
1098920 914.5
1098930 915.5
1098940 918.0
1098950 918.0
1098960 920.7
1098970 922.3
1098980 922.3
1098990 922.9
1099000 922.9
1099010 922.9
1099020 922.6
1099030 922.0
1099040 920.4
1099050 920.4
1099060 919.6
1099070 919.7
1099080 919.7
1099090 921.0
1099100 923.7
1099110 923.7
1099120 926.8
1099130 929.7
1099140 929.7
1099150 932.4
1099160 934.2
1099170 934.2
1099180 937.7
1099190 938.4
1099200 938.4
1099210 938.7
1099220 939.2
1099230 939.2
1099240 939.2
1099250 945.6
1099260 944.5
1099270 944.5
1099280 942.5
1099290 938.7
1099300 938.7
1099310 934.2
1099320 929.9
1099330 929.9
1099340 928.8
1099350 926.3
1099360 926.3
1099370 924.4
1099380 922.1
1099390 922.1
1099400 920.6
1099410 918.7
1099420 918.7
1099430 916.6
1099440 913.7
1099450 913.7
1099460 911.7
1099470 910.6
1099480 910.6
1099490 908.8
1099500 907.4
1099510 905.9
1099520 905.9
1099530 904.6
1099540 902.4
1099550 902.4
1099560 898.4
1099570 894.7
1099580 900.7
1099590 898.6
1099600 897.0
1099610 897.0
1099620 896.2
1099630 894.1
1099640 894.1
1099650 892.0
1099660 889.5
1099670 889.5
1099680 888.1
1099690 886.9
1099700 886.9
1099710 885.5
1099720 883.5
1099730 880.9
1099740 880.9
1099750 878.4
1099760 876.5
1099770 876.5
1099780 873.8
1099790 870.7
1099800 870.7
1099810 868.0
1099820 865.7
1099830 865.7
1099840 861.9
1099850 858.5
1099860 858.5
1099870 856.9
1099880 857.2
1099890 857.2
1099900 856.7
1099910 862.8
1099920 862.8
1099930 861.2
1099940 859.8
1099950 858.0
1099960 858.0
1099970 857.9
1099980 859.5
1099990 859.5
