1080000 1552.9
1080010 1546.3
1080020 1539.6
1080030 1531.6
1080040 1531.6
1080050 1525.1
1080060 1520.1
1080070 1520.1
1080080 1519.0
1080090 1518.5
1080100 1518.5
1080110 1518.5
1080120 1517.6
1080130 1517.6
1080140 1516.8
1080150 1516.4
1080160 1516.4
1080170 1515.3
1080180 1514.4
1080190 1514.4
1080200 1513.9
1080210 1513.1
1080220 1513.1
1080230 1512.0
1080240 1511.4
1080250 1511.4
1080260 1510.4
1080270 1509.7
1080280 1509.1
1080290 1509.1
1080300 1508.9
1080310 1509.9
1080320 1509.9
1080330 1509.7
1080340 1512.3
1080350 1512.3
1080360 1513.4
1080370 1514.3
1080380 1514.3
1080390 1515.6
1080400 1517.2
1080410 1517.2
1080420 1518.3
1080430 1519.4
1080440 1519.4
1080450 1520.1
1080460 1520.9
1080470 1520.9
1080480 1521.9
1080490 1523.9
1080500 1525.7
1080510 1525.7
1080520 1526.6
1080530 1528.4
1080540 1528.4
1080550 1531.2
1080560 1533.9
1080570 1533.9
1080580 1537.4
1080590 1539.8
1080600 1539.8
1080610 1541.2
1080620 1543.2
1080630 1543.2
1080640 1546.2
1080650 1549.3
1080660 1552.4
1080670 1555.6
1080680 1557.4
1080690 1557.4
1080700 1557.1
1080710 1556.6
1080720 1556.6
1080730 1556.6
1080740 1559.2
1080750 1560.5
1080760 1560.5
1080770 1561.3
1080780 1563.3
1080790 1563.3
1080800 1567.4
1080810 1574.3
1080820 1574.3
1080830 1581.8
1080840 1588.6
1080850 1588.6
1080860 1596.5
1080870 1604.5
1080880 1604.5
1080890 1612.5
1080900 1621.1
1080910 1621.1
1080920 1628.1
1080930 1633.8
1080940 1633.8
1080950 1630.4
1080960 1630.8
1080970 1640.4
1080980 1640.4
1080990 1645.2
1081000 1649.5
1081010 1649.5
1081020 1651.9
1081030 1655.3
1081040 1655.3
1081050 1664.7
1081060 1678.2
1081070 1678.2
1081080 1689.2
1081090 1698.0
1081100 1698.0
1081110 1707.5
1081120 1716.4
1081130 1716.4
1081140 1728.4
1081150 1743.1
1081160 1743.1
1081170 1751.6
1081180 1762.7
1081190 1769.8
1081200 1769.8
1081210 1776.9
1081220 1788.2
1081230 1788.2
1081240 1793.5
1081250 1803.2
1081260 1803.2
1081270 1826.8
1081280 1844.8
1081290 1857.8
1081300 1875.0
1081310 1889.5
1081320 1889.5
1081330 1899.9
1081340 1908.9
1081350 1908.9
1081360 1917.9
1081370 1927.6
1081380 1927.6
1081390 1936.3
1081400 1941.3
1081410 1946.6
1081420 1946.6
1081430 1952.8
1081440 1950.0
1081450 1950.0
1081460 1947.9
1081470 1951.3
1081480 1951.3
1081490 1962.7
1081500 1972.8
1081510 1972.8
1081520 1977.3
1081530 1976.3
1081540 1976.3
1081550 1969.2
1081560 1965.0
1081570 1965.0
1081580 1960.7
1081590 1956.0
1081600 1971.2
1081610 1965.6
1081620 1950.9
1081630 1950.9
1081640 1936.8
1081650 1928.2
1081660 1947.3
1081670 1947.3
1081680 1964.9
1081690 1980.6
1081700 1980.6
1081710 1992.3
1081720 1998.3
1081730 1998.3
1081740 2007.0
1081750 2014.0
1081760 2014.0
1081770 2020.7
1081780 2027.7
1081790 2027.7
1081800 2034.5
1081810 2041.8
1081820 2041.8
1081830 2049.7
1081840 2059.1
1081850 2059.1
1081860 2072.9
1081870 2085.6
1081880 2097.4
1081890 2097.4
1081900 2106.7
1081910 2116.1
1081920 2121.0
1081930 2122.9
1081940 2120.1
1081950 2120.1
1081960 2115.0
1081970 2110.4
1081980 2110.4
1081990 2106.0
1082000 2100.0
1082010 2100.0
1082020 2093.5
1082030 2086.1
1082040 2086.1
1082050 2076.4
1082060 2068.8
1082070 2068.8
1082080 2063.6
1082090 2059.5
1082100 2056.4
1082110 2056.4
1082120 2053.4
1082130 2050.2
1082140 2050.2
1082150 2046.6
1082160 2043.0
1082170 2043.0
1082180 2039.7
1082190 2036.2
1082200 2036.2
1082210 2032.0
1082220 2027.9
1082230 2029.5
1082240 2025.9
1082250 2022.0
1082260 2022.0
1082270 2017.7
1082280 2012.3
1082290 2012.3
1082300 2005.6
1082310 1998.7
1082320 1998.7
1082330 1991.4
1082340 1984.9
1082350 1978.0
1082360 1978.0
1082370 1972.6
1082380 1967.0
1082390 1967.0
1082400 1959.9
1082410 1951.1
1082420 1951.1
1082430 1945.0
1082440 1936.8
1082450 1936.8
1082460 1929.9
1082470 1921.3
1082480 1921.3
1082490 1914.4
1082500 1908.8
1082510 1908.8
1082520 1903.4
1082530 1898.7
1082540 1898.7
1082550 1881.8
1082560 1868.7
1082570 1859.1
1082580 1859.1
1082590 1851.4
1082600 1843.0
1082610 1843.0
1082620 1835.4
1082630 1829.0
1082640 1829.0
1082650 1820.6
1082660 1812.0
1082670 1812.0
1082680 1801.2
1082690 1789.8
1082700 1789.8
1082710 1774.4
1082720 1762.3
1082730 1762.3
1082740 1748.7
1082750 1739.8
1082760 1739.8
1082770 1735.5
1082780 1728.9
1082790 1720.0
1082800 1720.0
1082810 1711.4
1082820 1702.6
1082830 1702.6
1082840 1694.3
1082850 1683.5
1082860 1671.1
1082870 1660.4
1082880 1651.7
1082890 1651.7
1082900 1643.1
1082910 1636.0
1082920 1636.0
1082930 1631.1
1082940 1618.9
1082950 1618.9
1082960 1607.3
1082970 1598.8
1082980 1598.8
1082990 1590.0
1083000 1580.6
1083010 1580.6
1083020 1567.1
1083030 1558.6
1083040 1550.0
1083050 1550.0
1083060 1543.6
1083070 1538.3
1083080 1538.3
1083090 1532.5
1083100 1530.1
1083110 1530.1
1083120 1520.3
1083130 1510.6
1083140 1510.6
1083150 1503.6
1083160 1495.8
1083170 1495.8
1083180 1486.8
1083190 1476.8
1083200 1476.8
1083210 1465.2
1083220 1457.2
1083230 1457.2
1083240 1449.0
1083250 1439.7
1083260 1433.4
1083270 1433.4
1083280 1427.6
1083290 1421.7
1083300 1421.7
1083310 1414.9
1083320 1406.6
1083330 1406.6
1083340 1398.0
1083350 1391.4
1083360 1391.4
1083370 1386.1
1083380 1380.2
1083390 1380.2
1083400 1371.0
1083410 1361.8
1083420 1361.8
1083430 1353.6
1083440 1343.5
1083450 1343.5
1083460 1332.5
1083470 1308.7
1083480 1288.7
1083490 1288.7
1083500 1272.5
1083510 1249.6
1083520 1249.6
1083530 1220.4
1083540 1203.7
1083550 1203.7
1083560 1195.8
1083570 1191.5
1083580 1191.5
1083590 1185.6
1083600 1180.1
1083610 1180.1
1083620 1174.2
1083630 1167.3
1083640 1167.3
1083650 1162.3
1083660 1158.4
1083670 1158.4
1083680 1156.0
1083690 1152.3
1083700 1152.3
1083710 1150.0
1083720 1148.0
1083730 1146.9
1083740 1146.9
1083750 1146.1
1083760 1144.1
1083770 1144.1
1083780 1142.4
1083790 1140.9
1083800 1140.9
1083810 1143.4
1083820 1141.5
1083830 1141.5
1083840 1134.9
1083850 1131.3
1083860 1131.3
1083870 1127.3
1083880 1124.5
1083890 1124.5
1083900 1123.4
1083910 1130.8
1083920 1130.8
1083930 1133.9
1083940 1138.5
1083950 1144.5
1083960 1144.5
1083970 1149.3
1083980 1153.3
1083990 1153.3
1084000 1157.3
1084010 1161.9
1084020 1161.9
1084030 1165.2
1084040 1168.3
1084050 1168.3
1084060 1172.3
1084070 1177.2
1084080 1177.2
1084090 1182.3
1084100 1187.6
1084110 1187.6
1084120 1191.8
1084130 1196.9
1084140 1196.9
1084150 1199.3
1084160 1201.2
1084170 1203.1
1084180 1203.1
1084190 1206.8
1084200 1211.7
1084210 1211.7
1084220 1217.0
1084230 1222.3
1084240 1222.3
1084250 1225.2
1084260 1225.0
1084270 1225.0
1084280 1224.4
1084290 1220.5
1084300 1220.5
1084310 1218.1
1084320 1224.3
1084330 1224.3
1084340 1233.5
1084350 1249.1
1084360 1249.1
1084370 1263.0
1084380 1272.9
1084390 1272.9
1084400 1282.3
1084410 1282.2
1084420 1280.9
1084430 1280.9
1084440 1281.1
1084450 1273.5
1084460 1273.5
1084470 1278.4
1084480 1285.2
1084490 1285.2
1084500 1298.8
1084510 1304.5
1084520 1304.5
1084530 1316.1
1084540 1329.5
1084550 1329.5
1084560 1351.0
1084570 1377.2
1084580 1377.2
1084590 1390.1
1084600 1399.6
1084610 1399.6
1084620 1408.3
1084630 1416.7
1084640 1425.2
1084650 1425.2
1084660 1433.3
1084670 1440.8
1084680 1440.8
1084690 1448.1
1084700 1455.1
1084710 1455.1
1084720 1461.1
1084730 1463.4
1084740 1463.4
1084750 1458.7
1084760 1454.5
1084770 1454.5
1084780 1461.7
1084790 1465.2
1084800 1465.2
1084810 1471.9
1084820 1476.1
1084830 1476.1
1084840 1481.5
1084850 1485.6
1084860 1491.9
1084870 1491.9
1084880 1498.4
1084890 1506.8
1084900 1506.8
1084910 1513.9
1084920 1517.5
1084930 1517.5
1084940 1523.2
1084950 1539.6
1084960 1539.6
1084970 1552.1
1084980 1558.8
1084990 1558.8
1085000 1569.0
1085010 1573.0
1085020 1573.0
1085030 1578.4
1085040 1583.3
1085050 1583.3
1085060 1588.3
1085070 1592.3
1085080 1594.6
1085090 1598.7
1085100 1603.4
1085110 1608.0
1085120 1608.0
1085130 1612.8
1085140 1617.7
1085150 1617.7
1085160 1622.7
1085170 1627.3
1085180 1627.3
1085190 1632.0
1085200 1638.5
1085210 1638.5
1085220 1646.0
1085230 1655.9
1085240 1655.9
1085250 1672.2
1085260 1678.5
1085270 1678.5
1085280 1685.7
1085290 1693.6
1085300 1693.6
1085310 1707.6
1085320 1717.4
1085330 1726.6
1085340 1726.6
1085350 1735.2
1085360 1743.4
1085370 1743.4
1085380 1751.0
1085390 1758.0
1085400 1760.5
1085410 1766.4
1085420 1772.6
1085430 1772.6
1085440 1779.3
1085450 1786.5
1085460 1786.5
1085470 1793.9
1085480 1801.9
1085490 1801.9
1085500 1811.8
1085510 1820.6
1085520 1820.6
1085530 1829.3
1085540 1838.6
1085550 1848.2
1085560 1848.2
1085570 1856.7
1085580 1866.6
1085590 1866.6
1085600 1875.8
1085610 1882.7
1085620 1882.7
1085630 1888.4
1085640 1894.1
1085650 1894.1
1085660 1901.3
1085670 1909.5
1085680 1909.5
1085690 1919.3
1085700 1936.4
1085710 1936.4
1085720 1933.3
1085730 1940.0
1085740 1940.0
1085750 1944.0
1085760 1950.1
1085770 1950.1
1085780 1957.5
1085790 1964.7
1085800 1972.2
1085810 1972.2
1085820 1979.4
1085830 1984.6
1085840 1984.6
1085850 1993.8
1085860 1998.6
1085870 1998.6
1085880 1997.0
1085890 2000.8
1085900 2000.8
1085910 2007.0
1085920 2015.3
1085930 2015.3
1085940 2022.4
1085950 2027.7
1085960 2027.7
1085970 2034.3
1085980 2041.4
1085990 2041.4
1086000 2052.5
1086010 2064.4
1086020 2071.7
1086030 2071.7
1086040 2062.9
1086050 2066.8
1086060 2066.8
1086070 2075.7
1086080 2087.6
1086090 2087.6
1086100 2101.4
1086110 2110.7
1086120 2110.7
1086130 2115.8
1086140 2120.0
1086150 2120.0
1086160 2124.5
1086170 2127.8
1086180 2127.8
1086190 2132.4
1086200 2136.1
1086210 2136.1
1086220 2140.4
1086230 2142.7
1086240 2148.7
1086250 2148.7
1086260 2157.1
1086270 2162.5
1086280 2162.5
1086290 2170.9
1086300 2184.6
1086310 2184.6
1086320 2194.1
1086330 2201.8
1086340 2201.8
1086350 2208.7
1086360 2216.3
1086370 2216.3
1086380 2223.3
1086390 2229.9
1086400 2229.9
1086410 2238.3
1086420 2248.6
1086430 2248.6
1086440 2252.4
1086450 2257.4
1086460 2257.4
1086470 2264.1
1086480 2271.2
1086490 2279.7
1086500 2279.7
1086510 2286.4
1086520 2292.8
1086530 2292.8
1086540 2301.6
1086550 2311.1
1086560 2311.1
1086570 2319.0
1086580 2326.9
1086590 2326.9
1086600 2334.6
1086610 2341.0
1086620 2341.0
1086630 2350.9
1086640 2360.1
1086650 2360.1
1086660 2367.2
1086670 2400.7
1086680 2400.7
1086690 2408.8
1086700 2411.1
1086710 2428.9
1086720 2428.9
1086730 2451.8
1086740 2465.6
1086750 2465.6
1086760 2475.1
1086770 2475.4
1086780 2475.4
1086790 2468.2
1086800 2459.8
1086810 2459.8
1086820 2453.3
1086830 2452.9
1086840 2452.9
1086850 2457.5
1086860 2455.3
1086870 2455.3
1086880 2442.1
1086890 2425.8
1086900 2425.8
1086910 2419.8
1086920 2408.1
1086930 2402.4
1086940 2402.4
1086950 2400.8
1086960 2376.6
1086970 2376.6
1086980 2359.0
1086990 2345.2
1087000 2345.2
1087010 2340.5
1087020 2334.0
1087030 2334.0
1087040 2325.9
1087050 2316.3
1087060 2316.3
1087070 2308.1
1087080 2302.9
1087090 2302.9
1087100 2296.8
1087110 2290.6
1087120 2290.6
1087130 2283.5
1087140 2278.0
1087150 2278.0
1087160 2271.9
1087170 2265.5
1087180 2260.2
1087190 2260.2
1087200 2255.5
1087210 2251.1
1087220 2251.1
1087230 2247.5
1087240 2242.9
1087250 2242.9
1087260 2239.1
1087270 2236.4
1087280 2236.4
1087290 2233.2
1087300 2228.3
1087310 2225.8
1087320 2220.0
1087330 2212.9
1087340 2212.9
1087350 2207.1
1087360 2202.5
1087370 2202.5
1087380 2198.2
1087390 2194.0
1087400 2191.6
1087410 2191.6
1087420 2190.2
1087430 2187.9
1087440 2187.9
1087450 2186.4
1087460 2183.8
1087470 2183.8
1087480 2180.8
1087490 2178.1
1087500 2178.1
1087510 2175.6
1087520 2174.2
1087530 2174.2
1087540 2172.4
1087550 2170.3
1087560 2170.3
1087570 2168.0
1087580 2165.6
1087590 2165.6
1087600 2166.2
1087610 2165.5
1087620 2165.1
1087630 2159.5
1087640 2158.8
1087650 2158.1
1087660 2158.1
1087670 2157.9
1087680 2157.2
1087690 2157.2
1087700 2156.0
1087710 2155.5
1087720 2155.5
1087730 2155.5
1087740 2155.9
1087750 2155.9
1087760 2156.1
1087770 2157.9
1087780 2157.9
1087790 2160.8
1087800 2163.5
1087810 2163.5
1087820 2165.7
1087830 2168.1
1087840 2168.1
1087850 2171.5
1087860 2175.0
1087870 2177.4
1087880 2177.4
1087890 2174.2
1087900 2179.9
1087910 2179.9
1087920 2186.0
1087930 2188.9
1087940 2188.9
1087950 2183.3
1087960 2184.3
1087970 2184.3
1087980 2185.4
1087990 2189.8
1088000 2189.8
1088010 2198.9
1088020 2202.8
1088030 2202.8
1088040 2192.9
1088050 2189.9
1088060 2189.9
1088070 2189.0
1088080 2186.2
1088090 2185.4
1088100 2185.4
1088110 2186.3
1088120 2189.6
1088130 2189.6
1088140 2196.4
1088150 2206.0
1088160 2206.0
1088170 2212.2
1088180 2217.5
1088190 2217.5
1088200 2226.1
1088210 2216.4
1088220 2216.4
1088230 2204.0
1088240 2193.4
1088250 2193.4
1088260 2187.6
1088270 2175.9
1088280 2175.9
1088290 2172.9
1088300 2167.3
1088310 2164.3
1088320 2164.3
1088330 2165.9
1088340 2167.3
1088350 2167.3
1088360 2166.3
1088370 2164.9
1088380 2164.9
1088390 2164.0
1088400 2164.5
1088410 2164.5
1088420 2163.4
1088430 2163.0
1088440 2163.0
1088450 2167.3
1088460 2172.6
1088470 2172.6
1088480 2176.7
1088490 2174.3
1088500 2174.3
1088510 2170.8
1088520 2169.8
1088530 2169.8
1088540 2170.0
1088550 2172.1
1088560 2181.1
1088570 2181.1
1088580 2184.0
1088590 2178.7
1088600 2178.7
1088610 2181.1
1088620 2182.6
1088630 2182.6
1088640 2182.7
1088650 2188.7
1088660 2188.7
1088670 2197.3
1088680 2194.7
1088690 2194.7
1088700 2191.0
1088710 2190.1
1088720 2190.1
1088730 2195.1
1088740 2195.4
1088750 2195.4
1088760 2183.4
1088770 2174.8
1088780 2170.1
1088790 2170.1
1088800 2158.4
1088810 2153.8
1088820 2153.8
1088830 2153.1
1088840 2151.3
1088850 2151.3
1088860 2150.2
1088870 2148.9
1088880 2148.9
1088890 2144.3
1088900 2139.2
1088910 2133.4
1088920 2129.1
1088930 2128.4
1088940 2128.4
1088950 2129.9
1088960 2130.6
1088970 2130.6
1088980 2132.2
1088990 2132.0
1089000 2130.4
1089010 2130.4
1089020 2129.1
1089030 2129.7
1089040 2129.7
1089050 2129.6
1089060 2128.6
1089070 2128.6
1089080 2128.4
1089090 2128.4
1089100 2128.4
1089110 2128.4
1089120 2128.4
1089130 2128.4
1089140 2129.7
1089150 2130.3
1089160 2130.3
1089170 2129.8
1089180 2129.9
1089190 2129.9
1089200 2128.5
1089210 2126.6
1089220 2126.6
1089230 2118.2
1089240 2117.7
1089250 2116.2
1089260 2116.2
1089270 2113.5
1089280 2113.4
1089290 2113.4
1089300 2115.6
1089310 2116.1
1089320 2116.1
1089330 2116.5
1089340 2116.9
1089350 2116.9
1089360 2117.6
1089370 2120.4
1089380 2120.4
1089390 2123.7
1089400 2125.8
1089410 2125.8
1089420 2126.2
1089430 2123.8
1089440 2123.8
1089450 2123.1
1089460 2125.0
1089470 2129.6
1089480 2129.6
1089490 2136.1
1089500 2143.7
1089510 2143.7
1089520 2154.1
1089530 2166.7
1089540 2166.7
1089550 2154.5
1089560 2165.4
1089570 2165.4
1089580 2179.0
1089590 2191.2
1089600 2191.2
1089610 2196.6
1089620 2188.1
1089630 2188.1
1089640 2186.9
1089650 2181.7
1089660 2181.7
1089670 2171.5
1089680 2166.9
1089690 2159.5
1089700 2159.5
1089710 2150.3
1089720 2141.3
1089730 2141.3
1089740 2135.0
1089750 2134.2
1089760 2134.2
1089770 2130.0
1089780 2122.3
1089790 2122.3
1089800 2117.2
1089810 2113.7
1089820 2113.7
1089830 2109.8
1089840 2106.6
1089850 2106.6
1089860 2100.5
1089870 2092.5
1089880 2090.9
1089890 2082.4
1089900 2079.7
1089910 2079.7
1089920 2078.6
1089930 2078.1
1089940 2076.0
1089950 2076.0
1089960 2072.1
1089970 2068.5
1089980 2068.5
1089990 2064.6
1090000 2062.1
1090010 2062.1
1090020 2060.5
1090030 2058.1
1090040 2058.1
1090050 2055.5
1090060 2052.9
1090070 2052.9
1090080 2050.5
1090090 2047.9
1090100 2047.9
1090110 2043.7
1090120 2038.7
1090130 2038.7
1090140 2033.5
1090150 2027.5
1090160 2022.2
1090170 2022.2
1090180 2016.7
1090190 2010.2
1090200 2011.0
1090210 2005.7
1090220 2000.5
1090230 2000.5
1090240 1996.5
1090250 1990.0
1090260 1990.0
1090270 1984.4
1090280 1981.4
1090290 1981.4
1090300 1981.3
1090310 1984.4
1090320 1984.4
1090330 1983.7
1090340 1980.9
1090350 1980.9
1090360 1975.6
1090370 1974.3
1090380 1973.5
1090390 1973.5
1090400 1972.7
1090410 1971.3
1090420 1971.3
1090430 1969.3
1090440 1965.3
1090450 1965.3
1090460 1962.0
1090470 1958.0
1090480 1958.0
1090490 1955.5
1090500 1952.6
1090510 1952.6
1090520 1949.7
1090530 1942.9
1090540 1942.9
1090550 1936.0
1090560 1933.0
1090570 1933.0
1090580 1928.5
1090590 1919.9
1090600 1919.9
1090610 1912.2
1090620 1906.1
1090630 1899.1
1090640 1899.1
1090650 1888.8
1090660 1883.3
1090670 1883.3
1090680 1882.6
1090690 1881.4
1090700 1881.4
1090710 1876.0
1090720 1869.6
1090730 1869.6
1090740 1868.5
1090750 1867.6
1090760 1867.6
1090770 1865.9
1090780 1865.2
1090790 1865.2
1090800 1864.0
1090810 1863.4
1090820 1863.4
1090830 1862.4
1090840 1858.6
1090850 1856.7
1090860 1856.7
1090870 1853.4
1090880 1850.2
1090890 1850.2
1090900 1847.9
1090910 1851.8
1090920 1851.8
1090930 1859.9
1090940 1862.6
1090950 1862.6
1090960 1864.4
1090970 1867.5
1090980 1867.5
1090990 1873.1
1091000 1878.8
1091010 1878.8
1091020 1883.9
1091030 1887.3
1091040 1887.3
1091050 1888.9
1091060 1889.1
1091070 1890.5
1091080 1890.5
1091090 1891.5
1091100 1892.2
1091110 1892.2
1091120 1893.7
1091130 1896.0
1091140 1896.0
1091150 1898.2
1091160 1900.2
1091170 1900.2
1091180 1901.1
1091190 1900.3
1091200 1900.3
1091210 1897.2
1091220 1892.9
1091230 1892.9
1091240 1889.4
1091250 1886.8
1091260 1886.8
1091270 1886.4
1091280 1886.0
1091290 1886.0
1091300 1884.9
1091310 1884.0
1091320 1884.3
1091330 1884.3
1091340 1885.8
1091350 1886.4
1091360 1886.4
1091370 1886.7
1091380 1885.8
1091390 1885.8
1091400 1882.9
1091410 1878.3
1091420 1878.3
1091430 1879.2
1091440 1879.1
1091450 1879.1
1091460 1875.4
1091470 1871.2
1091480 1871.2
1091490 1860.8
1091500 1858.7
1091510 1858.7
1091520 1855.9
1091530 1852.0
1091540 1848.5
1091550 1848.5
1091560 1845.6
1091570 1840.5
1091580 1840.5
1091590 1836.6
1091600 1836.5
1091610 1836.5
1091620 1838.1
1091630 1841.2
1091640 1841.2
1091650 1846.3
1091660 1848.8
1091670 1848.8
1091680 1853.5
1091690 1859.2
1091700 1859.2
1091710 1863.1
1091720 1866.5
1091730 1866.5
1091740 1867.7
1091750 1867.9
1091760 1867.4
1091770 1867.4
1091780 1869.0
1091790 1874.3
1091800 1874.3
1091810 1870.7
1091820 1867.3
1091830 1867.3
1091840 1864.0
1091850 1861.1
1091860 1861.1
1091870 1856.8
1091880 1852.1
1091890 1852.1
1091900 1848.8
1091910 1845.1
1091920 1845.1
1091930 1839.6
1091940 1841.2
1091950 1841.2
1091960 1846.9
1091970 1849.3
1091980 1848.2
1091990 1848.2
1092000 1842.1
1092010 1835.6
1092020 1835.6
1092030 1829.9
1092040 1824.7
1092050 1824.7
1092060 1822.0
1092070 1829.4
1092080 1829.4
1092090 1839.0
1092100 1846.4
1092110 1846.4
1092120 1846.0
1092130 1830.0
1092140 1830.0
1092150 1823.9
1092160 1825.5
1092170 1825.5
1092180 1822.0
1092190 1818.6
1092200 1818.6
1092210 1814.7
1092220 1811.1
1092230 1807.7
1092240 1807.7
1092250 1800.4
1092260 1796.2
1092270 1796.2
1092280 1802.6
1092290 1807.3
1092300 1807.3
1092310 1807.1
1092320 1805.9
1092330 1805.9
1092340 1810.5
1092350 1816.0
1092360 1816.0
1092370 1818.1
1092380 1818.8
1092390 1818.8
1092400 1818.2
1092410 1817.7
1092420 1817.7
1092430 1815.3
1092440 1813.8
1092450 1812.4
1092460 1804.6
1092470 1802.6
1092480 1801.7
1092490 1801.7
1092500 1801.6
1092510 1801.5
1092520 1801.5
1092530 1801.4
1092540 1801.8
1092550 1801.8
1092560 1803.3
1092570 1804.5
1092580 1804.5
1092590 1805.4
1092600 1806.5
1092610 1806.5
1092620 1807.7
1092630 1810.8
1092640 1810.8
1092650 1812.7
1092660 1812.5
1092670 1811.6
1092680 1811.6
1092690 1809.7
1092700 1806.8
1092710 1806.8
1092720 1804.8
1092730 1803.5
1092740 1803.5
1092750 1801.5
1092760 1798.2
1092770 1798.2
1092780 1789.1
1092790 1780.5
1092800 1780.5
1092810 1775.0
1092820 1770.5
1092830 1770.5
1092840 1767.4
1092850 1765.8
1092860 1765.8
1092870 1764.9
1092880 1764.0
1092890 1764.0
1092900 1763.5
1092910 1762.8
1092920 1762.1
1092930 1762.1
1092940 1761.3
1092950 1760.0
1092960 1760.0
1092970 1759.1
1092980 1759.2
1092990 1759.2
1093000 1759.2
1093010 1753.0
1093020 1753.0
1093030 1744.2
1093040 1737.9
1093050 1737.9
1093060 1732.8
1093070 1729.3
1093080 1729.3
1093090 1726.2
1093100 1716.6
1093110 1716.6
1093120 1717.6
1093130 1720.0
1093140 1722.3
1093150 1722.3
1093160 1721.5
1093170 1715.4
1093180 1715.4
1093190 1706.8
1093200 1692.4
1093210 1692.4
1093220 1681.7
1093230 1673.0
1093240 1673.0
1093250 1666.6
1093260 1661.4
1093270 1661.4
1093280 1653.8
1093290 1646.5
1093300 1646.5
1093310 1640.8
1093320 1635.8
1093330 1635.8
1093340 1632.8
1093350 1630.2
1093360 1630.7
1093370 1630.7
1093380 1632.4
1093390 1634.6
1093400 1634.6
1093410 1636.1
1093420 1638.5
1093430 1631.4
1093440 1635.0
1093450 1639.9
1093460 1639.9
1093470 1645.9
1093480 1653.0
1093490 1653.0
1093500 1658.7
1093510 1660.0
1093520 1660.0
1093530 1662.3
1093540 1660.7
1093550 1660.7
1093560 1654.4
1093570 1648.4
1093580 1648.4
1093590 1643.1
1093600 1638.7
1093610 1634.6
1093620 1634.6
1093630 1627.1
1093640 1618.2
1093650 1618.2
1093660 1609.5
1093670 1602.0
1093680 1602.0
1093690 1593.8
1093700 1586.1
1093710 1586.1
1093720 1578.1
1093730 1570.4
1093740 1570.4
1093750 1558.0
1093760 1547.2
1093770 1547.2
1093780 1538.5
1093790 1531.8
1093800 1531.8
1093810 1526.6
1093820 1531.3
1093830 1535.7
1093840 1535.7
1093850 1531.1
1093860 1523.4
1093870 1523.4
1093880 1514.8
1093890 1505.6
1093900 1505.6
1093910 1505.3
1093920 1513.4
1093930 1513.4
1093940 1518.6
1093950 1519.2
1093960 1519.2
1093970 1510.9
1093980 1501.9
1093990 1501.9
1094000 1493.2
1094010 1497.5
1094020 1497.5
1094030 1501.9
1094040 1497.4
1094050 1501.5
1094060 1501.5
1094070 1507.5
1094080 1498.4
1094090 1498.4
1094100 1496.9
1094110 1496.2
1094120 1496.2
1094130 1495.1
1094140 1492.9
1094150 1492.9
1094160 1491.8
1094170 1489.8
1094180 1489.8
1094190 1485.7
1094200 1481.1
1094210 1481.1
1094220 1479.1
1094230 1477.8
1094240 1477.8
1094250 1474.1
1094260 1469.8
1094270 1469.8
1094280 1465.1
1094290 1461.3
1094300 1458.2
1094310 1458.2
1094320 1453.5
1094330 1447.8
1094340 1447.8
1094350 1438.9
1094360 1435.6
1094370 1435.6
1094380 1437.6
1094390 1434.6
1094400 1425.3
1094410 1422.3
1094420 1418.2
1094430 1418.2
1094440 1412.7
1094450 1407.0
1094460 1407.0
1094470 1401.4
1094480 1397.8
1094490 1397.8
1094500 1396.6
1094510 1395.2
1094520 1394.3
1094530 1394.3
1094540 1392.3
1094550 1388.9
1094560 1388.9
1094570 1388.1
1094580 1387.3
1094590 1387.3
1094600 1385.8
1094610 1384.6
1094620 1384.6
1094630 1383.2
1094640 1381.6
1094650 1381.6
1094660 1379.5
1094670 1378.5
1094680 1378.5
1094690 1376.8
1094700 1372.7
1094710 1372.7
1094720 1367.7
1094730 1354.7
1094740 1349.1
1094750 1349.1
1094760 1343.6
1094770 1337.5
1094780 1337.5
1094790 1331.5
1094800 1324.8
1094810 1324.8
1094820 1320.4
1094830 1318.8
1094840 1318.8
1094850 1317.4
1094860 1315.9
1094870 1315.9
1094880 1314.2
1094890 1312.4
1094900 1312.4
1094910 1309.0
1094920 1302.6
1094930 1302.6
1094940 1294.8
1094950 1288.2
1094960 1288.2
1094970 1283.5
1094980 1278.8
1094990 1273.4
1095000 1273.4
1095010 1269.3
1095020 1265.3
1095030 1265.3
1095040 1260.1
1095050 1247.2
1095060 1247.2
1095070 1242.0
1095080 1235.2
1095090 1235.2
1095100 1227.4
1095110 1218.6
1095120 1218.6
1095130 1210.5
1095140 1203.2
1095150 1203.2
1095160 1195.9
1095170 1189.3
1095180 1189.3
1095190 1183.0
1095200 1176.8
1095210 1169.0
1095220 1169.0
1095230 1161.6
1095240 1154.9
1095250 1154.9
1095260 1146.4
1095270 1134.7
1095280 1134.7
1095290 1126.1
1095300 1118.2
1095310 1118.2
1095320 1108.8
1095330 1098.0
1095340 1098.0
1095350 1085.8
1095360 1079.7
1095370 1079.7
1095380 1073.4
1095390 1076.0
1095400 1076.0
1095410 1068.8
1095420 1060.1
1095430 1052.8
1095440 1052.8
1095450 1047.4
1095460 1043.0
1095470 1043.0
1095480 1042.3
1095490 1039.2
1095500 1039.2
1095510 1028.7
1095520 1021.0
1095530 1021.0
1095540 1015.6
1095550 1009.4
1095560 1009.4
1095570 1004.8
1095580 999.9
1095590 999.9
1095600 995.7
1095610 990.2
1095620 990.2
1095630 983.9
1095640 977.9
1095650 977.9
1095660 971.7
1095670 969.2
1095680 967.0
1095690 967.0
1095700 961.3
1095710 951.5
1095720 951.5
1095730 945.8
1095740 937.1
1095750 937.1
1095760 926.3
1095770 921.8
1095780 921.8
1095790 918.8
1095800 915.7
1095810 915.7
1095820 918.5
1095830 928.5
1095840 928.5
1095850 936.8
1095860 938.8
1095870 938.8
1095880 931.3
1095890 918.4
1095900 903.0
1095910 903.0
1095920 890.8
1095930 889.6
1095940 889.6
1095950 889.8
1095960 888.6
1095970 888.6
1095980 887.1
1095990 884.6
1096000 884.6
1096010 884.7
1096020 887.5
1096030 895.5
1096040 895.6
1096050 895.2
1096060 895.2
1096070 894.0
1096080 889.1
1096090 889.1
1096100 882.2
1096110 876.5
1096120 870.5
1096130 870.5
1096140 868.8
1096150 867.7
1096160 867.7
1096170 865.2
1096180 863.1
1096190 863.1
1096200 858.6
1096210 856.8
1096220 856.8
1096230 855.9
1096240 853.5
1096250 853.5
1096260 849.5
1096270 846.7
1096280 846.7
1096290 842.6
1096300 841.5
1096310 841.5
1096320 841.8
1096330 840.3
1096340 841.3
1096350 841.3
1096360 848.8
1096370 845.7
1096380 845.7
1096390 842.7
1096400 843.4
1096410 843.4
1096420 844.9
1096430 845.9
1096440 845.9
1096450 848.4
1096460 850.5
1096470 850.5
1096480 851.2
1096490 851.3
1096500 851.3
1096510 852.2
1096520 849.2
1096530 849.2
1096540 848.0
1096550 848.8
1096560 848.8
1096570 855.8
1096580 860.8
1096590 859.8
1096600 859.8
1096610 859.0
1096620 865.1
1096630 865.1
1096640 871.6
1096650 872.7
1096660 872.7
1096670 873.9
1096680 874.6
1096690 879.7
1096700 879.9
1096710 879.6
1096720 879.6
1096730 878.5
1096740 876.0
1096750 876.0
1096760 876.5
1096770 878.3
1096780 878.3
1096790 878.4
1096800 876.1
1096810 875.2
1096820 875.2
1096830 874.2
1096840 873.5
1096850 873.5
1096860 872.8
1096870 872.0
1096880 872.0
1096890 870.1
1096900 868.2
1096910 868.2
1096920 867.6
1096930 867.0
1096940 867.0
1096950 866.2
1096960 863.8
1096970 863.8
1096980 860.2
1096990 856.1
1097000 856.1
1097010 855.6
1097020 851.2
1097030 846.1
1097040 846.1
1097050 843.4
1097060 840.9
1097070 840.9
1097080 836.4
1097090 833.4
1097100 833.4
1097110 829.8
1097120 825.2
1097130 825.2
1097140 822.1
1097150 818.6
1097160 818.6
1097170 814.3
1097180 810.1
1097190 810.1
1097200 806.5
1097210 804.1
1097220 804.1
1097230 798.5
1097240 793.1
1097250 793.1
1097260 789.5
1097270 787.4
1097280 785.6
1097290 785.6
1097300 782.0
1097310 778.6
1097320 778.6
1097330 775.4
1097340 774.7
1097350 774.7
1097360 770.9
1097370 769.7
1097380 769.7
1097390 768.5
1097400 769.8
1097410 769.8
1097420 771.7
1097430 770.9
1097440 770.9
1097450 767.0
1097460 761.1
1097470 761.1
1097480 755.0
1097490 752.2
1097500 752.5
1097510 752.5
1097520 753.5
1097530 751.1
1097540 751.1
1097550 745.9
1097560 740.2
1097570 740.2
1097580 732.6
1097590 725.2
1097600 725.2
1097610 718.3
1097620 714.0
1097630 714.0
1097640 711.2
1097650 709.0
1097660 709.0
1097670 712.6
1097680 708.1
1097690 708.1
1097700 704.1
1097710 701.9
1097720 698.5
1097730 698.5
1097740 694.6
1097750 690.1
1097760 690.1
1097770 687.9
1097780 686.8
1097790 686.8
1097800 685.5
1097810 684.4
1097820 684.4
1097830 683.2
1097840 682.1
1097850 682.1
1097860 681.7
1097870 681.4
1097880 681.4
1097890 680.9
1097900 679.8
1097910 679.8
1097920 678.6
1097930 677.4
1097940 677.4
1097950 676.9
1097960 676.4
1097970 675.9
1097980 675.9
1097990 675.7
1098000 676.1
1098010 676.1
1098020 676.1
1098030 676.8
1098040 676.8
1098050 677.5
1098060 678.2
1098070 678.2
1098080 679.9
1098090 680.5
1098100 680.5
1098110 681.0
1098120 682.1
1098130 682.1
1098140 682.8
1098150 683.5
1098160 683.5
1098170 684.0
1098180 684.3
1098190 684.5
1098200 684.5
1098210 684.8
1098220 684.1
1098230 684.1
1098240 683.5
1098250 683.4
1098260 683.4
1098270 683.3
1098280 683.3
1098290 683.3
1098300 683.0
1098310 682.3
1098320 683.7
1098330 682.8
1098340 681.8
1098350 681.8
1098360 680.7
1098370 679.5
1098380 679.5
1098390 679.0
1098400 678.7
1098410 678.1
1098420 678.1
1098430 677.6
1098440 676.9
1098450 676.9
1098460 675.8
1098470 675.1
1098480 675.1
1098490 675.9
1098500 678.2
1098510 678.2
1098520 678.6
1098530 674.5
1098540 674.5
1098550 671.8
1098560 671.1
1098570 671.1
1098580 670.8
1098590 674.0
1098600 674.0
1098610 674.2
1098620 670.1
1098630 670.1
1098640 666.1
1098650 663.6
1098660 662.3
1098670 662.3
1098680 661.4
1098690 660.5
1098700 660.5
1098710 659.4
1098720 658.6
1098730 658.6
1098740 657.2
1098750 655.8
1098760 655.8
1098770 654.6
1098780 653.5
1098790 653.5
1098800 652.3
1098810 651.5
1098820 651.5
1098830 651.0
1098840 650.1
1098850 650.1
1098860 649.2
1098870 648.1
1098880 647.2
1098890 647.2
1098900 646.7
1098910 646.4
1098920 646.4
1098930 646.1
1098940 645.8
1098950 645.8
1098960 645.6
1098970 645.3
1098980 645.7
1098990 645.4
1099000 644.3
1099010 644.3
1099020 643.4
1099030 642.6
1099040 642.6
1099050 642.2
1099060 642.2
1099070 642.2
1099080 642.2
1099090 642.2
1099100 642.2
1099110 642.2
1099120 642.2
1099130 642.2
1099140 642.2
1099150 642.2
1099160 642.2
1099170 642.2
1099180 642.2
1099190 642.2
1099200 642.2
1099210 642.2
1099220 642.2
1099230 642.2
1099240 642.2
1099250 642.2
1099260 642.2
1099270 642.2
1099280 642.3
1099290 642.3
1099300 642.4
1099310 642.3
1099320 642.2
1099330 642.2
1099340 642.3
1099350 642.2
1099360 642.2
1099370 642.2
1099380 642.2
1099390 642.2
1099400 642.2
1099410 642.2
1099420 642.2
1099430 642.2
1099440 642.2
1099450 642.2
1099460 642.2
1099470 642.2
1099480 642.2
1099490 642.2
1099500 642.2
1099510 642.2
1099520 642.2
1099530 642.2
1099540 642.2
1099550 642.2
1099560 642.3
1099570 642.9
1099580 642.9
1099590 645.3
1099600 645.6
1099610 645.6
1099620 644.1
1099630 642.4
1099640 644.5
1099650 642.6
1099660 642.1
1099670 642.1
1099680 642.1
1099690 642.1
1099700 642.1
1099710 642.1
1099720 642.1
1099730 642.1
1099740 642.1
1099750 642.2
1099760 642.2
1099770 642.2
1099780 642.2
1099790 642.2
1099800 642.2
1099810 642.2
1099820 642.2
1099830 642.2
1099840 642.2
1099850 642.2
1099860 642.2
1099870 642.2
1099880 642.2
1099890 642.2
1099900 642.2
1099910 642.2
1099920 642.2
1099930 642.2
1099940 642.2
1099950 642.2
1099960 642.2
1099970 642.2
1099980 642.2
1099990 642.2
