1080000 1875.2
1080010 1870.2
1080020 1865.2
1080030 1865.2
1080040 1859.3
1080050 1854.0
1080060 1850.0
1080070 1850.0
1080080 1846.2
1080090 1841.7
1080100 1841.7
1080110 1836.5
1080120 1830.6
1080130 1830.6
1080140 1824.5
1080150 1818.6
1080160 1818.6
1080170 1812.7
1080180 1806.5
1080190 1806.5
1080200 1800.2
1080210 1794.5
1080220 1794.5
1080230 1790.1
1080240 1785.6
1080250 1785.6
1080260 1779.6
1080270 1772.9
1080280 1772.9
1080290 1766.1
1080300 1759.9
1080310 1754.9
1080320 1748.6
1080330 1743.7
1080340 1739.3
1080350 1739.3
1080360 1735.1
1080370 1730.6
1080380 1730.6
1080390 1727.1
1080400 1724.4
1080410 1724.4
1080420 1719.6
1080430 1713.5
1080440 1713.5
1080450 1707.3
1080460 1700.9
1080470 1700.9
1080480 1694.7
1080490 1688.7
1080500 1688.7
1080510 1681.3
1080520 1677.0
1080530 1674.7
1080540 1674.7
1080550 1670.5
1080560 1666.4
1080570 1666.4
1080580 1662.8
1080590 1658.3
1080600 1658.3
1080610 1653.4
1080620 1648.1
1080630 1643.0
1080640 1637.2
1080650 1630.9
1080660 1630.9
1080670 1623.6
1080680 1616.2
1080690 1616.2
1080700 1610.2
1080710 1603.4
1080720 1603.4
1080730 1593.6
1080740 1591.6
1080750 1591.6
1080760 1590.2
1080770 1585.4
1080780 1580.1
1080790 1580.1
1080800 1574.8
1080810 1569.5
1080820 1569.5
1080830 1564.4
1080840 1559.5
1080850 1559.5
1080860 1555.8
1080870 1551.7
1080880 1551.7
1080890 1547.2
1080900 1541.9
1080910 1541.9
1080920 1533.4
1080930 1525.3
1080940 1525.3
1080950 1513.8
1080960 1508.2
1080970 1508.2
1080980 1503.6
1080990 1501.0
1081000 1498.5
1081010 1498.5
1081020 1495.5
1081030 1491.6
1081040 1491.6
1081050 1487.3
1081060 1483.1
1081070 1483.1
1081080 1478.8
1081090 1474.0
1081100 1474.0
1081110 1468.9
1081120 1463.5
1081130 1463.5
1081140 1457.6
1081150 1452.4
1081160 1452.4
1081170 1447.6
1081180 1442.7
1081190 1442.7
1081200 1437.8
1081210 1433.8
1081220 1430.7
1081230 1430.7
1081240 1427.0
1081250 1422.2
1081260 1419.3
1081270 1413.6
1081280 1410.3
1081290 1410.3
1081300 1408.0
1081310 1403.5
1081320 1403.5
1081330 1399.8
1081340 1397.0
1081350 1397.0
1081360 1394.9
1081370 1391.6
1081380 1391.6
1081390 1387.0
1081400 1383.6
1081410 1383.6
1081420 1380.5
1081430 1377.5
1081440 1377.5
1081450 1374.7
1081460 1372.1
1081470 1369.5
1081480 1369.5
1081490 1367.2
1081500 1365.2
1081510 1365.2
1081520 1363.8
1081530 1363.3
1081540 1363.3
1081550 1362.7
1081560 1361.7
1081570 1361.7
1081580 1360.8
1081590 1360.3
1081600 1360.3
1081610 1359.9
1081620 1359.4
1081630 1359.4
1081640 1359.4
1081650 1359.1
1081660 1359.1
1081670 1358.7
1081680 1358.2
1081690 1357.7
1081700 1357.7
1081710 1357.4
1081720 1357.1
1081730 1357.1
1081740 1356.6
1081750 1355.5
1081760 1355.5
1081770 1354.9
1081780 1354.0
1081790 1354.0
1081800 1353.1
1081810 1352.1
1081820 1352.1
1081830 1351.5
1081840 1350.5
1081850 1350.5
1081860 1349.4
1081870 1348.1
1081880 1348.1
1081890 1347.4
1081900 1345.9
1081910 1345.9
1081920 1345.1
1081930 1344.1
1081940 1342.9
1081950 1342.9
1081960 1341.7
1081970 1340.7
1081980 1340.7
1081990 1339.3
1082000 1338.0
1082010 1338.0
1082020 1336.6
1082030 1335.2
1082040 1335.2
1082050 1334.1
1082060 1333.2
1082070 1333.2
1082080 1332.1
1082090 1328.7
1082100 1328.7
1082110 1326.5
1082120 1325.9
1082130 1325.9
1082140 1323.3
1082150 1319.3
1082160 1315.0
1082170 1315.0
1082180 1311.1
1082190 1306.9
1082200 1306.9
1082210 1308.5
1082220 1302.5
1082230 1302.5
1082240 1298.2
1082250 1294.9
1082260 1294.9
1082270 1294.5
1082280 1295.9
1082290 1295.9
1082300 1295.6
1082310 1294.5
1082320 1294.5
1082330 1295.2
1082340 1294.5
1082350 1294.5
1082360 1292.1
1082370 1289.9
1082380 1287.2
1082390 1287.2
1082400 1285.7
1082410 1284.2
1082420 1284.2
1082430 1282.1
1082440 1278.6
1082450 1278.6
1082460 1275.6
1082470 1270.1
1082480 1270.1
1082490 1265.3
1082500 1262.2
1082510 1262.2
1082520 1253.3
1082530 1249.3
1082540 1249.3
1082550 1249.1
1082560 1249.8
1082570 1249.8
1082580 1255.8
1082590 1256.6
1082600 1256.6
1082610 1255.6
1082620 1253.9
1082630 1251.9
1082640 1251.9
1082650 1250.9
1082660 1249.9
1082670 1249.9
1082680 1249.1
1082690 1247.7
1082700 1247.7
1082710 1245.2
1082720 1241.6
1082730 1241.6
1082740 1238.6
1082750 1236.0
1082760 1236.0
1082770 1232.7
1082780 1228.1
1082790 1228.1
1082800 1223.6
1082810 1219.5
1082820 1219.5
1082830 1215.3
1082840 1211.0
1082850 1207.2
1082860 1207.2
1082870 1203.3
1082880 1199.5
1082890 1199.5
1082900 1196.3
1082910 1193.5
1082920 1193.5
1082930 1190.8
1082940 1188.0
1082950 1188.0
1082960 1184.7
1082970 1180.5
1082980 1180.5
1082990 1176.2
1083000 1170.3
1083010 1170.3
1083020 1167.8
1083030 1166.9
1083040 1166.9
1083050 1164.5
1083060 1147.9
1083070 1147.9
1083080 1146.6
1083090 1151.4
1083100 1156.0
1083110 1156.0
1083120 1160.2
1083130 1159.6
1083140 1159.6
1083150 1160.2
1083160 1156.5
1083170 1156.5
1083180 1155.2
1083190 1152.6
1083200 1152.6
1083210 1149.4
1083220 1143.6
1083230 1143.6
1083240 1140.4
1083250 1138.8
1083260 1138.8
1083270 1135.4
1083280 1131.4
1083290 1131.4
1083300 1129.6
1083310 1128.7
1083320 1127.0
1083330 1127.0
1083340 1123.5
1083350 1119.5
1083360 1119.5
1083370 1115.0
1083380 1110.3
1083390 1110.3
1083400 1106.8
1083410 1103.4
1083420 1103.4
1083430 1100.0
1083440 1098.2
1083450 1098.2
1083460 1096.9
1083470 1089.4
1083480 1089.4
1083490 1086.2
1083500 1084.2
1083510 1084.2
1083520 1082.0
1083530 1079.0
1083540 1076.6
1083550 1076.6
1083560 1075.1
1083570 1072.9
1083580 1072.9
1083590 1071.6
1083600 1070.9
1083610 1070.9
1083620 1070.3
1083630 1069.5
1083640 1069.5
1083650 1068.7
1083660 1067.6
1083670 1067.6
1083680 1066.0
1083690 1064.4
1083700 1064.4
1083710 1062.4
1083720 1061.4
1083730 1061.4
1083740 1061.0
1083750 1060.4
1083760 1060.4
1083770 1059.9
1083780 1059.1
1083790 1056.3
1083800 1056.3
1083810 1055.4
1083820 1056.6
1083830 1056.6
1083840 1056.0
1083850 1054.5
1083860 1054.5
1083870 1053.3
1083880 1052.5
1083890 1052.5
1083900 1051.5
1083910 1050.7
1083920 1050.7
1083930 1049.8
1083940 1048.9
1083950 1048.9
1083960 1046.9
1083970 1045.2
1083980 1045.2
1083990 1044.1
1084000 1046.7
1084010 1046.9
1084020 1046.9
1084030 1048.3
1084040 1050.1
1084050 1050.1
1084060 1052.2
1084070 1053.7
1084080 1053.7
1084090 1055.0
1084100 1056.3
1084110 1056.5
1084120 1057.7
1084130 1059.0
1084140 1059.0
1084150 1060.4
1084160 1061.5
1084170 1061.5
1084180 1062.8
1084190 1064.0
1084200 1064.0
1084210 1065.8
1084220 1066.5
1084230 1066.5
1084240 1067.2
1084250 1069.1
1084260 1071.4
1084270 1071.4
1084280 1073.9
1084290 1077.9
1084300 1077.9
1084310 1081.5
1084320 1084.6
1084330 1084.6
1084340 1088.0
1084350 1091.5
1084360 1091.5
1084370 1095.5
1084380 1099.1
1084390 1099.1
1084400 1104.2
1084410 1109.4
1084420 1112.8
1084430 1117.9
1084440 1122.5
1084450 1122.5
1084460 1129.0
1084470 1135.5
1084480 1141.9
1084490 1141.9
1084500 1148.6
1084510 1154.9
1084520 1154.9
1084530 1161.8
1084540 1168.6
1084550 1168.6
1084560 1175.2
1084570 1182.0
1084580 1182.0
1084590 1189.1
1084600 1195.6
1084610 1195.6
1084620 1201.7
1084630 1208.4
1084640 1208.4
1084650 1215.5
1084660 1222.5
1084670 1222.5
1084680 1229.3
1084690 1235.4
1084700 1242.0
1084710 1242.0
1084720 1249.3
1084730 1257.2
1084740 1259.2
1084750 1266.7
1084760 1274.8
1084770 1274.8
1084780 1283.3
1084790 1291.2
1084800 1291.2
1084810 1298.8
1084820 1305.9
1084830 1305.9
1084840 1312.7
1084850 1319.3
1084860 1319.3
1084870 1325.8
1084880 1332.6
1084890 1332.6
1084900 1340.3
1084910 1348.7
1084920 1348.7
1084930 1359.0
1084940 1378.1
1084950 1388.7
1084960 1388.7
1084970 1399.0
1084980 1413.1
1084990 1413.1
1085000 1430.0
1085010 1428.1
1085020 1428.1
1085030 1426.2
1085040 1429.3
1085050 1429.3
1085060 1440.3
1085070 1445.3
1085080 1445.3
1085090 1451.8
1085100 1460.3
1085110 1460.3
1085120 1471.0
1085130 1484.1
1085140 1484.1
1085150 1496.1
1085160 1506.1
1085170 1511.0
1085180 1511.0
1085190 1503.9
1085200 1500.1
1085210 1500.1
1085220 1500.4
1085230 1502.3
1085240 1502.3
1085250 1503.3
1085260 1504.3
1085270 1504.3
1085280 1508.0
1085290 1510.5
1085300 1510.5
1085310 1514.5
1085320 1512.2
1085330 1512.2
1085340 1518.9
1085350 1525.2
1085360 1525.2
1085370 1529.7
1085380 1543.5
1085390 1543.5
1085400 1547.3
1085410 1548.8
1085420 1555.6
1085430 1555.6
1085440 1568.4
1085450 1579.7
1085460 1579.7
1085470 1594.9
1085480 1609.5
1085490 1609.5
1085500 1616.3
1085510 1625.2
1085520 1625.2
1085530 1641.1
1085540 1651.6
1085550 1651.6
1085560 1661.4
1085570 1667.8
1085580 1667.8
1085590 1673.7
1085600 1675.9
1085610 1675.9
1085620 1678.0
1085630 1685.3
1085640 1692.8
1085650 1692.8
1085660 1699.7
1085670 1701.1
1085680 1701.1
1085690 1713.1
1085700 1721.2
1085710 1721.2
1085720 1724.8
1085730 1727.8
1085740 1727.8
1085750 1732.2
1085760 1735.1
1085770 1735.1
1085780 1737.6
1085790 1736.8
1085800 1736.8
1085810 1731.9
1085820 1732.8
1085830 1732.8
1085840 1742.4
1085850 1749.7
1085860 1758.2
1085870 1758.2
1085880 1766.4
1085890 1772.6
1085900 1772.6
1085910 1778.3
1085920 1783.6
1085930 1783.6
1085940 1794.0
1085950 1806.0
1085960 1806.0
1085970 1817.3
1085980 1825.4
1085990 1825.4
1086000 1829.0
1086010 1835.9
1086020 1835.9
1086030 1839.2
1086040 1849.9
1086050 1849.9
1086060 1861.4
1086070 1872.0
1086080 1872.0
1086090 1879.9
1086100 1898.4
1086110 1917.4
1086120 1917.4
1086130 1925.6
1086140 1925.2
1086150 1925.2
1086160 1917.1
1086170 1907.6
1086180 1907.6
1086190 1896.5
1086200 1879.2
1086210 1879.2
1086220 1869.6
1086230 1875.4
1086240 1875.4
1086250 1880.7
1086260 1877.4
1086270 1877.4
1086280 1870.4
1086290 1869.6
1086300 1869.6
1086310 1862.3
1086320 1851.1
1086330 1858.6
1086340 1858.6
1086350 1853.0
1086360 1850.1
1086370 1850.1
1086380 1850.6
1086390 1849.9
1086400 1849.9
1086410 1851.2
1086420 1853.6
1086430 1853.6
1086440 1854.3
1086450 1853.7
1086460 1853.7
1086470 1851.7
1086480 1851.3
1086490 1851.3
1086500 1850.3
1086510 1847.5
1086520 1847.5
1086530 1844.2
1086540 1844.0
1086550 1844.0
1086560 1846.2
1086570 1847.8
1086580 1848.8
1086590 1848.8
1086600 1850.5
1086610 1852.4
1086620 1852.4
1086630 1854.0
1086640 1855.9
1086650 1861.2
1086660 1863.8
1086670 1864.7
1086680 1864.7
1086690 1865.7
1086700 1867.2
1086710 1867.2
1086720 1868.3
1086730 1869.2
1086740 1869.2
1086750 1872.4
1086760 1875.9
1086770 1875.9
1086780 1886.2
1086790 1897.1
1086800 1907.8
1086810 1907.8
1086820 1920.2
1086830 1927.7
1086840 1927.7
1086850 1940.3
1086860 1951.2
1086870 1951.2
1086880 1960.3
1086890 1968.6
1086900 1968.6
1086910 1982.0
1086920 1993.2
1086930 1993.2
1086940 2001.6
1086950 2007.6
1086960 2007.6
1086970 2016.6
1086980 2023.2
1086990 2023.2
1087000 2032.2
1087010 2041.6
1087020 2049.8
1087030 2049.8
1087040 2057.9
1087050 2065.4
1087060 2065.4
1087070 2074.3
1087080 2082.9
1087090 2082.9
1087100 2090.4
1087110 2097.9
1087120 2097.9
1087130 2104.9
1087140 2113.5
1087150 2113.5
1087160 2124.5
1087170 2137.3
1087180 2137.3
1087190 2151.5
1087200 2168.2
1087210 2168.2
1087220 2183.3
1087230 2198.9
1087240 2198.9
1087250 2214.2
1087260 2222.7
1087270 2230.2
1087280 2230.2
1087290 2233.7
1087300 2242.8
1087310 2242.8
1087320 2257.8
1087330 2273.6
1087340 2273.6
1087350 2288.8
1087360 2300.9
1087370 2300.9
1087380 2307.6
1087390 2312.0
1087400 2312.0
1087410 2311.8
1087420 2318.0
1087430 2318.0
1087440 2328.0
1087450 2343.4
1087460 2343.4
1087470 2356.1
1087480 2355.9
1087490 2340.7
1087500 2340.7
1087510 2325.0
1087520 2311.5
1087530 2311.5
1087540 2301.4
1087550 2292.3
1087560 2292.3
1087570 2287.7
1087580 2282.9
1087590 2282.9
1087600 2275.8
1087610 2262.6
1087620 2262.6
1087630 2251.4
1087640 2239.1
1087650 2239.1
1087660 2224.1
1087670 2205.5
1087680 2205.5
1087690 2189.8
1087700 2172.4
1087710 2172.4
1087720 2143.8
1087730 2126.8
1087740 2114.2
1087750 2114.2
1087760 2096.2
1087770 2061.0
1087780 2061.0
1087790 2034.3
1087800 2019.7
1087810 2019.7
1087820 2015.9
1087830 2011.8
1087840 2011.8
1087850 2006.9
1087860 2001.2
1087870 2001.2
1087880 1994.9
1087890 1988.5
1087900 1988.5
1087910 1982.0
1087920 1975.6
1087930 1974.3
1087940 1968.4
1087950 1962.8
1087960 1957.4
1087970 1957.4
1087980 1952.9
1087990 1948.6
1088000 1948.6
1088010 1943.7
1088020 1939.0
1088030 1939.0
1088040 1934.8
1088050 1930.4
1088060 1930.4
1088070 1926.1
1088080 1922.0
1088090 1922.0
1088100 1917.9
1088110 1913.8
1088120 1913.8
1088130 1910.1
1088140 1905.9
1088150 1905.9
1088160 1902.0
1088170 1898.1
1088180 1894.7
1088190 1894.7
1088200 1890.9
1088210 1887.6
1088220 1887.6
1088230 1884.9
1088240 1882.1
1088250 1885.3
1088260 1882.3
1088270 1879.2
1088280 1879.2
1088290 1875.9
1088300 1872.2
1088310 1872.2
1088320 1868.5
1088330 1864.8
1088340 1864.8
1088350 1861.3
1088360 1858.1
1088370 1858.1
1088380 1854.8
1088390 1852.1
1088400 1852.1
1088410 1850.1
1088420 1848.9
1088430 1848.2
1088440 1848.2
1088450 1847.2
1088460 1846.4
1088470 1846.4
1088480 1845.6
1088490 1843.6
1088500 1843.6
1088510 1841.3
1088520 1839.6
1088530 1839.6
1088540 1837.3
1088550 1834.9
1088560 1834.9
1088570 1837.1
1088580 1834.5
1088590 1834.5
1088600 1831.3
1088610 1828.0
1088620 1828.0
1088630 1824.9
1088640 1821.6
1088650 1818.4
1088660 1818.4
1088670 1815.7
1088680 1816.4
1088690 1816.4
1088700 1819.1
1088710 1822.1
1088720 1822.1
1088730 1824.8
1088740 1827.1
1088750 1827.1
1088760 1828.8
1088770 1829.7
1088780 1829.7
1088790 1830.4
1088800 1831.3
1088810 1831.3
1088820 1831.4
1088830 1831.9
1088840 1831.9
1088850 1834.2
1088860 1837.6
1088870 1840.1
1088880 1840.1
1088890 1847.0
1088900 1850.0
1088910 1850.0
1088920 1851.5
1088930 1853.2
1088940 1853.2
1088950 1854.8
1088960 1854.3
1088970 1854.3
1088980 1857.0
1088990 1858.7
1089000 1858.7
1089010 1859.2
1089020 1860.9
1089030 1860.9
1089040 1866.1
1089050 1867.7
1089060 1867.7
1089070 1865.3
1089080 1865.3
1089090 1865.3
1089100 1868.1
1089110 1872.4
1089120 1877.4
1089130 1877.4
1089140 1882.5
1089150 1885.6
1089160 1885.6
1089170 1888.8
1089180 1894.7
1089190 1894.7
1089200 1901.4
1089210 1908.5
1089220 1908.5
1089230 1914.9
1089240 1920.6
1089250 1920.6
1089260 1926.8
1089270 1933.2
1089280 1933.2
1089290 1939.8
1089300 1947.9
1089310 1947.9
1089320 1954.5
1089330 1960.0
1089340 1964.8
1089350 1964.8
1089360 1969.8
1089370 1974.7
1089380 1974.7
1089390 1979.5
1089400 1984.1
1089410 1984.1
1089420 1988.6
1089430 1992.6
1089440 1992.6
1089450 1997.0
1089460 2001.5
1089470 2001.5
1089480 2006.1
1089490 2011.4
1089500 2011.4
1089510 2016.7
1089520 2026.8
1089530 2028.3
1089540 2047.3
1089550 2066.2
1089560 2066.2
1089570 2085.8
1089580 2104.8
1089590 2104.5
1089600 2104.5
1089610 2095.9
1089620 2085.8
1089630 2085.8
1089640 2079.7
1089650 2078.7
1089660 2078.7
1089670 2083.8
1089680 2088.0
1089690 2088.0
1089700 2091.5
1089710 2094.8
1089720 2094.8
1089730 2097.7
1089740 2102.0
1089750 2102.0
1089760 2107.3
1089770 2111.0
1089780 2111.0
1089790 2114.2
1089800 2117.3
1089810 2120.2
1089820 2120.2
1089830 2121.8
1089840 2122.5
1089850 2129.8
1089860 2132.4
1089870 2140.1
1089880 2140.1
1089890 2148.0
1089900 2156.0
1089910 2156.0
1089920 2154.3
1089930 2148.1
1089940 2148.1
1089950 2143.6
1089960 2139.9
1089970 2139.9
1089980 2137.3
1089990 2134.5
1090000 2134.5
1090010 2131.2
1090020 2127.5
1090030 2123.4
1090040 2123.4
1090050 2119.5
1090060 2115.9
1090070 2115.9
1090080 2112.3
1090090 2109.2
1090100 2109.2
1090110 2105.4
1090120 2102.8
1090130 2102.8
1090140 2102.3
1090150 2104.2
1090160 2104.2
1090170 2110.3
1090180 2107.2
1090190 2107.2
1090200 2102.3
1090210 2099.8
1090220 2099.8
1090230 2099.7
1090240 2102.8
1090250 2102.8
1090260 2108.3
1090270 2114.4
1090280 2116.9
1090290 2116.9
1090300 2115.8
1090310 2108.9
1090320 2108.9
1090330 2100.6
1090340 2095.3
1090350 2095.3
1090360 2094.3
1090370 2094.9
1090380 2094.9
1090390 2094.1
1090400 2092.7
1090410 2092.7
1090420 2092.5
1090430 2093.8
1090440 2093.8
1090450 2095.3
1090460 2096.0
1090470 2096.0
1090480 2096.3
1090490 2097.9
1090500 2096.0
1090510 2096.0
1090520 2096.1
1090530 2097.0
1090540 2097.0
1090550 2099.2
1090560 2103.2
1090570 2103.2
1090580 2108.7
1090590 2114.9
1090600 2114.9
1090610 2120.9
1090620 2126.7
1090630 2126.7
1090640 2132.4
1090650 2137.8
1090660 2137.8
1090670 2143.3
1090680 2148.8
1090690 2148.8
1090700 2154.5
1090710 2160.4
1090720 2160.4
1090730 2166.5
1090740 2171.9
1090750 2176.5
1090760 2176.5
1090770 2182.4
1090780 2187.9
1090790 2187.9
1090800 2192.9
1090810 2199.2
1090820 2203.5
1090830 2209.3
1090840 2216.1
1090850 2216.1
1090860 2225.3
1090870 2236.6
1090880 2236.6
1090890 2243.9
1090900 2255.1
1090910 2255.1
1090920 2273.2
1090930 2290.3
1090940 2290.3
1090950 2302.9
1090960 2311.9
1090970 2314.7
1090980 2314.7
1090990 2317.9
1091000 2320.8
1091010 2320.8
1091020 2319.1
1091030 2321.0
1091040 2321.0
1091050 2324.2
1091060 2327.8
1091070 2327.8
1091080 2335.6
1091090 2343.3
1091100 2343.3
1091110 2352.1
1091120 2365.2
1091130 2365.2
1091140 2390.2
1091150 2385.0
1091160 2385.0
1091170 2388.2
1091180 2391.3
1091190 2398.1
1091200 2398.1
1091210 2394.6
1091220 2386.9
1091230 2386.9
1091240 2378.0
1091250 2371.2
1091260 2371.2
1091270 2368.8
1091280 2361.0
1091290 2361.0
1091300 2353.1
1091310 2346.2
1091320 2346.2
1091330 2339.4
1091340 2331.4
1091350 2331.4
1091360 2320.9
1091370 2307.8
1091380 2307.8
1091390 2294.7
1091400 2283.9
1091410 2283.9
1091420 2269.1
1091430 2253.4
1091440 2243.6
1091450 2243.6
1091460 2231.5
1091470 2221.7
1091480 2221.7
1091490 2211.5
1091500 2204.7
1091510 2204.7
1091520 2200.6
1091530 2192.0
1091540 2192.0
1091550 2185.6
1091560 2183.6
1091570 2183.6
1091580 2177.6
1091590 2167.8
1091600 2167.8
1091610 2151.3
1091620 2139.3
1091630 2139.3
1091640 2134.8
1091650 2133.1
1091660 2132.3
1091670 2132.3
1091680 2129.0
1091690 2128.0
1091700 2128.0
1091710 2130.9
1091720 2136.2
1091730 2136.2
1091740 2139.7
1091750 2143.3
1091760 2143.3
1091770 2146.7
1091780 2135.9
1091790 2125.6
1091800 2097.1
1091810 2079.5
1091820 2079.5
1091830 2078.9
1091840 2084.0
1091850 2084.0
1091860 2091.9
1091870 2080.7
1091880 2080.7
1091890 2045.8
1091900 2023.5
1091910 2014.0
1091920 2014.0
1091930 2007.2
1091940 1999.7
1091950 1999.7
1091960 1991.0
1091970 1983.7
1091980 1983.7
1091990 1979.2
1092000 1975.9
1092010 1975.9
1092020 1975.4
1092030 1976.7
1092040 1976.7
1092050 1971.8
1092060 1965.7
1092070 1965.7
1092080 1960.9
1092090 1959.0
1092100 1959.0
1092110 1942.8
1092120 1929.1
1092130 1917.9
1092140 1917.9
1092150 1911.7
1092160 1910.3
1092170 1910.3
1092180 1904.5
1092190 1899.8
1092200 1899.8
1092210 1902.2
1092220 1904.2
1092230 1904.2
1092240 1904.7
1092250 1899.4
1092260 1899.4
1092270 1881.0
1092280 1863.8
1092290 1863.8
1092300 1852.6
1092310 1846.7
1092320 1846.7
1092330 1838.2
1092340 1844.6
1092350 1843.4
1092360 1843.4
1092370 1835.2
1092380 1831.8
1092390 1831.8
1092400 1823.2
1092410 1817.4
1092420 1817.4
1092430 1799.8
1092440 1786.1
1092450 1786.1
1092460 1776.4
1092470 1769.4
1092480 1769.4
1092490 1768.0
1092500 1768.0
1092510 1768.0
1092520 1765.0
1092530 1759.7
1092540 1759.7
1092550 1755.5
1092560 1750.8
1092570 1750.8
1092580 1750.5
1092590 1751.2
1092600 1741.1
1092610 1741.1
1092620 1726.7
1092630 1716.8
1092640 1716.8
1092650 1711.0
1092660 1707.2
1092670 1707.2
1092680 1700.1
1092690 1690.5
1092700 1690.5
1092710 1694.8
1092720 1695.1
1092730 1695.1
1092740 1696.1
1092750 1695.7
1092760 1677.3
1092770 1679.5
1092780 1683.7
1092790 1683.7
1092800 1677.1
1092810 1671.4
1092820 1672.0
1092830 1672.0
1092840 1672.3
1092850 1671.7
1092860 1671.7
1092870 1669.5
1092880 1661.4
1092890 1661.4
1092900 1649.4
1092910 1636.7
1092920 1636.7
1092930 1626.5
1092940 1614.8
1092950 1614.8
1092960 1605.2
1092970 1594.4
1092980 1594.4
1092990 1585.1
1093000 1581.6
1093010 1581.6
1093020 1584.3
1093030 1589.6
1093040 1583.8
1093050 1583.8
1093060 1577.9
1093070 1574.3
1093080 1565.4
1093090 1562.5
1093100 1558.0
1093110 1558.0
1093120 1555.2
1093130 1552.9
1093140 1552.9
1093150 1547.9
1093160 1541.6
1093170 1541.6
1093180 1535.9
1093190 1530.8
1093200 1530.8
1093210 1524.5
1093220 1515.2
1093230 1515.2
1093240 1506.0
1093250 1499.6
1093260 1499.6
1093270 1494.8
1093280 1490.8
1093290 1487.5
1093300 1487.5
1093310 1484.4
1093320 1480.1
1093330 1480.1
1093340 1475.3
1093350 1470.5
1093360 1470.5
1093370 1466.1
1093380 1462.7
1093390 1462.7
1093400 1455.6
1093410 1453.9
1093420 1453.9
1093430 1454.9
1093440 1453.3
1093450 1453.3
1093460 1449.7
1093470 1444.6
1093480 1444.6
1093490 1441.7
1093500 1439.4
1093510 1437.9
1093520 1437.9
1093530 1435.8
1093540 1432.0
1093550 1432.0
1093560 1425.8
1093570 1420.5
1093580 1420.5
1093590 1415.9
1093600 1412.9
1093610 1412.9
1093620 1410.0
1093630 1407.0
1093640 1407.0
1093650 1405.9
1093660 1403.2
1093670 1403.2
1093680 1400.6
1093690 1398.6
1093700 1398.6
1093710 1398.3
1093720 1396.7
1093730 1391.1
1093740 1386.1
1093750 1379.5
1093760 1374.6
1093770 1374.6
1093780 1372.0
1093790 1369.2
1093800 1369.2
1093810 1362.8
1093820 1356.0
1093830 1356.0
1093840 1353.2
1093850 1351.6
1093860 1351.6
1093870 1349.2
1093880 1348.4
1093890 1348.4
1093900 1346.7
1093910 1342.7
1093920 1342.7
1093930 1338.2
1093940 1333.6
1093950 1333.6
1093960 1328.7
1093970 1319.8
1093980 1308.0
1093990 1308.0
1094000 1287.0
1094010 1272.5
1094020 1272.5
1094030 1264.8
1094040 1257.9
1094050 1246.2
1094060 1230.1
1094070 1223.5
1094080 1223.5
1094090 1223.5
1094100 1235.5
1094110 1235.5
1094120 1240.1
1094130 1240.3
1094140 1240.3
1094150 1233.7
1094160 1229.2
1094170 1229.2
1094180 1224.6
1094190 1217.5
1094200 1215.7
1094210 1215.7
1094220 1222.3
1094230 1219.3
1094240 1219.3
1094250 1219.8
1094260 1219.6
1094270 1219.6
1094280 1244.8
1094290 1253.0
1094300 1253.0
1094310 1252.1
1094320 1250.5
1094330 1250.5
1094340 1245.1
1094350 1233.7
1094360 1233.7
1094370 1226.7
1094380 1248.1
1094390 1248.1
1094400 1248.7
1094410 1254.1
1094420 1254.1
1094430 1253.5
1094440 1251.6
1094450 1248.8
1094460 1248.8
1094470 1242.8
1094480 1237.1
1094490 1237.1
1094500 1235.5
1094510 1231.8
1094520 1231.8
1094530 1222.7
1094540 1214.1
1094550 1214.1
1094560 1216.2
1094570 1225.9
1094580 1225.9
1094590 1245.4
1094600 1249.2
1094610 1249.2
1094620 1249.5
1094630 1249.0
1094640 1249.0
1094650 1249.4
1094660 1248.7
1094670 1246.9
1094680 1246.9
1094690 1246.9
1094700 1253.7
1094710 1253.7
1094720 1252.7
1094730 1252.3
1094740 1252.3
1094750 1252.3
1094760 1250.4
1094770 1250.4
1094780 1231.6
1094790 1220.2
1094800 1220.2
1094810 1215.8
1094820 1214.5
1094830 1214.5
1094840 1218.0
1094850 1217.5
1094860 1217.5
1094870 1218.0
1094880 1219.8
1094890 1219.0
1094900 1219.0
1094910 1220.8
1094920 1222.9
1094930 1222.9
1094940 1224.6
1094950 1222.9
1094960 1222.9
1094970 1216.6
1094980 1218.7
1094990 1218.7
1095000 1221.3
1095010 1223.0
1095020 1223.0
1095030 1230.4
1095040 1226.7
1095050 1226.7
1095060 1224.0
1095070 1219.7
1095080 1219.7
1095090 1219.2
1095100 1221.8
1095110 1221.8
1095120 1224.1
1095130 1225.2
1095140 1225.5
1095150 1225.5
1095160 1226.9
1095170 1226.2
1095180 1226.2
1095190 1226.5
1095200 1224.7
1095210 1224.7
1095220 1220.0
1095230 1216.2
1095240 1216.2
1095250 1213.6
1095260 1212.3
1095270 1212.3
1095280 1210.9
1095290 1211.0
1095300 1211.0
1095310 1210.2
1095320 1205.7
1095330 1205.7
1095340 1208.4
1095350 1209.9
1095360 1208.1
1095370 1208.1
1095380 1200.7
1095390 1195.5
1095400 1195.5
1095410 1193.7
1095420 1190.4
1095430 1190.4
1095440 1185.3
1095450 1183.0
1095460 1183.0
1095470 1179.4
1095480 1171.8
1095490 1171.8
1095500 1163.9
1095510 1156.1
1095520 1156.1
1095530 1148.7
1095540 1142.1
1095550 1142.1
1095560 1136.1
1095570 1131.5
1095580 1131.5
1095590 1129.7
1095600 1126.4
1095610 1119.7
1095620 1119.7
1095630 1112.7
1095640 1106.0
1095650 1106.0
1095660 1099.3
1095670 1092.6
1095680 1095.5
1095690 1089.1
1095700 1083.0
1095710 1083.0
1095720 1077.0
1095730 1070.2
1095740 1070.2
1095750 1062.9
1095760 1055.5
1095770 1055.5
1095780 1048.5
1095790 1042.1
1095800 1042.1
1095810 1035.0
1095820 1028.6
1095830 1024.9
1095840 1024.9
1095850 1020.1
1095860 1014.7
1095870 1014.7
1095880 1010.4
1095890 1006.2
1095900 1006.2
1095910 1001.5
1095920 997.1
1095930 997.1
1095940 992.8
1095950 987.0
1095960 987.0
1095970 981.6
1095980 976.0
1095990 976.0
1096000 970.6
1096010 967.4
1096020 967.4
1096030 960.1
1096040 953.0
1096050 944.4
1096060 944.4
1096070 934.4
1096080 920.3
1096090 920.3
1096100 912.0
1096110 904.4
1096120 904.4
1096130 897.8
1096140 891.8
1096150 891.8
1096160 885.7
1096170 880.0
1096180 880.0
1096190 874.4
1096200 869.5
1096210 869.5
1096220 864.1
1096230 859.0
1096240 859.0
1096250 854.0
1096260 849.0
1096270 849.0
1096280 845.4
1096290 842.2
1096300 838.5
1096310 838.5
1096320 834.4
1096330 830.0
1096340 827.5
1096350 824.5
1096360 822.5
1096370 822.5
1096380 822.3
1096390 821.5
1096400 821.5
1096410 817.8
1096420 812.5
1096430 812.5
1096440 806.6
1096450 799.7
1096460 799.7
1096470 792.2
1096480 783.9
1096490 783.9
1096500 776.9
1096510 770.3
1096520 764.7
1096530 764.7
1096540 759.9
1096550 754.3
1096560 754.3
1096570 749.0
1096580 744.5
1096590 744.5
1096600 739.4
1096610 734.0
1096620 734.0
1096630 731.1
1096640 729.4
1096650 729.4
1096660 727.3
1096670 725.2
1096680 725.2
1096690 723.2
1096700 721.5
1096710 721.5
1096720 719.8
1096730 718.4
1096740 718.4
1096750 717.3
1096760 716.8
1096770 716.3
1096780 716.3
1096790 715.5
1096800 715.3
1096810 715.3
1096820 715.1
1096830 715.5
1096840 715.5
1096850 716.7
1096860 716.7
1096870 716.7
1096880 714.2
1096890 711.1
1096900 711.1
1096910 709.4
1096920 707.4
1096930 707.4
1096940 704.9
1096950 703.7
1096960 703.7
1096970 703.1
1096980 703.5
1096990 700.5
1097000 700.5
1097010 700.7
1097020 700.5
1097030 700.5
1097040 699.7
1097050 698.3
1097060 698.3
1097070 698.2
1097080 697.8
1097090 697.8
1097100 697.1
1097110 696.3
1097120 696.3
1097130 694.7
1097140 693.6
1097150 693.6
1097160 692.3
1097170 691.3
1097180 691.3
1097190 691.6
1097200 691.6
1097210 690.8
1097220 690.8
1097230 690.4
1097240 690.1
1097250 690.1
1097260 689.6
1097270 687.7
1097280 687.7
1097290 684.8
1097300 683.3
1097310 683.3
1097320 677.8
1097330 676.7
1097340 676.7
1097350 675.8
1097360 675.4
1097370 675.4
1097380 675.4
1097390 675.8
1097400 675.8
1097410 676.0
1097420 674.5
1097430 674.5
1097440 673.2
1097450 672.8
1097460 672.7
1097470 672.7
1097480 672.9
1097490 672.2
1097500 672.2
1097510 671.6
1097520 671.3
1097530 671.3
1097540 671.0
1097550 670.5
1097560 670.5
1097570 669.2
1097580 668.8
1097590 668.8
1097600 667.5
1097610 666.8
1097620 666.8
1097630 666.0
1097640 663.2
1097650 663.2
1097660 663.0
1097670 662.8
1097680 662.5
1097690 662.5
1097700 661.9
1097710 660.9
1097720 660.9
1097730 659.2
1097740 658.2
1097750 658.2
1097760 657.4
1097770 658.0
1097780 658.0
1097790 658.0
1097800 657.6
1097810 657.6
1097820 655.8
1097830 653.4
1097840 653.4
1097850 652.1
1097860 650.9
1097870 650.9
1097880 649.9
1097890 649.8
1097900 649.1
1097910 649.1
1097920 648.6
1097930 648.8
1097940 648.8
1097950 650.2
1097960 650.3
1097970 650.2
1097980 648.8
1097990 648.7
1098000 648.7
1098010 649.2
1098020 647.6
1098030 647.6
1098040 647.0
1098050 646.8
1098060 646.8
1098070 646.6
1098080 646.0
1098090 646.0
1098100 645.8
1098110 645.8
1098120 645.8
1098130 645.2
1098140 644.3
1098150 643.4
1098160 643.4
1098170 642.8
1098180 642.3
1098190 642.3
1098200 641.7
1098210 641.2
1098220 641.2
1098230 640.7
1098240 640.1
1098250 640.1
1098260 639.5
1098270 638.8
1098280 638.8
1098290 638.4
1098300 638.2
1098310 638.2
1098320 637.7
1098330 637.3
1098340 637.3
1098350 637.1
1098360 636.7
1098370 636.1
1098380 636.1
1098390 635.6
1098400 635.1
1098410 635.1
1098420 634.5
1098430 634.1
1098440 634.1
1098450 633.5
1098460 633.2
1098470 633.2
1098480 633.1
1098490 632.8
1098500 632.8
1098510 632.3
1098520 632.0
1098530 632.0
1098540 631.6
1098550 629.5
1098560 629.5
1098570 627.8
1098580 627.6
1098590 629.4
1098600 629.4
1098610 631.6
1098620 631.7
1098630 632.0
1098640 632.2
1098650 631.5
1098660 631.5
1098670 631.2
1098680 631.1
1098690 631.1
1098700 631.2
1098710 631.4
1098720 631.4
1098730 631.8
1098740 632.4
1098750 632.4
1098760 633.0
1098770 635.2
1098780 635.2
1098790 642.9
1098800 648.8
1098810 648.8
1098820 654.5
1098830 659.6
1098840 663.3
1098850 663.3
1098860 667.9
1098870 673.2
1098880 673.2
1098890 677.9
1098900 682.4
1098910 682.4
1098920 687.1
1098930 691.7
1098940 691.7
1098950 695.8
1098960 693.5
1098970 693.5
1098980 697.2
1098990 699.6
1099000 699.6
1099010 702.3
1099020 704.3
1099030 704.3
1099040 706.6
1099050 709.7
1099060 713.8
1099070 713.8
1099080 719.3
1099090 724.8
1099100 724.8
1099110 727.5
1099120 729.0
1099130 729.0
1099140 730.6
1099150 733.6
1099160 733.6
1099170 737.5
1099180 742.3
1099190 742.3
1099200 747.9
1099210 752.6
1099220 752.6
1099230 756.1
1099240 757.9
1099250 757.9
1099260 758.9
1099270 760.3
1099280 760.3
1099290 754.2
1099300 756.2
1099310 758.4
1099320 758.4
1099330 761.5
1099340 762.5
1099350 762.5
1099360 764.3
1099370 766.9
1099380 766.9
1099390 769.7
1099400 772.4
1099410 772.4
1099420 775.1
1099430 777.3
1099440 777.3
1099450 780.8
1099460 784.5
1099470 784.5
1099480 787.7
1099490 790.6
1099500 790.6
1099510 791.7
1099520 793.2
1099530 794.2
1099540 794.2
1099550 796.7
1099560 800.0
1099570 800.0
1099580 803.6
1099590 807.2
1099600 807.2
1099610 810.6
1099620 806.1
1099630 806.1
1099640 808.4
1099650 810.7
1099660 810.7
1099670 811.9
1099680 813.3
1099690 813.3
1099700 815.7
1099710 818.1
1099720 818.1
1099730 820.9
1099740 824.2
1099750 827.7
1099760 827.7
1099770 831.3
1099780 834.7
1099790 834.7
1099800 837.1
1099810 839.9
1099820 839.9
1099830 842.9
1099840 846.2
1099850 846.2
1099860 849.9
1099870 853.0
1099880 853.0
1099890 854.9
1099900 857.6
1099910 857.6
1099920 858.9
1099930 860.3
1099940 860.3
1099950 853.2
1099960 856.5
1099970 856.5
1099980 858.7
1099990 859.9
