1080000 1747.0
1080010 1747.0
1080020 1743.8
1080030 1741.4
1080040 1741.4
1080050 1739.4
1080060 1737.4
1080070 1737.4
1080080 1735.3
1080090 1732.0
1080100 1732.0
1080110 1721.5
1080120 1717.7
1080130 1717.7
1080140 1714.9
1080150 1711.1
1080160 1711.1
1080170 1705.5
1080180 1700.0
1080190 1695.3
1080200 1695.3
1080210 1690.8
1080220 1686.2
1080230 1686.2
1080240 1681.9
1080250 1677.1
1080260 1677.1
1080270 1670.6
1080280 1664.5
1080290 1664.5
1080300 1657.8
1080310 1651.0
1080320 1651.0
1080330 1644.1
1080340 1638.3
1080350 1638.3
1080360 1634.3
1080370 1629.4
1080380 1629.4
1080390 1623.8
1080400 1617.5
1080410 1611.3
1080420 1611.3
1080430 1599.8
1080440 1594.5
1080450 1594.5
1080460 1588.8
1080470 1583.1
1080480 1583.1
1080490 1577.1
1080500 1571.6
1080510 1571.6
1080520 1566.9
1080530 1560.8
1080540 1560.8
1080550 1554.1
1080560 1547.9
1080570 1547.9
1080580 1541.8
1080590 1536.0
1080600 1536.0
1080610 1531.5
1080620 1526.4
1080630 1526.4
1080640 1520.7
1080650 1515.0
1080660 1509.7
1080670 1509.7
1080680 1506.6
1080690 1505.1
1080700 1505.1
1080710 1503.7
1080720 1501.1
1080730 1501.1
1080740 1493.3
1080750 1490.0
1080760 1490.0
1080770 1486.8
1080780 1483.2
1080790 1483.2
1080800 1479.7
1080810 1476.7
1080820 1476.7
1080830 1473.6
1080840 1470.4
1080850 1470.4
1080860 1467.6
1080870 1465.4
1080880 1463.6
1080890 1463.6
1080900 1461.5
1080910 1458.8
1080920 1458.8
1080930 1456.5
1080940 1453.6
1080950 1453.6
1080960 1451.3
1080970 1449.2
1080980 1449.2
1080990 1447.0
1081000 1444.1
1081010 1444.1
1081020 1441.4
1081030 1438.6
1081040 1438.6
1081050 1436.6
1081060 1432.8
1081070 1432.8
1081080 1430.8
1081090 1428.5
1081100 1426.4
1081110 1426.4
1081120 1423.7
1081130 1420.3
1081140 1420.3
1081150 1417.1
1081160 1414.6
1081170 1414.6
1081180 1413.5
1081190 1413.0
1081200 1413.0
1081210 1412.0
1081220 1409.4
1081230 1409.4
1081240 1406.6
1081250 1404.7
1081260 1404.7
1081270 1403.6
1081280 1402.8
1081290 1402.8
1081300 1400.5
1081310 1397.4
1081320 1397.4
1081330 1395.2
1081340 1393.3
1081350 1390.9
1081360 1390.9
1081370 1390.8
1081380 1389.7
1081390 1389.7
1081400 1389.1
1081410 1388.7
1081420 1388.7
1081430 1387.6
1081440 1386.6
1081450 1386.6
1081460 1385.2
1081470 1383.2
1081480 1383.2
1081490 1384.0
1081500 1384.2
1081510 1384.2
1081520 1381.7
1081530 1378.6
1081540 1378.6
1081550 1376.5
1081560 1374.7
1081570 1374.4
1081580 1374.4
1081590 1373.6
1081600 1372.2
1081610 1372.2
1081620 1371.9
1081630 1371.2
1081640 1371.2
1081650 1370.4
1081660 1369.7
1081670 1369.7
1081680 1368.5
1081690 1369.6
1081700 1369.6
1081710 1370.7
1081720 1370.4
1081730 1370.4
1081740 1368.5
1081750 1368.5
1081760 1368.5
1081770 1368.1
1081780 1366.9
1081790 1365.3
1081800 1365.3
1081810 1364.1
1081820 1362.4
1081830 1362.4
1081840 1360.2
1081850 1358.1
1081860 1358.1
1081870 1356.3
1081880 1354.3
1081890 1354.3
1081900 1353.0
1081910 1352.5
1081920 1352.5
1081930 1351.0
1081940 1349.1
1081950 1349.1
1081960 1347.5
1081970 1345.9
1081980 1345.9
1081990 1344.8
1082000 1346.2
1082010 1346.2
1082020 1344.1
1082030 1343.2
1082040 1343.0
1082050 1343.0
1082060 1342.1
1082070 1341.5
1082080 1341.5
1082090 1340.0
1082100 1338.3
1082110 1338.3
1082120 1336.7
1082130 1335.1
1082140 1335.1
1082150 1333.2
1082160 1330.8
1082170 1330.8
1082180 1328.5
1082190 1326.4
1082200 1326.4
1082210 1325.0
1082220 1323.7
1082230 1323.7
1082240 1322.4
1082250 1321.0
1082260 1318.4
1082270 1318.4
1082280 1315.4
1082290 1312.5
1082300 1312.5
1082310 1309.6
1082320 1308.0
1082330 1308.0
1082340 1304.2
1082350 1301.0
1082360 1301.0
1082370 1298.1
1082380 1294.9
1082390 1294.9
1082400 1292.1
1082410 1290.3
1082420 1290.3
1082430 1288.7
1082440 1285.4
1082450 1285.4
1082460 1282.2
1082470 1281.8
1082480 1281.8
1082490 1282.0
1082500 1281.1
1082510 1277.6
1082520 1277.6
1082530 1273.8
1082540 1270.5
1082550 1270.5
1082560 1269.9
1082570 1270.5
1082580 1270.5
1082590 1269.9
1082600 1269.9
1082610 1269.9
1082620 1270.3
1082630 1284.9
1082640 1284.9
1082650 1289.8
1082660 1289.3
1082670 1289.3
1082680 1287.9
1082690 1287.6
1082700 1287.6
1082710 1282.8
1082720 1277.8
1082730 1278.4
1082740 1278.4
1082750 1282.5
1082760 1287.9
1082770 1287.9
1082780 1291.3
1082790 1293.2
1082800 1293.2
1082810 1293.2
1082820 1291.7
1082830 1291.7
1082840 1288.9
1082850 1284.7
1082860 1284.7
1082870 1279.0
1082880 1272.7
1082890 1272.7
1082900 1266.6
1082910 1261.6
1082920 1261.6
1082930 1256.0
1082940 1249.5
1082950 1242.7
1082960 1242.7
1082970 1235.4
1082980 1229.4
1082990 1229.4
1083000 1223.9
1083010 1218.1
1083020 1218.1
1083030 1212.3
1083040 1205.8
1083050 1205.8
1083060 1198.9
1083070 1191.9
1083080 1191.9
1083090 1186.8
1083100 1181.0
1083110 1181.0
1083120 1175.7
1083130 1170.5
1083140 1170.5
1083150 1165.4
1083160 1160.5
1083170 1160.5
1083180 1155.8
1083190 1151.5
1083200 1148.2
1083210 1148.2
1083220 1146.4
1083230 1143.8
1083240 1143.8
1083250 1141.4
1083260 1138.8
1083270 1133.1
1083280 1130.2
1083290 1126.9
1083300 1126.9
1083310 1123.8
1083320 1120.7
1083330 1120.7
1083340 1117.3
1083350 1112.5
1083360 1112.5
1083370 1107.0
1083380 1101.7
1083390 1101.7
1083400 1097.1
1083410 1093.0
1083420 1089.7
1083430 1089.7
1083440 1086.7
1083450 1084.5
1083460 1084.5
1083470 1083.0
1083480 1081.6
1083490 1081.6
1083500 1080.8
1083510 1080.0
1083520 1080.0
1083530 1079.0
1083540 1078.1
1083550 1078.1
1083560 1076.8
1083570 1075.6
1083580 1075.7
1083590 1074.2
1083600 1073.0
1083610 1073.0
1083620 1071.9
1083630 1070.9
1083640 1070.9
1083650 1069.3
1083660 1067.5
1083670 1066.2
1083680 1066.2
1083690 1065.9
1083700 1065.8
1083710 1065.8
1083720 1065.2
1083730 1064.5
1083740 1064.5
1083750 1063.6
1083760 1062.9
1083770 1062.9
1083780 1062.0
1083790 1061.1
1083800 1061.1
1083810 1060.2
1083820 1059.5
1083830 1059.5
1083840 1059.1
1083850 1059.0
1083860 1059.0
1083870 1058.8
1083880 1058.6
1083890 1058.1
1083900 1058.6
1083910 1055.6
1083920 1053.5
1083930 1053.5
1083940 1052.9
1083950 1053.3
1083960 1053.3
1083970 1054.1
1083980 1054.4
1083990 1054.4
1084000 1055.1
1084010 1058.3
1084020 1058.3
1084030 1060.7
1084040 1061.7
1084050 1061.7
1084060 1062.9
1084070 1064.2
1084080 1064.2
1084090 1065.5
1084100 1067.4
1084110 1069.4
1084120 1069.4
1084130 1071.5
1084140 1073.9
1084150 1073.9
1084160 1076.3
1084170 1078.8
1084180 1078.8
1084190 1082.7
1084200 1088.1
1084210 1088.1
1084220 1090.8
1084230 1091.3
1084240 1091.3
1084250 1096.4
1084260 1100.0
1084270 1100.0
1084280 1103.3
1084290 1108.1
1084300 1108.1
1084310 1112.7
1084320 1117.0
1084330 1117.0
1084340 1121.9
1084350 1126.9
1084360 1132.5
1084370 1132.5
1084380 1137.9
1084390 1142.9
1084400 1142.9
1084410 1147.9
1084420 1153.2
1084430 1153.2
1084440 1159.1
1084450 1164.8
1084460 1164.8
1084470 1170.0
1084480 1175.6
1084490 1175.6
1084500 1181.8
1084510 1187.7
1084520 1187.7
1084530 1193.4
1084540 1200.0
1084550 1200.0
1084560 1206.8
1084570 1213.6
1084580 1219.9
1084590 1219.9
1084600 1226.6
1084610 1233.5
1084620 1233.5
1084630 1240.8
1084640 1247.4
1084650 1247.4
1084660 1253.5
1084670 1260.4
1084680 1260.4
1084690 1268.3
1084700 1275.1
1084710 1275.1
1084720 1283.4
1084730 1291.8
1084740 1291.8
1084750 1299.4
1084760 1305.0
1084770 1305.0
1084780 1311.2
1084790 1317.5
1084800 1317.5
1084810 1325.3
1084820 1333.9
1084830 1341.1
1084840 1341.1
1084850 1354.2
1084860 1360.5
1084870 1360.5
1084880 1366.9
1084890 1374.0
1084900 1374.0
1084910 1382.2
1084920 1388.3
1084930 1388.3
1084940 1396.9
1084950 1407.2
1084960 1407.2
1084970 1416.1
1084980 1424.5
1084990 1424.5
1085000 1433.0
1085010 1447.4
1085020 1447.4
1085030 1475.1
1085040 1510.1
1085050 1547.0
1085060 1547.0
1085070 1561.5
1085080 1581.6
1085090 1581.6
1085100 1592.6
1085110 1601.2
1085120 1601.2
1085130 1609.1
1085140 1617.0
1085150 1617.0
1085160 1625.4
1085170 1637.6
1085180 1637.6
1085190 1647.0
1085200 1654.7
1085210 1654.7
1085220 1662.4
1085230 1670.3
1085240 1670.3
1085250 1678.9
1085260 1686.0
1085270 1693.0
1085280 1693.0
1085290 1700.2
1085300 1707.2
1085310 1707.2
1085320 1713.5
1085330 1719.8
1085340 1719.8
1085350 1726.6
1085360 1731.5
1085370 1731.5
1085380 1735.4
1085390 1738.9
1085400 1738.9
1085410 1741.8
1085420 1744.5
1085430 1744.5
1085440 1747.3
1085450 1750.6
1085460 1750.6
1085470 1753.9
1085480 1756.2
1085490 1763.0
1085500 1764.1
1085510 1763.5
1085520 1763.1
1085530 1763.1
1085540 1763.1
1085550 1763.5
1085560 1763.5
1085570 1761.8
1085580 1760.0
1085590 1760.0
1085600 1758.3
1085610 1755.3
1085620 1755.3
1085630 1763.1
1085640 1782.9
1085650 1782.9
1085660 1790.7
1085670 1800.1
1085680 1800.1
1085690 1810.0
1085700 1821.3
1085710 1821.3
1085720 1828.5
1085730 1833.7
1085740 1851.5
1085750 1851.5
1085760 1870.9
1085770 1881.6
1085780 1881.6
1085790 1886.6
1085800 1897.6
1085810 1897.6
1085820 1897.6
1085830 1895.6
1085840 1895.6
1085850 1893.7
1085860 1894.4
1085870 1894.4
1085880 1895.5
1085890 1894.4
1085900 1894.4
1085910 1896.9
1085920 1902.8
1085930 1902.8
1085940 1913.7
1085950 1927.9
1085960 1937.2
1085970 1937.2
1085980 1945.8
1085990 1954.3
1086000 1954.3
1086010 1960.8
1086020 1958.6
1086030 1958.6
1086040 1951.5
1086050 1946.7
1086060 1946.7
1086070 1949.3
1086080 1947.5
1086090 1947.5
1086100 1947.8
1086110 1952.6
1086120 1968.1
1086130 1974.5
1086140 1984.9
1086150 1984.9
1086160 1996.5
1086170 2004.5
1086180 2004.5
1086190 2013.9
1086200 2023.7
1086210 2031.6
1086220 2031.6
1086230 2036.2
1086240 2045.6
1086250 2045.6
1086260 2040.5
1086270 2030.3
1086280 2030.3
1086290 2019.6
1086300 2017.4
1086310 2017.4
1086320 2018.2
1086330 2014.8
1086340 2014.8
1086350 2009.7
1086360 2006.5
1086370 2006.5
1086380 2000.4
1086390 1996.5
1086400 1996.5
1086410 1989.0
1086420 1980.0
1086430 1971.2
1086440 1978.8
1086450 1985.5
1086460 1991.2
1086470 1991.2
1086480 1996.4
1086490 2003.6
1086500 2003.6
1086510 2009.5
1086520 2003.2
1086530 2003.2
1086540 1995.7
1086550 1989.2
1086560 1989.2
1086570 1982.7
1086580 1977.4
1086590 1977.4
1086600 1974.4
1086610 1972.3
1086620 1972.3
1086630 1971.3
1086640 1971.2
1086650 1971.2
1086660 1970.6
1086670 1970.5
1086680 1971.0
1086690 1971.0
1086700 1970.7
1086710 1969.9
1086720 1969.9
1086730 1970.0
1086740 1970.3
1086750 1970.3
1086760 1976.7
1086770 1978.2
1086780 1978.2
1086790 1978.5
1086800 1980.3
1086810 1980.3
1086820 1982.1
1086830 1985.0
1086840 1985.0
1086850 1986.2
1086860 1988.6
1086870 1988.6
1086880 1991.7
1086890 1994.3
1086900 1996.6
1086910 1996.6
1086920 1998.8
1086930 2000.1
1086940 2000.1
1086950 2002.3
1086960 2003.8
1086970 2003.8
1086980 2005.4
1086990 2009.6
1087000 2009.6
1087010 2014.6
1087020 2019.4
1087030 2019.4
1087040 2024.0
1087050 2029.0
1087060 2029.0
1087070 2035.0
1087080 2042.6
1087090 2042.6
1087100 2049.6
1087110 2056.8
1087120 2065.1
1087130 2065.1
1087140 2073.3
1087150 2079.8
1087160 2079.8
1087170 2102.3
1087180 2124.7
1087190 2124.7
1087200 2143.1
1087210 2173.7
1087220 2173.7
1087230 2201.5
1087240 2217.0
1087250 2217.0
1087260 2222.1
1087270 2223.8
1087280 2223.8
1087290 2222.0
1087300 2219.8
1087310 2219.8
1087320 2222.1
1087330 2221.0
1087340 2221.0
1087350 2215.4
1087360 2212.4
1087370 2207.2
1087380 2207.2
1087390 2210.2
1087400 2189.3
1087410 2189.3
1087420 2185.8
1087430 2176.5
1087440 2176.5
1087450 2166.6
1087460 2160.3
1087470 2160.3
1087480 2151.1
1087490 2143.9
1087500 2143.9
1087510 2137.5
1087520 2131.6
1087530 2131.6
1087540 2125.2
1087550 2119.1
1087560 2119.1
1087570 2111.9
1087580 2105.5
1087590 2099.2
1087600 2099.2
1087610 2092.7
1087620 2087.4
1087630 2087.4
1087640 2082.1
1087650 2077.7
1087660 2077.7
1087670 2073.0
1087680 2067.8
1087690 2067.8
1087700 2064.6
1087710 2060.8
1087720 2065.3
1087730 2061.8
1087740 2059.2
1087750 2059.2
1087760 2055.9
1087770 2053.6
1087780 2053.6
1087790 2050.4
1087800 2047.4
1087810 2047.4
1087820 2044.1
1087830 2040.4
1087840 2036.9
1087850 2036.9
1087860 2034.0
1087870 2031.1
1087880 2031.1
1087890 2027.8
1087900 2024.4
1087910 2024.4
1087920 2021.1
1087930 2017.6
1087940 2017.6
1087950 2013.2
1087960 2009.1
1087970 2009.1
1087980 2005.1
1087990 2001.1
1088000 2001.1
1088010 1997.6
1088020 1994.9
1088030 1994.9
1088040 1998.6
1088050 1998.9
1088060 1999.5
1088070 1999.5
1088080 1999.1
1088090 1999.2
1088100 1999.2
1088110 1998.5
1088120 1997.4
1088130 1997.4
1088140 1994.7
1088150 1991.7
1088160 1991.7
1088170 1989.3
1088180 1986.7
1088190 1986.7
1088200 1983.5
1088210 1979.2
1088220 1979.2
1088230 1974.8
1088240 1969.7
1088250 1969.7
1088260 1964.8
1088270 1962.9
1088280 1970.8
1088290 1970.8
1088300 1971.2
1088310 1968.9
1088320 1968.9
1088330 1966.2
1088340 1965.1
1088350 1965.1
1088360 1968.8
1088370 1965.4
1088380 1965.4
1088390 1966.0
1088400 1965.5
1088410 1965.5
1088420 1963.4
1088430 1969.7
1088440 1969.7
1088450 1971.1
1088460 1967.6
1088470 1967.6
1088480 1961.1
1088490 1962.1
1088500 1962.1
1088510 1965.0
1088520 1973.1
1088530 1982.2
1088540 1982.2
1088550 1987.9
1088560 1993.9
1088570 1993.9
1088580 1998.7
1088590 2001.7
1088600 2001.7
1088610 2003.0
1088620 1995.6
1088630 1995.6
1088640 2006.2
1088650 2008.5
1088660 2008.5
1088670 2006.6
1088680 2017.8
1088690 2017.8
1088700 2015.7
1088710 2015.1
1088720 2015.1
1088730 2013.9
1088740 2015.9
1088750 2019.5
1088760 2019.5
1088770 2019.6
1088780 2016.3
1088790 2016.3
1088800 2001.5
1088810 1980.2
1088820 1980.2
1088830 1967.1
1088840 1962.5
1088850 1962.5
1088860 1961.8
1088870 1965.1
1088880 1965.1
1088890 1964.2
1088900 1965.0
1088910 1965.0
1088920 1972.9
1088930 1979.0
1088940 1979.0
1088950 1981.6
1088960 1980.0
1088970 1973.0
1088980 1973.0
1088990 1965.0
1089000 1964.7
1089010 1964.7
1089020 1969.4
1089030 1975.2
1089040 1975.2
1089050 1979.7
1089060 1982.6
1089070 1982.6
1089080 1980.0
1089090 1979.3
1089100 1979.3
1089110 1981.4
1089120 1986.5
1089130 1986.5
1089140 1991.7
1089150 1996.6
1089160 1996.6
1089170 2003.6
1089180 2011.8
1089190 2011.8
1089200 2024.2
1089210 2036.7
1089220 2055.6
1089230 2055.6
1089240 2070.4
1089250 2078.1
1089260 2078.1
1089270 2081.0
1089280 2084.1
1089290 2084.1
1089300 2083.6
1089310 2081.1
1089320 2093.4
1089330 2087.0
1089340 2077.8
1089350 2077.8
1089360 2072.7
1089370 2070.4
1089380 2070.4
1089390 2065.4
1089400 2060.2
1089410 2060.2
1089420 2057.0
1089430 2058.0
1089440 2063.7
1089450 2063.7
1089460 2069.6
1089470 2077.4
1089480 2077.4
1089490 2094.8
1089500 2111.6
1089510 2111.6
1089520 2136.7
1089530 2138.0
1089540 2138.0
1089550 2132.9
1089560 2135.5
1089570 2135.5
1089580 2140.8
1089590 2142.7
1089600 2142.7
1089610 2148.4
1089620 2159.7
1089630 2159.7
1089640 2200.4
1089650 2217.8
1089660 2217.8
1089670 2229.8
1089680 2242.9
1089690 2268.8
1089700 2268.8
1089710 2279.5
1089720 2289.3
1089730 2289.3
1089740 2296.6
1089750 2293.1
1089760 2293.1
1089770 2285.4
1089780 2288.3
1089790 2288.3
1089800 2294.3
1089810 2295.8
1089820 2295.8
1089830 2290.2
1089840 2291.4
1089850 2291.4
1089860 2302.7
1089870 2317.7
1089880 2317.7
1089890 2321.2
1089900 2310.0
1089910 2298.3
1089920 2298.3
1089930 2286.1
1089940 2276.8
1089950 2276.8
1089960 2280.1
1089970 2268.5
1089980 2268.5
1089990 2258.9
1090000 2247.9
1090010 2247.9
1090020 2236.2
1090030 2224.9
1090040 2224.9
1090050 2217.6
1090060 2210.0
1090070 2210.0
1090080 2202.1
1090090 2194.9
1090100 2194.9
1090110 2188.5
1090120 2183.2
1090130 2178.9
1090140 2178.9
1090150 2175.0
1090160 2172.0
1090170 2172.0
1090180 2168.9
1090190 2165.5
1090200 2165.5
1090210 2161.7
1090220 2158.1
1090230 2158.1
1090240 2154.8
1090250 2151.3
1090260 2151.3
1090270 2147.9
1090280 2144.6
1090290 2147.5
1090300 2144.0
1090310 2140.3
1090320 2140.3
1090330 2136.5
1090340 2133.0
1090350 2133.0
1090360 2129.3
1090370 2125.5
1090380 2122.2
1090390 2122.2
1090400 2120.5
1090410 2119.9
1090420 2119.9
1090430 2119.1
1090440 2117.9
1090450 2117.9
1090460 2115.9
1090470 2114.8
1090480 2114.8
1090490 2113.8
1090500 2112.8
1090510 2112.8
1090520 2114.1
1090530 2116.1
1090540 2116.1
1090550 2119.4
1090560 2123.2
1090570 2123.2
1090580 2127.5
1090590 2132.6
1090600 2138.1
1090610 2139.8
1090620 2145.2
1090630 2151.0
1090640 2151.0
1090650 2156.9
1090660 2162.8
1090670 2162.8
1090680 2169.0
1090690 2175.5
1090700 2175.5
1090710 2182.2
1090720 2188.7
1090730 2188.7
1090740 2195.4
1090750 2202.1
1090760 2202.1
1090770 2208.9
1090780 2215.5
1090790 2215.5
1090800 2222.0
1090810 2228.5
1090820 2235.6
1090830 2235.6
1090840 2244.7
1090850 2250.9
1090860 2250.9
1090870 2257.5
1090880 2264.9
1090890 2264.9
1090900 2272.7
1090910 2279.6
1090920 2279.6
1090930 2286.9
1090940 2297.4
1090950 2297.4
1090960 2318.4
1090970 2335.7
1090980 2335.7
1090990 2343.1
1091000 2352.3
1091010 2352.3
1091020 2362.6
1091030 2372.4
1091040 2372.4
1091050 2381.8
1091060 2390.2
1091070 2398.6
1091080 2398.6
1091090 2411.1
1091100 2420.0
1091110 2420.0
1091120 2417.2
1091130 2410.7
1091140 2410.7
1091150 2397.7
1091160 2384.9
1091170 2384.9
1091180 2369.8
1091190 2355.3
1091200 2355.3
1091210 2345.7
1091220 2337.9
1091230 2337.9
1091240 2336.2
1091250 2329.2
1091260 2329.2
1091270 2320.6
1091280 2326.3
1091290 2331.3
1091300 2331.3
1091310 2329.3
1091320 2330.1
1091330 2330.1
1091340 2331.0
1091350 2316.8
1091360 2316.8
1091370 2300.6
1091380 2297.1
1091390 2297.1
1091400 2291.8
1091410 2284.5
1091420 2284.5
1091430 2270.2
1091440 2249.4
1091450 2249.4
1091460 2231.9
1091470 2215.7
1091480 2215.7
1091490 2203.6
1091500 2187.1
1091510 2187.1
1091520 2152.6
1091530 2130.0
1091540 2114.3
1091550 2114.3
1091560 2105.8
1091570 2096.9
1091580 2096.9
1091590 2091.5
1091600 2085.3
1091610 2085.3
1091620 2080.1
1091630 2075.8
1091640 2075.8
1091650 2071.4
1091660 2066.5
1091670 2066.5
1091680 2062.1
1091690 2059.2
1091700 2059.2
1091710 2054.9
1091720 2050.9
1091730 2050.9
1091740 2046.2
1091750 2040.1
1091760 2032.6
1091770 2032.6
1091780 2024.9
1091790 2018.3
1091800 2018.3
1091810 2014.3
1091820 2010.9
1091830 2010.9
1091840 2007.2
1091850 2004.4
1091860 2004.4
1091870 2000.5
1091880 1995.3
1091890 1995.3
1091900 1985.8
1091910 1980.8
1091920 1980.8
1091930 1975.3
1091940 1969.8
1091950 1969.8
1091960 1964.0
1091970 1958.5
1091980 1954.1
1091990 1954.1
1092000 1948.6
1092010 1942.6
1092020 1942.6
1092030 1936.9
1092040 1931.0
1092050 1931.0
1092060 1925.6
1092070 1920.8
1092080 1920.8
1092090 1915.3
1092100 1910.4
1092110 1910.4
1092120 1905.8
1092130 1900.4
1092140 1900.4
1092150 1895.1
1092160 1889.2
1092170 1889.2
1092180 1883.4
1092190 1877.7
1092200 1877.7
1092210 1872.6
1092220 1864.7
1092230 1860.6
1092240 1860.6
1092250 1858.1
1092260 1853.7
1092270 1853.7
1092280 1846.3
1092290 1839.0
1092300 1839.0
1092310 1832.1
1092320 1826.2
1092330 1826.2
1092340 1819.4
1092350 1811.8
1092360 1811.8
1092370 1804.4
1092380 1793.2
1092390 1793.2
1092400 1777.5
1092410 1770.3
1092420 1770.3
1092430 1769.4
1092440 1768.5
1092450 1763.4
1092460 1763.4
1092470 1757.1
1092480 1752.7
1092490 1752.7
1092500 1746.9
1092510 1739.4
1092520 1739.4
1092530 1740.4
1092540 1744.4
1092550 1744.4
1092560 1738.2
1092570 1733.0
1092580 1733.0
1092590 1726.1
1092600 1715.9
1092610 1715.9
1092620 1708.0
1092630 1710.1
1092640 1710.1
1092650 1708.1
1092660 1698.3
1092670 1689.8
1092680 1689.8
1092690 1684.3
1092700 1682.0
1092710 1682.0
1092720 1671.9
1092730 1657.6
1092740 1657.6
1092750 1649.4
1092760 1643.9
1092770 1643.9
1092780 1640.3
1092790 1632.5
1092800 1632.5
1092810 1624.6
1092820 1617.0
1092830 1617.0
1092840 1601.6
1092850 1593.7
1092860 1593.7
1092870 1586.0
1092880 1577.7
1092890 1577.7
1092900 1570.7
1092910 1562.6
1092920 1555.2
1092930 1555.2
1092940 1549.8
1092950 1546.9
1092960 1546.9
1092970 1542.5
1092980 1536.2
1092990 1536.2
1093000 1527.7
1093010 1521.9
1093020 1521.9
1093030 1517.5
1093040 1511.9
1093050 1511.9
1093060 1504.7
1093070 1496.6
1093080 1496.6
1093090 1493.1
1093100 1489.4
1093110 1489.4
1093120 1487.4
1093130 1487.8
1093140 1488.4
1093150 1488.4
1093160 1486.1
1093170 1482.7
1093180 1482.7
1093190 1493.7
1093200 1496.2
1093210 1496.2
1093220 1501.4
1093230 1503.7
1093240 1503.7
1093250 1501.8
1093260 1492.1
1093270 1492.1
1093280 1483.9
1093290 1486.4
1093300 1486.4
1093310 1487.6
1093320 1484.5
1093330 1484.5
1093340 1480.7
1093350 1476.4
1093360 1476.4
1093370 1472.4
1093380 1469.0
1093390 1464.8
1093400 1464.8
1093410 1460.7
1093420 1455.6
1093430 1455.6
1093440 1452.1
1093450 1449.3
1093460 1449.3
1093470 1444.7
1093480 1439.7
1093490 1439.7
1093500 1435.9
1093510 1431.6
1093520 1435.1
1093530 1430.3
1093540 1424.6
1093550 1424.6
1093560 1418.8
1093570 1418.8
1093580 1418.8
1093590 1418.6
1093600 1417.2
1093610 1417.8
1093620 1417.8
1093630 1413.5
1093640 1409.1
1093650 1409.1
1093660 1405.2
1093670 1400.3
1093680 1400.3
1093690 1395.3
1093700 1396.9
1093710 1396.9
1093720 1398.7
1093730 1401.3
1093740 1401.3
1093750 1404.8
1093760 1401.2
1093770 1401.2
1093780 1397.8
1093790 1398.5
1093800 1398.5
1093810 1402.3
1093820 1404.4
1093830 1405.9
1093840 1412.0
1093850 1409.9
1093860 1406.0
1093870 1406.0
1093880 1404.7
1093890 1403.8
1093900 1403.8
1093910 1399.9
1093920 1398.9
1093930 1398.9
1093940 1401.8
1093950 1400.6
1093960 1400.6
1093970 1397.7
1093980 1396.4
1093990 1396.4
1094000 1393.0
1094010 1391.0
1094020 1391.0
1094030 1390.7
1094040 1391.5
1094050 1391.5
1094060 1390.8
1094070 1389.9
1094080 1389.2
1094090 1389.2
1094100 1387.8
1094110 1386.7
1094120 1386.7
1094130 1385.6
1094140 1383.9
1094150 1383.9
1094160 1382.3
1094170 1388.9
1094180 1388.9
1094190 1393.3
1094200 1395.2
1094210 1395.2
1094220 1394.7
1094230 1396.1
1094240 1396.1
1094250 1397.0
1094260 1397.1
1094270 1397.1
1094280 1396.3
1094290 1397.6
1094300 1399.6
1094310 1399.6
1094320 1399.0
1094330 1397.3
1094340 1397.3
1094350 1396.8
1094360 1395.9
1094370 1395.9
1094380 1393.9
1094390 1392.0
1094400 1392.0
1094410 1390.2
1094420 1385.8
1094430 1385.8
1094440 1381.6
1094450 1377.7
1094460 1377.7
1094470 1372.0
1094480 1365.0
1094490 1371.1
1094500 1368.0
1094510 1369.0
1094520 1371.2
1094530 1371.2
1094540 1370.2
1094550 1370.3
1094560 1370.3
1094570 1372.8
1094580 1379.4
1094590 1379.4
1094600 1382.6
1094610 1381.7
1094620 1381.7
1094630 1381.9
1094640 1381.8
1094650 1381.8
1094660 1382.9
1094670 1389.3
1094680 1389.3
1094690 1390.4
1094700 1391.1
1094710 1391.1
1094720 1394.8
1094730 1395.6
1094740 1395.6
1094750 1396.9
1094760 1393.4
1094770 1390.9
1094780 1390.9
1094790 1390.2
1094800 1388.0
1094810 1388.0
1094820 1397.6
1094830 1393.3
1094840 1393.3
1094850 1388.2
1094860 1388.6
1094870 1388.6
1094880 1385.5
1094890 1379.6
1094900 1379.6
1094910 1374.6
1094920 1369.6
1094930 1369.6
1094940 1361.7
1094950 1358.5
1094960 1358.5
1094970 1362.5
1094980 1365.3
1094990 1364.9
1095000 1364.9
1095010 1364.6
1095020 1366.1
1095030 1366.1
1095040 1363.0
1095050 1358.3
1095060 1358.3
1095070 1354.2
1095080 1349.8
1095090 1349.8
1095100 1344.9
1095110 1339.7
1095120 1339.7
1095130 1335.4
1095140 1333.2
1095150 1333.2
1095160 1329.9
1095170 1325.5
1095180 1325.5
1095190 1320.3
1095200 1314.7
1095210 1309.5
1095220 1309.5
1095230 1304.6
1095240 1299.7
1095250 1299.7
1095260 1293.9
1095270 1288.5
1095280 1288.5
1095290 1283.1
1095300 1279.0
1095310 1279.0
1095320 1273.4
1095330 1269.9
1095340 1269.9
1095350 1267.1
1095360 1263.5
1095370 1263.5
1095380 1254.0
1095390 1246.5
1095400 1246.5
1095410 1240.0
1095420 1233.6
1095430 1233.6
1095440 1227.0
1095450 1221.3
1095460 1215.9
1095470 1220.0
1095480 1215.6
1095490 1211.5
1095500 1211.5
1095510 1207.1
1095520 1202.1
1095530 1202.1
1095540 1197.2
1095550 1191.4
1095560 1191.4
1095570 1184.0
1095580 1176.1
1095590 1176.1
1095600 1168.4
1095610 1161.0
1095620 1161.0
1095630 1153.8
1095640 1146.6
1095650 1146.6
1095660 1139.3
1095670 1132.2
1095680 1125.1
1095690 1125.1
1095700 1118.3
1095710 1111.5
1095720 1111.5
1095730 1104.4
1095740 1097.4
1095750 1097.4
1095760 1089.9
1095770 1082.2
1095780 1082.2
1095790 1074.5
1095800 1061.0
1095810 1061.0
1095820 1052.5
1095830 1042.1
1095840 1042.1
1095850 1033.6
1095860 1026.3
1095870 1026.3
1095880 1019.8
1095890 1013.6
1095900 1013.6
1095910 1006.8
1095920 999.7
1095930 992.4
1095940 992.4
1095950 984.5
1095960 975.7
1095970 975.7
1095980 966.9
1095990 957.5
1096000 957.5
1096010 949.5
1096020 942.0
1096030 942.0
1096040 934.3
1096050 925.8
1096060 925.8
1096070 917.5
1096080 909.8
1096090 909.8
1096100 903.2
1096110 896.4
1096120 893.4
1096130 889.2
1096140 887.4
1096150 884.6
1096160 884.6
1096170 881.0
1096180 877.4
1096190 877.4
1096200 873.0
1096210 868.4
1096220 868.4
1096230 864.4
1096240 861.2
1096250 861.2
1096260 857.8
1096270 852.8
1096280 852.8
1096290 847.0
1096300 839.8
1096310 839.8
1096320 833.1
1096330 827.9
1096340 827.9
1096350 826.2
1096360 828.6
1096370 833.0
1096380 833.0
1096390 837.1
1096400 841.5
1096410 841.5
1096420 845.3
1096430 846.7
1096440 846.7
1096450 845.5
1096460 841.2
1096470 841.2
1096480 837.9
1096490 834.5
1096500 834.5
1096510 831.3
1096520 827.8
1096530 827.8
1096540 827.1
1096550 828.6
1096560 828.6
1096570 830.2
1096580 827.5
1096590 827.5
1096600 823.7
1096610 820.8
1096620 816.6
1096630 816.6
1096640 812.5
1096650 807.1
1096660 807.1
1096670 801.6
1096680 797.2
1096690 797.2
1096700 791.7
1096710 786.0
1096720 786.0
1096730 781.6
1096740 778.2
1096750 778.2
1096760 773.8
1096770 768.2
1096780 771.4
1096790 764.8
1096800 758.3
1096810 758.3
1096820 752.4
1096830 747.8
1096840 744.3
1096850 744.3
1096860 742.4
1096870 739.2
1096880 739.2
1096890 734.2
1096900 728.9
1096910 728.9
1096920 724.1
1096930 720.3
1096940 720.3
1096950 715.4
1096960 710.2
1096970 710.2
1096980 705.8
1096990 701.8
1097000 701.8
1097010 697.9
1097020 694.6
1097030 694.6
1097040 692.7
1097050 692.2
1097060 691.7
1097070 691.7
1097080 691.2
1097090 690.6
1097100 689.9
1097110 689.3
1097120 688.7
1097130 688.7
1097140 688.8
1097150 689.0
1097160 689.0
1097170 688.7
1097180 688.1
1097190 688.1
1097200 687.0
1097210 686.1
1097220 686.1
1097230 685.3
1097240 684.8
1097250 684.8
1097260 684.1
1097270 683.3
1097280 683.3
1097290 682.9
1097300 682.2
1097310 681.2
1097320 681.2
1097330 680.4
1097340 679.6
1097350 679.6
1097360 679.0
1097370 678.3
1097380 678.3
1097390 677.8
1097400 677.3
1097410 677.3
1097420 676.6
1097430 675.6
1097440 675.6
1097450 675.0
1097460 674.3
1097470 674.3
1097480 673.8
1097490 673.0
1097500 673.0
1097510 672.3
1097520 671.9
1097530 670.9
1097540 670.9
1097550 670.2
1097560 669.7
1097570 669.7
1097580 669.3
1097590 668.8
1097600 668.8
1097610 668.1
1097620 667.4
1097630 667.4
1097640 666.8
1097650 666.4
1097660 666.4
1097670 665.8
1097680 665.2
1097690 665.2
1097700 664.6
1097710 663.9
1097720 663.9
1097730 663.4
1097740 663.1
1097750 662.3
1097760 663.3
1097770 663.1
1097780 662.9
1097790 662.9
1097800 662.5
1097810 662.0
1097820 662.0
1097830 661.4
1097840 660.5
1097850 660.5
1097860 659.3
1097870 658.2
1097880 658.2
1097890 657.4
1097900 656.3
1097910 656.3
1097920 655.8
1097930 655.1
1097940 655.1
1097950 654.8
1097960 654.5
1097970 654.5
1097980 654.2
1097990 653.4
1098000 652.6
1098010 652.6
1098020 651.9
1098030 651.4
1098040 651.4
1098050 650.3
1098060 649.5
1098070 649.5
1098080 649.8
1098090 649.7
1098100 649.7
1098110 649.2
1098120 648.8
1098130 648.8
1098140 648.7
1098150 648.7
1098160 648.7
1098170 647.2
1098180 646.9
1098190 646.9
1098200 646.8
1098210 646.7
1098220 646.4
1098230 646.4
1098240 645.7
1098250 645.2
1098260 645.2
1098270 644.8
1098280 644.6
1098290 644.6
1098300 644.8
1098310 644.4
1098320 644.4
1098330 643.7
1098340 642.7
1098350 642.7
1098360 641.5
1098370 641.1
1098380 641.1
1098390 640.6
1098400 640.1
1098410 640.3
1098420 640.0
1098430 639.8
1098440 639.8
1098450 639.5
1098460 639.1
1098470 638.7
1098480 638.7
1098490 638.3
1098500 637.9
1098510 637.9
1098520 637.5
1098530 637.0
1098540 637.0
1098550 636.7
1098560 636.5
1098570 636.5
1098580 636.3
1098590 636.1
1098600 636.1
1098610 636.4
1098620 637.0
1098630 637.0
1098640 637.1
1098650 637.6
1098660 637.6
1098670 637.7
1098680 637.7
1098690 636.8
1098700 636.8
1098710 636.3
1098720 636.3
1098730 636.3
1098740 636.0
1098750 635.8
1098760 635.8
1098770 635.7
1098780 635.1
1098790 635.1
1098800 632.5
1098810 630.1
1098820 630.1
1098830 629.7
1098840 630.3
1098850 630.3
1098860 630.7
1098870 631.3
1098880 631.3
1098890 633.7
1098900 635.1
1098910 634.5
1098920 634.5
1098930 633.9
1098940 634.2
1098950 634.2
1098960 633.9
1098970 633.8
1098980 633.8
1098990 633.9
1099000 634.1
1099010 634.1
1099020 634.2
1099030 634.6
1099040 634.6
1099050 634.4
1099060 634.5
1099070 634.7
1099080 635.1
1099090 635.7
1099100 635.7
1099110 635.5
1099120 634.8
1099130 634.8
1099140 634.3
1099150 634.3
1099160 634.5
1099170 634.5
1099180 635.2
1099190 636.3
1099200 636.3
1099210 636.9
1099220 636.7
1099230 636.7
1099240 636.0
1099250 634.9
1099260 634.9
1099270 636.3
1099280 639.8
1099290 639.8
1099300 641.4
1099310 643.4
1099320 643.4
1099330 646.3
1099340 649.7
1099350 649.7
1099360 652.8
1099370 655.3
1099380 656.8
1099390 656.8
1099400 651.8
1099410 655.7
1099420 655.7
1099430 661.7
1099440 664.9
1099450 664.9
1099460 668.0
1099470 673.3
1099480 673.3
1099490 676.5
1099500 680.0
1099510 680.0
1099520 684.3
1099530 688.7
1099540 688.7
1099550 692.4
1099560 695.3
1099570 695.3
1099580 698.5
1099590 700.7
1099600 703.3
1099610 703.3
1099620 706.2
1099630 709.2
1099640 709.2
1099650 712.4
1099660 715.3
1099670 715.3
1099680 718.2
1099690 721.1
1099700 721.1
1099710 724.9
1099720 728.9
1099730 720.2
1099740 721.9
1099750 724.0
1099760 724.0
1099770 726.5
1099780 728.5
1099790 728.5
1099800 730.6
1099810 732.1
1099820 732.1
1099830 733.5
1099840 735.6
1099850 738.1
1099860 738.1
1099870 743.7
1099880 749.9
1099890 749.9
1099900 755.1
1099910 758.2
1099920 758.2
1099930 760.4
1099940 761.1
1099950 761.1
1099960 762.7
1099970 764.6
1099980 764.6
1099990 767.2
