1080000 1978.1
1080010 1978.2
1080020 1978.3
1080030 1973.5
1080040 1973.5
1080050 1973.5
1080060 1973.0
1080070 1973.0
1080080 1972.3
1080090 1971.5
1080100 1971.5
1080110 1970.8
1080120 1970.1
1080130 1970.1
1080140 1969.4
1080150 1968.5
1080160 1968.5
1080170 1966.8
1080180 1963.2
1080190 1963.2
1080200 1956.1
1080210 1948.7
1080220 1948.7
1080230 1941.1
1080240 1938.1
1080250 1931.6
1080260 1931.6
1080270 1919.0
1080280 1906.5
1080290 1906.5
1080300 1894.8
1080310 1881.0
1080320 1881.0
1080330 1871.3
1080340 1859.6
1080350 1859.6
1080360 1852.2
1080370 1849.0
1080380 1849.0
1080390 1845.5
1080400 1842.0
1080410 1842.0
1080420 1839.7
1080430 1838.5
1080440 1838.5
1080450 1838.6
1080460 1838.8
1080470 1837.1
1080480 1837.1
1080490 1830.5
1080500 1825.2
1080510 1825.2
1080520 1826.6
1080530 1827.9
1080540 1827.9
1080550 1822.6
1080560 1816.3
1080570 1816.3
1080580 1811.4
1080590 1806.5
1080600 1806.5
1080610 1801.8
1080620 1796.2
1080630 1796.2
1080640 1789.2
1080650 1782.8
1080660 1776.6
1080670 1771.5
1080680 1767.6
1080690 1767.6
1080700 1766.0
1080710 1763.2
1080720 1756.0
1080730 1756.0
1080740 1748.0
1080750 1740.7
1080760 1740.7
1080770 1731.8
1080780 1723.6
1080790 1723.6
1080800 1718.7
1080810 1725.6
1080820 1725.6
1080830 1724.4
1080840 1714.6
1080850 1714.6
1080860 1710.3
1080870 1700.3
1080880 1700.3
1080890 1698.0
1080900 1698.1
1080910 1698.1
1080920 1697.1
1080930 1693.9
1080940 1691.7
1080950 1691.7
1080960 1690.4
1080970 1682.2
1080980 1682.2
1080990 1682.8
1081000 1683.0
1081010 1683.0
1081020 1682.3
1081030 1679.8
1081040 1679.8
1081050 1677.2
1081060 1672.0
1081070 1672.0
1081080 1664.9
1081090 1660.9
1081100 1660.9
1081110 1656.2
1081120 1651.5
1081130 1651.5
1081140 1646.0
1081150 1637.5
1081160 1637.5
1081170 1628.6
1081180 1617.5
1081190 1606.9
1081200 1606.9
1081210 1597.3
1081220 1593.0
1081230 1593.0
1081240 1588.7
1081250 1581.2
1081260 1581.2
1081270 1572.9
1081280 1559.8
1081290 1546.8
1081300 1535.1
1081310 1524.6
1081320 1524.6
1081330 1518.6
1081340 1516.9
1081350 1516.9
1081360 1504.2
1081370 1492.7
1081380 1492.7
1081390 1483.9
1081400 1476.4
1081410 1469.9
1081420 1469.9
1081430 1464.5
1081440 1461.3
1081450 1461.3
1081460 1457.2
1081470 1450.2
1081480 1450.2
1081490 1443.3
1081500 1439.3
1081510 1439.3
1081520 1434.8
1081530 1430.3
1081540 1430.3
1081550 1426.1
1081560 1422.4
1081570 1422.4
1081580 1418.1
1081590 1414.1
1081600 1411.6
1081610 1408.2
1081620 1404.6
1081630 1402.0
1081640 1402.0
1081650 1400.3
1081660 1397.8
1081670 1397.8
1081680 1395.8
1081690 1396.2
1081700 1396.2
1081710 1400.1
1081720 1406.4
1081730 1406.4
1081740 1406.2
1081750 1401.9
1081760 1401.9
1081770 1396.8
1081780 1394.4
1081790 1394.4
1081800 1392.9
1081810 1392.2
1081820 1392.2
1081830 1395.3
1081840 1393.1
1081850 1393.1
1081860 1385.5
1081870 1378.7
1081880 1376.2
1081890 1376.2
1081900 1370.7
1081910 1363.6
1081920 1364.6
1081930 1359.3
1081940 1355.9
1081950 1355.9
1081960 1352.3
1081970 1351.6
1081980 1351.6
1081990 1354.4
1082000 1355.9
1082010 1355.9
1082020 1355.0
1082030 1353.1
1082040 1353.1
1082050 1350.3
1082060 1349.5
1082070 1349.5
1082080 1351.4
1082090 1353.3
1082100 1355.2
1082110 1355.2
1082120 1359.1
1082130 1364.3
1082140 1364.3
1082150 1369.2
1082160 1369.7
1082170 1369.7
1082180 1367.1
1082190 1363.3
1082200 1363.3
1082210 1360.6
1082220 1358.8
1082230 1352.6
1082240 1350.0
1082250 1347.6
1082260 1347.6
1082270 1344.6
1082280 1340.5
1082290 1340.5
1082300 1335.7
1082310 1330.1
1082320 1330.1
1082330 1328.4
1082340 1327.4
1082350 1324.9
1082360 1324.9
1082370 1321.9
1082380 1318.6
1082390 1318.6
1082400 1314.7
1082410 1310.7
1082420 1310.7
1082430 1306.6
1082440 1304.3
1082450 1304.3
1082460 1302.6
1082470 1300.3
1082480 1300.3
1082490 1297.8
1082500 1295.7
1082510 1295.7
1082520 1293.9
1082530 1292.2
1082540 1292.2
1082550 1284.0
1082560 1279.7
1082570 1274.8
1082580 1274.8
1082590 1271.1
1082600 1267.9
1082610 1267.9
1082620 1264.5
1082630 1261.8
1082640 1261.8
1082650 1259.4
1082660 1257.7
1082670 1257.7
1082680 1256.9
1082690 1254.9
1082700 1254.9
1082710 1250.0
1082720 1246.9
1082730 1246.9
1082740 1246.6
1082750 1246.7
1082760 1246.7
1082770 1246.3
1082780 1246.4
1082790 1246.4
1082800 1246.4
1082810 1246.3
1082820 1247.4
1082830 1247.4
1082840 1247.9
1082850 1247.3
1082860 1247.3
1082870 1243.8
1082880 1243.9
1082890 1243.9
1082900 1242.7
1082910 1244.1
1082920 1244.1
1082930 1244.0
1082940 1244.1
1082950 1244.1
1082960 1244.2
1082970 1243.7
1082980 1243.7
1082990 1242.3
1083000 1238.9
1083010 1238.9
1083020 1237.2
1083030 1237.6
1083040 1237.3
1083050 1237.3
1083060 1235.6
1083070 1231.1
1083080 1231.1
1083090 1227.4
1083100 1223.5
1083110 1223.5
1083120 1219.3
1083130 1216.5
1083140 1216.5
1083150 1213.3
1083160 1208.6
1083170 1208.6
1083180 1199.5
1083190 1193.0
1083200 1193.0
1083210 1187.7
1083220 1181.7
1083230 1181.7
1083240 1176.9
1083250 1173.0
1083260 1168.4
1083270 1168.4
1083280 1162.9
1083290 1161.4
1083300 1161.4
1083310 1159.5
1083320 1159.1
1083330 1159.1
1083340 1158.4
1083350 1156.3
1083360 1156.3
1083370 1151.9
1083380 1146.9
1083390 1146.9
1083400 1141.6
1083410 1136.0
1083420 1136.0
1083430 1129.8
1083440 1124.6
1083450 1124.6
1083460 1119.7
1083470 1115.3
1083480 1115.3
1083490 1111.5
1083500 1103.7
1083510 1097.5
1083520 1097.5
1083530 1092.7
1083540 1090.2
1083550 1090.2
1083560 1086.7
1083570 1083.8
1083580 1083.8
1083590 1081.8
1083600 1079.7
1083610 1079.7
1083620 1077.8
1083630 1074.6
1083640 1074.6
1083650 1071.6
1083660 1068.4
1083670 1068.4
1083680 1064.9
1083690 1062.1
1083700 1062.1
1083710 1059.6
1083720 1057.9
1083730 1056.5
1083740 1056.5
1083750 1055.4
1083760 1053.6
1083770 1053.6
1083780 1052.9
1083790 1052.2
1083800 1052.2
1083810 1050.2
1083820 1048.9
1083830 1048.9
1083840 1047.8
1083850 1046.9
1083860 1046.9
1083870 1045.9
1083880 1044.9
1083890 1044.9
1083900 1043.0
1083910 1040.1
1083920 1040.1
1083930 1039.2
1083940 1039.1
1083950 1039.1
1083960 1038.7
1083970 1037.0
1083980 1038.3
1083990 1038.3
1084000 1039.6
1084010 1039.9
1084020 1039.9
1084030 1041.6
1084040 1044.4
1084050 1044.4
1084060 1046.0
1084070 1047.5
1084080 1047.5
1084090 1048.8
1084100 1050.4
1084110 1050.4
1084120 1052.2
1084130 1054.2
1084140 1054.2
1084150 1056.3
1084160 1058.7
1084170 1058.7
1084180 1060.9
1084190 1063.2
1084200 1065.7
1084210 1065.7
1084220 1067.7
1084230 1069.8
1084240 1069.8
1084250 1072.5
1084260 1075.0
1084270 1075.0
1084280 1077.6
1084290 1080.1
1084300 1080.1
1084310 1083.1
1084320 1085.9
1084330 1085.9
1084340 1088.7
1084350 1091.9
1084360 1091.9
1084370 1095.3
1084380 1098.1
1084390 1098.1
1084400 1101.5
1084410 1105.1
1084420 1109.0
1084430 1109.0
1084440 1113.2
1084450 1115.1
1084460 1115.1
1084470 1119.0
1084480 1122.4
1084490 1122.4
1084500 1125.0
1084510 1128.5
1084520 1128.5
1084530 1132.4
1084540 1135.9
1084550 1135.9
1084560 1139.3
1084570 1143.1
1084580 1143.1
1084590 1146.9
1084600 1150.2
1084610 1150.2
1084620 1154.3
1084630 1159.3
1084640 1159.3
1084650 1164.1
1084660 1169.9
1084670 1176.3
1084680 1176.3
1084690 1182.9
1084700 1188.6
1084710 1188.6
1084720 1194.1
1084730 1200.0
1084740 1200.0
1084750 1205.3
1084760 1209.3
1084770 1211.1
1084780 1217.8
1084790 1224.3
1084800 1224.3
1084810 1229.6
1084820 1232.8
1084830 1232.8
1084840 1233.5
1084850 1233.9
1084860 1233.9
1084870 1236.8
1084880 1240.8
1084890 1244.6
1084900 1244.6
1084910 1246.4
1084920 1247.3
1084930 1247.3
1084940 1248.8
1084950 1253.2
1084960 1253.2
1084970 1260.0
1084980 1265.1
1084990 1265.1
1085000 1270.3
1085010 1277.0
1085020 1277.0
1085030 1283.7
1085040 1289.6
1085050 1289.6
1085060 1297.2
1085070 1306.7
1085080 1310.3
1085090 1318.7
1085100 1326.2
1085110 1326.2
1085120 1332.9
1085130 1338.8
1085140 1344.6
1085150 1344.6
1085160 1351.1
1085170 1357.4
1085180 1357.4
1085190 1362.9
1085200 1367.4
1085210 1367.4
1085220 1371.3
1085230 1375.8
1085240 1375.8
1085250 1382.1
1085260 1387.6
1085270 1387.6
1085280 1391.7
1085290 1395.5
1085300 1395.5
1085310 1398.8
1085320 1406.5
1085330 1406.5
1085340 1413.9
1085350 1422.1
1085360 1430.0
1085370 1430.0
1085380 1437.8
1085390 1445.4
1085400 1445.8
1085410 1453.3
1085420 1461.2
1085430 1461.2
1085440 1470.5
1085450 1480.2
1085460 1480.2
1085470 1488.0
1085480 1495.4
1085490 1495.4
1085500 1504.5
1085510 1513.6
1085520 1513.6
1085530 1522.0
1085540 1530.5
1085550 1530.5
1085560 1537.6
1085570 1542.4
1085580 1547.2
1085590 1547.2
1085600 1550.8
1085610 1554.7
1085620 1554.7
1085630 1557.1
1085640 1560.6
1085650 1560.6
1085660 1565.0
1085670 1569.0
1085680 1569.0
1085690 1573.1
1085700 1576.1
1085710 1576.1
1085720 1585.6
1085730 1589.3
1085740 1589.3
1085750 1594.4
1085760 1600.8
1085770 1600.8
1085780 1606.3
1085790 1612.1
1085800 1612.1
1085810 1619.0
1085820 1625.8
1085830 1634.4
1085840 1634.4
1085850 1644.0
1085860 1653.4
1085870 1653.4
1085880 1661.8
1085890 1670.5
1085900 1670.5
1085910 1679.2
1085920 1688.5
1085930 1688.5
1085940 1698.5
1085950 1708.9
1085960 1708.9
1085970 1718.9
1085980 1729.0
1085990 1729.0
1086000 1737.6
1086010 1746.0
1086020 1746.0
1086030 1748.0
1086040 1750.7
1086050 1745.6
1086060 1745.6
1086070 1741.6
1086080 1736.5
1086090 1736.5
1086100 1729.2
1086110 1724.6
1086120 1724.6
1086130 1720.5
1086140 1717.6
1086150 1717.6
1086160 1714.4
1086170 1710.4
1086180 1710.4
1086190 1706.3
1086200 1704.0
1086210 1704.0
1086220 1703.6
1086230 1697.8
1086240 1697.8
1086250 1694.8
1086260 1691.5
1086270 1691.5
1086280 1691.8
1086290 1692.8
1086300 1693.0
1086310 1693.0
1086320 1694.2
1086330 1695.3
1086340 1695.3
1086350 1696.1
1086360 1703.4
1086370 1703.4
1086380 1704.7
1086390 1706.2
1086400 1706.2
1086410 1706.7
1086420 1707.1
1086430 1707.1
1086440 1707.3
1086450 1708.2
1086460 1708.2
1086470 1710.2
1086480 1711.6
1086490 1711.6
1086500 1713.2
1086510 1714.3
1086520 1718.4
1086530 1718.4
1086540 1730.0
1086550 1746.3
1086560 1746.3
1086570 1757.6
1086580 1771.1
1086590 1771.1
1086600 1784.1
1086610 1795.6
1086620 1795.6
1086630 1802.4
1086640 1811.0
1086650 1811.0
1086660 1820.3
1086670 1826.4
1086680 1829.3
1086690 1835.6
1086700 1841.6
1086710 1841.6
1086720 1847.4
1086730 1852.8
1086740 1852.8
1086750 1854.8
1086760 1852.5
1086770 1850.8
1086780 1850.8
1086790 1853.9
1086800 1860.0
1086810 1860.0
1086820 1863.6
1086830 1861.2
1086840 1861.2
1086850 1854.0
1086860 1850.8
1086870 1850.8
1086880 1857.9
1086890 1865.2
1086900 1865.2
1086910 1872.5
1086920 1878.8
1086930 1878.8
1086940 1880.0
1086950 1886.9
1086960 1886.9
1086970 1913.4
1086980 1931.7
1086990 1934.1
1087000 1938.7
1087010 1946.3
1087020 1963.6
1087030 1963.6
1087040 1987.5
1087050 1983.7
1087060 1983.7
1087070 1988.8
1087080 1999.8
1087090 1999.8
1087100 2007.0
1087110 2016.5
1087120 2016.5
1087130 2029.4
1087140 2038.6
1087150 2038.6
1087160 2051.2
1087170 2060.1
1087180 2060.1
1087190 2065.2
1087200 2070.1
1087210 2076.7
1087220 2076.7
1087230 2084.3
1087240 2091.8
1087250 2091.8
1087260 2102.2
1087270 2115.3
1087280 2115.3
1087290 2126.5
1087300 2137.0
1087310 2141.1
1087320 2153.5
1087330 2163.4
1087340 2163.4
1087350 2173.3
1087360 2184.1
1087370 2184.1
1087380 2195.4
1087390 2205.4
1087400 2205.4
1087410 2215.5
1087420 2227.4
1087430 2227.4
1087440 2240.8
1087450 2252.5
1087460 2264.3
1087470 2264.3
1087480 2265.4
1087490 2260.4
1087500 2260.4
1087510 2255.2
1087520 2254.1
1087530 2254.1
1087540 2250.3
1087550 2251.6
1087560 2251.6
1087570 2234.9
1087580 2235.9
1087590 2235.9
1087600 2222.1
1087610 2214.2
1087620 2214.2
1087630 2198.0
1087640 2197.7
1087650 2197.7
1087660 2184.7
1087670 2175.9
1087680 2172.8
1087690 2172.8
1087700 2172.7
1087710 2167.0
1087720 2167.0
1087730 2154.9
1087740 2146.9
1087750 2146.9
1087760 2141.5
1087770 2144.8
1087780 2144.8
1087790 2149.5
1087800 2155.1
1087810 2155.1
1087820 2158.4
1087830 2160.5
1087840 2160.5
1087850 2160.9
1087860 2161.5
1087870 2161.5
1087880 2155.0
1087890 2147.4
1087900 2147.4
1087910 2145.2
1087920 2140.1
1087930 2132.9
1087940 2132.9
1087950 2108.7
1087960 2099.4
1087970 2099.4
1087980 2088.9
1087990 2084.9
1088000 2084.9
1088010 2081.2
1088020 2073.7
1088030 2073.7
1088040 2047.5
1088050 2048.1
1088060 2048.1
1088070 2050.5
1088080 2053.7
1088090 2053.7
1088100 2056.6
1088110 2058.0
1088120 2058.0
1088130 2059.3
1088140 2057.5
1088150 2055.4
1088160 2055.4
1088170 2056.8
1088180 2057.5
1088190 2057.5
1088200 2054.7
1088210 2055.8
1088220 2055.8
1088230 2051.4
1088240 2048.4
1088250 2048.4
1088260 2045.7
1088270 1996.2
1088280 1996.2
1088290 1981.0
1088300 1969.4
1088310 1969.4
1088320 1956.1
1088330 1957.1
1088340 1957.1
1088350 1964.4
1088360 1986.9
1088370 1975.5
1088380 1975.5
1088390 1995.2
1088400 1996.7
1088410 1996.7
1088420 1963.5
1088430 1934.5
1088440 1934.5
1088450 1916.1
1088460 1909.1
1088470 1909.1
1088480 1901.2
1088490 1890.3
1088500 1890.3
1088510 1879.5
1088520 1859.5
1088530 1859.5
1088540 1840.0
1088550 1827.3
1088560 1827.3
1088570 1822.8
1088580 1810.1
1088590 1803.6
1088600 1795.1
1088610 1787.6
1088620 1781.4
1088630 1781.4
1088640 1774.9
1088650 1768.8
1088660 1768.8
1088670 1764.6
1088680 1761.4
1088690 1761.4
1088700 1758.4
1088710 1755.3
1088720 1755.3
1088730 1753.2
1088740 1752.7
1088750 1752.7
1088760 1752.8
1088770 1752.5
1088780 1752.5
1088790 1752.2
1088800 1752.9
1088810 1752.9
1088820 1752.9
1088830 1753.5
1088840 1754.4
1088850 1754.4
1088860 1755.7
1088870 1756.0
1088880 1756.0
1088890 1756.9
1088900 1758.0
1088910 1758.0
1088920 1761.8
1088930 1763.4
1088940 1763.4
1088950 1764.7
1088960 1765.7
1088970 1765.7
1088980 1766.5
1088990 1766.9
1089000 1766.9
1089010 1767.4
1089020 1768.5
1089030 1768.5
1089040 1769.4
1089050 1769.6
1089060 1769.6
1089070 1770.5
1089080 1771.6
1089090 1772.3
1089100 1772.3
1089110 1773.1
1089120 1773.8
1089130 1773.8
1089140 1775.0
1089150 1778.5
1089160 1778.5
1089170 1793.0
1089180 1809.5
1089190 1809.5
1089200 1824.7
1089210 1834.8
1089220 1834.8
1089230 1842.8
1089240 1853.4
1089250 1853.4
1089260 1862.5
1089270 1870.4
1089280 1870.4
1089290 1877.5
1089300 1883.2
1089310 1887.3
1089320 1887.3
1089330 1891.0
1089340 1893.8
1089350 1893.8
1089360 1896.9
1089370 1900.0
1089380 1900.0
1089390 1904.4
1089400 1908.5
1089410 1908.5
1089420 1913.3
1089430 1921.9
1089440 1921.9
1089450 1932.3
1089460 1943.5
1089470 1943.5
1089480 1952.2
1089490 1960.4
1089500 1960.4
1089510 1967.1
1089520 1971.7
1089530 1975.1
1089540 1975.1
1089550 1976.2
1089560 1982.7
1089570 1982.7
1089580 1983.4
1089590 1979.9
1089600 1979.9
1089610 1976.4
1089620 1975.6
1089630 1975.6
1089640 1972.9
1089650 1969.2
1089660 1969.2
1089670 1971.5
1089680 1972.8
1089690 1972.8
1089700 1975.4
1089710 1979.4
1089720 1979.4
1089730 1982.9
1089740 1986.8
1089750 1986.8
1089760 1989.6
1089770 1988.9
1089780 1986.3
1089790 1986.3
1089800 1983.1
1089810 1983.2
1089820 1983.2
1089830 1984.5
1089840 1987.5
1089850 1987.5
1089860 1991.2
1089870 1995.5
1089880 1998.9
1089890 2001.5
1089900 2003.8
1089910 2003.8
1089920 2006.6
1089930 2008.7
1089940 2008.7
1089950 2009.7
1089960 2009.6
1089970 2009.6
1089980 2007.7
1089990 2007.3
1090000 2007.0
1090010 2007.0
1090020 2004.9
1090030 2003.5
1090040 2003.5
1090050 2001.1
1090060 1998.7
1090070 1998.7
1090080 1997.9
1090090 2001.1
1090100 2001.1
1090110 2005.9
1090120 2012.0
1090130 2012.0
1090140 2018.7
1090150 2021.8
1090160 2021.8
1090170 2021.8
1090180 2022.2
1090190 2022.2
1090200 2028.1
1090210 2027.8
1090220 2027.8
1090230 2025.7
1090240 2022.2
1090250 2019.9
1090260 2019.9
1090270 2018.2
1090280 2015.9
1090290 2015.9
1090300 2014.4
1090310 2013.7
1090320 2013.7
1090330 2015.3
1090340 2018.2
1090350 2018.2
1090360 2022.4
1090370 2027.4
1090380 2027.4
1090390 2030.5
1090400 2033.9
1090410 2033.9
1090420 2036.4
1090430 2036.3
1090440 2036.3
1090450 2038.1
1090460 2043.0
1090470 2047.1
1090480 2047.1
1090490 2049.8
1090500 2053.6
1090510 2053.6
1090520 2056.2
1090530 2058.7
1090540 2058.7
1090550 2061.9
1090560 2066.6
1090570 2066.6
1090580 2070.6
1090590 2074.1
1090600 2074.1
1090610 2077.7
1090620 2081.3
1090630 2081.3
1090640 2084.7
1090650 2087.3
1090660 2087.3
1090670 2089.7
1090680 2091.0
1090690 2090.4
1090700 2090.4
1090710 2092.4
1090720 2096.0
1090730 2096.0
1090740 2100.3
1090750 2104.9
1090760 2104.9
1090770 2109.2
1090780 2113.6
1090790 2113.6
1090800 2118.4
1090810 2123.5
1090820 2123.5
1090830 2128.6
1090840 2134.0
1090850 2137.1
1090860 2142.4
1090870 2147.2
1090880 2147.2
1090890 2151.9
1090900 2155.9
1090910 2155.9
1090920 2159.6
1090930 2163.1
1090940 2166.5
1090950 2166.5
1090960 2169.0
1090970 2173.1
1090980 2173.1
1090990 2178.7
1091000 2184.8
1091010 2184.8
1091020 2190.8
1091030 2196.7
1091040 2196.7
1091050 2202.9
1091060 2209.6
1091070 2209.6
1091080 2216.2
1091090 2223.2
1091100 2223.2
1091110 2230.1
1091120 2236.9
1091130 2236.9
1091140 2243.7
1091150 2250.9
1091160 2257.7
1091170 2262.0
1091180 2272.1
1091190 2277.6
1091200 2277.6
1091210 2287.1
1091220 2295.3
1091230 2295.3
1091240 2308.0
1091250 2324.3
1091260 2324.3
1091270 2339.3
1091280 2354.2
1091290 2354.2
1091300 2363.3
1091310 2378.9
1091320 2378.9
1091330 2401.1
1091340 2405.8
1091350 2405.8
1091360 2401.8
1091370 2394.8
1091380 2394.8
1091390 2387.8
1091400 2380.9
1091410 2372.7
1091420 2372.7
1091430 2371.0
1091440 2367.3
1091450 2367.3
1091460 2365.5
1091470 2362.4
1091480 2362.4
1091490 2349.0
1091500 2342.9
1091510 2342.9
1091520 2330.9
1091530 2313.9
1091540 2313.9
1091550 2309.5
1091560 2306.4
1091570 2306.4
1091580 2301.2
1091590 2294.5
1091600 2294.5
1091610 2287.9
1091620 2280.1
1091630 2272.5
1091640 2272.5
1091650 2263.2
1091660 2253.7
1091670 2253.7
1091680 2240.7
1091690 2226.3
1091700 2226.3
1091710 2216.9
1091720 2215.1
1091730 2215.1
1091740 2214.0
1091750 2215.8
1091760 2215.8
1091770 2217.3
1091780 2223.2
1091790 2223.2
1091800 2230.4
1091810 2234.8
1091820 2234.8
1091830 2236.4
1091840 2224.0
1091850 2211.2
1091860 2211.2
1091870 2194.7
1091880 2187.6
1091890 2187.6
1091900 2194.1
1091910 2192.8
1091920 2192.8
1091930 2192.3
1091940 2193.8
1091950 2193.8
1091960 2190.5
1091970 2190.6
1091980 2190.6
1091990 2190.6
1092000 2186.8
1092010 2186.8
1092020 2180.7
1092030 2169.4
1092040 2169.4
1092050 2156.8
1092060 2142.3
1092070 2142.3
1092080 2131.7
1092090 2131.9
1092100 2144.3
1092110 2144.3
1092120 2151.3
1092130 2163.6
1092140 2152.8
1092150 2158.6
1092160 2127.6
1092170 2127.6
1092180 2092.2
1092190 2094.1
1092200 2094.1
1092210 2101.0
1092220 2105.0
1092230 2105.0
1092240 2111.4
1092250 2116.3
1092260 2116.3
1092270 2119.7
1092280 2126.1
1092290 2126.1
1092300 2122.7
1092310 2109.9
1092320 2095.9
1092330 2095.9
1092340 2084.5
1092350 2071.3
1092360 2071.3
1092370 2062.9
1092380 2057.9
1092390 2057.9
1092400 2046.1
1092410 2033.2
1092420 2033.2
1092430 2021.2
1092440 2011.4
1092450 2011.4
1092460 2000.5
1092470 1974.2
1092480 1974.2
1092490 1949.5
1092500 1937.1
1092510 1937.1
1092520 1937.4
1092530 1933.1
1092540 1933.1
1092550 1927.1
1092560 1911.3
1092570 1898.0
1092580 1898.0
1092590 1889.4
1092600 1892.8
1092610 1892.8
1092620 1891.6
1092630 1892.1
1092640 1892.1
1092650 1877.3
1092660 1865.1
1092670 1865.1
1092680 1853.8
1092690 1818.6
1092700 1818.6
1092710 1795.8
1092720 1780.2
1092730 1780.2
1092740 1769.3
1092750 1752.0
1092760 1752.0
1092770 1743.4
1092780 1737.8
1092790 1729.6
1092800 1729.6
1092810 1722.5
1092820 1717.8
1092830 1717.8
1092840 1717.4
1092850 1719.5
1092860 1719.5
1092870 1720.9
1092880 1717.3
1092890 1717.3
1092900 1708.1
1092910 1705.5
1092920 1705.5
1092930 1704.3
1092940 1701.2
1092950 1701.2
1092960 1694.8
1092970 1694.5
1092980 1694.5
1092990 1693.4
1093000 1686.8
1093010 1680.2
1093020 1680.2
1093030 1672.0
1093040 1663.3
1093050 1663.3
1093060 1655.3
1093070 1646.6
1093080 1646.6
1093090 1634.3
1093100 1628.7
1093110 1620.6
1093120 1621.2
1093130 1621.4
1093140 1621.4
1093150 1619.0
1093160 1619.0
1093170 1619.0
1093180 1621.1
1093190 1621.8
1093200 1621.8
1093210 1618.0
1093220 1620.4
1093230 1620.4
1093240 1620.5
1093250 1620.9
1093260 1624.1
1093270 1624.1
1093280 1624.4
1093290 1616.6
1093300 1616.6
1093310 1607.5
1093320 1598.3
1093330 1598.3
1093340 1590.3
1093350 1587.5
1093360 1587.5
1093370 1585.0
1093380 1578.7
1093390 1578.7
1093400 1573.3
1093410 1568.3
1093420 1568.3
1093430 1565.7
1093440 1562.2
1093450 1562.2
1093460 1557.8
1093470 1551.9
1093480 1546.7
1093490 1546.7
1093500 1541.7
1093510 1536.3
1093520 1536.3
1093530 1530.1
1093540 1523.9
1093550 1523.9
1093560 1521.0
1093570 1520.0
1093580 1520.0
1093590 1523.1
1093600 1521.0
1093610 1521.0
1093620 1514.1
1093630 1510.7
1093640 1510.7
1093650 1509.5
1093660 1504.1
1093670 1504.1
1093680 1497.5
1093690 1485.4
1093700 1485.4
1093710 1482.9
1093720 1482.0
1093730 1479.7
1093740 1479.7
1093750 1475.9
1093760 1472.5
1093770 1472.5
1093780 1467.0
1093790 1461.1
1093800 1461.1
1093810 1454.7
1093820 1447.0
1093830 1447.0
1093840 1432.3
1093850 1408.2
1093860 1408.2
1093870 1387.9
1093880 1375.6
1093890 1375.6
1093900 1367.9
1093910 1362.5
1093920 1362.5
1093930 1357.9
1093940 1352.9
1093950 1344.2
1093960 1344.2
1093970 1334.9
1093980 1329.2
1093990 1329.2
1094000 1325.2
1094010 1319.2
1094020 1319.2
1094030 1312.7
1094040 1307.2
1094050 1307.2
1094060 1298.8
1094070 1290.4
1094080 1299.0
1094090 1291.2
1094100 1288.9
1094110 1288.9
1094120 1287.9
1094130 1286.7
1094140 1286.7
1094150 1281.6
1094160 1268.6
1094170 1255.5
1094180 1255.5
1094190 1254.2
1094200 1258.4
1094210 1258.4
1094220 1266.8
1094230 1275.0
1094240 1275.0
1094250 1276.4
1094260 1283.8
1094270 1283.8
1094280 1282.6
1094290 1271.9
1094300 1271.9
1094310 1262.4
1094320 1257.8
1094330 1257.8
1094340 1251.8
1094350 1242.3
1094360 1242.3
1094370 1233.5
1094380 1223.6
1094390 1223.6
1094400 1213.5
1094410 1202.5
1094420 1194.1
1094430 1194.1
1094440 1185.4
1094450 1177.3
1094460 1177.3
1094470 1169.9
1094480 1163.1
1094490 1163.1
1094500 1156.8
1094510 1151.2
1094520 1151.2
1094530 1147.0
1094540 1143.0
1094550 1143.0
1094560 1139.7
1094570 1136.2
1094580 1136.2
1094590 1132.8
1094600 1136.9
1094610 1136.9
1094620 1139.7
1094630 1143.0
1094640 1145.5
1094650 1145.5
1094660 1145.3
1094670 1145.3
1094680 1145.3
1094690 1148.3
1094700 1150.3
1094710 1150.3
1094720 1151.5
1094730 1160.0
1094740 1160.0
1094750 1154.9
1094760 1145.4
1094770 1145.4
1094780 1142.4
1094790 1136.1
1094800 1136.1
1094810 1125.9
1094820 1117.2
1094830 1117.2
1094840 1111.1
1094850 1100.1
1094860 1100.1
1094870 1080.1
1094880 1052.3
1094890 1041.3
1094900 1041.3
1094910 1041.1
1094920 1035.2
1094930 1035.2
1094940 1026.8
1094950 1017.4
1094960 1017.4
1094970 1004.7
1094980 990.5
1094990 990.5
1095000 984.6
1095010 981.2
1095020 981.2
1095030 978.5
1095040 973.2
1095050 973.2
1095060 998.6
1095070 1012.5
1095080 1012.5
1095090 1005.8
1095100 996.4
1095110 990.8
1095120 990.8
1095130 984.7
1095140 983.1
1095150 983.1
1095160 989.1
1095170 991.4
1095180 991.4
1095190 992.0
1095200 995.3
1095210 995.3
1095220 1001.2
1095230 998.4
1095240 998.4
1095250 995.7
1095260 991.6
1095270 991.6
1095280 983.4
1095290 978.7
1095300 978.7
1095310 974.2
1095320 967.4
1095330 964.8
1095340 964.8
1095350 966.1
1095360 972.0
1095370 972.0
1095380 983.8
1095390 979.6
1095400 979.6
1095410 992.3
1095420 1002.2
1095430 1002.2
1095440 1013.2
1095450 1026.3
1095460 1026.3
1095470 1030.4
1095480 1030.5
1095490 1030.5
1095500 1030.4
1095510 1028.9
1095520 1028.9
1095530 1028.0
1095540 1025.6
1095550 1025.6
1095560 1019.8
1095570 1015.3
1095580 1015.7
1095590 1015.7
1095600 1016.3
1095610 1022.3
1095620 1022.3
1095630 1027.7
1095640 1031.1
1095650 1031.1
1095660 1030.6
1095670 1026.9
1095680 1026.9
1095690 1023.5
1095700 1020.2
1095710 1029.3
1095720 1025.4
1095730 1021.7
1095740 1021.7
1095750 1017.0
1095760 1010.8
1095770 1010.8
1095780 1003.9
1095790 997.3
1095800 991.3
1095810 991.3
1095820 984.7
1095830 978.2
1095840 978.2
1095850 972.5
1095860 967.2
1095870 967.2
1095880 962.7
1095890 957.1
1095900 957.1
1095910 949.0
1095920 940.8
1095930 940.8
1095940 932.6
1095950 925.1
1095960 925.1
1095970 920.4
1095980 916.0
1095990 916.0
1096000 911.3
1096010 906.7
1096020 906.7
1096030 901.8
1096040 901.0
1096050 894.8
1096060 894.8
1096070 887.9
1096080 880.1
1096090 880.1
1096100 872.6
1096110 865.5
1096120 865.5
1096130 858.8
1096140 854.0
1096150 854.0
1096160 850.8
1096170 842.9
1096180 842.9
1096190 833.0
1096200 824.1
1096210 824.1
1096220 815.4
1096230 809.9
1096240 809.9
1096250 804.9
1096260 801.2
1096270 796.5
1096280 796.5
1096290 792.0
1096300 788.5
1096310 788.5
1096320 785.7
1096330 784.9
1096340 784.9
1096350 783.6
1096360 773.6
1096370 773.6
1096380 774.9
1096390 773.1
1096400 773.1
1096410 768.9
1096420 761.8
1096430 761.8
1096440 755.2
1096450 751.8
1096460 751.8
1096470 751.8
1096480 752.3
1096490 753.2
1096500 753.2
1096510 753.3
1096520 753.1
1096530 753.1
1096540 752.2
1096550 749.8
1096560 749.8
1096570 745.7
1096580 744.4
1096590 744.4
1096600 743.6
1096610 742.8
1096620 742.8
1096630 744.9
1096640 745.3
1096650 745.3
1096660 744.9
1096670 744.1
1096680 744.1
1096690 741.8
1096700 740.9
1096710 740.9
1096720 739.4
1096730 738.1
1096740 736.9
1096750 736.9
1096760 735.2
1096770 734.0
1096780 734.0
1096790 732.7
1096800 731.3
1096810 731.3
1096820 729.8
1096830 727.7
1096840 727.7
1096850 725.5
1096860 724.0
1096870 724.0
1096880 722.7
1096890 721.8
1096900 721.8
1096910 720.2
1096920 719.0
1096930 719.0
1096940 717.8
1096950 717.2
1096960 716.5
1096970 716.5
1096980 717.2
1096990 717.3
1097000 717.3
1097010 714.7
1097020 714.5
1097030 714.5
1097040 712.6
1097050 710.4
1097060 710.4
1097070 708.5
1097080 706.9
1097090 706.9
1097100 705.7
1097110 704.7
1097120 704.7
1097130 703.6
1097140 702.4
1097150 702.4
1097160 701.4
1097170 700.4
1097180 699.5
1097190 699.5
1097200 698.5
1097210 697.3
1097220 697.3
1097230 696.3
1097240 695.3
1097250 695.3
1097260 694.3
1097270 693.4
1097280 693.4
1097290 692.7
1097300 691.5
1097310 691.5
1097320 690.2
1097330 689.1
1097340 688.7
1097350 687.7
1097360 686.5
1097370 686.5
1097380 685.6
1097390 684.6
1097400 684.6
1097410 683.7
1097420 682.6
1097430 681.6
1097440 681.6
1097450 680.7
1097460 680.8
1097470 680.8
1097480 680.0
1097490 678.1
1097500 678.1
1097510 677.7
1097520 676.9
1097530 676.9
1097540 675.0
1097550 674.4
1097560 674.4
1097570 673.7
1097580 672.9
1097590 672.9
1097600 672.1
1097610 671.2
1097620 671.2
1097630 670.5
1097640 669.5
1097650 668.6
1097660 668.6
1097670 667.6
1097680 666.5
1097690 666.5
1097700 665.6
1097710 664.4
1097720 664.4
1097730 663.4
1097740 662.5
1097750 662.5
1097760 661.6
1097770 661.0
1097780 661.0
1097790 660.5
1097800 659.4
1097810 659.4
1097820 657.9
1097830 656.7
1097840 656.7
1097850 656.6
1097860 655.2
1097870 655.2
1097880 654.1
1097890 654.0
1097900 653.6
1097910 653.6
1097920 651.6
1097930 650.3
1097940 650.3
1097950 649.4
1097960 648.6
1097970 648.6
1097980 648.1
1097990 647.7
1098000 647.5
1098010 647.5
1098020 645.4
1098030 645.4
1098040 645.0
1098050 644.8
1098060 644.8
1098070 644.0
1098080 643.2
1098090 643.2
1098100 642.2
1098110 641.6
1098120 641.0
1098130 641.0
1098140 640.4
1098150 639.6
1098160 639.6
1098170 633.7
1098180 628.9
1098190 628.9
1098200 628.1
1098210 628.0
1098220 628.0
1098230 628.9
1098240 628.1
1098250 628.1
1098260 627.6
1098270 625.4
1098280 625.4
1098290 625.0
1098300 625.1
1098310 625.1
1098320 626.3
1098330 627.3
1098340 627.1
1098350 627.1
1098360 629.5
1098370 630.0
1098380 630.0
1098390 629.2
1098400 629.0
1098410 629.0
1098420 628.9
1098430 628.7
1098440 628.7
1098450 628.6
1098460 628.6
1098470 628.6
1098480 628.5
1098490 628.5
1098500 628.5
1098510 628.5
1098520 628.7
1098530 628.7
1098540 628.9
1098550 629.9
1098560 629.9
1098570 630.0
1098580 629.9
1098590 629.5
1098600 629.5
1098610 629.3
1098620 630.2
1098630 630.2
1098640 630.2
1098650 629.8
1098660 630.0
1098670 629.3
1098680 629.0
1098690 629.0
1098700 629.5
1098710 634.8
1098720 634.8
1098730 643.9
1098740 652.4
1098750 652.4
1098760 659.3
1098770 663.6
1098780 663.6
1098790 668.1
1098800 673.6
1098810 679.6
1098820 679.6
1098830 685.4
1098840 690.7
1098850 690.7
1098860 696.4
1098870 703.7
1098880 703.7
1098890 709.7
1098900 714.3
1098910 714.3
1098920 719.0
1098930 724.4
1098940 724.4
1098950 730.1
1098960 736.2
1098970 736.2
1098980 742.5
1098990 750.2
1099000 750.2
1099010 756.8
1099020 760.1
1099030 760.1
1099040 764.3
1099050 770.0
1099060 777.7
1099070 777.7
1099080 784.3
1099090 791.6
1099100 791.6
1099110 797.8
1099120 804.4
1099130 804.4
1099140 808.9
1099150 809.7
1099160 809.7
1099170 812.0
1099180 814.8
1099190 814.8
1099200 818.8
1099210 823.0
1099220 823.0
1099230 827.9
1099240 831.7
1099250 831.7
1099260 834.8
1099270 838.4
1099280 842.7
1099290 842.7
1099300 843.8
1099310 843.5
1099320 843.5
1099330 845.7
1099340 847.5
1099350 847.5
1099360 848.5
1099370 850.1
1099380 850.1
1099390 851.6
1099400 854.1
1099410 854.1
1099420 857.5
1099430 860.4
1099440 860.4
1099450 862.8
1099460 865.3
1099470 865.3
1099480 866.7
1099490 868.2
1099500 872.5
1099510 872.5
1099520 875.8
1099530 879.0
1099540 879.0
1099550 881.0
1099560 886.1
1099570 886.1
1099580 892.9
1099590 894.0
1099600 894.0
1099610 897.0
1099620 898.9
1099630 898.9
1099640 900.2
1099650 901.8
1099660 901.8
1099670 904.6
1099680 908.4
1099690 908.4
1099700 911.7
1099710 915.0
1099720 915.0
1099730 919.0
1099740 923.8
1099750 928.1
1099760 928.1
1099770 931.4
1099780 935.0
1099790 935.0
1099800 938.8
1099810 941.8
1099820 941.8
1099830 944.3
1099840 947.2
1099850 947.2
1099860 951.6
1099870 953.4
1099880 953.4
1099890 954.0
1099900 956.6
1099910 956.6
1099920 959.8
1099930 963.8
1099940 963.8
1099950 968.0
1099960 972.2
1099970 971.7
1099980 971.7
1099990 974.5
