1080000 1900.5
1080010 1899.2
1080020 1899.2
1080030 1897.8
1080040 1898.4
1080050 1898.4
1080060 1897.1
1080070 1897.1
1080080 1897.1
1080090 1897.3
1080100 1896.3
1080110 1896.3
1080120 1893.8
1080130 1889.9
1080140 1889.9
1080150 1886.5
1080160 1882.4
1080170 1882.4
1080180 1878.5
1080190 1875.6
1080200 1875.6
1080210 1873.6
1080220 1870.7
1080230 1870.7
1080240 1867.8
1080250 1865.1
1080260 1862.2
1080270 1862.2
1080280 1858.9
1080290 1855.4
1080300 1855.4
1080310 1853.6
1080320 1851.8
1080330 1851.8
1080340 1848.8
1080350 1845.8
1080360 1847.0
1080370 1844.3
1080380 1841.5
1080390 1841.5
1080400 1840.2
1080410 1838.1
1080420 1838.1
1080430 1836.2
1080440 1836.3
1080450 1836.3
1080460 1836.2
1080470 1836.6
1080480 1837.7
1080490 1837.7
1080500 1839.1
1080510 1842.3
1080520 1842.3
1080530 1846.8
1080540 1850.2
1080550 1850.2
1080560 1853.5
1080570 1857.1
1080580 1857.1
1080590 1860.1
1080600 1862.5
1080610 1862.5
1080620 1865.1
1080630 1867.1
1080640 1867.1
1080650 1869.5
1080660 1870.9
1080670 1873.2
1080680 1872.0
1080690 1869.1
1080700 1869.1
1080710 1864.7
1080720 1861.0
1080730 1858.6
1080740 1858.6
1080750 1856.9
1080760 1854.3
1080770 1854.3
1080780 1851.3
1080790 1848.0
1080800 1848.0
1080810 1844.3
1080820 1840.2
1080830 1840.2
1080840 1836.4
1080850 1834.3
1080860 1834.3
1080870 1832.2
1080880 1829.1
1080890 1829.1
1080900 1826.5
1080910 1825.4
1080920 1825.4
1080930 1823.1
1080940 1820.7
1080950 1818.0
1080960 1818.0
1080970 1815.2
1080980 1813.3
1080990 1810.0
1081000 1808.0
1081010 1806.1
1081020 1806.1
1081030 1806.2
1081040 1806.6
1081050 1806.6
1081060 1806.4
1081070 1805.6
1081080 1805.6
1081090 1805.2
1081100 1806.6
1081110 1806.6
1081120 1808.8
1081130 1811.3
1081140 1811.3
1081150 1812.1
1081160 1812.4
1081170 1812.4
1081180 1813.2
1081190 1813.8
1081200 1814.2
1081210 1814.2
1081220 1814.9
1081230 1815.1
1081240 1815.1
1081250 1815.0
1081260 1814.2
1081270 1814.2
1081280 1814.2
1081290 1813.4
1081300 1805.2
1081310 1802.9
1081320 1801.1
1081330 1801.1
1081340 1801.0
1081350 1800.0
1081360 1800.0
1081370 1798.4
1081380 1799.9
1081390 1799.9
1081400 1801.9
1081410 1803.9
1081420 1804.0
1081430 1804.0
1081440 1802.1
1081450 1799.8
1081460 1799.8
1081470 1798.6
1081480 1796.1
1081490 1796.1
1081500 1792.1
1081510 1787.3
1081520 1787.3
1081530 1784.9
1081540 1784.1
1081550 1784.1
1081560 1782.0
1081570 1780.7
1081580 1780.7
1081590 1778.3
1081600 1775.0
1081610 1775.0
1081620 1768.8
1081630 1767.9
1081640 1765.8
1081650 1765.8
1081660 1762.1
1081670 1757.9
1081680 1757.9
1081690 1753.2
1081700 1747.7
1081710 1747.7
1081720 1742.4
1081730 1738.1
1081740 1738.1
1081750 1736.1
1081760 1732.8
1081770 1732.8
1081780 1729.6
1081790 1727.4
1081800 1727.4
1081810 1725.2
1081820 1722.8
1081830 1722.8
1081840 1720.7
1081850 1718.5
1081860 1718.5
1081870 1716.3
1081880 1713.8
1081890 1712.0
1081900 1712.0
1081910 1710.0
1081920 1708.5
1081930 1702.3
1081940 1700.4
1081950 1698.7
1081960 1698.7
1081970 1697.4
1081980 1697.0
1081990 1697.0
1082000 1697.2
1082010 1696.5
1082020 1696.5
1082030 1694.6
1082040 1692.1
1082050 1692.1
1082060 1688.2
1082070 1684.8
1082080 1684.8
1082090 1680.1
1082100 1675.2
1082110 1670.8
1082120 1670.8
1082130 1666.8
1082140 1663.0
1082150 1663.0
1082160 1658.6
1082170 1654.2
1082180 1654.2
1082190 1650.2
1082200 1645.9
1082210 1645.9
1082220 1640.8
1082230 1635.5
1082240 1635.5
1082250 1624.8
1082260 1619.3
1082270 1619.3
1082280 1614.2
1082290 1609.2
1082300 1609.2
1082310 1604.5
1082320 1600.3
1082330 1600.3
1082340 1595.5
1082350 1590.3
1082360 1586.0
1082370 1586.0
1082380 1582.4
1082390 1578.0
1082400 1578.0
1082410 1574.1
1082420 1570.1
1082430 1570.1
1082440 1565.0
1082450 1559.3
1082460 1559.3
1082470 1555.4
1082480 1553.5
1082490 1553.5
1082500 1551.4
1082510 1548.9
1082520 1548.9
1082530 1544.1
1082540 1538.2
1082550 1538.2
1082560 1527.7
1082570 1524.9
1082580 1523.0
1082590 1523.0
1082600 1521.7
1082610 1520.8
1082620 1520.8
1082630 1519.7
1082640 1517.7
1082650 1517.7
1082660 1514.8
1082670 1511.1
1082680 1511.1
1082690 1507.2
1082700 1503.3
1082710 1503.3
1082720 1500.1
1082730 1496.0
1082740 1496.0
1082750 1492.5
1082760 1490.2
1082770 1490.2
1082780 1489.6
1082790 1488.8
1082800 1488.8
1082810 1487.8
1082820 1487.0
1082830 1485.2
1082840 1485.2
1082850 1483.5
1082860 1482.1
1082870 1482.1
1082880 1473.6
1082890 1472.2
1082900 1472.2
1082910 1470.7
1082920 1468.6
1082930 1468.6
1082940 1464.5
1082950 1457.7
1082960 1457.7
1082970 1449.9
1082980 1443.4
1082990 1443.4
1083000 1437.3
1083010 1431.2
1083020 1431.2
1083030 1426.3
1083040 1420.2
1083050 1411.8
1083060 1411.8
1083070 1411.7
1083080 1413.7
1083090 1413.7
1083100 1411.8
1083110 1408.6
1083120 1408.6
1083130 1406.7
1083140 1401.8
1083150 1401.8
1083160 1392.8
1083170 1387.5
1083180 1387.5
1083190 1377.0
1083200 1373.1
1083210 1373.1
1083220 1376.4
1083230 1379.5
1083240 1379.5
1083250 1378.9
1083260 1381.0
1083270 1381.0
1083280 1383.3
1083290 1387.7
1083300 1388.9
1083310 1388.9
1083320 1386.2
1083330 1383.3
1083340 1383.3
1083350 1380.2
1083360 1376.8
1083370 1376.8
1083380 1373.8
1083390 1370.3
1083400 1370.3
1083410 1364.4
1083420 1359.2
1083430 1359.2
1083440 1352.1
1083450 1346.2
1083460 1346.2
1083470 1341.0
1083480 1336.6
1083490 1336.6
1083500 1331.5
1083510 1313.3
1083520 1306.7
1083530 1306.7
1083540 1298.3
1083550 1295.9
1083560 1295.9
1083570 1297.3
1083580 1292.6
1083590 1292.6
1083600 1282.4
1083610 1274.1
1083620 1274.1
1083630 1263.6
1083640 1254.9
1083650 1254.9
1083660 1249.1
1083670 1243.8
1083680 1243.8
1083690 1236.8
1083700 1229.8
1083710 1229.8
1083720 1222.7
1083730 1217.1
1083740 1217.1
1083750 1213.8
1083760 1208.9
1083770 1202.1
1083780 1202.1
1083790 1199.7
1083800 1198.7
1083810 1198.7
1083820 1194.6
1083830 1174.8
1083840 1174.8
1083850 1168.6
1083860 1163.1
1083870 1163.1
1083880 1157.9
1083890 1152.7
1083900 1152.7
1083910 1148.2
1083920 1144.5
1083930 1144.5
1083940 1141.4
1083950 1137.7
1083960 1137.7
1083970 1133.6
1083980 1129.2
1083990 1124.5
1084000 1124.5
1084010 1119.6
1084020 1114.5
1084030 1114.5
1084040 1108.8
1084050 1103.9
1084060 1103.9
1084070 1099.1
1084080 1094.5
1084090 1094.5
1084100 1089.2
1084110 1083.8
1084120 1083.8
1084130 1079.4
1084140 1074.7
1084150 1073.5
1084160 1069.3
1084170 1065.1
1084180 1065.1
1084190 1061.4
1084200 1058.0
1084210 1058.0
1084220 1054.8
1084230 1052.0
1084240 1048.5
1084250 1048.5
1084260 1045.9
1084270 1043.6
1084280 1043.6
1084290 1041.3
1084300 1039.6
1084310 1039.6
1084320 1036.6
1084330 1033.5
1084340 1033.5
1084350 1030.5
1084360 1027.1
1084370 1027.1
1084380 1024.2
1084390 1021.7
1084400 1021.7
1084410 1019.8
1084420 1018.8
1084430 1018.8
1084440 1017.6
1084450 1014.0
1084460 1006.6
1084470 1006.6
1084480 1003.7
1084490 1002.1
1084500 1002.1
1084510 1001.8
1084520 1001.3
1084530 1001.3
1084540 999.7
1084550 997.4
1084560 997.4
1084570 996.0
1084580 995.7
1084590 995.7
1084600 995.9
1084610 994.4
1084620 994.4
1084630 993.3
1084640 992.3
1084650 992.3
1084660 991.5
1084670 991.1
1084680 991.1
1084690 990.7
1084700 990.5
1084710 990.4
1084720 990.4
1084730 990.3
1084740 990.0
1084750 990.0
1084760 989.5
1084770 989.2
1084780 989.3
1084790 987.9
1084800 986.5
1084810 986.5
1084820 984.9
1084830 985.7
1084840 985.7
1084850 986.0
1084860 990.9
1084870 990.9
1084880 998.6
1084890 1001.8
1084900 1001.8
1084910 1003.4
1084920 1004.9
1084930 1006.5
1084940 1006.5
1084950 1008.0
1084960 1009.5
1084970 1009.5
1084980 1011.3
1084990 1012.7
1085000 1012.7
1085010 1015.3
1085020 1016.0
1085030 1016.0
1085040 1017.6
1085050 1019.5
1085060 1019.5
1085070 1021.1
1085080 1023.6
1085090 1023.6
1085100 1025.6
1085110 1027.7
1085120 1027.7
1085130 1029.9
1085140 1032.2
1085150 1032.2
1085160 1034.8
1085170 1037.5
1085180 1040.2
1085190 1040.2
1085200 1042.2
1085210 1043.7
1085220 1043.7
1085230 1045.4
1085240 1047.5
1085250 1047.5
1085260 1050.0
1085270 1052.2
1085280 1052.2
1085290 1054.2
1085300 1057.1
1085310 1057.1
1085320 1060.3
1085330 1062.8
1085340 1062.8
1085350 1065.5
1085360 1068.8
1085370 1068.8
1085380 1072.1
1085390 1074.6
1085400 1077.5
1085410 1077.5
1085420 1081.4
1085430 1084.3
1085440 1084.3
1085450 1088.8
1085460 1090.0
1085470 1090.0
1085480 1085.2
1085490 1084.0
1085500 1084.0
1085510 1089.5
1085520 1095.9
1085530 1095.9
1085540 1100.9
1085550 1106.4
1085560 1106.4
1085570 1117.0
1085580 1126.9
1085590 1126.9
1085600 1135.7
1085610 1145.1
1085620 1145.1
1085630 1153.9
1085640 1159.5
1085650 1166.0
1085660 1166.0
1085670 1179.0
1085680 1193.9
1085690 1193.9
1085700 1199.1
1085710 1191.7
1085720 1191.7
1085730 1200.7
1085740 1204.1
1085750 1204.1
1085760 1215.7
1085770 1235.0
1085780 1235.0
1085790 1237.9
1085800 1237.1
1085810 1237.1
1085820 1230.8
1085830 1223.3
1085840 1223.3
1085850 1215.9
1085860 1205.3
1085870 1194.2
1085880 1194.2
1085890 1189.4
1085900 1185.9
1085910 1185.9
1085920 1183.7
1085930 1185.4
1085940 1185.4
1085950 1189.2
1085960 1192.9
1085970 1192.9
1085980 1197.5
1085990 1204.5
1086000 1204.5
1086010 1211.6
1086020 1219.2
1086030 1219.2
1086040 1227.6
1086050 1237.8
1086060 1237.8
1086070 1248.8
1086080 1266.2
1086090 1266.2
1086100 1277.3
1086110 1304.1
1086120 1344.9
1086130 1344.9
1086140 1360.4
1086150 1366.8
1086160 1366.8
1086170 1365.4
1086180 1360.2
1086190 1360.2
1086200 1349.8
1086210 1338.8
1086220 1338.8
1086230 1311.4
1086240 1301.5
1086250 1301.5
1086260 1294.3
1086270 1280.7
1086280 1280.7
1086290 1286.0
1086300 1288.4
1086310 1288.4
1086320 1295.6
1086330 1309.0
1086340 1320.9
1086350 1320.9
1086360 1328.9
1086370 1339.8
1086380 1339.8
1086390 1348.4
1086400 1366.8
1086410 1366.8
1086420 1385.7
1086430 1419.8
1086440 1419.8
1086450 1447.1
1086460 1453.6
1086470 1453.6
1086480 1447.2
1086490 1451.6
1086500 1451.6
1086510 1463.8
1086520 1490.5
1086530 1490.5
1086540 1519.1
1086550 1541.2
1086560 1541.2
1086570 1554.4
1086580 1563.6
1086590 1571.3
1086600 1571.3
1086610 1580.3
1086620 1588.4
1086630 1588.4
1086640 1592.9
1086650 1595.0
1086660 1595.0
1086670 1591.0
1086680 1593.4
1086690 1598.8
1086700 1611.2
1086710 1625.6
1086720 1625.6
1086730 1632.0
1086740 1634.0
1086750 1634.0
1086760 1632.3
1086770 1630.8
1086780 1630.8
1086790 1631.0
1086800 1624.7
1086810 1638.3
1086820 1638.3
1086830 1650.8
1086840 1656.8
1086850 1656.8
1086860 1659.6
1086870 1665.8
1086880 1665.8
1086890 1677.8
1086900 1674.6
1086910 1674.6
1086920 1682.9
1086930 1691.8
1086940 1691.8
1086950 1690.5
1086960 1686.5
1086970 1686.5
1086980 1694.9
1086990 1702.0
1087000 1702.0
1087010 1710.2
1087020 1721.2
1087030 1721.2
1087040 1730.3
1087050 1739.3
1087060 1753.3
1087070 1753.3
1087080 1770.4
1087090 1795.2
1087100 1795.2
1087110 1814.7
1087120 1825.2
1087130 1825.2
1087140 1833.1
1087150 1847.6
1087160 1847.6
1087170 1877.7
1087180 1902.8
1087190 1902.8
1087200 1920.3
1087210 1921.8
1087220 1921.8
1087230 1918.0
1087240 1922.0
1087250 1922.0
1087260 1921.9
1087270 1930.7
1087280 1934.5
1087290 1934.5
1087300 1938.8
1087310 1947.7
1087320 1947.7
1087330 1973.8
1087340 1980.0
1087350 1980.0
1087360 1975.3
1087370 1967.6
1087380 1967.6
1087390 1958.2
1087400 1947.3
1087410 1947.3
1087420 1936.7
1087430 1926.0
1087440 1926.0
1087450 1915.9
1087460 1907.8
1087470 1907.8
1087480 1899.9
1087490 1892.9
1087500 1892.9
1087510 1886.2
1087520 1881.2
1087530 1877.6
1087540 1877.6
1087550 1874.1
1087560 1871.5
1087570 1871.5
1087580 1863.4
1087590 1857.1
1087600 1857.1
1087610 1854.3
1087620 1856.1
1087630 1856.1
1087640 1865.7
1087650 1851.5
1087660 1851.5
1087670 1836.5
1087680 1828.6
1087690 1828.6
1087700 1821.7
1087710 1790.8
1087720 1790.8
1087730 1767.8
1087740 1758.5
1087750 1748.7
1087760 1748.7
1087770 1739.4
1087780 1731.8
1087790 1731.8
1087800 1723.8
1087810 1715.2
1087820 1715.2
1087830 1707.4
1087840 1698.4
1087850 1698.4
1087860 1688.9
1087870 1679.8
1087880 1679.8
1087890 1671.6
1087900 1662.9
1087910 1662.9
1087920 1654.5
1087930 1645.0
1087940 1645.0
1087950 1636.2
1087960 1627.6
1087970 1632.2
1087980 1623.9
1087990 1617.0
1088000 1609.3
1088010 1609.3
1088020 1600.5
1088030 1589.7
1088040 1589.7
1088050 1578.5
1088060 1567.4
1088070 1567.4
1088080 1557.3
1088090 1546.9
1088100 1546.9
1088110 1535.5
1088120 1521.5
1088130 1521.5
1088140 1510.5
1088150 1518.2
1088160 1518.2
1088170 1513.3
1088180 1500.8
1088190 1500.8
1088200 1485.1
1088210 1474.7
1088220 1464.2
1088230 1464.2
1088240 1454.6
1088250 1444.9
1088260 1444.9
1088270 1435.8
1088280 1426.6
1088290 1424.7
1088300 1414.7
1088310 1404.5
1088320 1404.5
1088330 1395.1
1088340 1388.4
1088350 1388.4
1088360 1382.5
1088370 1375.2
1088380 1375.2
1088390 1368.4
1088400 1361.7
1088410 1361.7
1088420 1355.1
1088430 1348.7
1088440 1348.7
1088450 1342.4
1088460 1335.9
1088470 1329.7
1088480 1329.7
1088490 1323.7
1088500 1318.2
1088510 1318.2
1088520 1313.3
1088530 1308.8
1088540 1308.8
1088550 1304.4
1088560 1300.3
1088570 1300.3
1088580 1296.6
1088590 1294.0
1088600 1294.0
1088610 1292.7
1088620 1291.1
1088630 1291.1
1088640 1289.5
1088650 1288.7
1088660 1288.7
1088670 1289.9
1088680 1288.8
1088690 1285.8
1088700 1285.8
1088710 1285.0
1088720 1285.3
1088730 1285.3
1088740 1286.0
1088750 1286.5
1088760 1286.5
1088770 1285.8
1088780 1288.5
1088790 1288.5
1088800 1291.8
1088810 1295.4
1088820 1295.4
1088830 1302.8
1088840 1310.0
1088850 1310.0
1088860 1318.0
1088870 1326.1
1088880 1326.1
1088890 1333.8
1088900 1341.0
1088910 1348.2
1088920 1348.2
1088930 1354.8
1088940 1361.9
1088950 1361.9
1088960 1368.0
1088970 1374.2
1088980 1374.2
1088990 1380.2
1089000 1386.3
1089010 1386.3
1089020 1393.5
1089030 1401.2
1089040 1401.2
1089050 1409.9
1089060 1419.9
1089070 1419.9
1089080 1429.9
1089090 1436.3
1089100 1436.3
1089110 1445.3
1089120 1453.7
1089130 1453.7
1089140 1462.0
1089150 1469.9
1089160 1478.1
1089170 1478.1
1089180 1488.4
1089190 1497.8
1089200 1497.8
1089210 1505.7
1089220 1515.7
1089230 1515.7
1089240 1527.5
1089250 1540.1
1089260 1540.1
1089270 1551.7
1089280 1562.4
1089290 1562.4
1089300 1579.5
1089310 1595.8
1089320 1595.8
1089330 1617.0
1089340 1629.7
1089350 1629.7
1089360 1636.9
1089370 1648.1
1089380 1669.5
1089390 1669.5
1089400 1688.6
1089410 1700.1
1089420 1700.1
1089430 1714.3
1089440 1723.8
1089450 1723.8
1089460 1739.6
1089470 1752.4
1089480 1752.4
1089490 1764.6
1089500 1769.1
1089510 1769.1
1089520 1766.5
1089530 1766.9
1089540 1766.9
1089550 1768.2
1089560 1770.6
1089570 1766.5
1089580 1766.1
1089590 1761.7
1089600 1761.7
1089610 1764.1
1089620 1772.0
1089630 1778.1
1089640 1778.1
1089650 1782.6
1089660 1787.3
1089670 1787.3
1089680 1793.4
1089690 1800.4
1089700 1800.4
1089710 1808.3
1089720 1813.4
1089730 1813.4
1089740 1817.8
1089750 1822.6
1089760 1822.6
1089770 1827.2
1089780 1830.4
1089790 1830.4
1089800 1832.3
1089810 1835.1
1089820 1835.1
1089830 1837.7
1089840 1840.8
1089850 1842.0
1089860 1842.0
1089870 1837.0
1089880 1836.6
1089890 1834.3
1089900 1846.4
1089910 1859.9
1089920 1859.9
1089930 1871.5
1089940 1880.1
1089950 1880.1
1089960 1889.2
1089970 1898.7
1089980 1898.7
1089990 1905.2
1090000 1909.9
1090010 1909.9
1090020 1917.2
1090030 1924.8
1090040 1924.8
1090050 1930.0
1090060 1934.6
1090070 1934.6
1090080 1939.2
1090090 1945.5
1090100 1950.9
1090110 1950.9
1090120 1955.6
1090130 1961.7
1090140 1961.7
1090150 1969.1
1090160 1976.6
1090170 1976.6
1090180 1984.0
1090190 1991.3
1090200 1991.3
1090210 1999.1
1090220 2008.0
1090230 2008.0
1090240 2015.7
1090250 2023.5
1090260 2023.5
1090270 2030.9
1090280 2038.2
1090290 2038.2
1090300 2045.8
1090310 2052.6
1090320 2060.9
1090330 2060.9
1090340 2072.2
1090350 2092.6
1090360 2092.6
1090370 2113.0
1090380 2130.9
1090390 2130.9
1090400 2147.5
1090410 2158.9
1090420 2158.9
1090430 2170.1
1090440 2180.1
1090450 2180.1
1090460 2184.5
1090470 2190.3
1090480 2190.3
1090490 2196.8
1090500 2204.6
1090510 2204.6
1090520 2218.4
1090530 2234.3
1090540 2254.3
1090550 2256.8
1090560 2261.5
1090570 2268.7
1090580 2268.7
1090590 2274.9
1090600 2277.8
1090610 2277.8
1090620 2281.4
1090630 2286.5
1090640 2286.5
1090650 2292.1
1090660 2296.8
1090670 2296.8
1090680 2298.8
1090690 2301.6
1090700 2301.6
1090710 2308.1
1090720 2315.5
1090730 2315.5
1090740 2321.7
1090750 2326.6
1090760 2326.6
1090770 2330.5
1090780 2329.9
1090790 2324.6
1090800 2324.6
1090810 2318.1
1090820 2309.3
1090830 2309.3
1090840 2299.8
1090850 2259.4
1090860 2250.4
1090870 2221.1
1090880 2213.9
1090890 2213.9
1090900 2207.1
1090910 2200.8
1090920 2200.8
1090930 2194.7
1090940 2188.9
1090950 2188.9
1090960 2183.6
1090970 2177.2
1090980 2177.2
1090990 2171.7
1091000 2168.5
1091010 2168.5
1091020 2165.3
1091030 2160.0
1091040 2156.3
1091050 2156.3
1091060 2153.5
1091070 2148.7
1091080 2148.7
1091090 2143.9
1091100 2140.1
1091110 2140.1
1091120 2138.4
1091130 2137.5
1091140 2137.5
1091150 2137.2
1091160 2136.8
1091170 2136.8
1091180 2143.0
1091190 2141.7
1091200 2141.7
1091210 2140.0
1091220 2139.5
1091230 2139.5
1091240 2139.7
1091250 2138.0
1091260 2137.1
1091270 2137.1
1091280 2135.4
1091290 2132.3
1091300 2132.3
1091310 2127.9
1091320 2122.1
1091330 2122.1
1091340 2115.8
1091350 2109.5
1091360 2109.5
1091370 2103.1
1091380 2096.6
1091390 2096.6
1091400 2090.2
1091410 2084.0
1091420 2084.0
1091430 2077.4
1091440 2070.8
1091450 2070.8
1091460 2064.2
1091470 2057.5
1091480 2057.5
1091490 2050.9
1091500 2044.5
1091510 2041.8
1091520 2041.8
1091530 2036.5
1091540 2031.6
1091550 2031.6
1091560 2027.2
1091570 2022.4
1091580 2022.4
1091590 2017.2
1091600 2012.1
1091610 2012.1
1091620 2008.2
1091630 2005.5
1091640 2005.5
1091650 2001.9
1091660 1997.2
1091670 1997.2
1091680 1993.9
1091690 1991.2
1091700 1991.2
1091710 1987.8
1091720 1984.7
1091730 1982.1
1091740 1982.1
1091750 1979.8
1091760 1979.8
1091770 1979.8
1091780 1979.7
1091790 1979.6
1091800 1979.6
1091810 1978.9
1091820 1977.7
1091830 1979.8
1091840 1978.0
1091850 1976.4
1091860 1976.4
1091870 1975.4
1091880 1974.5
1091890 1974.5
1091900 1977.2
1091910 1979.6
1091920 1979.6
1091930 1982.1
1091940 1983.7
1091950 1983.7
1091960 1985.3
1091970 1991.0
1091980 1995.7
1091990 1995.7
1092000 2001.4
1092010 2009.0
1092020 2009.0
1092030 2014.3
1092040 2016.8
1092050 2016.8
1092060 2019.3
1092070 2020.9
1092080 2020.9
1092090 2020.7
1092100 2021.2
1092110 2021.2
1092120 2023.7
1092130 2026.4
1092140 2026.4
1092150 2028.2
1092160 2031.1
1092170 2031.1
1092180 2033.7
1092190 2036.5
1092200 2038.4
1092210 2038.4
1092220 2039.4
1092230 2041.8
1092240 2041.8
1092250 2045.5
1092260 2049.7
1092270 2049.7
1092280 2054.8
1092290 2059.6
1092300 2059.6
1092310 2063.0
1092320 2065.3
1092330 2065.3
1092340 2067.3
1092350 2068.5
1092360 2068.5
1092370 2067.6
1092380 2066.1
1092390 2066.1
1092400 2064.2
1092410 2063.0
1092420 2063.0
1092430 2062.3
1092440 2063.5
1092450 2064.6
1092460 2064.6
1092470 2065.4
1092480 2066.0
1092490 2066.0
1092500 2069.9
1092510 2074.4
1092520 2074.4
1092530 2078.2
1092540 2081.7
1092550 2081.7
1092560 2084.0
1092570 2086.4
1092580 2086.4
1092590 2088.7
1092600 2091.3
1092610 2091.3
1092620 2094.8
1092630 2098.1
1092640 2098.1
1092650 2101.3
1092660 2105.0
1092670 2109.5
1092680 2109.5
1092690 2114.6
1092700 2121.9
1092710 2121.9
1092720 2129.4
1092730 2135.9
1092740 2135.9
1092750 2143.0
1092760 2151.5
1092770 2151.5
1092780 2165.1
1092790 2173.6
1092800 2172.4
1092810 2162.8
1092820 2147.5
1092830 2147.5
1092840 2134.8
1092850 2123.9
1092860 2123.9
1092870 2121.2
1092880 2117.7
1092890 2117.7
1092900 2113.4
1092910 2109.7
1092920 2110.1
1092930 2110.1
1092940 2105.8
1092950 2104.2
1092960 2104.2
1092970 2102.8
1092980 2102.3
1092990 2102.3
1093000 2101.6
1093010 2099.8
1093020 2099.8
1093030 2094.5
1093040 2090.4
1093050 2090.4
1093060 2087.2
1093070 2082.4
1093080 2082.4
1093090 2079.1
1093100 2077.9
1093110 2077.9
1093120 2083.7
1093130 2086.2
1093140 2095.8
1093150 2095.8
1093160 2099.3
1093170 2095.1
1093180 2095.1
1093190 2083.8
1093200 2082.3
1093210 2082.3
1093220 2080.1
1093230 2076.9
1093240 2076.9
1093250 2073.0
1093260 2069.6
1093270 2069.6
1093280 2069.2
1093290 2068.5
1093300 2068.5
1093310 2055.2
1093320 2041.7
1093330 2041.7
1093340 2033.5
1093350 2029.0
1093360 2034.7
1093370 2034.7
1093380 2039.5
1093390 2039.9
1093400 2039.9
1093410 2039.4
1093420 2033.8
1093430 2033.8
1093440 2028.4
1093450 2017.3
1093460 2017.3
1093470 2007.7
1093480 1990.9
1093490 1990.9
1093500 1974.0
1093510 1958.2
1093520 1958.2
1093530 1958.5
1093540 1968.7
1093550 1968.7
1093560 1974.7
1093570 1979.5
1093580 1979.5
1093590 1981.8
1093600 1984.4
1093610 1991.1
1093620 1991.1
1093630 1997.9
1093640 1998.6
1093650 1998.6
1093660 1993.4
1093670 1987.1
1093680 1987.1
1093690 1984.1
1093700 1977.8
1093710 1977.8
1093720 1972.2
1093730 1965.8
1093740 1965.8
1093750 1957.9
1093760 1950.8
1093770 1947.6
1093780 1941.5
1093790 1930.9
1093800 1930.9
1093810 1924.8
1093820 1922.6
1093830 1915.6
1093840 1915.6
1093850 1909.0
1093860 1906.1
1093870 1906.1
1093880 1903.6
1093890 1900.1
1093900 1900.1
1093910 1893.9
1093920 1889.0
1093930 1889.0
1093940 1885.6
1093950 1881.8
1093960 1881.8
1093970 1877.5
1093980 1871.2
1093990 1871.2
1094000 1861.3
1094010 1852.9
1094020 1852.9
1094030 1847.6
1094040 1843.0
1094050 1843.0
1094060 1837.9
1094070 1830.8
1094080 1823.9
1094090 1823.9
1094100 1811.3
1094110 1803.5
1094120 1803.5
1094130 1795.6
1094140 1785.9
1094150 1785.9
1094160 1777.4
1094170 1770.1
1094180 1770.1
1094190 1765.4
1094200 1759.2
1094210 1759.2
1094220 1749.9
1094230 1737.6
1094240 1737.6
1094250 1722.4
1094260 1707.0
1094270 1707.0
1094280 1690.4
1094290 1678.5
1094300 1656.8
1094310 1656.8
1094320 1640.8
1094330 1632.8
1094340 1632.8
1094350 1620.0
1094360 1606.7
1094370 1606.7
1094380 1598.2
1094390 1587.1
1094400 1587.1
1094410 1563.9
1094420 1559.2
1094430 1559.2
1094440 1555.4
1094450 1540.4
1094460 1540.4
1094470 1530.6
1094480 1524.5
1094490 1524.5
1094500 1522.0
1094510 1515.7
1094520 1515.7
1094530 1510.6
1094540 1505.5
1094550 1492.8
1094560 1492.8
1094570 1471.0
1094580 1446.7
1094590 1446.7
1094600 1424.0
1094610 1405.5
1094620 1405.5
1094630 1392.1
1094640 1356.4
1094650 1356.4
1094660 1337.5
1094670 1314.3
1094680 1314.3
1094690 1280.1
1094700 1275.9
1094710 1275.9
1094720 1278.0
1094730 1280.2
1094740 1280.2
1094750 1286.1
1094760 1282.8
1094770 1279.8
1094780 1279.8
1094790 1275.4
1094800 1270.3
1094810 1270.3
1094820 1264.8
1094830 1258.8
1094840 1258.8
1094850 1252.3
1094860 1244.8
1094870 1244.8
1094880 1231.7
1094890 1219.5
1094900 1219.5
1094910 1210.9
1094920 1202.8
1094930 1202.8
1094940 1191.8
1094950 1181.4
1094960 1181.4
1094970 1171.0
1094980 1158.1
1094990 1158.1
1095000 1144.1
1095010 1133.9
1095020 1127.2
1095030 1127.2
1095040 1124.9
1095050 1122.3
1095060 1122.3
1095070 1115.1
1095080 1102.5
1095090 1102.5
1095100 1097.6
1095110 1100.4
1095120 1100.4
1095130 1103.1
1095140 1110.2
1095150 1110.2
1095160 1113.1
1095170 1106.8
1095180 1106.8
1095190 1099.7
1095200 1093.6
1095210 1093.6
1095220 1069.4
1095230 1060.3
1095240 1053.5
1095250 1053.5
1095260 1051.1
1095270 1052.4
1095280 1052.4
1095290 1050.6
1095300 1054.2
1095310 1054.2
1095320 1055.1
1095330 1067.7
1095340 1067.7
1095350 1092.7
1095360 1109.4
1095370 1109.4
1095380 1093.9
1095390 1072.5
1095400 1080.1
1095410 1081.6
1095420 1084.8
1095430 1084.8
1095440 1089.7
1095450 1101.6
1095460 1101.6
1095470 1110.3
1095480 1119.5
1095490 1132.0
1095500 1132.0
1095510 1136.5
1095520 1130.5
1095530 1130.5
1095540 1124.8
1095550 1118.9
1095560 1118.9
1095570 1113.0
1095580 1107.8
1095590 1107.8
1095600 1103.6
1095610 1100.2
1095620 1100.2
1095630 1096.9
1095640 1092.6
1095650 1092.6
1095660 1086.0
1095670 1080.5
1095680 1080.5
1095690 1074.5
1095700 1070.7
1095710 1066.3
1095720 1066.3
1095730 1063.1
1095740 1057.8
1095750 1057.8
1095760 1053.0
1095770 1045.3
1095780 1045.3
1095790 1043.7
1095800 1044.4
1095810 1044.4
1095820 1041.2
1095830 1031.5
1095840 1031.5
1095850 1027.8
1095860 1026.7
1095870 1026.7
1095880 1023.2
1095890 1019.8
1095900 1019.8
1095910 1017.4
1095920 1015.5
1095930 1015.5
1095940 1011.9
1095950 1005.1
1095960 994.7
1095970 994.7
1095980 985.6
1095990 975.9
1096000 975.9
1096010 966.9
1096020 959.6
1096030 959.6
1096040 951.6
1096050 940.8
1096060 940.8
1096070 936.4
1096080 936.4
1096090 936.4
1096100 932.2
1096110 921.0
1096120 921.0
1096130 903.7
1096140 890.6
1096150 890.6
1096160 881.8
1096170 873.5
1096180 865.7
1096190 865.7
1096200 857.9
1096210 850.1
1096220 850.1
1096230 841.5
1096240 829.3
1096250 829.3
1096260 818.8
1096270 810.0
1096280 810.0
1096290 796.0
1096300 784.5
1096310 784.5
1096320 776.0
1096330 769.0
1096340 769.0
1096350 765.2
1096360 753.3
1096370 753.3
1096380 745.7
1096390 739.8
1096400 739.8
1096410 734.0
1096420 728.3
1096430 722.5
1096440 722.5
1096450 717.2
1096460 713.2
1096470 713.2
1096480 710.6
1096490 709.0
1096500 709.0
1096510 708.4
1096520 707.4
1096530 707.4
1096540 707.3
1096550 706.1
1096560 706.1
1096570 704.9
1096580 704.4
1096590 704.4
1096600 703.5
1096610 702.3
1096620 702.3
1096630 701.5
1096640 700.7
1096650 699.8
1096660 699.8
1096670 698.8
1096680 696.9
1096690 696.9
1096700 696.1
1096710 694.4
1096720 694.4
1096730 692.9
1096740 693.1
1096750 693.1
1096760 692.6
1096770 691.7
1096780 691.7
1096790 690.9
1096800 690.3
1096810 690.3
1096820 689.7
1096830 688.6
1096840 688.6
1096850 687.9
1096860 687.2
1096870 686.0
1096880 686.0
1096890 684.5
1096900 683.2
1096910 683.2
1096920 682.0
1096930 680.9
1096940 680.9
1096950 679.6
1096960 678.7
1096970 678.7
1096980 678.2
1096990 677.6
1097000 677.6
1097010 676.2
1097020 675.5
1097030 676.1
1097040 674.2
1097050 672.3
1097060 672.3
1097070 671.2
1097080 670.9
1097090 670.9
1097100 669.7
1097110 667.7
1097120 667.1
1097130 667.1
1097140 666.1
1097150 664.9
1097160 664.9
1097170 664.0
1097180 662.9
1097190 662.9
1097200 661.9
1097210 660.8
1097220 660.8
1097230 659.9
1097240 659.1
1097250 659.1
1097260 657.7
1097270 656.4
1097280 656.4
1097290 655.0
1097300 653.9
1097310 653.9
1097320 652.6
1097330 651.5
1097340 650.5
1097350 650.5
1097360 649.6
1097370 648.5
1097380 648.5
1097390 647.3
1097400 646.4
1097410 646.4
1097420 646.2
1097430 645.6
1097440 645.6
1097450 645.0
1097460 644.2
1097470 644.2
1097480 642.6
1097490 642.0
1097500 642.0
1097510 641.0
1097520 640.3
1097530 640.3
1097540 640.3
1097550 638.4
1097560 638.4
1097570 637.4
1097580 637.3
1097590 636.6
1097600 636.6
1097610 635.4
1097620 634.5
1097630 634.5
1097640 633.4
1097650 632.4
1097660 632.4
1097670 632.1
1097680 631.7
1097690 630.8
1097700 630.1
1097710 629.5
1097720 629.5
1097730 625.4
1097740 623.6
1097750 623.6
1097760 622.8
1097770 622.2
1097780 622.2
1097790 621.6
1097800 620.9
1097810 620.5
1097820 620.5
1097830 620.5
1097840 620.3
1097850 620.3
1097860 620.3
1097870 620.2
1097880 620.2
1097890 620.6
1097900 620.8
1097910 620.8
1097920 617.6
1097930 615.5
1097940 615.5
1097950 618.4
1097960 621.0
1097970 621.0
1097980 620.5
1097990 620.8
1098000 620.8
1098010 620.8
1098020 621.1
1098030 621.1
1098040 620.8
1098050 620.6
1098060 620.5
1098070 620.5
1098080 620.3
1098090 620.2
1098100 620.2
1098110 620.2
1098120 620.6
1098130 620.6
1098140 620.9
1098150 620.9
1098160 620.9
1098170 620.9
1098180 621.0
1098190 621.0
1098200 621.1
1098210 621.1
1098220 621.1
1098230 620.9
1098240 620.8
1098250 620.8
1098260 620.8
1098270 620.7
1098280 620.9
1098290 620.9
1098300 621.0
1098310 621.1
1098320 621.1
1098330 621.3
1098340 622.4
1098350 622.3
1098360 622.6
1098370 622.6
1098380 622.6
1098390 622.5
1098400 622.5
1098410 622.5
1098420 622.8
1098430 623.1
1098440 623.1
1098450 623.4
1098460 623.6
1098470 623.6
1098480 623.9
1098490 624.2
1098500 624.2
1098510 624.7
1098520 625.8
1098530 627.0
1098540 627.0
1098550 628.0
1098560 629.1
1098570 629.1
1098580 630.6
1098590 632.5
1098600 632.5
1098610 633.9
1098620 636.2
1098630 636.2
1098640 638.8
1098650 639.0
1098660 639.0
1098670 640.0
1098680 641.5
1098690 641.5
1098700 643.9
1098710 647.8
1098720 647.8
1098730 651.8
1098740 657.4
1098750 663.2
1098760 663.2
1098770 667.5
1098780 672.1
1098790 672.1
1098800 675.2
1098810 677.1
1098820 677.1
1098830 680.2
1098840 682.9
1098850 682.9
1098860 686.3
1098870 689.3
1098880 689.3
1098890 690.4
1098900 690.5
1098910 690.5
1098920 691.7
1098930 691.6
1098940 691.6
1098950 696.1
1098960 702.3
1098970 702.3
1098980 709.3
1098990 715.3
1099000 725.1
1099010 725.1
1099020 731.6
1099030 739.5
1099040 739.5
1099050 747.8
1099060 757.3
1099070 757.3
1099080 769.2
1099090 781.3
1099100 781.3
1099110 786.6
1099120 791.8
1099130 791.8
1099140 797.3
1099150 803.5
1099160 803.5
1099170 811.1
1099180 818.6
1099190 818.6
1099200 823.2
1099210 826.6
1099220 829.9
1099230 829.9
1099240 834.5
1099250 838.9
1099260 838.9
1099270 844.2
1099280 849.1
1099290 849.1
1099300 852.8
1099310 853.0
1099320 853.0
1099330 844.3
1099340 845.7
1099350 845.7
1099360 845.4
1099370 845.7
1099380 845.7
1099390 848.0
1099400 850.5
1099410 850.5
1099420 853.6
1099430 857.8
1099440 863.8
1099450 863.8
1099460 872.0
1099470 885.1
1099480 885.1
1099490 893.1
1099500 898.8
1099510 898.8
1099520 903.4
1099530 905.7
1099540 905.7
1099550 911.7
1099560 914.6
1099570 914.6
1099580 929.8
1099590 945.7
1099600 945.7
1099610 954.6
1099620 959.6
1099630 959.6
1099640 965.9
1099650 971.9
1099660 972.0
1099670 980.2
1099680 987.1
1099690 992.3
1099700 992.3
1099710 994.4
1099720 993.2
1099730 993.2
1099740 991.0
1099750 994.6
1099760 994.6
1099770 1001.8
1099780 1007.6
1099790 1007.6
1099800 1013.9
1099810 1018.9
1099820 1018.9
1099830 1024.6
1099840 1030.7
1099850 1030.7
1099860 1036.9
1099870 1043.4
1099880 1043.4
1099890 1050.2
1099900 1056.9
1099910 1063.6
1099920 1063.6
1099930 1069.9
1099940 1076.0
1099950 1076.0
1099960 1081.2
1099970 1086.4
1099980 1086.4
1099990 1092.0
