1080000 1770.3
1080010 1770.3
1080020 1769.2
1080030 1768.0
1080040 1766.9
1080050 1766.9
1080060 1765.7
1080070 1765.0
1080080 1765.0
1080090 1765.4
1080100 1765.3
1080110 1765.3
1080120 1765.0
1080130 1764.5
1080140 1764.5
1080150 1763.5
1080160 1762.1
1080170 1762.1
1080180 1761.5
1080190 1761.3
1080200 1761.3
1080210 1760.7
1080220 1757.0
1080230 1757.0
1080240 1756.3
1080250 1756.2
1080260 1755.2
1080270 1755.2
1080280 1754.5
1080290 1754.2
1080300 1754.2
1080310 1753.5
1080320 1753.1
1080330 1753.1
1080340 1752.0
1080350 1751.9
1080360 1751.9
1080370 1751.7
1080380 1751.5
1080390 1751.5
1080400 1751.1
1080410 1751.4
1080420 1751.4
1080430 1751.4
1080440 1752.0
1080450 1752.0
1080460 1752.7
1080470 1753.8
1080480 1753.8
1080490 1754.7
1080500 1754.8
1080510 1755.5
1080520 1755.5
1080530 1751.2
1080540 1750.2
1080550 1750.2
1080560 1749.1
1080570 1749.8
1080580 1749.8
1080590 1749.9
1080600 1749.4
1080610 1749.4
1080620 1748.9
1080630 1748.6
1080640 1748.6
1080650 1747.8
1080660 1747.6
1080670 1747.6
1080680 1747.9
1080690 1747.6
1080700 1747.6
1080710 1749.0
1080720 1750.1
1080730 1751.0
1080740 1751.0
1080750 1752.1
1080760 1751.9
1080770 1751.9
1080780 1751.8
1080790 1751.8
1080800 1751.8
1080810 1751.6
1080820 1751.8
1080830 1751.8
1080840 1751.7
1080850 1748.8
1080860 1748.8
1080870 1748.6
1080880 1748.0
1080890 1748.0
1080900 1747.3
1080910 1746.4
1080920 1746.4
1080930 1745.6
1080940 1744.6
1080950 1744.6
1080960 1743.2
1080970 1741.5
1080980 1739.9
1080990 1739.9
1081000 1737.8
1081010 1734.6
1081020 1734.6
1081030 1728.3
1081040 1720.2
1081050 1720.2
1081060 1712.2
1081070 1708.3
1081080 1708.3
1081090 1705.4
1081100 1702.7
1081110 1702.7
1081120 1700.4
1081130 1698.1
1081140 1698.1
1081150 1694.3
1081160 1690.1
1081170 1690.1
1081180 1686.6
1081190 1682.3
1081200 1677.0
1081210 1677.0
1081220 1671.2
1081230 1665.7
1081240 1665.7
1081250 1661.1
1081260 1656.9
1081270 1656.9
1081280 1654.0
1081290 1651.9
1081300 1651.9
1081310 1649.6
1081320 1647.1
1081330 1647.1
1081340 1644.8
1081350 1642.1
1081360 1642.1
1081370 1639.5
1081380 1639.7
1081390 1639.7
1081400 1639.0
1081410 1637.6
1081420 1637.6
1081430 1634.6
1081440 1631.2
1081450 1629.2
1081460 1629.2
1081470 1628.1
1081480 1625.4
1081490 1625.4
1081500 1625.9
1081510 1626.3
1081520 1626.3
1081530 1626.1
1081540 1626.1
1081550 1626.1
1081560 1626.1
1081570 1625.9
1081580 1625.9
1081590 1625.1
1081600 1624.2
1081610 1624.2
1081620 1623.4
1081630 1622.7
1081640 1622.7
1081650 1622.2
1081660 1621.8
1081670 1621.7
1081680 1621.7
1081690 1621.0
1081700 1618.5
1081710 1618.5
1081720 1615.3
1081730 1613.2
1081740 1613.2
1081750 1611.5
1081760 1609.7
1081770 1609.7
1081780 1608.0
1081790 1605.0
1081800 1605.0
1081810 1603.6
1081820 1602.1
1081830 1602.1
1081840 1600.2
1081850 1598.6
1081860 1598.6
1081870 1597.2
1081880 1596.4
1081890 1596.4
1081900 1595.5
1081910 1594.1
1081920 1593.2
1081930 1593.2
1081940 1592.5
1081950 1592.7
1081960 1592.7
1081970 1592.3
1081980 1592.7
1081990 1592.7
1082000 1593.8
1082010 1593.6
1082020 1593.6
1082030 1591.0
1082040 1588.0
1082050 1588.0
1082060 1584.6
1082070 1581.6
1082080 1581.6
1082090 1579.2
1082100 1578.8
1082110 1574.3
1082120 1573.8
1082130 1575.8
1082140 1578.1
1082150 1578.1
1082160 1579.5
1082170 1580.2
1082180 1580.2
1082190 1580.4
1082200 1583.0
1082210 1583.0
1082220 1586.1
1082230 1590.4
1082240 1590.4
1082250 1596.0
1082260 1602.6
1082270 1602.6
1082280 1607.9
1082290 1610.5
1082300 1610.5
1082310 1613.4
1082320 1616.0
1082330 1616.0
1082340 1619.1
1082350 1618.6
1082360 1618.8
1082370 1618.8
1082380 1617.5
1082390 1616.5
1082400 1616.5
1082410 1617.5
1082420 1611.5
1082430 1611.5
1082440 1612.3
1082450 1612.2
1082460 1612.2
1082470 1610.5
1082480 1610.1
1082490 1610.1
1082500 1609.2
1082510 1607.4
1082520 1607.4
1082530 1605.2
1082540 1603.0
1082550 1603.0
1082560 1600.3
1082570 1597.4
1082580 1597.4
1082590 1594.6
1082600 1591.1
1082610 1586.5
1082620 1586.5
1082630 1582.1
1082640 1578.1
1082650 1578.1
1082660 1573.2
1082670 1568.4
1082680 1568.4
1082690 1562.8
1082700 1556.2
1082710 1556.2
1082720 1549.8
1082730 1543.5
1082740 1544.7
1082750 1538.1
1082760 1531.4
1082770 1531.4
1082780 1525.3
1082790 1518.7
1082800 1518.7
1082810 1511.4
1082820 1504.6
1082830 1497.9
1082840 1497.9
1082850 1490.6
1082860 1483.8
1082870 1483.8
1082880 1477.0
1082890 1470.7
1082900 1470.7
1082910 1464.2
1082920 1458.1
1082930 1458.1
1082940 1451.9
1082950 1446.1
1082960 1446.1
1082970 1439.7
1082980 1433.5
1082990 1433.5
1083000 1427.4
1083010 1421.2
1083020 1421.2
1083030 1415.1
1083040 1408.8
1083050 1408.6
1083060 1401.1
1083070 1393.6
1083080 1387.5
1083090 1387.5
1083100 1381.6
1083110 1375.8
1083120 1375.8
1083130 1370.4
1083140 1364.1
1083150 1364.1
1083160 1357.7
1083170 1350.5
1083180 1350.5
1083190 1346.0
1083200 1340.7
1083210 1340.7
1083220 1333.6
1083230 1325.3
1083240 1325.3
1083250 1317.5
1083260 1309.3
1083270 1309.3
1083280 1298.4
1083290 1285.5
1083300 1265.1
1083310 1265.1
1083320 1246.1
1083330 1237.4
1083340 1237.4
1083350 1229.4
1083360 1219.9
1083370 1221.3
1083380 1212.5
1083390 1204.2
1083400 1204.2
1083410 1196.3
1083420 1188.1
1083430 1188.1
1083440 1180.0
1083450 1171.8
1083460 1171.8
1083470 1164.1
1083480 1156.9
1083490 1156.9
1083500 1150.3
1083510 1144.0
1083520 1144.0
1083530 1138.6
1083540 1134.0
1083550 1129.9
1083560 1129.9
1083570 1126.2
1083580 1122.9
1083590 1122.9
1083600 1120.0
1083610 1118.2
1083620 1118.2
1083630 1118.2
1083640 1118.8
1083650 1118.8
1083660 1118.4
1083670 1115.7
1083680 1115.7
1083690 1110.6
1083700 1105.7
1083710 1105.7
1083720 1101.2
1083730 1096.3
1083740 1096.3
1083750 1091.5
1083760 1087.3
1083770 1083.7
1083780 1083.7
1083790 1080.7
1083800 1076.7
1083810 1076.7
1083820 1073.3
1083830 1070.1
1083840 1070.1
1083850 1066.0
1083860 1061.9
1083870 1061.9
1083880 1059.4
1083890 1058.4
1083900 1058.4
1083910 1056.9
1083920 1055.3
1083930 1055.3
1083940 1053.9
1083950 1052.5
1083960 1052.5
1083970 1050.3
1083980 1048.7
1083990 1048.7
1084000 1048.2
1084010 1045.9
1084020 1044.6
1084030 1044.6
1084040 1043.6
1084050 1042.9
1084060 1042.9
1084070 1042.3
1084080 1041.8
1084090 1041.8
1084100 1041.1
1084110 1039.9
1084120 1039.9
1084130 1038.5
1084140 1037.2
1084150 1037.2
1084160 1035.7
1084170 1034.8
1084180 1034.8
1084190 1034.4
1084200 1032.4
1084210 1032.4
1084220 1030.7
1084230 1029.2
1084240 1027.5
1084250 1027.5
1084260 1026.0
1084270 1025.1
1084280 1025.1
1084290 1024.3
1084300 1022.2
1084310 1022.2
1084320 1016.6
1084330 1014.6
1084340 1014.6
1084350 1014.0
1084360 1013.6
1084370 1013.6
1084380 1013.0
1084390 1011.1
1084400 1011.1
1084410 1009.9
1084420 1008.4
1084430 1008.4
1084440 1007.0
1084450 1005.8
1084460 1005.8
1084470 1005.0
1084480 1004.4
1084490 1003.4
1084500 1003.4
1084510 1002.7
1084520 1003.2
1084530 1003.2
1084540 1006.1
1084550 1008.3
1084560 1008.3
1084570 1009.6
1084580 1011.0
1084590 1011.0
1084600 1012.8
1084610 1014.9
1084620 1014.9
1084630 1016.5
1084640 1019.1
1084650 1019.1
1084660 1020.6
1084670 1021.6
1084680 1021.6
1084690 1022.9
1084700 1024.2
1084710 1024.9
1084720 1024.9
1084730 1025.5
1084740 1026.2
1084750 1026.2
1084760 1027.2
1084770 1028.7
1084780 1028.7
1084790 1029.4
1084800 1029.3
1084810 1029.3
1084820 1029.5
1084830 1030.3
1084840 1030.3
1084850 1030.9
1084860 1031.5
1084870 1031.5
1084880 1031.8
1084890 1032.4
1084900 1032.4
1084910 1035.5
1084920 1040.9
1084930 1040.9
1084940 1047.4
1084950 1054.4
1084960 1064.4
1084970 1064.4
1084980 1071.2
1084990 1078.6
1085000 1078.6
1085010 1086.4
1085020 1094.0
1085030 1094.0
1085040 1105.7
1085050 1115.3
1085060 1115.3
1085070 1120.3
1085080 1125.5
1085090 1125.5
1085100 1133.5
1085110 1154.0
1085120 1154.0
1085130 1162.6
1085140 1168.5
1085150 1168.5
1085160 1175.3
1085170 1183.3
1085180 1190.0
1085190 1190.0
1085200 1195.5
1085210 1202.7
1085220 1202.7
1085230 1208.3
1085240 1215.4
1085250 1215.4
1085260 1222.6
1085270 1256.2
1085280 1256.2
1085290 1264.8
1085300 1258.1
1085310 1258.1
1085320 1264.9
1085330 1279.2
1085340 1279.2
1085350 1291.2
1085360 1294.5
1085370 1294.5
1085380 1293.0
1085390 1291.2
1085400 1293.4
1085410 1293.4
1085420 1300.2
1085430 1308.5
1085440 1308.5
1085450 1319.3
1085460 1337.9
1085470 1337.9
1085480 1349.2
1085490 1356.8
1085500 1356.8
1085510 1359.6
1085520 1362.6
1085530 1362.6
1085540 1370.1
1085550 1379.0
1085560 1379.0
1085570 1384.1
1085580 1388.1
1085590 1396.0
1085600 1401.8
1085610 1407.5
1085620 1407.5
1085630 1413.2
1085640 1415.4
1085650 1418.9
1085660 1418.9
1085670 1424.0
1085680 1426.2
1085690 1426.2
1085700 1430.0
1085710 1432.7
1085720 1432.7
1085730 1432.1
1085740 1429.9
1085750 1429.9
1085760 1428.2
1085770 1425.0
1085780 1425.0
1085790 1421.3
1085800 1415.9
1085810 1415.9
1085820 1406.3
1085830 1396.0
1085840 1396.0
1085850 1389.6
1085860 1387.0
1085870 1388.3
1085880 1388.3
1085890 1389.8
1085900 1391.5
1085910 1396.4
1085920 1392.0
1085930 1387.0
1085940 1387.0
1085950 1382.1
1085960 1376.7
1085970 1376.7
1085980 1370.5
1085990 1362.8
1086000 1362.8
1086010 1346.6
1086020 1317.2
1086030 1317.2
1086040 1315.5
1086050 1346.1
1086060 1346.1
1086070 1351.8
1086080 1359.8
1086090 1359.8
1086100 1364.9
1086110 1361.9
1086120 1362.5
1086130 1362.5
1086140 1367.0
1086150 1362.5
1086160 1362.5
1086170 1358.2
1086180 1356.0
1086190 1356.0
1086200 1354.6
1086210 1353.0
1086220 1353.0
1086230 1359.9
1086240 1360.4
1086250 1360.4
1086260 1360.6
1086270 1360.7
1086280 1360.7
1086290 1365.4
1086300 1373.8
1086310 1373.8
1086320 1383.0
1086330 1393.4
1086340 1409.0
1086350 1409.0
1086360 1427.9
1086370 1434.2
1086380 1434.2
1086390 1458.1
1086400 1471.9
1086410 1471.9
1086420 1459.4
1086430 1449.5
1086440 1449.5
1086450 1450.1
1086460 1450.0
1086470 1450.0
1086480 1449.4
1086490 1455.1
1086500 1455.1
1086510 1462.9
1086520 1468.4
1086530 1468.4
1086540 1477.6
1086550 1480.6
1086560 1480.6
1086570 1482.5
1086580 1488.6
1086590 1494.2
1086600 1494.2
1086610 1504.0
1086620 1512.0
1086630 1512.0
1086640 1519.7
1086650 1527.8
1086660 1527.8
1086670 1534.6
1086680 1540.6
1086690 1540.6
1086700 1547.3
1086710 1553.9
1086720 1553.9
1086730 1564.6
1086740 1580.1
1086750 1580.1
1086760 1591.7
1086770 1613.1
1086780 1613.1
1086790 1630.5
1086800 1638.2
1086810 1653.7
1086820 1653.7
1086830 1662.9
1086840 1674.2
1086850 1674.2
1086860 1686.0
1086870 1698.7
1086880 1698.7
1086890 1706.1
1086900 1713.2
1086910 1713.2
1086920 1720.1
1086930 1727.1
1086940 1727.1
1086950 1734.4
1086960 1741.4
1086970 1741.4
1086980 1748.4
1086990 1755.6
1087000 1755.6
1087010 1762.6
1087020 1769.7
1087030 1769.7
1087040 1777.5
1087050 1786.6
1087060 1795.4
1087070 1795.4
1087080 1803.9
1087090 1811.7
1087100 1811.7
1087110 1820.5
1087120 1833.9
1087130 1833.9
1087140 1845.7
1087150 1848.1
1087160 1848.1
1087170 1853.5
1087180 1860.3
1087190 1866.0
1087200 1871.9
1087210 1878.5
1087220 1878.5
1087230 1885.6
1087240 1892.7
1087250 1892.7
1087260 1901.7
1087270 1910.8
1087280 1925.9
1087290 1925.9
1087300 1944.0
1087310 1970.8
1087320 1970.8
1087330 1983.7
1087340 1975.3
1087350 1975.3
1087360 1964.8
1087370 1955.4
1087380 1955.4
1087390 1946.6
1087400 1940.3
1087410 1940.3
1087420 1933.4
1087430 1926.7
1087440 1926.7
1087450 1919.4
1087460 1910.9
1087470 1910.9
1087480 1902.1
1087490 1892.7
1087500 1883.1
1087510 1881.1
1087520 1869.4
1087530 1856.4
1087540 1856.4
1087550 1844.8
1087560 1838.9
1087570 1838.9
1087580 1832.2
1087590 1822.0
1087600 1822.0
1087610 1813.2
1087620 1804.8
1087630 1804.8
1087640 1790.1
1087650 1773.4
1087660 1773.4
1087670 1762.8
1087680 1750.3
1087690 1750.3
1087700 1744.3
1087710 1737.9
1087720 1737.9
1087730 1730.4
1087740 1723.2
1087750 1715.7
1087760 1715.7
1087770 1707.6
1087780 1699.8
1087790 1699.8
1087800 1691.6
1087810 1681.9
1087820 1681.9
1087830 1667.8
1087840 1658.9
1087850 1658.9
1087860 1651.6
1087870 1645.3
1087880 1645.3
1087890 1639.5
1087900 1634.1
1087910 1634.1
1087920 1629.5
1087930 1623.3
1087940 1623.3
1087950 1617.2
1087960 1612.7
1087970 1607.2
1087980 1607.2
1087990 1600.9
1088000 1594.3
1088010 1594.3
1088020 1589.3
1088030 1584.7
1088040 1584.7
1088050 1580.7
1088060 1577.1
1088070 1577.1
1088080 1574.4
1088090 1571.4
1088100 1571.4
1088110 1567.4
1088120 1563.6
1088130 1563.6
1088140 1560.9
1088150 1560.0
1088160 1560.0
1088170 1557.3
1088180 1554.4
1088190 1554.4
1088200 1551.2
1088210 1548.3
1088220 1545.4
1088230 1545.4
1088240 1542.8
1088250 1540.5
1088260 1540.5
1088270 1537.5
1088280 1535.0
1088290 1535.0
1088300 1532.7
1088310 1530.1
1088320 1530.1
1088330 1529.5
1088340 1534.1
1088350 1534.1
1088360 1539.9
1088370 1545.7
1088380 1545.7
1088390 1550.9
1088400 1555.4
1088410 1555.4
1088420 1559.5
1088430 1565.2
1088440 1576.3
1088450 1576.3
1088460 1586.8
1088470 1612.2
1088480 1612.2
1088490 1617.4
1088500 1625.1
1088510 1625.1
1088520 1639.5
1088530 1643.5
1088540 1643.5
1088550 1624.3
1088560 1605.6
1088570 1605.6
1088580 1582.8
1088590 1561.2
1088600 1561.2
1088610 1548.8
1088620 1547.7
1088630 1547.7
1088640 1546.4
1088650 1544.8
1088660 1544.8
1088670 1542.4
1088680 1540.0
1088690 1538.4
1088700 1538.4
1088710 1536.9
1088720 1535.2
1088730 1535.2
1088740 1533.8
1088750 1533.2
1088760 1533.2
1088770 1531.8
1088780 1530.7
1088790 1537.0
1088800 1536.2
1088810 1535.9
1088820 1535.9
1088830 1537.8
1088840 1540.4
1088850 1540.4
1088860 1541.9
1088870 1542.8
1088880 1542.8
1088890 1543.0
1088900 1542.8
1088910 1543.6
1088920 1543.6
1088930 1545.2
1088940 1548.3
1088950 1548.3
1088960 1551.4
1088970 1553.5
1088980 1553.5
1088990 1555.2
1089000 1556.3
1089010 1556.3
1089020 1557.7
1089030 1558.5
1089040 1558.5
1089050 1559.0
1089060 1559.5
1089070 1559.5
1089080 1559.7
1089090 1559.9
1089100 1559.9
1089110 1566.0
1089120 1564.3
1089130 1564.3
1089140 1563.6
1089150 1563.9
1089160 1565.6
1089170 1565.6
1089180 1567.6
1089190 1568.8
1089200 1568.8
1089210 1568.9
1089220 1569.6
1089230 1569.6
1089240 1569.8
1089250 1569.5
1089260 1569.5
1089270 1570.1
1089280 1570.9
1089290 1570.9
1089300 1571.1
1089310 1572.8
1089320 1572.8
1089330 1575.9
1089340 1577.7
1089350 1577.7
1089360 1580.1
1089370 1580.9
1089380 1581.6
1089390 1581.6
1089400 1586.7
1089410 1591.8
1089420 1591.8
1089430 1596.0
1089440 1598.8
1089450 1598.8
1089460 1602.8
1089470 1603.9
1089480 1603.9
1089490 1601.6
1089500 1599.3
1089510 1599.3
1089520 1597.6
1089530 1603.8
1089540 1603.8
1089550 1607.1
1089560 1610.1
1089570 1610.1
1089580 1613.0
1089590 1615.8
1089600 1615.8
1089610 1618.7
1089620 1622.1
1089630 1625.7
1089640 1625.7
1089650 1629.8
1089660 1634.2
1089670 1634.2
1089680 1638.8
1089690 1643.7
1089700 1643.7
1089710 1648.2
1089720 1652.9
1089730 1652.9
1089740 1659.3
1089750 1665.4
1089760 1665.4
1089770 1675.7
1089780 1685.2
1089790 1685.2
1089800 1695.4
1089810 1705.4
1089820 1705.4
1089830 1713.1
1089840 1723.8
1089850 1735.7
1089860 1735.7
1089870 1743.8
1089880 1759.2
1089890 1759.2
1089900 1781.4
1089910 1796.0
1089920 1796.0
1089930 1806.8
1089940 1804.5
1089950 1804.5
1089960 1819.6
1089970 1841.8
1089980 1841.8
1089990 1854.1
1090000 1862.0
1090010 1862.0
1090020 1875.8
1090030 1889.9
1090040 1889.9
1090050 1901.7
1090060 1905.3
1090070 1913.0
1090080 1913.0
1090090 1921.2
1090100 1929.5
1090110 1929.5
1090120 1938.4
1090130 1947.7
1090140 1947.7
1090150 1955.0
1090160 1962.5
1090170 1962.5
1090180 1966.0
1090190 1969.1
1090200 1969.1
1090210 1972.3
1090220 1978.9
1090230 1978.9
1090240 1984.9
1090250 1990.7
1090260 1990.7
1090270 1996.3
1090280 2002.8
1090290 2002.8
1090300 2009.3
1090310 2015.8
1090320 2021.7
1090330 2021.7
1090340 2028.9
1090350 2035.1
1090360 2035.1
1090370 2041.1
1090380 2046.4
1090390 2051.6
1090400 2057.2
1090410 2062.3
1090420 2062.3
1090430 2066.1
1090440 2070.7
1090450 2070.7
1090460 2081.4
1090470 2092.8
1090480 2092.8
1090490 2100.4
1090500 2105.6
1090510 2105.6
1090520 2111.8
1090530 2120.0
1090540 2131.9
1090550 2131.9
1090560 2141.7
1090570 2149.9
1090580 2149.9
1090590 2161.8
1090600 2169.9
1090610 2169.9
1090620 2176.5
1090630 2183.5
1090640 2183.5
1090650 2201.0
1090660 2208.9
1090670 2208.9
1090680 2214.0
1090690 2219.0
1090700 2219.0
1090710 2224.8
1090720 2235.9
1090730 2235.9
1090740 2240.8
1090750 2244.0
1090760 2244.0
1090770 2248.3
1090780 2253.5
1090790 2260.5
1090800 2260.5
1090810 2264.7
1090820 2269.2
1090830 2269.2
1090840 2274.5
1090850 2278.3
1090860 2278.3
1090870 2282.8
1090880 2287.4
1090890 2287.4
1090900 2293.3
1090910 2299.9
1090920 2299.9
1090930 2308.3
1090940 2317.8
1090950 2317.8
1090960 2329.7
1090970 2338.3
1090980 2338.3
1090990 2347.1
1091000 2354.7
1091010 2364.7
1091020 2364.7
1091030 2376.6
1091040 2385.8
1091050 2385.8
1091060 2379.8
1091070 2364.2
1091080 2364.2
1091090 2343.5
1091100 2322.2
1091110 2322.2
1091120 2308.0
1091130 2302.4
1091140 2302.4
1091150 2296.9
1091160 2291.0
1091170 2291.0
1091180 2284.7
1091190 2278.7
1091200 2278.7
1091210 2272.5
1091220 2267.1
1091230 2267.1
1091240 2261.6
1091250 2256.1
1091260 2251.4
1091270 2251.4
1091280 2247.3
1091290 2243.8
1091300 2243.8
1091310 2240.0
1091320 2236.3
1091330 2236.3
1091340 2233.3
1091350 2232.6
1091360 2236.9
1091370 2236.7
1091380 2238.0
1091390 2238.0
1091400 2239.6
1091410 2242.0
1091420 2242.0
1091430 2244.3
1091440 2247.5
1091450 2247.5
1091460 2255.6
1091470 2256.0
1091480 2250.0
1091490 2250.0
1091500 2243.0
1091510 2237.3
1091520 2237.3
1091530 2226.5
1091540 2208.7
1091550 2208.7
1091560 2191.8
1091570 2182.2
1091580 2182.2
1091590 2176.2
1091600 2171.4
1091610 2171.4
1091620 2167.2
1091630 2162.8
1091640 2162.8
1091650 2158.7
1091660 2153.9
1091670 2153.9
1091680 2148.6
1091690 2149.0
1091700 2149.0
1091710 2146.8
1091720 2147.1
1091730 2149.9
1091740 2149.9
1091750 2153.8
1091760 2156.7
1091770 2156.7
1091780 2159.9
1091790 2163.9
1091800 2163.9
1091810 2166.0
1091820 2164.4
1091830 2164.4
1091840 2159.4
1091850 2152.3
1091860 2152.3
1091870 2145.3
1091880 2137.5
1091890 2137.5
1091900 2132.9
1091910 2130.3
1091920 2130.3
1091930 2125.4
1091940 2119.9
1091950 2116.2
1091960 2116.2
1091970 2112.3
1091980 2109.3
1091990 2109.3
1092000 2109.5
1092010 2117.8
1092020 2117.8
1092030 2116.9
1092040 2112.7
1092050 2112.7
1092060 2112.1
1092070 2111.6
1092080 2111.6
1092090 2109.6
1092100 2108.9
1092110 2108.9
1092120 2111.5
1092130 2113.9
1092140 2113.9
1092150 2115.0
1092160 2115.5
1092170 2116.7
1092180 2116.7
1092190 2116.7
1092200 2115.1
1092210 2115.1
1092220 2112.0
1092230 2108.2
1092240 2108.2
1092250 2105.1
1092260 2105.1
1092270 2105.1
1092280 2106.7
1092290 2108.1
1092300 2108.1
1092310 2109.5
1092320 2110.8
1092330 2116.1
1092340 2117.5
1092350 2119.2
1092360 2119.2
1092370 2120.7
1092380 2122.5
1092390 2122.5
1092400 2125.0
1092410 2127.5
1092420 2130.0
1092430 2130.0
1092440 2132.7
1092450 2135.9
1092460 2135.9
1092470 2139.3
1092480 2142.7
1092490 2142.7
1092500 2146.3
1092510 2150.5
1092520 2150.5
1092530 2155.5
1092540 2161.1
1092550 2161.1
1092560 2166.5
1092570 2173.7
1092580 2173.7
1092590 2179.5
1092600 2181.4
1092610 2181.4
1092620 2188.3
1092630 2197.5
1092640 2207.1
1092650 2207.1
1092660 2218.1
1092670 2214.7
1092680 2214.7
1092690 2208.7
1092700 2201.8
1092710 2201.8
1092720 2196.3
1092730 2193.9
1092740 2193.9
1092750 2193.3
1092760 2189.0
1092770 2189.0
1092780 2182.6
1092790 2172.8
1092800 2172.8
1092810 2164.0
1092820 2156.1
1092830 2156.1
1092840 2148.5
1092850 2146.0
1092860 2146.0
1092870 2141.8
1092880 2135.0
1092890 2129.2
1092900 2129.2
1092910 2121.7
1092920 2112.1
1092930 2112.1
1092940 2102.2
1092950 2092.6
1092960 2092.6
1092970 2082.6
1092980 2075.1
1092990 2075.1
1093000 2067.5
1093010 2059.4
1093020 2059.4
1093030 2049.3
1093040 2038.2
1093050 2038.2
1093060 2025.1
1093070 2015.9
1093080 2015.9
1093090 2012.0
1093100 2009.6
1093110 2007.6
1093120 2007.6
1093130 2004.9
1093140 2001.8
1093150 2001.8
1093160 1994.9
1093170 1983.8
1093180 1983.8
1093190 1972.6
1093200 1960.1
1093210 1960.1
1093220 1949.4
1093230 1940.4
1093240 1940.4
1093250 1936.5
1093260 1937.9
1093270 1937.9
1093280 1937.4
1093290 1937.3
1093300 1927.5
1093310 1913.2
1093320 1896.7
1093330 1896.7
1093340 1873.4
1093350 1834.5
1093360 1796.8
1093370 1796.8
1093380 1784.1
1093390 1769.2
1093400 1769.2
1093410 1755.3
1093420 1743.2
1093430 1743.2
1093440 1726.9
1093450 1709.3
1093460 1709.3
1093470 1693.3
1093480 1687.7
1093490 1687.7
1093500 1682.7
1093510 1671.4
1093520 1671.4
1093530 1663.2
1093540 1657.2
1093550 1657.2
1093560 1640.7
1093570 1625.0
1093580 1616.9
1093590 1616.9
1093600 1607.6
1093610 1599.1
1093620 1599.1
1093630 1585.2
1093640 1580.7
1093650 1580.7
1093660 1574.7
1093670 1569.1
1093680 1569.1
1093690 1561.7
1093700 1555.1
1093710 1555.1
1093720 1547.8
1093730 1542.3
1093740 1542.3
1093750 1536.4
1093760 1530.1
1093770 1530.1
1093780 1527.9
1093790 1525.3
1093800 1525.3
1093810 1520.2
1093820 1512.8
1093830 1505.0
1093840 1505.0
1093850 1497.1
1093860 1490.1
1093870 1490.1
1093880 1480.6
1093890 1476.4
1093900 1476.4
1093910 1465.3
1093920 1460.8
1093930 1460.8
1093940 1454.5
1093950 1441.4
1093960 1441.4
1093970 1438.0
1093980 1432.6
1093990 1432.6
1094000 1431.4
1094010 1424.3
1094020 1424.3
1094030 1410.6
1094040 1401.3
1094050 1391.8
1094060 1391.8
1094070 1388.6
1094080 1389.2
1094090 1389.2
1094100 1390.5
1094110 1394.2
1094120 1394.2
1094130 1393.8
1094140 1384.5
1094150 1384.5
1094160 1386.8
1094170 1389.3
1094180 1389.3
1094190 1384.4
1094200 1377.9
1094210 1377.9
1094220 1368.4
1094230 1363.6
1094240 1363.6
1094250 1362.2
1094260 1362.5
1094270 1363.9
1094280 1359.3
1094290 1354.0
1094300 1350.0
1094310 1350.0
1094320 1352.0
1094330 1353.9
1094340 1353.9
1094350 1347.1
1094360 1340.9
1094370 1340.9
1094380 1337.3
1094390 1346.0
1094400 1346.0
1094410 1355.7
1094420 1361.9
1094430 1361.9
1094440 1353.6
1094450 1350.5
1094460 1350.5
1094470 1351.5
1094480 1356.4
1094490 1356.4
1094500 1361.8
1094510 1357.5
1094520 1351.4
1094530 1351.4
1094540 1350.4
1094550 1352.8
1094560 1352.8
1094570 1354.7
1094580 1359.5
1094590 1359.5
1094600 1356.1
1094610 1359.7
1094620 1359.7
1094630 1366.1
1094640 1375.0
1094650 1375.0
1094660 1383.6
1094670 1391.3
1094680 1391.3
1094690 1398.5
1094700 1404.2
1094710 1404.2
1094720 1406.0
1094730 1406.1
1094740 1406.4
1094750 1406.4
1094760 1408.9
1094770 1410.5
1094780 1410.5
1094790 1411.7
1094800 1412.0
1094810 1412.0
1094820 1410.9
1094830 1413.2
1094840 1413.2
1094850 1418.6
1094860 1421.9
1094870 1421.9
1094880 1423.3
1094890 1425.4
1094900 1425.4
1094910 1428.9
1094920 1432.8
1094930 1427.3
1094940 1431.4
1094950 1429.4
1094960 1429.4
1094970 1421.2
1094980 1416.1
1094990 1411.5
1095000 1411.5
1095010 1403.6
1095020 1395.0
1095030 1395.0
1095040 1391.3
1095050 1390.0
1095060 1390.0
1095070 1387.8
1095080 1383.7
1095090 1383.7
1095100 1374.8
1095110 1366.1
1095120 1366.1
1095130 1357.4
1095140 1351.0
1095150 1351.0
1095160 1343.1
1095170 1336.2
1095180 1336.2
1095190 1336.3
1095200 1335.2
1095210 1327.3
1095220 1327.3
1095230 1320.0
1095240 1316.5
1095250 1304.5
1095260 1300.5
1095270 1294.8
1095280 1294.8
1095290 1289.2
1095300 1288.5
1095310 1288.5
1095320 1284.5
1095330 1284.4
1095340 1284.4
1095350 1279.5
1095360 1273.5
1095370 1273.5
1095380 1263.7
1095390 1252.9
1095400 1252.9
1095410 1243.5
1095420 1234.6
1095430 1234.6
1095440 1226.2
1095450 1219.0
1095460 1211.8
1095470 1211.8
1095480 1204.1
1095490 1197.0
1095500 1197.0
1095510 1189.7
1095520 1182.0
1095530 1182.0
1095540 1174.8
1095550 1167.5
1095560 1167.5
1095570 1160.3
1095580 1152.4
1095590 1152.4
1095600 1144.7
1095610 1137.9
1095620 1137.9
1095630 1131.0
1095640 1124.2
1095650 1124.2
1095660 1117.6
1095670 1111.0
1095680 1104.3
1095690 1104.3
1095700 1097.9
1095710 1092.5
1095720 1092.5
1095730 1087.7
1095740 1082.8
1095750 1082.8
1095760 1076.8
1095770 1070.8
1095780 1070.8
1095790 1064.9
1095800 1058.4
1095810 1058.4
1095820 1052.3
1095830 1046.3
1095840 1046.3
1095850 1039.9
1095860 1033.6
1095870 1033.6
1095880 1026.5
1095890 1019.6
1095900 1015.2
1095910 1014.0
1095920 1011.3
1095930 1006.8
1095940 1006.8
1095950 1002.6
1095960 999.5
1095970 999.5
1095980 998.3
1095990 997.6
1096000 997.6
1096010 994.4
1096020 988.2
1096030 988.2
1096040 981.7
1096050 975.0
1096060 975.0
1096070 968.6
1096080 962.1
1096090 962.1
1096100 956.3
1096110 951.3
1096120 951.3
1096130 947.1
1096140 942.4
1096150 936.4
1096160 936.4
1096170 930.6
1096180 925.2
1096190 925.2
1096200 920.5
1096210 915.0
1096220 915.0
1096230 913.6
1096240 908.5
1096250 908.5
1096260 900.5
1096270 892.3
1096280 892.3
1096290 884.3
1096300 876.6
1096310 876.6
1096320 869.9
1096330 864.8
1096340 864.8
1096350 859.2
1096360 853.9
1096370 849.8
1096380 849.8
1096390 844.8
1096400 837.9
1096410 837.9
1096420 831.5
1096430 825.4
1096440 825.4
1096450 818.8
1096460 811.2
1096470 811.2
1096480 803.2
1096490 794.6
1096500 794.6
1096510 785.3
1096520 775.4
1096530 775.4
1096540 766.1
1096550 757.8
1096560 754.5
1096570 746.1
1096580 737.6
1096590 737.6
1096600 729.5
1096610 721.7
1096620 713.5
1096630 713.5
1096640 705.9
1096650 699.6
1096660 699.6
1096670 695.7
1096680 695.5
1096690 695.5
1096700 695.0
1096710 694.3
1096720 694.3
1096730 694.4
1096740 694.3
1096750 694.3
1096760 694.3
1096770 693.8
1096780 693.8
1096790 693.2
1096800 693.0
1096810 693.0
1096820 693.0
1096830 693.2
1096840 693.5
1096850 693.5
1096860 693.7
1096870 693.6
1096880 693.6
1096890 694.1
1096900 693.2
1096910 693.2
1096920 691.9
1096930 691.2
1096940 691.2
1096950 690.9
1096960 691.2
1096970 691.2
1096980 690.9
1096990 690.0
1097000 690.0
1097010 689.0
1097020 687.9
1097030 687.9
1097040 686.8
1097050 685.9
1097060 685.9
1097070 685.8
1097080 685.7
1097090 684.7
1097100 684.7
1097110 683.9
1097120 682.7
1097130 682.7
1097140 682.1
1097150 681.7
1097160 681.7
1097170 681.2
1097180 680.7
1097190 680.7
1097200 679.7
1097210 678.7
1097220 679.9
1097230 679.3
1097240 678.6
1097250 678.6
1097260 678.1
1097270 677.3
1097280 677.3
1097290 676.0
1097300 674.7
1097310 673.7
1097320 673.7
1097330 672.9
1097340 672.2
1097350 672.2
1097360 671.1
1097370 670.1
1097380 670.1
1097390 669.2
1097400 668.4
1097410 668.4
1097420 667.8
1097430 667.2
1097440 667.2
1097450 666.2
1097460 665.8
1097470 665.8
1097480 665.4
1097490 664.4
1097500 664.4
1097510 662.8
1097520 661.7
1097530 661.7
1097540 661.2
1097550 660.3
1097560 659.5
1097570 659.5
1097580 658.7
1097590 657.9
1097600 657.9
1097610 657.1
1097620 656.2
1097630 656.2
1097640 655.4
1097650 654.6
1097660 654.6
1097670 653.7
1097680 652.9
1097690 652.9
1097700 652.2
1097710 651.2
1097720 651.2
1097730 650.3
1097740 649.5
1097750 649.5
1097760 649.1
1097770 648.5
1097780 647.7
1097790 647.7
1097800 647.5
1097810 646.9
1097820 646.9
1097830 644.9
1097840 644.5
1097850 644.5
1097860 643.6
1097870 642.8
1097880 642.8
1097890 641.8
1097900 641.0
1097910 641.0
1097920 640.4
1097930 639.9
1097940 639.9
1097950 639.3
1097960 639.1
1097970 639.1
1097980 638.1
1097990 637.2
1098000 636.1
1098010 636.1
1098020 635.3
1098030 634.5
1098040 634.5
1098050 634.2
1098060 634.0
1098070 634.0
1098080 632.6
1098090 631.6
1098100 631.6
1098110 628.4
1098120 625.8
1098130 625.8
1098140 620.4
1098150 619.8
1098160 619.8
1098170 623.1
1098180 624.6
1098190 624.6
1098200 623.8
1098210 623.7
1098220 623.7
1098230 623.7
1098240 623.6
1098250 623.7
1098260 623.7
1098270 623.7
1098280 623.5
1098290 623.5
1098300 623.2
1098310 623.0
1098320 623.0
1098330 622.9
1098340 623.2
1098350 623.2
1098360 624.0
1098370 624.1
1098380 624.1
1098390 624.0
1098400 624.0
1098410 624.0
1098420 623.9
1098430 623.6
1098440 623.6
1098450 624.8
1098460 627.6
1098470 631.5
1098480 631.5
1098490 639.0
1098500 649.5
1098510 649.5
1098520 660.5
1098530 669.1
1098540 669.1
1098550 677.7
1098560 686.3
1098570 686.3
1098580 694.9
1098590 704.0
1098600 704.0
1098610 713.7
1098620 723.0
1098630 723.0
1098640 733.4
1098650 744.5
1098660 744.5
1098670 754.0
1098680 756.3
1098690 756.3
1098700 757.3
1098710 758.7
1098720 761.8
1098730 761.8
1098740 764.9
1098750 767.3
1098760 767.3
1098770 769.7
1098780 772.1
1098790 772.1
1098800 775.4
1098810 779.5
1098820 779.5
1098830 783.8
1098840 788.7
1098850 788.7
1098860 795.2
1098870 801.0
1098880 801.0
1098890 806.0
1098900 810.0
1098910 810.0
1098920 814.0
1098930 818.5
1098940 819.4
1098950 819.4
1098960 821.6
1098970 822.6
1098980 822.6
1098990 821.1
1099000 819.0
1099010 819.0
1099020 818.8
1099030 818.5
1099040 818.5
1099050 818.4
1099060 819.1
1099070 819.1
1099080 820.1
1099090 821.7
1099100 821.7
1099110 823.5
1099120 827.9
1099130 827.9
1099140 833.6
1099150 839.8
1099160 844.0
1099170 844.0
1099180 847.2
1099190 850.8
1099200 850.8
1099210 854.3
1099220 859.5
1099230 859.5
1099240 865.2
1099250 871.1
1099260 871.1
1099270 877.3
1099280 882.7
1099290 882.7
1099300 888.8
1099310 894.8
1099320 894.8
1099330 900.5
1099340 905.6
1099350 905.6
1099360 909.2
1099370 913.3
1099380 913.3
1099390 919.0
1099400 925.6
1099410 932.7
1099420 932.7
1099430 940.4
1099440 948.3
1099450 948.3
1099460 958.1
1099470 974.1
1099480 974.1
1099490 982.5
1099500 992.4
1099510 991.8
1099520 1000.9
1099530 1002.8
1099540 1002.8
1099550 1006.1
1099560 1010.0
1099570 1010.0
1099580 1012.9
1099590 1016.9
1099600 1016.9
1099610 1020.7
1099620 1026.0
1099630 1032.8
1099640 1032.8
1099650 1041.8
1099660 1060.2
1099670 1060.2
1099680 1068.0
1099690 1077.0
1099700 1077.0
1099710 1084.3
1099720 1087.5
1099730 1087.5
1099740 1090.7
1099750 1094.4
1099760 1094.4
1099770 1095.3
1099780 1097.1
1099790 1097.1
1099800 1100.6
1099810 1103.1
1099820 1103.1
1099830 1105.4
1099840 1114.3
1099850 1114.3
1099860 1118.9
1099870 1120.5
1099880 1121.3
1099890 1121.3
1099900 1121.6
1099910 1121.6
1099920 1121.6
1099930 1121.2
1099940 1122.1
1099950 1122.1
1099960 1123.3
1099970 1123.7
1099980 1123.7
1099990 1124.7
