1080000 1745.1
1080010 1743.3
1080020 1741.7
1080030 1741.7
1080040 1739.9
1080050 1738.4
1080060 1738.4
1080070 1737.2
1080080 1735.2
1080090 1735.2
1080100 1732.2
1080110 1729.6
1080120 1729.6
1080130 1726.9
1080140 1724.6
1080150 1724.6
1080160 1723.1
1080170 1722.1
1080180 1722.1
1080190 1722.0
1080200 1728.7
1080210 1728.7
1080220 1726.4
1080230 1725.2
1080240 1724.0
1080250 1724.0
1080260 1722.1
1080270 1718.6
1080280 1718.6
1080290 1715.5
1080300 1712.6
1080310 1712.6
1080320 1710.6
1080330 1709.2
1080340 1709.2
1080350 1707.3
1080360 1705.8
1080370 1705.8
1080380 1704.0
1080390 1701.0
1080400 1701.0
1080410 1698.2
1080420 1696.3
1080430 1696.3
1080440 1694.2
1080450 1691.0
1080460 1691.0
1080470 1688.9
1080480 1689.2
1080490 1693.5
1080500 1693.5
1080510 1692.7
1080520 1698.7
1080530 1698.7
1080540 1699.4
1080550 1699.3
1080560 1699.3
1080570 1696.9
1080580 1694.0
1080590 1694.0
1080600 1691.7
1080610 1691.0
1080620 1691.0
1080630 1691.6
1080640 1692.2
1080650 1692.2
1080660 1692.0
1080670 1690.9
1080680 1690.9
1080690 1690.7
1080700 1693.1
1080710 1694.8
1080720 1694.8
1080730 1694.8
1080740 1692.7
1080750 1692.7
1080760 1688.0
1080770 1690.1
1080780 1690.1
1080790 1694.5
1080800 1693.9
1080810 1693.9
1080820 1693.8
1080830 1704.3
1080840 1704.3
1080850 1705.5
1080860 1705.0
1080870 1705.0
1080880 1705.9
1080890 1707.9
1080900 1707.9
1080910 1711.3
1080920 1712.2
1080930 1712.2
1080940 1707.0
1080950 1705.2
1080960 1706.4
1080970 1706.4
1080980 1708.3
1080990 1709.8
1081000 1709.8
1081010 1710.7
1081020 1712.2
1081030 1712.2
1081040 1714.3
1081050 1713.4
1081060 1713.4
1081070 1711.9
1081080 1710.1
1081090 1710.1
1081100 1708.0
1081110 1707.5
1081120 1707.5
1081130 1710.1
1081140 1719.5
1081150 1719.5
1081160 1718.2
1081170 1716.3
1081180 1714.6
1081190 1714.6
1081200 1712.8
1081210 1711.1
1081220 1711.1
1081230 1709.9
1081240 1708.7
1081250 1708.7
1081260 1707.7
1081270 1707.1
1081280 1707.1
1081290 1705.0
1081300 1701.2
1081310 1701.2
1081320 1698.7
1081330 1697.2
1081340 1697.2
1081350 1696.8
1081360 1696.4
1081370 1696.4
1081380 1696.4
1081390 1695.9
1081400 1695.9
1081410 1696.0
1081420 1696.1
1081430 1695.7
1081440 1695.7
1081450 1697.4
1081460 1705.1
1081470 1705.1
1081480 1704.5
1081490 1703.8
1081500 1703.8
1081510 1702.2
1081520 1699.6
1081530 1699.6
1081540 1697.8
1081550 1697.1
1081560 1697.1
1081570 1695.8
1081580 1694.7
1081590 1694.7
1081600 1694.0
1081610 1692.1
1081620 1692.1
1081630 1689.9
1081640 1689.8
1081650 1690.0
1081660 1690.0
1081670 1688.3
1081680 1685.3
1081690 1685.3
1081700 1684.0
1081710 1685.0
1081720 1685.0
1081730 1686.6
1081740 1688.7
1081750 1688.7
1081760 1689.3
1081770 1697.9
1081780 1697.9
1081790 1697.2
1081800 1696.8
1081810 1696.8
1081820 1696.3
1081830 1695.9
1081840 1695.9
1081850 1695.5
1081860 1694.8
1081870 1694.8
1081880 1694.4
1081890 1694.5
1081900 1695.0
1081910 1695.0
1081920 1696.8
1081930 1697.1
1081940 1697.1
1081950 1696.8
1081960 1695.8
1081970 1695.8
1081980 1694.5
1081990 1692.9
1082000 1692.9
1082010 1692.0
1082020 1689.9
1082030 1689.9
1082040 1687.5
1082050 1684.2
1082060 1684.2
1082070 1681.5
1082080 1678.7
1082090 1687.2
1082100 1685.1
1082110 1681.9
1082120 1677.6
1082130 1677.6
1082140 1672.4
1082150 1667.9
1082160 1667.9
1082170 1665.4
1082180 1664.8
1082190 1664.8
1082200 1663.9
1082210 1663.2
1082220 1663.2
1082230 1661.4
1082240 1658.7
1082250 1658.7
1082260 1656.3
1082270 1653.3
1082280 1653.3
1082290 1651.1
1082300 1650.1
1082310 1650.1
1082320 1649.6
1082330 1648.9
1082340 1648.9
1082350 1647.6
1082360 1648.0
1082370 1647.2
1082380 1647.2
1082390 1646.8
1082400 1646.9
1082410 1653.0
1082420 1651.0
1082430 1648.6
1082440 1648.6
1082450 1645.3
1082460 1641.9
1082470 1641.9
1082480 1638.1
1082490 1634.9
1082500 1634.9
1082510 1632.4
1082520 1629.1
1082530 1629.1
1082540 1624.9
1082550 1621.3
1082560 1621.3
1082570 1619.9
1082580 1619.7
1082590 1619.7
1082600 1619.7
1082610 1619.6
1082620 1618.9
1082630 1618.9
1082640 1616.7
1082650 1613.9
1082660 1613.9
1082670 1611.2
1082680 1608.3
1082690 1608.3
1082700 1605.6
1082710 1603.4
1082720 1606.8
1082730 1604.0
1082740 1600.7
1082750 1600.7
1082760 1596.7
1082770 1592.9
1082780 1592.9
1082790 1589.4
1082800 1585.1
1082810 1585.1
1082820 1581.0
1082830 1576.8
1082840 1572.4
1082850 1572.4
1082860 1568.7
1082870 1565.3
1082880 1565.3
1082890 1561.4
1082900 1557.0
1082910 1557.0
1082920 1552.8
1082930 1551.0
1082940 1551.0
1082950 1548.8
1082960 1547.1
1082970 1547.1
1082980 1545.3
1082990 1542.3
1083000 1542.3
1083010 1538.3
1083020 1533.9
1083030 1533.9
1083040 1536.9
1083050 1536.1
1083060 1536.4
1083070 1536.4
1083080 1535.5
1083090 1531.8
1083100 1531.8
1083110 1524.6
1083120 1518.1
1083130 1518.1
1083140 1513.6
1083150 1509.4
1083160 1509.4
1083170 1505.2
1083180 1500.4
1083190 1500.4
1083200 1494.7
1083210 1489.2
1083220 1489.2
1083230 1484.3
1083240 1479.1
1083250 1479.1
1083260 1473.5
1083270 1469.3
1083280 1469.3
1083290 1465.1
1083300 1461.0
1083310 1456.0
1083320 1456.0
1083330 1451.4
1083340 1444.9
1083350 1448.1
1083360 1441.7
1083370 1435.3
1083380 1435.3
1083390 1428.0
1083400 1421.7
1083410 1421.7
1083420 1415.1
1083430 1409.6
1083440 1409.6
1083450 1405.3
1083460 1401.8
1083470 1401.8
1083480 1396.9
1083490 1391.7
1083500 1391.7
1083510 1386.6
1083520 1381.3
1083530 1375.8
1083540 1375.8
1083550 1370.3
1083560 1364.5
1083570 1364.5
1083580 1358.5
1083590 1352.4
1083600 1352.4
1083610 1346.5
1083620 1340.8
1083630 1340.8
1083640 1335.0
1083650 1329.7
1083660 1329.7
1083670 1323.9
1083680 1317.9
1083690 1317.9
1083700 1311.6
1083710 1305.3
1083720 1305.3
1083730 1299.0
1083740 1292.4
1083750 1292.4
1083760 1286.3
1083770 1280.4
1083780 1274.7
1083790 1274.7
1083800 1269.1
1083810 1263.2
1083820 1263.2
1083830 1256.8
1083840 1250.2
1083850 1250.2
1083860 1243.6
1083870 1237.1
1083880 1237.1
1083890 1230.6
1083900 1224.2
1083910 1224.2
1083920 1217.8
1083930 1211.5
1083940 1211.5
1083950 1205.2
1083960 1198.8
1083970 1198.8
1083980 1192.6
1083990 1187.3
1084000 1181.7
1084010 1181.7
1084020 1176.3
1084030 1170.6
1084040 1170.6
1084050 1165.0
1084060 1159.8
1084070 1159.8
1084080 1154.3
1084090 1148.6
1084100 1148.6
1084110 1142.7
1084120 1137.0
1084130 1137.0
1084140 1131.4
1084150 1125.2
1084160 1125.2
1084170 1119.2
1084180 1113.2
1084190 1113.2
1084200 1106.6
1084210 1100.5
1084220 1100.5
1084230 1093.9
1084240 1087.8
1084250 1080.7
1084260 1080.7
1084270 1072.4
1084280 1063.1
1084290 1063.1
1084300 1058.6
1084310 1052.8
1084320 1052.8
1084330 1046.7
1084340 1042.9
1084350 1042.9
1084360 1042.0
1084370 1043.8
1084380 1043.8
1084390 1044.6
1084400 1044.0
1084410 1044.0
1084420 1043.2
1084430 1041.0
1084440 1041.0
1084450 1037.3
1084460 1033.5
1084470 1031.1
1084480 1031.1
1084490 1028.4
1084500 1026.5
1084510 1026.5
1084520 1024.1
1084530 1022.6
1084540 1022.6
1084550 1019.6
1084560 1018.7
1084570 1018.7
1084580 1016.8
1084590 1013.3
1084600 1013.3
1084610 1012.2
1084620 1010.0
1084630 1010.0
1084640 1006.3
1084650 1005.9
1084660 1005.9
1084670 1004.0
1084680 1001.1
1084690 1001.1
1084700 999.2
1084710 998.2
1084720 997.1
1084730 997.1
1084740 996.3
1084750 995.2
1084760 995.2
1084770 994.3
1084780 993.9
1084790 993.9
1084800 992.5
1084810 992.0
1084820 992.0
1084830 991.8
1084840 991.6
1084850 991.6
1084860 990.3
1084870 987.5
1084880 987.5
1084890 983.7
1084900 979.8
1084910 979.8
1084920 977.2
1084930 975.9
1084940 980.2
1084950 980.2
1084960 981.3
1084970 982.6
1084980 982.6
1084990 986.1
1085000 988.5
1085010 988.5
1085020 990.4
1085030 992.1
1085040 992.1
1085050 993.4
1085060 994.8
1085070 994.8
1085080 996.9
1085090 999.4
1085100 999.4
1085110 1000.8
1085120 1001.4
1085130 1001.4
1085140 1002.0
1085150 1002.5
1085160 1002.5
1085170 1003.5
1085180 1003.6
1085190 1004.6
1085200 1004.6
1085210 1006.4
1085220 1007.3
1085230 1007.3
1085240 1008.3
1085250 1008.9
1085260 1010.4
1085270 1011.8
1085280 1012.9
1085290 1012.9
1085300 1013.8
1085310 1014.9
1085320 1014.9
1085330 1015.9
1085340 1016.3
1085350 1016.3
1085360 1017.0
1085370 1017.7
1085380 1017.7
1085390 1018.3
1085400 1019.4
1085410 1020.3
1085420 1020.3
1085430 1020.7
1085440 1019.5
1085450 1019.5
1085460 1015.9
1085470 1018.1
1085480 1018.1
1085490 1018.4
1085500 1018.0
1085510 1018.0
1085520 1018.0
1085530 1018.8
1085540 1018.8
1085550 1020.4
1085560 1022.6
1085570 1022.6
1085580 1026.7
1085590 1028.4
1085600 1028.4
1085610 1029.6
1085620 1031.3
1085630 1031.3
1085640 1033.4
1085650 1035.9
1085660 1037.4
1085670 1037.4
1085680 1037.8
1085690 1038.9
1085700 1038.9
1085710 1039.6
1085720 1040.6
1085730 1040.6
1085740 1044.5
1085750 1049.8
1085760 1049.8
1085770 1054.8
1085780 1060.5
1085790 1060.5
1085800 1066.7
1085810 1073.1
1085820 1073.1
1085830 1079.5
1085840 1085.7
1085850 1085.7
1085860 1091.2
1085870 1099.6
1085880 1103.4
1085890 1103.4
1085900 1115.0
1085910 1131.3
1085920 1131.3
1085930 1143.4
1085940 1154.6
1085950 1154.6
1085960 1163.2
1085970 1158.5
1085980 1158.5
1085990 1139.5
1086000 1124.6
1086010 1124.6
1086020 1106.1
1086030 1092.3
1086040 1092.3
1086050 1104.0
1086060 1119.8
1086070 1119.8
1086080 1135.0
1086090 1155.7
1086100 1155.7
1086110 1172.2
1086120 1194.2
1086130 1213.9
1086140 1213.9
1086150 1221.0
1086160 1224.5
1086170 1224.5
1086180 1230.2
1086190 1237.5
1086200 1237.5
1086210 1235.6
1086220 1244.7
1086230 1244.7
1086240 1258.1
1086250 1277.5
1086260 1277.5
1086270 1293.2
1086280 1299.7
1086290 1299.7
1086300 1306.0
1086310 1318.4
1086320 1318.4
1086330 1327.9
1086340 1335.9
1086350 1349.5
1086360 1349.5
1086370 1362.1
1086380 1372.6
1086390 1372.6
1086400 1380.7
1086410 1390.9
1086420 1390.9
1086430 1408.4
1086440 1419.0
1086450 1419.0
1086460 1426.0
1086470 1432.9
1086480 1432.9
1086490 1439.5
1086500 1445.3
1086510 1445.3
1086520 1450.0
1086530 1459.9
1086540 1459.9
1086550 1463.6
1086560 1466.9
1086570 1466.9
1086580 1470.4
1086590 1474.4
1086600 1479.2
1086610 1479.2
1086620 1483.0
1086630 1486.9
1086640 1486.9
1086650 1491.4
1086660 1495.0
1086670 1495.0
1086680 1499.3
1086690 1504.0
1086700 1504.0
1086710 1503.6
1086720 1495.7
1086730 1495.7
1086740 1488.0
1086750 1480.2
1086760 1480.2
1086770 1476.4
1086780 1482.7
1086790 1482.7
1086800 1508.3
1086810 1543.2
1086820 1559.6
1086830 1559.6
1086840 1601.6
1086850 1626.4
1086860 1626.4
1086870 1639.2
1086880 1653.8
1086890 1653.8
1086900 1670.9
1086910 1684.5
1086920 1684.5
1086930 1696.7
1086940 1709.7
1086950 1709.7
1086960 1717.3
1086970 1729.1
1086980 1729.1
1086990 1751.5
1087000 1770.6
1087010 1770.6
1087020 1788.1
1087030 1807.8
1087040 1807.8
1087050 1812.5
1087060 1820.1
1087070 1837.5
1087080 1837.5
1087090 1855.2
1087100 1852.8
1087110 1852.8
1087120 1842.3
1087130 1836.1
1087140 1836.1
1087150 1831.8
1087160 1823.9
1087170 1834.2
1087180 1830.9
1087190 1835.5
1087200 1835.5
1087210 1840.7
1087220 1841.7
1087230 1841.7
1087240 1839.2
1087250 1846.3
1087260 1846.3
1087270 1849.1
1087280 1843.4
1087290 1843.4
1087300 1843.4
1087310 1842.5
1087320 1847.1
1087330 1847.1
1087340 1848.5
1087350 1846.6
1087360 1846.6
1087370 1849.1
1087380 1852.3
1087390 1852.3
1087400 1851.2
1087410 1843.4
1087420 1843.4
1087430 1834.7
1087440 1823.2
1087450 1823.2
1087460 1827.7
1087470 1829.3
1087480 1829.3
1087490 1838.3
1087500 1829.2
1087510 1829.2
1087520 1819.2
1087530 1810.3
1087540 1808.0
1087550 1808.0
1087560 1802.0
1087570 1805.3
1087580 1805.3
1087590 1807.7
1087600 1804.0
1087610 1804.0
1087620 1795.6
1087630 1784.6
1087640 1784.6
1087650 1773.7
1087660 1764.4
1087670 1764.4
1087680 1760.0
1087690 1754.3
1087700 1754.3
1087710 1742.0
1087720 1727.8
1087730 1727.8
1087740 1713.1
1087750 1698.0
1087760 1680.5
1087770 1680.5
1087780 1661.4
1087790 1647.8
1087800 1647.8
1087810 1636.5
1087820 1631.4
1087830 1631.4
1087840 1628.3
1087850 1617.0
1087860 1617.0
1087870 1601.3
1087880 1614.2
1087890 1614.2
1087900 1629.7
1087910 1639.4
1087920 1639.4
1087930 1641.4
1087940 1636.9
1087950 1636.9
1087960 1624.8
1087970 1614.1
1087980 1614.1
1087990 1603.2
1088000 1590.0
1088010 1571.5
1088020 1571.5
1088030 1560.2
1088040 1547.2
1088050 1547.2
1088060 1535.4
1088070 1527.5
1088080 1527.5
1088090 1520.9
1088100 1513.6
1088110 1513.6
1088120 1506.8
1088130 1503.0
1088140 1503.0
1088150 1496.1
1088160 1490.1
1088170 1490.1
1088180 1484.7
1088190 1466.9
1088200 1466.9
1088210 1447.6
1088220 1435.4
1088230 1419.5
1088240 1419.5
1088250 1400.4
1088260 1341.1
1088270 1341.1
1088280 1324.9
1088290 1322.3
1088300 1322.3
1088310 1316.5
1088320 1308.2
1088330 1308.2
1088340 1296.0
1088350 1284.1
1088360 1284.1
1088370 1276.4
1088380 1270.1
1088390 1270.1
1088400 1264.3
1088410 1259.0
1088420 1259.0
1088430 1254.9
1088440 1250.9
1088450 1255.0
1088460 1250.7
1088470 1247.2
1088480 1244.7
1088490 1244.7
1088500 1241.2
1088510 1238.1
1088520 1238.1
1088530 1235.2
1088540 1232.0
1088550 1232.0
1088560 1229.5
1088570 1227.4
1088580 1227.4
1088590 1226.3
1088600 1226.5
1088610 1226.5
1088620 1223.7
1088630 1220.8
1088640 1220.8
1088650 1218.3
1088660 1223.4
1088670 1223.4
1088680 1229.7
1088690 1237.4
1088700 1244.6
1088710 1244.6
1088720 1251.2
1088730 1257.1
1088740 1257.1
1088750 1262.8
1088760 1268.6
1088770 1270.4
1088780 1276.8
1088790 1282.9
1088800 1282.9
1088810 1288.0
1088820 1293.2
1088830 1293.2
1088840 1298.4
1088850 1304.7
1088860 1304.7
1088870 1311.3
1088880 1318.0
1088890 1318.0
1088900 1324.8
1088910 1331.7
1088920 1331.7
1088930 1338.8
1088940 1345.8
1088950 1352.7
1088960 1352.7
1088970 1360.4
1088980 1368.8
1088990 1368.8
1089000 1376.9
1089010 1385.7
1089020 1385.7
1089030 1402.6
1089040 1415.6
1089050 1415.6
1089060 1421.9
1089070 1426.3
1089080 1426.3
1089090 1433.8
1089100 1444.8
1089110 1444.8
1089120 1456.2
1089130 1467.1
1089140 1467.1
1089150 1478.7
1089160 1490.4
1089170 1500.9
1089180 1500.9
1089190 1512.5
1089200 1520.8
1089210 1520.8
1089220 1527.7
1089230 1533.1
1089240 1533.1
1089250 1541.0
1089260 1552.3
1089270 1552.3
1089280 1568.7
1089290 1612.9
1089300 1612.9
1089310 1644.1
1089320 1644.7
1089330 1644.7
1089340 1642.7
1089350 1662.6
1089360 1662.6
1089370 1676.9
1089380 1686.8
1089390 1686.8
1089400 1695.8
1089410 1699.4
1089420 1702.9
1089430 1702.9
1089440 1708.3
1089450 1721.2
1089460 1721.2
1089470 1735.5
1089480 1750.0
1089490 1750.0
1089500 1760.4
1089510 1772.0
1089520 1772.0
1089530 1795.7
1089540 1808.4
1089550 1808.4
1089560 1813.8
1089570 1821.2
1089580 1821.2
1089590 1830.6
1089600 1845.5
1089610 1845.5
1089620 1872.3
1089630 1894.2
1089640 1907.1
1089650 1907.1
1089660 1917.5
1089670 1913.9
1089680 1913.9
1089690 1909.5
1089700 1911.7
1089710 1911.7
1089720 1915.0
1089730 1918.4
1089740 1912.8
1089750 1917.3
1089760 1923.2
1089770 1923.2
1089780 1929.9
1089790 1936.8
1089800 1936.8
1089810 1944.3
1089820 1952.0
1089830 1952.0
1089840 1961.3
1089850 1979.2
1089860 1979.2
1089870 1989.2
1089880 2021.6
1089890 2052.3
1089900 2052.3
1089910 2063.2
1089920 2074.3
1089930 2074.3
1089940 2082.5
1089950 2089.1
1089960 2089.1
1089970 2095.8
1089980 2102.2
1089990 2102.2
1090000 2111.5
1090010 2114.6
1090020 2114.6
1090030 2115.2
1090040 2112.7
1090050 2112.7
1090060 2101.1
1090070 2106.9
1090080 2106.9
1090090 2112.6
1090100 2118.5
1090110 2125.2
1090120 2125.2
1090130 2132.3
1090140 2139.9
1090150 2139.9
1090160 2147.4
1090170 2154.8
1090180 2154.8
1090190 2162.9
1090200 2171.1
1090210 2171.1
1090220 2179.0
1090230 2186.5
1090240 2186.5
1090250 2193.5
1090260 2200.4
1090270 2200.4
1090280 2208.2
1090290 2216.0
1090300 2216.0
1090310 2225.9
1090320 2234.2
1090330 2234.2
1090340 2246.7
1090350 2266.6
1090360 2241.4
1090370 2241.4
1090380 2224.9
1090390 2218.2
1090400 2218.2
1090410 2212.3
1090420 2206.0
1090430 2206.0
1090440 2193.2
1090450 2183.8
1090460 2183.8
1090470 2178.9
1090480 2157.2
1090490 2157.2
1090500 2141.6
1090510 2136.4
1090520 2136.4
1090530 2130.9
1090540 2125.1
1090550 2125.1
1090560 2120.5
1090570 2116.6
1090580 2114.8
1090590 2114.8
1090600 2112.5
1090610 2108.7
1090620 2108.7
1090630 2105.8
1090640 2106.6
1090650 2106.6
1090660 2107.8
1090670 2109.4
1090680 2109.4
1090690 2112.6
1090700 2119.4
1090710 2119.4
1090720 2124.8
1090730 2132.5
1090740 2132.5
1090750 2139.0
1090760 2139.4
1090770 2139.4
1090780 2137.4
1090790 2134.4
1090800 2134.4
1090810 2130.9
1090820 2128.6
1090830 2124.3
1090840 2124.3
1090850 2122.0
1090860 2119.4
1090870 2119.4
1090880 2115.2
1090890 2110.7
1090900 2110.7
1090910 2105.3
1090920 2100.1
1090930 2100.1
1090940 2095.5
1090950 2091.2
1090960 2091.2
1090970 2086.9
1090980 2082.9
1090990 2082.9
1091000 2078.9
1091010 2075.7
1091020 2081.9
1091030 2080.6
1091040 2077.9
1091050 2075.2
1091060 2075.2
1091070 2073.7
1091080 2073.0
1091090 2073.0
1091100 2072.4
1091110 2070.7
1091120 2070.7
1091130 2070.6
1091140 2070.4
1091150 2070.4
1091160 2070.2
1091170 2072.7
1091180 2072.7
1091190 2073.6
1091200 2070.1
1091210 2070.1
1091220 2066.2
1091230 2063.3
1091240 2063.3
1091250 2059.8
1091260 2053.2
1091270 2053.2
1091280 2046.1
1091290 2036.0
1091300 2024.9
1091310 2024.9
1091320 2022.6
1091330 2014.6
1091340 2014.6
1091350 2016.8
1091360 2010.3
1091370 2010.3
1091380 2003.4
1091390 1999.0
1091400 1999.0
1091410 1997.3
1091420 1995.5
1091430 1995.5
1091440 1993.9
1091450 1992.1
1091460 1992.1
1091470 1993.1
1091480 1992.5
1091490 1992.5
1091500 1983.3
1091510 1973.6
1091520 1969.4
1091530 1969.4
1091540 1962.4
1091550 1954.6
1091560 1954.6
1091570 1948.7
1091580 1942.2
1091590 1942.2
1091600 1933.8
1091610 1926.0
1091620 1926.0
1091630 1927.2
1091640 1925.6
1091650 1925.6
1091660 1920.6
1091670 1919.8
1091680 1919.8
1091690 1917.2
1091700 1917.3
1091710 1917.3
1091720 1916.8
1091730 1915.2
1091740 1915.2
1091750 1915.8
1091760 1920.1
1091770 1920.5
1091780 1920.5
1091790 1921.4
1091800 1924.2
1091810 1924.2
1091820 1926.4
1091830 1926.1
1091840 1926.1
1091850 1926.1
1091860 1926.7
1091870 1926.7
1091880 1928.4
1091890 1934.2
1091900 1934.2
1091910 1938.7
1091920 1940.6
1091930 1940.6
1091940 1939.3
1091950 1937.6
1091960 1937.6
1091970 1939.6
1091980 1939.8
1091990 1943.3
1092000 1943.3
1092010 1944.3
1092020 1945.4
1092030 1945.4
1092040 1945.9
1092050 1946.4
1092060 1946.4
1092070 1948.9
1092080 1952.9
1092090 1952.9
1092100 1957.4
1092110 1961.0
1092120 1961.0
1092130 1964.5
1092140 1968.1
1092150 1968.1
1092160 1970.5
1092170 1972.1
1092180 1972.1
1092190 1974.6
1092200 1976.9
1092210 1976.9
1092220 1978.2
1092230 1978.9
1092240 1979.6
1092250 1979.6
1092260 1980.6
1092270 1981.3
1092280 1981.3
1092290 1981.7
1092300 1982.7
1092310 1982.7
1092320 1981.9
1092330 1983.0
1092340 1983.0
1092350 1984.7
1092360 1985.9
1092370 1985.9
1092380 1987.9
1092390 1991.9
1092400 1991.9
1092410 1993.9
1092420 1994.8
1092430 1994.8
1092440 1995.4
1092450 1996.4
1092460 1997.3
1092470 1997.3
1092480 1996.4
1092490 1994.5
1092500 1994.5
1092510 1992.8
1092520 1990.4
1092530 1990.4
1092540 1987.8
1092550 1988.7
1092560 1988.7
1092570 1992.5
1092580 1996.8
1092590 1996.8
1092600 2001.6
1092610 2007.2
1092620 2007.2
1092630 2013.4
1092640 2021.3
1092650 2021.3
1092660 2028.0
1092670 2034.7
1092680 2034.7
1092690 2041.5
1092700 2048.2
1092710 2054.5
1092720 2054.5
1092730 2064.2
1092740 2076.9
1092750 2076.9
1092760 2082.4
1092770 2092.9
1092780 2092.9
1092790 2103.2
1092800 2115.5
1092810 2115.5
1092820 2123.9
1092830 2137.2
1092840 2137.2
1092850 2141.3
1092860 2138.2
1092870 2138.2
1092880 2123.4
1092890 2105.3
1092900 2105.3
1092910 2091.8
1092920 2072.4
1092930 2061.9
1092940 2061.9
1092950 2053.9
1092960 2043.5
1092970 2043.5
1092980 2036.8
1092990 2030.5
1093000 2030.5
1093010 2023.8
1093020 2017.2
1093030 2017.2
1093040 2010.8
1093050 2004.1
1093060 2004.1
1093070 1997.4
1093080 1990.5
1093090 1990.5
1093100 1983.8
1093110 1977.2
1093120 1977.2
1093130 1970.3
1093140 1963.5
1093150 1963.5
1093160 1956.7
1093170 1950.8
1093180 1946.3
1093190 1946.3
1093200 1942.4
1093210 1938.3
1093220 1938.3
1093230 1934.5
1093240 1930.3
1093250 1930.3
1093260 1926.1
1093270 1924.1
1093280 1924.1
1093290 1923.9
1093300 1921.1
1093310 1921.1
1093320 1919.1
1093330 1915.4
1093340 1915.4
1093350 1913.2
1093360 1912.3
1093370 1912.3
1093380 1912.3
1093390 1913.9
1093400 1916.5
1093410 1916.5
1093420 1919.3
1093430 1920.1
1093440 1920.1
1093450 1919.8
1093460 1919.2
1093470 1919.2
1093480 1917.0
1093490 1914.2
1093500 1914.2
1093510 1913.2
1093520 1912.9
1093530 1912.9
1093540 1914.9
1093550 1919.5
1093560 1919.5
1093570 1924.5
1093580 1928.7
1093590 1928.7
1093600 1933.2
1093610 1942.7
1093620 1942.7
1093630 1947.4
1093640 1952.2
1093650 1956.6
1093660 1956.6
1093670 1960.3
1093680 1967.7
1093690 1967.7
1093700 1975.9
1093710 1988.1
1093720 1988.1
1093730 2001.7
1093740 2014.4
1093750 2014.4
1093760 2020.3
1093770 2027.6
1093780 2027.6
1093790 2034.5
1093800 2036.1
1093810 2036.1
1093820 2039.3
1093830 2045.7
1093840 2045.7
1093850 2041.5
1093860 2029.4
1093870 2020.9
1093880 2020.9
1093890 2015.1
1093900 2013.8
1093910 2013.8
1093920 2014.6
1093930 2011.9
1093940 2004.4
1093950 2003.1
1093960 1997.3
1093970 1997.3
1093980 1984.3
1093990 1970.0
1094000 1970.0
1094010 1960.2
1094020 1955.0
1094030 1955.0
1094040 1947.1
1094050 1936.8
1094060 1936.8
1094070 1927.8
1094080 1926.7
1094090 1926.7
1094100 1927.7
1094110 1917.0
1094120 1899.4
1094130 1899.4
1094140 1889.8
1094150 1875.4
1094160 1875.4
1094170 1863.2
1094180 1857.0
1094190 1857.0
1094200 1850.1
1094210 1843.3
1094220 1843.3
1094230 1835.8
1094240 1830.0
1094250 1830.0
1094260 1822.5
1094270 1819.1
1094280 1819.1
1094290 1810.5
1094300 1804.5
1094310 1804.5
1094320 1799.4
1094330 1788.7
1094340 1779.3
1094350 1779.3
1094360 1770.7
1094370 1761.6
1094380 1761.6
1094390 1749.1
1094400 1735.0
1094410 1735.0
1094420 1723.5
1094430 1714.8
1094440 1714.8
1094450 1707.1
1094460 1697.9
1094470 1697.9
1094480 1684.0
1094490 1675.1
1094500 1675.1
1094510 1663.8
1094520 1657.2
1094530 1657.2
1094540 1649.7
1094550 1641.9
1094560 1641.9
1094570 1639.1
1094580 1632.5
1094590 1613.9
1094600 1613.9
1094610 1590.7
1094620 1577.1
1094630 1577.1
1094640 1557.0
1094650 1542.8
1094660 1542.8
1094670 1534.7
1094680 1518.8
1094690 1518.8
1094700 1495.8
1094710 1489.1
1094720 1489.1
1094730 1481.1
1094740 1460.6
1094750 1460.6
1094760 1437.0
1094770 1411.1
1094780 1411.1
1094790 1384.3
1094800 1369.2
1094810 1364.7
1094820 1364.7
1094830 1377.0
1094840 1376.1
1094850 1376.1
1094860 1352.6
1094870 1322.2
1094880 1322.2
1094890 1288.0
1094900 1263.3
1094910 1258.4
1094920 1254.0
1094930 1250.0
1094940 1250.0
1094950 1246.0
1094960 1242.1
1094970 1242.1
1094980 1237.3
1094990 1235.4
1095000 1235.4
1095010 1235.6
1095020 1236.1
1095030 1236.1
1095040 1235.5
1095050 1234.2
1095060 1230.6
1095070 1230.6
1095080 1224.5
1095090 1217.8
1095100 1217.8
1095110 1210.6
1095120 1204.3
1095130 1204.3
1095140 1196.4
1095150 1192.1
1095160 1192.1
1095170 1188.1
1095180 1184.8
1095190 1184.8
1095200 1178.2
1095210 1175.2
1095220 1175.2
1095230 1178.6
1095240 1175.1
1095250 1175.1
1095260 1168.4
1095270 1155.3
1095280 1141.5
1095290 1141.5
1095300 1117.0
1095310 1103.1
1095320 1103.1
1095330 1092.0
1095340 1084.1
1095350 1084.1
1095360 1074.6
1095370 1064.6
1095380 1064.6
1095390 1057.1
1095400 1054.5
1095410 1054.5
1095420 1055.0
1095430 1049.4
1095440 1049.4
1095450 1041.9
1095460 1036.8
1095470 1036.8
1095480 1035.2
1095490 1036.0
1095500 1036.0
1095510 1031.0
1095520 1028.5
1095530 1024.5
1095540 1024.5
1095550 1020.0
1095560 1011.9
1095570 1002.0
1095580 992.9
1095590 985.6
1095600 985.6
1095610 982.2
1095620 982.9
1095630 982.9
1095640 983.8
1095650 979.3
1095660 979.3
1095670 975.4
1095680 968.7
1095690 968.7
1095700 953.4
1095710 941.8
1095720 941.8
1095730 931.9
1095740 927.1
1095750 925.3
1095760 925.3
1095770 918.0
1095780 907.8
1095790 907.8
1095800 899.8
1095810 897.9
1095820 897.9
1095830 896.4
1095840 896.9
1095850 896.9
1095860 894.6
1095870 889.0
1095880 889.0
1095890 880.8
1095900 876.7
1095910 876.7
1095920 872.6
1095930 867.2
1095940 867.2
1095950 860.7
1095960 856.0
1095970 853.0
1095980 853.0
1095990 848.9
1096000 845.9
1096010 845.9
1096020 843.3
1096030 839.9
1096040 839.9
1096050 832.6
1096060 827.7
1096070 827.7
1096080 823.2
1096090 819.6
1096100 819.6
1096110 818.3
1096120 814.2
1096130 814.2
1096140 809.2
1096150 804.8
1096160 804.8
1096170 801.1
1096180 798.6
1096190 798.6
1096200 796.6
1096210 794.0
1096220 800.4
1096230 800.4
1096240 797.6
1096250 789.1
1096260 789.1
1096270 785.3
1096280 783.1
1096290 783.1
1096300 780.2
1096310 777.6
1096320 777.6
1096330 774.5
1096340 772.1
1096350 772.1
1096360 770.7
1096370 769.8
1096380 769.8
1096390 768.3
1096400 766.6
1096410 766.6
1096420 764.7
1096430 762.6
1096440 760.6
1096450 760.6
1096460 759.0
1096470 757.5
1096480 757.5
1096490 756.2
1096500 755.1
1096510 755.1
1096520 753.6
1096530 751.8
1096540 751.8
1096550 746.1
1096560 743.1
1096570 743.1
1096580 740.4
1096590 738.0
1096600 738.0
1096610 735.9
1096620 734.1
1096630 734.1
1096640 732.1
1096650 730.2
1096660 730.2
1096670 728.5
1096680 726.6
1096690 724.8
1096700 724.8
1096710 723.2
1096720 721.5
1096730 721.5
1096740 719.7
1096750 718.2
1096760 718.2
1096770 716.2
1096780 714.4
1096790 714.4
1096800 712.4
1096810 710.2
1096820 710.2
1096830 708.2
1096840 706.3
1096850 706.3
1096860 704.5
1096870 702.0
1096880 702.0
1096890 700.6
1096900 699.2
1096910 697.4
1096920 697.4
1096930 695.3
1096940 693.7
1096950 693.7
1096960 692.0
1096970 690.3
1096980 690.3
1096990 688.9
1097000 687.3
1097010 687.3
1097020 685.8
1097030 684.3
1097040 684.3
1097050 683.0
1097060 681.8
1097070 681.8
1097080 680.6
1097090 679.4
1097100 679.4
1097110 677.9
1097120 676.3
1097130 676.3
1097140 674.4
1097150 672.6
1097160 671.5
1097170 671.5
1097180 670.2
1097190 668.9
1097200 668.4
1097210 667.1
1097220 665.8
1097230 665.8
1097240 664.2
1097250 662.5
1097260 662.5
1097270 661.0
1097280 659.7
1097290 659.7
1097300 658.3
1097310 656.9
1097320 656.9
1097330 655.6
1097340 654.3
1097350 654.3
1097360 652.9
1097370 651.5
1097380 650.1
1097390 650.1
1097400 648.7
1097410 647.1
1097420 647.1
1097430 645.5
1097440 644.4
1097450 644.4
1097460 642.8
1097470 641.1
1097480 641.1
1097490 639.8
1097500 638.6
1097510 638.6
1097520 637.6
1097530 636.6
1097540 636.6
1097550 635.7
1097560 634.4
1097570 634.4
1097580 633.1
1097590 631.6
1097600 631.6
1097610 630.3
1097620 627.5
1097630 621.3
1097640 621.3
1097650 619.1
1097660 617.9
1097670 617.9
1097680 617.8
1097690 617.7
1097700 617.7
1097710 617.6
1097720 617.4
1097730 617.4
1097740 617.3
1097750 616.1
1097760 616.1
1097770 614.0
1097780 613.7
1097790 613.7
1097800 614.6
1097810 618.0
1097820 618.0
1097830 618.8
1097840 617.1
1097850 617.4
1097860 617.2
1097870 617.6
1097880 617.9
1097890 617.9
1097900 618.2
1097910 618.4
1097920 618.4
1097930 618.7
1097940 619.0
1097950 619.0
1097960 619.3
1097970 619.5
1097980 619.5
1097990 619.7
1098000 620.0
1098010 620.0
1098020 620.2
1098030 620.3
1098040 620.3
1098050 620.9
1098060 622.6
1098070 622.6
1098080 623.1
1098090 623.6
1098100 624.3
1098110 624.3
1098120 623.9
1098130 623.6
1098140 623.6
1098150 623.9
1098160 623.9
1098170 623.9
1098180 623.6
1098190 624.2
1098200 624.2
1098210 625.0
1098220 629.0
1098230 629.0
1098240 629.2
1098250 628.9
1098260 628.9
1098270 629.4
1098280 630.4
1098290 630.4
1098300 631.3
1098310 632.0
1098320 632.6
1098330 632.6
1098340 633.4
1098350 634.0
1098360 634.0
1098370 634.7
1098380 635.3
1098390 635.3
1098400 636.0
1098410 636.8
1098420 636.8
1098430 637.4
1098440 638.2
1098450 638.2
1098460 639.0
1098470 639.7
1098480 639.7
1098490 640.1
1098500 640.9
1098510 640.8
1098520 641.6
1098530 642.5
1098540 642.5
1098550 644.1
1098560 644.8
1098570 645.7
1098580 645.7
1098590 646.9
1098600 647.7
1098610 647.7
1098620 648.2
1098630 649.0
1098640 649.0
1098650 650.0
1098660 650.3
1098670 650.3
1098680 650.9
1098690 651.5
1098700 651.5
1098710 652.6
1098720 653.8
1098730 653.8
1098740 654.8
1098750 655.8
1098760 655.8
1098770 658.2
1098780 658.5
1098790 659.5
1098800 659.5
1098810 661.2
1098820 661.8
1098830 661.8
1098840 661.6
1098850 663.5
1098860 663.5
1098870 664.6
1098880 665.2
1098890 665.2
1098900 665.4
1098910 669.1
1098920 669.1
1098930 673.8
1098940 679.7
1098950 679.7
1098960 684.3
1098970 691.8
1098980 691.8
1098990 699.0
1099000 707.8
1099010 707.8
1099020 719.7
1099030 728.3
1099040 736.8
1099050 736.8
1099060 745.1
1099070 752.0
1099080 752.0
1099090 759.1
1099100 766.7
1099110 766.7
1099120 774.4
1099130 782.8
1099140 782.8
1099150 790.6
1099160 797.6
1099170 798.6
1099180 805.1
1099190 811.5
1099200 811.5
1099210 817.4
1099220 822.5
1099230 822.5
1099240 828.0
1099250 833.5
1099260 838.9
1099270 838.9
1099280 844.1
1099290 849.7
1099300 849.7
1099310 854.8
1099320 859.1
1099330 859.1
1099340 864.2
1099350 870.7
1099360 870.7
1099370 877.6
1099380 885.4
1099390 885.4
1099400 893.6
1099410 901.9
1099420 901.9
1099430 909.7
1099440 915.9
1099450 915.9
1099460 919.0
1099470 922.7
1099480 922.7
1099490 927.1
1099500 935.7
1099510 941.3
1099520 941.3
1099530 945.2
1099540 946.9
1099550 946.9
1099560 948.0
1099570 948.9
1099580 948.9
1099590 951.6
1099600 956.1
1099610 956.1
1099620 961.2
1099630 967.6
1099640 967.6
1099650 974.8
1099660 979.6
1099670 979.6
1099680 985.6
1099690 991.2
1099700 991.2
1099710 996.8
1099720 1003.0
1099730 1009.2
1099740 1009.2
1099750 1014.9
1099760 1020.3
1099770 1020.3
1099780 1024.3
1099790 1028.9
1099800 1028.9
1099810 1033.9
1099820 1038.8
1099830 1039.2
1099840 1044.2
1099850 1050.0
1099860 1050.0
1099870 1056.3
1099880 1062.3
1099890 1062.3
1099900 1068.1
1099910 1074.0
1099920 1074.0
1099930 1079.2
1099940 1084.2
1099950 1084.2
1099960 1088.5
1099970 1091.9
1099980 1094.8
1099990 1094.8
