1080000 1715.4
1080010 1715.6
1080020 1715.3
1080030 1714.2
1080040 1714.2
1080050 1712.9
1080060 1710.6
1080070 1710.6
1080080 1708.4
1080090 1706.5
1080100 1706.5
1080110 1703.4
1080120 1700.8
1080130 1700.8
1080140 1699.5
1080150 1698.7
1080160 1698.7
1080170 1697.6
1080180 1695.7
1080190 1695.7
1080200 1693.3
1080210 1692.0
1080220 1692.0
1080230 1690.4
1080240 1693.9
1080250 1693.9
1080260 1692.1
1080270 1689.2
1080280 1686.4
1080290 1686.4
1080300 1684.5
1080310 1682.6
1080320 1682.6
1080330 1680.5
1080340 1677.5
1080350 1677.5
1080360 1674.0
1080370 1670.5
1080380 1670.5
1080390 1667.2
1080400 1664.1
1080410 1664.1
1080420 1661.2
1080430 1658.3
1080440 1658.3
1080450 1655.6
1080460 1653.0
1080470 1653.0
1080480 1651.0
1080490 1651.4
1080500 1651.4
1080510 1650.9
1080520 1649.2
1080530 1649.6
1080540 1649.6
1080550 1653.7
1080560 1651.9
1080570 1651.9
1080580 1650.7
1080590 1649.9
1080600 1649.9
1080610 1649.3
1080620 1647.5
1080630 1647.5
1080640 1646.7
1080650 1647.1
1080660 1647.1
1080670 1647.1
1080680 1648.0
1080690 1648.0
1080700 1649.2
1080710 1648.7
1080720 1648.7
1080730 1647.9
1080740 1647.4
1080750 1647.7
1080760 1647.7
1080770 1647.0
1080780 1645.5
1080790 1645.5
1080800 1645.9
1080810 1646.5
1080820 1646.5
1080830 1647.3
1080840 1649.6
1080850 1649.6
1080860 1657.4
1080870 1657.2
1080880 1657.2
1080890 1656.6
1080900 1655.0
1080910 1655.0
1080920 1655.6
1080930 1657.5
1080940 1657.5
1080950 1658.6
1080960 1658.7
1080970 1658.7
1080980 1658.9
1080990 1660.7
1081000 1663.6
1081010 1663.6
1081020 1664.6
1081030 1665.2
1081040 1665.2
1081050 1665.4
1081060 1666.8
1081070 1666.8
1081080 1666.9
1081090 1667.2
1081100 1667.2
1081110 1667.0
1081120 1665.6
1081130 1665.6
1081140 1664.3
1081150 1662.5
1081160 1662.5
1081170 1662.1
1081180 1669.1
1081190 1669.1
1081200 1668.7
1081210 1668.1
1081220 1666.8
1081230 1666.8
1081240 1665.0
1081250 1662.9
1081260 1662.9
1081270 1662.5
1081280 1659.1
1081290 1659.1
1081300 1655.3
1081310 1652.5
1081320 1652.5
1081330 1651.4
1081340 1651.9
1081350 1651.9
1081360 1653.7
1081370 1654.2
1081380 1654.2
1081390 1656.5
1081400 1655.4
1081410 1655.4
1081420 1654.0
1081430 1654.0
1081440 1654.0
1081450 1653.6
1081460 1652.9
1081470 1655.3
1081480 1655.3
1081490 1662.3
1081500 1659.8
1081510 1659.8
1081520 1656.2
1081530 1651.1
1081540 1651.1
1081550 1648.3
1081560 1647.0
1081570 1647.0
1081580 1645.8
1081590 1644.3
1081600 1644.3
1081610 1642.6
1081620 1640.7
1081630 1640.7
1081640 1640.5
1081650 1639.4
1081660 1639.4
1081670 1637.3
1081680 1635.5
1081690 1632.8
1081700 1632.8
1081710 1630.9
1081720 1636.0
1081730 1636.0
1081740 1637.8
1081750 1637.7
1081760 1637.7
1081770 1637.9
1081780 1638.4
1081790 1638.4
1081800 1638.5
1081810 1647.5
1081820 1647.5
1081830 1647.7
1081840 1646.9
1081850 1646.9
1081860 1645.8
1081870 1644.6
1081880 1644.6
1081890 1644.8
1081900 1645.0
1081910 1645.0
1081920 1644.5
1081930 1643.8
1081940 1643.8
1081950 1643.8
1081960 1643.5
1081970 1643.0
1081980 1643.0
1081990 1641.1
1082000 1639.1
1082010 1639.1
1082020 1638.4
1082030 1636.7
1082040 1636.7
1082050 1635.2
1082060 1633.9
1082070 1633.9
1082080 1633.0
1082090 1631.1
1082100 1631.1
1082110 1627.8
1082120 1630.4
1082130 1630.4
1082140 1628.4
1082150 1625.8
1082160 1620.0
1082170 1620.0
1082180 1616.2
1082190 1618.1
1082200 1618.1
1082210 1619.9
1082220 1620.3
1082230 1620.3
1082240 1619.7
1082250 1617.8
1082260 1617.8
1082270 1614.2
1082280 1609.7
1082290 1609.7
1082300 1606.4
1082310 1604.7
1082320 1604.7
1082330 1603.7
1082340 1605.2
1082350 1605.2
1082360 1606.6
1082370 1605.6
1082380 1605.6
1082390 1604.5
1082400 1605.3
1082410 1606.6
1082420 1606.6
1082430 1605.9
1082440 1611.6
1082450 1611.6
1082460 1610.0
1082470 1607.8
1082480 1607.8
1082490 1605.4
1082500 1603.2
1082510 1603.2
1082520 1601.4
1082530 1598.6
1082540 1598.6
1082550 1596.3
1082560 1594.2
1082570 1594.2
1082580 1592.2
1082590 1590.4
1082600 1590.4
1082610 1588.0
1082620 1585.0
1082630 1583.6
1082640 1583.6
1082650 1583.1
1082660 1582.4
1082670 1582.4
1082680 1581.4
1082690 1579.8
1082700 1579.8
1082710 1577.5
1082720 1575.0
1082730 1575.0
1082740 1572.5
1082750 1570.3
1082760 1574.3
1082770 1571.6
1082780 1569.1
1082790 1569.1
1082800 1565.7
1082810 1561.7
1082820 1561.7
1082830 1560.0
1082840 1558.6
1082850 1558.6
1082860 1555.4
1082870 1551.4
1082880 1546.4
1082890 1546.4
1082900 1541.6
1082910 1536.3
1082920 1536.3
1082930 1530.9
1082940 1525.8
1082950 1525.8
1082960 1521.9
1082970 1518.6
1082980 1518.6
1082990 1514.2
1083000 1508.9
1083010 1508.9
1083020 1504.0
1083030 1500.1
1083040 1500.1
1083050 1495.8
1083060 1492.0
1083070 1498.1
1083080 1493.4
1083090 1488.0
1083100 1483.3
1083110 1483.3
1083120 1478.6
1083130 1473.6
1083140 1473.6
1083150 1468.7
1083160 1465.0
1083170 1465.0
1083180 1462.2
1083190 1459.3
1083200 1459.3
1083210 1456.4
1083220 1453.0
1083230 1453.0
1083240 1448.8
1083250 1444.6
1083260 1444.6
1083270 1439.7
1083280 1435.2
1083290 1435.2
1083300 1431.7
1083310 1427.2
1083320 1427.2
1083330 1421.2
1083340 1415.8
1083350 1411.1
1083360 1411.1
1083370 1406.3
1083380 1401.5
1083390 1405.6
1083400 1400.2
1083410 1394.9
1083420 1394.9
1083430 1390.0
1083440 1385.0
1083450 1385.0
1083460 1380.6
1083470 1376.1
1083480 1376.1
1083490 1372.0
1083500 1368.1
1083510 1368.1
1083520 1364.1
1083530 1359.8
1083540 1359.8
1083550 1354.8
1083560 1349.5
1083570 1344.2
1083580 1344.2
1083590 1339.0
1083600 1334.1
1083610 1334.1
1083620 1328.9
1083630 1323.6
1083640 1323.6
1083650 1317.8
1083660 1311.5
1083670 1311.5
1083680 1305.0
1083690 1298.4
1083700 1298.4
1083710 1294.2
1083720 1288.2
1083730 1288.2
1083740 1282.3
1083750 1276.3
1083760 1276.3
1083770 1270.8
1083780 1265.6
1083790 1265.6
1083800 1260.5
1083810 1256.0
1083820 1250.9
1083830 1250.9
1083840 1245.9
1083850 1240.6
1083860 1240.6
1083870 1235.3
1083880 1230.1
1083890 1230.1
1083900 1223.8
1083910 1217.6
1083920 1217.6
1083930 1211.3
1083940 1204.9
1083950 1204.9
1083960 1199.1
1083970 1193.3
1083980 1193.3
1083990 1187.1
1084000 1180.9
1084010 1180.9
1084020 1176.8
1084030 1171.5
1084040 1165.5
1084050 1165.5
1084060 1157.4
1084070 1147.7
1084080 1147.7
1084090 1138.7
1084100 1131.5
1084110 1131.5
1084120 1122.2
1084130 1118.0
1084140 1118.0
1084150 1118.9
1084160 1118.9
1084170 1118.9
1084180 1116.7
1084190 1113.5
1084200 1113.5
1084210 1107.0
1084220 1105.2
1084230 1105.2
1084240 1105.6
1084250 1103.2
1084260 1103.2
1084270 1100.8
1084280 1098.2
1084290 1095.0
1084300 1095.0
1084310 1090.7
1084320 1085.8
1084330 1085.8
1084340 1080.5
1084350 1078.3
1084360 1078.3
1084370 1074.2
1084380 1070.6
1084390 1070.6
1084400 1067.1
1084410 1064.3
1084420 1064.3
1084430 1059.2
1084440 1054.4
1084450 1054.4
1084460 1050.0
1084470 1044.9
1084480 1044.9
1084490 1040.8
1084500 1037.7
1084510 1035.0
1084520 1035.0
1084530 1032.7
1084540 1028.3
1084550 1028.3
1084560 1026.0
1084570 1024.2
1084580 1024.2
1084590 1022.0
1084600 1019.8
1084610 1019.8
1084620 1017.7
1084630 1015.7
1084640 1015.7
1084650 1013.6
1084660 1009.7
1084670 1009.7
1084680 1008.4
1084690 1007.5
1084700 1007.5
1084710 1006.0
1084720 1004.3
1084730 1004.3
1084740 1002.8
1084750 1000.5
1084760 999.3
1084770 999.3
1084780 996.9
1084790 995.3
1084800 995.3
1084810 994.2
1084820 992.2
1084830 992.2
1084840 991.7
1084850 990.8
1084860 990.8
1084870 990.9
1084880 990.4
1084890 990.4
1084900 986.6
1084910 980.8
1084920 980.8
1084930 977.3
1084940 976.4
1084950 976.4
1084960 975.7
1084970 974.7
1084980 973.9
1084990 973.9
1085000 972.3
1085010 973.6
1085020 973.6
1085030 973.9
1085040 976.0
1085050 976.0
1085060 982.2
1085070 987.5
1085080 987.5
1085090 987.8
1085100 987.7
1085110 987.7
1085120 987.7
1085130 988.0
1085140 988.0
1085150 989.7
1085160 992.4
1085170 992.4
1085180 995.0
1085190 995.3
1085200 995.3
1085210 995.5
1085220 996.0
1085230 996.7
1085240 996.7
1085250 997.4
1085260 999.0
1085270 999.0
1085280 999.8
1085290 1004.3
1085300 1004.3
1085310 1004.7
1085320 1004.8
1085330 1004.8
1085340 1005.7
1085350 1007.4
1085360 1007.4
1085370 1006.9
1085380 1008.3
1085390 1008.3
1085400 1007.9
1085410 1008.4
1085420 1008.4
1085430 1009.2
1085440 1005.5
1085450 1004.3
1085460 1004.3
1085470 1003.9
1085480 1008.5
1085490 1008.5
1085500 1009.7
1085510 1010.1
1085520 1010.1
1085530 1010.1
1085540 1011.5
1085550 1011.5
1085560 1012.7
1085570 1012.9
1085580 1012.9
1085590 1013.2
1085600 1015.4
1085610 1019.9
1085620 1021.3
1085630 1021.9
1085640 1021.9
1085650 1022.5
1085660 1023.0
1085670 1023.0
1085680 1024.7
1085690 1024.9
1085700 1025.4
1085710 1025.4
1085720 1029.2
1085730 1033.4
1085740 1033.4
1085750 1036.5
1085760 1039.7
1085770 1039.7
1085780 1043.4
1085790 1047.0
1085800 1047.0
1085810 1050.8
1085820 1052.5
1085830 1052.5
1085840 1052.7
1085850 1055.4
1085860 1055.4
1085870 1058.1
1085880 1059.0
1085890 1059.0
1085900 1061.5
1085910 1081.7
1085920 1078.9
1085930 1091.4
1085940 1078.3
1085950 1064.7
1085960 1064.7
1085970 1064.6
1085980 1085.6
1085990 1085.6
1086000 1116.8
1086010 1141.0
1086020 1141.0
1086030 1157.3
1086040 1171.8
1086050 1171.8
1086060 1184.3
1086070 1187.9
1086080 1187.9
1086090 1188.7
1086100 1184.9
1086110 1184.9
1086120 1187.0
1086130 1221.2
1086140 1221.2
1086150 1243.7
1086160 1247.1
1086170 1253.5
1086180 1253.5
1086190 1261.4
1086200 1266.6
1086210 1266.6
1086220 1273.3
1086230 1283.9
1086240 1283.9
1086250 1301.8
1086260 1312.3
1086270 1312.3
1086280 1316.6
1086290 1322.9
1086300 1322.9
1086310 1329.3
1086320 1335.7
1086330 1335.7
1086340 1339.9
1086350 1345.3
1086360 1345.3
1086370 1350.5
1086380 1356.5
1086390 1362.0
1086400 1362.0
1086410 1363.8
1086420 1369.2
1086430 1369.2
1086440 1380.4
1086450 1394.1
1086460 1394.1
1086470 1407.4
1086480 1416.1
1086490 1416.1
1086500 1422.3
1086510 1426.8
1086520 1426.8
1086530 1429.0
1086540 1429.7
1086550 1429.7
1086560 1430.9
1086570 1438.3
1086580 1438.3
1086590 1441.2
1086600 1444.0
1086610 1444.0
1086620 1444.7
1086630 1444.6
1086640 1446.9
1086650 1446.9
1086660 1450.6
1086670 1452.4
1086680 1452.4
1086690 1444.6
1086700 1438.0
1086710 1438.0
1086720 1432.1
1086730 1427.1
1086740 1427.1
1086750 1427.7
1086760 1440.1
1086770 1440.1
1086780 1459.2
1086790 1473.4
1086800 1473.4
1086810 1496.8
1086820 1518.2
1086830 1518.2
1086840 1536.6
1086850 1541.6
1086860 1538.2
1086870 1538.2
1086880 1539.1
1086890 1562.2
1086900 1562.2
1086910 1580.4
1086920 1608.7
1086930 1608.7
1086940 1636.7
1086950 1654.4
1086960 1654.4
1086970 1665.5
1086980 1682.9
1086990 1682.9
1087000 1706.7
1087010 1726.9
1087020 1726.9
1087030 1731.4
1087040 1744.7
1087050 1744.7
1087060 1762.6
1087070 1779.3
1087080 1779.3
1087090 1777.3
1087100 1771.9
1087110 1767.3
1087120 1767.3
1087130 1765.6
1087140 1762.4
1087150 1762.4
1087160 1763.0
1087170 1763.0
1087180 1763.0
1087190 1761.0
1087200 1766.2
1087210 1773.8
1087220 1784.0
1087230 1783.9
1087240 1783.9
1087250 1780.3
1087260 1782.2
1087270 1782.2
1087280 1784.7
1087290 1781.0
1087300 1781.0
1087310 1781.3
1087320 1777.2
1087330 1772.5
1087340 1772.5
1087350 1778.3
1087360 1789.2
1087370 1789.2
1087380 1801.5
1087390 1804.3
1087400 1804.3
1087410 1794.4
1087420 1784.3
1087430 1784.3
1087440 1775.1
1087450 1760.9
1087460 1760.9
1087470 1756.5
1087480 1761.2
1087490 1761.2
1087500 1763.9
1087510 1764.1
1087520 1764.1
1087530 1774.5
1087540 1765.6
1087550 1765.6
1087560 1754.7
1087570 1744.1
1087580 1736.3
1087590 1736.3
1087600 1734.9
1087610 1734.3
1087620 1734.3
1087630 1736.9
1087640 1743.0
1087650 1743.0
1087660 1740.2
1087670 1729.3
1087680 1729.3
1087690 1716.9
1087700 1704.0
1087710 1704.0
1087720 1693.3
1087730 1679.3
1087740 1679.3
1087750 1668.9
1087760 1661.2
1087770 1661.2
1087780 1652.0
1087790 1640.1
1087800 1627.0
1087810 1627.0
1087820 1614.2
1087830 1601.6
1087840 1601.6
1087850 1587.0
1087860 1568.3
1087870 1568.3
1087880 1550.5
1087890 1555.8
1087900 1555.8
1087910 1567.3
1087920 1569.8
1087930 1569.8
1087940 1571.4
1087950 1569.2
1087960 1569.2
1087970 1564.9
1087980 1564.7
1087990 1564.7
1088000 1562.2
1088010 1555.7
1088020 1555.7
1088030 1543.6
1088040 1534.4
1088050 1527.6
1088060 1527.6
1088070 1520.2
1088080 1509.5
1088090 1509.5
1088100 1495.2
1088110 1474.5
1088120 1474.5
1088130 1460.2
1088140 1448.1
1088150 1448.1
1088160 1427.1
1088170 1419.6
1088180 1419.6
1088190 1432.5
1088200 1434.3
1088210 1434.3
1088220 1430.1
1088230 1423.1
1088240 1423.1
1088250 1414.1
1088260 1386.5
1088270 1367.8
1088280 1367.8
1088290 1333.2
1088300 1302.7
1088310 1302.7
1088320 1283.2
1088330 1274.2
1088340 1274.2
1088350 1267.0
1088360 1261.6
1088370 1261.6
1088380 1256.2
1088390 1250.6
1088400 1250.6
1088410 1245.2
1088420 1239.7
1088430 1239.7
1088440 1234.4
1088450 1228.9
1088460 1228.9
1088470 1223.6
1088480 1219.1
1088490 1222.6
1088500 1219.3
1088510 1216.2
1088520 1213.9
1088530 1213.9
1088540 1212.8
1088550 1212.1
1088560 1212.1
1088570 1211.2
1088580 1209.9
1088590 1209.9
1088600 1209.4
1088610 1206.7
1088620 1206.7
1088630 1204.7
1088640 1205.7
1088650 1205.7
1088660 1208.8
1088670 1216.2
1088680 1216.2
1088690 1223.6
1088700 1229.8
1088710 1229.8
1088720 1236.1
1088730 1241.7
1088740 1247.7
1088750 1247.7
1088760 1253.8
1088770 1260.2
1088780 1260.2
1088790 1266.6
1088800 1273.1
1088810 1275.5
1088820 1282.2
1088830 1289.1
1088840 1289.1
1088850 1295.8
1088860 1302.7
1088870 1302.7
1088880 1310.3
1088890 1317.6
1088900 1317.6
1088910 1324.7
1088920 1332.2
1088930 1332.2
1088940 1339.6
1088950 1347.6
1088960 1347.6
1088970 1355.9
1088980 1365.8
1088990 1375.5
1089000 1375.5
1089010 1388.5
1089020 1401.3
1089030 1401.3
1089040 1410.6
1089050 1418.7
1089060 1418.7
1089070 1428.7
1089080 1449.0
1089090 1449.0
1089100 1457.2
1089110 1467.3
1089120 1467.3
1089130 1474.1
1089140 1482.2
1089150 1482.2
1089160 1491.2
1089170 1500.8
1089180 1500.8
1089190 1510.6
1089200 1520.3
1089210 1526.7
1089220 1526.7
1089230 1528.8
1089240 1530.5
1089250 1530.5
1089260 1542.8
1089270 1558.1
1089280 1558.1
1089290 1569.9
1089300 1585.1
1089310 1585.1
1089320 1601.6
1089330 1626.5
1089340 1626.5
1089350 1661.5
1089360 1705.1
1089370 1705.1
1089380 1730.6
1089390 1734.2
1089400 1734.2
1089410 1725.3
1089420 1710.1
1089430 1710.1
1089440 1712.4
1089450 1730.8
1089460 1744.9
1089470 1744.9
1089480 1756.6
1089490 1767.7
1089500 1767.7
1089510 1771.0
1089520 1774.3
1089530 1774.3
1089540 1788.0
1089550 1801.0
1089560 1801.0
1089570 1822.5
1089580 1857.3
1089590 1857.3
1089600 1871.4
1089610 1884.1
1089620 1884.1
1089630 1902.2
1089640 1920.4
1089650 1920.4
1089660 1936.6
1089670 1951.6
1089680 1963.6
1089690 1963.6
1089700 1956.0
1089710 1955.8
1089720 1955.8
1089730 1962.3
1089740 1966.7
1089750 1966.7
1089760 1971.7
1089770 1975.2
1089780 1975.2
1089790 1975.9
1089800 1978.1
1089810 1978.1
1089820 1978.0
1089830 1993.9
1089840 1993.9
1089850 2010.3
1089860 2019.4
1089870 2019.4
1089880 2026.4
1089890 2033.5
1089900 2033.5
1089910 2040.6
1089920 2048.5
1089930 2058.6
1089940 2058.6
1089950 2068.1
1089960 2075.3
1089970 2075.3
1089980 2083.1
1089990 2091.8
1090000 2091.8
1090010 2109.1
1090020 2150.2
1090030 2150.2
1090040 2191.0
1090050 2194.3
1090060 2194.3
1090070 2181.7
1090080 2179.6
1090090 2167.6
1090100 2166.7
1090110 2171.5
1090120 2171.5
1090130 2202.9
1090140 2246.6
1090150 2264.1
1090160 2264.1
1090170 2264.2
1090180 2260.3
1090190 2260.3
1090200 2272.4
1090210 2273.3
1090220 2273.3
1090230 2279.0
1090240 2290.7
1090250 2290.7
1090260 2295.3
1090270 2291.0
1090280 2291.0
1090290 2284.2
1090300 2277.9
1090310 2277.9
1090320 2270.5
1090330 2263.0
1090340 2263.0
1090350 2260.4
1090360 2259.5
1090370 2259.5
1090380 2260.7
1090390 2260.6
1090400 2226.1
1090410 2199.3
1090420 2184.8
1090430 2178.0
1090440 2178.0
1090450 2170.9
1090460 2164.1
1090470 2164.1
1090480 2157.2
1090490 2150.1
1090500 2150.1
1090510 2143.2
1090520 2136.9
1090530 2136.9
1090540 2130.2
1090550 2123.8
1090560 2123.8
1090570 2117.9
1090580 2113.7
1090590 2113.7
1090600 2108.1
1090610 2103.5
1090620 2099.6
1090630 2099.6
1090640 2099.2
1090650 2098.7
1090660 2098.7
1090670 2099.0
1090680 2098.4
1090690 2098.4
1090700 2100.2
1090710 2102.2
1090720 2102.2
1090730 2103.1
1090740 2107.6
1090750 2107.6
1090760 2112.2
1090770 2116.1
1090780 2116.1
1090790 2117.3
1090800 2116.7
1090810 2116.7
1090820 2116.9
1090830 2099.7
1090840 2099.7
1090850 2089.8
1090860 2083.0
1090870 2076.9
1090880 2076.9
1090890 2072.3
1090900 2069.0
1090910 2069.0
1090920 2066.2
1090930 2062.9
1090940 2062.9
1090950 2059.0
1090960 2054.3
1090970 2054.3
1090980 2050.3
1090990 2046.4
1091000 2046.4
1091010 2043.1
1091020 2040.3
1091030 2040.3
1091040 2039.8
1091050 2045.1
1091060 2051.4
1091070 2056.5
1091080 2060.6
1091090 2059.5
1091100 2059.5
1091110 2057.5
1091120 2057.1
1091130 2057.1
1091140 2056.8
1091150 2056.1
1091160 2056.1
1091170 2055.9
1091180 2053.6
1091190 2053.6
1091200 2049.0
1091210 2043.0
1091220 2043.0
1091230 2036.9
1091240 2030.9
1091250 2030.9
1091260 2025.5
1091270 2019.5
1091280 2019.5
1091290 2002.6
1091300 1990.2
1091310 1990.2
1091320 1982.4
1091330 1975.7
1091340 1972.4
1091350 1972.4
1091360 1969.4
1091370 1965.9
1091380 1970.2
1091390 1964.4
1091400 1958.4
1091410 1958.4
1091420 1951.6
1091430 1944.7
1091440 1944.7
1091450 1939.5
1091460 1935.2
1091470 1935.2
1091480 1929.5
1091490 1923.8
1091500 1923.8
1091510 1919.4
1091520 1915.0
1091530 1915.0
1091540 1910.4
1091550 1906.8
1091560 1905.8
1091570 1905.8
1091580 1903.9
1091590 1902.1
1091600 1902.1
1091610 1897.6
1091620 1893.0
1091630 1893.0
1091640 1893.3
1091650 1891.2
1091660 1891.2
1091670 1887.4
1091680 1884.6
1091690 1884.6
1091700 1883.5
1091710 1884.6
1091720 1884.6
1091730 1883.0
1091740 1888.7
1091750 1888.7
1091760 1891.6
1091770 1895.3
1091780 1895.3
1091790 1899.2
1091800 1902.4
1091810 1905.5
1091820 1905.5
1091830 1907.0
1091840 1905.1
1091850 1905.1
1091860 1907.6
1091870 1913.8
1091880 1913.8
1091890 1918.7
1091900 1926.1
1091910 1926.1
1091920 1927.3
1091930 1929.1
1091940 1929.1
1091950 1928.8
1091960 1928.6
1091970 1928.6
1091980 1929.7
1091990 1927.4
1092000 1927.4
1092010 1925.8
1092020 1927.6
1092030 1932.0
1092040 1932.0
1092050 1935.1
1092060 1939.4
1092070 1939.4
1092080 1944.5
1092090 1950.0
1092100 1950.0
1092110 1956.4
1092120 1960.4
1092130 1960.4
1092140 1962.0
1092150 1963.0
1092160 1963.0
1092170 1965.5
1092180 1967.3
1092190 1967.3
1092200 1969.5
1092210 1970.8
1092220 1970.8
1092230 1973.1
1092240 1976.3
1092250 1976.3
1092260 1979.1
1092270 1980.7
1092280 1981.8
1092290 1981.8
1092300 1982.5
1092310 1983.3
1092320 1983.3
1092330 1984.1
1092340 1984.0
1092350 1984.1
1092360 1983.2
1092370 1982.8
1092380 1982.8
1092390 1982.3
1092400 1982.6
1092410 1982.6
1092420 1982.4
1092430 1982.3
1092440 1982.3
1092450 1981.7
1092460 1980.0
1092470 1980.0
1092480 1977.5
1092490 1975.3
1092500 1975.0
1092510 1975.0
1092520 1976.0
1092530 1976.6
1092540 1976.6
1092550 1980.3
1092560 1985.9
1092570 1985.9
1092580 1991.9
1092590 1998.1
1092600 1998.1
1092610 2004.7
1092620 2011.5
1092630 2011.5
1092640 2018.2
1092650 2025.1
1092660 2025.1
1092670 2032.3
1092680 2039.1
1092690 2039.1
1092700 2046.0
1092710 2053.4
1092720 2053.4
1092730 2063.3
1092740 2077.0
1092750 2091.4
1092760 2091.4
1092770 2100.8
1092780 2108.7
1092790 2108.7
1092800 2116.7
1092810 2125.0
1092820 2125.0
1092830 2129.6
1092840 2128.9
1092850 2128.9
1092860 2126.6
1092870 2123.8
1092880 2123.8
1092890 2120.3
1092900 2112.9
1092910 2112.9
1092920 2099.0
1092930 2091.8
1092940 2091.8
1092950 2088.5
1092960 2076.3
1092970 2058.7
1092980 2058.7
1092990 2051.3
1093000 2044.1
1093010 2044.1
1093020 2033.0
1093030 2023.4
1093040 2023.4
1093050 2015.4
1093060 2007.8
1093070 2007.8
1093080 2000.4
1093090 1992.8
1093100 1992.8
1093110 1984.7
1093120 1977.4
1093130 1977.4
1093140 1970.2
1093150 1963.0
1093160 1963.0
1093170 1956.4
1093180 1950.7
1093190 1950.7
1093200 1946.4
1093210 1943.8
1093220 1942.7
1093230 1942.7
1093240 1941.1
1093250 1938.2
1093260 1938.2
1093270 1933.8
1093280 1929.9
1093290 1929.9
1093300 1925.8
1093310 1922.4
1093320 1919.4
1093330 1916.1
1093340 1911.9
1093350 1911.9
1093360 1907.1
1093370 1903.0
1093380 1903.0
1093390 1901.3
1093400 1901.8
1093410 1901.8
1093420 1902.0
1093430 1904.5
1093440 1905.8
1093450 1905.8
1093460 1906.0
1093470 1904.5
1093480 1904.5
1093490 1902.2
1093500 1900.3
1093510 1900.3
1093520 1898.5
1093530 1898.3
1093540 1898.3
1093550 1897.5
1093560 1897.7
1093570 1897.7
1093580 1899.0
1093590 1901.3
1093600 1901.3
1093610 1904.0
1093620 1907.3
1093630 1907.3
1093640 1912.5
1093650 1926.8
1093660 1926.8
1093670 1939.9
1093680 1948.6
1093690 1954.8
1093700 1954.8
1093710 1966.5
1093720 1978.1
1093730 1978.1
1093740 1986.4
1093750 1993.3
1093760 1993.3
1093770 2000.5
1093780 2006.0
1093790 2006.0
1093800 2011.9
1093810 2018.7
1093820 2018.7
1093830 2026.9
1093840 2036.1
1093850 2036.1
1093860 2044.8
1093870 2051.5
1093880 2051.5
1093890 2058.0
1093900 2055.3
1093910 2046.8
1093920 2046.8
1093930 2043.8
1093940 2038.9
1093950 2038.9
1093960 2030.1
1093970 2017.2
1093980 2017.2
1093990 2005.5
1094000 1995.5
1094010 1995.5
1094020 1986.6
1094030 1980.0
1094040 1980.0
1094050 1975.2
1094060 1970.4
1094070 1970.4
1094080 1963.5
1094090 1954.7
1094100 1954.7
1094110 1946.7
1094120 1936.9
1094130 1936.9
1094140 1929.9
1094150 1918.7
1094160 1902.2
1094170 1902.2
1094180 1890.2
1094190 1880.9
1094200 1880.9
1094210 1877.6
1094220 1879.9
1094230 1879.9
1094240 1874.9
1094250 1863.8
1094260 1863.8
1094270 1856.7
1094280 1849.5
1094290 1849.5
1094300 1839.8
1094310 1827.4
1094320 1827.4
1094330 1812.8
1094340 1802.1
1094350 1802.1
1094360 1795.2
1094370 1784.0
1094380 1767.3
1094390 1767.3
1094400 1756.3
1094410 1743.0
1094420 1743.0
1094430 1733.2
1094440 1725.4
1094450 1725.4
1094460 1713.3
1094470 1707.6
1094480 1707.6
1094490 1700.6
1094500 1688.3
1094510 1688.3
1094520 1675.8
1094530 1667.0
1094540 1667.0
1094550 1660.4
1094560 1653.4
1094570 1653.4
1094580 1646.6
1094590 1639.3
1094600 1639.3
1094610 1626.5
1094620 1598.4
1094630 1596.5
1094640 1596.5
1094650 1582.7
1094660 1575.7
1094670 1575.7
1094680 1552.1
1094690 1534.0
1094700 1534.0
1094710 1519.0
1094720 1504.4
1094730 1504.4
1094740 1492.3
1094750 1477.5
1094760 1477.5
1094770 1467.6
1094780 1464.6
1094790 1464.6
1094800 1451.4
1094810 1441.0
1094820 1441.0
1094830 1435.9
1094840 1427.8
1094850 1410.9
1094860 1410.9
1094870 1397.8
1094880 1386.3
1094890 1386.3
1094900 1361.5
1094910 1361.1
1094920 1361.1
1094930 1353.7
1094940 1329.2
1094950 1317.9
1094960 1306.5
1094970 1292.7
1094980 1292.7
1094990 1278.3
1095000 1276.5
1095010 1276.5
1095020 1274.0
1095030 1268.2
1095040 1268.2
1095050 1258.8
1095060 1256.0
1095070 1256.0
1095080 1253.8
1095090 1252.8
1095100 1255.1
1095110 1255.1
1095120 1255.5
1095130 1253.5
1095140 1253.5
1095150 1254.7
1095160 1261.3
1095170 1261.3
1095180 1267.6
1095190 1265.8
1095200 1265.8
1095210 1247.8
1095220 1227.1
1095230 1227.1
1095240 1217.4
1095250 1210.8
1095260 1210.8
1095270 1204.6
1095280 1185.8
1095290 1185.8
1095300 1170.0
1095310 1152.3
1095320 1147.2
1095330 1147.2
1095340 1141.8
1095350 1136.2
1095360 1136.2
1095370 1131.4
1095380 1115.5
1095390 1115.5
1095400 1112.4
1095410 1110.7
1095420 1110.7
1095430 1107.6
1095440 1104.9
1095450 1104.9
1095460 1099.1
1095470 1092.7
1095480 1092.7
1095490 1084.5
1095500 1080.6
1095510 1080.6
1095520 1075.1
1095530 1064.5
1095540 1064.5
1095550 1063.7
1095560 1061.5
1095570 1056.1
1095580 1056.1
1095590 1047.2
1095600 1038.8
1095610 1038.8
1095620 1031.0
1095630 1023.3
1095640 1023.3
1095650 1014.3
1095660 1006.7
1095670 1006.7
1095680 1000.8
1095690 994.4
1095700 994.4
1095710 986.9
1095720 977.3
1095730 977.3
1095740 961.0
1095750 951.4
1095760 951.4
1095770 956.4
1095780 955.2
1095790 949.3
1095800 949.3
1095810 956.3
1095820 957.9
1095830 957.9
1095840 949.9
1095850 941.4
1095860 941.4
1095870 935.1
1095880 930.0
1095890 930.0
1095900 923.9
1095910 918.4
1095920 918.4
1095930 904.7
1095940 898.5
1095950 898.5
1095960 897.4
1095970 893.4
1095980 893.4
1095990 889.9
1096000 888.3
1096010 888.3
1096020 886.5
1096030 882.3
1096040 875.8
1096050 875.8
1096060 871.0
1096070 866.9
1096080 866.9
1096090 863.5
1096100 859.7
1096110 859.7
1096120 859.5
1096130 858.3
1096140 858.3
1096150 857.5
1096160 856.6
1096170 856.6
1096180 852.9
1096190 846.4
1096200 846.4
1096210 841.1
1096220 834.8
1096230 834.8
1096240 829.2
1096250 823.4
1096260 813.6
1096270 813.6
1096280 808.3
1096290 803.3
1096300 803.3
1096310 798.4
1096320 793.1
1096330 793.1
1096340 787.1
1096350 780.8
1096360 780.8
1096370 774.2
1096380 767.3
1096390 767.3
1096400 760.3
1096410 756.0
1096420 756.0
1096430 753.7
1096440 752.5
1096450 752.5
1096460 751.4
1096470 750.5
1096480 750.0
1096490 750.0
1096500 748.1
1096510 745.0
1096520 745.0
1096530 742.9
1096540 741.6
1096550 741.6
1096560 739.8
1096570 738.0
1096580 738.3
1096590 736.8
1096600 734.7
1096610 734.7
1096620 732.5
1096630 730.3
1096640 730.3
1096650 728.1
1096660 725.9
1096670 725.9
1096680 723.8
1096690 721.5
1096700 721.5
1096710 718.7
1096720 716.5
1096730 714.0
1096740 714.0
1096750 712.3
1096760 711.2
1096770 711.2
1096780 709.8
1096790 708.1
1096800 708.1
1096810 707.4
1096820 707.6
1096830 707.6
1096840 708.2
1096850 708.6
1096860 708.6
1096870 708.8
1096880 708.0
1096890 708.0
1096900 706.1
1096910 699.9
1096920 699.9
1096930 698.5
1096940 697.5
1096950 696.0
1096960 696.0
1096970 692.6
1096980 690.3
1096990 690.3
1097000 688.8
1097010 687.5
1097020 687.5
1097030 685.6
1097040 684.0
1097050 684.0
1097060 681.9
1097070 680.7
1097080 680.7
1097090 679.0
1097100 677.9
1097110 677.9
1097120 676.1
1097130 674.3
1097140 674.3
1097150 672.7
1097160 671.1
1097170 671.1
1097180 669.6
1097190 668.0
1097200 666.6
1097210 666.6
1097220 665.2
1097230 663.4
1097240 663.4
1097250 661.9
1097260 660.6
1097270 660.6
1097280 659.3
1097290 657.9
1097300 657.9
1097310 656.4
1097320 655.3
1097330 655.3
1097340 653.9
1097350 652.6
1097360 652.6
1097370 651.2
1097380 649.9
1097390 649.9
1097400 648.5
1097410 646.9
1097420 645.5
1097430 645.5
1097440 644.1
1097450 642.6
1097460 642.6
1097470 641.3
1097480 640.0
1097490 640.0
1097500 638.8
1097510 637.2
1097520 637.2
1097530 636.1
1097540 634.9
1097550 634.9
1097560 634.1
1097570 633.0
1097580 633.0
1097590 631.5
1097600 630.3
1097610 630.3
1097620 628.9
1097630 624.1
1097640 624.1
1097650 619.6
1097660 619.1
1097670 618.1
1097680 618.1
1097690 617.8
1097700 616.3
1097710 616.3
1097720 615.5
1097730 614.6
1097740 614.6
1097750 613.3
1097760 613.5
1097770 613.5
1097780 614.7
1097790 616.9
1097800 616.9
1097810 617.3
1097820 617.1
1097830 617.1
1097840 617.4
1097850 617.5
1097860 617.5
1097870 617.6
1097880 617.7
1097890 618.1
1097900 618.1
1097910 618.6
1097920 619.4
1097930 619.4
1097940 620.3
1097950 622.2
1097960 622.2
1097970 622.5
1097980 622.2
1097990 622.2
1098000 622.3
1098010 623.0
1098020 623.0
1098030 623.7
1098040 624.5
1098050 624.5
1098060 625.2
1098070 625.8
1098080 625.8
1098090 626.3
1098100 627.2
1098110 627.2
1098120 627.8
1098130 628.4
1098140 629.0
1098150 629.0
1098160 629.9
1098170 630.9
1098180 630.9
1098190 632.3
1098200 632.5
1098210 632.5
1098220 632.4
1098230 633.8
1098240 633.8
1098250 634.6
1098260 635.0
1098270 635.0
1098280 635.5
1098290 636.1
1098300 636.1
1098310 636.4
1098320 636.8
1098330 636.8
1098340 637.4
1098350 638.3
1098360 639.2
1098370 639.2
1098380 639.6
1098390 640.4
1098400 640.4
1098410 641.1
1098420 642.0
1098430 642.0
1098440 642.4
1098450 643.0
1098460 643.0
1098470 644.0
1098480 645.3
1098490 645.3
1098500 645.2
1098510 645.6
1098520 645.6
1098530 646.3
1098540 646.9
1098550 646.3
1098560 647.3
1098570 648.2
1098580 648.2
1098590 649.2
1098600 650.8
1098610 652.5
1098620 652.5
1098630 654.0
1098640 654.8
1098650 654.8
1098660 656.1
1098670 657.6
1098680 657.6
1098690 657.8
1098700 658.4
1098710 658.4
1098720 659.3
1098730 660.3
1098740 660.3
1098750 662.4
1098760 663.9
1098770 663.9
1098780 663.8
1098790 664.1
1098800 664.1
1098810 664.6
1098820 665.7
1098830 668.3
1098840 668.3
1098850 669.2
1098860 670.0
1098870 670.0
1098880 670.7
1098890 674.9
1098900 674.9
1098910 674.2
1098920 674.1
1098930 674.1
1098940 678.2
1098950 680.4
1098960 680.4
1098970 683.9
1098980 689.0
1098990 689.0
1099000 696.6
1099010 704.9
1099020 704.9
1099030 710.2
1099040 713.8
1099050 713.8
1099060 718.0
1099070 725.9
1099080 735.3
1099090 735.3
1099100 743.9
1099110 753.5
1099120 753.5
1099130 763.9
1099140 773.4
1099150 773.4
1099160 782.8
1099170 792.8
1099180 792.8
1099190 799.1
1099200 804.2
1099210 814.4
1099220 820.4
1099230 827.0
1099240 827.0
1099250 834.0
1099260 840.6
1099270 840.6
1099280 846.2
1099290 852.5
1099300 859.5
1099310 859.5
1099320 867.3
1099330 874.6
1099340 874.6
1099350 880.1
1099360 884.9
1099370 884.9
1099380 889.5
1099390 894.8
1099400 894.8
1099410 900.3
1099420 905.1
1099430 905.1
1099440 910.8
1099450 916.4
1099460 916.4
1099470 921.4
1099480 926.5
1099490 926.5
1099500 932.6
1099510 936.0
1099520 936.0
1099530 938.0
1099540 943.7
1099550 947.8
1099560 947.8
1099570 951.6
1099580 955.9
1099590 955.9
1099600 960.9
1099610 966.3
1099620 966.3
1099630 971.5
1099640 977.7
1099650 977.7
1099660 984.3
1099670 991.2
1099680 991.2
1099690 998.9
1099700 1007.4
1099710 1007.4
1099720 1017.9
1099730 1024.9
1099740 1024.9
1099750 1030.9
1099760 1035.5
1099770 1039.6
1099780 1039.6
1099790 1043.9
1099800 1048.4
1099810 1048.4
1099820 1052.1
1099830 1055.4
1099840 1055.4
1099850 1057.3
1099860 1060.2
1099870 1063.0
1099880 1067.1
1099890 1070.7
1099900 1070.7
1099910 1072.6
1099920 1074.8
1099930 1074.8
1099940 1078.7
1099950 1083.2
1099960 1083.2
1099970 1086.2
1099980 1089.3
1099990 1089.3
