1080000 1985.8
1080010 1985.8
1080020 1980.1
1080030 1972.6
1080040 1972.6
1080050 1964.5
1080060 1957.0
1080070 1957.0
1080080 1956.1
1080090 1958.3
1080100 1958.8
1080110 1958.8
1080120 1952.0
1080130 1937.7
1080140 1937.7
1080150 1931.9
1080160 1921.8
1080170 1921.8
1080180 1912.0
1080190 1907.2
1080200 1907.2
1080210 1897.7
1080220 1887.6
1080230 1887.6
1080240 1881.7
1080250 1875.6
1080260 1875.6
1080270 1871.5
1080280 1867.1
1080290 1867.1
1080300 1862.2
1080310 1851.9
1080320 1851.9
1080330 1847.9
1080340 1843.4
1080350 1839.5
1080360 1839.5
1080370 1834.6
1080380 1827.7
1080390 1827.7
1080400 1822.2
1080410 1817.9
1080420 1817.9
1080430 1814.4
1080440 1813.8
1080450 1813.8
1080460 1816.4
1080470 1819.3
1080480 1819.3
1080490 1819.1
1080500 1817.4
1080510 1817.4
1080520 1816.3
1080530 1812.2
1080540 1812.2
1080550 1809.9
1080560 1809.5
1080570 1808.6
1080580 1808.6
1080590 1808.4
1080600 1808.9
1080610 1808.9
1080620 1803.6
1080630 1801.9
1080640 1801.9
1080650 1798.7
1080660 1795.4
1080670 1795.4
1080680 1790.9
1080690 1787.5
1080700 1787.5
1080710 1782.4
1080720 1777.4
1080730 1777.4
1080740 1771.8
1080750 1767.9
1080760 1767.9
1080770 1764.0
1080780 1758.8
1080790 1758.8
1080800 1755.6
1080810 1754.4
1080820 1750.4
1080830 1750.4
1080840 1745.3
1080850 1738.9
1080860 1738.9
1080870 1733.3
1080880 1734.0
1080890 1734.0
1080900 1733.4
1080910 1727.0
1080920 1727.0
1080930 1719.6
1080940 1709.7
1080950 1709.7
1080960 1702.5
1080970 1702.8
1080980 1702.8
1080990 1709.8
1081000 1713.6
1081010 1713.6
1081020 1713.9
1081030 1713.4
1081040 1713.4
1081050 1711.6
1081060 1709.6
1081070 1707.1
1081080 1707.1
1081090 1703.6
1081100 1699.7
1081110 1699.7
1081120 1695.9
1081130 1692.3
1081140 1692.3
1081150 1689.1
1081160 1686.0
1081170 1686.0
1081180 1683.2
1081190 1680.5
1081200 1680.5
1081210 1678.7
1081220 1677.1
1081230 1677.1
1081240 1675.7
1081250 1668.0
1081260 1668.0
1081270 1666.7
1081280 1664.5
1081290 1662.2
1081300 1662.2
1081310 1658.1
1081320 1652.4
1081330 1652.4
1081340 1651.1
1081350 1650.9
1081360 1650.9
1081370 1651.3
1081380 1651.1
1081390 1651.1
1081400 1650.4
1081410 1648.5
1081420 1648.5
1081430 1647.5
1081440 1646.1
1081450 1646.1
1081460 1643.8
1081470 1640.9
1081480 1640.9
1081490 1638.2
1081500 1635.9
1081510 1635.9
1081520 1631.8
1081530 1629.5
1081540 1626.3
1081550 1626.3
1081560 1619.7
1081570 1616.2
1081580 1616.2
1081590 1612.7
1081600 1609.4
1081610 1609.4
1081620 1604.9
1081630 1602.1
1081640 1602.1
1081650 1599.1
1081660 1595.4
1081670 1595.4
1081680 1592.2
1081690 1588.5
1081700 1588.5
1081710 1584.8
1081720 1580.9
1081730 1580.9
1081740 1576.8
1081750 1572.5
1081760 1570.0
1081770 1570.0
1081780 1569.7
1081790 1567.9
1081800 1567.9
1081810 1567.0
1081820 1565.9
1081830 1565.9
1081840 1563.5
1081850 1562.0
1081860 1562.0
1081870 1560.6
1081880 1554.5
1081890 1554.5
1081900 1551.9
1081910 1549.7
1081920 1549.7
1081930 1546.5
1081940 1543.2
1081950 1543.2
1081960 1540.8
1081970 1537.7
1081980 1537.7
1081990 1535.8
1082000 1534.7
1082010 1534.0
1082020 1534.0
1082030 1532.9
1082040 1530.6
1082050 1530.6
1082060 1527.4
1082070 1525.8
1082080 1525.8
1082090 1523.2
1082100 1519.3
1082110 1519.3
1082120 1515.3
1082130 1514.7
1082140 1514.7
1082150 1514.1
1082160 1512.5
1082170 1512.5
1082180 1510.2
1082190 1507.6
1082200 1499.8
1082210 1497.3
1082220 1493.1
1082230 1489.9
1082240 1489.9
1082250 1485.9
1082260 1483.9
1082270 1483.9
1082280 1483.1
1082290 1480.3
1082300 1480.3
1082310 1474.9
1082320 1468.5
1082330 1468.5
1082340 1463.7
1082350 1461.1
1082360 1461.1
1082370 1458.7
1082380 1456.6
1082390 1456.6
1082400 1454.5
1082410 1452.4
1082420 1452.4
1082430 1451.1
1082440 1450.7
1082450 1450.7
1082460 1451.5
1082470 1450.5
1082480 1449.5
1082490 1449.5
1082500 1447.8
1082510 1440.9
1082520 1440.9
1082530 1438.4
1082540 1436.1
1082550 1436.1
1082560 1434.1
1082570 1431.8
1082580 1431.8
1082590 1428.9
1082600 1424.9
1082610 1424.9
1082620 1422.1
1082630 1419.2
1082640 1419.2
1082650 1418.8
1082660 1418.2
1082670 1418.2
1082680 1417.2
1082690 1416.9
1082700 1417.5
1082710 1417.5
1082720 1417.7
1082730 1420.1
1082740 1420.1
1082750 1422.8
1082760 1423.6
1082770 1423.6
1082780 1418.4
1082790 1410.8
1082800 1410.8
1082810 1403.5
1082820 1398.2
1082830 1403.4
1082840 1401.8
1082850 1398.9
1082860 1398.9
1082870 1395.0
1082880 1389.3
1082890 1389.3
1082900 1384.2
1082910 1379.2
1082920 1379.2
1082930 1373.8
1082940 1368.6
1082950 1364.6
1082960 1364.6
1082970 1360.6
1082980 1355.9
1082990 1355.9
1083000 1350.6
1083010 1348.0
1083020 1348.0
1083030 1344.5
1083040 1340.7
1083050 1340.7
1083060 1337.9
1083070 1333.9
1083080 1333.9
1083090 1330.5
1083100 1327.5
1083110 1327.5
1083120 1324.1
1083130 1321.3
1083140 1323.9
1083150 1321.5
1083160 1320.6
1083170 1320.6
1083180 1323.5
1083190 1326.6
1083200 1328.6
1083210 1328.6
1083220 1327.3
1083230 1332.5
1083240 1332.5
1083250 1331.3
1083260 1330.1
1083270 1330.1
1083280 1332.2
1083290 1333.5
1083300 1333.5
1083310 1340.2
1083320 1345.2
1083330 1345.2
1083340 1352.1
1083350 1354.6
1083360 1354.6
1083370 1357.0
1083380 1356.8
1083390 1356.8
1083400 1357.4
1083410 1357.0
1083420 1357.7
1083430 1357.7
1083440 1359.1
1083450 1362.1
1083460 1370.0
1083470 1371.2
1083480 1373.6
1083490 1373.6
1083500 1373.5
1083510 1372.2
1083520 1372.2
1083530 1370.5
1083540 1368.2
1083550 1368.2
1083560 1366.1
1083570 1364.4
1083580 1364.4
1083590 1361.7
1083600 1358.6
1083610 1358.6
1083620 1354.9
1083630 1350.8
1083640 1350.8
1083650 1347.2
1083660 1344.7
1083670 1343.4
1083680 1343.4
1083690 1342.7
1083700 1342.0
1083710 1342.0
1083720 1340.1
1083730 1337.6
1083740 1337.6
1083750 1334.5
1083760 1330.5
1083770 1330.5
1083780 1326.8
1083790 1324.4
1083800 1324.4
1083810 1323.0
1083820 1321.6
1083830 1321.6
1083840 1319.7
1083850 1316.2
1083860 1316.2
1083870 1309.2
1083880 1302.2
1083890 1294.2
1083900 1294.2
1083910 1287.0
1083920 1283.7
1083930 1283.7
1083940 1279.5
1083950 1275.3
1083960 1275.3
1083970 1278.1
1083980 1276.4
1083990 1276.4
1084000 1269.6
1084010 1264.0
1084020 1264.0
1084030 1256.2
1084040 1249.9
1084050 1249.9
1084060 1250.2
1084070 1247.2
1084080 1247.2
1084090 1242.9
1084100 1236.1
1084110 1236.1
1084120 1229.3
1084130 1223.1
1084140 1217.0
1084150 1217.0
1084160 1210.8
1084170 1204.9
1084180 1204.9
1084190 1199.5
1084200 1193.9
1084210 1193.9
1084220 1187.9
1084230 1182.4
1084240 1182.4
1084250 1177.2
1084260 1172.4
1084270 1172.4
1084280 1166.9
1084290 1161.6
1084300 1161.6
1084310 1156.5
1084320 1151.9
1084330 1151.9
1084340 1146.8
1084350 1140.7
1084360 1132.7
1084370 1132.7
1084380 1121.8
1084390 1113.0
1084400 1113.0
1084410 1103.8
1084420 1096.9
1084430 1096.9
1084440 1088.1
1084450 1085.5
1084460 1085.5
1084470 1090.0
1084480 1090.5
1084490 1090.5
1084500 1095.3
1084510 1101.4
1084520 1101.4
1084530 1108.2
1084540 1112.0
1084550 1112.0
1084560 1113.4
1084570 1114.7
1084580 1114.7
1084590 1115.8
1084600 1116.2
1084610 1116.0
1084620 1116.0
1084630 1110.5
1084640 1107.1
1084650 1107.1
1084660 1107.6
1084670 1112.0
1084680 1112.0
1084690 1117.5
1084700 1121.3
1084710 1121.3
1084720 1125.4
1084730 1118.8
1084740 1118.8
1084750 1123.6
1084760 1119.5
1084770 1119.5
1084780 1108.6
1084790 1111.1
1084800 1111.1
1084810 1121.0
1084820 1128.3
1084830 1132.0
1084840 1132.0
1084850 1131.7
1084860 1129.7
1084870 1129.7
1084880 1127.2
1084890 1124.9
1084900 1124.9
1084910 1119.2
1084920 1114.8
1084930 1114.8
1084940 1115.7
1084950 1116.7
1084960 1116.7
1084970 1116.9
1084980 1116.7
1084990 1116.7
1085000 1113.2
1085010 1107.2
1085020 1107.2
1085030 1101.9
1085040 1099.8
1085050 1095.2
1085060 1093.6
1085070 1095.0
1085080 1096.2
1085090 1096.2
1085100 1094.5
1085110 1092.3
1085120 1092.3
1085130 1092.4
1085140 1090.0
1085150 1090.0
1085160 1085.8
1085170 1080.6
1085180 1080.6
1085190 1073.9
1085200 1067.5
1085210 1067.5
1085220 1064.8
1085230 1063.7
1085240 1063.7
1085250 1062.8
1085260 1062.0
1085270 1062.0
1085280 1062.1
1085290 1062.4
1085300 1062.4
1085310 1061.7
1085320 1060.8
1085330 1059.8
1085340 1059.8
1085350 1057.7
1085360 1055.2
1085370 1055.8
1085380 1051.7
1085390 1048.8
1085400 1048.8
1085410 1046.4
1085420 1043.5
1085430 1043.5
1085440 1041.3
1085450 1039.5
1085460 1039.5
1085470 1037.9
1085480 1035.7
1085490 1035.7
1085500 1033.5
1085510 1033.1
1085520 1033.1
1085530 1030.5
1085540 1025.7
1085550 1023.1
1085560 1023.1
1085570 1022.3
1085580 1020.2
1085590 1020.2
1085600 1017.4
1085610 1015.7
1085620 1015.7
1085630 1013.0
1085640 1010.6
1085650 1010.6
1085660 1007.5
1085670 1003.2
1085680 1001.8
1085690 998.7
1085700 994.9
1085710 994.9
1085720 992.9
1085730 988.7
1085740 988.7
1085750 986.0
1085760 983.8
1085770 983.8
1085780 981.6
1085790 979.3
1085800 977.1
1085810 977.1
1085820 975.2
1085830 972.9
1085840 972.9
1085850 970.5
1085860 968.0
1085870 968.0
1085880 965.3
1085890 963.5
1085900 963.5
1085910 962.5
1085920 962.1
1085930 962.1
1085940 962.2
1085950 961.4
1085960 961.4
1085970 959.7
1085980 957.8
1085990 957.8
1086000 953.5
1086010 951.3
1086020 948.9
1086030 948.9
1086040 943.6
1086050 939.7
1086060 939.7
1086070 935.3
1086080 930.5
1086090 930.5
1086100 927.1
1086110 924.7
1086120 924.7
1086130 922.7
1086140 922.5
1086150 922.5
1086160 922.1
1086170 921.0
1086180 921.0
1086190 920.8
1086200 921.6
1086210 921.6
1086220 922.0
1086230 921.6
1086240 921.6
1086250 921.0
1086260 920.5
1086270 920.5
1086280 920.5
1086290 920.2
1086300 920.5
1086310 920.5
1086320 923.2
1086330 923.1
1086340 923.1
1086350 922.6
1086360 922.3
1086370 922.3
1086380 922.6
1086390 923.8
1086400 923.8
1086410 924.6
1086420 927.0
1086430 927.0
1086440 929.8
1086450 931.0
1086460 931.0
1086470 933.2
1086480 934.8
1086490 934.6
1086500 934.6
1086510 934.5
1086520 934.3
1086530 934.3
1086540 936.4
1086550 940.1
1086560 940.1
1086570 942.2
1086580 942.3
1086590 942.3
1086600 942.3
1086610 942.9
1086620 942.9
1086630 944.9
1086640 949.5
1086650 949.5
1086660 952.4
1086670 953.7
1086680 953.7
1086690 955.0
1086700 956.7
1086710 956.7
1086720 959.5
1086730 962.7
1086740 965.5
1086750 965.5
1086760 968.2
1086770 970.8
1086780 970.8
1086790 972.6
1086800 974.8
1086810 974.8
1086820 976.7
1086830 978.8
1086840 978.8
1086850 980.2
1086860 982.5
1086870 982.5
1086880 984.4
1086890 985.1
1086900 985.1
1086910 986.3
1086920 988.0
1086930 988.0
1086940 987.7
1086950 988.0
1086960 993.6
1086970 993.6
1086980 995.0
1086990 995.9
1087000 995.9
1087010 997.7
1087020 999.8
1087030 999.8
1087040 1001.7
1087050 1002.7
1087060 1002.7
1087070 1004.4
1087080 1006.3
1087090 1006.3
1087100 1008.5
1087110 1010.1
1087120 1010.1
1087130 1010.6
1087140 1010.9
1087150 1010.9
1087160 1011.0
1087170 1011.7
1087180 1011.7
1087190 1013.2
1087200 1014.9
1087210 1017.2
1087220 1017.2
1087230 1019.7
1087240 1021.7
1087250 1021.7
1087260 1023.5
1087270 1024.2
1087280 1029.7
1087290 1030.4
1087300 1032.8
1087310 1032.8
1087320 1036.3
1087330 1039.1
1087340 1039.1
1087350 1041.6
1087360 1043.8
1087370 1043.8
1087380 1045.6
1087390 1048.0
1087400 1048.0
1087410 1051.7
1087420 1055.6
1087430 1059.8
1087440 1059.8
1087450 1063.9
1087460 1067.0
1087470 1067.0
1087480 1068.8
1087490 1069.5
1087500 1069.5
1087510 1070.0
1087520 1074.1
1087530 1074.1
1087540 1079.8
1087550 1085.2
1087560 1085.2
1087570 1090.3
1087580 1096.4
1087590 1096.4
1087600 1105.7
1087610 1105.3
1087620 1105.3
1087630 1104.3
1087640 1104.4
1087650 1104.4
1087660 1105.7
1087670 1107.5
1087680 1110.6
1087690 1110.6
1087700 1111.4
1087710 1108.3
1087720 1108.3
1087730 1103.3
1087740 1097.2
1087750 1097.2
1087760 1092.0
1087770 1088.0
1087780 1088.0
1087790 1083.0
1087800 1078.8
1087810 1078.8
1087820 1074.6
1087830 1070.1
1087840 1070.1
1087850 1065.9
1087860 1062.4
1087870 1062.4
1087880 1060.8
1087890 1061.0
1087900 1061.0
1087910 1061.6
1087920 1064.8
1087930 1064.0
1087940 1064.0
1087950 1062.2
1087960 1059.4
1087970 1059.4
1087980 1056.0
1087990 1050.0
1088000 1050.0
1088010 1040.9
1088020 1032.6
1088030 1032.6
1088040 1027.6
1088050 1030.8
1088060 1030.8
1088070 1038.0
1088080 1045.8
1088090 1045.8
1088100 1053.8
1088110 1062.0
1088120 1062.0
1088130 1069.9
1088140 1077.7
1088150 1094.3
1088160 1094.3
1088170 1107.7
1088180 1115.7
1088190 1115.7
1088200 1125.6
1088210 1133.8
1088220 1133.8
1088230 1141.6
1088240 1141.0
1088250 1141.0
1088260 1149.4
1088270 1156.0
1088280 1156.0
1088290 1163.1
1088300 1175.5
1088310 1175.5
1088320 1185.9
1088330 1197.5
1088340 1197.5
1088350 1208.0
1088360 1220.4
1088370 1220.4
1088380 1231.9
1088390 1241.3
1088400 1250.1
1088410 1250.1
1088420 1259.2
1088430 1268.6
1088440 1268.6
1088450 1278.0
1088460 1287.9
1088470 1287.9
1088480 1297.8
1088490 1307.7
1088500 1307.7
1088510 1317.5
1088520 1327.7
1088530 1327.7
1088540 1338.0
1088550 1347.2
1088560 1346.8
1088570 1356.4
1088580 1366.9
1088590 1366.9
1088600 1377.2
1088610 1388.1
1088620 1399.7
1088630 1399.7
1088640 1411.1
1088650 1422.4
1088660 1422.4
1088670 1434.6
1088680 1445.9
1088690 1445.9
1088700 1459.2
1088710 1467.0
1088720 1467.0
1088730 1470.6
1088740 1474.1
1088750 1474.1
1088760 1479.0
1088770 1483.0
1088780 1483.0
1088790 1484.1
1088800 1485.0
1088810 1485.0
1088820 1485.2
1088830 1487.9
1088840 1487.9
1088850 1498.1
1088860 1503.8
1088870 1498.2
1088880 1491.5
1088890 1484.9
1088900 1476.1
1088910 1476.1
1088920 1467.9
1088930 1464.8
1088940 1464.8
1088950 1465.5
1088960 1470.1
1088970 1470.1
1088980 1477.9
1088990 1486.6
1089000 1486.6
1089010 1495.1
1089020 1502.3
1089030 1502.3
1089040 1507.6
1089050 1511.7
1089060 1511.7
1089070 1515.0
1089080 1516.2
1089090 1515.8
1089100 1515.8
1089110 1515.4
1089120 1513.9
1089130 1513.9
1089140 1510.0
1089150 1507.1
1089160 1507.1
1089170 1507.2
1089180 1509.2
1089190 1509.2
1089200 1518.3
1089210 1526.8
1089220 1526.8
1089230 1535.4
1089240 1542.5
1089250 1542.5
1089260 1549.7
1089270 1557.5
1089280 1557.5
1089290 1566.2
1089300 1574.8
1089310 1574.8
1089320 1583.2
1089330 1591.0
1089340 1599.0
1089350 1599.0
1089360 1606.1
1089370 1611.0
1089380 1611.0
1089390 1615.4
1089400 1620.4
1089410 1620.4
1089420 1626.4
1089430 1632.4
1089440 1632.4
1089450 1637.6
1089460 1643.2
1089470 1643.2
1089480 1649.5
1089490 1656.7
1089500 1656.7
1089510 1662.8
1089520 1665.4
1089530 1665.4
1089540 1674.0
1089550 1682.0
1089560 1689.7
1089570 1689.7
1089580 1697.0
1089590 1702.5
1089600 1702.5
1089610 1706.3
1089620 1713.1
1089630 1713.1
1089640 1721.4
1089650 1729.4
1089660 1729.4
1089670 1737.1
1089680 1745.5
1089690 1745.5
1089700 1754.8
1089710 1764.0
1089720 1764.0
1089730 1773.6
1089740 1782.9
1089750 1782.9
1089760 1791.5
1089770 1799.3
1089780 1799.3
1089790 1805.3
1089800 1811.4
1089810 1818.5
1089820 1818.5
1089830 1829.1
1089840 1847.5
1089850 1847.5
1089860 1857.2
1089870 1869.8
1089880 1869.8
1089890 1869.6
1089900 1870.6
1089910 1870.6
1089920 1883.3
1089930 1908.2
1089940 1908.2
1089950 1934.1
1089960 1949.9
1089970 1949.9
1089980 1959.5
1089990 1967.3
1090000 1967.3
1090010 1973.5
1090020 1980.1
1090030 1987.1
1090040 1987.1
1090050 1994.1
1090060 2000.7
1090070 2000.7
1090080 2007.5
1090090 2014.1
1090100 2014.1
1090110 2020.6
1090120 2027.3
1090130 2027.3
1090140 2034.0
1090150 2040.7
1090160 2040.7
1090170 2049.6
1090180 2056.3
1090190 2056.3
1090200 2063.3
1090210 2070.5
1090220 2070.5
1090230 2077.1
1090240 2083.5
1090250 2083.5
1090260 2090.5
1090270 2093.8
1090280 2076.2
1090290 2076.2
1090300 2059.3
1090310 2056.1
1090320 2056.1
1090330 2051.5
1090340 2039.5
1090350 2039.5
1090360 2020.1
1090370 2002.4
1090380 2002.4
1090390 1990.4
1090400 1984.6
1090410 1984.6
1090420 1973.2
1090430 1959.2
1090440 1959.2
1090450 1952.5
1090460 1939.5
1090470 1939.5
1090480 1920.7
1090490 1914.4
1090500 1914.4
1090510 1895.7
1090520 1887.8
1090530 1882.2
1090540 1882.2
1090550 1877.2
1090560 1871.9
1090570 1871.9
1090580 1866.4
1090590 1860.6
1090600 1860.6
1090610 1854.9
1090620 1849.1
1090630 1849.1
1090640 1843.5
1090650 1837.8
1090660 1837.8
1090670 1831.7
1090680 1825.9
1090690 1825.9
1090700 1820.9
1090710 1817.4
1090720 1817.4
1090730 1813.8
1090740 1809.3
1090750 1806.9
1090760 1806.9
1090770 1806.3
1090780 1805.8
1090790 1805.8
1090800 1805.0
1090810 1809.6
1090820 1809.6
1090830 1808.1
1090840 1806.0
1090850 1806.0
1090860 1803.0
1090870 1799.5
1090880 1799.5
1090890 1795.6
1090900 1791.8
1090910 1791.8
1090920 1787.5
1090930 1783.0
1090940 1783.0
1090950 1779.6
1090960 1776.2
1090970 1776.2
1090980 1772.2
1090990 1768.2
1091000 1764.1
1091010 1764.1
1091020 1760.7
1091030 1757.7
1091040 1757.7
1091050 1753.8
1091060 1750.0
1091070 1750.0
1091080 1748.9
1091090 1748.1
1091100 1748.1
1091110 1746.9
1091120 1747.4
1091130 1750.1
1091140 1753.4
1091150 1755.5
1091160 1755.5
1091170 1756.2
1091180 1754.2
1091190 1754.2
1091200 1752.3
1091210 1750.9
1091220 1751.2
1091230 1751.2
1091240 1750.9
1091250 1748.7
1091260 1748.7
1091270 1748.2
1091280 1749.0
1091290 1749.0
1091300 1751.5
1091310 1756.4
1091320 1756.4
1091330 1763.5
1091340 1770.7
1091350 1770.7
1091360 1778.8
1091370 1786.1
1091380 1786.1
1091390 1789.6
1091400 1787.9
1091410 1787.9
1091420 1782.0
1091430 1763.6
1091440 1763.6
1091450 1736.8
1091460 1722.8
1091470 1708.5
1091480 1708.5
1091490 1697.4
1091500 1687.6
1091510 1687.6
1091520 1678.5
1091530 1672.4
1091540 1672.4
1091550 1662.9
1091560 1651.4
1091570 1651.4
1091580 1642.3
1091590 1634.8
1091600 1634.8
1091610 1628.0
1091620 1622.8
1091630 1622.8
1091640 1619.1
1091650 1616.8
1091660 1616.8
1091670 1614.5
1091680 1611.8
1091690 1612.5
1091700 1612.5
1091710 1612.5
1091720 1612.4
1091730 1612.4
1091740 1605.0
1091750 1606.3
1091760 1606.3
1091770 1613.3
1091780 1617.2
1091790 1617.2
1091800 1616.0
1091810 1615.0
1091820 1615.0
1091830 1611.7
1091840 1608.2
1091850 1608.2
1091860 1602.9
1091870 1598.4
1091880 1598.4
1091890 1598.0
1091900 1598.0
1091910 1598.0
1091920 1596.3
1091930 1593.5
1091940 1591.7
1091950 1591.7
1091960 1596.6
1091970 1601.0
1091980 1601.0
1091990 1602.3
1092000 1600.8
1092010 1600.8
1092020 1600.8
1092030 1598.9
1092040 1598.9
1092050 1595.3
1092060 1593.7
1092070 1593.7
1092080 1594.1
1092090 1594.5
1092100 1601.9
1092110 1602.5
1092120 1602.5
1092130 1602.5
1092140 1598.4
1092150 1594.7
1092160 1595.6
1092170 1595.6
1092180 1598.1
1092190 1600.6
1092200 1600.6
1092210 1601.8
1092220 1602.1
1092230 1602.1
1092240 1604.1
1092250 1607.0
1092260 1607.0
1092270 1610.1
1092280 1612.1
1092290 1612.1
1092300 1615.8
1092310 1617.8
1092320 1617.8
1092330 1620.1
1092340 1623.1
1092350 1623.1
1092360 1626.3
1092370 1629.3
1092380 1629.3
1092390 1634.8
1092400 1640.9
1092410 1653.9
1092420 1653.9
1092430 1677.1
1092440 1687.7
1092450 1687.7
1092460 1700.0
1092470 1706.4
1092480 1706.4
1092490 1719.9
1092500 1740.1
1092510 1740.1
1092520 1762.2
1092530 1775.7
1092540 1775.7
1092550 1782.9
1092560 1795.8
1092570 1795.8
1092580 1815.8
1092590 1829.0
1092600 1829.0
1092610 1838.0
1092620 1844.8
1092630 1850.9
1092640 1850.9
1092650 1855.6
1092660 1857.6
1092670 1857.6
1092680 1854.8
1092690 1852.7
1092700 1852.7
1092710 1852.4
1092720 1849.5
1092730 1849.5
1092740 1843.5
1092750 1839.9
1092760 1839.9
1092770 1832.3
1092780 1812.7
1092790 1812.7
1092800 1802.3
1092810 1793.5
1092820 1793.5
1092830 1783.1
1092840 1770.8
1092850 1770.8
1092860 1758.0
1092870 1749.3
1092880 1742.9
1092890 1742.9
1092900 1737.0
1092910 1731.2
1092920 1731.2
1092930 1724.4
1092940 1716.3
1092950 1716.3
1092960 1709.9
1092970 1704.0
1092980 1704.0
1092990 1698.4
1093000 1693.8
1093010 1693.8
1093020 1690.1
1093030 1686.7
1093040 1686.7
1093050 1683.8
1093060 1682.2
1093070 1686.5
1093080 1684.8
1093090 1686.9
1093100 1692.2
1093110 1692.2
1093120 1694.6
1093130 1695.5
1093140 1695.5
1093150 1697.1
1093160 1697.4
1093170 1697.4
1093180 1697.2
1093190 1698.0
1093200 1698.0
1093210 1697.9
1093220 1697.9
1093230 1697.9
1093240 1694.8
1093250 1694.2
1093260 1694.2
1093270 1691.4
1093280 1689.0
1093290 1689.0
1093300 1688.4
1093310 1689.3
1093320 1689.3
1093330 1688.6
1093340 1686.9
1093350 1689.7
1093360 1689.7
1093370 1692.7
1093380 1694.5
1093390 1694.5
1093400 1704.0
1093410 1708.2
1093420 1708.2
1093430 1709.2
1093440 1706.8
1093450 1706.8
1093460 1708.1
1093470 1706.5
1093480 1706.5
1093490 1705.7
1093500 1705.7
1093510 1705.7
1093520 1702.3
1093530 1700.2
1093540 1700.2
1093550 1700.0
1093560 1700.0
1093570 1700.0
1093580 1700.5
1093590 1703.0
1093600 1705.3
1093610 1705.3
1093620 1708.3
1093630 1712.4
1093640 1712.4
1093650 1716.3
1093660 1719.8
1093670 1719.8
1093680 1722.5
1093690 1727.0
1093700 1727.0
1093710 1736.7
1093720 1752.2
1093730 1752.2
1093740 1766.7
1093750 1776.1
1093760 1776.1
1093770 1787.7
1093780 1797.3
1093790 1797.3
1093800 1806.4
1093810 1815.8
1093820 1824.3
1093830 1824.3
1093840 1832.4
1093850 1840.3
1093860 1840.3
1093870 1848.1
1093880 1856.1
1093890 1856.1
1093900 1863.3
1093910 1871.8
1093920 1871.8
1093930 1881.9
1093940 1892.5
1093950 1892.5
1093960 1895.5
1093970 1894.8
1093980 1894.8
1093990 1898.0
1094000 1899.6
1094010 1899.6
1094020 1900.7
1094030 1902.0
1094040 1902.0
1094050 1909.7
1094060 1898.9
1094070 1891.4
1094080 1891.4
1094090 1894.3
1094100 1896.0
1094110 1896.0
1094120 1893.1
1094130 1871.0
1094140 1871.0
1094150 1856.5
1094160 1844.9
1094170 1844.9
1094180 1837.8
1094190 1828.6
1094200 1828.6
1094210 1817.4
1094220 1805.3
1094230 1805.3
1094240 1794.7
1094250 1778.3
1094260 1778.3
1094270 1771.6
1094280 1765.1
1094290 1759.6
1094300 1759.6
1094310 1754.0
1094320 1747.7
1094330 1747.7
1094340 1741.3
1094350 1734.8
1094360 1734.8
1094370 1732.5
1094380 1725.5
1094390 1725.5
1094400 1718.1
1094410 1711.0
1094420 1711.0
1094430 1705.0
1094440 1698.9
1094450 1698.9
1094460 1692.2
1094470 1684.3
1094480 1684.3
1094490 1676.2
1094500 1669.2
1094510 1669.2
1094520 1663.0
1094530 1659.1
1094540 1655.1
1094550 1655.1
1094560 1650.5
1094570 1646.1
1094580 1646.1
1094590 1640.6
1094600 1634.7
1094610 1634.7
1094620 1628.6
1094630 1622.2
1094640 1622.2
1094650 1616.6
1094660 1611.0
1094670 1611.0
1094680 1604.8
1094690 1598.8
1094700 1601.9
1094710 1596.0
1094720 1590.9
1094730 1590.9
1094740 1586.1
1094750 1580.8
1094760 1575.1
1094770 1575.1
1094780 1569.5
1094790 1563.9
1094800 1563.9
1094810 1558.6
1094820 1553.5
1094830 1553.5
1094840 1550.6
1094850 1544.6
1094860 1544.6
1094870 1532.7
1094880 1523.5
1094890 1523.5
1094900 1515.8
1094910 1508.7
1094920 1508.7
1094930 1501.9
1094940 1495.8
1094950 1495.8
1094960 1491.5
1094970 1483.2
1094980 1483.2
1094990 1474.6
1095000 1463.6
1095010 1457.1
1095020 1457.1
1095030 1451.7
1095040 1443.0
1095050 1443.0
1095060 1433.5
1095070 1419.9
1095080 1419.9
1095090 1403.6
1095100 1395.6
1095110 1395.6
1095120 1388.1
1095130 1382.2
1095140 1382.2
1095150 1373.7
1095160 1364.4
1095170 1364.4
1095180 1355.8
1095190 1348.1
1095200 1348.1
1095210 1340.4
1095220 1329.9
1095230 1314.5
1095240 1314.5
1095250 1279.5
1095260 1265.2
1095270 1265.2
1095280 1255.6
1095290 1245.2
1095300 1245.2
1095310 1247.5
1095320 1249.1
1095330 1249.1
1095340 1230.3
1095350 1224.2
1095360 1224.2
1095370 1204.2
1095380 1228.2
1095390 1228.2
1095400 1216.2
1095410 1185.0
1095420 1185.0
1095430 1163.2
1095440 1155.1
1095450 1155.1
1095460 1145.8
1095470 1136.8
1095480 1129.2
1095490 1129.2
1095500 1120.9
1095510 1112.8
1095520 1112.8
1095530 1105.0
1095540 1098.9
1095550 1098.9
1095560 1093.0
1095570 1086.9
1095580 1086.9
1095590 1079.8
1095600 1071.9
1095610 1071.9
1095620 1064.1
1095630 1056.8
1095640 1056.8
1095650 1048.9
1095660 1042.2
1095670 1042.2
1095680 1039.7
1095690 1032.5
1095700 1025.7
1095710 1025.7
1095720 1019.2
1095730 1012.9
1095740 1012.9
1095750 1005.8
1095760 998.6
1095770 998.6
1095780 991.2
1095790 983.9
1095800 983.9
1095810 977.2
1095820 971.8
1095830 971.8
1095840 967.3
1095850 962.5
1095860 962.5
1095870 958.1
1095880 953.0
1095890 953.0
1095900 947.5
1095910 941.6
1095920 941.6
1095930 935.1
1095940 928.1
1095950 922.0
1095960 922.0
1095970 916.2
1095980 910.8
1095990 910.8
1096000 906.7
1096010 901.4
1096020 901.4
1096030 895.9
1096040 890.2
1096050 890.2
1096060 884.8
1096070 879.5
1096080 879.5
1096090 874.2
1096100 868.9
1096110 868.9
1096120 863.5
1096130 858.3
1096140 858.3
1096150 853.0
1096160 847.4
1096170 842.0
1096180 842.0
1096190 836.8
1096200 831.8
1096210 831.8
1096220 827.1
1096230 822.0
1096240 822.0
1096250 816.5
1096260 811.2
1096270 811.2
1096280 806.1
1096290 801.4
1096300 801.4
1096310 796.6
1096320 792.2
1096330 790.3
1096340 785.8
1096350 781.3
1096360 781.3
1096370 777.0
1096380 773.0
1096390 773.0
1096400 769.3
1096410 765.6
1096420 761.8
1096430 761.8
1096440 758.1
1096450 754.3
1096460 754.3
1096470 750.5
1096480 746.5
1096490 746.5
1096500 742.5
1096510 738.7
1096520 738.7
1096530 735.5
1096540 731.8
1096550 731.8
1096560 727.9
1096570 724.2
1096580 724.2
1096590 720.5
1096600 716.7
1096610 716.7
1096620 712.7
1096630 708.9
1096640 705.5
1096650 705.5
1096660 700.8
1096670 697.7
1096680 697.7
1096690 694.5
1096700 691.2
1096710 691.2
1096720 687.7
1096730 684.5
1096740 684.5
1096750 681.5
1096760 678.5
1096770 678.5
1096780 675.4
1096790 670.8
1096800 670.8
1096810 666.5
1096820 664.5
1096830 664.5
1096840 662.1
1096850 658.6
1096860 658.6
1096870 656.4
1096880 653.9
1096890 650.7
1096900 650.7
1096910 646.8
1096920 642.4
1096930 642.4
1096940 635.0
1096950 626.6
1096960 626.6
1096970 618.5
1096980 613.7
1096990 613.7
1097000 609.7
1097010 604.4
1097020 604.4
1097030 600.8
1097040 600.8
1097050 600.8
1097060 603.8
1097070 603.0
1097080 603.0
1097090 602.8
1097100 602.9
1097110 602.9
1097120 602.3
1097130 602.4
1097140 603.8
1097150 603.8
1097160 606.6
1097170 610.7
1097180 610.7
1097190 611.6
1097200 612.0
1097210 612.0
1097220 612.5
1097230 613.3
1097240 613.3
1097250 614.6
1097260 615.5
1097270 615.5
1097280 615.9
1097290 617.2
1097300 617.2
1097310 618.7
1097320 620.0
1097330 620.0
1097340 621.1
1097350 622.3
1097360 623.2
1097370 623.2
1097380 624.5
1097390 625.6
1097400 625.6
1097410 627.1
1097420 628.3
1097430 628.3
1097440 629.3
1097450 630.3
1097460 630.3
1097470 631.5
1097480 633.0
1097490 633.0
1097500 634.2
1097510 635.2
1097520 635.2
1097530 636.3
1097540 637.5
1097550 637.5
1097560 638.6
1097570 640.1
1097580 640.1
1097590 641.4
1097600 642.6
1097610 643.8
1097620 643.8
1097630 644.8
1097640 645.9
1097650 645.9
1097660 647.1
1097670 648.3
1097680 648.3
1097690 649.8
1097700 651.2
1097710 651.2
1097720 652.4
1097730 653.7
1097740 653.7
1097750 658.2
1097760 659.8
1097770 659.8
1097780 657.9
1097790 658.0
1097800 658.0
1097810 659.5
1097820 661.4
1097830 663.9
1097840 663.9
1097850 665.4
1097860 667.0
1097870 667.0
1097880 667.5
1097890 667.7
1097900 667.7
1097910 668.9
1097920 669.3
1097930 669.3
1097940 670.6
1097950 671.7
1097960 671.7
1097970 672.8
1097980 674.2
1097990 674.2
1098000 675.4
1098010 677.1
1098020 677.1
1098030 680.4
1098040 684.7
1098050 684.7
1098060 687.6
1098070 688.6
1098080 688.1
1098090 688.1
1098100 688.1
1098110 688.1
1098120 688.1
1098130 688.4
1098140 689.3
1098150 689.3
1098160 690.3
1098170 691.5
1098180 691.5
1098190 693.0
1098200 694.3
1098210 694.3
1098220 695.2
1098230 696.8
1098240 696.8
1098250 698.8
1098260 701.1
1098270 701.1
1098280 704.1
1098290 706.8
1098300 708.4
1098310 708.4
1098320 708.7
1098330 708.5
1098340 708.5
1098350 709.0
1098360 710.4
1098370 710.4
1098380 711.8
1098390 713.2
1098400 713.2
1098410 714.9
1098420 715.9
1098430 715.9
1098440 717.6
1098450 719.4
1098460 719.4
1098470 721.0
1098480 722.4
1098490 722.4
1098500 723.5
1098510 725.0
1098520 725.0
1098530 727.4
1098540 729.1
1098550 729.8
1098560 729.8
1098570 730.5
1098580 732.1
1098590 732.1
1098600 733.2
1098610 734.5
1098620 734.5
1098630 734.8
1098640 735.9
1098650 735.9
1098660 738.0
1098670 738.3
1098680 738.3
1098690 739.4
1098700 740.1
1098710 740.1
1098720 741.6
1098730 742.1
1098740 742.1
1098750 742.0
1098760 741.6
1098770 743.6
1098780 743.6
1098790 745.4
1098800 746.8
1098810 746.8
1098820 748.9
1098830 752.3
1098840 752.3
1098850 757.5
1098860 764.7
1098870 764.7
1098880 772.5
1098890 780.6
1098900 780.6
1098910 793.7
1098920 807.3
1098930 807.3
1098940 819.9
1098950 837.8
1098960 837.8
1098970 851.7
1098980 858.8
1098990 858.8
1099000 865.0
1099010 871.4
1099020 877.6
1099030 877.6
1099040 883.9
1099050 890.0
1099060 890.0
1099070 897.2
1099080 905.1
1099090 905.1
1099100 913.5
1099110 922.1
1099120 922.1
1099130 931.4
1099140 939.2
1099150 939.2
1099160 945.1
1099170 950.2
1099180 950.2
1099190 955.3
1099200 960.5
1099210 960.5
1099220 965.7
1099230 971.1
1099240 977.0
1099250 977.0
1099260 983.2
1099270 989.0
1099280 992.7
1099290 997.9
1099300 1002.9
1099310 1002.9
1099320 1007.2
1099330 1011.3
1099340 1011.3
1099350 1015.4
1099360 1019.4
1099370 1019.4
1099380 1022.4
1099390 1026.3
1099400 1026.3
1099410 1029.6
1099420 1034.1
1099430 1034.1
1099440 1040.6
1099450 1047.5
1099460 1047.5
1099470 1054.2
1099480 1059.0
1099490 1060.5
1099500 1060.5
1099510 1064.1
1099520 1066.5
1099530 1066.5
1099540 1068.5
1099550 1071.2
1099560 1071.2
1099570 1070.0
1099580 1071.8
1099590 1071.8
1099600 1077.0
1099610 1090.7
1099620 1090.7
1099630 1089.7
1099640 1090.5
1099650 1090.5
1099660 1093.3
1099670 1096.0
1099680 1096.0
1099690 1099.2
1099700 1104.0
1099710 1108.4
1099720 1108.4
1099730 1113.3
1099740 1117.0
1099750 1117.0
1099760 1122.4
1099770 1128.9
1099780 1128.9
1099790 1130.2
1099800 1131.4
1099810 1131.4
1099820 1131.7
1099830 1135.5
1099840 1135.5
1099850 1140.9
1099860 1148.3
1099870 1148.3
1099880 1150.6
1099890 1143.3
1099900 1143.3
1099910 1132.9
1099920 1124.5
1099930 1124.5
1099940 1131.5
1099950 1131.2
1099960 1137.1
1099970 1137.1
1099980 1150.4
1099990 1161.1
