1080000 2001.6
1080010 2015.2
1080020 2025.2
1080030 2025.2
1080040 2029.4
1080050 2028.3
1080060 2028.3
1080070 2033.1
1080080 2043.5
1080090 2037.5
1080100 2037.5
1080110 2033.1
1080120 2028.4
1080130 2028.4
1080140 2024.3
1080150 2023.1
1080160 2023.1
1080170 2016.9
1080180 2010.6
1080190 2010.6
1080200 2010.7
1080210 2017.3
1080220 2017.3
1080230 2008.9
1080240 2003.8
1080250 2003.8
1080260 1999.6
1080270 1994.6
1080280 1994.6
1080290 1985.7
1080300 1981.5
1080310 1981.5
1080320 1983.3
1080330 1982.1
1080340 1978.7
1080350 1978.7
1080360 1977.3
1080370 1975.9
1080380 1975.9
1080390 1972.1
1080400 1969.0
1080410 1969.0
1080420 1968.5
1080430 1964.9
1080440 1964.9
1080450 1963.4
1080460 1965.0
1080470 1965.0
1080480 1965.0
1080490 1964.2
1080500 1964.2
1080510 1963.1
1080520 1970.5
1080530 1970.5
1080540 1971.3
1080550 1973.3
1080560 1975.0
1080570 1975.0
1080580 1977.0
1080590 1980.2
1080600 1980.2
1080610 1983.7
1080620 1986.5
1080630 1986.5
1080640 1988.6
1080650 1990.0
1080660 1990.0
1080670 1992.1
1080680 1994.1
1080690 1994.1
1080700 1997.5
1080710 2001.9
1080720 2001.9
1080730 2006.6
1080740 2010.5
1080750 2010.5
1080760 2013.5
1080770 2015.8
1080780 2015.8
1080790 2023.6
1080800 2030.3
1080810 2036.4
1080820 2036.4
1080830 2047.9
1080840 2051.8
1080850 2051.8
1080860 2060.7
1080870 2068.7
1080880 2068.7
1080890 2078.2
1080900 2087.7
1080910 2087.7
1080920 2094.4
1080930 2094.8
1080940 2094.8
1080950 2085.5
1080960 2084.0
1080970 2084.0
1080980 2079.5
1080990 2074.8
1081000 2074.8
1081010 2070.9
1081020 2066.6
1081030 2061.4
1081040 2061.4
1081050 2066.8
1081060 2076.3
1081070 2076.3
1081080 2074.3
1081090 2069.2
1081100 2069.2
1081110 2065.4
1081120 2067.2
1081130 2067.2
1081140 2065.0
1081150 2052.7
1081160 2052.7
1081170 2043.9
1081180 2037.0
1081190 2037.0
1081200 2032.9
1081210 2032.1
1081220 2032.1
1081230 2026.9
1081240 2021.8
1081250 2021.8
1081260 2021.9
1081270 2024.8
1081280 2027.5
1081290 2027.5
1081300 2026.6
1081310 2022.1
1081320 2022.1
1081330 2018.4
1081340 2015.6
1081350 2015.6
1081360 2017.1
1081370 2021.8
1081380 2021.8
1081390 2025.7
1081400 2029.2
1081410 2029.2
1081420 2030.3
1081430 2022.3
1081440 2022.3
1081450 2012.3
1081460 2001.9
1081470 2001.9
1081480 1992.4
1081490 1985.3
1081500 1985.3
1081510 1978.2
1081520 1971.5
1081530 1967.0
1081540 1967.0
1081550 1962.9
1081560 1957.7
1081570 1957.7
1081580 1949.6
1081590 1943.6
1081600 1943.6
1081610 1937.6
1081620 1933.9
1081630 1933.9
1081640 1930.1
1081650 1925.7
1081660 1925.7
1081670 1921.6
1081680 1916.2
1081690 1916.2
1081700 1909.2
1081710 1901.2
1081720 1901.2
1081730 1895.2
1081740 1887.7
1081750 1876.6
1081760 1876.6
1081770 1865.1
1081780 1855.0
1081790 1855.0
1081800 1845.5
1081810 1837.6
1081820 1837.6
1081830 1830.0
1081840 1826.9
1081850 1826.9
1081860 1822.2
1081870 1812.8
1081880 1812.8
1081890 1803.9
1081900 1797.9
1081910 1797.9
1081920 1794.7
1081930 1790.1
1081940 1790.1
1081950 1783.6
1081960 1772.1
1081970 1772.1
1081980 1764.5
1081990 1758.5
1082000 1752.0
1082010 1752.0
1082020 1745.3
1082030 1739.5
1082040 1739.5
1082050 1735.4
1082060 1730.5
1082070 1730.5
1082080 1724.2
1082090 1714.8
1082100 1714.8
1082110 1709.2
1082120 1704.4
1082130 1704.4
1082140 1699.2
1082150 1693.8
1082160 1693.8
1082170 1689.2
1082180 1684.6
1082190 1684.6
1082200 1680.1
1082210 1675.6
1082220 1670.7
1082230 1670.7
1082240 1665.7
1082250 1661.2
1082260 1661.2
1082270 1656.7
1082280 1652.1
1082290 1652.1
1082300 1647.4
1082310 1642.9
1082320 1642.9
1082330 1638.4
1082340 1634.3
1082350 1634.3
1082360 1630.7
1082370 1627.2
1082380 1627.2
1082390 1623.9
1082400 1621.1
1082410 1618.3
1082420 1615.4
1082430 1612.2
1082440 1612.2
1082450 1608.6
1082460 1605.6
1082470 1603.4
1082480 1603.4
1082490 1601.4
1082500 1598.9
1082510 1598.9
1082520 1595.5
1082530 1592.5
1082540 1592.5
1082550 1588.2
1082560 1583.3
1082570 1583.3
1082580 1580.5
1082590 1579.3
1082600 1579.3
1082610 1578.6
1082620 1578.4
1082630 1578.4
1082640 1577.2
1082650 1574.8
1082660 1574.8
1082670 1573.5
1082680 1571.7
1082690 1569.6
1082700 1569.6
1082710 1568.1
1082720 1566.5
1082730 1562.5
1082740 1561.3
1082750 1558.4
1082760 1558.4
1082770 1551.3
1082780 1544.8
1082790 1544.8
1082800 1537.9
1082810 1532.7
1082820 1532.7
1082830 1531.6
1082840 1530.9
1082850 1530.9
1082860 1529.7
1082870 1532.4
1082880 1532.4
1082890 1536.1
1082900 1532.2
1082910 1532.2
1082920 1526.7
1082930 1521.6
1082940 1518.0
1082950 1518.0
1082960 1513.4
1082970 1511.1
1082980 1511.1
1082990 1508.7
1083000 1506.0
1083010 1506.0
1083020 1506.9
1083030 1507.8
1083040 1502.6
1083050 1499.7
1083060 1493.3
1083070 1493.3
1083080 1490.4
1083090 1489.9
1083100 1489.9
1083110 1490.8
1083120 1493.2
1083130 1493.2
1083140 1494.2
1083150 1492.8
1083160 1492.8
1083170 1490.7
1083180 1490.2
1083190 1486.3
1083200 1486.3
1083210 1483.4
1083220 1481.0
1083230 1481.0
1083240 1477.9
1083250 1475.0
1083260 1475.0
1083270 1470.9
1083280 1466.1
1083290 1466.1
1083300 1462.1
1083310 1459.3
1083320 1459.3
1083330 1458.3
1083340 1456.8
1083350 1456.8
1083360 1445.8
1083370 1444.8
1083380 1444.8
1083390 1444.4
1083400 1442.6
1083410 1440.9
1083420 1440.9
1083430 1438.6
1083440 1435.6
1083450 1435.6
1083460 1436.0
1083470 1433.2
1083480 1433.2
1083490 1427.2
1083500 1420.7
1083510 1420.7
1083520 1414.9
1083530 1408.9
1083540 1408.9
1083550 1403.6
1083560 1397.7
1083570 1397.7
1083580 1392.3
1083590 1386.7
1083600 1386.7
1083610 1380.8
1083620 1372.5
1083630 1372.5
1083640 1364.1
1083650 1355.4
1083660 1346.4
1083670 1346.4
1083680 1343.9
1083690 1334.8
1083700 1334.8
1083710 1328.1
1083720 1323.1
1083730 1323.1
1083740 1319.1
1083750 1314.9
1083760 1314.9
1083770 1312.3
1083780 1310.5
1083790 1310.5
1083800 1311.4
1083810 1311.2
1083820 1311.2
1083830 1308.6
1083840 1304.6
1083850 1304.6
1083860 1301.1
1083870 1299.2
1083880 1299.9
1083890 1299.9
1083900 1289.6
1083910 1286.7
1083920 1286.7
1083930 1293.3
1083940 1299.4
1083950 1299.4
1083960 1307.0
1083970 1318.5
1083980 1318.5
1083990 1322.8
1084000 1324.9
1084010 1324.9
1084020 1325.0
1084030 1326.5
1084040 1326.5
1084050 1329.0
1084060 1332.3
1084070 1332.3
1084080 1336.3
1084090 1339.3
1084100 1339.3
1084110 1342.8
1084120 1344.8
1084130 1347.8
1084140 1347.8
1084150 1349.2
1084160 1350.6
1084170 1350.6
1084180 1351.3
1084190 1352.8
1084200 1352.8
1084210 1355.3
1084220 1357.5
1084230 1357.5
1084240 1360.6
1084250 1361.6
1084260 1361.6
1084270 1362.7
1084280 1366.2
1084290 1366.2
1084300 1371.0
1084310 1369.0
1084320 1369.0
1084330 1373.8
1084340 1380.2
1084350 1380.2
1084360 1387.6
1084370 1398.3
1084380 1408.9
1084390 1408.9
1084400 1418.0
1084410 1419.2
1084420 1419.2
1084430 1427.9
1084440 1436.3
1084450 1436.3
1084460 1448.2
1084470 1460.5
1084480 1460.5
1084490 1466.4
1084500 1468.0
1084510 1468.0
1084520 1466.9
1084530 1468.2
1084540 1468.2
1084550 1471.0
1084560 1471.9
1084570 1471.9
1084580 1473.9
1084590 1484.2
1084600 1486.1
1084610 1486.1
1084620 1482.4
1084630 1488.8
1084640 1488.8
1084650 1497.0
1084660 1505.2
1084670 1505.2
1084680 1528.9
1084690 1560.7
1084700 1560.7
1084710 1573.0
1084720 1581.3
1084730 1581.3
1084740 1589.8
1084750 1586.5
1084760 1586.5
1084770 1582.3
1084780 1575.2
1084790 1575.2
1084800 1566.9
1084810 1554.6
1084820 1554.6
1084830 1552.3
1084840 1555.5
1084850 1554.6
1084860 1554.6
1084870 1551.8
1084880 1554.3
1084890 1554.3
1084900 1559.9
1084910 1562.6
1084920 1562.6
1084930 1560.4
1084940 1556.6
1084950 1547.7
1084960 1545.3
1084970 1547.7
1084980 1547.7
1084990 1551.5
1085000 1550.4
1085010 1550.4
1085020 1543.4
1085030 1534.5
1085040 1534.5
1085050 1523.7
1085060 1510.3
1085070 1503.6
1085080 1503.6
1085090 1497.4
1085100 1501.5
1085110 1501.5
1085120 1504.4
1085130 1495.5
1085140 1495.5
1085150 1494.9
1085160 1493.6
1085170 1493.6
1085180 1491.1
1085190 1488.4
1085200 1488.4
1085210 1488.6
1085220 1491.1
1085230 1491.1
1085240 1493.7
1085250 1498.0
1085260 1494.1
1085270 1500.3
1085280 1501.2
1085290 1501.2
1085300 1501.9
1085310 1503.4
1085320 1507.5
1085330 1507.5
1085340 1510.2
1085350 1511.3
1085360 1511.3
1085370 1508.1
1085380 1502.3
1085390 1502.3
1085400 1496.5
1085410 1490.7
1085420 1490.7
1085430 1484.6
1085440 1474.9
1085450 1474.9
1085460 1462.6
1085470 1462.6
1085480 1462.6
1085490 1463.9
1085500 1462.5
1085510 1462.5
1085520 1460.7
1085530 1453.2
1085540 1453.2
1085550 1445.7
1085560 1438.2
1085570 1431.2
1085580 1417.3
1085590 1408.4
1085600 1400.1
1085610 1400.1
1085620 1390.7
1085630 1382.3
1085640 1382.3
1085650 1377.0
1085660 1375.2
1085670 1375.2
1085680 1378.7
1085690 1373.0
1085700 1373.0
1085710 1370.3
1085720 1374.6
1085730 1374.6
1085740 1371.5
1085750 1360.1
1085760 1360.1
1085770 1349.6
1085780 1345.3
1085790 1352.8
1085800 1352.8
1085810 1352.5
1085820 1349.9
1085830 1349.9
1085840 1346.0
1085850 1339.7
1085860 1339.7
1085870 1331.8
1085880 1328.8
1085890 1328.8
1085900 1320.5
1085910 1320.2
1085920 1320.2
1085930 1320.1
1085940 1320.8
1085950 1320.8
1085960 1314.6
1085970 1311.4
1085980 1311.4
1085990 1308.0
1086000 1301.0
1086010 1301.0
1086020 1291.7
1086030 1287.2
1086040 1285.2
1086050 1285.2
1086060 1297.8
1086070 1303.4
1086080 1303.4
1086090 1297.3
1086100 1290.2
1086110 1290.2
1086120 1288.7
1086130 1293.4
1086140 1293.4
1086150 1292.1
1086160 1288.3
1086170 1288.3
1086180 1286.4
1086190 1287.0
1086200 1287.0
1086210 1282.2
1086220 1267.4
1086230 1267.4
1086240 1262.9
1086250 1259.7
1086260 1255.9
1086270 1255.9
1086280 1249.9
1086290 1241.0
1086300 1241.0
1086310 1230.1
1086320 1212.4
1086330 1212.4
1086340 1208.3
1086350 1210.9
1086360 1210.9
1086370 1214.4
1086380 1223.5
1086390 1223.5
1086400 1222.7
1086410 1213.7
1086420 1213.7
1086430 1208.4
1086440 1207.9
1086450 1207.9
1086460 1205.7
1086470 1202.7
1086480 1202.7
1086490 1197.1
1086500 1189.0
1086510 1184.7
1086520 1184.7
1086530 1178.1
1086540 1160.3
1086550 1160.3
1086560 1153.5
1086570 1157.1
1086580 1157.1
1086590 1163.1
1086600 1162.5
1086610 1162.5
1086620 1158.1
1086630 1154.2
1086640 1154.2
1086650 1148.7
1086660 1143.7
1086670 1143.7
1086680 1137.5
1086690 1125.6
1086700 1125.6
1086710 1127.0
1086720 1127.4
1086730 1120.2
1086740 1120.2
1086750 1114.0
1086760 1112.0
1086770 1112.0
1086780 1111.5
1086790 1106.0
1086800 1106.0
1086810 1101.7
1086820 1097.6
1086830 1097.6
1086840 1090.5
1086850 1080.9
1086860 1073.3
1086870 1065.5
1086880 1061.2
1086890 1061.2
1086900 1058.5
1086910 1053.7
1086920 1053.7
1086930 1047.8
1086940 1041.1
1086950 1041.1
1086960 1033.8
1086970 1026.8
1086980 1017.6
1086990 1017.6
1087000 1007.0
1087010 1004.1
1087020 1004.1
1087030 998.6
1087040 992.6
1087050 992.6
1087060 992.2
1087070 991.7
1087080 991.7
1087090 984.5
1087100 976.7
1087110 976.7
1087120 968.6
1087130 961.2
1087140 961.2
1087150 956.0
1087160 949.9
1087170 949.9
1087180 939.5
1087190 934.0
1087200 934.0
1087210 929.2
1087220 924.9
1087230 919.7
1087240 919.7
1087250 915.0
1087260 912.4
1087270 912.4
1087280 907.8
1087290 901.0
1087300 901.0
1087310 893.5
1087320 885.6
1087330 885.6
1087340 877.8
1087350 871.9
1087360 871.9
1087370 870.8
1087380 871.9
1087390 871.9
1087400 874.6
1087410 878.6
1087420 878.6
1087430 882.5
1087440 881.4
1087450 878.0
1087460 878.0
1087470 878.5
1087480 882.5
1087490 882.5
1087500 892.3
1087510 903.7
1087520 903.7
1087530 906.2
1087540 906.6
1087550 906.6
1087560 907.1
1087570 907.7
1087580 907.7
1087590 909.1
1087600 912.6
1087610 912.6
1087620 917.1
1087630 919.5
1087640 919.5
1087650 918.5
1087660 915.6
1087670 915.6
1087680 913.5
1087690 912.7
1087700 912.6
1087710 912.6
1087720 913.6
1087730 914.9
1087740 914.9
1087750 915.4
1087760 915.4
1087770 915.4
1087780 915.1
1087790 915.4
1087800 915.4
1087810 918.8
1087820 924.5
1087830 924.5
1087840 929.6
1087850 935.5
1087860 935.5
1087870 942.0
1087880 948.8
1087890 948.8
1087900 955.6
1087910 962.5
1087920 968.8
1087930 968.8
1087940 972.6
1087950 974.8
1087960 974.8
1087970 977.3
1087980 976.6
1087990 976.6
1088000 974.0
1088010 975.0
1088020 975.0
1088030 976.3
1088040 976.6
1088050 976.6
1088060 976.6
1088070 976.1
1088080 976.1
1088090 976.6
1088100 977.7
1088110 977.7
1088120 978.8
1088130 979.7
1088140 982.2
1088150 983.1
1088160 986.3
1088170 989.2
1088180 989.2
1088190 989.8
1088200 990.2
1088210 990.2
1088220 992.6
1088230 995.7
1088240 995.7
1088250 999.6
1088260 1004.7
1088270 1004.7
1088280 1010.2
1088290 1016.1
1088300 1016.1
1088310 1022.3
1088320 1028.6
1088330 1028.6
1088340 1035.0
1088350 1040.7
1088360 1040.7
1088370 1044.9
1088380 1049.8
1088390 1049.8
1088400 1058.1
1088410 1066.7
1088420 1074.6
1088430 1074.6
1088440 1082.3
1088450 1090.2
1088460 1094.5
1088470 1102.4
1088480 1114.4
1088490 1114.4
1088500 1122.4
1088510 1135.4
1088520 1135.4
1088530 1147.2
1088540 1154.8
1088550 1154.8
1088560 1163.2
1088570 1169.6
1088580 1169.6
1088590 1176.5
1088600 1180.8
1088610 1180.8
1088620 1188.3
1088630 1196.6
1088640 1204.0
1088650 1204.0
1088660 1210.5
1088670 1216.4
1088680 1216.4
1088690 1222.2
1088700 1227.8
1088710 1227.8
1088720 1233.2
1088730 1240.9
1088740 1240.9
1088750 1248.3
1088760 1255.5
1088770 1255.5
1088780 1272.0
1088790 1277.2
1088800 1277.2
1088810 1285.7
1088820 1292.3
1088830 1292.3
1088840 1296.8
1088850 1304.1
1088860 1304.1
1088870 1311.8
1088880 1318.9
1088890 1326.3
1088900 1326.3
1088910 1328.1
1088920 1331.1
1088930 1331.1
1088940 1335.0
1088950 1340.0
1088960 1340.0
1088970 1348.3
1088980 1357.3
1088990 1357.3
1089000 1366.9
1089010 1376.9
1089020 1376.9
1089030 1388.0
1089040 1398.1
1089050 1398.1
1089060 1407.4
1089070 1419.3
1089080 1419.3
1089090 1428.6
1089100 1442.4
1089110 1450.3
1089120 1450.3
1089130 1465.1
1089140 1480.5
1089150 1480.5
1089160 1494.1
1089170 1507.8
1089180 1507.8
1089190 1519.3
1089200 1527.2
1089210 1527.2
1089220 1530.8
1089230 1531.9
1089240 1531.9
1089250 1532.7
1089260 1532.8
1089270 1532.8
1089280 1531.9
1089290 1530.5
1089300 1530.5
1089310 1529.1
1089320 1528.4
1089330 1528.4
1089340 1524.4
1089350 1518.4
1089360 1512.1
1089370 1512.1
1089380 1503.0
1089390 1492.3
1089400 1492.3
1089410 1493.5
1089420 1498.3
1089430 1498.3
1089440 1491.8
1089450 1486.1
1089460 1486.1
1089470 1479.3
1089480 1471.7
1089490 1471.7
1089500 1464.6
1089510 1457.6
1089520 1457.6
1089530 1450.6
1089540 1446.4
1089550 1446.4
1089560 1442.8
1089570 1438.5
1089580 1442.2
1089590 1442.2
1089600 1446.7
1089610 1454.2
1089620 1454.2
1089630 1459.3
1089640 1466.0
1089650 1466.0
1089660 1477.6
1089670 1495.3
1089680 1495.3
1089690 1509.7
1089700 1518.9
1089710 1518.9
1089720 1529.7
1089730 1538.5
1089740 1548.3
1089750 1551.6
1089760 1549.6
1089770 1549.6
1089780 1552.3
1089790 1562.9
1089800 1562.9
1089810 1577.3
1089820 1583.0
1089830 1581.9
1089840 1581.9
1089850 1584.8
1089860 1597.8
1089870 1597.8
1089880 1612.1
1089890 1624.0
1089900 1624.0
1089910 1623.8
1089920 1624.4
1089930 1624.4
1089940 1627.9
1089950 1635.2
1089960 1635.2
1089970 1646.8
1089980 1655.9
1089990 1655.9
1090000 1664.9
1090010 1673.8
1090020 1673.8
1090030 1682.4
1090040 1690.3
1090050 1690.3
1090060 1699.0
1090070 1707.1
1090080 1714.8
1090090 1714.8
1090100 1721.2
1090110 1726.1
1090120 1726.1
1090130 1729.9
1090140 1733.1
1090150 1733.1
1090160 1735.0
1090170 1736.1
1090180 1736.1
1090190 1736.0
1090200 1735.1
1090210 1735.1
1090220 1734.7
1090230 1734.1
1090240 1734.1
1090250 1733.0
1090260 1728.4
1090270 1728.4
1090280 1720.1
1090290 1711.8
1090300 1704.0
1090310 1704.0
1090320 1697.1
1090330 1691.5
1090340 1691.5
1090350 1686.6
1090360 1681.8
1090370 1681.8
1090380 1677.2
1090390 1673.8
1090400 1673.8
1090410 1669.1
1090420 1665.1
1090430 1665.1
1090440 1661.6
1090450 1660.0
1090460 1660.0
1090470 1660.8
1090480 1663.0
1090490 1663.0
1090500 1663.0
1090510 1662.1
1090520 1662.1
1090530 1661.3
1090540 1659.9
1090550 1660.8
1090560 1660.8
1090570 1663.5
1090580 1666.0
1090590 1666.0
1090600 1663.0
1090610 1654.4
1090620 1654.4
1090630 1645.8
1090640 1638.5
1090650 1638.5
1090660 1632.3
1090670 1631.4
1090680 1631.4
1090690 1630.0
1090700 1626.7
1090710 1631.9
1090720 1626.1
1090730 1617.6
1090740 1617.6
1090750 1606.9
1090760 1595.2
1090770 1582.1
1090780 1582.1
1090790 1569.1
1090800 1557.7
1090810 1557.7
1090820 1548.4
1090830 1540.0
1090840 1540.0
1090850 1528.8
1090860 1516.0
1090870 1516.0
1090880 1505.0
1090890 1497.4
1090900 1497.4
1090910 1489.9
1090920 1482.0
1090930 1482.0
1090940 1473.1
1090950 1464.9
1090960 1464.9
1090970 1457.7
1090980 1452.6
1090990 1452.6
1091000 1450.2
1091010 1446.8
1091020 1442.4
1091030 1444.0
1091040 1438.9
1091050 1434.5
1091060 1434.5
1091070 1430.3
1091080 1428.4
1091090 1428.4
1091100 1427.2
1091110 1424.4
1091120 1424.4
1091130 1420.8
1091140 1418.4
1091150 1418.4
1091160 1417.9
1091170 1417.3
1091180 1417.3
1091190 1416.2
1091200 1416.5
1091210 1416.5
1091220 1418.0
1091230 1418.7
1091240 1415.2
1091250 1415.2
1091260 1413.2
1091270 1413.4
1091280 1413.4
1091290 1413.4
1091300 1414.7
1091310 1414.7
1091320 1418.4
1091330 1422.3
1091340 1422.3
1091350 1436.5
1091360 1437.5
1091370 1437.5
1091380 1440.8
1091390 1445.2
1091400 1445.2
1091410 1446.7
1091420 1449.1
1091430 1449.1
1091440 1449.9
1091450 1449.8
1091460 1449.8
1091470 1445.8
1091480 1444.6
1091490 1437.7
1091500 1437.7
1091510 1434.2
1091520 1429.9
1091530 1429.9
1091540 1430.4
1091550 1434.9
1091560 1434.9
1091570 1441.1
1091580 1449.7
1091590 1449.7
1091600 1455.8
1091610 1457.0
1091620 1457.0
1091630 1461.2
1091640 1465.8
1091650 1465.8
1091660 1468.9
1091670 1470.9
1091680 1480.0
1091690 1480.5
1091700 1482.3
1091710 1482.3
1091720 1487.0
1091730 1490.8
1091740 1497.7
1091750 1497.7
1091760 1505.6
1091770 1511.4
1091780 1511.4
1091790 1518.5
1091800 1523.7
1091810 1523.7
1091820 1528.2
1091830 1529.6
1091840 1529.6
1091850 1526.8
1091860 1519.7
1091870 1519.7
1091880 1511.5
1091890 1484.9
1091900 1484.9
1091910 1456.2
1091920 1441.4
1091930 1441.4
1091940 1413.7
1091950 1395.9
1091960 1387.8
1091970 1387.8
1091980 1380.1
1091990 1371.8
1092000 1371.7
1092010 1363.4
1092020 1355.2
1092030 1355.2
1092040 1347.8
1092050 1340.1
1092060 1340.1
1092070 1332.9
1092080 1326.0
1092090 1326.0
1092100 1319.6
1092110 1314.0
1092120 1314.0
1092130 1309.0
1092140 1304.6
1092150 1304.6
1092160 1301.4
1092170 1298.1
1092180 1298.1
1092190 1294.8
1092200 1291.9
1092210 1290.6
1092220 1290.6
1092230 1290.2
1092240 1289.9
1092250 1289.9
1092260 1292.9
1092270 1297.5
1092280 1297.5
1092290 1301.6
1092300 1306.2
1092310 1306.2
1092320 1315.0
1092330 1318.2
1092340 1318.2
1092350 1321.4
1092360 1324.4
1092370 1324.4
1092380 1327.8
1092390 1331.9
1092400 1331.9
1092410 1335.6
1092420 1338.6
1092430 1342.6
1092440 1342.6
1092450 1348.2
1092460 1354.6
1092470 1354.6
1092480 1359.4
1092490 1366.0
1092500 1366.0
1092510 1376.3
1092520 1386.4
1092530 1386.4
1092540 1394.9
1092550 1402.8
1092560 1402.8
1092570 1410.9
1092580 1419.6
1092590 1419.6
1092600 1426.0
1092610 1431.4
1092620 1431.4
1092630 1438.2
1092640 1444.9
1092650 1449.3
1092660 1455.2
1092670 1460.4
1092680 1468.1
1092690 1468.1
1092700 1479.4
1092710 1490.7
1092720 1490.7
1092730 1504.4
1092740 1514.8
1092750 1514.8
1092760 1527.8
1092770 1542.1
1092780 1542.1
1092790 1552.9
1092800 1559.8
1092810 1559.8
1092820 1569.8
1092830 1580.4
1092840 1580.4
1092850 1591.0
1092860 1592.6
1092870 1592.6
1092880 1594.8
1092890 1593.3
1092900 1593.3
1092910 1588.2
1092920 1583.8
1092930 1580.1
1092940 1580.1
1092950 1576.8
1092960 1574.1
1092970 1583.1
1092980 1581.0
1092990 1579.1
1093000 1579.1
1093010 1576.3
1093020 1574.1
1093030 1574.1
1093040 1571.6
1093050 1570.3
1093060 1570.3
1093070 1570.0
1093080 1570.1
1093090 1570.1
1093100 1570.8
1093110 1570.5
1093120 1570.5
1093130 1568.9
1093140 1564.6
1093150 1557.2
1093160 1557.2
1093170 1551.1
1093180 1546.0
1093190 1546.0
1093200 1541.4
1093210 1537.7
1093220 1537.7
1093230 1535.5
1093240 1532.8
1093250 1532.8
1093260 1528.9
1093270 1525.1
1093280 1525.1
1093290 1524.2
1093300 1526.4
1093310 1526.4
1093320 1528.0
1093330 1528.9
1093340 1528.9
1093350 1531.6
1093360 1536.0
1093370 1536.0
1093380 1541.1
1093390 1546.6
1093400 1551.1
1093410 1551.1
1093420 1553.0
1093430 1551.8
1093440 1551.8
1093450 1550.9
1093460 1550.9
1093470 1550.9
1093480 1550.3
1093490 1549.2
1093500 1549.2
1093510 1547.2
1093520 1542.8
1093530 1542.8
1093540 1540.5
1093550 1543.4
1093560 1543.4
1093570 1548.7
1093580 1553.9
1093590 1553.9
1093600 1559.5
1093610 1564.4
1093620 1566.7
1093630 1566.7
1093640 1569.2
1093650 1572.2
1093660 1572.2
1093670 1576.6
1093680 1581.5
1093690 1581.5
1093700 1586.9
1093710 1590.6
1093720 1590.6
1093730 1592.4
1093740 1592.4
1093750 1592.4
1093760 1592.8
1093770 1597.3
1093780 1597.3
1093790 1603.2
1093800 1609.0
1093810 1609.0
1093820 1616.2
1093830 1622.8
1093840 1622.8
1093850 1629.3
1093860 1637.1
1093870 1646.6
1093880 1646.6
1093890 1651.0
1093900 1654.1
1093910 1654.1
1093920 1656.0
1093930 1658.3
1093940 1658.3
1093950 1666.1
1093960 1667.0
1093970 1667.0
1093980 1667.8
1093990 1667.6
1094000 1667.6
1094010 1667.4
1094020 1669.4
1094030 1669.4
1094040 1671.4
1094050 1669.5
1094060 1669.5
1094070 1664.9
1094080 1660.6
1094090 1654.9
1094100 1654.9
1094110 1652.1
1094120 1649.0
1094130 1649.0
1094140 1642.8
1094150 1638.3
1094160 1638.3
1094170 1635.1
1094180 1628.9
1094190 1628.9
1094200 1620.8
1094210 1615.9
1094220 1615.9
1094230 1608.9
1094240 1601.1
1094250 1601.1
1094260 1591.4
1094270 1583.5
1094280 1583.5
1094290 1571.0
1094300 1557.7
1094310 1557.7
1094320 1548.5
1094330 1537.0
1094340 1524.8
1094350 1524.8
1094360 1510.9
1094370 1497.2
1094380 1497.2
1094390 1493.6
1094400 1490.7
1094410 1490.7
1094420 1487.8
1094430 1483.9
1094440 1483.9
1094450 1479.2
1094460 1471.1
1094470 1471.1
1094480 1451.6
1094490 1439.4
1094500 1439.4
1094510 1425.9
1094520 1412.6
1094530 1412.6
1094540 1403.5
1094550 1394.6
1094560 1394.6
1094570 1388.5
1094580 1378.8
1094590 1364.0
1094600 1363.9
1094610 1349.1
1094620 1337.5
1094630 1337.5
1094640 1326.2
1094650 1315.9
1094660 1315.9
1094670 1306.9
1094680 1297.5
1094690 1297.5
1094700 1294.1
1094710 1295.4
1094720 1295.4
1094730 1289.7
1094740 1281.0
1094750 1281.0
1094760 1273.8
1094770 1263.6
1094780 1263.6
1094790 1251.4
1094800 1242.8
1094810 1235.6
1094820 1235.6
1094830 1228.1
1094840 1219.6
1094850 1219.6
1094860 1210.7
1094870 1202.5
1094880 1202.5
1094890 1195.6
1094900 1187.3
1094910 1187.3
1094920 1179.7
1094930 1166.1
1094940 1166.1
1094950 1157.7
1094960 1150.7
1094970 1150.7
1094980 1137.8
1094990 1126.9
1095000 1126.9
1095010 1110.7
1095020 1098.3
1095030 1098.3
1095040 1081.7
1095050 1070.2
1095060 1059.4
1095070 1059.4
1095080 1052.5
1095090 1050.0
1095100 1050.0
1095110 1046.3
1095120 1043.5
1095130 1043.5
1095140 1037.6
1095150 1030.1
1095160 1030.1
1095170 1022.1
1095180 1021.6
1095190 1021.6
1095200 1024.9
1095210 1022.2
1095220 1022.2
1095230 1019.1
1095240 1015.2
1095250 1021.9
1095260 1014.4
1095270 1007.4
1095280 1000.2
1095290 1000.2
1095300 993.7
1095310 987.2
1095320 987.2
1095330 978.4
1095340 970.5
1095350 970.5
1095360 969.2
1095370 969.2
1095380 969.2
1095390 968.7
1095400 963.5
1095410 963.5
1095420 954.3
1095430 947.9
1095440 947.9
1095450 942.1
1095460 937.8
1095470 937.8
1095480 935.4
1095490 933.6
1095500 933.6
1095510 927.0
1095520 910.7
1095530 895.3
1095540 895.3
1095550 885.2
1095560 874.5
1095570 879.3
1095580 880.5
1095590 886.5
1095600 886.5
1095610 887.0
1095620 885.7
1095630 885.7
1095640 885.0
1095650 885.5
1095660 885.5
1095670 886.6
1095680 885.6
1095690 885.6
1095700 883.2
1095710 880.4
1095720 880.4
1095730 878.0
1095740 875.1
1095750 872.0
1095760 872.0
1095770 868.6
1095780 866.9
1095790 866.9
1095800 865.1
1095810 861.0
1095820 861.0
1095830 855.4
1095840 850.2
1095850 850.2
1095860 846.3
1095870 843.0
1095880 843.0
1095890 839.8
1095900 845.6
1095910 845.6
1095920 844.1
1095930 842.2
1095940 842.2
1095950 840.3
1095960 838.3
1095970 838.3
1095980 834.6
1095990 832.6
1096000 832.7
1096010 832.7
1096020 831.3
1096030 828.4
1096040 828.4
1096050 825.1
1096060 824.7
1096070 824.7
1096080 828.6
1096090 829.4
1096100 829.4
1096110 829.1
1096120 829.0
1096130 829.0
1096140 828.9
1096150 828.3
1096160 828.3
1096170 828.9
1096180 830.0
1096190 830.0
1096200 828.9
1096210 827.7
1096220 827.7
1096230 831.1
1096240 829.9
1096250 827.8
1096260 827.8
1096270 826.6
1096280 825.8
1096290 825.8
1096300 825.5
1096310 825.7
1096320 825.7
1096330 825.7
1096340 825.8
1096350 825.8
1096360 825.8
1096370 825.6
1096380 825.6
1096390 824.7
1096400 823.2
1096410 823.2
1096420 820.2
1096430 817.4
1096440 817.4
1096450 816.1
1096460 815.4
1096470 815.6
1096480 815.6
1096490 815.8
1096500 814.7
1096510 814.7
1096520 812.9
1096530 811.4
1096540 811.4
1096550 809.9
1096560 810.0
1096570 810.0
1096580 806.0
1096590 803.0
1096600 803.0
1096610 800.0
1096620 797.1
1096630 797.1
1096640 793.8
1096650 789.8
1096660 789.8
1096670 785.8
1096680 782.0
1096690 782.0
1096700 778.9
1096710 776.6
1096720 775.6
1096730 775.6
1096740 775.4
1096750 775.1
1096760 775.1
1096770 773.7
1096780 770.2
1096790 770.2
1096800 766.3
1096810 764.0
1096820 764.0
1096830 761.3
1096840 758.4
1096850 758.4
1096860 756.3
1096870 754.3
1096880 754.3
1096890 750.6
1096900 747.0
1096910 747.0
1096920 745.1
1096930 742.5
1096940 737.7
1096950 737.7
1096960 734.4
1096970 727.7
1096980 727.7
1096990 708.9
1097000 693.4
1097010 693.4
1097020 684.2
1097030 654.4
1097040 654.4
1097050 621.5
1097060 612.5
1097070 612.5
1097080 605.3
1097090 597.9
1097100 597.9
1097110 596.0
1097120 595.4
1097130 595.4
1097140 593.8
1097150 591.7
1097160 591.7
1097170 592.2
1097180 594.2
1097190 595.5
1097200 595.5
1097210 596.2
1097220 596.9
1097230 596.9
1097240 599.1
1097250 600.3
1097260 600.3
1097270 600.4
1097280 600.6
1097290 600.6
1097300 602.9
1097310 603.1
1097320 603.1
1097330 605.8
1097340 607.4
1097350 607.4
1097360 608.2
1097370 609.2
1097380 609.2
1097390 610.3
1097400 611.2
1097410 612.0
1097420 612.0
1097430 612.9
1097440 613.9
1097450 613.9
1097460 614.8
1097470 616.1
1097480 616.1
1097490 617.2
1097500 618.4
1097510 618.4
1097520 619.6
1097530 620.6
1097540 620.8
1097550 621.8
1097560 622.7
1097570 622.7
1097580 623.6
1097590 624.8
1097600 624.8
1097610 626.0
1097620 627.1
1097630 627.1
1097640 628.2
1097650 629.1
1097660 630.3
1097670 630.3
1097680 631.2
1097690 632.3
1097700 632.3
1097710 633.5
1097720 634.7
1097730 634.7
1097740 636.1
1097750 637.3
1097760 637.3
1097770 638.5
1097780 639.5
1097790 639.5
1097800 640.6
1097810 641.7
1097820 641.7
1097830 642.8
1097840 644.2
1097850 644.2
1097860 645.9
1097870 647.2
1097880 648.4
1097890 648.4
1097900 649.2
1097910 649.9
1097920 649.9
1097930 650.9
1097940 651.9
1097950 651.9
1097960 653.1
1097970 654.3
1097980 654.3
1097990 655.9
1098000 657.3
1098010 657.3
1098020 658.4
1098030 659.7
1098040 659.7
1098050 661.1
1098060 662.7
1098070 662.7
1098080 663.7
1098090 664.2
1098100 664.2
1098110 665.4
1098120 666.5
1098130 667.4
1098140 667.4
1098150 668.4
1098160 669.1
1098170 669.1
1098180 670.1
1098190 672.0
1098200 672.0
1098210 673.1
1098220 674.6
1098230 674.6
1098240 675.6
1098250 676.4
1098260 676.4
1098270 677.4
1098280 680.0
1098290 680.0
1098300 685.9
1098310 692.4
1098320 692.4
1098330 699.4
1098340 706.1
1098350 706.1
1098360 711.8
1098370 718.3
1098380 737.3
1098390 737.3
1098400 750.5
1098410 761.1
1098420 761.1
1098430 770.3
1098440 780.6
1098450 780.6
1098460 798.4
1098470 807.2
1098480 807.2
1098490 815.4
1098500 822.5
1098510 822.5
1098520 795.6
1098530 803.1
1098540 803.1
1098550 811.1
1098560 816.3
1098570 816.3
1098580 813.7
1098590 819.2
1098600 825.3
1098610 825.3
1098620 831.6
1098630 837.8
1098640 837.8
1098650 843.2
1098660 849.9
1098670 849.9
1098680 858.0
1098690 879.7
1098700 879.7
1098710 899.6
1098720 918.0
1098730 918.0
1098740 928.2
1098750 932.0
1098760 932.0
1098770 933.0
1098780 939.7
1098790 939.7
1098800 941.5
1098810 943.7
1098820 943.7
1098830 939.5
1098840 930.1
1098850 921.5
1098860 921.5
1098870 932.7
1098880 942.8
1098890 942.8
1098900 952.9
1098910 957.2
1098920 957.2
1098930 951.2
1098940 952.6
1098950 952.6
1098960 960.6
1098970 967.3
1098980 967.3
1098990 972.3
1099000 976.3
1099010 976.3
1099020 979.3
1099030 984.1
1099040 984.1
1099050 990.8
1099060 996.2
1099070 1001.8
1099080 1001.8
1099090 1006.1
1099100 1005.6
1099110 1005.6
1099120 1003.9
1099130 1004.5
1099140 1004.5
1099150 1008.0
1099160 1013.3
1099170 1013.3
1099180 1012.4
1099190 1015.0
1099200 1015.0
1099210 1020.4
1099220 1026.1
1099230 1026.1
1099240 1030.8
1099250 1034.8
1099260 1034.8
1099270 1039.1
1099280 1042.0
1099290 1042.0
1099300 1047.1
1099310 1051.9
1099320 1056.3
1099330 1056.3
1099340 1064.5
1099350 1075.9
1099360 1075.9
1099370 1085.4
1099380 1095.0
1099390 1095.0
1099400 1102.9
1099410 1104.6
1099420 1104.6
1099430 1113.6
1099440 1125.0
1099450 1125.0
1099460 1131.2
1099470 1143.9
1099480 1143.9
1099490 1151.5
1099500 1153.2
1099510 1134.8
1099520 1138.5
1099530 1137.1
1099540 1129.2
1099550 1129.2
1099560 1119.0
1099570 1118.4
1099580 1118.4
1099590 1121.4
1099600 1124.8
1099610 1124.8
1099620 1126.3
1099630 1137.3
1099640 1137.3
1099650 1148.9
1099660 1155.1
1099670 1155.1
1099680 1152.2
1099690 1142.5
1099700 1142.5
1099710 1144.2
1099720 1145.5
1099730 1145.5
1099740 1149.9
1099750 1154.0
1099760 1154.0
1099770 1156.8
1099780 1160.5
1099790 1160.9
1099800 1160.9
1099810 1160.3
1099820 1161.3
1099830 1161.3
1099840 1156.1
1099850 1158.0
1099860 1158.0
1099870 1161.4
1099880 1164.5
1099890 1164.5
1099900 1167.3
1099910 1170.8
1099920 1170.8
1099930 1177.3
1099940 1183.7
1099950 1183.7
1099960 1188.1
1099970 1191.4
1099980 1191.4
1099990 1198.0
