1080000 2056.6
1080010 2056.6
1080020 2066.6
1080030 2074.8
1080040 2074.8
1080050 2064.7
1080060 2043.9
1080070 2043.9
1080080 2033.3
1080090 2016.4
1080100 2016.4
1080110 2007.2
1080120 2002.2
1080130 2002.2
1080140 1998.0
1080150 1994.3
1080160 1994.3
1080170 1990.3
1080180 1986.7
1080190 1981.2
1080200 1981.2
1080210 1974.9
1080220 1974.2
1080230 1982.2
1080240 1977.2
1080250 1971.6
1080260 1971.6
1080270 1968.3
1080280 1965.7
1080290 1965.7
1080300 1963.1
1080310 1956.7
1080320 1956.7
1080330 1949.9
1080340 1951.8
1080350 1951.8
1080360 1951.8
1080370 1949.5
1080380 1949.5
1080390 1946.0
1080400 1945.8
1080410 1945.8
1080420 1944.8
1080430 1942.8
1080440 1940.1
1080450 1940.1
1080460 1939.6
1080470 1938.8
1080480 1938.8
1080490 1939.1
1080500 1938.2
1080510 1938.2
1080520 1938.1
1080530 1940.1
1080540 1946.9
1080550 1947.7
1080560 1948.0
1080570 1948.0
1080580 1952.4
1080590 1958.3
1080600 1958.3
1080610 1962.2
1080620 1966.9
1080630 1966.9
1080640 1968.1
1080650 1967.9
1080660 1970.0
1080670 1970.0
1080680 1972.0
1080690 1974.4
1080700 1974.4
1080710 1978.0
1080720 1980.6
1080730 1980.6
1080740 1986.8
1080750 1990.9
1080760 1990.9
1080770 1994.7
1080780 2000.3
1080790 2000.3
1080800 2005.0
1080810 2012.1
1080820 2012.1
1080830 2019.6
1080840 2025.7
1080850 2025.7
1080860 2038.3
1080870 2044.1
1080880 2044.1
1080890 2051.4
1080900 2060.9
1080910 2068.4
1080920 2068.4
1080930 2077.7
1080940 2089.3
1080950 2089.3
1080960 2099.1
1080970 2107.8
1080980 2107.8
1080990 2108.4
1081000 2100.0
1081010 2100.0
1081020 2093.6
1081030 2092.1
1081040 2092.1
1081050 2102.6
1081060 2114.0
1081070 2114.0
1081080 2110.7
1081090 2102.3
1081100 2102.3
1081110 2099.9
1081120 2095.5
1081130 2085.8
1081140 2085.8
1081150 2079.4
1081160 2075.6
1081170 2068.4
1081180 2066.3
1081190 2061.3
1081200 2061.3
1081210 2059.6
1081220 2057.1
1081230 2057.1
1081240 2053.0
1081250 2054.1
1081260 2054.1
1081270 2054.0
1081280 2058.9
1081290 2058.9
1081300 2057.5
1081310 2053.6
1081320 2053.6
1081330 2048.2
1081340 2044.4
1081350 2044.4
1081360 2045.2
1081370 2050.1
1081380 2053.4
1081390 2053.4
1081400 2053.5
1081410 2045.6
1081420 2045.6
1081430 2039.0
1081440 2028.1
1081450 2028.1
1081460 2021.5
1081470 2020.1
1081480 2020.1
1081490 2008.5
1081500 2007.3
1081510 2007.3
1081520 2001.4
1081530 1994.2
1081540 1994.2
1081550 1985.8
1081560 1978.8
1081570 1978.8
1081580 1969.4
1081590 1961.7
1081600 1961.7
1081610 1954.3
1081620 1946.4
1081630 1939.2
1081640 1939.2
1081650 1931.4
1081660 1925.3
1081670 1925.3
1081680 1923.3
1081690 1919.6
1081700 1919.6
1081710 1911.0
1081720 1902.4
1081730 1902.4
1081740 1893.9
1081750 1884.1
1081760 1884.1
1081770 1876.0
1081780 1867.3
1081790 1867.3
1081800 1856.7
1081810 1850.9
1081820 1850.9
1081830 1844.4
1081840 1838.5
1081850 1832.1
1081860 1832.1
1081870 1825.1
1081880 1817.3
1081890 1817.3
1081900 1811.0
1081910 1805.8
1081920 1805.8
1081930 1799.1
1081940 1792.9
1081950 1792.9
1081960 1787.2
1081970 1782.1
1081980 1782.1
1081990 1776.0
1082000 1769.3
1082010 1769.3
1082020 1763.0
1082030 1755.5
1082040 1755.5
1082050 1748.7
1082060 1742.0
1082070 1742.0
1082080 1735.5
1082090 1729.9
1082100 1723.9
1082110 1723.9
1082120 1714.1
1082130 1710.4
1082140 1710.4
1082150 1707.4
1082160 1702.8
1082170 1702.8
1082180 1697.5
1082190 1692.4
1082200 1692.4
1082210 1687.1
1082220 1681.4
1082230 1681.4
1082240 1676.3
1082250 1671.1
1082260 1671.1
1082270 1665.9
1082280 1660.7
1082290 1660.7
1082300 1655.7
1082310 1651.2
1082320 1646.7
1082330 1646.7
1082340 1642.8
1082350 1638.8
1082360 1638.8
1082370 1635.2
1082380 1632.0
1082390 1632.0
1082400 1628.6
1082410 1625.4
1082420 1625.4
1082430 1619.6
1082440 1616.4
1082450 1616.4
1082460 1613.3
1082470 1610.2
1082480 1610.2
1082490 1606.9
1082500 1604.0
1082510 1604.0
1082520 1600.8
1082530 1597.5
1082540 1597.5
1082550 1596.8
1082560 1596.3
1082570 1595.4
1082580 1595.4
1082590 1594.4
1082600 1593.4
1082610 1593.4
1082620 1592.5
1082630 1592.0
1082640 1592.0
1082650 1590.8
1082660 1589.3
1082670 1589.3
1082680 1588.3
1082690 1587.7
1082700 1587.7
1082710 1586.7
1082720 1585.1
1082730 1585.1
1082740 1582.6
1082750 1572.2
1082760 1572.2
1082770 1565.7
1082780 1560.0
1082790 1560.0
1082800 1558.5
1082810 1557.8
1082820 1556.9
1082830 1556.9
1082840 1556.4
1082850 1558.7
1082860 1558.7
1082870 1556.2
1082880 1552.3
1082890 1552.3
1082900 1548.9
1082910 1544.9
1082920 1544.9
1082930 1541.6
1082940 1538.8
1082950 1538.8
1082960 1537.4
1082970 1535.9
1082980 1535.9
1082990 1532.9
1083000 1531.1
1083010 1531.1
1083020 1529.3
1083030 1527.0
1083040 1523.8
1083050 1523.8
1083060 1517.2
1083070 1519.3
1083080 1519.3
1083090 1521.5
1083100 1525.5
1083110 1525.5
1083120 1529.4
1083130 1526.4
1083140 1526.4
1083150 1521.7
1083160 1515.0
1083170 1515.0
1083180 1507.8
1083190 1500.6
1083200 1500.6
1083210 1494.9
1083220 1490.4
1083230 1490.4
1083240 1486.1
1083250 1481.6
1083260 1481.6
1083270 1476.9
1083280 1472.5
1083290 1468.0
1083300 1468.0
1083310 1463.8
1083320 1459.4
1083330 1459.4
1083340 1455.0
1083350 1450.9
1083360 1450.9
1083370 1447.5
1083380 1440.6
1083390 1440.6
1083400 1437.4
1083410 1434.9
1083420 1434.9
1083430 1432.3
1083440 1429.5
1083450 1429.5
1083460 1426.1
1083470 1421.4
1083480 1421.4
1083490 1416.5
1083500 1411.7
1083510 1407.7
1083520 1407.7
1083530 1403.9
1083540 1399.3
1083550 1399.3
1083560 1394.9
1083570 1389.7
1083580 1389.7
1083590 1380.8
1083600 1369.6
1083610 1369.6
1083620 1365.5
1083630 1367.0
1083640 1367.0
1083650 1368.1
1083660 1370.9
1083670 1370.9
1083680 1372.4
1083690 1368.7
1083700 1362.8
1083710 1354.8
1083720 1344.6
1083730 1344.6
1083740 1336.8
1083750 1332.3
1083760 1329.4
1083770 1329.4
1083780 1324.9
1083790 1323.0
1083800 1323.0
1083810 1321.7
1083820 1320.7
1083830 1320.7
1083840 1322.2
1083850 1322.0
1083860 1322.0
1083870 1316.0
1083880 1303.7
1083890 1303.7
1083900 1306.5
1083910 1315.4
1083920 1315.4
1083930 1322.9
1083940 1327.2
1083950 1327.2
1083960 1334.6
1083970 1342.3
1083980 1342.3
1083990 1347.3
1084000 1353.1
1084010 1356.5
1084020 1350.6
1084030 1348.7
1084040 1351.6
1084050 1351.6
1084060 1357.2
1084070 1363.5
1084080 1363.5
1084090 1368.8
1084100 1370.0
1084110 1370.0
1084120 1370.6
1084130 1371.8
1084140 1371.8
1084150 1374.2
1084160 1376.5
1084170 1376.5
1084180 1379.5
1084190 1382.7
1084200 1382.7
1084210 1386.3
1084220 1391.6
1084230 1394.7
1084240 1394.7
1084250 1394.6
1084260 1392.6
1084270 1392.6
1084280 1392.6
1084290 1395.0
1084300 1395.0
1084310 1401.7
1084320 1405.9
1084330 1397.6
1084340 1412.1
1084350 1418.8
1084360 1418.8
1084370 1424.9
1084380 1433.0
1084390 1433.0
1084400 1434.8
1084410 1438.1
1084420 1438.1
1084430 1444.7
1084440 1458.2
1084450 1458.2
1084460 1473.6
1084470 1483.6
1084480 1492.1
1084490 1492.1
1084500 1500.1
1084510 1506.1
1084520 1506.1
1084530 1510.4
1084540 1505.2
1084550 1505.2
1084560 1505.3
1084570 1533.0
1084580 1533.0
1084590 1541.6
1084600 1535.0
1084610 1535.0
1084620 1526.7
1084630 1524.3
1084640 1524.3
1084650 1519.7
1084660 1531.6
1084670 1531.6
1084680 1551.5
1084690 1564.0
1084700 1573.3
1084710 1573.3
1084720 1585.5
1084730 1593.3
1084740 1593.3
1084750 1600.4
1084760 1602.4
1084770 1602.4
1084780 1600.5
1084790 1597.9
1084800 1597.9
1084810 1593.9
1084820 1589.5
1084830 1589.5
1084840 1588.9
1084850 1587.5
1084860 1587.5
1084870 1586.7
1084880 1590.0
1084890 1590.0
1084900 1595.3
1084910 1599.6
1084920 1599.6
1084930 1600.5
1084940 1598.5
1084950 1591.9
1084960 1591.9
1084970 1577.4
1084980 1575.4
1084990 1575.4
1085000 1567.5
1085010 1559.0
1085020 1559.0
1085030 1547.4
1085040 1538.6
1085050 1538.6
1085060 1534.7
1085070 1535.9
1085080 1535.9
1085090 1538.4
1085100 1539.7
1085110 1539.7
1085120 1534.3
1085130 1530.1
1085140 1530.1
1085150 1530.0
1085160 1528.8
1085170 1523.9
1085180 1523.9
1085190 1521.0
1085200 1524.3
1085210 1524.3
1085220 1526.8
1085230 1531.5
1085240 1531.5
1085250 1531.2
1085260 1532.9
1085270 1532.9
1085280 1537.7
1085290 1538.0
1085300 1538.0
1085310 1541.8
1085320 1543.0
1085330 1543.0
1085340 1543.8
1085350 1539.8
1085360 1539.8
1085370 1533.1
1085380 1525.1
1085390 1525.1
1085400 1517.1
1085410 1509.2
1085420 1501.9
1085430 1501.9
1085440 1500.3
1085450 1506.5
1085460 1506.5
1085470 1506.4
1085480 1500.3
1085490 1500.3
1085500 1492.7
1085510 1487.3
1085520 1487.3
1085530 1475.5
1085540 1461.9
1085550 1461.9
1085560 1442.4
1085570 1451.5
1085580 1451.5
1085590 1453.8
1085600 1431.3
1085610 1431.3
1085620 1432.4
1085630 1439.8
1085640 1439.8
1085650 1440.5
1085660 1438.2
1085670 1433.0
1085680 1433.0
1085690 1427.1
1085700 1413.4
1085710 1413.4
1085720 1417.4
1085730 1422.9
1085740 1422.9
1085750 1409.1
1085760 1395.7
1085770 1395.7
1085780 1394.3
1085790 1391.8
1085800 1391.8
1085810 1386.9
1085820 1378.0
1085830 1378.0
1085840 1374.0
1085850 1380.8
1085860 1380.8
1085870 1384.0
1085880 1378.9
1085890 1372.2
1085900 1372.2
1085910 1372.8
1085920 1363.6
1085930 1363.6
1085940 1363.5
1085950 1355.4
1085960 1355.4
1085970 1349.4
1085980 1340.7
1085990 1340.7
1086000 1331.0
1086010 1333.3
1086020 1333.3
1086030 1322.3
1086040 1326.7
1086050 1326.7
1086060 1334.6
1086070 1337.1
1086080 1337.1
1086090 1333.3
1086100 1336.7
1086110 1336.7
1086120 1335.4
1086130 1336.5
1086140 1336.7
1086150 1336.7
1086160 1335.5
1086170 1332.9
1086180 1332.9
1086190 1329.1
1086200 1322.9
1086210 1322.9
1086220 1315.9
1086230 1309.7
1086240 1301.7
1086250 1296.3
1086260 1291.2
1086270 1291.2
1086280 1284.1
1086290 1277.6
1086300 1277.6
1086310 1273.3
1086320 1269.4
1086330 1269.4
1086340 1267.2
1086350 1268.5
1086360 1263.7
1086370 1263.7
1086380 1256.6
1086390 1249.6
1086400 1249.6
1086410 1251.2
1086420 1247.7
1086430 1247.7
1086440 1243.6
1086450 1237.0
1086460 1237.0
1086470 1232.4
1086480 1225.6
1086490 1225.6
1086500 1216.2
1086510 1216.0
1086520 1216.0
1086530 1217.8
1086540 1214.8
1086550 1214.8
1086560 1202.6
1086570 1197.9
1086580 1197.9
1086590 1192.6
1086600 1187.0
1086610 1183.1
1086620 1183.1
1086630 1178.5
1086640 1172.8
1086650 1172.8
1086660 1165.2
1086670 1155.6
1086680 1155.6
1086690 1155.2
1086700 1155.6
1086710 1155.6
1086720 1150.4
1086730 1144.9
1086740 1144.9
1086750 1142.9
1086760 1139.8
1086770 1139.8
1086780 1135.1
1086790 1129.5
1086800 1129.5
1086810 1122.3
1086820 1115.8
1086830 1115.8
1086840 1107.5
1086850 1097.8
1086860 1095.1
1086870 1095.1
1086880 1081.5
1086890 1076.2
1086900 1076.2
1086910 1072.0
1086920 1067.4
1086930 1067.4
1086940 1059.1
1086950 1052.5
1086960 1052.5
1086970 1049.9
1086980 1043.4
1086990 1043.4
1087000 1036.8
1087010 1026.9
1087020 1026.9
1087030 1024.3
1087040 1021.9
1087050 1021.9
1087060 1015.9
1087070 1010.6
1087080 1004.8
1087090 1004.8
1087100 999.4
1087110 993.8
1087120 993.8
1087130 989.4
1087140 982.8
1087150 982.8
1087160 976.0
1087170 970.2
1087180 970.2
1087190 963.1
1087200 951.7
1087210 951.7
1087220 946.7
1087230 945.1
1087240 945.1
1087250 939.2
1087260 931.5
1087270 931.5
1087280 923.7
1087290 914.9
1087300 914.9
1087310 907.1
1087320 901.2
1087330 903.5
1087340 903.5
1087350 899.6
1087360 889.4
1087370 889.4
1087380 877.8
1087390 869.2
1087400 869.2
1087410 871.0
1087420 872.4
1087430 872.4
1087440 868.4
1087450 869.6
1087460 869.6
1087470 873.5
1087480 878.8
1087490 878.8
1087500 886.5
1087510 895.0
1087520 897.7
1087530 898.1
1087540 897.7
1087550 897.5
1087560 897.5
1087570 898.4
1087580 899.4
1087590 899.4
1087600 900.4
1087610 900.9
1087620 900.9
1087630 901.9
1087640 903.2
1087650 903.2
1087660 903.1
1087670 902.0
1087680 902.0
1087690 902.8
1087700 903.9
1087710 903.9
1087720 904.3
1087730 904.7
1087740 904.7
1087750 905.5
1087760 907.3
1087770 907.3
1087780 910.5
1087790 914.6
1087800 919.4
1087810 919.4
1087820 925.4
1087830 931.7
1087840 931.8
1087850 938.2
1087860 945.1
1087870 945.1
1087880 951.3
1087890 952.4
1087900 952.4
1087910 948.8
1087920 946.1
1087930 946.1
1087940 944.6
1087950 945.6
1087960 945.6
1087970 948.4
1087980 951.3
1087990 951.3
1088000 955.0
1088010 960.0
1088020 960.2
1088030 960.2
1088040 962.1
1088050 965.7
1088060 965.7
1088070 968.8
1088080 970.5
1088090 970.5
1088100 971.2
1088110 973.3
1088120 973.3
1088130 974.3
1088140 975.0
1088150 975.0
1088160 977.5
1088170 976.9
1088180 976.9
1088190 973.9
1088200 973.7
1088210 973.7
1088220 979.3
1088230 984.2
1088240 984.2
1088250 989.1
1088260 993.8
1088270 998.3
1088280 998.3
1088290 1003.2
1088300 1006.5
1088310 1006.5
1088320 1005.4
1088330 1013.3
1088340 1013.3
1088350 1021.3
1088360 1027.5
1088370 1027.5
1088380 1034.0
1088390 1040.6
1088400 1040.6
1088410 1048.7
1088420 1058.5
1088430 1058.5
1088440 1063.9
1088450 1067.8
1088460 1067.8
1088470 1072.7
1088480 1084.4
1088490 1084.4
1088500 1088.6
1088510 1093.8
1088520 1099.9
1088530 1099.9
1088540 1109.3
1088550 1119.8
1088560 1119.8
1088570 1131.0
1088580 1137.5
1088590 1137.5
1088600 1140.2
1088610 1157.4
1088620 1157.4
1088630 1168.4
1088640 1171.6
1088650 1171.6
1088660 1175.6
1088670 1180.7
1088680 1180.7
1088690 1177.8
1088700 1184.2
1088710 1184.2
1088720 1194.0
1088730 1204.3
1088740 1213.8
1088750 1213.8
1088760 1224.8
1088770 1236.1
1088780 1236.1
1088790 1244.3
1088800 1245.1
1088810 1245.1
1088820 1259.0
1088830 1270.9
1088840 1270.9
1088850 1281.3
1088860 1291.1
1088870 1291.1
1088880 1300.3
1088890 1310.0
1088900 1310.0
1088910 1319.0
1088920 1328.0
1088930 1328.0
1088940 1337.3
1088950 1346.3
1088960 1346.3
1088970 1355.0
1088980 1364.3
1088990 1374.4
1089000 1374.4
1089010 1384.7
1089020 1395.0
1089030 1395.0
1089040 1406.0
1089050 1416.4
1089060 1416.4
1089070 1425.6
1089080 1435.2
1089090 1435.2
1089100 1445.3
1089110 1458.8
1089120 1459.4
1089130 1473.8
1089140 1483.9
1089150 1483.9
1089160 1490.1
1089170 1495.6
1089180 1495.6
1089190 1500.1
1089200 1504.4
1089210 1507.2
1089220 1507.2
1089230 1508.2
1089240 1505.4
1089250 1505.4
1089260 1499.1
1089270 1504.3
1089280 1504.3
1089290 1510.3
1089300 1507.5
1089310 1507.5
1089320 1500.0
1089330 1492.2
1089340 1492.2
1089350 1486.3
1089360 1481.7
1089370 1481.7
1089380 1472.3
1089390 1459.9
1089400 1459.9
1089410 1454.7
1089420 1454.5
1089430 1454.5
1089440 1461.3
1089450 1457.8
1089460 1453.0
1089470 1453.0
1089480 1448.5
1089490 1445.0
1089500 1445.0
1089510 1440.7
1089520 1434.2
1089530 1434.2
1089540 1426.6
1089550 1419.7
1089560 1419.7
1089570 1416.1
1089580 1417.1
1089590 1417.1
1089600 1425.6
1089610 1432.7
1089620 1432.7
1089630 1437.1
1089640 1443.0
1089650 1443.0
1089660 1452.2
1089670 1463.1
1089680 1463.1
1089690 1469.4
1089700 1468.3
1089710 1473.1
1089720 1473.1
1089730 1480.2
1089740 1489.5
1089750 1489.5
1089760 1505.9
1089770 1521.0
1089780 1521.0
1089790 1528.4
1089800 1535.7
1089810 1535.7
1089820 1544.1
1089830 1553.1
1089840 1553.1
1089850 1561.1
1089860 1569.1
1089870 1569.1
1089880 1577.3
1089890 1585.2
1089900 1585.2
1089910 1595.0
1089920 1605.4
1089930 1616.5
1089940 1616.5
1089950 1627.0
1089960 1637.8
1089970 1637.8
1089980 1648.4
1089990 1658.1
1090000 1658.1
1090010 1665.5
1090020 1669.5
1090030 1669.5
1090040 1673.8
1090050 1676.6
1090060 1676.6
1090070 1682.5
1090080 1689.7
1090090 1694.4
1090100 1700.8
1090110 1706.3
1090120 1706.3
1090130 1710.0
1090140 1711.9
1090150 1711.9
1090160 1712.8
1090170 1713.0
1090180 1713.0
1090190 1713.0
1090200 1713.1
1090210 1713.5
1090220 1713.5
1090230 1713.6
1090240 1713.3
1090250 1713.3
1090260 1712.0
1090270 1708.2
1090280 1708.2
1090290 1702.1
1090300 1695.4
1090310 1695.4
1090320 1688.6
1090330 1682.7
1090340 1682.7
1090350 1678.3
1090360 1672.3
1090370 1672.3
1090380 1665.2
1090390 1658.4
1090400 1653.9
1090410 1660.6
1090420 1655.9
1090430 1651.0
1090440 1651.0
1090450 1646.4
1090460 1640.9
1090470 1640.9
1090480 1636.2
1090490 1637.2
1090500 1637.2
1090510 1637.2
1090520 1635.5
1090530 1635.5
1090540 1632.7
1090550 1631.3
1090560 1631.3
1090570 1631.6
1090580 1633.1
1090590 1633.1
1090600 1635.3
1090610 1634.1
1090620 1634.1
1090630 1626.0
1090640 1616.7
1090650 1608.8
1090660 1608.8
1090670 1602.9
1090680 1599.2
1090690 1599.2
1090700 1594.2
1090710 1590.7
1090720 1590.7
1090730 1595.0
1090740 1589.7
1090750 1589.7
1090760 1580.0
1090770 1568.9
1090780 1568.9
1090790 1564.5
1090800 1562.7
1090810 1562.7
1090820 1546.7
1090830 1532.3
1090840 1532.3
1090850 1517.8
1090860 1504.1
1090870 1504.1
1090880 1491.7
1090890 1480.0
1090900 1471.4
1090910 1471.4
1090920 1463.6
1090930 1456.5
1090940 1456.5
1090950 1450.2
1090960 1446.6
1090970 1446.6
1090980 1441.3
1090990 1436.0
1091000 1436.0
1091010 1431.6
1091020 1429.6
1091030 1429.6
1091040 1425.2
1091050 1424.0
1091060 1424.0
1091070 1419.1
1091080 1414.8
1091090 1414.8
1091100 1410.7
1091110 1406.5
1091120 1402.8
1091130 1402.8
1091140 1400.8
1091150 1398.7
1091160 1398.7
1091170 1396.0
1091180 1393.9
1091190 1393.9
1091200 1391.0
1091210 1387.4
1091220 1387.4
1091230 1384.5
1091240 1382.6
1091250 1382.6
1091260 1381.8
1091270 1381.0
1091280 1381.0
1091290 1382.0
1091300 1381.8
1091310 1381.8
1091320 1380.0
1091330 1380.0
1091340 1380.0
1091350 1381.8
1091360 1384.5
1091370 1388.3
1091380 1397.7
1091390 1398.9
1091400 1400.3
1091410 1400.3
1091420 1401.5
1091430 1402.3
1091440 1402.3
1091450 1400.2
1091460 1396.5
1091470 1396.5
1091480 1398.5
1091490 1392.4
1091500 1392.4
1091510 1392.2
1091520 1393.7
1091530 1393.7
1091540 1404.8
1091550 1412.3
1091560 1412.3
1091570 1415.4
1091580 1412.2
1091590 1416.7
1091600 1416.7
1091610 1423.6
1091620 1427.5
1091630 1427.5
1091640 1428.8
1091650 1436.0
1091660 1436.0
1091670 1443.9
1091680 1446.4
1091690 1446.4
1091700 1455.0
1091710 1456.0
1091720 1456.0
1091730 1457.9
1091740 1460.0
1091750 1460.0
1091760 1460.0
1091770 1463.0
1091780 1463.0
1091790 1467.2
1091800 1473.2
1091810 1473.2
1091820 1479.0
1091830 1483.6
1091840 1483.6
1091850 1483.6
1091860 1484.7
1091870 1486.4
1091880 1486.4
1091890 1488.7
1091900 1490.3
1091910 1490.3
1091920 1490.2
1091930 1481.5
1091940 1481.5
1091950 1458.2
1091960 1450.2
1091970 1450.2
1091980 1429.2
1091990 1393.7
1092000 1393.7
1092010 1373.0
1092020 1361.7
1092030 1361.7
1092040 1355.3
1092050 1348.5
1092060 1342.4
1092070 1342.4
1092080 1336.0
1092090 1329.8
1092100 1329.8
1092110 1324.5
1092120 1318.7
1092130 1318.7
1092140 1313.4
1092150 1308.0
1092160 1308.0
1092170 1303.2
1092180 1298.4
1092190 1298.4
1092200 1294.1
1092210 1289.7
1092220 1289.7
1092230 1287.1
1092240 1284.4
1092250 1284.4
1092260 1282.6
1092270 1281.8
1092280 1281.8
1092290 1283.2
1092300 1285.7
1092310 1288.6
1092320 1288.6
1092330 1292.0
1092340 1295.2
1092350 1300.4
1092360 1303.6
1092370 1306.1
1092380 1306.1
1092390 1309.8
1092400 1313.6
1092410 1313.6
1092420 1316.9
1092430 1321.0
1092440 1321.0
1092450 1325.1
1092460 1326.5
1092470 1326.5
1092480 1331.0
1092490 1351.1
1092500 1351.1
1092510 1366.6
1092520 1372.4
1092530 1372.4
1092540 1373.1
1092550 1377.0
1092560 1382.2
1092570 1382.2
1092580 1389.2
1092590 1396.4
1092600 1396.4
1092610 1395.8
1092620 1404.4
1092630 1404.4
1092640 1417.5
1092650 1428.1
1092660 1428.1
1092670 1442.0
1092680 1453.4
1092690 1453.4
1092700 1463.4
1092710 1473.0
1092720 1473.0
1092730 1483.6
1092740 1494.4
1092750 1494.4
1092760 1506.1
1092770 1516.1
1092780 1525.3
1092790 1525.3
1092800 1530.9
1092810 1539.3
1092820 1539.3
1092830 1550.1
1092840 1558.6
1092850 1558.6
1092860 1558.9
1092870 1558.0
1092880 1558.0
1092890 1556.2
1092900 1554.1
1092910 1554.1
1092920 1550.9
1092930 1548.5
1092940 1548.5
1092950 1546.3
1092960 1542.1
1092970 1542.1
1092980 1536.6
1092990 1532.7
1093000 1544.1
1093010 1543.9
1093020 1542.1
1093030 1540.6
1093040 1540.6
1093050 1537.3
1093060 1534.8
1093070 1534.8
1093080 1535.5
1093090 1539.9
1093100 1539.9
1093110 1540.9
1093120 1540.3
1093130 1540.3
1093140 1540.1
1093150 1536.4
1093160 1536.4
1093170 1531.0
1093180 1529.3
1093190 1529.3
1093200 1528.6
1093210 1527.2
1093220 1527.2
1093230 1524.9
1093240 1522.4
1093250 1519.8
1093260 1519.8
1093270 1519.1
1093280 1520.4
1093290 1520.4
1093300 1521.0
1093310 1522.1
1093320 1522.9
1093330 1524.3
1093340 1527.6
1093350 1527.6
1093360 1531.7
1093370 1537.1
1093380 1537.1
1093390 1541.9
1093400 1545.1
1093410 1545.1
1093420 1544.8
1093430 1542.8
1093440 1542.8
1093450 1543.2
1093460 1544.8
1093470 1544.8
1093480 1544.9
1093490 1543.0
1093500 1538.6
1093510 1538.6
1093520 1533.1
1093530 1529.0
1093540 1529.0
1093550 1527.9
1093560 1532.2
1093570 1532.2
1093580 1538.0
1093590 1543.1
1093600 1543.1
1093610 1547.9
1093620 1550.6
1093630 1550.6
1093640 1550.3
1093650 1553.9
1093660 1553.9
1093670 1551.6
1093680 1551.0
1093690 1551.0
1093700 1552.2
1093710 1557.0
1093720 1560.4
1093730 1560.4
1093740 1561.8
1093750 1566.7
1093760 1566.7
1093770 1572.2
1093780 1578.6
1093790 1578.6
1093800 1588.1
1093810 1594.3
1093820 1594.3
1093830 1601.9
1093840 1611.4
1093850 1611.4
1093860 1618.6
1093870 1624.0
1093880 1624.0
1093890 1628.4
1093900 1631.6
1093910 1631.6
1093920 1631.6
1093930 1633.4
1093940 1633.4
1093950 1634.6
1093960 1640.1
1093970 1645.5
1093980 1645.5
1093990 1649.1
1094000 1651.5
1094010 1651.5
1094020 1652.8
1094030 1652.3
1094040 1652.3
1094050 1648.2
1094060 1645.0
1094070 1645.0
1094080 1640.1
1094090 1638.6
1094100 1638.6
1094110 1634.6
1094120 1631.9
1094130 1631.9
1094140 1627.6
1094150 1620.9
1094160 1620.9
1094170 1617.3
1094180 1615.2
1094190 1615.2
1094200 1609.7
1094210 1601.3
1094220 1592.2
1094230 1592.2
1094240 1584.4
1094250 1577.8
1094260 1577.8
1094270 1569.4
1094280 1561.1
1094290 1563.9
1094300 1557.0
1094310 1548.7
1094320 1548.7
1094330 1535.7
1094340 1518.0
1094350 1518.0
1094360 1503.4
1094370 1487.6
1094380 1487.6
1094390 1482.0
1094400 1473.0
1094410 1473.0
1094420 1459.5
1094430 1445.5
1094440 1437.9
1094450 1437.9
1094460 1435.9
1094470 1430.5
1094480 1430.5
1094490 1420.2
1094500 1407.7
1094510 1407.7
1094520 1398.2
1094530 1386.1
1094540 1386.1
1094550 1371.9
1094560 1358.1
1094570 1358.1
1094580 1353.1
1094590 1343.6
1094600 1343.6
1094610 1330.1
1094620 1322.7
1094630 1322.7
1094640 1312.8
1094650 1307.4
1094660 1307.4
1094670 1299.8
1094680 1289.9
1094690 1279.5
1094700 1279.5
1094710 1270.5
1094720 1259.7
1094730 1259.7
1094740 1248.0
1094750 1241.4
1094760 1241.4
1094770 1232.7
1094780 1226.6
1094790 1226.6
1094800 1223.6
1094810 1220.1
1094820 1220.1
1094830 1214.6
1094840 1209.9
1094850 1209.9
1094860 1204.0
1094870 1194.5
1094880 1194.5
1094890 1186.7
1094900 1170.0
1094910 1158.7
1094920 1158.7
1094930 1146.5
1094940 1135.5
1094950 1133.5
1094960 1124.7
1094970 1116.2
1094980 1116.2
1094990 1098.1
1095000 1088.9
1095010 1088.9
1095020 1081.9
1095030 1070.6
1095040 1070.6
1095050 1059.5
1095060 1051.7
1095070 1051.7
1095080 1044.7
1095090 1037.5
1095100 1037.5
1095110 1029.4
1095120 1021.5
1095130 1021.5
1095140 1013.6
1095150 1011.8
1095160 1009.2
1095170 1009.2
1095180 1005.3
1095190 1000.7
1095200 1000.7
1095210 993.7
1095220 989.0
1095230 989.0
1095240 985.9
1095250 983.4
1095260 983.4
1095270 987.5
1095280 983.7
1095290 983.7
1095300 978.6
1095310 971.1
1095320 971.1
1095330 961.5
1095340 952.9
1095350 952.9
1095360 947.2
1095370 941.0
1095380 938.0
1095390 938.0
1095400 933.7
1095410 925.8
1095420 925.8
1095430 920.0
1095440 916.6
1095450 916.6
1095460 914.2
1095470 909.1
1095480 909.1
1095490 898.9
1095500 898.1
1095510 898.1
1095520 894.1
1095530 884.7
1095540 884.7
1095550 871.4
1095560 857.2
1095570 857.2
1095580 847.4
1095590 838.3
1095600 843.9
1095610 838.9
1095620 843.2
1095630 843.2
1095640 843.2
1095650 843.0
1095660 843.5
1095670 843.5
1095680 845.2
1095690 846.4
1095700 846.4
1095710 845.7
1095720 846.7
1095730 846.7
1095740 850.0
1095750 850.3
1095760 850.3
1095770 848.4
1095780 844.7
1095790 844.7
1095800 842.3
1095810 841.7
1095820 841.7
1095830 840.1
1095840 837.7
1095850 837.7
1095860 834.4
1095870 829.8
1095880 824.5
1095890 824.5
1095900 819.8
1095910 817.7
1095920 822.4
1095930 820.9
1095940 818.1
1095950 818.1
1095960 815.7
1095970 813.3
1095980 813.3
1095990 810.8
1096000 808.3
1096010 808.3
1096020 806.3
1096030 803.8
1096040 803.8
1096050 800.7
1096060 800.1
1096070 800.1
1096080 802.2
1096090 802.1
1096100 800.7
1096110 800.7
1096120 800.9
1096130 802.0
1096140 802.0
1096150 803.7
1096160 804.9
1096170 804.9
1096180 804.2
1096190 803.7
1096200 803.7
1096210 803.9
1096220 803.9
1096230 803.9
1096240 803.2
1096250 808.5
1096260 808.5
1096270 808.8
1096280 809.9
1096290 809.9
1096300 810.5
1096310 811.0
1096320 811.0
1096330 810.7
1096340 809.1
1096350 807.1
1096360 807.1
1096370 805.3
1096380 803.2
1096390 803.2
1096400 802.3
1096410 802.4
1096420 802.4
1096430 802.9
1096440 805.5
1096450 805.5
1096460 807.1
1096470 807.9
1096480 807.9
1096490 807.3
1096500 806.9
1096510 806.9
1096520 806.6
1096530 806.2
1096540 806.2
1096550 805.2
1096560 801.5
1096570 799.3
1096580 799.3
1096590 797.0
1096600 794.4
1096610 794.4
1096620 792.2
1096630 789.9
1096640 789.9
1096650 787.9
1096660 785.5
1096670 785.5
1096680 781.2
1096690 777.2
1096700 777.2
1096710 775.0
1096720 774.2
1096730 774.2
1096740 773.5
1096750 771.7
1096760 771.7
1096770 770.6
1096780 767.4
1096790 767.4
1096800 763.3
1096810 760.3
1096820 757.5
1096830 757.5
1096840 756.0
1096850 755.0
1096860 755.0
1096870 753.7
1096880 751.4
1096890 751.4
1096900 750.3
1096910 747.7
1096920 747.7
1096930 745.4
1096940 743.4
1096950 743.4
1096960 742.4
1096970 741.2
1096980 741.2
1096990 738.1
1097000 733.1
1097010 733.1
1097020 720.6
1097030 703.9
1097040 662.6
1097050 662.6
1097060 647.7
1097070 623.1
1097080 623.1
1097090 602.3
1097100 595.8
1097110 595.8
1097120 595.6
1097130 595.5
1097140 595.5
1097150 594.6
1097160 591.7
1097170 591.7
1097180 591.2
1097190 593.3
1097200 593.3
1097210 595.0
1097220 595.7
1097230 595.9
1097240 595.9
1097250 597.1
1097260 597.1
1097270 597.9
1097280 598.1
1097290 598.4
1097300 598.4
1097310 600.8
1097320 602.8
1097330 602.8
1097340 606.2
1097350 606.7
1097360 606.7
1097370 607.7
1097380 608.7
1097390 608.7
1097400 609.5
1097410 610.2
1097420 610.2
1097430 610.7
1097440 611.4
1097450 611.4
1097460 612.4
1097470 613.4
1097480 613.4
1097490 614.5
1097500 615.6
1097510 615.6
1097520 616.5
1097530 617.2
1097540 618.0
1097550 618.0
1097560 620.1
1097570 621.0
1097580 621.0
1097590 621.9
1097600 622.8
1097610 622.8
1097620 623.8
1097630 625.0
1097640 625.0
1097650 626.2
1097660 627.2
1097670 627.2
1097680 628.2
1097690 629.6
1097700 629.6
1097710 630.6
1097720 631.7
1097730 631.7
1097740 632.7
1097750 633.8
1097760 635.0
1097770 635.0
1097780 636.1
1097790 637.2
1097800 637.2
1097810 638.3
1097820 639.4
1097830 639.4
1097840 641.1
1097850 642.2
1097860 642.2
1097870 643.1
1097880 643.9
1097890 644.7
1097900 645.7
1097910 646.6
1097920 646.6
1097930 647.4
1097940 648.3
1097950 648.3
1097960 649.8
1097970 651.5
1097980 651.5
1097990 653.1
1098000 654.4
1098010 655.9
1098020 655.9
1098030 656.9
1098040 657.8
1098050 657.8
1098060 658.6
1098070 659.5
1098080 659.5
1098090 660.7
1098100 661.9
1098110 661.9
1098120 662.9
1098130 663.8
1098140 663.8
1098150 664.6
1098160 665.6
1098170 665.6
1098180 667.4
1098190 669.6
1098200 669.6
1098210 672.9
1098220 674.1
1098230 678.4
1098240 678.4
1098250 682.7
1098260 686.2
1098270 686.2
1098280 689.7
1098290 696.5
1098300 696.5
1098310 704.2
1098320 712.4
1098330 712.4
1098340 718.8
1098350 727.6
1098360 727.6
1098370 741.8
1098380 753.9
1098390 753.9
1098400 764.9
1098410 791.3
1098420 791.3
1098430 803.4
1098440 817.1
1098450 817.1
1098460 834.3
1098470 844.6
1098480 858.7
1098490 858.7
1098500 871.4
1098510 879.8
1098520 879.8
1098530 887.9
1098540 901.1
1098550 886.7
1098560 894.6
1098570 908.2
1098580 908.2
1098590 914.1
1098600 905.9
1098610 905.9
1098620 917.9
1098630 928.0
1098640 928.0
1098650 934.7
1098660 942.6
1098670 942.6
1098680 951.0
1098690 960.2
1098700 970.0
1098710 970.0
1098720 977.0
1098730 978.6
1098740 978.6
1098750 995.6
1098760 1008.4
1098770 1008.4
1098780 999.2
1098790 1000.0
1098800 1000.0
1098810 999.2
1098820 993.7
1098830 993.7
1098840 986.5
1098850 973.8
1098860 973.8
1098870 975.8
1098880 1006.9
1098890 1006.9
1098900 1006.6
1098910 995.8
1098920 995.8
1098930 986.7
1098940 993.4
1098950 1003.1
1098960 1003.1
1098970 1011.8
1098980 1016.2
1098990 1016.2
1099000 1017.0
1099010 1016.8
1099020 1016.8
1099030 1018.1
1099040 1019.1
1099050 1019.1
1099060 1022.1
1099070 1026.3
1099080 1026.3
1099090 1029.5
1099100 1031.6
1099110 1031.6
1099120 1034.9
1099130 1035.0
1099140 1035.0
1099150 1036.9
1099160 1038.3
1099170 1040.0
1099180 1040.0
1099190 1042.1
1099200 1039.9
1099210 1039.9
1099220 1044.6
1099230 1049.9
1099240 1049.9
1099250 1054.9
1099260 1058.9
1099270 1058.9
1099280 1061.2
1099290 1067.1
1099300 1067.1
1099310 1079.5
1099320 1097.4
1099330 1097.4
1099340 1110.8
1099350 1118.9
1099360 1118.9
1099370 1124.6
1099380 1133.1
1099390 1133.1
1099400 1141.0
1099410 1146.5
1099420 1151.5
1099430 1151.5
1099440 1162.0
1099450 1169.7
1099460 1169.7
1099470 1178.9
1099480 1187.2
1099490 1187.2
1099500 1186.0
1099510 1188.5
1099520 1188.5
1099530 1185.3
1099540 1183.6
1099550 1183.6
1099560 1180.4
1099570 1182.1
1099580 1182.1
1099590 1176.3
1099600 1187.1
1099610 1187.1
1099620 1181.8
1099630 1172.3
1099640 1172.3
1099650 1172.2
1099660 1182.2
1099670 1193.6
1099680 1193.6
1099690 1198.7
1099700 1201.7
1099710 1201.7
1099720 1207.0
1099730 1209.0
1099740 1209.0
1099750 1209.8
1099760 1199.6
1099770 1199.6
1099780 1189.6
1099790 1189.1
1099800 1189.1
1099810 1188.3
1099820 1188.3
1099830 1188.3
1099840 1189.8
1099850 1191.3
1099860 1184.0
1099870 1186.5
1099880 1190.3
1099890 1191.6
1099900 1191.6
1099910 1192.8
1099920 1194.9
1099930 1194.9
1099940 1195.6
1099950 1196.3
1099960 1196.3
1099970 1199.8
1099980 1205.1
1099990 1205.1
