1080000 1987.0
1080010 1987.0
1080020 2003.2
1080030 2002.8
1080040 2002.8
1080050 2012.3
1080060 2021.9
1080070 2021.9
1080080 2038.6
1080090 2049.1
1080100 2064.1
1080110 2064.1
1080120 2072.9
1080130 2080.1
1080140 2080.1
1080150 2087.6
1080160 2094.6
1080170 2094.6
1080180 2102.2
1080190 2109.7
1080200 2109.7
1080210 2114.9
1080220 2118.4
1080230 2118.4
1080240 2121.0
1080250 2123.9
1080260 2123.9
1080270 2126.3
1080280 2128.2
1080290 2128.2
1080300 2126.8
1080310 2117.0
1080320 2106.4
1080330 2106.4
1080340 2101.8
1080350 2093.3
1080360 2093.3
1080370 2085.0
1080380 2079.8
1080390 2079.8
1080400 2083.1
1080410 2083.4
1080420 2083.4
1080430 2084.9
1080440 2091.2
1080450 2091.2
1080460 2085.6
1080470 2089.0
1080480 2089.0
1080490 2092.5
1080500 2091.9
1080510 2091.9
1080520 2091.8
1080530 2088.5
1080540 2088.5
1080550 2083.2
1080560 2078.6
1080570 2076.0
1080580 2076.0
1080590 2074.8
1080600 2073.9
1080610 2073.9
1080620 2071.3
1080630 2070.9
1080640 2070.9
1080650 2068.7
1080660 2063.5
1080670 2063.5
1080680 2058.9
1080690 2056.5
1080700 2056.5
1080710 2053.9
1080720 2051.9
1080730 2051.9
1080740 2048.4
1080750 2044.2
1080760 2037.5
1080770 2036.5
1080780 2036.1
1080790 2030.9
1080800 2030.9
1080810 2019.0
1080820 2007.3
1080830 2007.3
1080840 1997.5
1080850 1989.0
1080860 1989.0
1080870 1976.6
1080880 1962.9
1080890 1962.9
1080900 1958.7
1080910 1959.4
1080920 1959.4
1080930 1960.4
1080940 1962.1
1080950 1962.1
1080960 1975.0
1080970 1980.1
1080980 1980.1
1080990 1979.0
1081000 1974.1
1081010 1974.1
1081020 1972.5
1081030 1976.1
1081040 1975.7
1081050 1975.7
1081060 1967.5
1081070 1958.0
1081080 1958.0
1081090 1949.3
1081100 1940.2
1081110 1940.2
1081120 1936.6
1081130 1939.8
1081140 1939.8
1081150 1945.0
1081160 1947.5
1081170 1947.5
1081180 1939.6
1081190 1934.5
1081200 1934.5
1081210 1927.8
1081220 1918.0
1081230 1918.0
1081240 1914.5
1081250 1921.7
1081260 1921.7
1081270 1932.8
1081280 1932.2
1081290 1934.4
1081300 1934.4
1081310 1929.7
1081320 1923.6
1081330 1923.6
1081340 1918.4
1081350 1919.7
1081360 1919.7
1081370 1923.4
1081380 1921.9
1081390 1921.9
1081400 1924.2
1081410 1925.8
1081420 1925.8
1081430 1924.9
1081440 1924.8
1081450 1924.8
1081460 1926.0
1081470 1921.2
1081480 1921.2
1081490 1920.1
1081500 1924.5
1081510 1929.6
1081520 1929.6
1081530 1930.8
1081540 1910.7
1081550 1910.7
1081560 1893.3
1081570 1890.2
1081580 1890.2
1081590 1885.0
1081600 1874.3
1081610 1874.3
1081620 1866.2
1081630 1857.7
1081640 1857.7
1081650 1849.4
1081660 1839.5
1081670 1839.5
1081680 1828.5
1081690 1823.7
1081700 1817.2
1081710 1810.3
1081720 1807.5
1081730 1807.5
1081740 1804.6
1081750 1800.6
1081760 1798.6
1081770 1798.6
1081780 1794.7
1081790 1784.2
1081800 1784.2
1081810 1775.9
1081820 1776.5
1081830 1776.5
1081840 1771.8
1081850 1763.7
1081860 1763.7
1081870 1755.6
1081880 1747.3
1081890 1747.3
1081900 1740.7
1081910 1733.6
1081920 1733.6
1081930 1726.8
1081940 1720.0
1081950 1720.0
1081960 1713.9
1081970 1709.1
1081980 1704.7
1081990 1704.7
1082000 1700.0
1082010 1694.7
1082020 1690.1
1082030 1685.7
1082040 1682.0
1082050 1682.0
1082060 1678.5
1082070 1675.2
1082080 1675.2
1082090 1671.7
1082100 1667.7
1082110 1667.7
1082120 1664.0
1082130 1661.8
1082140 1661.8
1082150 1658.6
1082160 1655.1
1082170 1655.1
1082180 1651.5
1082190 1647.8
1082200 1647.8
1082210 1644.2
1082220 1639.5
1082230 1635.2
1082240 1635.2
1082250 1631.3
1082260 1627.7
1082270 1627.7
1082280 1624.0
1082290 1620.3
1082300 1620.3
1082310 1616.6
1082320 1612.5
1082330 1610.6
1082340 1606.6
1082350 1602.3
1082360 1602.3
1082370 1598.0
1082380 1594.7
1082390 1594.7
1082400 1591.0
1082410 1586.9
1082420 1586.9
1082430 1582.6
1082440 1577.9
1082450 1573.3
1082460 1573.3
1082470 1569.3
1082480 1565.5
1082490 1565.5
1082500 1561.7
1082510 1558.0
1082520 1558.0
1082530 1554.0
1082540 1549.9
1082550 1549.9
1082560 1545.7
1082570 1541.7
1082580 1541.7
1082590 1537.7
1082600 1534.3
1082610 1534.3
1082620 1530.9
1082630 1527.9
1082640 1527.9
1082650 1522.4
1082660 1520.8
1082670 1520.8
1082680 1521.4
1082690 1519.9
1082700 1517.7
1082710 1517.7
1082720 1516.1
1082730 1513.5
1082740 1513.5
1082750 1510.7
1082760 1508.1
1082770 1508.1
1082780 1504.9
1082790 1502.3
1082800 1502.3
1082810 1501.4
1082820 1501.9
1082830 1501.9
1082840 1500.9
1082850 1494.4
1082860 1494.4
1082870 1486.5
1082880 1478.7
1082890 1478.7
1082900 1471.0
1082910 1463.5
1082920 1463.5
1082930 1455.8
1082940 1450.5
1082950 1447.9
1082960 1440.5
1082970 1441.9
1082980 1444.2
1082990 1444.2
1083000 1445.8
1083010 1447.1
1083020 1447.1
1083030 1446.8
1083040 1441.8
1083050 1441.8
1083060 1432.6
1083070 1427.1
1083080 1427.1
1083090 1426.4
1083100 1425.1
1083110 1425.1
1083120 1424.2
1083130 1420.5
1083140 1420.5
1083150 1420.3
1083160 1415.5
1083170 1411.0
1083180 1411.0
1083190 1410.3
1083200 1409.4
1083210 1409.4
1083220 1407.1
1083230 1404.1
1083240 1404.1
1083250 1402.0
1083260 1401.0
1083270 1401.0
1083280 1394.8
1083290 1397.1
1083300 1397.1
1083310 1398.9
1083320 1402.0
1083330 1402.0
1083340 1404.6
1083350 1404.5
1083360 1404.5
1083370 1403.3
1083380 1402.3
1083390 1402.3
1083400 1401.5
1083410 1397.0
1083420 1391.8
1083430 1391.8
1083440 1387.0
1083450 1382.0
1083460 1382.0
1083470 1376.4
1083480 1370.3
1083490 1370.3
1083500 1364.9
1083510 1357.2
1083520 1357.2
1083530 1349.7
1083540 1341.9
1083550 1341.9
1083560 1335.6
1083570 1335.2
1083580 1335.2
1083590 1336.3
1083600 1327.8
1083610 1327.8
1083620 1324.7
1083630 1321.8
1083640 1323.0
1083650 1323.0
1083660 1324.9
1083670 1327.4
1083680 1327.4
1083690 1327.1
1083700 1323.0
1083710 1323.0
1083720 1317.7
1083730 1312.2
1083740 1312.2
1083750 1306.2
1083760 1300.8
1083770 1300.8
1083780 1295.4
1083790 1289.6
1083800 1289.6
1083810 1283.7
1083820 1279.4
1083830 1279.4
1083840 1275.7
1083850 1271.7
1083860 1271.7
1083870 1268.4
1083880 1262.6
1083890 1259.3
1083900 1259.3
1083910 1250.6
1083920 1245.9
1083930 1245.9
1083940 1238.5
1083950 1230.9
1083960 1230.9
1083970 1233.9
1083980 1242.9
1083990 1242.9
1084000 1246.8
1084010 1249.1
1084020 1249.1
1084030 1250.8
1084040 1251.2
1084050 1251.2
1084060 1251.0
1084070 1251.7
1084080 1251.7
1084090 1251.1
1084100 1253.5
1084110 1253.5
1084120 1255.4
1084130 1256.6
1084140 1258.2
1084150 1258.2
1084160 1257.8
1084170 1262.2
1084180 1262.2
1084190 1265.0
1084200 1268.8
1084210 1268.8
1084220 1271.3
1084230 1271.4
1084240 1271.4
1084250 1274.1
1084260 1277.7
1084270 1277.7
1084280 1281.7
1084290 1286.0
1084300 1286.0
1084310 1290.5
1084320 1294.0
1084330 1294.0
1084340 1298.0
1084350 1302.1
1084360 1307.8
1084370 1307.8
1084380 1314.0
1084390 1322.2
1084400 1322.2
1084410 1332.0
1084420 1335.2
1084430 1335.2
1084440 1339.3
1084450 1342.5
1084460 1342.5
1084470 1346.5
1084480 1354.8
1084490 1354.8
1084500 1362.9
1084510 1388.9
1084520 1388.9
1084530 1408.1
1084540 1405.7
1084550 1412.7
1084560 1422.0
1084570 1392.1
1084580 1392.1
1084590 1377.8
1084600 1391.9
1084610 1422.4
1084620 1422.4
1084630 1452.4
1084640 1476.8
1084650 1476.8
1084660 1496.0
1084670 1490.1
1084680 1490.1
1084690 1489.9
1084700 1490.5
1084710 1490.5
1084720 1479.8
1084730 1465.3
1084740 1465.3
1084750 1455.7
1084760 1447.1
1084770 1447.1
1084780 1450.4
1084790 1456.1
1084800 1456.1
1084810 1443.3
1084820 1436.7
1084830 1444.5
1084840 1444.5
1084850 1454.3
1084860 1457.6
1084870 1445.9
1084880 1450.2
1084890 1442.8
1084900 1442.8
1084910 1432.8
1084920 1409.8
1084930 1409.8
1084940 1400.6
1084950 1405.3
1084960 1405.3
1084970 1394.8
1084980 1385.2
1084990 1385.2
1085000 1383.3
1085010 1378.3
1085020 1378.3
1085030 1374.2
1085040 1395.7
1085050 1395.7
1085060 1403.2
1085070 1407.8
1085080 1407.8
1085090 1407.8
1085100 1395.3
1085110 1393.0
1085120 1393.0
1085130 1391.2
1085140 1384.2
1085150 1384.2
1085160 1382.2
1085170 1383.6
1085180 1371.4
1085190 1376.1
1085200 1377.8
1085210 1377.8
1085220 1376.6
1085230 1376.1
1085240 1376.1
1085250 1377.8
1085260 1378.1
1085270 1378.1
1085280 1382.6
1085290 1390.5
1085300 1396.3
1085310 1396.3
1085320 1397.2
1085330 1396.1
1085340 1396.1
1085350 1393.2
1085360 1388.4
1085370 1388.4
1085380 1383.2
1085390 1379.7
1085400 1379.7
1085410 1379.1
1085420 1373.1
1085430 1373.1
1085440 1366.6
1085450 1361.8
1085460 1361.8
1085470 1362.2
1085480 1360.2
1085490 1360.2
1085500 1344.3
1085510 1330.1
1085520 1330.1
1085530 1312.2
1085540 1286.8
1085550 1280.5
1085560 1280.5
1085570 1286.2
1085580 1295.7
1085590 1295.7
1085600 1304.9
1085610 1314.3
1085620 1314.3
1085630 1312.9
1085640 1307.2
1085650 1307.2
1085660 1299.6
1085670 1282.5
1085680 1282.5
1085690 1265.8
1085700 1258.6
1085710 1258.6
1085720 1250.0
1085730 1242.9
1085740 1242.9
1085750 1235.8
1085760 1232.6
1085770 1232.6
1085780 1226.8
1085790 1217.1
1085800 1203.6
1085810 1203.6
1085820 1187.6
1085830 1184.9
1085840 1184.9
1085850 1187.8
1085860 1190.0
1085870 1190.0
1085880 1197.0
1085890 1210.6
1085900 1210.6
1085910 1211.6
1085920 1208.7
1085930 1208.7
1085940 1205.3
1085950 1200.0
1085960 1200.0
1085970 1194.1
1085980 1186.5
1085990 1186.5
1086000 1178.1
1086010 1173.3
1086020 1170.1
1086030 1170.1
1086040 1163.1
1086050 1155.3
1086060 1155.3
1086070 1149.8
1086080 1151.0
1086090 1151.0
1086100 1154.2
1086110 1155.8
1086120 1155.8
1086130 1150.3
1086140 1136.2
1086150 1136.2
1086160 1128.4
1086170 1130.8
1086180 1130.8
1086190 1139.0
1086200 1142.7
1086210 1142.7
1086220 1145.5
1086230 1141.5
1086240 1141.5
1086250 1128.6
1086260 1128.1
1086270 1123.4
1086280 1123.4
1086290 1116.1
1086300 1113.7
1086310 1113.7
1086320 1111.8
1086330 1108.9
1086340 1108.9
1086350 1106.2
1086360 1104.9
1086370 1104.9
1086380 1102.7
1086390 1100.2
1086400 1100.2
1086410 1095.9
1086420 1089.2
1086430 1089.2
1086440 1082.4
1086450 1082.1
1086460 1073.5
1086470 1072.8
1086480 1071.0
1086490 1068.1
1086500 1068.1
1086510 1063.8
1086520 1054.8
1086530 1054.8
1086540 1046.9
1086550 1049.6
1086560 1049.6
1086570 1051.1
1086580 1048.4
1086590 1048.4
1086600 1045.1
1086610 1041.9
1086620 1041.9
1086630 1037.9
1086640 1034.5
1086650 1034.5
1086660 1032.3
1086670 1030.3
1086680 1030.3
1086690 1028.5
1086700 1025.9
1086710 1025.9
1086720 1022.9
1086730 1020.2
1086740 1016.8
1086750 1016.8
1086760 1012.9
1086770 1008.4
1086780 1003.5
1086790 999.1
1086800 993.2
1086810 993.2
1086820 985.6
1086830 977.4
1086840 977.4
1086850 974.5
1086860 976.2
1086870 976.2
1086880 975.9
1086890 973.6
1086900 973.6
1086910 968.7
1086920 962.3
1086930 962.3
1086940 957.3
1086950 954.0
1086960 946.0
1086970 946.0
1086980 939.7
1086990 935.8
1087000 935.8
1087010 932.3
1087020 928.3
1087030 928.3
1087040 924.9
1087050 922.7
1087060 922.7
1087070 920.9
1087080 919.7
1087090 919.7
1087100 911.2
1087110 911.7
1087120 911.7
1087130 912.4
1087140 911.2
1087150 911.2
1087160 906.6
1087170 899.1
1087180 899.1
1087190 894.9
1087200 893.2
1087210 889.3
1087220 889.3
1087230 893.3
1087240 897.6
1087250 897.6
1087260 900.5
1087270 906.0
1087280 906.0
1087290 910.2
1087300 913.0
1087310 913.0
1087320 917.6
1087330 920.8
1087340 920.8
1087350 923.3
1087360 927.1
1087370 927.1
1087380 929.3
1087390 927.9
1087400 927.9
1087410 927.3
1087420 928.5
1087430 928.5
1087440 928.3
1087450 927.9
1087460 927.0
1087470 927.0
1087480 924.5
1087490 919.4
1087500 919.4
1087510 913.2
1087520 919.0
1087530 919.0
1087540 926.6
1087550 928.5
1087560 928.5
1087570 931.9
1087580 931.1
1087590 931.1
1087600 932.3
1087610 933.6
1087620 933.6
1087630 935.3
1087640 936.6
1087650 936.6
1087660 938.5
1087670 943.3
1087680 950.2
1087690 950.2
1087700 957.3
1087710 962.2
1087720 962.2
1087730 962.6
1087740 964.1
1087750 964.1
1087760 962.7
1087770 961.8
1087780 961.8
1087790 962.1
1087800 961.3
1087810 961.3
1087820 961.9
1087830 962.7
1087840 962.7
1087850 964.0
1087860 964.7
1087870 964.7
1087880 965.1
1087890 965.0
1087900 965.0
1087910 964.5
1087920 964.4
1087930 964.9
1087940 964.9
1087950 966.0
1087960 968.6
1087970 968.6
1087980 972.7
1087990 978.6
1088000 978.6
1088010 985.1
1088020 992.4
1088030 992.4
1088040 999.6
1088050 1006.1
1088060 1007.4
1088070 1012.6
1088080 1016.7
1088090 1016.7
1088100 1020.4
1088110 1021.9
1088120 1021.9
1088130 1023.9
1088140 1027.9
1088150 1033.0
1088160 1033.0
1088170 1038.6
1088180 1044.5
1088190 1044.5
1088200 1050.7
1088210 1056.7
1088220 1056.7
1088230 1062.5
1088240 1068.5
1088250 1068.5
1088260 1074.1
1088270 1077.9
1088280 1077.9
1088290 1084.4
1088300 1090.4
1088310 1090.4
1088320 1095.9
1088330 1101.6
1088340 1101.6
1088350 1106.9
1088360 1111.8
1088370 1111.8
1088380 1123.7
1088390 1136.4
1088400 1153.6
1088410 1153.6
1088420 1166.9
1088430 1178.3
1088440 1178.3
1088450 1186.8
1088460 1198.2
1088470 1198.2
1088480 1209.4
1088490 1219.4
1088500 1219.4
1088510 1228.2
1088520 1237.1
1088530 1237.1
1088540 1244.9
1088550 1254.3
1088560 1254.3
1088570 1265.3
1088580 1275.4
1088590 1275.4
1088600 1280.7
1088610 1278.6
1088620 1284.6
1088630 1284.6
1088640 1295.8
1088650 1304.6
1088660 1304.6
1088670 1313.3
1088680 1323.4
1088690 1323.4
1088700 1338.7
1088710 1345.0
1088720 1345.0
1088730 1350.7
1088740 1357.4
1088750 1357.4
1088760 1365.9
1088770 1374.0
1088780 1374.0
1088790 1383.1
1088800 1389.4
1088810 1389.4
1088820 1394.0
1088830 1397.0
1088840 1397.0
1088850 1406.2
1088860 1412.9
1088870 1420.8
1088880 1420.8
1088890 1430.3
1088900 1439.5
1088910 1439.5
1088920 1452.4
1088930 1469.3
1088940 1469.3
1088950 1482.1
1088960 1488.4
1088970 1488.4
1088980 1494.1
1088990 1498.9
1089000 1498.9
1089010 1502.5
1089020 1508.9
1089030 1508.9
1089040 1507.1
1089050 1509.2
1089060 1509.2
1089070 1514.0
1089080 1519.0
1089090 1519.0
1089100 1516.8
1089110 1515.4
1089120 1526.5
1089130 1526.5
1089140 1533.3
1089150 1534.3
1089160 1534.3
1089170 1534.1
1089180 1542.3
1089190 1542.3
1089200 1548.4
1089210 1560.2
1089220 1560.2
1089230 1584.1
1089240 1609.7
1089250 1609.7
1089260 1619.1
1089270 1621.5
1089280 1621.5
1089290 1622.2
1089300 1619.4
1089310 1619.4
1089320 1620.0
1089330 1619.3
1089340 1615.0
1089350 1615.0
1089360 1606.7
1089370 1600.7
1089380 1600.7
1089390 1594.5
1089400 1586.9
1089410 1586.9
1089420 1578.4
1089430 1570.4
1089440 1570.4
1089450 1563.6
1089460 1557.3
1089470 1557.3
1089480 1550.4
1089490 1544.4
1089500 1544.4
1089510 1541.8
1089520 1538.6
1089530 1538.6
1089540 1539.1
1089550 1539.9
1089560 1539.9
1089570 1537.8
1089580 1532.5
1089590 1534.5
1089600 1534.5
1089610 1538.9
1089620 1551.8
1089630 1551.8
1089640 1562.6
1089650 1567.5
1089660 1580.0
1089670 1585.0
1089680 1598.7
1089690 1598.7
1089700 1605.2
1089710 1611.2
1089720 1611.2
1089730 1620.5
1089740 1631.6
1089750 1631.6
1089760 1640.9
1089770 1647.5
1089780 1647.5
1089790 1654.0
1089800 1662.2
1089810 1666.7
1089820 1666.7
1089830 1666.1
1089840 1672.1
1089850 1672.1
1089860 1683.2
1089870 1693.9
1089880 1693.9
1089890 1700.8
1089900 1708.7
1089910 1708.7
1089920 1721.2
1089930 1726.8
1089940 1726.8
1089950 1726.2
1089960 1729.0
1089970 1729.0
1089980 1744.2
1089990 1746.7
1090000 1746.7
1090010 1752.0
1090020 1760.0
1090030 1760.0
1090040 1768.1
1090050 1769.6
1090060 1771.9
1090070 1771.9
1090080 1781.1
1090090 1787.6
1090100 1787.6
1090110 1802.4
1090120 1810.5
1090130 1810.5
1090140 1812.5
1090150 1820.1
1090160 1820.1
1090170 1823.1
1090180 1825.0
1090190 1825.0
1090200 1831.0
1090210 1838.1
1090220 1838.1
1090230 1839.4
1090240 1833.4
1090250 1833.4
1090260 1829.7
1090270 1825.0
1090280 1802.5
1090290 1802.5
1090300 1794.1
1090310 1785.5
1090320 1785.5
1090330 1765.3
1090340 1754.6
1090350 1754.6
1090360 1748.5
1090370 1742.4
1090380 1742.4
1090390 1736.0
1090400 1732.4
1090410 1732.4
1090420 1728.0
1090430 1723.2
1090440 1723.2
1090450 1718.5
1090460 1714.0
1090470 1714.0
1090480 1708.9
1090490 1705.8
1090500 1705.8
1090510 1703.6
1090520 1701.6
1090530 1699.5
1090540 1699.5
1090550 1697.2
1090560 1695.3
1090570 1695.3
1090580 1694.9
1090590 1696.8
1090600 1696.8
1090610 1700.4
1090620 1702.8
1090630 1702.2
1090640 1704.1
1090650 1702.0
1090660 1702.0
1090670 1695.2
1090680 1685.5
1090690 1685.5
1090700 1671.9
1090710 1658.6
1090720 1658.6
1090730 1647.3
1090740 1634.8
1090750 1634.8
1090760 1622.9
1090770 1612.4
1090780 1605.5
1090790 1605.5
1090800 1599.6
1090810 1590.3
1090820 1590.3
1090830 1576.3
1090840 1565.8
1090850 1565.8
1090860 1556.3
1090870 1550.7
1090880 1550.7
1090890 1548.7
1090900 1538.8
1090910 1538.8
1090920 1525.8
1090930 1520.6
1090940 1520.6
1090950 1521.5
1090960 1518.9
1090970 1518.9
1090980 1517.0
1090990 1515.2
1091000 1515.4
1091010 1515.4
1091020 1514.2
1091030 1515.3
1091040 1515.3
1091050 1515.8
1091060 1514.7
1091070 1514.7
1091080 1514.5
1091090 1514.1
1091100 1514.1
1091110 1514.9
1091120 1518.9
1091130 1518.9
1091140 1521.8
1091150 1523.2
1091160 1523.2
1091170 1523.2
1091180 1524.8
1091190 1524.8
1091200 1526.9
1091210 1528.0
1091220 1528.0
1091230 1526.1
1091240 1523.5
1091250 1522.0
1091260 1522.0
1091270 1540.3
1091280 1544.0
1091290 1544.0
1091300 1545.1
1091310 1547.5
1091320 1547.5
1091330 1550.9
1091340 1556.2
1091350 1556.2
1091360 1566.5
1091370 1576.2
1091380 1576.2
1091390 1582.9
1091400 1588.5
1091410 1588.5
1091420 1593.7
1091430 1600.1
1091440 1600.1
1091450 1608.8
1091460 1612.2
1091470 1613.7
1091480 1613.7
1091490 1616.0
1091500 1615.4
1091510 1615.4
1091520 1607.1
1091530 1605.4
1091540 1605.4
1091550 1605.9
1091560 1600.1
1091570 1600.1
1091580 1599.4
1091590 1605.9
1091600 1616.6
1091610 1624.1
1091620 1632.9
1091630 1632.9
1091640 1635.1
1091650 1627.3
1091660 1627.3
1091670 1625.7
1091680 1618.2
1091690 1618.2
1091700 1608.1
1091710 1605.8
1091720 1613.1
1091730 1613.1
1091740 1621.2
1091750 1625.8
1091760 1625.8
1091770 1624.4
1091780 1620.2
1091790 1620.2
1091800 1616.5
1091810 1601.4
1091820 1601.4
1091830 1566.0
1091840 1550.6
1091850 1550.6
1091860 1531.7
1091870 1505.4
1091880 1505.4
1091890 1471.8
1091900 1441.2
1091910 1441.2
1091920 1404.7
1091930 1397.4
1091940 1390.6
1091950 1390.6
1091960 1384.0
1091970 1376.8
1091980 1376.8
1091990 1370.0
1092000 1363.0
1092010 1363.0
1092020 1355.0
1092030 1348.7
1092040 1348.7
1092050 1343.7
1092060 1341.5
1092070 1341.5
1092080 1341.2
1092090 1340.1
1092100 1340.1
1092110 1338.9
1092120 1340.7
1092130 1340.7
1092140 1347.2
1092150 1349.3
1092160 1349.3
1092170 1348.5
1092180 1347.5
1092190 1348.1
1092200 1348.1
1092210 1348.5
1092220 1351.8
1092230 1351.8
1092240 1364.9
1092250 1368.6
1092260 1368.6
1092270 1373.7
1092280 1381.3
1092290 1381.3
1092300 1382.8
1092310 1383.7
1092320 1383.7
1092330 1386.9
1092340 1390.3
1092350 1390.3
1092360 1396.4
1092370 1403.1
1092380 1403.1
1092390 1410.4
1092400 1419.0
1092410 1419.0
1092420 1431.8
1092430 1442.2
1092440 1456.2
1092450 1456.2
1092460 1473.0
1092470 1480.3
1092480 1480.3
1092490 1482.4
1092500 1487.5
1092510 1487.5
1092520 1492.4
1092530 1498.2
1092540 1498.2
1092550 1503.8
1092560 1510.6
1092570 1517.4
1092580 1523.1
1092590 1528.8
1092600 1528.8
1092610 1535.4
1092620 1542.0
1092630 1542.0
1092640 1549.0
1092650 1560.8
1092660 1569.5
1092670 1569.5
1092680 1576.3
1092690 1585.2
1092700 1585.2
1092710 1594.5
1092720 1607.8
1092730 1607.8
1092740 1629.7
1092750 1646.1
1092760 1646.1
1092770 1662.9
1092780 1680.2
1092790 1680.2
1092800 1691.0
1092810 1702.2
1092820 1702.2
1092830 1708.7
1092840 1711.1
1092850 1711.1
1092860 1711.7
1092870 1710.6
1092880 1710.6
1092890 1724.0
1092900 1723.9
1092910 1717.7
1092920 1717.7
1092930 1710.9
1092940 1708.9
1092950 1708.9
1092960 1703.8
1092970 1696.5
1092980 1696.5
1092990 1690.9
1093000 1685.5
1093010 1685.5
1093020 1679.3
1093030 1672.3
1093040 1672.3
1093050 1665.1
1093060 1656.9
1093070 1656.9
1093080 1650.7
1093090 1643.5
1093100 1643.5
1093110 1630.4
1093120 1621.4
1093130 1614.1
1093140 1614.1
1093150 1607.2
1093160 1600.5
1093170 1600.5
1093180 1593.6
1093190 1587.5
1093200 1587.5
1093210 1581.4
1093220 1575.2
1093230 1575.2
1093240 1570.6
1093250 1566.5
1093260 1566.5
1093270 1562.6
1093280 1557.8
1093290 1557.8
1093300 1552.7
1093310 1552.8
1093320 1552.8
1093330 1553.4
1093340 1555.7
1093350 1555.7
1093360 1556.2
1093370 1554.5
1093380 1552.4
1093390 1552.4
1093400 1551.0
1093410 1551.5
1093420 1551.5
1093430 1552.7
1093440 1551.4
1093450 1551.4
1093460 1549.7
1093470 1550.6
1093480 1550.6
1093490 1552.4
1093500 1554.1
1093510 1554.1
1093520 1555.8
1093530 1557.6
1093540 1558.5
1093550 1560.4
1093560 1562.5
1093570 1562.5
1093580 1564.5
1093590 1566.8
1093600 1569.5
1093610 1569.5
1093620 1572.0
1093630 1574.7
1093640 1574.7
1093650 1577.4
1093660 1579.8
1093670 1579.8
1093680 1582.8
1093690 1587.0
1093700 1587.0
1093710 1592.2
1093720 1597.7
1093730 1597.7
1093740 1604.2
1093750 1611.1
1093760 1611.1
1093770 1618.0
1093780 1624.9
1093790 1624.9
1093800 1632.3
1093810 1639.3
1093820 1639.3
1093830 1647.3
1093840 1655.9
1093850 1663.6
1093860 1664.8
1093870 1673.3
1093880 1682.2
1093890 1682.2
1093900 1697.5
1093910 1704.9
1093920 1704.9
1093930 1706.1
1093940 1706.6
1093950 1706.6
1093960 1706.4
1093970 1706.6
1093980 1706.6
1093990 1708.2
1094000 1708.9
1094010 1708.9
1094020 1710.3
1094030 1712.0
1094040 1712.0
1094050 1712.2
1094060 1710.1
1094070 1710.1
1094080 1704.5
1094090 1699.6
1094100 1697.1
1094110 1697.1
1094120 1693.6
1094130 1685.2
1094140 1685.2
1094150 1674.2
1094160 1666.9
1094170 1666.9
1094180 1659.1
1094190 1650.6
1094200 1650.6
1094210 1638.3
1094220 1629.1
1094230 1629.1
1094240 1622.7
1094250 1611.0
1094260 1611.0
1094270 1599.8
1094280 1590.9
1094290 1590.9
1094300 1582.0
1094310 1572.4
1094320 1564.5
1094330 1564.5
1094340 1555.9
1094350 1548.1
1094360 1548.1
1094370 1540.4
1094380 1533.3
1094390 1533.3
1094400 1525.5
1094410 1517.1
1094420 1517.1
1094430 1510.2
1094440 1503.9
1094450 1503.9
1094460 1494.2
1094470 1483.7
1094480 1483.7
1094490 1473.5
1094500 1464.8
1094510 1464.8
1094520 1454.6
1094530 1449.8
1094540 1449.8
1094550 1446.1
1094560 1447.6
1094570 1449.0
1094580 1449.0
1094590 1445.5
1094600 1437.8
1094610 1437.8
1094620 1428.2
1094630 1421.5
1094640 1421.5
1094650 1413.6
1094660 1406.0
1094670 1406.0
1094680 1397.7
1094690 1386.1
1094700 1386.1
1094710 1377.0
1094720 1370.3
1094730 1370.3
1094740 1363.1
1094750 1354.6
1094760 1354.6
1094770 1348.6
1094780 1344.5
1094790 1335.1
1094800 1335.1
1094810 1318.0
1094820 1306.9
1094830 1306.9
1094840 1314.5
1094850 1306.1
1094860 1306.1
1094870 1290.3
1094880 1279.2
1094890 1279.2
1094900 1268.6
1094910 1260.9
1094920 1260.9
1094930 1253.5
1094940 1245.1
1094950 1245.1
1094960 1234.5
1094970 1227.7
1094980 1227.7
1094990 1220.8
1095000 1214.8
1095010 1214.8
1095020 1208.7
1095030 1201.8
1095040 1194.6
1095050 1194.6
1095060 1188.7
1095070 1183.1
1095080 1183.1
1095090 1172.6
1095100 1158.7
1095110 1158.7
1095120 1150.2
1095130 1137.2
1095140 1137.2
1095150 1129.2
1095160 1117.9
1095170 1125.8
1095180 1114.4
1095190 1106.8
1095200 1106.8
1095210 1103.1
1095220 1103.2
1095230 1103.2
1095240 1108.5
1095250 1113.3
1095260 1111.8
1095270 1111.8
1095280 1103.0
1095290 1100.3
1095300 1100.3
1095310 1101.0
1095320 1095.5
1095330 1095.5
1095340 1085.0
1095350 1072.7
1095360 1072.7
1095370 1061.8
1095380 1052.3
1095390 1052.3
1095400 1045.0
1095410 1038.0
1095420 1038.0
1095430 1033.6
1095440 1026.0
1095450 1026.0
1095460 1018.4
1095470 1016.0
1095480 1016.0
1095490 1025.5
1095500 1031.3
1095510 1033.5
1095520 1033.5
1095530 1026.1
1095540 1019.8
1095550 1019.8
1095560 1016.7
1095570 1014.7
1095580 1014.7
1095590 1012.2
1095600 1010.2
1095610 1010.2
1095620 1008.4
1095630 1004.7
1095640 1004.7
1095650 1000.9
1095660 996.5
1095670 996.5
1095680 990.6
1095690 983.3
1095700 983.3
1095710 977.5
1095720 971.5
1095730 966.4
1095740 966.4
1095750 961.4
1095760 957.6
1095770 957.6
1095780 953.8
1095790 949.3
1095800 949.3
1095810 947.6
1095820 953.2
1095830 953.2
1095840 952.6
1095850 951.5
1095860 951.5
1095870 950.9
1095880 951.4
1095890 951.4
1095900 951.1
1095910 949.3
1095920 949.3
1095930 946.4
1095940 942.2
1095950 942.2
1095960 929.8
1095970 921.2
1095980 915.9
1095990 915.9
1096000 911.0
1096010 906.0
1096020 906.0
1096030 899.6
1096040 895.1
1096050 895.1
1096060 891.2
1096070 888.3
1096080 888.3
1096090 885.6
1096100 882.1
1096110 882.1
1096120 879.5
1096130 877.1
1096140 877.1
1096150 879.6
1096160 877.6
1096170 877.6
1096180 875.8
1096190 873.7
1096200 873.7
1096210 871.5
1096220 870.4
1096230 869.8
1096240 869.8
1096250 869.3
1096260 868.1
1096270 868.1
1096280 865.8
1096290 864.4
1096300 864.4
1096310 862.9
1096320 861.7
1096330 861.7
1096340 861.8
1096350 862.4
1096360 862.4
1096370 862.0
1096380 861.4
1096390 861.4
1096400 860.5
1096410 858.9
1096420 858.9
1096430 857.3
1096440 855.2
1096450 852.3
1096460 852.3
1096470 852.5
1096480 848.9
1096490 848.9
1096500 844.5
1096510 840.3
1096520 840.3
1096530 837.2
1096540 836.3
1096550 836.3
1096560 838.7
1096570 840.5
1096580 840.5
1096590 840.3
1096600 838.3
1096610 838.3
1096620 835.3
1096630 831.6
1096640 831.6
1096650 827.7
1096660 820.9
1096670 820.9
1096680 815.0
1096690 810.0
1096700 801.9
1096710 801.9
1096720 795.8
1096730 790.4
1096740 790.4
1096750 784.6
1096760 778.4
1096770 778.4
1096780 772.8
1096790 767.5
1096800 771.1
1096810 764.6
1096820 758.5
1096830 758.5
1096840 753.8
1096850 750.0
1096860 750.0
1096870 745.5
1096880 740.8
1096890 740.8
1096900 737.6
1096910 734.2
1096920 730.4
1096930 730.4
1096940 719.6
1096950 694.8
1096960 694.8
1096970 661.8
1096980 647.3
1096990 647.3
1097000 638.7
1097010 630.5
1097020 630.5
1097030 622.4
1097040 614.5
1097050 614.5
1097060 607.4
1097070 601.7
1097080 601.7
1097090 599.3
1097100 597.7
1097110 597.7
1097120 597.3
1097130 596.6
1097140 596.6
1097150 593.9
1097160 593.9
1097170 595.1
1097180 595.1
1097190 597.0
1097200 600.8
1097210 600.8
1097220 606.4
1097230 607.3
1097240 607.3
1097250 607.7
1097260 608.5
1097270 608.5
1097280 609.7
1097290 610.7
1097300 610.7
1097310 611.6
1097320 612.3
1097330 612.3
1097340 613.1
1097350 613.8
1097360 613.8
1097370 614.6
1097380 615.4
1097390 616.2
1097400 616.2
1097410 617.1
1097420 618.0
1097430 618.0
1097440 618.9
1097450 620.6
1097460 620.6
1097470 621.6
1097480 622.7
1097490 622.7
1097500 623.6
1097510 624.6
1097520 624.6
1097530 625.6
1097540 626.5
1097550 626.5
1097560 627.1
1097570 627.8
1097580 627.8
1097590 629.1
1097600 630.1
1097610 630.1
1097620 631.0
1097630 632.1
1097640 633.6
1097650 633.6
1097660 634.9
1097670 636.4
1097680 636.4
1097690 637.8
1097700 639.4
1097710 639.4
1097720 640.7
1097730 642.1
1097740 642.1
1097750 643.4
1097760 644.5
1097770 644.5
1097780 646.4
1097790 647.6
1097800 647.6
1097810 649.1
1097820 650.6
1097830 650.6
1097840 652.2
1097850 653.3
1097860 654.3
1097870 654.3
1097880 655.4
1097890 656.5
1097900 656.5
1097910 657.7
1097920 659.0
1097930 659.0
1097940 660.1
1097950 661.1
1097960 661.1
1097970 662.1
1097980 663.3
1097990 663.3
1098000 664.3
1098010 665.5
1098020 665.5
1098030 666.6
1098040 668.1
1098050 668.1
1098060 669.8
1098070 671.5
1098080 671.5
1098090 673.1
1098100 674.4
1098110 676.0
1098120 676.0
1098130 677.7
1098140 679.3
1098150 679.3
1098160 681.0
1098170 682.7
1098180 682.7
1098190 684.0
1098200 685.4
1098210 685.4
1098220 686.6
1098230 687.7
1098240 687.7
1098250 689.2
1098260 690.5
1098270 690.5
1098280 692.8
1098290 695.6
1098300 695.6
1098310 697.6
1098320 699.5
1098330 699.5
1098340 700.7
1098350 701.2
1098360 701.7
1098370 701.7
1098380 701.9
1098390 702.0
1098400 702.0
1098410 704.1
1098420 706.0
1098430 706.0
1098440 708.5
1098450 709.7
1098460 709.7
1098470 712.7
1098480 716.5
1098490 716.5
1098500 720.9
1098510 724.9
1098520 724.9
1098530 729.2
1098540 733.6
1098550 733.6
1098560 739.0
1098570 745.6
1098580 752.5
1098590 752.5
1098600 759.0
1098610 765.1
1098620 765.1
1098630 771.2
1098640 777.3
1098650 777.3
1098660 783.4
1098670 789.4
1098680 789.4
1098690 795.8
1098700 801.8
1098710 801.8
1098720 806.8
1098730 811.6
1098740 811.6
1098750 816.4
1098760 821.7
1098770 819.2
1098780 825.1
1098790 826.8
1098800 826.8
1098810 828.8
1098820 833.4
1098830 836.9
1098840 836.9
1098850 840.1
1098860 843.3
1098870 843.3
1098880 846.7
1098890 851.0
1098900 851.0
1098910 856.1
1098920 860.3
1098930 860.3
1098940 863.7
1098950 867.0
1098960 867.0
1098970 870.9
1098980 874.8
1098990 874.8
1099000 879.1
1099010 882.5
1099020 882.5
1099030 886.5
1099040 889.4
1099050 892.2
1099060 892.2
1099070 896.8
1099080 902.0
1099090 902.0
1099100 905.0
1099110 911.6
1099120 911.6
1099130 916.0
1099140 919.6
1099150 919.6
1099160 923.9
1099170 929.7
1099180 929.7
1099190 934.6
1099200 939.0
1099210 939.0
1099220 943.2
1099230 946.3
1099240 946.3
1099250 949.2
1099260 953.2
1099270 953.2
1099280 957.3
1099290 960.7
1099300 963.8
1099310 963.8
1099320 966.2
1099330 969.3
1099340 969.3
1099350 974.3
1099360 979.8
1099370 979.8
1099380 984.0
1099390 988.1
1099400 988.1
1099410 992.1
1099420 996.1
1099430 990.8
1099440 994.6
1099450 999.0
1099460 999.0
1099470 1002.8
1099480 1006.6
1099490 1006.6
1099500 1009.2
1099510 1010.5
1099520 1012.9
1099530 1012.9
1099540 1016.7
1099550 1022.0
1099560 1022.0
1099570 1028.3
1099580 1034.7
1099590 1034.7
1099600 1041.2
1099610 1047.9
1099620 1047.9
1099630 1052.4
1099640 1054.7
1099650 1054.7
1099660 1058.0
1099670 1061.6
1099680 1061.6
1099690 1065.5
1099700 1069.3
1099710 1069.3
1099720 1073.0
1099730 1077.4
1099740 1077.4
1099750 1080.3
1099760 1079.8
1099770 1081.4
1099780 1081.4
1099790 1081.9
1099800 1083.4
1099810 1083.4
1099820 1089.4
1099830 1096.2
1099840 1096.2
1099850 1104.1
1099860 1112.0
1099870 1112.0
1099880 1120.3
1099890 1128.5
1099900 1128.5
1099910 1136.7
1099920 1143.0
1099930 1143.0
1099940 1149.5
1099950 1154.6
1099960 1154.6
1099970 1161.3
1099980 1167.4
1099990 1171.9
