1080000 1603.2
1080010 1603.2
1080020 1606.2
1080030 1607.9
1080040 1607.9
1080050 1609.0
1080060 1610.3
1080070 1610.3
1080080 1612.3
1080090 1615.0
1080100 1615.0
1080110 1617.4
1080120 1620.1
1080130 1620.1
1080140 1623.7
1080150 1628.1
1080160 1628.1
1080170 1632.8
1080180 1638.6
1080190 1645.2
1080200 1645.2
1080210 1652.3
1080220 1659.5
1080230 1659.5
1080240 1667.0
1080250 1674.4
1080260 1674.4
1080270 1682.6
1080280 1691.3
1080290 1688.6
1080300 1696.0
1080310 1703.6
1080320 1703.6
1080330 1713.8
1080340 1724.3
1080350 1724.3
1080360 1733.9
1080370 1742.2
1080380 1742.2
1080390 1749.3
1080400 1758.4
1080410 1767.6
1080420 1767.6
1080430 1775.6
1080440 1783.8
1080450 1783.8
1080460 1791.9
1080470 1800.1
1080480 1800.1
1080490 1807.7
1080500 1815.3
1080510 1815.3
1080520 1822.7
1080530 1827.1
1080540 1827.1
1080550 1823.7
1080560 1811.7
1080570 1811.7
1080580 1804.2
1080590 1798.2
1080600 1798.2
1080610 1797.1
1080620 1791.6
1080630 1791.6
1080640 1786.2
1080650 1781.4
1080660 1776.6
1080670 1776.6
1080680 1773.8
1080690 1772.7
1080700 1772.7
1080710 1772.0
1080720 1771.7
1080730 1771.7
1080740 1773.3
1080750 1776.8
1080760 1776.8
1080770 1781.4
1080780 1786.6
1080790 1786.6
1080800 1790.9
1080810 1793.4
1080820 1793.4
1080830 1793.7
1080840 1795.4
1080850 1795.4
1080860 1798.3
1080870 1801.5
1080880 1801.5
1080890 1804.4
1080900 1807.5
1080910 1810.5
1080920 1810.5
1080930 1812.4
1080940 1813.7
1080950 1813.7
1080960 1815.1
1080970 1815.2
1080980 1815.2
1080990 1813.9
1081000 1815.2
1081010 1815.2
1081020 1819.8
1081030 1826.1
1081040 1826.1
1081050 1832.0
1081060 1837.3
1081070 1837.3
1081080 1843.2
1081090 1849.1
1081100 1849.1
1081110 1856.1
1081120 1863.4
1081130 1871.5
1081140 1871.5
1081150 1878.7
1081160 1885.8
1081170 1885.8
1081180 1893.5
1081190 1908.2
1081200 1908.2
1081210 1916.9
1081220 1926.9
1081230 1926.9
1081240 1938.1
1081250 1949.4
1081260 1949.4
1081270 1962.1
1081280 1975.6
1081290 1975.6
1081300 1980.4
1081310 1980.0
1081320 1980.0
1081330 1991.0
1081340 2002.3
1081350 2002.3
1081360 2010.5
1081370 2008.8
1081380 2001.5
1081390 2001.5
1081400 1993.8
1081410 1981.6
1081420 1981.6
1081430 1976.2
1081440 1981.4
1081450 1981.4
1081460 1979.4
1081470 1973.0
1081480 1973.0
1081490 1966.4
1081500 1963.9
1081510 1963.9
1081520 1954.0
1081530 1938.8
1081540 1938.8
1081550 1927.5
1081560 1931.1
1081570 1931.1
1081580 1933.1
1081590 1930.1
1081600 1930.1
1081610 1921.2
1081620 1913.0
1081630 1905.1
1081640 1905.1
1081650 1900.3
1081660 1895.1
1081670 1895.1
1081680 1888.5
1081690 1880.8
1081700 1880.8
1081710 1876.7
1081720 1869.9
1081730 1869.9
1081740 1859.8
1081750 1851.5
1081760 1851.5
1081770 1845.9
1081780 1840.8
1081790 1840.8
1081800 1836.4
1081810 1834.5
1081820 1834.5
1081830 1833.4
1081840 1830.2
1081850 1825.8
1081860 1825.8
1081870 1815.0
1081880 1809.9
1081890 1809.9
1081900 1804.5
1081910 1798.5
1081920 1798.5
1081930 1794.2
1081940 1792.3
1081950 1792.3
1081960 1790.6
1081970 1788.0
1081980 1788.0
1081990 1785.4
1082000 1782.8
1082010 1782.8
1082020 1779.0
1082030 1773.5
1082040 1773.5
1082050 1768.6
1082060 1763.7
1082070 1763.7
1082080 1759.0
1082090 1754.5
1082100 1749.3
1082110 1749.3
1082120 1745.2
1082130 1742.1
1082140 1742.1
1082150 1738.4
1082160 1734.8
1082170 1734.8
1082180 1727.1
1082190 1723.4
1082200 1723.4
1082210 1720.9
1082220 1716.8
1082230 1716.8
1082240 1712.4
1082250 1708.6
1082260 1708.6
1082270 1705.2
1082280 1702.9
1082290 1702.9
1082300 1699.4
1082310 1695.4
1082320 1695.4
1082330 1691.9
1082340 1689.6
1082350 1687.9
1082360 1687.9
1082370 1686.4
1082380 1686.0
1082390 1686.0
1082400 1684.4
1082410 1682.7
1082420 1682.7
1082430 1680.9
1082440 1680.0
1082450 1680.0
1082460 1675.6
1082470 1671.7
1082480 1671.7
1082490 1665.1
1082500 1665.1
1082510 1665.1
1082520 1660.3
1082530 1655.1
1082540 1655.1
1082550 1650.6
1082560 1648.2
1082570 1644.7
1082580 1644.7
1082590 1641.1
1082600 1639.4
1082610 1639.4
1082620 1637.9
1082630 1636.3
1082640 1636.3
1082650 1634.7
1082660 1633.1
1082670 1633.1
1082680 1631.7
1082690 1630.2
1082700 1630.2
1082710 1628.6
1082720 1627.1
1082730 1627.1
1082740 1625.6
1082750 1624.3
1082760 1624.3
1082770 1623.2
1082780 1622.2
1082790 1622.2
1082800 1621.6
1082810 1622.0
1082820 1622.0
1082830 1622.0
1082840 1621.7
1082850 1620.8
1082860 1620.8
1082870 1620.3
1082880 1619.0
1082890 1619.0
1082900 1618.6
1082910 1618.0
1082920 1618.0
1082930 1617.0
1082940 1616.1
1082950 1616.1
1082960 1614.9
1082970 1614.1
1082980 1614.1
1082990 1613.3
1083000 1612.1
1083010 1612.1
1083020 1611.4
1083030 1611.2
1083040 1611.2
1083050 1610.9
1083060 1610.5
1083070 1609.9
1083080 1609.9
1083090 1609.9
1083100 1613.6
1083110 1613.6
1083120 1618.3
1083130 1623.4
1083140 1623.4
1083150 1621.1
1083160 1618.6
1083170 1618.6
1083180 1617.0
1083190 1615.0
1083200 1615.0
1083210 1613.6
1083220 1613.2
1083230 1613.2
1083240 1613.3
1083250 1614.0
1083260 1614.0
1083270 1615.7
1083280 1617.4
1083290 1617.7
1083300 1617.7
1083310 1616.8
1083320 1616.3
1083330 1616.3
1083340 1616.9
1083350 1618.5
1083360 1618.5
1083370 1620.7
1083380 1623.2
1083390 1623.2
1083400 1625.6
1083410 1626.8
1083420 1626.8
1083430 1628.1
1083440 1630.9
1083450 1631.3
1083460 1632.9
1083470 1634.9
1083480 1634.9
1083490 1636.5
1083500 1637.8
1083510 1637.8
1083520 1638.6
1083530 1639.6
1083540 1641.4
1083550 1641.4
1083560 1647.9
1083570 1651.3
1083580 1651.3
1083590 1654.4
1083600 1655.5
1083610 1655.5
1083620 1654.8
1083630 1653.4
1083640 1653.4
1083650 1653.7
1083660 1656.8
1083670 1656.8
1083680 1656.5
1083690 1655.9
1083700 1655.9
1083710 1659.5
1083720 1657.5
1083730 1657.5
1083740 1655.4
1083750 1658.7
1083760 1660.4
1083770 1663.9
1083780 1669.4
1083790 1670.4
1083800 1670.4
1083810 1670.0
1083820 1671.2
1083830 1671.2
1083840 1673.1
1083850 1679.2
1083860 1679.2
1083870 1682.5
1083880 1685.6
1083890 1685.6
1083900 1687.2
1083910 1691.9
1083920 1691.9
1083930 1694.7
1083940 1696.3
1083950 1696.3
1083960 1700.2
1083970 1698.6
1083980 1698.6
1083990 1700.4
1084000 1705.8
1084010 1704.8
1084020 1704.8
1084030 1706.7
1084040 1709.3
1084050 1709.3
1084060 1714.8
1084070 1719.2
1084080 1722.8
1084090 1725.5
1084100 1727.3
1084110 1727.3
1084120 1728.0
1084130 1725.5
1084140 1725.5
1084150 1723.5
1084160 1727.3
1084170 1727.3
1084180 1732.8
1084190 1738.8
1084200 1738.8
1084210 1742.4
1084220 1745.2
1084230 1745.2
1084240 1748.2
1084250 1750.5
1084260 1752.8
1084270 1752.8
1084280 1753.9
1084290 1754.2
1084300 1754.2
1084310 1753.7
1084320 1753.9
1084330 1753.9
1084340 1754.2
1084350 1757.0
1084360 1757.0
1084370 1760.7
1084380 1763.1
1084390 1763.1
1084400 1761.9
1084410 1762.7
1084420 1762.7
1084430 1761.6
1084440 1761.3
1084450 1761.3
1084460 1763.3
1084470 1766.1
1084480 1766.1
1084490 1768.2
1084500 1770.0
1084510 1770.4
1084520 1770.4
1084530 1768.2
1084540 1763.9
1084550 1763.9
1084560 1760.3
1084570 1757.2
1084580 1757.2
1084590 1754.0
1084600 1751.1
1084610 1751.1
1084620 1749.4
1084630 1747.1
1084640 1747.1
1084650 1744.1
1084660 1740.0
1084670 1740.0
1084680 1734.8
1084690 1728.8
1084700 1728.8
1084710 1719.2
1084720 1712.3
1084730 1705.4
1084740 1705.4
1084750 1699.1
1084760 1693.8
1084770 1693.8
1084780 1688.4
1084790 1682.3
1084800 1682.3
1084810 1676.5
1084820 1671.2
1084830 1671.2
1084840 1666.7
1084850 1662.7
1084860 1662.7
1084870 1658.8
1084880 1653.9
1084890 1653.9
1084900 1649.0
1084910 1644.3
1084920 1644.3
1084930 1639.7
1084940 1635.0
1084950 1635.0
1084960 1629.9
1084970 1625.5
1084980 1621.5
1084990 1621.5
1085000 1617.1
1085010 1611.8
1085020 1611.8
1085030 1606.3
1085040 1602.2
1085050 1602.2
1085060 1597.5
1085070 1593.0
1085080 1593.0
1085090 1588.3
1085100 1583.5
1085110 1583.5
1085120 1579.1
1085130 1575.0
1085140 1575.0
1085150 1570.7
1085160 1567.5
1085170 1567.5
1085180 1564.7
1085190 1561.8
1085200 1561.8
1085210 1558.9
1085220 1556.2
1085230 1553.9
1085240 1553.9
1085250 1551.6
1085260 1549.2
1085270 1549.2
1085280 1546.8
1085290 1544.3
1085300 1544.3
1085310 1541.2
1085320 1537.9
1085330 1537.9
1085340 1534.8
1085350 1532.0
1085360 1532.0
1085370 1528.6
1085380 1525.0
1085390 1525.0
1085400 1521.9
1085410 1521.1
1085420 1521.1
1085430 1520.6
1085440 1518.8
1085450 1516.6
1085460 1516.6
1085470 1514.4
1085480 1512.1
1085490 1512.1
1085500 1509.5
1085510 1507.1
1085520 1507.1
1085530 1504.9
1085540 1504.3
1085550 1504.3
1085560 1503.8
1085570 1499.7
1085580 1499.7
1085590 1493.6
1085600 1487.5
1085610 1487.5
1085620 1481.6
1085630 1475.2
1085640 1475.2
1085650 1468.7
1085660 1463.3
1085670 1463.3
1085680 1461.1
1085690 1461.5
1085700 1466.4
1085710 1466.4
1085720 1469.4
1085730 1466.3
1085740 1466.3
1085750 1463.4
1085760 1461.9
1085770 1461.9
1085780 1460.8
1085790 1458.4
1085800 1458.4
1085810 1455.8
1085820 1453.4
1085830 1453.4
1085840 1450.3
1085850 1446.1
1085860 1446.1
1085870 1441.7
1085880 1438.2
1085890 1438.2
1085900 1435.5
1085910 1433.8
1085920 1433.8
1085930 1432.3
1085940 1430.6
1085950 1428.9
1085960 1428.9
1085970 1426.9
1085980 1425.9
1085990 1427.7
1086000 1428.0
1086010 1427.9
1086020 1427.9
1086030 1427.7
1086040 1427.4
1086050 1427.4
1086060 1426.5
1086070 1424.4
1086080 1424.4
1086090 1421.5
1086100 1417.8
1086110 1417.8
1086120 1414.6
1086130 1412.3
1086140 1412.3
1086150 1410.2
1086160 1408.5
1086170 1406.9
1086180 1406.9
1086190 1404.6
1086200 1400.8
1086210 1400.8
1086220 1395.6
1086230 1389.1
1086240 1389.1
1086250 1383.6
1086260 1381.8
1086270 1381.8
1086280 1382.1
1086290 1380.7
1086300 1380.7
1086310 1382.5
1086320 1379.6
1086330 1379.6
1086340 1376.8
1086350 1375.0
1086360 1375.0
1086370 1372.8
1086380 1369.9
1086390 1369.9
1086400 1367.3
1086410 1364.9
1086420 1362.2
1086430 1362.2
1086440 1359.1
1086450 1355.4
1086460 1355.4
1086470 1351.1
1086480 1347.4
1086490 1347.4
1086500 1345.3
1086510 1344.7
1086520 1344.7
1086530 1343.5
1086540 1341.7
1086550 1341.7
1086560 1339.4
1086570 1337.4
1086580 1337.4
1086590 1335.3
1086600 1333.5
1086610 1333.5
1086620 1332.0
1086630 1331.5
1086640 1331.5
1086650 1329.6
1086660 1327.8
1086670 1324.5
1086680 1324.5
1086690 1319.3
1086700 1314.1
1086710 1314.1
1086720 1309.5
1086730 1305.8
1086740 1305.8
1086750 1302.8
1086760 1300.9
1086770 1300.9
1086780 1301.1
1086790 1302.4
1086800 1302.4
1086810 1298.4
1086820 1292.3
1086830 1292.3
1086840 1286.8
1086850 1281.9
1086860 1281.9
1086870 1276.2
1086880 1270.8
1086890 1266.3
1086900 1266.3
1086910 1260.4
1086920 1257.4
1086930 1257.4
1086940 1254.4
1086950 1245.6
1086960 1245.6
1086970 1240.6
1086980 1235.5
1086990 1235.5
1087000 1231.2
1087010 1228.4
1087020 1228.4
1087030 1228.0
1087040 1228.0
1087050 1228.0
1087060 1227.4
1087070 1224.0
1087080 1224.0
1087090 1220.1
1087100 1218.0
1087110 1218.0
1087120 1216.5
1087130 1214.1
1087140 1209.9
1087150 1209.9
1087160 1208.1
1087170 1206.2
1087180 1206.2
1087190 1204.7
1087200 1204.2
1087210 1204.2
1087220 1204.6
1087230 1205.5
1087240 1205.5
1087250 1208.7
1087260 1212.0
1087270 1200.4
1087280 1203.7
1087290 1207.8
1087300 1207.8
1087310 1209.6
1087320 1211.3
1087330 1211.3
1087340 1214.8
1087350 1216.8
1087360 1217.5
1087370 1217.5
1087380 1218.0
1087390 1219.0
1087400 1219.0
1087410 1219.2
1087420 1219.8
1087430 1219.8
1087440 1219.7
1087450 1216.4
1087460 1216.4
1087470 1209.8
1087480 1202.8
1087490 1202.8
1087500 1192.5
1087510 1184.9
1087520 1184.9
1087530 1177.6
1087540 1168.2
1087550 1168.2
1087560 1160.1
1087570 1150.0
1087580 1150.0
1087590 1130.5
1087600 1123.3
1087610 1116.4
1087620 1116.4
1087630 1110.8
1087640 1106.1
1087650 1106.1
1087660 1101.1
1087670 1097.6
1087680 1097.6
1087690 1094.8
1087700 1093.0
1087710 1093.0
1087720 1092.2
1087730 1091.3
1087740 1091.3
1087750 1088.5
1087760 1087.1
1087770 1087.1
1087780 1086.7
1087790 1085.4
1087800 1085.4
1087810 1082.6
1087820 1078.4
1087830 1078.4
1087840 1073.8
1087850 1069.0
1087860 1064.6
1087870 1064.6
1087880 1060.5
1087890 1056.8
1087900 1056.8
1087910 1048.7
1087920 1044.2
1087930 1044.2
1087940 1039.6
1087950 1034.9
1087960 1034.9
1087970 1030.2
1087980 1025.6
1087990 1025.6
1088000 1021.0
1088010 1016.6
1088020 1016.6
1088030 1012.0
1088040 1007.3
1088050 1007.3
1088060 1002.8
1088070 998.5
1088080 993.5
1088090 993.5
1088100 988.4
1088110 983.6
1088120 983.6
1088130 978.7
1088140 974.0
1088150 974.0
1088160 969.1
1088170 964.2
1088180 964.2
1088190 959.4
1088200 955.1
1088210 955.1
1088220 950.4
1088230 943.9
1088240 943.9
1088250 939.2
1088260 934.3
1088270 934.3
1088280 929.1
1088290 923.2
1088300 923.2
1088310 917.6
1088320 913.2
1088330 910.1
1088340 910.1
1088350 906.6
1088360 905.1
1088370 905.1
1088380 904.2
1088390 900.3
1088400 900.3
1088410 896.6
1088420 892.8
1088430 892.8
1088440 887.6
1088450 881.2
1088460 881.2
1088470 875.8
1088480 869.8
1088490 869.8
1088500 862.3
1088510 853.5
1088520 853.5
1088530 842.7
1088540 831.1
1088550 828.0
1088560 817.6
1088570 811.4
1088580 805.3
1088590 805.3
1088600 799.6
1088610 793.1
1088620 793.1
1088630 784.9
1088640 776.3
1088650 776.3
1088660 768.1
1088670 759.8
1088680 759.8
1088690 751.7
1088700 743.8
1088710 743.8
1088720 736.7
1088730 735.2
1088740 735.2
1088750 747.3
1088760 759.7
1088770 759.7
1088780 771.2
1088790 778.1
1088800 782.6
1088810 782.6
1088820 787.7
1088830 800.1
1088840 800.1
1088850 813.4
1088860 823.9
1088870 825.3
1088880 835.8
1088890 843.9
1088900 843.9
1088910 850.6
1088920 855.0
1088930 855.0
1088940 849.5
1088950 850.8
1088960 850.8
1088970 861.2
1088980 867.4
1088990 867.4
1089000 871.7
1089010 876.9
1089020 876.9
1089030 882.7
1089040 889.3
1089050 896.8
1089060 896.8
1089070 904.7
1089080 911.6
1089090 911.6
1089100 918.7
1089110 922.4
1089120 922.4
1089130 927.4
1089140 933.5
1089150 933.5
1089160 937.9
1089170 943.2
1089180 943.2
1089190 950.9
1089200 956.1
1089210 956.1
1089220 960.9
1089230 965.6
1089240 965.6
1089250 970.0
1089260 974.2
1089270 974.2
1089280 978.3
1089290 983.9
1089300 990.9
1089310 990.9
1089320 997.5
1089330 1004.2
1089340 1004.2
1089350 1010.8
1089360 1017.1
1089370 1017.1
1089380 1024.5
1089390 1032.1
1089400 1032.1
1089410 1039.4
1089420 1047.4
1089430 1047.4
1089440 1056.7
1089450 1064.0
1089460 1064.0
1089470 1071.3
1089480 1078.1
1089490 1078.1
1089500 1084.6
1089510 1096.5
1089520 1103.7
1089530 1103.7
1089540 1110.5
1089550 1117.9
1089560 1117.9
1089570 1125.5
1089580 1132.9
1089590 1132.9
1089600 1140.0
1089610 1147.6
1089620 1147.6
1089630 1153.5
1089640 1160.6
1089650 1160.6
1089660 1167.3
1089670 1174.1
1089680 1174.1
1089690 1180.3
1089700 1187.3
1089710 1187.3
1089720 1194.4
1089730 1200.7
1089740 1200.7
1089750 1206.9
1089760 1212.9
1089770 1219.8
1089780 1219.8
1089790 1227.1
1089800 1234.3
1089810 1234.3
1089820 1241.2
1089830 1252.7
1089840 1252.7
1089850 1257.6
1089860 1262.5
1089870 1262.5
1089880 1267.2
1089890 1269.4
1089900 1269.4
1089910 1270.9
1089920 1273.0
1089930 1273.0
1089940 1275.5
1089950 1277.6
1089960 1277.6
1089970 1279.2
1089980 1280.9
1089990 1280.9
1090000 1282.1
1090010 1281.9
1090020 1279.7
1090030 1279.7
1090040 1276.7
1090050 1274.0
1090060 1274.0
1090070 1271.9
1090080 1269.3
1090090 1269.3
1090100 1266.5
1090110 1263.5
1090120 1263.5
1090130 1260.4
1090140 1257.2
1090150 1266.0
1090160 1265.7
1090170 1263.6
1090180 1263.6
1090190 1262.3
1090200 1260.9
1090210 1260.9
1090220 1259.6
1090230 1255.8
1090240 1248.5
1090250 1248.5
1090260 1242.6
1090270 1237.6
1090280 1237.6
1090290 1228.2
1090300 1217.8
1090310 1217.8
1090320 1219.7
1090330 1226.8
1090340 1226.8
1090350 1228.3
1090360 1227.6
1090370 1227.6
1090380 1226.0
1090390 1222.7
1090400 1222.7
1090410 1218.0
1090420 1212.7
1090430 1212.7
1090440 1208.4
1090450 1202.3
1090460 1202.3
1090470 1195.1
1090480 1183.9
1090490 1176.7
1090500 1176.7
1090510 1170.9
1090520 1166.2
1090530 1166.2
1090540 1160.7
1090550 1154.2
1090560 1154.2
1090570 1146.9
1090580 1138.5
1090590 1138.5
1090600 1130.0
1090610 1121.6
1090620 1121.6
1090630 1113.1
1090640 1103.9
1090650 1103.9
1090660 1093.4
1090670 1082.2
1090680 1082.2
1090690 1071.2
1090700 1064.8
1090710 1064.8
1090720 1060.5
1090730 1056.5
1090740 1053.9
1090750 1053.9
1090760 1050.5
1090770 1047.1
1090780 1047.1
1090790 1043.4
1090800 1043.8
1090810 1043.8
1090820 1042.5
1090830 1041.9
1090840 1041.9
1090850 1040.1
1090860 1038.5
1090870 1038.5
1090880 1036.6
1090890 1034.8
1090900 1034.8
1090910 1033.2
1090920 1031.7
1090930 1031.7
1090940 1030.6
1090950 1030.1
1090960 1028.8
1090970 1028.8
1090980 1027.2
1090990 1025.0
1091000 1025.0
1091010 1022.6
1091020 1018.7
1091030 1018.7
1091040 1014.2
1091050 1009.6
1091060 1009.6
1091070 1005.0
1091080 1001.5
1091090 1001.5
1091100 996.9
1091110 992.7
1091120 995.2
1091130 990.6
1091140 984.3
1091150 984.3
1091160 978.7
1091170 974.3
1091180 974.3
1091190 970.0
1091200 965.6
1091210 961.3
1091220 961.3
1091230 957.7
1091240 953.2
1091250 953.2
1091260 949.7
1091270 946.3
1091280 946.3
1091290 943.9
1091300 941.9
1091310 941.9
1091320 939.7
1091330 936.2
1091340 936.2
1091350 932.8
1091360 931.4
1091370 931.4
1091380 930.2
1091390 927.8
1091400 927.8
1091410 924.0
1091420 919.1
1091430 919.1
1091440 913.6
1091450 910.1
1091460 906.4
1091470 906.4
1091480 905.5
1091490 905.0
1091500 905.0
1091510 903.8
1091520 901.6
1091530 901.6
1091540 899.4
1091550 899.1
1091560 899.1
1091570 898.7
1091580 897.7
1091590 897.7
1091600 896.5
1091610 893.5
1091620 893.5
1091630 889.1
1091640 886.3
1091650 886.3
1091660 885.7
1091670 885.4
1091680 885.7
1091690 885.7
1091700 886.2
1091710 886.2
1091720 886.2
1091730 885.6
1091740 883.5
1091750 883.5
1091760 881.8
1091770 884.8
1091780 884.8
1091790 882.7
1091800 879.8
1091810 879.8
1091820 875.3
1091830 870.9
1091840 870.9
1091850 867.8
1091860 864.9
1091870 864.9
1091880 862.9
1091890 860.4
1091900 860.4
1091910 856.6
1091920 852.7
1091930 850.8
1091940 850.8
1091950 850.6
1091960 848.6
1091970 848.6
1091980 838.3
1091990 828.1
1092000 828.1
1092010 818.0
1092020 806.6
1092030 806.6
1092040 796.5
1092050 786.9
1092060 786.9
1092070 779.0
1092080 776.1
1092090 784.4
1092100 789.1
1092110 791.8
1092120 791.8
1092130 792.3
1092140 793.1
1092150 793.1
1092160 798.6
1092170 811.3
1092180 819.7
1092190 819.7
1092200 828.0
1092210 835.2
1092220 835.2
1092230 838.1
1092240 838.9
1092250 838.9
1092260 837.8
1092270 836.7
1092280 836.7
1092290 833.1
1092300 830.4
1092310 830.4
1092320 831.1
1092330 832.6
1092340 832.6
1092350 833.0
1092360 829.5
1092370 829.5
1092380 826.1
1092390 824.7
1092400 824.9
1092410 824.9
1092420 829.5
1092430 830.1
1092440 830.1
1092450 830.6
1092460 829.4
1092470 829.4
1092480 826.2
1092490 824.4
1092500 824.4
1092510 824.2
1092520 825.4
1092530 825.4
1092540 827.2
1092550 827.0
1092560 827.0
1092570 825.5
1092580 827.2
1092590 827.2
1092600 823.4
1092610 808.0
1092620 808.0
1092630 823.2
1092640 830.8
1092650 829.7
1092660 829.7
1092670 830.3
1092680 830.1
1092690 830.1
1092700 829.0
1092710 831.4
1092720 831.4
1092730 833.8
1092740 840.1
1092750 840.1
1092760 840.8
1092770 842.0
1092780 842.0
1092790 844.1
1092800 846.0
1092810 846.0
1092820 849.5
1092830 852.8
1092840 852.8
1092850 853.0
1092860 854.1
1092870 854.1
1092880 858.7
1092890 863.8
1092900 869.8
1092910 869.8
1092920 874.6
1092930 877.1
1092940 877.1
1092950 878.0
1092960 875.1
1092970 875.1
1092980 873.4
1092990 870.5
1093000 870.5
1093010 868.3
1093020 870.3
1093030 870.3
1093040 868.4
1093050 863.4
1093060 881.7
1093070 881.6
1093080 882.0
1093090 882.0
1093100 884.0
1093110 882.8
1093120 883.1
1093130 883.1
1093140 886.8
1093150 889.1
1093160 889.1
1093170 888.5
1093180 886.1
1093190 886.1
1093200 887.1
1093210 894.1
1093220 894.1
1093230 905.0
1093240 914.9
1093250 914.9
1093260 922.0
1093270 928.5
1093280 928.5
1093290 934.6
1093300 938.9
1093310 938.9
1093320 941.7
1093330 944.7
1093340 944.7
1093350 947.5
1093360 947.3
1093370 945.9
1093380 945.9
1093390 956.2
1093400 956.8
1093410 956.8
1093420 957.7
1093430 957.7
1093440 957.7
1093450 955.6
1093460 952.9
1093470 952.9
1093480 951.1
1093490 954.7
1093500 954.7
1093510 957.0
1093520 957.1
1093530 957.1
1093540 965.5
1093550 971.3
1093560 971.3
1093570 971.1
1093580 968.8
1093590 963.4
1093600 963.4
1093610 962.8
1093620 968.6
1093630 968.6
1093640 973.0
1093650 976.0
1093660 976.0
1093670 977.9
1093680 982.4
1093690 982.4
1093700 987.0
1093710 994.7
1093720 994.7
1093730 995.8
1093740 991.4
1093750 991.4
1093760 965.4
1093770 943.0
1093780 943.0
1093790 926.8
1093800 912.2
1093810 912.2
1093820 893.6
1093830 894.7
1093840 903.9
1093850 903.9
1093860 911.0
1093870 920.0
1093880 920.0
1093890 929.8
1093900 940.0
1093910 940.0
1093920 949.8
1093930 957.4
1093940 957.4
1093950 963.1
1093960 963.4
1093970 963.4
1093980 960.5
1093990 956.5
1094000 956.5
1094010 953.2
1094020 949.4
1094030 949.4
1094040 954.2
1094050 949.5
1094060 949.5
1094070 944.7
1094080 939.1
1094090 932.9
1094100 932.9
1094110 927.0
1094120 922.4
1094130 922.4
1094140 915.4
1094150 908.9
1094160 908.9
1094170 902.0
1094180 898.1
1094190 898.1
1094200 894.1
1094210 889.7
1094220 889.7
1094230 883.7
1094240 877.2
1094250 877.2
1094260 870.0
1094270 861.9
1094280 861.9
1094290 856.3
1094300 850.3
1094310 843.4
1094320 843.4
1094330 839.5
1094340 836.4
1094350 836.4
1094360 835.5
1094370 829.0
1094380 829.0
1094390 823.4
1094400 817.3
1094410 817.3
1094420 810.7
1094430 803.9
1094440 803.9
1094450 798.6
1094460 794.2
1094470 794.2
1094480 789.0
1094490 782.3
1094500 782.3
1094510 774.1
1094520 767.8
1094530 767.8
1094540 764.0
1094550 759.8
1094560 754.0
1094570 754.0
1094580 748.3
1094590 744.2
1094600 744.2
1094610 741.6
1094620 739.8
1094630 739.8
1094640 736.5
1094650 732.1
1094660 732.1
1094670 728.3
1094680 725.4
1094690 731.8
1094700 729.2
1094710 727.1
1094720 727.1
1094730 724.0
1094740 720.4
1094750 720.4
1094760 716.8
1094770 713.8
1094780 713.8
1094790 712.4
1094800 709.7
1094810 704.4
1094820 704.4
1094830 700.7
1094840 697.9
1094850 697.9
1094860 696.9
1094870 695.2
1094880 695.2
1094890 690.8
1094900 682.9
1094910 682.9
1094920 672.2
1094930 664.6
1094940 664.6
1094950 658.6
1094960 651.9
1094970 651.9
1094980 642.3
1094990 634.4
1095000 634.4
1095010 627.9
1095020 627.2
1095030 616.5
1095040 616.5
1095050 611.7
1095060 605.3
1095070 605.3
1095080 598.7
1095090 594.2
1095100 594.2
1095110 589.0
1095120 583.1
1095130 583.1
1095140 577.8
1095150 576.5
1095160 576.5
1095170 576.1
1095180 576.0
1095190 576.0
1095200 576.1
1095210 576.2
1095220 576.2
1095230 577.0
1095240 577.9
1095250 577.9
1095260 579.2
1095270 579.7
1095280 579.3
1095290 579.3
1095300 577.0
1095310 575.1
1095320 575.1
1095330 574.7
1095340 575.2
1095350 575.2
1095360 574.9
1095370 575.4
1095380 575.4
1095390 576.1
1095400 576.8
1095410 576.8
1095420 577.2
1095430 577.3
1095440 577.3
1095450 577.6
1095460 577.8
1095470 577.8
1095480 578.1
1095490 578.3
1095500 578.3
1095510 578.5
1095520 578.7
1095530 579.0
1095540 579.0
1095550 578.9
1095560 578.9
1095570 578.9
1095580 578.9
1095590 578.9
1095600 578.9
1095610 579.0
1095620 579.1
1095630 579.1
1095640 579.1
1095650 579.2
1095660 579.2
1095670 579.5
1095680 579.7
1095690 579.7
1095700 581.3
1095710 583.6
1095720 583.6
1095730 584.0
1095740 582.6
1095750 581.5
1095760 581.5
1095770 581.6
1095780 581.5
1095790 581.5
1095800 581.4
1095810 581.7
1095820 581.7
1095830 581.2
1095840 580.5
1095850 580.5
1095860 579.9
1095870 578.5
1095880 578.5
1095890 578.1
1095900 577.9
1095910 577.9
1095920 577.8
1095930 577.9
1095940 577.9
1095950 578.0
1095960 578.1
1095970 578.1
1095980 578.2
1095990 579.4
1096000 579.0
1096010 579.0
1096020 578.8
1096030 578.9
1096040 578.9
1096050 579.2
1096060 579.4
1096070 579.4
1096080 579.6
1096090 580.1
1096100 580.1
1096110 581.2
1096120 582.2
1096130 582.2
1096140 583.5
1096150 585.4
1096160 585.4
1096170 588.8
1096180 591.3
1096190 591.3
1096200 594.4
1096210 598.2
1096220 598.2
1096230 602.5
1096240 607.9
1096250 612.7
1096260 612.7
1096270 615.7
1096280 618.2
1096290 618.2
1096300 618.7
1096310 621.4
1096320 617.2
1096330 620.7
1096340 624.2
1096350 624.2
1096360 626.9
1096370 628.5
1096380 628.5
1096390 630.4
1096400 632.1
1096410 632.1
1096420 630.3
1096430 631.0
1096440 631.0
1096450 634.1
1096460 637.0
1096470 640.2
1096480 640.2
1096490 644.1
1096500 648.2
1096510 648.2
1096520 652.2
1096530 656.3
1096540 656.3
1096550 660.6
1096560 665.2
1096570 665.2
1096580 670.6
1096590 675.8
1096600 675.8
1096610 681.3
1096620 686.8
1096630 686.8
1096640 691.5
1096650 689.7
1096660 689.7
1096670 693.5
1096680 697.3
1096690 697.3
1096700 701.3
1096710 705.7
1096720 709.7
1096730 709.7
1096740 713.5
1096750 717.4
1096760 717.4
1096770 721.8
1096780 726.8
1096790 726.8
1096800 734.2
1096810 750.5
1096820 750.5
1096830 784.4
1096840 831.2
1096850 831.2
1096860 835.3
1096870 837.1
1096880 837.1
1096890 841.2
1096900 843.9
1096910 843.9
1096920 843.6
1096930 835.2
1096940 825.2
1096950 825.2
1096960 820.7
1096970 818.2
1096980 818.2
1096990 817.2
1097000 819.3
1097010 819.3
1097020 822.3
1097030 824.9
1097040 824.9
1097050 826.7
1097060 827.2
1097070 827.2
1097080 825.7
1097090 822.8
1097100 822.8
1097110 822.1
1097120 826.1
1097130 826.1
1097140 829.4
1097150 835.1
1097160 835.1
1097170 841.1
1097180 844.8
1097190 847.3
1097200 847.3
1097210 850.9
1097220 853.9
1097230 853.9
1097240 858.8
1097250 863.5
1097260 863.5
1097270 866.5
1097280 867.9
1097290 867.9
1097300 868.2
1097310 869.1
1097320 869.1
1097330 869.2
1097340 872.0
1097350 872.0
1097360 879.0
1097370 887.5
1097380 887.5
1097390 892.5
1097400 896.0
1097410 896.0
1097420 898.9
1097430 900.9
1097440 902.9
1097450 902.9
1097460 906.2
1097470 909.2
1097480 909.2
1097490 910.8
1097500 914.6
1097510 914.6
1097520 919.3
1097530 924.4
1097540 924.4
1097550 930.4
1097560 937.3
1097570 937.3
1097580 945.8
1097590 956.0
1097600 956.0
1097610 960.6
1097620 965.1
1097630 964.6
1097640 969.5
1097650 976.1
1097660 982.9
1097670 982.9
1097680 989.5
1097690 995.8
1097700 995.8
1097710 1002.7
1097720 1009.7
1097730 1009.7
1097740 1018.7
1097750 1028.0
1097760 1028.0
1097770 1038.1
1097780 1045.2
1097790 1045.2
1097800 1049.2
1097810 1052.4
1097820 1052.4
1097830 1056.2
1097840 1060.4
1097850 1060.4
1097860 1063.1
1097870 1066.2
1097880 1066.2
1097890 1068.8
1097900 1070.7
1097910 1075.2
1097920 1075.2
1097930 1080.1
1097940 1083.2
1097950 1083.2
1097960 1085.6
1097970 1090.0
1097980 1090.0
1097990 1094.3
1098000 1098.7
1098010 1098.7
1098020 1103.3
1098030 1106.1
1098040 1106.1
1098050 1105.1
1098060 1105.9
1098070 1105.9
1098080 1105.8
1098090 1105.4
1098100 1105.4
1098110 1104.8
1098120 1102.8
1098130 1102.8
1098140 1099.1
1098150 1094.6
1098160 1087.5
1098170 1087.5
1098180 1083.9
1098190 1088.0
1098200 1088.0
1098210 1094.9
1098220 1102.2
1098230 1102.2
1098240 1109.9
1098250 1117.4
1098260 1117.4
1098270 1124.4
1098280 1133.4
1098290 1125.3
1098300 1132.6
1098310 1139.0
1098320 1139.0
1098330 1144.5
1098340 1150.6
1098350 1150.6
1098360 1156.8
1098370 1164.9
1098380 1171.0
1098390 1171.0
1098400 1176.5
1098410 1180.5
1098420 1180.5
1098430 1182.5
1098440 1183.0
1098450 1183.0
1098460 1183.2
1098470 1182.4
1098480 1182.4
1098490 1183.3
1098500 1185.7
1098510 1185.7
1098520 1189.1
1098530 1193.7
1098540 1193.7
1098550 1199.0
1098560 1204.9
1098570 1204.9
1098580 1210.9
1098590 1216.4
1098600 1216.4
1098610 1215.7
1098620 1220.3
1098630 1225.0
1098640 1225.0
1098650 1230.0
1098660 1234.6
1098670 1234.6
1098680 1239.1
1098690 1243.2
1098700 1243.2
1098710 1245.6
1098720 1246.8
1098730 1246.8
1098740 1248.0
1098750 1248.5
1098760 1248.5
1098770 1248.3
1098780 1247.9
1098790 1247.9
1098800 1247.1
1098810 1247.4
1098820 1247.4
1098830 1248.9
1098840 1248.4
1098850 1247.2
1098860 1247.2
1098870 1245.8
1098880 1244.2
1098890 1244.2
1098900 1241.6
1098910 1236.1
1098920 1236.1
1098930 1232.5
1098940 1232.0
1098950 1232.0
1098960 1232.3
1098970 1234.4
1098980 1234.4
1098990 1237.1
1099000 1241.0
1099010 1241.0
1099020 1245.4
1099030 1249.4
1099040 1249.4
1099050 1251.9
1099060 1253.8
1099070 1253.8
1099080 1256.5
1099090 1259.8
1099100 1263.1
1099110 1263.1
1099120 1265.4
1099130 1265.9
1099140 1265.9
1099150 1264.0
1099160 1261.9
1099170 1261.9
1099180 1259.4
1099190 1258.9
1099200 1258.9
1099210 1261.3
1099220 1259.3
1099230 1259.3
1099240 1253.2
1099250 1248.7
1099260 1248.7
1099270 1268.6
1099280 1275.1
1099290 1275.1
1099300 1276.8
1099310 1274.8
1099320 1274.8
1099330 1276.0
1099340 1273.1
1099350 1265.2
1099360 1265.2
1099370 1262.4
1099380 1258.2
1099390 1258.2
1099400 1254.6
1099410 1255.0
1099420 1255.0
1099430 1257.4
1099440 1258.2
1099450 1258.2
1099460 1258.1
1099470 1256.7
1099480 1256.7
1099490 1254.1
1099500 1253.6
1099510 1253.6
1099520 1254.5
1099530 1260.0
1099540 1260.0
1099550 1268.8
1099560 1274.2
1099570 1278.6
1099580 1278.6
1099590 1281.0
1099600 1292.5
1099610 1292.5
1099620 1293.3
1099630 1298.5
1099640 1298.5
1099650 1304.6
1099660 1305.7
1099670 1305.7
1099680 1302.3
1099690 1296.8
1099700 1296.8
1099710 1290.1
1099720 1286.4
1099730 1286.4
1099740 1290.4
1099750 1290.8
1099760 1290.8
1099770 1297.3
1099780 1300.1
1099790 1300.1
1099800 1295.2
1099810 1291.3
1099820 1291.0
1099830 1291.0
1099840 1292.7
1099850 1298.4
1099860 1298.4
1099870 1301.9
1099880 1307.4
1099890 1307.4
1099900 1314.0
1099910 1313.3
1099920 1313.3
1099930 1311.0
1099940 1301.7
1099950 1301.7
1099960 1295.4
1099970 1292.8
1099980 1292.8
1099990 1297.0
