1080000 1828.8
1080010 1823.7
1080020 1823.7
1080030 1818.6
1080040 1812.4
1080050 1812.4
1080060 1806.4
1080070 1800.3
1080080 1800.3
1080090 1793.9
1080100 1788.0
1080110 1788.0
1080120 1783.0
1080130 1778.3
1080140 1778.3
1080150 1773.7
1080160 1768.6
1080170 1768.6
1080180 1765.4
1080190 1766.3
1080200 1766.3
1080210 1770.2
1080220 1771.9
1080230 1768.9
1080240 1768.9
1080250 1763.4
1080260 1759.1
1080270 1759.1
1080280 1757.1
1080290 1757.1
1080300 1757.1
1080310 1757.9
1080320 1758.0
1080330 1758.0
1080340 1757.9
1080350 1757.5
1080360 1757.5
1080370 1758.4
1080380 1762.1
1080390 1762.1
1080400 1766.8
1080410 1771.4
1080420 1771.4
1080430 1776.7
1080440 1782.3
1080450 1787.7
1080460 1787.7
1080470 1792.9
1080480 1798.5
1080490 1798.5
1080500 1806.7
1080510 1812.2
1080520 1812.2
1080530 1818.0
1080540 1827.4
1080550 1827.4
1080560 1836.8
1080570 1844.5
1080580 1844.5
1080590 1851.6
1080600 1862.4
1080610 1862.4
1080620 1868.7
1080630 1875.2
1080640 1875.2
1080650 1881.9
1080660 1888.1
1080670 1888.1
1080680 1895.0
1080690 1901.2
1080700 1908.8
1080710 1908.8
1080720 1920.0
1080730 1933.5
1080740 1933.5
1080750 1940.8
1080760 1947.5
1080770 1947.5
1080780 1954.1
1080790 1967.6
1080800 1967.6
1080810 2024.5
1080820 2044.7
1080830 2044.7
1080840 2051.5
1080850 2063.2
1080860 2063.2
1080870 2068.8
1080880 2071.5
1080890 2071.5
1080900 2074.8
1080910 2078.0
1080920 2078.0
1080930 2082.2
1080940 2087.1
1080950 2092.4
1080960 2092.4
1080970 2098.1
1080980 2103.2
1080990 2103.2
1081000 2108.5
1081010 2113.3
1081020 2113.3
1081030 2118.0
1081040 2122.3
1081050 2122.3
1081060 2126.7
1081070 2130.9
1081080 2130.9
1081090 2134.6
1081100 2139.0
1081110 2139.0
1081120 2143.1
1081130 2141.9
1081140 2141.9
1081150 2136.2
1081160 2128.7
1081170 2110.3
1081180 2110.3
1081190 2101.1
1081200 2091.0
1081210 2091.0
1081220 2080.2
1081230 2060.9
1081240 2060.9
1081250 2040.8
1081260 2026.8
1081270 2026.8
1081280 2019.4
1081290 2015.7
1081300 2015.7
1081310 2011.5
1081320 2000.9
1081330 2000.9
1081340 1989.7
1081350 1982.1
1081360 1982.1
1081370 1977.5
1081380 1968.7
1081390 1968.7
1081400 1959.5
1081410 1951.4
1081420 1943.0
1081430 1943.0
1081440 1935.8
1081450 1929.1
1081460 1929.1
1081470 1922.3
1081480 1915.7
1081490 1915.7
1081500 1909.2
1081510 1902.9
1081520 1902.9
1081530 1896.6
1081540 1890.9
1081550 1890.9
1081560 1884.7
1081570 1879.0
1081580 1879.0
1081590 1874.6
1081600 1870.3
1081610 1870.3
1081620 1864.2
1081630 1858.3
1081640 1858.3
1081650 1851.9
1081660 1844.4
1081670 1838.6
1081680 1838.6
1081690 1833.2
1081700 1827.7
1081710 1827.7
1081720 1821.3
1081730 1813.9
1081740 1813.9
1081750 1807.1
1081760 1798.7
1081770 1798.7
1081780 1794.9
1081790 1790.7
1081800 1790.7
1081810 1786.9
1081820 1782.8
1081830 1782.8
1081840 1779.8
1081850 1771.9
1081860 1771.9
1081870 1766.6
1081880 1761.1
1081890 1754.2
1081900 1754.2
1081910 1748.2
1081920 1743.6
1081930 1743.6
1081940 1739.0
1081950 1736.0
1081960 1736.0
1081970 1733.5
1081980 1730.4
1081990 1730.4
1082000 1728.4
1082010 1726.3
1082020 1726.3
1082030 1724.1
1082040 1721.6
1082050 1721.6
1082060 1718.9
1082070 1715.9
1082080 1715.9
1082090 1713.4
1082100 1711.9
1082110 1711.9
1082120 1710.6
1082130 1709.0
1082140 1706.6
1082150 1706.6
1082160 1704.9
1082170 1704.5
1082180 1704.5
1082190 1704.6
1082200 1702.8
1082210 1702.8
1082220 1698.9
1082230 1694.2
1082240 1694.2
1082250 1690.3
1082260 1686.7
1082270 1686.7
1082280 1682.9
1082290 1679.5
1082300 1679.5
1082310 1676.7
1082320 1673.8
1082330 1673.8
1082340 1669.3
1082350 1665.3
1082360 1662.7
1082370 1662.7
1082380 1660.4
1082390 1656.8
1082400 1656.8
1082410 1654.9
1082420 1654.2
1082430 1654.2
1082440 1654.2
1082450 1654.3
1082460 1654.3
1082470 1655.3
1082480 1655.8
1082490 1655.8
1082500 1656.8
1082510 1657.3
1082520 1657.3
1082530 1657.9
1082540 1658.4
1082550 1658.4
1082560 1659.8
1082570 1659.8
1082580 1659.8
1082590 1659.8
1082600 1659.4
1082610 1659.6
1082620 1659.6
1082630 1661.0
1082640 1661.8
1082650 1661.8
1082660 1662.5
1082670 1661.7
1082680 1661.7
1082690 1658.6
1082700 1656.5
1082710 1656.5
1082720 1654.2
1082730 1652.9
1082740 1652.9
1082750 1650.8
1082760 1649.6
1082770 1649.6
1082780 1647.6
1082790 1646.8
1082800 1646.8
1082810 1647.2
1082820 1649.0
1082830 1649.0
1082840 1651.1
1082850 1651.6
1082860 1648.1
1082870 1648.1
1082880 1646.1
1082890 1644.1
1082900 1644.1
1082910 1642.6
1082920 1641.2
1082930 1641.2
1082940 1640.0
1082950 1638.2
1082960 1638.2
1082970 1636.9
1082980 1635.5
1082990 1635.5
1083000 1635.6
1083010 1634.9
1083020 1632.0
1083030 1631.0
1083040 1628.3
1083050 1628.3
1083060 1625.4
1083070 1622.6
1083080 1619.5
1083090 1619.5
1083100 1616.4
1083110 1614.9
1083120 1614.9
1083130 1613.9
1083140 1613.4
1083150 1613.4
1083160 1612.4
1083170 1611.4
1083180 1611.4
1083190 1609.5
1083200 1608.2
1083210 1608.2
1083220 1608.4
1083230 1609.8
1083240 1609.8
1083250 1610.9
1083260 1609.8
1083270 1609.8
1083280 1606.7
1083290 1602.5
1083300 1602.5
1083310 1600.8
1083320 1600.3
1083330 1599.0
1083340 1596.1
1083350 1595.1
1083360 1593.6
1083370 1593.6
1083380 1592.2
1083390 1590.3
1083400 1590.3
1083410 1588.9
1083420 1587.4
1083430 1587.4
1083440 1585.9
1083450 1583.3
1083460 1583.3
1083470 1580.3
1083480 1576.8
1083490 1576.8
1083500 1575.6
1083510 1576.9
1083520 1576.9
1083530 1577.1
1083540 1576.7
1083550 1576.7
1083560 1575.0
1083570 1573.2
1083580 1571.7
1083590 1571.7
1083600 1570.4
1083610 1568.2
1083620 1568.2
1083630 1564.9
1083640 1566.5
1083650 1561.7
1083660 1561.5
1083670 1561.0
1083680 1561.0
1083690 1560.9
1083700 1558.4
1083710 1558.4
1083720 1559.0
1083730 1558.3
1083740 1558.3
1083750 1557.8
1083760 1562.2
1083770 1562.2
1083780 1563.5
1083790 1558.3
1083800 1553.8
1083810 1553.8
1083820 1552.6
1083830 1550.4
1083840 1550.4
1083850 1548.4
1083860 1545.2
1083870 1545.2
1083880 1542.2
1083890 1540.2
1083900 1540.2
1083910 1542.4
1083920 1547.6
1083930 1547.6
1083940 1553.8
1083950 1562.5
1083960 1562.5
1083970 1563.5
1083980 1568.7
1083990 1568.7
1084000 1573.9
1084010 1577.4
1084020 1577.4
1084030 1580.8
1084040 1585.5
1084050 1589.5
1084060 1589.5
1084070 1593.5
1084080 1597.7
1084090 1597.7
1084100 1601.2
1084110 1604.3
1084120 1604.3
1084130 1608.9
1084140 1613.6
1084150 1613.6
1084160 1618.1
1084170 1621.8
1084180 1621.8
1084190 1624.9
1084200 1627.8
1084210 1627.8
1084220 1631.1
1084230 1634.5
1084240 1634.5
1084250 1637.8
1084260 1640.7
1084270 1643.1
1084280 1643.1
1084290 1640.7
1084300 1642.8
1084310 1642.8
1084320 1644.5
1084330 1646.4
1084340 1646.4
1084350 1648.8
1084360 1651.6
1084370 1651.6
1084380 1654.2
1084390 1656.9
1084400 1656.9
1084410 1658.9
1084420 1659.8
1084430 1659.8
1084440 1660.5
1084450 1660.8
1084460 1660.8
1084470 1661.1
1084480 1662.0
1084490 1662.0
1084500 1663.4
1084510 1664.6
1084520 1666.4
1084530 1666.4
1084540 1667.0
1084550 1667.6
1084560 1667.6
1084570 1667.5
1084580 1666.7
1084590 1666.7
1084600 1665.0
1084610 1664.5
1084620 1664.5
1084630 1663.9
1084640 1661.7
1084650 1661.7
1084660 1658.8
1084670 1657.7
1084680 1657.7
1084690 1657.5
1084700 1658.7
1084710 1658.7
1084720 1657.6
1084730 1654.7
1084740 1654.7
1084750 1651.3
1084760 1646.9
1084770 1641.4
1084780 1641.4
1084790 1636.0
1084800 1632.2
1084810 1632.2
1084820 1633.0
1084830 1632.6
1084840 1632.6
1084850 1626.6
1084860 1624.2
1084870 1624.2
1084880 1623.0
1084890 1621.9
1084900 1621.9
1084910 1620.9
1084920 1619.1
1084930 1619.1
1084940 1618.2
1084950 1617.2
1084960 1617.2
1084970 1616.2
1084980 1615.1
1084990 1614.1
1085000 1614.1
1085010 1613.3
1085020 1612.5
1085030 1612.5
1085040 1611.8
1085050 1612.9
1085060 1612.9
1085070 1613.7
1085080 1614.2
1085090 1614.2
1085100 1615.0
1085110 1616.9
1085120 1616.9
1085130 1619.5
1085140 1621.1
1085150 1621.1
1085160 1622.4
1085170 1623.3
1085180 1623.3
1085190 1625.5
1085200 1627.6
1085210 1627.6
1085220 1629.1
1085230 1629.8
1085240 1635.1
1085250 1635.1
1085260 1636.4
1085270 1638.7
1085280 1638.7
1085290 1640.8
1085300 1641.9
1085310 1641.9
1085320 1643.0
1085330 1643.9
1085340 1643.9
1085350 1644.7
1085360 1644.8
1085370 1644.8
1085380 1645.1
1085390 1645.6
1085400 1645.6
1085410 1646.1
1085420 1647.6
1085430 1647.6
1085440 1649.0
1085450 1650.7
1085460 1650.7
1085470 1652.2
1085480 1653.6
1085490 1654.3
1085500 1654.3
1085510 1654.9
1085520 1654.8
1085530 1654.8
1085540 1654.7
1085550 1654.0
1085560 1660.7
1085570 1661.0
1085580 1661.4
1085590 1661.4
1085600 1661.3
1085610 1661.6
1085620 1661.6
1085630 1661.2
1085640 1660.0
1085650 1660.0
1085660 1657.7
1085670 1655.4
1085680 1655.4
1085690 1654.5
1085700 1654.4
1085710 1653.9
1085720 1653.9
1085730 1654.1
1085740 1653.6
1085750 1653.6
1085760 1653.9
1085770 1654.1
1085780 1654.1
1085790 1653.8
1085800 1654.4
1085810 1654.4
1085820 1653.6
1085830 1652.7
1085840 1652.7
1085850 1650.7
1085860 1648.5
1085870 1648.5
1085880 1651.2
1085890 1650.5
1085900 1650.5
1085910 1649.5
1085920 1648.3
1085930 1648.3
1085940 1648.0
1085950 1647.3
1085960 1645.6
1085970 1645.6
1085980 1642.9
1085990 1640.3
1086000 1640.3
1086010 1638.4
1086020 1636.1
1086030 1636.1
1086040 1634.1
1086050 1630.1
1086060 1630.1
1086070 1626.2
1086080 1625.0
1086090 1625.0
1086100 1624.8
1086110 1622.4
1086120 1622.4
1086130 1617.8
1086140 1614.4
1086150 1614.4
1086160 1611.2
1086170 1610.2
1086180 1609.0
1086190 1609.0
1086200 1606.8
1086210 1601.5
1086220 1601.5
1086230 1595.2
1086240 1584.8
1086250 1584.8
1086260 1573.9
1086270 1563.8
1086280 1563.8
1086290 1551.7
1086300 1539.2
1086310 1539.2
1086320 1530.4
1086330 1522.6
1086340 1522.6
1086350 1514.4
1086360 1506.7
1086370 1506.7
1086380 1499.4
1086390 1493.1
1086400 1493.1
1086410 1484.5
1086420 1475.3
1086430 1465.9
1086440 1465.9
1086450 1457.8
1086460 1452.2
1086470 1452.2
1086480 1442.7
1086490 1433.8
1086500 1433.8
1086510 1426.9
1086520 1417.6
1086530 1417.6
1086540 1408.7
1086550 1401.8
1086560 1401.8
1086570 1396.3
1086580 1387.4
1086590 1387.4
1086600 1378.6
1086610 1374.2
1086620 1374.2
1086630 1368.3
1086640 1361.2
1086650 1361.2
1086660 1354.3
1086670 1348.9
1086680 1343.5
1086690 1343.5
1086700 1338.0
1086710 1331.4
1086720 1331.4
1086730 1327.4
1086740 1323.7
1086750 1323.7
1086760 1319.6
1086770 1311.6
1086780 1311.6
1086790 1304.7
1086800 1298.0
1086810 1298.0
1086820 1288.7
1086830 1286.7
1086840 1286.7
1086850 1283.2
1086860 1276.0
1086870 1276.0
1086880 1266.3
1086890 1257.2
1086900 1248.6
1086910 1248.6
1086920 1241.3
1086930 1233.8
1086940 1233.8
1086950 1224.3
1086960 1216.2
1086970 1216.2
1086980 1209.5
1086990 1203.7
1087000 1203.7
1087010 1198.7
1087020 1193.1
1087030 1193.1
1087040 1186.7
1087050 1181.1
1087060 1181.1
1087070 1177.4
1087080 1174.2
1087090 1174.2
1087100 1170.6
1087110 1166.0
1087120 1166.0
1087130 1160.2
1087140 1153.9
1087150 1151.1
1087160 1151.1
1087170 1145.1
1087180 1138.3
1087190 1138.3
1087200 1131.1
1087210 1124.9
1087220 1124.9
1087230 1119.5
1087240 1114.4
1087250 1114.4
1087260 1109.8
1087270 1105.3
1087280 1105.3
1087290 1100.7
1087300 1095.8
1087310 1095.8
1087320 1090.5
1087330 1086.2
1087340 1086.2
1087350 1081.3
1087360 1076.5
1087370 1076.5
1087380 1072.5
1087390 1068.1
1087400 1064.2
1087410 1064.2
1087420 1060.7
1087430 1056.6
1087440 1056.6
1087450 1051.9
1087460 1046.2
1087470 1046.4
1087480 1041.3
1087490 1036.5
1087500 1036.5
1087510 1031.7
1087520 1027.6
1087530 1027.6
1087540 1023.4
1087550 1019.0
1087560 1019.0
1087570 1015.4
1087580 1013.8
1087590 1013.8
1087600 1012.5
1087610 1011.6
1087620 1010.8
1087630 1010.8
1087640 1010.5
1087650 1010.5
1087660 1010.5
1087670 1009.6
1087680 1007.7
1087690 1007.7
1087700 1006.0
1087710 1002.7
1087720 1002.7
1087730 999.1
1087740 995.1
1087750 995.1
1087760 991.5
1087770 987.4
1087780 987.4
1087790 978.9
1087800 973.2
1087810 973.2
1087820 967.7
1087830 962.3
1087840 962.3
1087850 956.9
1087860 951.2
1087870 945.6
1087880 945.6
1087890 940.4
1087900 937.0
1087910 937.0
1087920 935.8
1087930 932.9
1087940 932.9
1087950 928.5
1087960 924.2
1087970 924.2
1087980 920.3
1087990 917.4
1088000 917.4
1088010 914.0
1088020 910.6
1088030 910.6
1088040 906.6
1088050 900.5
1088060 900.5
1088070 893.3
1088080 886.2
1088090 880.8
1088100 880.8
1088110 871.0
1088120 866.8
1088130 866.8
1088140 863.6
1088150 860.5
1088160 860.5
1088170 858.3
1088180 856.2
1088190 856.2
1088200 851.7
1088210 849.6
1088220 849.6
1088230 849.0
1088240 844.2
1088250 844.2
1088260 836.2
1088270 829.5
1088280 829.5
1088290 825.1
1088300 819.3
1088310 819.3
1088320 819.7
1088330 825.3
1088340 831.6
1088350 831.6
1088360 836.5
1088370 840.9
1088380 840.9
1088390 843.3
1088400 845.7
1088410 845.7
1088420 848.5
1088430 857.1
1088440 857.1
1088450 859.0
1088460 863.0
1088470 863.0
1088480 865.5
1088490 866.3
1088500 866.3
1088510 869.6
1088520 875.2
1088530 875.2
1088540 879.4
1088550 882.5
1088560 882.5
1088570 886.1
1088580 890.3
1088590 894.8
1088600 894.8
1088610 898.6
1088620 903.1
1088630 903.1
1088640 906.9
1088650 912.0
1088660 912.0
1088670 916.5
1088680 921.7
1088690 921.7
1088700 929.1
1088710 936.5
1088720 936.5
1088730 944.0
1088740 951.1
1088750 951.1
1088760 961.7
1088770 968.5
1088780 968.5
1088790 973.8
1088800 977.9
1088810 981.5
1088820 981.5
1088830 985.9
1088840 989.4
1088850 989.4
1088860 991.9
1088870 994.9
1088880 994.9
1088890 999.0
1088900 1003.7
1088910 1003.7
1088920 1009.2
1088930 1014.0
1088940 1014.0
1088950 1017.5
1088960 1019.6
1088970 1019.6
1088980 1020.7
1088990 1021.2
1089000 1021.2
1089010 1023.7
1089020 1028.4
1089030 1028.4
1089040 1034.1
1089050 1041.1
1089060 1048.0
1089070 1048.0
1089080 1060.9
1089090 1065.5
1089100 1065.5
1089110 1069.3
1089120 1070.0
1089130 1070.0
1089140 1068.4
1089150 1068.4
1089160 1068.4
1089170 1069.4
1089180 1069.4
1089190 1069.4
1089200 1069.8
1089210 1073.1
1089220 1073.1
1089230 1083.5
1089240 1077.6
1089250 1077.6
1089260 1087.0
1089270 1100.1
1089280 1109.2
1089290 1109.2
1089300 1116.0
1089310 1124.3
1089320 1124.3
1089330 1144.2
1089340 1158.9
1089350 1158.9
1089360 1171.6
1089370 1182.1
1089380 1182.1
1089390 1191.3
1089400 1193.0
1089410 1193.0
1089420 1199.7
1089430 1207.4
1089440 1207.4
1089450 1217.7
1089460 1227.6
1089470 1227.6
1089480 1236.5
1089490 1245.6
1089500 1245.6
1089510 1254.1
1089520 1263.0
1089530 1272.8
1089540 1272.8
1089550 1283.6
1089560 1294.2
1089570 1294.2
1089580 1306.8
1089590 1346.0
1089600 1346.0
1089610 1371.1
1089620 1398.7
1089630 1398.7
1089640 1419.9
1089650 1436.9
1089660 1436.9
1089670 1459.4
1089680 1475.4
1089690 1475.4
1089700 1486.4
1089710 1493.1
1089720 1484.2
1089730 1486.7
1089740 1493.6
1089750 1493.6
1089760 1500.2
1089770 1510.5
1089780 1512.9
1089790 1512.9
1089800 1514.5
1089810 1519.1
1089820 1519.1
1089830 1524.4
1089840 1533.4
1089850 1533.4
1089860 1536.3
1089870 1535.2
1089880 1535.2
1089890 1531.1
1089900 1527.4
1089910 1527.4
1089920 1524.2
1089930 1521.7
1089940 1521.7
1089950 1520.0
1089960 1518.9
1089970 1518.9
1089980 1517.2
1089990 1515.4
1090000 1514.1
1090010 1514.1
1090020 1512.8
1090030 1514.1
1090040 1515.1
1090050 1516.4
1090060 1518.4
1090070 1518.4
1090080 1518.7
1090090 1518.6
1090100 1518.6
1090110 1519.7
1090120 1519.3
1090130 1519.3
1090140 1518.6
1090150 1521.2
1090160 1521.2
1090170 1522.2
1090180 1521.9
1090190 1521.9
1090200 1521.5
1090210 1520.9
1090220 1520.9
1090230 1522.0
1090240 1522.5
1090250 1522.7
1090260 1522.7
1090270 1522.8
1090280 1525.2
1090290 1525.2
1090300 1528.0
1090310 1518.9
1090320 1518.9
1090330 1505.7
1090340 1485.0
1090350 1485.0
1090360 1473.7
1090370 1451.3
1090380 1451.3
1090390 1443.0
1090400 1433.4
1090410 1433.4
1090420 1420.9
1090430 1414.0
1090440 1414.0
1090450 1416.3
1090460 1418.7
1090470 1418.7
1090480 1417.4
1090490 1410.5
1090500 1404.8
1090510 1404.8
1090520 1400.9
1090530 1400.3
1090540 1400.3
1090550 1403.2
1090560 1409.2
1090570 1409.2
1090580 1410.4
1090590 1405.9
1090600 1405.9
1090610 1400.6
1090620 1407.1
1090630 1407.1
1090640 1406.2
1090650 1398.9
1090660 1398.9
1090670 1387.6
1090680 1376.8
1090690 1379.0
1090700 1370.5
1090710 1361.4
1090720 1352.4
1090730 1352.4
1090740 1344.6
1090750 1336.5
1090760 1336.5
1090770 1328.8
1090780 1323.3
1090790 1323.3
1090800 1316.7
1090810 1309.9
1090820 1309.9
1090830 1305.3
1090840 1300.4
1090850 1300.4
1090860 1295.2
1090870 1290.9
1090880 1290.9
1090890 1286.6
1090900 1280.5
1090910 1280.5
1090920 1273.4
1090930 1266.8
1090940 1266.8
1090950 1262.0
1090960 1257.6
1090970 1253.9
1090980 1253.9
1090990 1251.4
1091000 1246.5
1091010 1238.7
1091020 1234.3
1091030 1229.2
1091040 1229.2
1091050 1223.5
1091060 1215.7
1091070 1215.7
1091080 1208.2
1091090 1203.2
1091100 1203.2
1091110 1200.6
1091120 1199.1
1091130 1199.1
1091140 1198.7
1091150 1203.0
1091160 1203.0
1091170 1206.6
1091180 1207.8
1091190 1208.8
1091200 1208.8
1091210 1209.9
1091220 1207.6
1091230 1207.6
1091240 1200.6
1091250 1204.5
1091260 1204.5
1091270 1207.9
1091280 1206.0
1091290 1206.0
1091300 1200.8
1091310 1193.4
1091320 1193.4
1091330 1189.2
1091340 1181.1
1091350 1181.1
1091360 1174.2
1091370 1165.9
1091380 1165.9
1091390 1157.3
1091400 1150.3
1091410 1150.3
1091420 1144.0
1091430 1136.6
1091440 1128.6
1091450 1128.6
1091460 1120.1
1091470 1114.7
1091480 1114.7
1091490 1109.6
1091500 1102.6
1091510 1102.6
1091520 1096.5
1091530 1091.8
1091540 1091.8
1091550 1090.6
1091560 1086.4
1091570 1086.4
1091580 1078.9
1091590 1078.3
1091600 1078.3
1091610 1086.8
1091620 1093.9
1091630 1093.9
1091640 1098.8
1091650 1104.8
1091660 1104.8
1091670 1105.2
1091680 1107.8
1091690 1108.9
1091700 1108.9
1091710 1109.5
1091720 1112.2
1091730 1112.2
1091740 1116.5
1091750 1121.1
1091760 1121.1
1091770 1125.2
1091780 1130.5
1091790 1130.5
1091800 1137.1
1091810 1143.7
1091820 1143.7
1091830 1150.2
1091840 1156.4
1091850 1156.4
1091860 1164.2
1091870 1171.5
1091880 1171.5
1091890 1176.9
1091900 1181.5
1091910 1186.2
1091920 1186.2
1091930 1190.2
1091940 1192.6
1091950 1192.6
1091960 1196.5
1091970 1200.3
1091980 1206.7
1091990 1211.1
1092000 1216.3
1092010 1216.3
1092020 1221.4
1092030 1226.4
1092040 1226.4
1092050 1232.4
1092060 1236.2
1092070 1236.2
1092080 1237.5
1092090 1241.3
1092100 1241.3
1092110 1246.6
1092120 1246.2
1092130 1246.2
1092140 1239.3
1092150 1243.2
1092160 1243.7
1092170 1243.7
1092180 1240.6
1092190 1231.7
1092200 1231.7
1092210 1227.4
1092220 1224.8
1092230 1224.8
1092240 1222.8
1092250 1223.8
1092260 1223.8
1092270 1223.6
1092280 1221.1
1092290 1221.1
1092300 1223.8
1092310 1220.5
1092320 1220.5
1092330 1214.6
1092340 1206.6
1092350 1206.6
1092360 1200.0
1092370 1195.1
1092380 1190.3
1092390 1190.3
1092400 1183.4
1092410 1174.6
1092420 1174.6
1092430 1163.0
1092440 1145.7
1092450 1145.7
1092460 1113.7
1092470 1098.5
1092480 1098.5
1092490 1089.8
1092500 1082.8
1092510 1082.8
1092520 1078.1
1092530 1077.1
1092540 1077.1
1092550 1076.7
1092560 1077.2
1092570 1077.2
1092580 1079.1
1092590 1082.2
1092600 1082.2
1092610 1084.0
1092620 1086.0
1092630 1091.2
1092640 1091.2
1092650 1092.7
1092660 1092.7
1092670 1092.7
1092680 1092.1
1092690 1095.3
1092700 1095.3
1092710 1098.4
1092720 1101.3
1092730 1101.3
1092740 1105.1
1092750 1109.6
1092760 1109.6
1092770 1114.5
1092780 1120.4
1092790 1120.4
1092800 1126.8
1092810 1132.4
1092820 1132.4
1092830 1138.9
1092840 1146.2
1092850 1146.2
1092860 1153.6
1092870 1161.5
1092880 1169.3
1092890 1169.3
1092900 1177.0
1092910 1185.6
1092920 1185.6
1092930 1194.1
1092940 1202.4
1092950 1201.8
1092960 1210.7
1092970 1219.8
1092980 1219.8
1092990 1228.3
1093000 1236.8
1093010 1236.8
1093020 1244.6
1093030 1250.7
1093040 1250.7
1093050 1255.1
1093060 1259.5
1093070 1259.5
1093080 1264.5
1093090 1270.2
1093100 1276.3
1093110 1276.3
1093120 1282.9
1093130 1289.6
1093140 1289.6
1093150 1296.7
1093160 1304.6
1093170 1304.6
1093180 1312.7
1093190 1320.8
1093200 1320.8
1093210 1329.0
1093220 1336.2
1093230 1336.2
1093240 1342.2
1093250 1346.8
1093260 1346.8
1093270 1349.7
1093280 1341.1
1093290 1341.1
1093300 1331.3
1093310 1321.1
1093320 1321.1
1093330 1310.0
1093340 1299.8
1093350 1290.1
1093360 1290.1
1093370 1282.2
1093380 1275.8
1093390 1275.8
1093400 1270.2
1093410 1265.7
1093420 1265.7
1093430 1260.1
1093440 1254.7
1093450 1254.7
1093460 1249.9
1093470 1245.1
1093480 1245.1
1093490 1240.8
1093500 1236.8
1093510 1236.8
1093520 1233.1
1093530 1232.2
1093540 1232.2
1093550 1235.0
1093560 1239.4
1093570 1245.2
1093580 1245.2
1093590 1250.5
1093600 1260.5
1093610 1260.5
1093620 1266.8
1093630 1273.1
1093640 1273.1
1093650 1279.1
1093660 1285.3
1093670 1285.3
1093680 1292.2
1093690 1299.9
1093700 1299.9
1093710 1309.5
1093720 1319.4
1093730 1319.4
1093740 1329.3
1093750 1339.4
1093760 1339.4
1093770 1348.8
1093780 1358.6
1093790 1358.6
1093800 1375.6
1093810 1388.3
1093820 1394.0
1093830 1394.0
1093840 1400.4
1093850 1406.5
1093860 1406.5
1093870 1413.0
1093880 1421.1
1093890 1421.1
1093900 1429.2
1093910 1433.3
1093920 1437.7
1093930 1439.4
1093940 1441.2
1093950 1441.2
1093960 1441.4
1093970 1440.4
1093980 1440.4
1093990 1439.2
1094000 1438.1
1094010 1438.1
1094020 1434.7
1094030 1430.5
1094040 1430.5
1094050 1426.2
1094060 1421.3
1094070 1416.6
1094080 1416.6
1094090 1413.1
1094100 1413.7
1094110 1413.7
1094120 1413.1
1094130 1412.1
1094140 1412.1
1094150 1411.7
1094160 1410.9
1094170 1410.9
1094180 1409.5
1094190 1406.7
1094200 1406.7
1094210 1402.5
1094220 1398.2
1094230 1398.2
1094240 1394.0
1094250 1394.3
1094260 1394.3
1094270 1390.0
1094280 1385.7
1094290 1381.7
1094300 1381.7
1094310 1377.0
1094320 1371.0
1094330 1371.0
1094340 1363.2
1094350 1357.5
1094360 1357.5
1094370 1353.6
1094380 1349.5
1094390 1349.5
1094400 1345.5
1094410 1341.8
1094420 1341.8
1094430 1339.3
1094440 1336.9
1094450 1336.9
1094460 1333.5
1094470 1328.7
1094480 1328.7
1094490 1325.3
1094500 1322.3
1094510 1322.3
1094520 1318.3
1094530 1309.3
1094540 1297.1
1094550 1297.1
1094560 1288.7
1094570 1279.9
1094580 1279.9
1094590 1264.5
1094600 1251.5
1094610 1251.5
1094620 1238.5
1094630 1229.5
1094640 1229.5
1094650 1218.7
1094660 1209.6
1094670 1209.6
1094680 1199.0
1094690 1190.4
1094700 1190.4
1094710 1183.1
1094720 1176.7
1094730 1176.7
1094740 1172.1
1094750 1166.3
1094760 1166.3
1094770 1160.3
1094780 1154.8
1094790 1149.3
1094800 1149.3
1094810 1141.2
1094820 1132.0
1094830 1132.0
1094840 1115.4
1094850 1100.6
1094860 1100.6
1094870 1090.3
1094880 1080.7
1094890 1080.7
1094900 1075.5
1094910 1065.8
1094920 1065.8
1094930 1055.8
1094940 1043.6
1094950 1043.6
1094960 1033.5
1094970 1025.5
1094980 1025.5
1094990 1015.1
1095000 1003.2
1095010 986.8
1095020 986.8
1095030 972.5
1095040 962.8
1095050 962.8
1095060 952.2
1095070 936.2
1095080 936.2
1095090 918.5
1095100 905.0
1095110 905.0
1095120 895.4
1095130 884.8
1095140 884.8
1095150 874.8
1095160 855.3
1095170 855.3
1095180 844.7
1095190 834.1
1095200 834.1
1095210 824.1
1095220 803.7
1095230 807.3
1095240 797.8
1095250 789.4
1095260 769.9
1095270 769.9
1095280 768.0
1095290 758.5
1095300 758.5
1095310 739.2
1095320 716.5
1095330 716.5
1095340 699.2
1095350 689.8
1095360 689.8
1095370 679.0
1095380 672.3
1095390 672.3
1095400 663.8
1095410 646.7
1095420 646.7
1095430 639.8
1095440 634.2
1095450 634.2
1095460 627.9
1095470 623.8
1095480 618.0
1095490 618.0
1095500 616.9
1095510 619.9
1095520 619.9
1095530 618.3
1095540 615.6
1095550 618.6
1095560 617.8
1095570 616.2
1095580 616.2
1095590 614.7
1095600 613.2
1095610 613.2
1095620 611.6
1095630 609.4
1095640 609.4
1095650 607.9
1095660 605.7
1095670 605.7
1095680 604.0
1095690 602.2
1095700 602.2
1095710 600.3
1095720 598.7
1095730 596.8
1095740 596.8
1095750 595.1
1095760 594.0
1095770 594.0
1095780 592.7
1095790 591.8
1095800 591.8
1095810 590.5
1095820 588.7
1095830 588.7
1095840 587.1
1095850 586.1
1095860 586.1
1095870 585.5
1095880 585.8
1095890 585.8
1095900 585.5
1095910 585.2
1095920 585.2
1095930 585.1
1095940 585.1
1095950 585.1
1095960 585.2
1095970 585.1
1095980 585.1
1095990 585.1
1096000 585.2
1096010 585.4
1096020 585.4
1096030 585.5
1096040 585.7
1096050 585.7
1096060 585.9
1096070 586.0
1096080 586.0
1096090 586.2
1096100 586.3
1096110 586.3
1096120 586.4
1096130 586.6
1096140 586.6
1096150 586.7
1096160 586.9
1096170 586.9
1096180 587.1
1096190 587.1
1096200 587.1
1096210 587.1
1096220 587.2
1096230 587.4
1096240 587.4
1096250 587.5
1096260 587.7
1096270 587.7
1096280 587.9
1096290 588.1
1096300 588.1
1096310 588.3
1096320 588.3
1096330 588.3
1096340 588.5
1096350 588.7
1096360 588.7
1096370 588.8
1096380 588.8
1096390 588.8
1096400 588.9
1096410 589.0
1096420 589.0
1096430 589.1
1096440 589.1
1096450 589.2
1096460 589.2
1096470 589.4
1096480 590.0
1096490 590.0
1096500 591.8
1096510 593.5
1096520 593.5
1096530 601.2
1096540 601.9
1096550 601.9
1096560 602.2
1096570 602.5
1096580 602.5
1096590 603.3
1096600 603.7
1096610 603.7
1096620 603.7
1096630 604.6
1096640 604.6
1096650 605.6
1096660 606.6
1096670 607.7
1096680 607.7
1096690 608.0
1096700 608.4
1096710 608.4
1096720 609.8
1096730 611.3
1096740 611.3
1096750 612.1
1096760 614.6
1096770 614.6
1096780 617.6
1096790 620.1
1096800 620.1
1096810 622.9
1096820 626.3
1096830 626.3
1096840 629.9
1096850 633.3
1096860 638.6
1096870 641.1
1096880 642.9
1096890 642.9
1096900 643.5
1096910 642.8
1096920 641.0
1096930 641.0
1096940 639.6
1096950 638.4
1096960 638.4
1096970 638.0
1096980 636.7
1096990 636.7
1097000 636.0
1097010 636.7
1097020 636.7
1097030 635.6
1097040 632.2
1097050 632.2
1097060 628.1
1097070 625.1
1097080 625.1
1097090 622.4
1097100 618.7
1097110 618.7
1097120 613.8
1097130 611.7
1097140 611.7
1097150 609.8
1097160 602.2
1097170 591.7
1097180 591.7
1097190 595.0
1097200 590.9
1097210 590.9
1097220 589.2
1097230 589.8
1097240 589.8
1097250 590.2
1097260 590.2
1097270 590.2
1097280 590.1
1097290 590.2
1097300 590.2
1097310 590.5
1097320 590.0
1097330 590.0
1097340 586.9
1097350 586.4
1097360 586.4
1097370 589.5
1097380 591.5
1097390 592.0
1097400 592.0
1097410 591.5
1097420 591.2
1097430 591.2
1097440 591.1
1097450 591.1
1097460 591.1
1097470 590.8
1097480 590.9
1097490 590.9
1097500 591.1
1097510 591.5
1097520 591.5
1097530 591.4
1097540 591.2
1097550 591.2
1097560 590.7
1097570 590.7
1097580 590.7
1097590 591.6
1097600 595.0
1097610 595.0
1097620 601.2
1097630 607.0
1097640 613.4
1097650 613.4
1097660 620.1
1097670 626.7
1097680 626.7
1097690 633.0
1097700 639.1
1097710 639.1
1097720 645.1
1097730 650.9
1097740 650.9
1097750 656.4
1097760 662.2
1097770 662.2
1097780 668.4
1097790 674.9
1097800 674.9
1097810 680.7
1097820 685.6
1097830 685.6
1097840 685.3
1097850 690.0
1097860 695.1
1097870 695.1
1097880 700.8
1097890 718.0
1097900 718.0
1097910 744.7
1097920 778.9
1097930 778.9
1097940 788.6
1097950 799.6
1097960 799.6
1097970 809.9
1097980 814.6
1097990 814.6
1098000 816.2
1098010 819.6
1098020 819.6
1098030 823.9
1098040 828.9
1098050 828.9
1098060 834.2
1098070 840.9
1098080 840.9
1098090 845.8
1098100 851.1
1098110 858.1
1098120 858.1
1098130 865.0
1098140 873.5
1098150 873.5
1098160 880.9
1098170 887.4
1098180 887.4
1098190 894.3
1098200 902.9
1098210 902.9
1098220 910.4
1098230 915.1
1098240 915.1
1098250 919.0
1098260 926.1
1098270 926.1
1098280 933.3
1098290 938.5
1098300 938.5
1098310 945.6
1098320 956.1
1098330 963.4
1098340 963.4
1098350 973.2
1098360 984.2
1098370 984.2
1098380 987.7
1098390 994.5
1098400 994.5
1098410 1006.9
1098420 1014.3
1098430 1014.3
1098440 1022.7
1098450 1028.8
1098460 1028.8
1098470 1035.7
1098480 1040.0
1098490 1040.0
1098500 1039.7
1098510 1045.5
1098520 1045.5
1098530 1051.9
1098540 1056.5
1098550 1056.5
1098560 1061.0
1098570 1065.3
1098580 1069.7
1098590 1069.7
1098600 1073.7
1098610 1074.4
1098620 1074.4
1098630 1079.1
1098640 1087.1
1098650 1087.1
1098660 1095.8
1098670 1098.8
1098680 1098.8
1098690 1103.6
1098700 1110.6
1098710 1110.6
1098720 1114.9
1098730 1119.3
1098740 1119.3
1098750 1122.3
1098760 1123.4
1098770 1123.4
1098780 1123.9
1098790 1127.6
1098800 1127.6
1098810 1134.1
1098820 1139.5
1098830 1143.3
1098840 1143.3
1098850 1148.6
1098860 1154.9
1098870 1154.9
1098880 1162.1
1098890 1168.8
1098900 1168.8
1098910 1175.0
1098920 1181.4
1098930 1181.4
1098940 1188.7
1098950 1197.0
1098960 1197.0
1098970 1204.1
1098980 1211.5
1098990 1211.5
1099000 1219.9
1099010 1227.2
1099020 1227.2
1099030 1233.5
1099040 1240.3
1099050 1246.8
1099060 1246.8
1099070 1252.6
1099080 1258.4
1099090 1258.4
1099100 1267.0
1099110 1278.5
1099120 1278.5
1099130 1288.0
1099140 1296.5
1099150 1296.5
1099160 1294.8
1099170 1302.7
1099180 1302.7
1099190 1312.6
1099200 1322.5
1099210 1322.5
1099220 1330.7
1099230 1338.2
1099240 1338.2
1099250 1347.9
1099260 1361.2
1099270 1361.2
1099280 1377.5
1099290 1398.9
1099300 1418.9
1099310 1418.9
1099320 1431.4
1099330 1437.1
1099340 1437.1
1099350 1442.5
1099360 1448.2
1099370 1448.2
1099380 1453.1
1099390 1455.4
1099400 1455.4
1099410 1458.4
1099420 1472.7
1099430 1472.7
1099440 1482.9
1099450 1489.1
1099460 1489.1
1099470 1495.6
1099480 1499.5
1099490 1491.6
1099500 1493.1
1099510 1493.4
1099520 1495.0
1099530 1495.0
1099540 1497.5
1099550 1501.9
1099560 1501.9
1099570 1509.1
1099580 1522.0
1099590 1522.0
1099600 1535.0
1099610 1542.8
1099620 1542.8
1099630 1545.0
1099640 1547.8
1099650 1547.8
1099660 1551.4
1099670 1555.7
1099680 1555.7
1099690 1561.5
1099700 1567.1
1099710 1567.1
1099720 1571.5
1099730 1575.6
1099740 1575.6
1099750 1579.5
1099760 1583.4
1099770 1587.4
1099780 1587.4
1099790 1591.3
1099800 1595.6
1099810 1595.6
1099820 1588.6
1099830 1591.4
1099840 1591.4
1099850 1596.1
1099860 1600.7
1099870 1600.7
1099880 1605.6
1099890 1610.2
1099900 1610.2
1099910 1616.0
1099920 1620.7
1099930 1620.7
1099940 1625.1
1099950 1629.4
1099960 1629.4
1099970 1631.8
1099980 1635.6
1099990 1635.6
