1080000 1619.0
1080010 1618.9
1080020 1618.7
1080030 1618.7
1080040 1619.1
1080050 1622.4
1080060 1622.4
1080070 1625.9
1080080 1625.5
1080090 1625.5
1080100 1625.6
1080110 1626.3
1080120 1626.3
1080130 1627.8
1080140 1631.1
1080150 1631.1
1080160 1635.7
1080170 1640.3
1080180 1640.3
1080190 1644.5
1080200 1649.6
1080210 1654.9
1080220 1654.9
1080230 1661.1
1080240 1668.0
1080250 1668.4
1080260 1674.8
1080270 1682.0
1080280 1682.0
1080290 1688.9
1080300 1694.6
1080310 1694.6
1080320 1700.6
1080330 1706.6
1080340 1706.6
1080350 1713.1
1080360 1719.9
1080370 1719.9
1080380 1726.8
1080390 1733.9
1080400 1733.9
1080410 1741.3
1080420 1748.5
1080430 1748.5
1080440 1756.2
1080450 1764.5
1080460 1773.1
1080470 1773.1
1080480 1782.4
1080490 1792.6
1080500 1792.6
1080510 1806.6
1080520 1814.7
1080530 1814.7
1080540 1822.7
1080550 1831.0
1080560 1831.5
1080570 1839.3
1080580 1846.4
1080590 1846.4
1080600 1854.7
1080610 1862.3
1080620 1862.3
1080630 1866.7
1080640 1863.1
1080650 1863.1
1080660 1844.9
1080670 1828.4
1080680 1823.3
1080690 1823.3
1080700 1819.6
1080710 1816.6
1080720 1816.6
1080730 1815.3
1080740 1814.2
1080750 1814.2
1080760 1812.5
1080770 1812.0
1080780 1812.0
1080790 1811.6
1080800 1811.1
1080810 1811.1
1080820 1810.8
1080830 1810.0
1080840 1810.0
1080850 1811.9
1080860 1813.7
1080870 1813.7
1080880 1820.4
1080890 1822.9
1080900 1822.9
1080910 1825.3
1080920 1827.3
1080930 1830.5
1080940 1830.5
1080950 1833.2
1080960 1835.2
1080970 1835.2
1080980 1836.5
1080990 1837.9
1081000 1837.9
1081010 1839.3
1081020 1840.2
1081030 1840.2
1081040 1841.6
1081050 1845.2
1081060 1845.2
1081070 1850.5
1081080 1856.3
1081090 1856.3
1081100 1862.9
1081110 1869.8
1081120 1869.8
1081130 1876.7
1081140 1883.1
1081150 1883.1
1081160 1890.1
1081170 1896.9
1081180 1904.1
1081190 1904.8
1081200 1912.1
1081210 1920.7
1081220 1920.7
1081230 1928.7
1081240 1936.8
1081250 1936.8
1081260 1945.9
1081270 1954.6
1081280 1954.6
1081290 1963.0
1081300 1972.4
1081310 1972.4
1081320 1981.0
1081330 1991.0
1081340 1991.0
1081350 1999.1
1081360 1990.5
1081370 1990.5
1081380 1977.4
1081390 1962.6
1081400 1947.2
1081410 1947.2
1081420 1938.2
1081430 1932.0
1081440 1932.0
1081450 1925.3
1081460 1918.3
1081470 1918.3
1081480 1911.2
1081490 1903.8
1081500 1903.8
1081510 1894.8
1081520 1887.8
1081530 1887.8
1081540 1881.6
1081550 1875.8
1081560 1875.8
1081570 1870.7
1081580 1866.1
1081590 1866.1
1081600 1862.7
1081610 1859.8
1081620 1859.8
1081630 1855.6
1081640 1850.5
1081650 1845.3
1081660 1845.3
1081670 1841.1
1081680 1837.0
1081690 1837.0
1081700 1832.5
1081710 1827.6
1081720 1827.6
1081730 1822.8
1081740 1818.8
1081750 1818.8
1081760 1813.2
1081770 1804.4
1081780 1804.4
1081790 1795.2
1081800 1789.0
1081810 1789.0
1081820 1780.7
1081830 1777.3
1081840 1777.3
1081850 1773.6
1081860 1769.9
1081870 1769.9
1081880 1766.8
1081890 1764.0
1081900 1761.8
1081910 1761.8
1081920 1759.7
1081930 1757.5
1081940 1757.5
1081950 1755.7
1081960 1754.4
1081970 1754.4
1081980 1754.5
1081990 1754.4
1082000 1754.4
1082010 1753.3
1082020 1751.1
1082030 1751.1
1082040 1748.2
1082050 1745.2
1082060 1745.2
1082070 1741.5
1082080 1737.1
1082090 1737.1
1082100 1732.9
1082110 1729.3
1082120 1726.3
1082130 1726.3
1082140 1724.0
1082150 1722.0
1082160 1722.0
1082170 1720.2
1082180 1719.4
1082190 1719.4
1082200 1719.0
1082210 1718.6
1082220 1718.6
1082230 1718.2
1082240 1717.4
1082250 1717.4
1082260 1716.3
1082270 1715.1
1082280 1715.1
1082290 1713.9
1082300 1712.8
1082310 1712.8
1082320 1712.1
1082330 1711.4
1082340 1711.4
1082350 1710.4
1082360 1710.5
1082370 1709.6
1082380 1709.6
1082390 1708.0
1082400 1704.9
1082410 1704.9
1082420 1700.8
1082430 1696.1
1082440 1696.1
1082450 1689.4
1082460 1683.9
1082470 1683.9
1082480 1679.4
1082490 1676.1
1082500 1676.1
1082510 1672.7
1082520 1668.1
1082530 1668.1
1082540 1663.0
1082550 1658.8
1082560 1658.8
1082570 1655.0
1082580 1652.0
1082590 1652.0
1082600 1648.9
1082610 1645.9
1082620 1643.5
1082630 1643.5
1082640 1641.5
1082650 1639.2
1082660 1639.2
1082670 1636.9
1082680 1636.0
1082690 1636.0
1082700 1635.7
1082710 1635.5
1082720 1635.5
1082730 1635.0
1082740 1634.7
1082750 1634.7
1082760 1633.0
1082770 1632.9
1082780 1632.9
1082790 1631.3
1082800 1631.0
1082810 1631.0
1082820 1630.7
1082830 1629.5
1082840 1628.6
1082850 1628.6
1082860 1628.4
1082870 1628.7
1082880 1628.7
1082890 1628.9
1082900 1629.0
1082910 1629.0
1082920 1628.3
1082930 1626.7
1082940 1626.7
1082950 1626.8
1082960 1626.5
1082970 1626.5
1082980 1624.7
1082990 1624.4
1083000 1624.4
1083010 1625.7
1083020 1627.1
1083030 1627.1
1083040 1626.9
1083050 1627.0
1083060 1627.0
1083070 1629.8
1083080 1635.1
1083090 1636.6
1083100 1636.6
1083110 1637.5
1083120 1638.5
1083130 1638.5
1083140 1637.9
1083150 1636.2
1083160 1636.2
1083170 1634.7
1083180 1632.5
1083190 1632.5
1083200 1630.2
1083210 1629.6
1083220 1629.6
1083230 1630.7
1083240 1633.1
1083250 1633.1
1083260 1636.5
1083270 1639.8
1083280 1639.8
1083290 1643.2
1083300 1646.3
1083310 1646.3
1083320 1649.5
1083330 1652.4
1083340 1652.9
1083350 1652.9
1083360 1652.9
1083370 1652.4
1083380 1652.4
1083390 1653.0
1083400 1657.5
1083410 1657.5
1083420 1659.2
1083430 1661.7
1083440 1661.7
1083450 1665.1
1083460 1668.8
1083470 1668.8
1083480 1672.3
1083490 1676.3
1083500 1676.3
1083510 1680.3
1083520 1683.4
1083530 1683.4
1083540 1685.1
1083550 1683.9
1083560 1680.1
1083570 1680.1
1083580 1676.4
1083590 1672.0
1083600 1672.0
1083610 1671.8
1083620 1675.3
1083630 1675.3
1083640 1674.3
1083650 1667.2
1083660 1667.2
1083670 1667.9
1083680 1670.0
1083690 1670.0
1083700 1671.6
1083710 1674.6
1083720 1672.9
1083730 1675.1
1083740 1677.4
1083750 1677.4
1083760 1681.8
1083770 1685.2
1083780 1685.2
1083790 1688.1
1083800 1690.9
1083810 1694.1
1083820 1694.1
1083830 1697.4
1083840 1700.9
1083850 1700.9
1083860 1702.8
1083870 1697.9
1083880 1697.9
1083890 1694.7
1083900 1695.0
1083910 1695.0
1083920 1700.7
1083930 1705.5
1083940 1705.5
1083950 1711.6
1083960 1713.8
1083970 1713.8
1083980 1715.0
1083990 1719.5
1084000 1719.5
1084010 1724.8
1084020 1723.8
1084030 1729.1
1084040 1729.6
1084050 1733.0
1084060 1734.6
1084070 1734.6
1084080 1730.5
1084090 1736.2
1084100 1736.2
1084110 1737.7
1084120 1734.7
1084130 1734.7
1084140 1726.7
1084150 1718.8
1084160 1718.8
1084170 1718.5
1084180 1722.0
1084190 1722.0
1084200 1725.2
1084210 1726.5
1084220 1726.5
1084230 1726.8
1084240 1726.8
1084250 1726.8
1084260 1728.0
1084270 1731.1
1084280 1732.5
1084290 1732.5
1084300 1733.9
1084310 1734.2
1084320 1734.2
1084330 1734.3
1084340 1733.0
1084350 1729.4
1084360 1728.4
1084370 1727.7
1084380 1727.7
1084390 1726.0
1084400 1724.1
1084410 1724.1
1084420 1722.6
1084430 1725.6
1084440 1725.6
1084450 1729.7
1084460 1730.0
1084470 1730.0
1084480 1729.0
1084490 1727.7
1084500 1727.7
1084510 1726.9
1084520 1726.1
1084530 1725.4
1084540 1725.4
1084550 1723.6
1084560 1720.5
1084570 1720.5
1084580 1718.1
1084590 1717.1
1084600 1717.1
1084610 1716.9
1084620 1716.1
1084630 1716.1
1084640 1715.1
1084650 1713.9
1084660 1713.9
1084670 1706.8
1084680 1704.3
1084690 1704.3
1084700 1700.9
1084710 1696.2
1084720 1696.2
1084730 1691.1
1084740 1685.4
1084750 1685.4
1084760 1681.0
1084770 1677.9
1084780 1674.3
1084790 1674.3
1084800 1671.0
1084810 1667.8
1084820 1667.8
1084830 1664.2
1084840 1660.3
1084850 1660.3
1084860 1656.6
1084870 1652.4
1084880 1652.4
1084890 1648.6
1084900 1644.3
1084910 1644.3
1084920 1640.0
1084930 1635.6
1084940 1635.6
1084950 1630.9
1084960 1626.0
1084970 1626.0
1084980 1620.5
1084990 1613.6
1085000 1606.9
1085010 1606.9
1085020 1600.4
1085030 1594.0
1085040 1594.0
1085050 1588.1
1085060 1584.3
1085070 1584.3
1085080 1582.2
1085090 1579.4
1085100 1579.4
1085110 1576.8
1085120 1574.7
1085130 1574.7
1085140 1572.6
1085150 1570.2
1085160 1570.2
1085170 1567.2
1085180 1564.6
1085190 1564.6
1085200 1562.3
1085210 1560.7
1085220 1560.7
1085230 1558.8
1085240 1557.1
1085250 1554.9
1085260 1554.9
1085270 1552.4
1085280 1550.0
1085290 1550.0
1085300 1547.9
1085310 1544.6
1085320 1544.6
1085330 1541.7
1085340 1539.1
1085350 1539.1
1085360 1537.5
1085370 1536.3
1085380 1536.3
1085390 1535.0
1085400 1533.4
1085410 1533.4
1085420 1531.5
1085430 1529.3
1085440 1529.3
1085450 1526.2
1085460 1522.3
1085470 1522.3
1085480 1517.9
1085490 1513.2
1085500 1508.0
1085510 1508.0
1085520 1503.3
1085530 1499.1
1085540 1499.1
1085550 1494.1
1085560 1488.5
1085570 1488.5
1085580 1488.2
1085590 1491.5
1085600 1491.5
1085610 1494.7
1085620 1503.2
1085630 1503.2
1085640 1505.1
1085650 1505.6
1085660 1505.6
1085670 1504.3
1085680 1501.8
1085690 1501.8
1085700 1498.8
1085710 1495.1
1085720 1490.9
1085730 1490.9
1085740 1486.0
1085750 1481.5
1085760 1481.5
1085770 1477.3
1085780 1472.8
1085790 1472.8
1085800 1468.8
1085810 1464.5
1085820 1464.5
1085830 1460.3
1085840 1456.9
1085850 1456.9
1085860 1453.9
1085870 1450.9
1085880 1450.9
1085890 1448.6
1085900 1447.0
1085910 1447.0
1085920 1445.5
1085930 1443.9
1085940 1445.9
1085950 1444.4
1085960 1443.5
1085970 1442.8
1085980 1442.8
1085990 1440.8
1086000 1436.6
1086010 1436.6
1086020 1432.9
1086030 1430.6
1086040 1430.6
1086050 1429.4
1086060 1428.3
1086070 1428.3
1086080 1426.6
1086090 1425.1
1086100 1425.1
1086110 1422.2
1086120 1419.7
1086130 1419.7
1086140 1419.1
1086150 1418.5
1086160 1418.5
1086170 1418.6
1086180 1418.6
1086190 1418.6
1086200 1418.3
1086210 1417.5
1086220 1416.6
1086230 1416.6
1086240 1415.3
1086250 1413.1
1086260 1415.2
1086270 1412.1
1086280 1408.3
1086290 1408.3
1086300 1403.2
1086310 1398.1
1086320 1398.1
1086330 1394.3
1086340 1392.1
1086350 1392.1
1086360 1389.1
1086370 1385.8
1086380 1385.8
1086390 1383.8
1086400 1379.4
1086410 1379.4
1086420 1375.8
1086430 1372.0
1086440 1367.7
1086450 1367.7
1086460 1363.7
1086470 1361.1
1086480 1361.1
1086490 1358.6
1086500 1355.2
1086510 1355.2
1086520 1351.5
1086530 1348.5
1086540 1348.5
1086550 1346.2
1086560 1344.2
1086570 1344.2
1086580 1341.6
1086590 1339.9
1086600 1339.9
1086610 1337.9
1086620 1335.5
1086630 1335.5
1086640 1333.4
1086650 1331.4
1086660 1331.4
1086670 1329.6
1086680 1328.0
1086690 1326.3
1086700 1326.3
1086710 1323.0
1086720 1320.1
1086730 1320.1
1086740 1316.1
1086750 1309.7
1086760 1309.7
1086770 1303.1
1086780 1296.6
1086790 1296.6
1086800 1290.8
1086810 1283.8
1086820 1283.8
1086830 1276.0
1086840 1267.4
1086850 1267.4
1086860 1259.6
1086870 1253.5
1086880 1253.5
1086890 1245.6
1086900 1238.9
1086910 1238.9
1086920 1236.2
1086930 1235.4
1086940 1234.7
1086950 1234.7
1086960 1232.3
1086970 1228.1
1086980 1228.1
1086990 1224.5
1087000 1221.3
1087010 1221.3
1087020 1216.8
1087030 1212.0
1087040 1212.0
1087050 1207.9
1087060 1204.7
1087070 1204.7
1087080 1201.7
1087090 1199.3
1087100 1199.3
1087110 1197.0
1087120 1193.4
1087130 1193.4
1087140 1189.4
1087150 1183.5
1087160 1176.6
1087170 1176.6
1087180 1169.6
1087190 1164.4
1087200 1164.4
1087210 1163.1
1087220 1157.1
1087230 1157.1
1087240 1155.8
1087250 1153.9
1087260 1153.9
1087270 1155.1
1087280 1157.9
1087290 1157.9
1087300 1159.7
1087310 1159.6
1087320 1159.6
1087330 1157.9
1087340 1155.7
1087350 1155.7
1087360 1154.4
1087370 1155.9
1087380 1155.9
1087390 1160.2
1087400 1166.0
1087410 1166.9
1087420 1166.9
1087430 1165.8
1087440 1164.5
1087450 1164.5
1087460 1163.0
1087470 1161.8
1087480 1161.8
1087490 1159.2
1087500 1154.1
1087510 1154.1
1087520 1149.0
1087530 1142.5
1087540 1138.3
1087550 1131.9
1087560 1124.3
1087570 1124.3
1087580 1115.3
1087590 1106.7
1087600 1106.7
1087610 1098.0
1087620 1089.6
1087630 1081.5
1087640 1081.5
1087650 1074.4
1087660 1069.2
1087670 1069.2
1087680 1064.6
1087690 1060.0
1087700 1060.0
1087710 1055.4
1087720 1051.3
1087730 1051.3
1087740 1047.9
1087750 1043.5
1087760 1043.5
1087770 1039.3
1087780 1034.9
1087790 1034.9
1087800 1032.2
1087810 1030.2
1087820 1030.2
1087830 1028.3
1087840 1027.5
1087850 1027.5
1087860 1019.1
1087870 1018.1
1087880 1016.5
1087890 1016.5
1087900 1014.7
1087910 1013.1
1087920 1013.1
1087930 1011.3
1087940 1009.0
1087950 1009.0
1087960 1005.6
1087970 1002.3
1087980 1002.3
1087990 998.9
1088000 995.4
1088010 995.4
1088020 991.7
1088030 987.9
1088040 987.9
1088050 984.4
1088060 980.7
1088070 980.7
1088080 976.9
1088090 973.3
1088100 973.3
1088110 969.5
1088120 965.3
1088130 961.0
1088140 961.0
1088150 956.1
1088160 951.6
1088170 951.6
1088180 945.9
1088190 941.3
1088200 941.3
1088210 936.4
1088220 931.3
1088230 931.3
1088240 926.4
1088250 921.6
1088260 921.6
1088270 917.5
1088280 912.9
1088290 912.9
1088300 910.7
1088310 909.0
1088320 909.0
1088330 904.8
1088340 898.9
1088350 893.7
1088360 893.7
1088370 888.6
1088380 883.9
1088390 883.9
1088400 879.8
1088410 877.1
1088420 877.1
1088430 873.8
1088440 868.4
1088450 868.4
1088460 863.9
1088470 857.9
1088480 857.9
1088490 852.2
1088500 835.7
1088510 835.7
1088520 827.0
1088530 815.9
1088540 815.9
1088550 807.3
1088560 800.5
1088570 800.5
1088580 789.1
1088590 776.5
1088600 766.7
1088610 766.7
1088620 757.4
1088630 750.2
1088640 750.2
1088650 744.1
1088660 754.0
1088670 754.0
1088680 763.9
1088690 778.7
1088700 778.7
1088710 780.9
1088720 783.8
1088730 783.8
1088740 790.4
1088750 789.5
1088760 789.5
1088770 800.6
1088780 813.5
1088790 813.5
1088800 824.8
1088810 833.0
1088820 832.3
1088830 840.6
1088840 848.9
1088850 854.8
1088860 854.8
1088870 863.0
1088880 870.0
1088890 870.0
1088900 876.0
1088910 880.7
1088920 880.7
1088930 884.8
1088940 890.3
1088950 890.3
1088960 897.7
1088970 904.8
1088980 904.8
1088990 911.3
1089000 918.5
1089010 918.5
1089020 924.7
1089030 927.2
1089040 927.2
1089050 927.6
1089060 926.5
1089070 929.1
1089080 929.1
1089090 934.1
1089100 938.3
1089110 938.3
1089120 942.9
1089130 946.0
1089140 950.6
1089150 954.2
1089160 955.3
1089170 955.3
1089180 957.6
1089190 961.8
1089200 961.8
1089210 968.2
1089220 975.2
1089230 975.2
1089240 982.6
1089250 989.4
1089260 989.4
1089270 995.9
1089280 1003.1
1089290 1003.1
1089300 1013.2
1089310 1021.2
1089320 1027.4
1089330 1027.4
1089340 1038.1
1089350 1047.9
1089360 1047.9
1089370 1056.3
1089380 1067.4
1089390 1067.4
1089400 1077.8
1089410 1083.2
1089420 1083.2
1089430 1089.3
1089440 1095.6
1089450 1095.6
1089460 1103.5
1089470 1113.4
1089480 1113.4
1089490 1120.7
1089500 1127.3
1089510 1127.3
1089520 1133.6
1089530 1140.1
1089540 1140.1
1089550 1148.8
1089560 1155.9
1089570 1162.7
1089580 1162.7
1089590 1169.6
1089600 1176.5
1089610 1176.5
1089620 1183.5
1089630 1191.2
1089640 1191.2
1089650 1198.3
1089660 1205.3
1089670 1205.3
1089680 1213.3
1089690 1221.2
1089700 1221.2
1089710 1228.9
1089720 1236.5
1089730 1236.5
1089740 1244.0
1089750 1251.5
1089760 1251.5
1089770 1259.1
1089780 1266.4
1089790 1280.7
1089800 1280.7
1089810 1289.9
1089820 1297.8
1089830 1297.8
1089840 1306.3
1089850 1319.1
1089860 1319.1
1089870 1331.7
1089880 1340.9
1089890 1340.9
1089900 1353.4
1089910 1363.3
1089920 1363.3
1089930 1361.4
1089940 1352.1
1089950 1352.1
1089960 1363.9
1089970 1366.9
1089980 1366.9
1089990 1361.0
1090000 1355.4
1090010 1355.4
1090020 1348.7
1090030 1344.0
1090040 1339.7
1090050 1339.7
1090060 1336.4
1090070 1332.0
1090080 1332.0
1090090 1329.6
1090100 1328.3
1090110 1340.5
1090120 1341.7
1090130 1339.1
1090140 1339.1
1090150 1335.9
1090160 1334.4
1090170 1334.4
1090180 1332.1
1090190 1328.7
1090200 1328.7
1090210 1324.6
1090220 1319.3
1090230 1319.3
1090240 1313.1
1090250 1305.6
1090260 1305.6
1090270 1296.1
1090280 1285.7
1090290 1279.9
1090300 1279.9
1090310 1275.0
1090320 1277.2
1090330 1277.2
1090340 1278.3
1090350 1272.8
1090360 1272.8
1090370 1266.1
1090380 1259.2
1090390 1259.2
1090400 1250.9
1090410 1241.6
1090420 1241.6
1090430 1236.2
1090440 1225.7
1090450 1225.7
1090460 1215.4
1090470 1204.7
1090480 1204.7
1090490 1192.7
1090500 1182.3
1090510 1172.2
1090520 1172.2
1090530 1162.0
1090540 1154.4
1090550 1154.4
1090560 1148.7
1090570 1142.6
1090580 1142.6
1090590 1136.5
1090600 1130.0
1090610 1130.0
1090620 1124.4
1090630 1120.4
1090640 1120.4
1090650 1118.0
1090660 1114.3
1090670 1114.3
1090680 1108.5
1090690 1106.5
1090700 1106.5
1090710 1104.6
1090720 1101.1
1090730 1101.1
1090740 1099.6
1090750 1104.1
1090760 1100.5
1090770 1100.5
1090780 1092.8
1090790 1093.4
1090800 1093.4
1090810 1093.6
1090820 1092.2
1090830 1092.2
1090840 1090.9
1090850 1088.1
1090860 1088.1
1090870 1085.1
1090880 1082.6
1090890 1082.6
1090900 1080.0
1090910 1075.7
1090920 1075.7
1090930 1071.6
1090940 1067.1
1090950 1067.1
1090960 1063.1
1090970 1058.7
1090980 1058.7
1090990 1053.8
1091000 1048.1
1091010 1042.9
1091020 1042.9
1091030 1036.6
1091040 1030.9
1091050 1030.9
1091060 1025.3
1091070 1019.5
1091080 1022.5
1091090 1017.5
1091100 1013.2
1091110 1013.2
1091120 1008.1
1091130 1002.9
1091140 1002.9
1091150 998.3
1091160 995.8
1091170 995.8
1091180 994.7
1091190 993.0
1091200 993.0
1091210 990.6
1091220 986.8
1091230 983.0
1091240 983.0
1091250 980.1
1091260 976.3
1091270 976.3
1091280 971.8
1091290 967.7
1091300 967.7
1091310 962.6
1091320 959.7
1091330 959.7
1091340 956.4
1091350 952.6
1091360 952.6
1091370 949.7
1091380 947.6
1091390 947.6
1091400 947.9
1091410 945.9
1091420 945.9
1091430 943.9
1091440 941.0
1091450 941.0
1091460 936.7
1091470 930.9
1091480 925.1
1091490 925.1
1091500 921.5
1091510 918.5
1091520 918.5
1091530 916.8
1091540 915.6
1091550 915.6
1091560 912.7
1091570 910.4
1091580 910.4
1091590 909.6
1091600 908.5
1091610 908.5
1091620 907.2
1091630 906.6
1091640 906.6
1091650 903.0
1091660 897.8
1091670 897.8
1091680 894.3
1091690 893.2
1091700 892.0
1091710 892.0
1091720 888.6
1091730 886.3
1091740 886.3
1091750 886.4
1091760 886.9
1091770 886.9
1091780 886.8
1091790 885.3
1091800 885.3
1091810 882.6
1091820 879.8
1091830 879.8
1091840 877.3
1091850 874.6
1091860 874.6
1091870 865.1
1091880 851.7
1091890 851.7
1091900 842.8
1091910 839.5
1091920 839.5
1091930 839.4
1091940 837.1
1091950 834.1
1091960 834.1
1091970 834.1
1091980 835.2
1091990 835.2
1092000 836.0
1092010 831.5
1092020 831.5
1092030 833.2
1092040 835.1
1092050 842.5
1092060 843.2
1092070 840.0
1092080 840.0
1092090 839.7
1092100 843.8
1092110 843.8
1092120 846.4
1092130 849.4
1092140 849.4
1092150 857.1
1092160 863.6
1092170 863.6
1092180 869.8
1092190 877.1
1092200 883.8
1092210 883.8
1092220 882.2
1092230 876.4
1092240 876.4
1092250 873.3
1092260 872.3
1092270 872.3
1092280 872.2
1092290 873.5
1092300 873.5
1092310 874.5
1092320 874.5
1092330 874.5
1092340 874.7
1092350 873.7
1092360 873.7
1092370 878.1
1092380 877.9
1092390 877.9
1092400 878.5
1092410 878.2
1092420 876.5
1092430 876.5
1092440 874.9
1092450 872.8
1092460 872.8
1092470 871.8
1092480 871.1
1092490 871.1
1092500 872.8
1092510 873.7
1092520 873.7
1092530 875.7
1092540 877.5
1092550 877.5
1092560 877.1
1092570 874.3
1092580 874.3
1092590 862.8
1092600 852.0
1092610 852.0
1092620 863.0
1092630 871.1
1092640 871.1
1092650 872.1
1092660 874.3
1092670 878.0
1092680 878.0
1092690 889.0
1092700 891.2
1092710 891.2
1092720 892.8
1092730 896.7
1092740 896.7
1092750 901.1
1092760 904.4
1092770 904.4
1092780 908.4
1092790 912.9
1092800 912.9
1092810 916.8
1092820 917.7
1092830 917.7
1092840 919.9
1092850 925.1
1092860 925.1
1092870 928.9
1092880 931.5
1092890 931.5
1092900 936.8
1092910 941.5
1092920 942.2
1092930 942.2
1092940 944.3
1092950 949.2
1092960 949.2
1092970 952.1
1092980 952.5
1092990 952.5
1093000 952.3
1093010 953.6
1093020 960.0
1093030 960.3
1093040 963.4
1093050 963.4
1093060 968.0
1093070 969.4
1093080 969.4
1093090 962.0
1093100 956.6
1093110 956.6
1093120 960.0
1093130 959.5
1093140 958.7
1093150 958.7
1093160 958.1
1093170 957.3
1093180 957.3
1093190 964.1
1093200 971.4
1093210 971.4
1093220 979.7
1093230 991.0
1093240 991.0
1093250 999.4
1093260 1003.0
1093270 1003.0
1093280 1006.3
1093290 1008.1
1093300 1008.1
1093310 1010.8
1093320 1012.4
1093330 1012.4
1093340 1014.5
1093350 1014.1
1093360 1014.1
1093370 1016.1
1093380 1018.6
1093390 1022.6
1093400 1022.6
1093410 1026.2
1093420 1030.2
1093430 1030.2
1093440 1033.2
1093450 1035.1
1093460 1035.1
1093470 1032.1
1093480 1029.8
1093490 1029.8
1093500 1025.1
1093510 1027.0
1093520 1027.0
1093530 1036.1
1093540 1044.7
1093550 1044.7
1093560 1047.2
1093570 1048.3
1093580 1048.3
1093590 1046.7
1093600 1044.1
1093610 1044.1
1093620 1038.3
1093630 1033.3
1093640 1034.2
1093650 1034.2
1093660 1036.7
1093670 1046.4
1093680 1046.4
1093690 1044.8
1093700 1038.1
1093710 1038.1
1093720 1008.4
1093730 990.0
1093740 990.0
1093750 976.8
1093760 965.4
1093770 965.4
1093780 960.6
1093790 963.8
1093800 963.8
1093810 974.3
1093820 984.9
1093830 984.9
1093840 995.7
1093850 1003.3
1093860 1007.6
1093870 1007.6
1093880 1011.3
1093890 1015.2
1093900 1015.2
1093910 1017.7
1093920 1018.0
1093930 1018.0
1093940 1018.9
1093950 1021.0
1093960 1021.0
1093970 1021.7
1093980 1020.9
1093990 1029.5
1094000 1028.5
1094010 1028.3
1094020 1028.3
1094030 1026.3
1094040 1021.0
1094050 1021.0
1094060 1014.1
1094070 1008.1
1094080 1008.1
1094090 1002.7
1094100 994.6
1094110 988.5
1094120 988.5
1094130 985.0
1094140 981.9
1094150 981.9
1094160 978.2
1094170 966.5
1094180 966.5
1094190 957.4
1094200 949.6
1094210 949.6
1094220 944.9
1094230 941.7
1094240 941.7
1094250 936.3
1094260 929.6
1094270 929.6
1094280 923.1
1094290 911.7
1094300 911.7
1094310 907.1
1094320 908.5
1094330 908.5
1094340 902.0
1094350 894.5
1094360 882.3
1094370 882.3
1094380 863.1
1094390 859.6
1094400 859.6
1094410 860.6
1094420 856.3
1094430 856.3
1094440 847.8
1094450 841.4
1094460 841.4
1094470 837.8
1094480 832.7
1094490 832.7
1094500 820.2
1094510 817.4
1094520 817.4
1094530 813.3
1094540 808.6
1094550 808.6
1094560 804.4
1094570 800.3
1094580 794.6
1094590 794.6
1094600 792.6
1094610 790.1
1094620 790.1
1094630 787.3
1094640 791.7
1094650 791.7
1094660 789.9
1094670 788.2
1094680 788.2
1094690 785.5
1094700 781.9
1094710 781.9
1094720 778.1
1094730 777.5
1094740 777.5
1094750 775.3
1094760 771.2
1094770 771.2
1094780 771.5
1094790 773.2
1094800 773.2
1094810 773.8
1094820 771.1
1094830 766.7
1094840 766.7
1094850 762.8
1094860 756.0
1094870 756.0
1094880 749.4
1094890 745.1
1094900 745.1
1094910 741.6
1094920 739.2
1094930 739.2
1094940 734.1
1094950 726.4
1094960 726.4
1094970 722.1
1094980 714.9
1094990 714.9
1095000 708.2
1095010 705.2
1095020 705.2
1095030 703.9
1095040 698.5
1095050 691.3
1095060 691.3
1095070 683.0
1095080 675.6
1095090 675.6
1095100 653.5
1095110 632.0
1095120 632.0
1095130 623.8
1095140 612.9
1095150 612.9
1095160 604.4
1095170 599.0
1095180 599.0
1095190 592.6
1095200 586.5
1095210 586.5
1095220 579.9
1095230 577.4
1095240 577.4
1095250 576.5
1095260 577.1
1095270 577.1
1095280 577.1
1095290 577.3
1095300 577.4
1095310 577.4
1095320 577.2
1095330 577.2
1095340 577.2
1095350 577.0
1095360 576.9
1095370 576.9
1095380 577.0
1095390 577.2
1095400 577.2
1095410 577.2
1095420 577.3
1095430 577.3
1095440 577.6
1095450 578.7
1095460 578.7
1095470 579.3
1095480 579.2
1095490 579.2
1095500 579.2
1095510 579.3
1095520 579.3
1095530 579.5
1095540 579.5
1095550 579.4
1095560 579.4
1095570 579.6
1095580 580.2
1095590 580.2
1095600 581.6
1095610 583.1
1095620 582.5
1095630 581.8
1095640 582.0
1095650 582.0
1095660 580.7
1095670 580.0
1095680 580.0
1095690 580.2
1095700 580.1
1095710 580.1
1095720 580.2
1095730 580.2
1095740 580.2
1095750 580.1
1095760 580.0
1095770 580.1
1095780 580.1
1095790 580.3
1095800 580.6
1095810 580.6
1095820 581.5
1095830 583.2
1095840 583.2
1095850 583.3
1095860 582.5
1095870 582.5
1095880 581.5
1095890 581.0
1095900 581.0
1095910 581.1
1095920 581.1
1095930 581.1
1095940 581.2
1095950 581.4
1095960 581.4
1095970 581.4
1095980 581.4
1095990 581.4
1096000 581.6
1096010 581.7
1096020 582.2
1096030 582.2
1096040 582.7
1096050 582.7
1096060 582.7
1096070 582.9
1096080 582.9
1096090 582.9
1096100 583.1
1096110 583.1
1096120 583.1
1096130 583.1
1096140 583.2
1096150 583.2
1096160 583.5
1096170 583.3
1096180 583.3
1096190 583.0
1096200 582.9
1096210 582.9
1096220 583.0
1096230 583.1
1096240 583.1
1096250 581.9
1096260 580.5
1096270 581.3
1096280 581.3
1096290 580.6
1096300 580.7
1096310 580.7
1096320 581.3
1096330 582.4
1096340 582.4
1096350 584.5
1096360 587.1
1096370 587.1
1096380 591.8
1096390 595.5
1096400 595.5
1096410 598.4
1096420 598.9
1096430 598.9
1096440 597.0
1096450 596.6
1096460 596.6
1096470 598.6
1096480 601.1
1096490 605.0
1096500 605.0
1096510 608.3
1096520 612.2
1096530 612.2
1096540 619.5
1096550 623.9
1096560 623.9
1096570 625.4
1096580 628.2
1096590 628.2
1096600 622.5
1096610 626.1
1096620 626.1
1096630 629.7
1096640 633.3
1096650 633.3
1096660 636.9
1096670 641.2
1096680 641.2
1096690 645.0
1096700 648.6
1096710 648.6
1096720 652.1
1096730 655.3
1096740 658.5
1096750 658.5
1096760 661.9
1096770 665.7
1096780 665.7
1096790 669.7
1096800 673.7
1096810 673.7
1096820 677.4
1096830 680.9
1096840 680.9
1096850 684.4
1096860 688.5
1096870 688.5
1096880 698.3
1096890 713.3
1096900 713.3
1096910 737.1
1096920 752.5
1096930 738.8
1096940 733.0
1096950 730.9
1096960 730.9
1096970 737.8
1096980 747.9
1096990 759.0
1097000 759.0
1097010 767.3
1097020 772.0
1097030 772.0
1097040 776.2
1097050 783.5
1097060 783.5
1097070 790.3
1097080 799.8
1097090 799.8
1097100 810.6
1097110 814.6
1097120 814.6
1097130 816.8
1097140 820.7
1097150 820.7
1097160 823.8
1097170 821.1
1097180 821.1
1097190 816.3
1097200 819.5
1097210 825.3
1097220 825.3
1097230 830.0
1097240 832.4
1097250 829.9
1097260 832.5
1097270 833.1
1097280 833.1
1097290 834.5
1097300 836.8
1097310 836.8
1097320 838.4
1097330 841.8
1097340 841.8
1097350 846.9
1097360 852.5
1097370 852.5
1097380 856.6
1097390 859.0
1097400 859.0
1097410 860.0
1097420 863.5
1097430 863.5
1097440 868.4
1097450 874.6
1097460 884.1
1097470 884.1
1097480 893.2
1097490 900.9
1097500 900.9
1097510 907.8
1097520 913.3
1097530 913.3
1097540 918.7
1097550 925.6
1097560 925.6
1097570 931.5
1097580 930.8
1097590 930.8
1097600 935.0
1097610 939.4
1097620 939.4
1097630 944.1
1097640 951.6
1097650 951.6
1097660 958.6
1097670 965.8
1097680 972.8
1097690 972.8
1097700 980.2
1097710 987.7
1097720 987.7
1097730 994.0
1097740 1002.3
1097750 1002.3
1097760 1006.9
1097770 1014.4
1097780 1014.4
1097790 1024.5
1097800 1028.7
1097810 1028.7
1097820 1033.5
1097830 1039.6
1097840 1039.6
1097850 1046.0
1097860 1051.2
1097870 1051.2
1097880 1054.8
1097890 1056.6
1097900 1056.6
1097910 1054.5
1097920 1054.3
1097930 1057.3
1097940 1057.3
1097950 1060.8
1097960 1065.1
1097970 1065.1
1097980 1069.2
1097990 1076.5
1098000 1076.5
1098010 1083.9
1098020 1086.9
1098030 1086.9
1098040 1087.5
1098050 1088.7
1098060 1088.7
1098070 1092.3
1098080 1096.8
1098090 1096.8
1098100 1101.7
1098110 1106.2
1098120 1106.2
1098130 1110.9
1098140 1113.0
1098150 1113.0
1098160 1114.7
1098170 1114.6
1098180 1113.1
1098190 1113.1
1098200 1112.3
1098210 1111.2
1098220 1111.2
1098230 1109.2
1098240 1110.2
1098250 1110.2
1098260 1108.3
1098270 1106.6
1098280 1106.6
1098290 1101.7
1098300 1096.0
1098310 1096.0
1098320 1096.0
1098330 1097.5
1098340 1097.5
1098350 1100.8
1098360 1104.8
1098370 1104.8
1098380 1108.6
1098390 1112.6
1098400 1115.8
1098410 1115.8
1098420 1119.8
1098430 1125.7
1098440 1125.7
1098450 1131.5
1098460 1137.6
1098470 1137.6
1098480 1143.6
1098490 1150.2
1098500 1150.2
1098510 1157.6
1098520 1164.3
1098530 1164.3
1098540 1170.4
1098550 1173.3
1098560 1173.3
1098570 1172.5
1098580 1172.9
1098590 1172.9
1098600 1176.2
1098610 1180.8
1098620 1180.8
1098630 1185.1
1098640 1189.0
1098650 1193.3
1098660 1193.3
1098670 1197.3
1098680 1201.9
1098690 1201.9
1098700 1206.2
1098710 1210.4
1098720 1210.4
1098730 1214.7
1098740 1218.7
1098750 1218.7
1098760 1222.3
1098770 1224.8
1098780 1224.8
1098790 1227.7
1098800 1230.6
1098810 1230.6
1098820 1233.5
1098830 1235.8
1098840 1235.8
1098850 1237.2
1098860 1237.6
1098870 1237.6
1098880 1240.4
1098890 1244.7
1098900 1252.8
1098910 1252.8
1098920 1258.1
1098930 1263.0
1098940 1263.0
1098950 1267.2
1098960 1271.7
1098970 1271.7
1098980 1276.5
1098990 1281.8
1099000 1281.8
1099010 1287.5
1099020 1294.5
1099030 1294.5
1099040 1301.8
1099050 1311.9
1099060 1311.9
1099070 1318.8
1099080 1324.0
1099090 1324.0
1099100 1324.0
1099110 1322.1
1099120 1326.8
1099130 1326.8
1099140 1333.3
1099150 1342.7
1099160 1342.7
1099170 1353.2
1099180 1362.8
1099190 1362.8
1099200 1370.8
1099210 1376.4
1099220 1376.4
1099230 1387.0
1099240 1391.7
1099250 1391.7
1099260 1390.5
1099270 1380.9
1099280 1380.9
1099290 1371.3
1099300 1363.0
1099310 1363.0
1099320 1362.0
1099330 1368.2
1099340 1368.2
1099350 1371.0
1099360 1368.6
1099370 1358.6
1099380 1358.6
1099390 1347.6
1099400 1347.8
1099410 1347.8
1099420 1338.3
1099430 1335.2
1099440 1335.2
1099450 1344.0
1099460 1340.8
1099470 1340.8
1099480 1336.5
1099490 1332.5
1099500 1332.5
1099510 1332.0
1099520 1331.1
1099530 1331.1
1099540 1324.6
1099550 1321.3
1099560 1334.7
1099570 1331.9
1099580 1330.8
1099590 1332.2
1099600 1332.2
1099610 1334.3
1099620 1337.5
1099630 1337.5
1099640 1344.4
1099650 1351.1
1099660 1351.1
1099670 1357.9
1099680 1362.0
1099690 1362.0
1099700 1363.1
1099710 1363.5
1099720 1363.5
1099730 1361.7
1099740 1359.0
1099750 1359.0
1099760 1356.4
1099770 1352.8
1099780 1352.8
1099790 1356.5
1099800 1364.0
1099810 1364.0
1099820 1370.4
1099830 1370.7
1099840 1370.4
1099850 1370.4
1099860 1373.7
1099870 1373.8
1099880 1373.8
1099890 1383.3
1099900 1379.9
1099910 1379.9
1099920 1373.8
1099930 1372.1
1099940 1372.1
1099950 1373.1
1099960 1368.6
1099970 1368.6
1099980 1366.8
1099990 1362.3
