1080000 1578.8
1080010 1584.4
1080020 1590.4
1080030 1590.4
1080040 1596.0
1080050 1602.2
1080060 1602.2
1080070 1608.6
1080080 1615.4
1080090 1615.4
1080100 1622.2
1080110 1628.9
1080120 1628.9
1080130 1635.6
1080140 1642.6
1080150 1641.0
1080160 1647.9
1080170 1656.7
1080180 1656.7
1080190 1663.9
1080200 1672.5
1080210 1672.5
1080220 1682.5
1080230 1691.5
1080240 1691.5
1080250 1700.4
1080260 1712.0
1080270 1724.1
1080280 1724.1
1080290 1732.7
1080300 1744.0
1080310 1744.0
1080320 1755.4
1080330 1763.5
1080340 1763.5
1080350 1770.3
1080360 1774.5
1080370 1774.5
1080380 1781.7
1080390 1790.9
1080400 1790.9
1080410 1801.1
1080420 1806.6
1080430 1806.6
1080440 1795.0
1080450 1781.6
1080460 1793.7
1080470 1779.0
1080480 1771.9
1080490 1771.9
1080500 1767.4
1080510 1762.8
1080520 1758.8
1080530 1758.8
1080540 1756.9
1080550 1756.4
1080560 1756.4
1080570 1755.3
1080580 1756.5
1080590 1756.5
1080600 1758.1
1080610 1760.1
1080620 1760.1
1080630 1761.0
1080640 1762.1
1080650 1762.1
1080660 1764.4
1080670 1767.1
1080680 1767.1
1080690 1770.7
1080700 1774.1
1080710 1774.1
1080720 1776.0
1080730 1775.8
1080740 1774.1
1080750 1774.1
1080760 1771.7
1080770 1774.9
1080780 1774.9
1080790 1771.3
1080800 1768.1
1080810 1768.1
1080820 1770.9
1080830 1773.1
1080840 1773.1
1080850 1774.5
1080860 1775.6
1080870 1775.6
1080880 1777.8
1080890 1779.1
1080900 1779.1
1080910 1779.7
1080920 1782.1
1080930 1782.1
1080940 1782.7
1080950 1783.9
1080960 1783.9
1080970 1787.6
1080980 1790.6
1080990 1792.2
1081000 1792.2
1081010 1796.9
1081020 1803.1
1081030 1803.1
1081040 1809.4
1081050 1816.5
1081060 1816.5
1081070 1823.3
1081080 1829.8
1081090 1831.5
1081100 1838.5
1081110 1844.8
1081120 1844.8
1081130 1851.8
1081140 1866.2
1081150 1866.2
1081160 1877.9
1081170 1889.4
1081180 1889.4
1081190 1895.6
1081200 1903.4
1081210 1903.4
1081220 1906.7
1081230 1909.6
1081240 1910.5
1081250 1910.5
1081260 1915.9
1081270 1922.6
1081280 1922.6
1081290 1926.3
1081300 1912.7
1081310 1912.7
1081320 1899.2
1081330 1903.6
1081340 1903.6
1081350 1910.5
1081360 1904.7
1081370 1904.7
1081380 1898.0
1081390 1888.6
1081400 1898.2
1081410 1888.7
1081420 1888.5
1081430 1888.5
1081440 1892.0
1081450 1898.9
1081460 1901.0
1081470 1901.0
1081480 1901.3
1081490 1905.7
1081500 1905.7
1081510 1909.3
1081520 1913.9
1081530 1913.9
1081540 1918.6
1081550 1923.8
1081560 1923.8
1081570 1929.1
1081580 1936.7
1081590 1936.7
1081600 1947.0
1081610 1962.8
1081620 1962.8
1081630 1970.2
1081640 1975.3
1081650 1975.3
1081660 1979.2
1081670 1977.9
1081680 1977.9
1081690 1977.8
1081700 1973.4
1081710 1966.2
1081720 1964.7
1081730 1955.6
1081740 1944.9
1081750 1944.9
1081760 1944.9
1081770 1942.0
1081780 1942.0
1081790 1934.4
1081800 1924.7
1081810 1924.7
1081820 1915.2
1081830 1907.5
1081840 1907.5
1081850 1900.8
1081860 1895.5
1081870 1895.5
1081880 1891.5
1081890 1890.5
1081900 1890.5
1081910 1892.1
1081920 1892.1
1081930 1892.1
1081940 1888.4
1081950 1877.3
1081960 1870.5
1081970 1870.5
1081980 1870.1
1081990 1860.4
1082000 1860.4
1082010 1851.9
1082020 1843.1
1082030 1836.7
1082040 1830.7
1082050 1825.9
1082060 1825.9
1082070 1820.2
1082080 1814.9
1082090 1814.9
1082100 1810.3
1082110 1804.9
1082120 1804.9
1082130 1798.5
1082140 1794.5
1082150 1794.5
1082160 1787.9
1082170 1781.3
1082180 1775.1
1082190 1775.1
1082200 1770.1
1082210 1764.7
1082220 1764.7
1082230 1759.5
1082240 1755.5
1082250 1755.5
1082260 1752.1
1082270 1748.5
1082280 1748.5
1082290 1744.3
1082300 1739.0
1082310 1739.0
1082320 1734.8
1082330 1731.4
1082340 1731.4
1082350 1722.5
1082360 1717.5
1082370 1717.5
1082380 1712.5
1082390 1707.4
1082400 1707.4
1082410 1703.8
1082420 1700.8
1082430 1697.6
1082440 1697.6
1082450 1693.9
1082460 1691.5
1082470 1691.5
1082480 1689.3
1082490 1687.3
1082500 1687.3
1082510 1683.8
1082520 1679.3
1082530 1679.3
1082540 1674.4
1082550 1669.0
1082560 1669.0
1082570 1664.8
1082580 1661.3
1082590 1661.3
1082600 1658.1
1082610 1654.9
1082620 1654.9
1082630 1651.8
1082640 1649.1
1082650 1649.1
1082660 1647.2
1082670 1642.1
1082680 1640.2
1082690 1640.2
1082700 1637.9
1082710 1636.4
1082720 1636.4
1082730 1634.4
1082740 1633.1
1082750 1633.1
1082760 1632.5
1082770 1632.4
1082780 1632.4
1082790 1632.1
1082800 1628.9
1082810 1628.9
1082820 1625.2
1082830 1622.1
1082840 1622.1
1082850 1624.5
1082860 1626.9
1082870 1626.9
1082880 1627.0
1082890 1626.3
1082900 1625.5
1082910 1625.5
1082920 1624.4
1082930 1622.7
1082940 1622.7
1082950 1621.3
1082960 1619.9
1082970 1619.9
1082980 1618.9
1082990 1617.4
1083000 1617.4
1083010 1616.1
1083020 1616.1
1083030 1616.1
1083040 1614.1
1083050 1613.4
1083060 1613.4
1083070 1613.7
1083080 1612.2
1083090 1612.2
1083100 1608.8
1083110 1605.0
1083120 1605.0
1083130 1600.1
1083140 1595.9
1083150 1595.5
1083160 1595.5
1083170 1597.0
1083180 1597.1
1083190 1597.1
1083200 1597.1
1083210 1597.2
1083220 1597.2
1083230 1596.3
1083240 1595.3
1083250 1595.3
1083260 1592.7
1083270 1589.7
1083280 1589.7
1083290 1589.4
1083300 1590.0
1083310 1590.0
1083320 1589.1
1083330 1590.3
1083340 1590.3
1083350 1590.8
1083360 1590.6
1083370 1590.6
1083380 1592.4
1083390 1593.8
1083400 1594.8
1083410 1594.8
1083420 1595.3
1083430 1596.6
1083440 1596.6
1083450 1599.0
1083460 1602.2
1083470 1602.2
1083480 1604.9
1083490 1607.6
1083500 1607.6
1083510 1610.3
1083520 1613.2
1083530 1613.2
1083540 1615.5
1083550 1618.3
1083560 1618.3
1083570 1620.5
1083580 1623.0
1083590 1623.0
1083600 1625.2
1083610 1628.2
1083620 1628.3
1083630 1628.3
1083640 1628.2
1083650 1627.8
1083660 1627.8
1083670 1628.1
1083680 1628.9
1083690 1628.9
1083700 1629.0
1083710 1630.1
1083720 1630.1
1083730 1632.0
1083740 1634.7
1083750 1634.7
1083760 1638.8
1083770 1643.6
1083780 1643.6
1083790 1648.1
1083800 1652.9
1083810 1652.9
1083820 1657.9
1083830 1662.2
1083840 1662.2
1083850 1665.7
1083860 1667.0
1083870 1667.1
1083880 1667.1
1083890 1667.7
1083900 1669.8
1083910 1669.8
1083920 1672.1
1083930 1676.3
1083940 1676.3
1083950 1680.0
1083960 1683.3
1083970 1683.3
1083980 1686.0
1083990 1688.1
1084000 1688.1
1084010 1688.7
1084020 1687.9
1084030 1687.9
1084040 1684.4
1084050 1681.9
1084060 1681.9
1084070 1685.3
1084080 1690.2
1084090 1690.2
1084100 1694.2
1084110 1698.9
1084120 1705.0
1084130 1705.0
1084140 1709.1
1084150 1711.4
1084160 1711.4
1084170 1715.8
1084180 1721.5
1084190 1721.5
1084200 1727.7
1084210 1733.7
1084220 1733.7
1084230 1739.6
1084240 1745.5
1084250 1747.0
1084260 1752.6
1084270 1758.6
1084280 1758.6
1084290 1764.7
1084300 1769.5
1084310 1769.5
1084320 1775.3
1084330 1780.8
1084340 1785.8
1084350 1785.8
1084360 1789.9
1084370 1794.0
1084380 1794.0
1084390 1797.5
1084400 1801.3
1084410 1801.3
1084420 1805.1
1084430 1806.9
1084440 1806.9
1084450 1807.8
1084460 1808.2
1084470 1808.2
1084480 1807.9
1084490 1808.1
1084500 1808.1
1084510 1808.2
1084520 1806.4
1084530 1806.4
1084540 1803.1
1084550 1797.1
1084560 1797.1
1084570 1789.9
1084580 1781.9
1084590 1774.0
1084600 1774.0
1084610 1766.4
1084620 1759.3
1084630 1759.3
1084640 1752.2
1084650 1744.9
1084660 1744.9
1084670 1738.5
1084680 1731.6
1084690 1731.6
1084700 1725.0
1084710 1718.7
1084720 1718.7
1084730 1712.6
1084740 1706.8
1084750 1706.8
1084760 1701.4
1084770 1696.0
1084780 1696.0
1084790 1691.1
1084800 1686.1
1084810 1686.1
1084820 1681.0
1084830 1675.6
1084840 1670.2
1084850 1670.2
1084860 1663.9
1084870 1658.7
1084880 1656.9
1084890 1651.9
1084900 1647.6
1084910 1647.6
1084920 1642.2
1084930 1636.5
1084940 1636.5
1084950 1630.7
1084960 1625.1
1084970 1625.1
1084980 1619.5
1084990 1613.8
1085000 1613.8
1085010 1608.1
1085020 1602.6
1085030 1602.6
1085040 1597.6
1085050 1592.6
1085060 1587.9
1085070 1587.9
1085080 1583.9
1085090 1581.0
1085100 1581.0
1085110 1578.3
1085120 1574.8
1085130 1574.8
1085140 1571.5
1085150 1568.2
1085160 1568.2
1085170 1565.1
1085180 1561.9
1085190 1561.9
1085200 1558.0
1085210 1555.9
1085220 1555.9
1085230 1554.0
1085240 1551.0
1085250 1551.0
1085260 1546.8
1085270 1542.3
1085280 1542.3
1085290 1538.9
1085300 1536.2
1085310 1534.6
1085320 1534.6
1085330 1532.6
1085340 1530.8
1085350 1530.8
1085360 1529.4
1085370 1527.5
1085380 1527.5
1085390 1525.1
1085400 1522.3
1085410 1522.3
1085420 1519.6
1085430 1517.1
1085440 1517.1
1085450 1514.5
1085460 1511.4
1085470 1511.4
1085480 1508.4
1085490 1505.4
1085500 1505.4
1085510 1502.6
1085520 1499.9
1085530 1499.9
1085540 1496.7
1085550 1492.5
1085560 1487.1
1085570 1487.1
1085580 1481.5
1085590 1476.4
1085600 1476.4
1085610 1473.1
1085620 1470.7
1085630 1470.7
1085640 1467.6
1085650 1465.1
1085660 1465.1
1085670 1462.0
1085680 1456.9
1085690 1456.9
1085700 1451.2
1085710 1445.8
1085720 1445.8
1085730 1442.2
1085740 1439.0
1085750 1439.0
1085760 1435.4
1085770 1432.3
1085780 1429.3
1085790 1429.3
1085800 1426.7
1085810 1424.2
1085820 1424.2
1085830 1420.8
1085840 1413.4
1085850 1413.4
1085860 1412.9
1085870 1413.9
1085880 1413.9
1085890 1415.4
1085900 1413.9
1085910 1413.9
1085920 1413.3
1085930 1409.7
1085940 1409.7
1085950 1398.5
1085960 1391.5
1085970 1391.5
1085980 1394.3
1085990 1393.2
1086000 1393.2
1086010 1393.9
1086020 1396.2
1086030 1389.5
1086040 1389.5
1086050 1394.1
1086060 1404.3
1086070 1404.3
1086080 1404.4
1086090 1401.3
1086100 1401.3
1086110 1403.4
1086120 1403.5
1086130 1403.5
1086140 1400.0
1086150 1392.1
1086160 1393.9
1086170 1383.9
1086180 1381.9
1086190 1381.9
1086200 1379.6
1086210 1374.7
1086220 1374.7
1086230 1364.2
1086240 1360.7
1086250 1360.7
1086260 1362.6
1086270 1358.7
1086280 1349.8
1086290 1349.8
1086300 1339.3
1086310 1327.3
1086320 1327.3
1086330 1318.1
1086340 1312.5
1086350 1312.5
1086360 1302.1
1086370 1293.7
1086380 1293.7
1086390 1290.5
1086400 1288.0
1086410 1288.0
1086420 1287.5
1086430 1286.2
1086440 1286.2
1086450 1281.8
1086460 1279.3
1086470 1279.3
1086480 1284.7
1086490 1277.8
1086500 1274.8
1086510 1274.8
1086520 1275.0
1086530 1271.4
1086540 1271.4
1086550 1262.7
1086560 1257.9
1086570 1257.9
1086580 1257.8
1086590 1254.8
1086600 1254.8
1086610 1251.9
1086620 1253.1
1086630 1253.1
1086640 1254.9
1086650 1256.2
1086660 1256.2
1086670 1255.9
1086680 1255.1
1086690 1255.1
1086700 1254.0
1086710 1252.4
1086720 1252.4
1086730 1252.1
1086740 1254.1
1086750 1258.3
1086760 1258.3
1086770 1257.8
1086780 1257.8
1086790 1257.8
1086800 1264.1
1086810 1264.2
1086820 1264.2
1086830 1262.3
1086840 1260.2
1086850 1260.2
1086860 1263.0
1086870 1266.8
1086880 1266.8
1086890 1272.1
1086900 1278.2
1086910 1278.2
1086920 1286.2
1086930 1289.0
1086940 1289.0
1086950 1284.4
1086960 1280.9
1086970 1280.9
1086980 1276.7
1086990 1273.4
1087000 1271.3
1087010 1271.3
1087020 1273.0
1087030 1276.2
1087040 1276.2
1087050 1279.8
1087060 1284.5
1087070 1284.5
1087080 1289.5
1087090 1293.4
1087100 1293.4
1087110 1296.7
1087120 1292.5
1087130 1292.5
1087140 1293.6
1087150 1292.7
1087160 1292.7
1087170 1291.8
1087180 1292.8
1087190 1292.8
1087200 1291.0
1087210 1286.9
1087220 1283.4
1087230 1283.4
1087240 1280.3
1087250 1277.3
1087260 1277.3
1087270 1278.4
1087280 1277.3
1087290 1277.3
1087300 1272.0
1087310 1265.9
1087320 1265.9
1087330 1259.6
1087340 1253.5
1087350 1253.5
1087360 1247.9
1087370 1242.8
1087380 1242.8
1087390 1237.7
1087400 1231.4
1087410 1231.4
1087420 1223.5
1087430 1212.6
1087440 1216.6
1087450 1207.5
1087460 1200.8
1087470 1194.3
1087480 1194.3
1087490 1188.1
1087500 1183.0
1087510 1183.0
1087520 1179.1
1087530 1175.2
1087540 1175.2
1087550 1172.5
1087560 1171.8
1087570 1171.8
1087580 1170.5
1087590 1168.1
1087600 1168.1
1087610 1164.6
1087620 1160.2
1087630 1160.2
1087640 1155.7
1087650 1153.0
1087660 1153.0
1087670 1150.8
1087680 1148.8
1087690 1148.8
1087700 1147.3
1087710 1145.8
1087720 1143.2
1087730 1143.2
1087740 1140.3
1087750 1137.3
1087760 1132.7
1087770 1130.3
1087780 1127.4
1087790 1127.4
1087800 1124.0
1087810 1120.2
1087820 1120.2
1087830 1116.8
1087840 1113.6
1087850 1113.6
1087860 1109.0
1087870 1103.5
1087880 1103.5
1087890 1097.7
1087900 1091.9
1087910 1091.9
1087920 1086.2
1087930 1080.7
1087940 1075.1
1087950 1075.1
1087960 1069.7
1087970 1064.6
1087980 1064.6
1087990 1059.7
1088000 1053.8
1088010 1053.8
1088020 1046.2
1088030 1038.8
1088040 1038.8
1088050 1032.1
1088060 1025.9
1088070 1025.9
1088080 1017.6
1088090 1012.1
1088100 1012.1
1088110 1006.8
1088120 1001.8
1088130 1001.8
1088140 996.9
1088150 993.2
1088160 993.2
1088170 988.0
1088180 982.6
1088190 977.8
1088200 977.8
1088210 972.2
1088220 966.3
1088230 966.3
1088240 960.7
1088250 955.1
1088260 955.1
1088270 949.9
1088280 945.5
1088290 945.5
1088300 941.1
1088310 937.0
1088320 937.0
1088330 932.9
1088340 928.8
1088350 928.8
1088360 924.5
1088370 919.7
1088380 919.7
1088390 915.0
1088400 908.3
1088410 908.3
1088420 904.7
1088430 903.4
1088440 900.6
1088450 900.6
1088460 897.2
1088470 893.3
1088480 893.3
1088490 889.8
1088500 887.8
1088510 887.8
1088520 885.6
1088530 882.0
1088540 882.0
1088550 878.1
1088560 875.0
1088570 875.0
1088580 871.7
1088590 865.6
1088600 865.6
1088610 859.9
1088620 854.4
1088630 854.4
1088640 849.0
1088650 843.6
1088660 836.4
1088670 836.4
1088680 826.6
1088690 815.0
1088700 815.0
1088710 805.3
1088720 791.8
1088730 791.8
1088740 782.3
1088750 773.2
1088760 773.2
1088770 760.6
1088780 750.9
1088790 750.9
1088800 741.7
1088810 733.2
1088820 733.2
1088830 726.7
1088840 720.0
1088850 720.0
1088860 729.9
1088870 745.4
1088880 745.4
1088890 765.1
1088900 781.2
1088910 801.0
1088920 801.0
1088930 816.5
1088940 829.3
1088950 829.3
1088960 839.0
1088970 844.7
1088980 844.7
1088990 847.9
1089000 855.3
1089010 855.3
1089020 863.6
1089030 868.4
1089040 873.8
1089050 877.6
1089060 879.4
1089070 879.4
1089080 879.9
1089090 882.4
1089100 882.4
1089110 888.9
1089120 895.7
1089130 895.7
1089140 900.5
1089150 904.7
1089160 908.6
1089170 908.6
1089180 911.6
1089190 914.7
1089200 914.7
1089210 918.4
1089220 922.5
1089230 922.5
1089240 925.9
1089250 929.7
1089260 929.7
1089270 934.3
1089280 938.7
1089290 938.7
1089300 943.3
1089310 948.0
1089320 948.0
1089330 952.8
1089340 958.6
1089350 958.6
1089360 971.0
1089370 976.0
1089380 982.7
1089390 982.7
1089400 989.5
1089410 996.4
1089420 996.4
1089430 1004.1
1089440 1012.5
1089450 1012.5
1089460 1019.1
1089470 1024.0
1089480 1024.0
1089490 1031.6
1089500 1039.9
1089510 1039.9
1089520 1048.8
1089530 1055.1
1089540 1055.1
1089550 1060.7
1089560 1066.2
1089570 1066.2
1089580 1071.4
1089590 1076.6
1089600 1076.6
1089610 1081.4
1089620 1085.4
1089630 1088.3
1089640 1088.3
1089650 1093.0
1089660 1100.0
1089670 1100.0
1089680 1111.7
1089690 1119.6
1089700 1119.6
1089710 1126.4
1089720 1133.1
1089730 1133.1
1089740 1140.8
1089750 1147.6
1089760 1147.6
1089770 1154.9
1089780 1162.8
1089790 1162.8
1089800 1171.4
1089810 1178.4
1089820 1178.4
1089830 1186.6
1089840 1192.7
1089850 1192.7
1089860 1192.0
1089870 1189.5
1089880 1189.0
1089890 1189.0
1089900 1190.3
1089910 1190.1
1089920 1190.1
1089930 1188.0
1089940 1184.9
1089950 1184.9
1089960 1180.3
1089970 1175.2
1089980 1175.2
1089990 1169.5
1090000 1172.1
1090010 1172.1
1090020 1169.9
1090030 1167.2
1090040 1167.2
1090050 1164.8
1090060 1163.9
1090070 1163.9
1090080 1163.1
1090090 1162.2
1090100 1162.8
1090110 1162.8
1090120 1161.4
1090130 1159.5
1090140 1159.5
1090150 1155.6
1090160 1150.6
1090170 1150.6
1090180 1145.8
1090190 1140.8
1090200 1140.8
1090210 1135.7
1090220 1133.7
1090230 1133.7
1090240 1133.8
1090250 1134.0
1090260 1134.0
1090270 1131.5
1090280 1129.3
1090290 1129.3
1090300 1128.5
1090310 1125.6
1090320 1125.6
1090330 1129.2
1090340 1131.0
1090350 1134.4
1090360 1134.4
1090370 1137.5
1090380 1140.8
1090390 1140.8
1090400 1143.1
1090410 1142.7
1090420 1142.7
1090430 1141.4
1090440 1141.4
1090450 1141.4
1090460 1142.5
1090470 1143.9
1090480 1143.9
1090490 1136.4
1090500 1126.9
1090510 1126.9
1090520 1117.0
1090530 1105.9
1090540 1105.9
1090550 1095.8
1090560 1087.5
1090570 1087.5
1090580 1080.0
1090590 1072.4
1090600 1063.9
1090610 1063.9
1090620 1056.6
1090630 1048.4
1090640 1048.4
1090650 1041.5
1090660 1034.3
1090670 1034.3
1090680 1026.4
1090690 1019.4
1090700 1019.4
1090710 1011.9
1090720 1004.7
1090730 1004.7
1090740 1002.6
1090750 1002.9
1090760 1002.9
1090770 1003.1
1090780 1002.6
1090790 1002.6
1090800 1002.7
1090810 1003.1
1090820 1003.1
1090830 1003.1
1090840 1000.3
1090850 1001.4
1090860 1001.4
1090870 1000.1
1090880 998.2
1090890 998.2
1090900 996.6
1090910 994.2
1090920 994.2
1090930 991.7
1090940 989.1
1090950 989.1
1090960 988.3
1090970 988.2
1090980 988.2
1090990 986.2
1091000 983.4
1091010 983.4
1091020 980.6
1091030 978.4
1091040 978.4
1091050 976.4
1091060 974.6
1091070 972.3
1091080 972.3
1091090 970.6
1091100 969.1
1091110 969.1
1091120 966.8
1091130 963.2
1091140 963.2
1091150 959.1
1091160 954.7
1091170 954.7
1091180 950.5
1091190 945.9
1091200 945.9
1091210 941.8
1091220 938.4
1091230 938.4
1091240 934.2
1091250 930.3
1091260 930.3
1091270 927.3
1091280 924.8
1091290 928.7
1091300 925.5
1091310 922.3
1091320 918.3
1091330 918.3
1091340 915.3
1091350 912.5
1091360 912.5
1091370 910.1
1091380 908.2
1091390 908.2
1091400 906.7
1091410 904.8
1091420 904.8
1091430 901.6
1091440 897.2
1091450 897.2
1091460 893.7
1091470 891.0
1091480 891.0
1091490 888.3
1091500 885.4
1091510 885.4
1091520 883.1
1091530 880.4
1091540 876.4
1091550 876.4
1091560 876.1
1091570 876.9
1091580 876.9
1091590 875.2
1091600 873.0
1091610 873.0
1091620 875.2
1091630 875.0
1091640 875.0
1091650 874.4
1091660 873.4
1091670 873.4
1091680 871.3
1091690 868.8
1091700 868.8
1091710 864.7
1091720 861.7
1091730 861.7
1091740 859.8
1091750 857.9
1091760 857.9
1091770 857.5
1091780 856.8
1091790 852.6
1091800 852.6
1091810 849.7
1091820 848.5
1091830 848.5
1091840 849.6
1091850 849.6
1091860 849.6
1091870 849.1
1091880 846.1
1091890 846.1
1091900 840.8
1091910 835.2
1091920 835.2
1091930 830.6
1091940 826.3
1091950 826.3
1091960 817.6
1091970 807.4
1091980 807.4
1091990 796.6
1092000 788.8
1092010 788.8
1092020 782.2
1092030 774.7
1092040 767.2
1092050 767.2
1092060 760.6
1092070 755.9
1092080 755.9
1092090 753.9
1092100 747.8
1092110 747.8
1092120 742.9
1092130 733.3
1092140 733.3
1092150 723.2
1092160 736.8
1092170 736.8
1092180 756.4
1092190 758.4
1092200 758.4
1092210 757.9
1092220 758.0
1092230 758.0
1092240 759.1
1092250 762.8
1092260 768.8
1092270 773.2
1092280 779.9
1092290 785.8
1092300 785.8
1092310 788.6
1092320 786.8
1092330 786.8
1092340 780.7
1092350 773.8
1092360 773.8
1092370 767.7
1092380 763.7
1092390 763.7
1092400 760.7
1092410 760.0
1092420 760.0
1092430 760.8
1092440 761.3
1092450 761.3
1092460 764.1
1092470 768.0
1092480 768.0
1092490 769.7
1092500 769.2
1092510 767.0
1092520 767.0
1092530 764.6
1092540 761.0
1092550 761.0
1092560 755.9
1092570 756.6
1092580 756.6
1092590 750.1
1092600 746.0
1092610 746.0
1092620 746.8
1092630 748.5
1092640 748.5
1092650 756.2
1092660 760.1
1092670 760.1
1092680 761.1
1092690 763.1
1092700 763.1
1092710 764.0
1092720 765.7
1092730 765.7
1092740 768.5
1092750 770.0
1092760 772.4
1092770 772.4
1092780 775.5
1092790 778.6
1092800 778.6
1092810 778.2
1092820 780.1
1092830 780.1
1092840 781.6
1092850 782.5
1092860 782.5
1092870 780.6
1092880 778.5
1092890 778.5
1092900 778.3
1092910 784.8
1092920 784.8
1092930 783.6
1092940 783.8
1092950 783.8
1092960 787.2
1092970 788.9
1092980 788.2
1092990 788.2
1093000 789.4
1093010 790.8
1093020 790.8
1093030 788.2
1093040 786.4
1093050 786.4
1093060 787.4
1093070 788.2
1093080 788.2
1093090 788.4
1093100 787.2
1093110 787.2
1093120 786.5
1093130 784.9
1093140 784.9
1093150 783.8
1093160 784.6
1093170 784.6
1093180 789.0
1093190 794.9
1093200 794.9
1093210 800.4
1093220 801.3
1093230 795.8
1093240 800.0
1093250 797.3
1093260 797.3
1093270 797.3
1093280 798.4
1093290 801.5
1093300 801.5
1093310 803.0
1093320 803.3
1093330 803.3
1093340 804.2
1093350 805.8
1093360 805.8
1093370 806.4
1093380 807.5
1093390 807.5
1093400 815.0
1093410 821.5
1093420 821.5
1093430 822.1
1093440 831.2
1093450 831.2
1093460 835.0
1093470 833.8
1093480 834.3
1093490 834.3
1093500 831.8
1093510 828.8
1093520 828.8
1093530 837.1
1093540 843.2
1093550 843.2
1093560 866.5
1093570 876.5
1093580 876.5
1093590 881.1
1093600 883.9
1093610 883.9
1093620 885.4
1093630 889.9
1093640 889.9
1093650 893.5
1093660 895.3
1093670 895.3
1093680 898.5
1093690 904.4
1093700 910.6
1093710 910.6
1093720 910.8
1093730 909.1
1093740 909.1
1093750 911.4
1093760 919.1
1093770 919.1
1093780 922.4
1093790 921.5
1093800 921.5
1093810 910.6
1093820 871.5
1093830 871.5
1093840 838.0
1093850 817.5
1093860 817.5
1093870 800.3
1093880 798.1
1093890 808.8
1093900 812.1
1093910 816.2
1093920 816.2
1093930 824.8
1093940 836.2
1093950 849.2
1093960 849.2
1093970 867.9
1093980 873.5
1093990 873.5
1094000 867.9
1094010 862.3
1094020 862.3
1094030 853.3
1094040 845.8
1094050 845.8
1094060 841.0
1094070 836.6
1094080 836.6
1094090 831.2
1094100 821.7
1094110 821.7
1094120 815.9
1094130 811.5
1094140 811.5
1094150 809.0
1094160 806.0
1094170 806.0
1094180 803.3
1094190 798.4
1094200 795.2
1094210 804.4
1094220 802.0
1094230 803.3
1094240 803.3
1094250 801.7
1094260 793.2
1094270 793.2
1094280 784.6
1094290 779.7
1094300 779.7
1094310 775.2
1094320 771.5
1094330 771.5
1094340 770.1
1094350 768.5
1094360 768.5
1094370 766.6
1094380 762.1
1094390 762.1
1094400 756.6
1094410 749.9
1094420 744.5
1094430 744.5
1094440 739.2
1094450 734.0
1094460 734.0
1094470 729.0
1094480 725.5
1094490 725.5
1094500 721.1
1094510 716.2
1094520 716.2
1094530 710.7
1094540 710.0
1094550 710.0
1094560 705.3
1094570 700.4
1094580 700.4
1094590 695.4
1094600 690.9
1094610 690.9
1094620 687.3
1094630 682.5
1094640 682.5
1094650 677.4
1094660 672.7
1094670 668.8
1094680 668.8
1094690 664.3
1094700 660.0
1094710 660.0
1094720 655.7
1094730 652.3
1094740 652.3
1094750 648.8
1094760 645.3
1094770 645.3
1094780 642.0
1094790 637.9
1094800 637.9
1094810 633.4
1094820 628.5
1094830 628.5
1094840 623.8
1094850 618.5
1094860 622.6
1094870 616.9
1094880 609.9
1094890 609.9
1094900 602.8
1094910 596.8
1094920 593.0
1094930 593.0
1094940 589.5
1094950 584.1
1094960 584.1
1094970 578.4
1094980 575.7
1094990 575.7
1095000 575.8
1095010 576.1
1095020 576.1
1095030 576.2
1095040 576.2
1095050 576.2
1095060 575.4
1095070 574.3
1095080 574.3
1095090 574.0
1095100 574.0
1095110 574.0
1095120 574.7
1095130 576.5
1095140 576.9
1095150 576.9
1095160 577.2
1095170 578.3
1095180 578.3
1095190 577.7
1095200 578.3
1095210 578.3
1095220 578.1
1095230 578.0
1095240 578.0
1095250 578.0
1095260 578.1
1095270 578.1
1095280 578.2
1095290 578.2
1095300 578.2
1095310 578.1
1095320 577.4
1095330 577.4
1095340 576.4
1095350 578.0
1095360 578.0
1095370 579.3
1095380 579.8
1095390 579.6
1095400 579.6
1095410 579.4
1095420 579.2
1095430 579.2
1095440 579.6
1095450 579.1
1095460 579.1
1095470 578.9
1095480 578.6
1095490 578.6
1095500 579.3
1095510 579.9
1095520 579.4
1095530 579.9
1095540 580.0
1095550 580.0
1095560 580.1
1095570 580.1
1095580 580.1
1095590 580.0
1095600 580.0
1095610 580.0
1095620 580.0
1095630 580.1
1095640 580.1
1095650 580.1
1095660 580.1
1095670 580.2
1095680 580.2
1095690 580.5
1095700 580.8
1095710 580.8
1095720 581.5
1095730 582.7
1095740 582.7
1095750 583.8
1095760 584.3
1095770 584.3
1095780 601.0
1095790 613.3
1095800 613.3
1095810 614.7
1095820 615.9
1095830 615.9
1095840 618.6
1095850 622.1
1095860 603.7
1095870 603.7
1095880 598.8
1095890 598.8
1095900 598.8
1095910 600.2
1095920 604.0
1095930 604.0
1095940 609.2
1095950 612.5
1095960 612.5
1095970 617.2
1095980 621.7
1095990 621.7
1096000 625.0
1096010 627.1
1096020 627.1
1096030 628.5
1096040 629.9
1096050 629.9
1096060 631.3
1096070 633.6
1096080 633.6
1096090 635.8
1096100 638.4
1096110 640.6
1096120 640.6
1096130 642.7
1096140 644.5
1096150 644.5
1096160 647.4
1096170 642.2
1096180 642.2
1096190 644.6
1096200 648.8
1096210 648.8
1096220 651.6
1096230 654.3
1096240 654.3
1096250 658.2
1096260 662.7
1096270 662.7
1096280 666.1
1096290 669.8
1096300 669.8
1096310 674.2
1096320 677.9
1096330 681.3
1096340 681.3
1096350 684.8
1096360 694.9
1096370 694.9
1096380 702.8
1096390 700.3
1096400 700.3
1096410 700.1
1096420 705.1
1096430 705.1
1096440 710.3
1096450 718.1
1096460 718.1
1096470 717.9
1096480 722.9
1096490 716.1
1096500 722.5
1096510 728.5
1096520 728.5
1096530 733.8
1096540 738.3
1096550 738.3
1096560 742.2
1096570 746.2
1096580 751.2
1096590 751.2
1096600 755.0
1096610 757.5
1096620 757.5
1096630 759.8
1096640 761.1
1096650 761.1
1096660 762.3
1096670 765.2
1096680 765.2
1096690 769.3
1096700 772.5
1096710 772.5
1096720 774.7
1096730 778.0
1096740 778.0
1096750 782.6
1096760 782.5
1096770 782.5
1096780 782.8
1096790 783.1
1096800 783.1
1096810 783.6
1096820 791.0
1096830 790.9
1096840 790.9
1096850 789.9
1096860 789.9
1096870 789.9
1096880 792.2
1096890 793.8
1096900 793.8
1096910 793.1
1096920 792.6
1096930 792.6
1096940 794.4
1096950 798.5
1096960 798.5
1096970 803.3
1096980 807.3
1096990 807.3
1097000 811.3
1097010 815.5
1097020 815.5
1097030 820.1
1097040 820.0
1097050 817.8
1097060 817.8
1097070 817.4
1097080 821.4
1097090 821.4
1097100 825.3
1097110 828.8
1097120 828.8
1097130 832.5
1097140 835.4
1097150 837.2
1097160 837.9
1097170 837.2
1097180 837.2
1097190 837.5
1097200 838.0
1097210 838.0
1097220 839.5
1097230 842.6
1097240 842.6
1097250 846.3
1097260 849.0
1097270 849.0
1097280 850.2
1097290 851.7
1097300 855.4
1097310 855.4
1097320 857.0
1097330 858.7
1097340 858.7
1097350 860.0
1097360 862.8
1097370 862.8
1097380 867.1
1097390 871.9
1097400 871.9
1097410 875.5
1097420 879.0
1097430 879.0
1097440 881.4
1097450 883.1
1097460 883.1
1097470 884.8
1097480 892.5
1097490 892.5
1097500 897.6
1097510 903.4
1097520 903.4
1097530 908.6
1097540 914.1
1097550 919.6
1097560 919.6
1097570 926.1
1097580 933.2
1097590 933.2
1097600 939.2
1097610 947.9
1097620 947.9
1097630 963.7
1097640 972.3
1097650 972.3
1097660 978.7
1097670 987.0
1097680 987.0
1097690 994.2
1097700 999.9
1097710 999.9
1097720 1006.8
1097730 1013.0
1097740 1013.0
1097750 1020.4
1097760 1027.0
1097770 1034.7
1097780 1034.7
1097790 1039.2
1097800 1042.7
1097810 1042.7
1097820 1046.5
1097830 1050.4
1097840 1050.4
1097850 1051.6
1097860 1055.0
1097870 1055.0
1097880 1058.4
1097890 1063.8
1097900 1063.8
1097910 1069.6
1097920 1074.3
1097930 1074.3
1097940 1078.2
1097950 1079.2
1097960 1079.2
1097970 1079.9
1097980 1071.0
1097990 1071.0
1098000 1055.3
1098010 1053.7
1098020 1053.9
1098030 1053.9
1098040 1056.7
1098050 1062.9
1098060 1062.9
1098070 1069.7
1098080 1080.7
1098090 1080.7
1098100 1092.7
1098110 1099.2
1098120 1099.2
1098130 1104.8
1098140 1111.5
1098150 1111.5
1098160 1111.2
1098170 1108.5
1098180 1108.5
1098190 1112.0
1098200 1117.3
1098210 1117.3
1098220 1122.5
1098230 1130.1
1098240 1130.1
1098250 1135.9
1098260 1139.6
1098270 1146.2
1098280 1146.2
1098290 1153.8
1098300 1159.5
1098310 1159.5
1098320 1166.9
1098330 1170.8
1098340 1170.8
1098350 1173.8
1098360 1173.4
1098370 1173.4
1098380 1170.3
1098390 1168.2
1098400 1168.2
1098410 1167.4
1098420 1166.8
1098430 1166.8
1098440 1167.5
1098450 1173.4
1098460 1175.4
1098470 1182.1
1098480 1187.5
1098490 1194.2
1098500 1194.2
1098510 1202.2
1098520 1212.7
1098530 1212.7
1098540 1224.4
1098550 1233.3
1098560 1233.3
1098570 1238.2
1098580 1239.5
1098590 1239.5
1098600 1242.1
1098610 1243.6
1098620 1243.6
1098630 1243.4
1098640 1242.1
1098650 1242.1
1098660 1240.2
1098670 1239.3
1098680 1239.3
1098690 1242.6
1098700 1247.4
1098710 1247.4
1098720 1251.1
1098730 1254.3
1098740 1256.5
1098750 1256.5
1098760 1258.6
1098770 1260.9
1098780 1260.9
1098790 1262.1
1098800 1263.2
1098810 1263.2
1098820 1265.1
1098830 1266.5
1098840 1266.5
1098850 1266.8
1098860 1263.3
1098870 1263.3
1098880 1252.2
1098890 1242.8
1098900 1242.8
1098910 1234.7
1098920 1227.7
1098930 1227.7
1098940 1221.3
1098950 1215.8
1098960 1211.0
1098970 1211.0
1098980 1208.7
1098990 1207.3
1099000 1207.3
1099010 1205.4
1099020 1204.2
1099030 1204.2
1099040 1203.8
1099050 1202.4
1099060 1202.4
1099070 1199.6
1099080 1196.3
1099090 1196.3
1099100 1193.8
1099110 1189.1
1099120 1192.6
1099130 1188.9
1099140 1187.0
1099150 1187.0
1099160 1185.3
1099170 1181.1
1099180 1181.1
1099190 1175.9
1099200 1171.9
1099210 1169.4
1099220 1169.4
1099230 1165.9
1099240 1163.7
1099250 1163.7
1099260 1162.3
1099270 1161.8
1099280 1161.8
1099290 1161.2
1099300 1159.7
1099310 1159.7
1099320 1157.1
1099330 1156.2
1099340 1156.2
1099350 1159.2
1099360 1161.7
1099370 1161.7
1099380 1163.7
1099390 1164.6
1099400 1164.6
1099410 1164.8
1099420 1166.0
1099430 1166.0
1099440 1167.4
1099450 1175.1
1099460 1176.6
1099470 1176.6
1099480 1177.4
1099490 1178.4
1099500 1178.4
1099510 1180.1
1099520 1179.6
1099530 1179.6
1099540 1182.3
1099550 1188.7
1099560 1188.7
1099570 1194.8
1099580 1202.2
1099590 1202.2
1099600 1210.8
1099610 1218.8
1099620 1218.8
1099630 1225.5
1099640 1230.4
1099650 1230.4
1099660 1227.8
1099670 1218.6
1099680 1210.2
1099690 1210.2
1099700 1203.4
1099710 1196.8
1099720 1196.8
1099730 1190.7
1099740 1193.0
1099750 1193.0
1099760 1199.3
1099770 1201.3
1099780 1208.6
1099790 1204.0
1099800 1201.7
1099810 1201.7
1099820 1201.6
1099830 1202.4
1099840 1202.4
1099850 1206.5
1099860 1214.1
1099870 1214.1
1099880 1210.3
1099890 1201.8
1099900 1201.8
1099910 1202.4
1099920 1209.4
1099930 1213.9
1099940 1213.9
1099950 1218.7
1099960 1224.4
1099970 1224.4
1099980 1231.5
1099990 1238.4
