1080000 1440.3
1080010 1443.2
1080020 1446.1
1080030 1446.1
1080040 1448.2
1080050 1450.1
1080060 1450.1
1080070 1451.4
1080080 1452.1
1080090 1452.1
1080100 1452.9
1080110 1453.6
1080120 1453.6
1080130 1454.5
1080140 1455.8
1080150 1455.8
1080160 1456.9
1080170 1457.3
1080180 1457.3
1080190 1459.0
1080200 1461.9
1080210 1464.9
1080220 1471.9
1080230 1475.2
1080240 1473.7
1080250 1473.7
1080260 1475.0
1080270 1479.2
1080280 1479.2
1080290 1470.3
1080300 1467.8
1080310 1467.8
1080320 1472.3
1080330 1476.6
1080340 1476.6
1080350 1471.8
1080360 1474.5
1080370 1474.5
1080380 1483.0
1080390 1491.8
1080400 1491.8
1080410 1490.1
1080420 1480.8
1080430 1480.8
1080440 1471.7
1080450 1463.3
1080460 1455.5
1080470 1455.5
1080480 1447.9
1080490 1440.5
1080500 1440.5
1080510 1433.3
1080520 1426.2
1080530 1426.2
1080540 1420.1
1080550 1413.8
1080560 1413.8
1080570 1408.6
1080580 1403.8
1080590 1403.8
1080600 1400.3
1080610 1399.0
1080620 1399.0
1080630 1396.1
1080640 1392.8
1080650 1392.8
1080660 1391.9
1080670 1389.4
1080680 1381.7
1080690 1381.7
1080700 1376.1
1080710 1368.6
1080720 1368.6
1080730 1361.3
1080740 1355.9
1080750 1355.9
1080760 1350.1
1080770 1342.1
1080780 1342.1
1080790 1338.7
1080800 1341.6
1080810 1341.6
1080820 1348.5
1080830 1352.9
1080840 1352.9
1080850 1361.0
1080860 1360.8
1080870 1360.8
1080880 1358.6
1080890 1362.3
1080900 1362.3
1080910 1368.9
1080920 1374.7
1080930 1379.8
1080940 1379.8
1080950 1386.6
1080960 1393.1
1080970 1393.1
1080980 1397.8
1080990 1403.2
1081000 1403.2
1081010 1409.6
1081020 1414.3
1081030 1414.3
1081040 1423.2
1081050 1432.1
1081060 1432.1
1081070 1438.4
1081080 1445.8
1081090 1445.8
1081100 1452.5
1081110 1459.2
1081120 1459.2
1081130 1464.6
1081140 1470.0
1081150 1470.0
1081160 1470.7
1081170 1479.0
1081180 1483.9
1081190 1483.9
1081200 1495.7
1081210 1510.2
1081220 1510.2
1081230 1518.6
1081240 1528.9
1081250 1528.9
1081260 1537.0
1081270 1544.4
1081280 1544.4
1081290 1550.8
1081300 1556.8
1081310 1556.8
1081320 1562.1
1081330 1568.5
1081340 1568.5
1081350 1574.4
1081360 1580.6
1081370 1580.6
1081380 1589.2
1081390 1596.7
1081400 1596.7
1081410 1602.5
1081420 1608.2
1081430 1613.3
1081440 1613.3
1081450 1618.5
1081460 1625.7
1081470 1625.7
1081480 1635.4
1081490 1644.1
1081500 1644.1
1081510 1650.4
1081520 1655.2
1081530 1655.2
1081540 1659.9
1081550 1662.9
1081560 1662.9
1081570 1664.8
1081580 1667.8
1081590 1667.8
1081600 1674.4
1081610 1680.6
1081620 1680.6
1081630 1683.7
1081640 1688.2
1081650 1693.9
1081660 1693.9
1081670 1695.7
1081680 1697.7
1081690 1697.7
1081700 1700.3
1081710 1704.3
1081720 1704.3
1081730 1709.4
1081740 1713.1
1081750 1713.1
1081760 1716.2
1081770 1720.5
1081780 1720.5
1081790 1725.8
1081800 1734.8
1081810 1734.8
1081820 1739.9
1081830 1745.7
1081840 1745.7
1081850 1752.7
1081860 1760.1
1081870 1760.1
1081880 1767.9
1081890 1775.9
1081900 1784.1
1081910 1784.1
1081920 1792.0
1081930 1800.1
1081940 1800.1
1081950 1813.9
1081960 1821.6
1081970 1821.6
1081980 1834.1
1081990 1850.8
1082000 1850.8
1082010 1851.4
1082020 1842.9
1082030 1842.9
1082040 1835.4
1082050 1829.5
1082060 1829.5
1082070 1822.7
1082080 1813.3
1082090 1813.3
1082100 1806.6
1082110 1804.0
1082120 1804.0
1082130 1800.2
1082140 1798.3
1082150 1796.0
1082160 1796.0
1082170 1792.5
1082180 1789.0
1082190 1789.0
1082200 1785.3
1082210 1781.6
1082220 1781.6
1082230 1778.0
1082240 1775.4
1082250 1775.4
1082260 1775.6
1082270 1775.3
1082280 1775.3
1082290 1771.4
1082300 1767.5
1082310 1767.5
1082320 1766.1
1082330 1763.1
1082340 1763.1
1082350 1758.4
1082360 1753.6
1082370 1753.6
1082380 1751.5
1082390 1749.0
1082400 1746.4
1082410 1746.4
1082420 1744.0
1082430 1745.2
1082440 1745.2
1082450 1744.8
1082460 1743.8
1082470 1743.8
1082480 1743.0
1082490 1741.9
1082500 1741.9
1082510 1741.1
1082520 1738.5
1082530 1738.5
1082540 1734.7
1082550 1731.0
1082560 1731.0
1082570 1726.9
1082580 1723.2
1082590 1723.2
1082600 1720.4
1082610 1718.1
1082620 1716.7
1082630 1716.7
1082640 1715.8
1082650 1713.7
1082660 1713.7
1082670 1711.7
1082680 1710.8
1082690 1710.8
1082700 1708.4
1082710 1704.5
1082720 1704.5
1082730 1702.1
1082740 1699.9
1082750 1699.9
1082760 1696.0
1082770 1694.2
1082780 1694.2
1082790 1692.8
1082800 1692.8
1082810 1692.8
1082820 1693.1
1082830 1692.6
1082840 1692.6
1082850 1692.3
1082860 1693.1
1082870 1692.9
1082880 1692.9
1082890 1694.0
1082900 1694.7
1082910 1694.7
1082920 1694.2
1082930 1693.0
1082940 1693.0
1082950 1691.3
1082960 1688.0
1082970 1688.0
1082980 1682.8
1082990 1677.1
1083000 1677.1
1083010 1673.3
1083020 1668.7
1083030 1668.7
1083040 1664.4
1083050 1661.5
1083060 1661.2
1083070 1658.5
1083080 1656.2
1083090 1656.2
1083100 1654.3
1083110 1652.5
1083120 1650.5
1083130 1650.5
1083140 1648.2
1083150 1645.7
1083160 1645.7
1083170 1642.9
1083180 1640.2
1083190 1640.2
1083200 1638.2
1083210 1636.9
1083220 1636.9
1083230 1635.1
1083240 1631.9
1083250 1631.9
1083260 1630.1
1083270 1628.3
1083280 1628.3
1083290 1628.8
1083300 1629.5
1083310 1629.5
1083320 1629.0
1083330 1628.7
1083340 1628.7
1083350 1628.3
1083360 1627.4
1083370 1627.0
1083380 1627.3
1083390 1626.8
1083400 1626.2
1083410 1626.2
1083420 1625.2
1083430 1625.6
1083440 1625.6
1083450 1626.7
1083460 1621.7
1083470 1621.7
1083480 1618.3
1083490 1617.6
1083500 1617.6
1083510 1616.9
1083520 1616.3
1083530 1616.3
1083540 1615.9
1083550 1615.1
1083560 1615.1
1083570 1613.9
1083580 1613.0
1083590 1611.9
1083600 1611.9
1083610 1610.9
1083620 1609.7
1083630 1609.7
1083640 1608.4
1083650 1607.6
1083660 1607.6
1083670 1606.9
1083680 1605.1
1083690 1605.6
1083700 1602.9
1083710 1601.1
1083720 1601.1
1083730 1600.2
1083740 1599.9
1083750 1599.9
1083760 1598.8
1083770 1596.9
1083780 1596.9
1083790 1595.0
1083800 1593.1
1083810 1593.1
1083820 1591.3
1083830 1586.6
1083840 1581.1
1083850 1581.1
1083860 1583.2
1083870 1581.2
1083880 1581.2
1083890 1581.4
1083900 1582.6
1083910 1582.6
1083920 1583.0
1083930 1581.9
1083940 1581.9
1083950 1579.1
1083960 1576.5
1083970 1576.5
1083980 1573.6
1083990 1570.9
1084000 1570.9
1084010 1564.7
1084020 1561.9
1084030 1561.9
1084040 1559.2
1084050 1556.0
1084060 1556.0
1084070 1552.8
1084080 1550.1
1084090 1547.1
1084100 1547.1
1084110 1543.4
1084120 1540.0
1084130 1540.0
1084140 1537.0
1084150 1534.1
1084160 1534.1
1084170 1531.8
1084180 1529.6
1084190 1529.6
1084200 1527.0
1084210 1524.4
1084220 1524.4
1084230 1519.7
1084240 1512.9
1084250 1512.9
1084260 1505.6
1084270 1498.8
1084280 1498.8
1084290 1491.3
1084300 1484.5
1084310 1484.5
1084320 1477.5
1084330 1472.3
1084340 1466.8
1084350 1466.8
1084360 1460.5
1084370 1454.3
1084380 1454.3
1084390 1449.4
1084400 1447.4
1084410 1447.4
1084420 1442.4
1084430 1435.4
1084440 1435.4
1084450 1429.1
1084460 1424.0
1084470 1424.0
1084480 1420.3
1084490 1416.3
1084500 1416.3
1084510 1411.6
1084520 1407.3
1084530 1407.3
1084540 1404.2
1084550 1400.6
1084560 1397.1
1084570 1397.1
1084580 1394.3
1084590 1390.7
1084600 1390.7
1084610 1386.3
1084620 1381.4
1084630 1381.4
1084640 1372.2
1084650 1371.7
1084660 1371.7
1084670 1369.5
1084680 1364.9
1084690 1364.9
1084700 1361.9
1084710 1359.0
1084720 1359.0
1084730 1354.7
1084740 1351.0
1084750 1351.0
1084760 1346.4
1084770 1343.6
1084780 1343.6
1084790 1343.7
1084800 1346.1
1084810 1346.8
1084820 1346.8
1084830 1346.1
1084840 1343.8
1084850 1343.8
1084860 1341.9
1084870 1339.3
1084880 1339.3
1084890 1335.0
1084900 1330.5
1084910 1330.5
1084920 1328.0
1084930 1326.2
1084940 1326.2
1084950 1323.0
1084960 1316.1
1084970 1316.1
1084980 1312.6
1084990 1309.2
1085000 1309.2
1085010 1307.3
1085020 1305.7
1085030 1305.7
1085040 1304.5
1085050 1302.8
1085060 1301.3
1085070 1301.3
1085080 1299.9
1085090 1298.3
1085100 1298.3
1085110 1297.0
1085120 1296.1
1085130 1296.1
1085140 1293.0
1085150 1291.1
1085160 1291.1
1085170 1289.6
1085180 1288.2
1085190 1288.2
1085200 1286.8
1085210 1286.0
1085220 1286.0
1085230 1284.6
1085240 1281.4
1085250 1281.4
1085260 1279.4
1085270 1278.1
1085280 1280.0
1085290 1278.9
1085300 1277.5
1085310 1275.9
1085320 1275.9
1085330 1274.3
1085340 1274.2
1085350 1274.2
1085360 1274.9
1085370 1275.3
1085380 1275.3
1085390 1273.9
1085400 1272.4
1085410 1272.4
1085420 1272.7
1085430 1273.8
1085440 1273.8
1085450 1278.1
1085460 1280.7
1085470 1280.7
1085480 1282.5
1085490 1285.4
1085500 1285.4
1085510 1289.4
1085520 1292.6
1085530 1294.1
1085540 1294.1
1085550 1294.3
1085560 1294.1
1085570 1294.1
1085580 1294.5
1085590 1294.5
1085600 1299.3
1085610 1300.7
1085620 1300.2
1085630 1300.2
1085640 1300.4
1085650 1301.3
1085660 1301.3
1085670 1301.0
1085680 1298.4
1085690 1298.4
1085700 1295.5
1085710 1292.7
1085720 1292.7
1085730 1288.8
1085740 1287.3
1085750 1287.3
1085760 1284.0
1085770 1280.1
1085780 1276.7
1085790 1276.7
1085800 1272.8
1085810 1268.3
1085820 1268.3
1085830 1265.0
1085840 1261.1
1085850 1261.1
1085860 1254.8
1085870 1248.4
1085880 1248.4
1085890 1243.8
1085900 1240.7
1085910 1240.7
1085920 1241.9
1085930 1239.5
1085940 1239.5
1085950 1238.2
1085960 1237.5
1085970 1237.5
1085980 1235.8
1085990 1232.2
1086000 1232.2
1086010 1228.0
1086020 1225.4
1086030 1223.9
1086040 1223.9
1086050 1223.6
1086060 1221.0
1086070 1221.0
1086080 1216.6
1086090 1213.7
1086100 1213.7
1086110 1213.3
1086120 1213.4
1086130 1213.4
1086140 1213.6
1086150 1213.2
1086160 1213.2
1086170 1212.8
1086180 1211.8
1086190 1211.8
1086200 1208.5
1086210 1205.3
1086220 1205.3
1086230 1203.4
1086240 1201.6
1086250 1201.6
1086260 1198.5
1086270 1193.7
1086280 1187.5
1086290 1187.5
1086300 1180.5
1086310 1180.6
1086320 1180.6
1086330 1186.8
1086340 1188.8
1086350 1188.8
1086360 1188.6
1086370 1187.5
1086380 1187.5
1086390 1185.4
1086400 1182.9
1086410 1182.9
1086420 1180.3
1086430 1177.7
1086440 1177.7
1086450 1175.5
1086460 1173.8
1086470 1173.8
1086480 1172.5
1086490 1171.4
1086500 1170.2
1086510 1170.2
1086520 1169.3
1086530 1169.0
1086540 1169.0
1086550 1168.8
1086560 1168.5
1086570 1168.5
1086580 1168.4
1086590 1168.4
1086600 1168.4
1086610 1168.4
1086620 1168.0
1086630 1168.0
1086640 1166.1
1086650 1165.0
1086660 1165.0
1086670 1164.3
1086680 1163.7
1086690 1163.7
1086700 1162.0
1086710 1160.6
1086720 1160.6
1086730 1159.7
1086740 1158.8
1086750 1157.2
1086760 1157.2
1086770 1155.7
1086780 1151.9
1086790 1151.9
1086800 1148.9
1086810 1147.1
1086820 1147.1
1086830 1144.8
1086840 1141.2
1086850 1141.2
1086860 1137.9
1086870 1132.7
1086880 1132.2
1086890 1124.6
1086900 1116.6
1086910 1116.6
1086920 1110.6
1086930 1107.7
1086940 1107.7
1086950 1103.7
1086960 1096.7
1086970 1096.7
1086980 1087.5
1086990 1080.3
1087000 1074.8
1087010 1074.8
1087020 1072.1
1087030 1071.6
1087040 1071.6
1087050 1073.7
1087060 1073.4
1087070 1073.4
1087080 1070.8
1087090 1070.4
1087100 1070.4
1087110 1069.2
1087120 1063.5
1087130 1063.5
1087140 1055.1
1087150 1050.3
1087160 1050.3
1087170 1045.7
1087180 1043.1
1087190 1043.1
1087200 1043.7
1087210 1049.9
1087220 1049.9
1087230 1051.9
1087240 1053.1
1087250 1055.2
1087260 1055.2
1087270 1063.0
1087280 1073.8
1087290 1073.8
1087300 1080.4
1087310 1083.9
1087320 1083.9
1087330 1084.8
1087340 1082.6
1087350 1082.6
1087360 1080.2
1087370 1079.6
1087380 1079.6
1087390 1079.1
1087400 1078.2
1087410 1078.2
1087420 1075.1
1087430 1072.2
1087440 1072.2
1087450 1072.3
1087460 1068.7
1087470 1059.9
1087480 1059.9
1087490 1052.6
1087500 1050.9
1087510 1050.9
1087520 1042.6
1087530 1039.9
1087540 1039.9
1087550 1035.1
1087560 1034.5
1087570 1034.5
1087580 1032.0
1087590 1027.7
1087600 1027.7
1087610 1025.0
1087620 1023.4
1087630 1023.4
1087640 1021.2
1087650 1017.8
1087660 1017.8
1087670 1013.6
1087680 1009.8
1087690 1009.8
1087700 1008.3
1087710 1007.6
1087720 1003.7
1087730 1003.7
1087740 998.8
1087750 993.8
1087760 993.8
1087770 987.3
1087780 980.9
1087790 980.9
1087800 978.9
1087810 973.4
1087820 973.4
1087830 969.3
1087840 962.3
1087850 962.3
1087860 963.9
1087870 964.6
1087880 964.6
1087890 962.4
1087900 959.1
1087910 959.1
1087920 956.5
1087930 953.6
1087940 953.6
1087950 950.7
1087960 947.8
1087970 945.0
1087980 945.0
1087990 941.1
1088000 937.1
1088010 937.1
1088020 934.4
1088030 930.6
1088040 930.6
1088050 926.9
1088060 923.1
1088070 923.1
1088080 919.0
1088090 914.6
1088100 914.6
1088110 914.2
1088120 913.3
1088130 913.3
1088140 910.8
1088150 908.4
1088160 905.4
1088170 903.3
1088180 901.5
1088190 901.5
1088200 898.9
1088210 896.1
1088220 892.0
1088230 892.0
1088240 887.2
1088250 884.2
1088260 884.2
1088270 882.5
1088280 880.0
1088290 880.0
1088300 878.6
1088310 878.3
1088320 878.3
1088330 877.4
1088340 876.8
1088350 876.8
1088360 876.6
1088370 876.6
1088380 876.6
1088390 875.8
1088400 873.4
1088410 873.4
1088420 872.2
1088430 871.5
1088440 869.6
1088450 869.6
1088460 867.6
1088470 866.3
1088480 865.1
1088490 863.9
1088500 863.0
1088510 863.0
1088520 862.6
1088530 861.1
1088540 861.1
1088550 860.7
1088560 860.4
1088570 860.4
1088580 859.9
1088590 858.6
1088600 858.6
1088610 857.7
1088620 857.7
1088630 857.7
1088640 858.6
1088650 858.3
1088660 858.3
1088670 857.2
1088680 856.7
1088690 856.7
1088700 856.7
1088710 855.9
1088720 853.5
1088730 853.5
1088740 851.1
1088750 851.4
1088760 851.4
1088770 853.3
1088780 854.7
1088790 854.7
1088800 848.7
1088810 846.8
1088820 846.8
1088830 845.0
1088840 843.6
1088850 843.6
1088860 842.1
1088870 840.6
1088880 840.6
1088890 839.3
1088900 838.5
1088910 838.5
1088920 839.1
1088930 840.8
1088940 841.2
1088950 841.2
1088960 838.9
1088970 835.5
1088980 835.5
1088990 832.0
1089000 828.4
1089010 828.4
1089020 823.7
1089030 817.2
1089040 817.2
1089050 810.9
1089060 805.1
1089070 805.1
1089080 798.9
1089090 788.9
1089100 788.9
1089110 781.8
1089120 772.8
1089130 772.8
1089140 768.3
1089150 767.8
1089160 767.8
1089170 770.8
1089180 772.0
1089190 769.7
1089200 769.7
1089210 763.2
1089220 760.0
1089230 760.0
1089240 759.8
1089250 763.2
1089260 763.2
1089270 766.5
1089280 766.8
1089290 766.8
1089300 766.3
1089310 766.2
1089320 766.2
1089330 765.6
1089340 765.4
1089350 765.4
1089360 764.9
1089370 766.9
1089380 766.9
1089390 773.8
1089400 779.5
1089410 779.7
1089420 779.7
1089430 780.1
1089440 779.2
1089450 779.2
1089460 780.1
1089470 781.8
1089480 781.8
1089490 782.0
1089500 781.2
1089510 781.2
1089520 778.2
1089530 775.1
1089540 775.1
1089550 772.4
1089560 771.2
1089570 771.2
1089580 771.8
1089590 772.7
1089600 772.7
1089610 772.9
1089620 772.6
1089630 772.6
1089640 771.0
1089650 767.0
1089660 763.7
1089670 763.7
1089680 761.5
1089690 760.0
1089700 760.0
1089710 758.8
1089720 758.3
1089730 758.3
1089740 758.7
1089750 759.9
1089760 756.5
1089770 757.5
1089780 758.2
1089790 758.2
1089800 758.1
1089810 757.3
1089820 757.3
1089830 757.2
1089840 757.5
1089850 757.5
1089860 757.4
1089870 757.0
1089880 757.0
1089890 756.1
1089900 755.0
1089910 754.2
1089920 754.2
1089930 753.1
1089940 751.3
1089950 751.3
1089960 750.3
1089970 748.9
1089980 748.9
1089990 747.7
1090000 747.0
1090010 747.0
1090020 746.8
1090030 746.8
1090040 746.8
1090050 745.6
1090060 744.9
1090070 744.9
1090080 743.9
1090090 743.0
1090100 743.0
1090110 743.2
1090120 745.4
1090130 745.4
1090140 746.8
1090150 748.8
1090160 749.3
1090170 749.3
1090180 746.2
1090190 744.8
1090200 744.8
1090210 745.0
1090220 744.8
1090230 744.8
1090240 742.1
1090250 737.8
1090260 737.8
1090270 727.2
1090280 698.2
1090290 698.2
1090300 678.2
1090310 667.2
1090320 667.2
1090330 661.6
1090340 657.4
1090350 657.4
1090360 653.7
1090370 649.8
1090380 645.5
1090390 645.5
1090400 639.7
1090410 628.6
1090420 628.6
1090430 623.7
1090440 618.7
1090450 618.7
1090460 614.5
1090470 611.9
1090480 611.9
1090490 609.1
1090500 607.9
1090510 607.9
1090520 606.6
1090530 597.5
1090540 597.5
1090550 590.5
1090560 589.3
1090570 589.3
1090580 595.2
1090590 599.2
1090600 599.2
1090610 599.9
1090620 601.7
1090630 606.8
1090640 606.8
1090650 613.3
1090660 619.6
1090670 619.6
1090680 626.8
1090690 634.0
1090700 634.0
1090710 639.3
1090720 645.4
1090730 667.3
1090740 682.9
1090750 685.0
1090760 685.0
1090770 684.7
1090780 684.8
1090790 684.8
1090800 685.2
1090810 687.3
1090820 687.3
1090830 687.9
1090840 687.0
1090850 687.0
1090860 686.1
1090870 684.6
1090880 684.2
1090890 684.2
1090900 683.8
1090910 681.9
1090920 681.9
1090930 679.9
1090940 678.3
1090950 678.3
1090960 679.0
1090970 678.2
1090980 678.2
1090990 677.0
1091000 676.9
1091010 676.9
1091020 674.8
1091030 670.6
1091040 670.6
1091050 668.3
1091060 667.3
1091070 667.3
1091080 665.8
1091090 664.3
1091100 664.3
1091110 662.0
1091120 660.0
1091130 656.6
1091140 656.6
1091150 651.3
1091160 646.0
1091170 646.0
1091180 641.6
1091190 638.5
1091200 638.5
1091210 636.4
1091220 633.8
1091230 633.8
1091240 632.0
1091250 630.2
1091260 630.2
1091270 627.1
1091280 622.7
1091290 622.7
1091300 618.3
1091310 614.3
1091320 614.3
1091330 611.6
1091340 609.1
1091350 605.3
1091360 605.3
1091370 600.9
1091380 596.2
1091390 596.2
1091400 592.7
1091410 586.1
1091420 586.1
1091430 577.1
1091440 569.0
1091450 569.0
1091460 563.6
1091470 561.9
1091480 561.9
1091490 561.1
1091500 561.1
1091510 561.1
1091520 561.1
1091530 561.2
1091540 561.2
1091550 561.2
1091560 561.3
1091570 561.3
1091580 561.4
1091590 561.3
1091600 561.3
1091610 561.3
1091620 561.3
1091630 561.2
1091640 561.2
1091650 561.3
1091660 561.3
1091670 561.3
1091680 561.4
1091690 561.5
1091700 561.5
1091710 561.6
1091720 561.7
1091730 561.7
1091740 561.7
1091750 562.0
1091760 562.0
1091770 562.0
1091780 561.8
1091790 561.8
1091800 561.4
1091810 561.3
1091820 561.3
1091830 561.3
1091840 561.4
1091850 561.6
1091860 561.6
1091870 561.8
1091880 561.9
1091890 561.9
1091900 562.1
1091910 562.3
1091920 562.3
1091930 562.4
1091940 562.6
1091950 562.6
1091960 562.8
1091970 563.0
1091980 563.0
1091990 563.1
1092000 563.3
1092010 563.3
1092020 563.4
1092030 563.4
1092040 563.4
1092050 563.3
1092060 563.4
1092070 563.4
1092080 563.4
1092090 563.5
1092100 563.4
1092110 563.4
1092120 563.5
1092130 563.6
1092140 563.6
1092150 563.7
1092160 563.8
1092170 563.8
1092180 564.1
1092190 563.9
1092200 563.9
1092210 563.5
1092220 563.1
1092230 563.1
1092240 562.7
1092250 562.3
1092260 562.3
1092270 562.3
1092280 562.4
1092290 562.4
1092300 562.0
1092310 561.3
1092320 561.0
1092330 561.0
1092340 561.1
1092350 561.1
1092360 561.1
1092370 560.9
1092380 560.9
1092390 560.9
1092400 560.9
1092410 561.0
1092420 561.0
1092430 560.9
1092440 561.0
1092450 561.0
1092460 560.9
1092470 560.8
1092480 560.8
1092490 560.5
1092500 560.4
1092510 560.4
1092520 560.8
1092530 560.7
1092540 560.7
1092550 560.1
1092560 560.3
1092570 560.4
1092580 560.4
1092590 560.5
1092600 560.7
1092610 560.7
1092620 560.8
1092630 560.8
1092640 560.8
1092650 560.7
1092660 560.9
1092670 560.9
1092680 561.0
1092690 561.0
1092700 561.0
1092710 561.1
1092720 561.3
1092730 561.3
1092740 561.4
1092750 561.4
1092760 561.4
1092770 561.3
1092780 561.3
1092790 561.3
1092800 561.2
1092810 561.1
1092820 561.4
1092830 561.4
1092840 561.6
1092850 561.7
1092860 561.7
1092870 561.8
1092880 561.9
1092890 561.9
1092900 562.2
1092910 564.3
1092920 564.3
1092930 565.1
1092940 565.3
1092950 565.3
1092960 564.6
1092970 562.2
1092980 562.2
1092990 562.2
1093000 562.3
1093010 562.3
1093020 562.4
1093030 562.5
1093040 562.5
1093050 561.5
1093060 560.6
1093070 560.7
1093080 560.7
1093090 562.7
1093100 563.2
1093110 563.2
1093120 563.3
1093130 563.3
1093140 563.3
1093150 563.3
1093160 563.3
1093170 563.3
1093180 563.3
1093190 563.6
1093200 563.6
1093210 563.8
1093220 564.0
1093230 564.0
1093240 564.1
1093250 564.1
1093260 564.1
1093270 564.1
1093280 564.1
1093290 564.0
1093300 564.0
1093310 563.9
1093320 564.1
1093330 564.1
1093340 564.2
1093350 564.2
1093360 564.2
1093370 563.8
1093380 560.4
1093390 560.4
1093400 558.7
1093410 558.6
1093420 558.6
1093430 558.6
1093440 558.9
1093450 558.9
1093460 561.5
1093470 564.6
1093480 564.6
1093490 564.8
1093500 564.9
1093510 564.9
1093520 565.0
1093530 565.0
1093540 565.0
1093550 565.0
1093560 564.9
1093570 564.8
1093580 564.8
1093590 564.8
1093600 565.1
1093610 565.1
1093620 565.1
1093630 565.2
1093640 565.2
1093650 565.2
1093660 565.1
1093670 565.1
1093680 564.4
1093690 564.2
1093700 564.2
1093710 565.4
1093720 565.6
1093730 565.6
1093740 565.6
1093750 565.7
1093760 565.7
1093770 565.7
1093780 565.6
1093790 565.6
1093800 565.6
1093810 565.6
1093820 565.6
1093830 565.6
1093840 565.6
1093850 565.6
1093860 565.6
1093870 565.5
1093880 565.4
1093890 565.4
1093900 565.5
1093910 565.4
1093920 565.4
1093930 565.3
1093940 565.3
1093950 565.3
1093960 565.4
1093970 565.5
1093980 565.5
1093990 565.5
1094000 565.5
1094010 565.5
1094020 565.4
1094030 565.6
1094040 565.8
1094050 565.8
1094060 565.7
1094070 565.8
1094080 565.8
1094090 566.5
1094100 567.7
1094110 567.7
1094120 568.0
1094130 568.8
1094140 568.8
1094150 572.5
1094160 573.3
1094170 573.3
1094180 573.2
1094190 573.0
1094200 573.0
1094210 572.7
1094220 572.5
1094230 572.5
1094240 572.4
1094250 572.7
1094260 573.5
1094270 573.5
1094280 574.1
1094290 575.3
1094300 575.3
1094310 576.9
1094320 578.7
1094330 578.7
1094340 580.4
1094350 582.0
1094360 582.0
1094370 584.1
1094380 586.0
1094390 586.0
1094400 588.2
1094410 590.7
1094420 590.7
1094430 593.3
1094440 595.2
1094450 595.2
1094460 597.0
1094470 598.7
1094480 598.7
1094490 600.2
1094500 601.5
1094510 603.0
1094520 603.0
1094530 605.4
1094540 607.5
1094550 607.5
1094560 608.5
1094570 608.5
1094580 608.5
1094590 610.0
1094600 614.5
1094610 614.5
1094620 611.9
1094630 613.2
1094640 613.2
1094650 616.1
1094660 617.2
1094670 617.2
1094680 617.8
1094690 618.4
1094700 618.4
1094710 619.5
1094720 620.5
1094730 620.5
1094740 622.3
1094750 624.5
1094760 625.9
1094770 625.9
1094780 627.8
1094790 629.0
1094800 629.0
1094810 628.1
1094820 628.0
1094830 628.0
1094840 628.2
1094850 627.6
1094860 627.6
1094870 627.8
1094880 629.6
1094890 629.6
1094900 631.2
1094910 632.2
1094920 632.2
1094930 633.1
1094940 630.4
1094950 630.4
1094960 631.7
1094970 632.4
1094980 632.4
1094990 633.1
1095000 635.6
1095010 637.2
1095020 637.2
1095030 638.6
1095040 640.7
1095050 640.7
1095060 643.6
1095070 645.6
1095080 645.6
1095090 647.0
1095100 648.7
1095110 648.7
1095120 649.8
1095130 650.4
1095140 650.4
1095150 650.9
1095160 651.5
1095170 651.5
1095180 652.2
1095190 652.2
1095200 652.2
1095210 653.4
1095220 657.2
1095230 660.0
1095240 660.0
1095250 660.7
1095260 661.9
1095270 653.7
1095280 655.1
1095290 656.2
1095300 656.2
1095310 657.8
1095320 661.6
1095330 661.6
1095340 666.0
1095350 666.7
1095360 666.7
1095370 667.5
1095380 669.1
1095390 669.1
1095400 669.9
1095410 670.3
1095420 670.3
1095430 670.8
1095440 671.6
1095450 671.6
1095460 672.3
1095470 672.4
1095480 673.2
1095490 673.2
1095500 674.0
1095510 673.8
1095520 673.8
1095530 673.4
1095540 672.6
1095550 672.6
1095560 671.8
1095570 671.7
1095580 671.7
1095590 672.6
1095600 668.0
1095610 668.0
1095620 668.6
1095630 669.4
1095640 669.4
1095650 669.1
1095660 666.7
1095670 666.7
1095680 664.1
1095690 662.3
1095700 662.3
1095710 661.6
1095720 662.1
1095730 662.5
1095740 662.5
1095750 662.0
1095760 663.2
1095770 663.2
1095780 665.4
1095790 668.0
1095800 668.0
1095810 669.3
1095820 669.2
1095830 669.2
1095840 669.2
1095850 670.4
1095860 670.4
1095870 671.5
1095880 673.0
1095890 673.0
1095900 673.7
1095910 674.2
1095920 672.5
1095930 673.0
1095940 673.5
1095950 673.5
1095960 674.3
1095970 676.7
1095980 680.7
1095990 680.7
1096000 684.8
1096010 687.6
1096020 687.6
1096030 688.1
1096040 688.3
1096050 688.3
1096060 688.1
1096070 688.6
1096080 688.6
1096090 689.8
1096100 690.6
1096110 690.6
1096120 691.4
1096130 693.0
1096140 693.0
1096150 696.4
1096160 698.6
1096170 698.6
1096180 700.2
1096190 701.9
1096200 704.0
1096210 704.0
1096220 706.5
1096230 709.3
1096240 709.3
1096250 706.6
1096260 707.3
1096270 707.3
1096280 707.7
1096290 709.1
1096300 709.1
1096310 711.0
1096320 712.8
1096330 712.8
1096340 713.7
1096350 713.8
1096360 713.8
1096370 713.5
1096380 714.2
1096390 714.2
1096400 715.5
1096410 716.8
1096420 716.8
1096430 718.7
1096440 721.0
1096450 723.2
1096460 723.2
1096470 724.4
1096480 725.0
1096490 725.0
1096500 725.0
1096510 725.7
1096520 725.7
1096530 726.6
1096540 727.8
1096550 727.8
1096560 728.8
1096570 730.2
1096580 727.4
1096590 728.6
1096600 728.1
1096610 728.1
1096620 725.9
1096630 723.7
1096640 723.7
1096650 723.3
1096660 722.4
1096670 722.4
1096680 714.6
1096690 710.9
1096700 716.3
1096710 716.3
1096720 720.2
1096730 723.6
1096740 723.6
1096750 727.5
1096760 731.4
1096770 731.4
1096780 733.8
1096790 734.2
1096800 734.2
1096810 735.9
1096820 737.0
1096830 737.0
1096840 736.8
1096850 736.2
1096860 736.2
1096870 736.2
1096880 734.2
1096890 734.2
1096900 722.6
1096910 720.7
1096920 719.6
1096930 719.6
1096940 719.8
1096950 719.0
1096960 719.0
1096970 718.0
1096980 716.6
1096990 716.6
1097000 714.9
1097010 712.7
1097020 712.7
1097030 712.9
1097040 714.2
1097050 714.2
1097060 715.5
1097070 717.8
1097080 717.8
1097090 722.0
1097100 725.0
1097110 725.0
1097120 726.3
1097130 727.3
1097140 727.3
1097150 727.9
1097160 727.4
1097170 726.9
1097180 726.9
1097190 726.8
1097200 726.7
1097210 726.7
1097220 726.7
1097230 719.8
1097240 719.8
1097250 721.1
1097260 722.0
1097270 722.0
1097280 722.0
1097290 721.8
1097300 721.8
1097310 721.4
1097320 721.3
1097330 721.3
1097340 722.5
1097350 725.6
1097360 725.6
1097370 729.7
1097380 733.1
1097390 733.1
1097400 735.0
1097410 735.6
1097420 735.4
1097430 735.4
1097440 734.6
1097450 733.2
1097460 733.2
1097470 732.5
1097480 731.4
1097490 731.4
1097500 729.1
1097510 727.8
1097520 727.8
1097530 727.6
1097540 729.6
1097550 729.6
1097560 725.9
1097570 728.2
1097580 728.2
1097590 729.1
1097600 728.0
1097610 728.0
1097620 725.5
1097630 723.4
1097640 723.4
1097650 722.4
1097660 721.8
1097670 721.4
1097680 721.4
1097690 721.1
1097700 721.4
1097710 721.4
1097720 722.4
1097730 723.1
1097740 723.1
1097750 723.1
1097760 722.9
1097770 722.9
1097780 723.4
1097790 724.5
1097800 724.5
1097810 725.3
1097820 726.0
1097830 726.0
1097840 726.5
1097850 727.4
1097860 727.4
1097870 728.5
1097880 729.3
1097890 729.2
1097900 729.2
1097910 729.4
1097920 729.5
1097930 729.5
1097940 729.6
1097950 729.5
1097960 729.5
1097970 729.1
1097980 728.9
1097990 728.9
1098000 728.7
1098010 728.5
1098020 728.5
1098030 727.7
1098040 726.7
1098050 726.7
1098060 726.5
1098070 726.3
1098080 726.3
1098090 726.4
1098100 727.1
1098110 727.1
1098120 728.2
1098130 729.2
1098140 729.6
1098150 729.6
1098160 730.8
1098170 732.8
1098180 732.8
1098190 734.5
1098200 734.6
1098210 734.6
1098220 731.8
1098230 732.1
1098240 732.1
1098250 731.7
1098260 731.2
1098270 731.2
1098280 730.1
1098290 728.8
1098300 728.8
1098310 727.6
1098320 726.3
1098330 726.3
1098340 724.8
1098350 724.2
1098360 724.2
1098370 723.4
1098380 722.5
1098390 721.6
1098400 721.6
1098410 720.8
1098420 720.3
1098430 720.3
1098440 719.7
1098450 719.9
1098460 719.9
1098470 720.2
1098480 721.0
1098490 721.0
1098500 721.7
1098510 722.2
1098520 722.2
1098530 723.1
1098540 715.7
1098550 715.7
1098560 716.0
1098570 716.2
1098580 716.2
1098590 716.6
1098600 717.2
1098610 717.2
1098620 717.5
1098630 717.0
1098640 716.4
1098650 716.4
1098660 715.7
1098670 714.9
1098680 714.9
1098690 714.1
1098700 714.7
1098710 714.7
1098720 715.8
1098730 715.8
1098740 715.8
1098750 715.9
1098760 714.9
1098770 714.9
1098780 713.7
1098790 713.1
1098800 713.1
1098810 711.7
1098820 709.6
1098830 709.6
1098840 705.8
1098850 703.8
1098860 701.0
1098870 694.4
1098880 692.0
1098890 690.6
1098900 690.6
1098910 690.4
1098920 690.8
1098930 690.8
1098940 691.2
1098950 691.4
1098960 691.4
1098970 692.4
1098980 693.4
1098990 693.4
1099000 694.2
1099010 694.9
1099020 694.9
1099030 696.0
1099040 697.0
1099050 697.0
1099060 697.7
1099070 697.6
1099080 697.6
1099090 697.3
1099100 697.5
1099110 697.5
1099120 697.5
1099130 697.5
1099140 697.6
1099150 697.6
1099160 696.1
1099170 690.2
1099180 690.2
1099190 686.2
1099200 691.4
1099210 691.4
1099220 695.6
1099230 695.6
1099240 695.6
1099250 695.7
1099260 695.7
1099270 695.7
1099280 696.0
1099290 696.6
1099300 696.6
1099310 696.7
1099320 696.7
1099330 696.7
1099340 695.8
1099350 694.9
1099360 694.5
1099370 694.5
1099380 693.9
1099390 693.7
1099400 693.7
1099410 693.4
1099420 693.4
1099430 693.4
1099440 693.4
1099450 693.5
1099460 693.5
1099470 693.4
1099480 693.1
1099490 693.1
1099500 693.1
1099510 693.0
1099520 693.0
1099530 691.4
1099540 691.2
1099550 691.2
1099560 691.5
1099570 691.1
1099580 690.9
1099590 690.9
1099600 691.0
1099610 690.6
1099620 690.6
1099630 690.1
1099640 689.5
1099650 689.5
1099660 689.0
1099670 688.8
1099680 688.8
1099690 688.6
1099700 688.1
1099710 688.1
1099720 687.6
1099730 687.1
1099740 687.1
1099750 686.7
1099760 686.5
1099770 686.5
1099780 686.4
1099790 685.7
1099800 685.7
1099810 685.0
1099820 684.5
1099830 683.8
1099840 683.8
1099850 683.7
1099860 682.2
1099870 682.2
1099880 681.9
1099890 681.4
1099900 681.4
1099910 680.8
1099920 680.3
1099930 680.3
1099940 679.9
1099950 679.5
1099960 679.5
1099970 678.8
1099980 678.3
1099990 678.3
