1080000 1487.8
1080010 1495.7
1080020 1495.7
1080030 1504.6
1080040 1511.8
1080050 1511.8
1080060 1518.7
1080070 1525.2
1080080 1525.2
1080090 1530.3
1080100 1538.0
1080110 1538.0
1080120 1546.1
1080130 1557.4
1080140 1557.4
1080150 1573.1
1080160 1581.7
1080170 1577.2
1080180 1582.6
1080190 1587.5
1080200 1587.5
1080210 1592.6
1080220 1597.3
1080230 1600.0
1080240 1600.0
1080250 1601.3
1080260 1597.2
1080270 1597.2
1080280 1590.5
1080290 1584.9
1080300 1584.9
1080310 1580.1
1080320 1573.4
1080330 1573.4
1080340 1568.5
1080350 1562.5
1080360 1562.5
1080370 1552.7
1080380 1545.3
1080390 1545.3
1080400 1538.5
1080410 1531.6
1080420 1531.6
1080430 1525.6
1080440 1520.3
1080450 1520.3
1080460 1514.6
1080470 1509.0
1080480 1506.9
1080490 1506.9
1080500 1504.8
1080510 1502.7
1080520 1502.7
1080530 1501.5
1080540 1500.8
1080550 1500.8
1080560 1500.2
1080570 1498.2
1080580 1498.2
1080590 1496.3
1080600 1494.2
1080610 1494.2
1080620 1491.8
1080630 1490.0
1080640 1490.0
1080650 1487.0
1080660 1487.7
1080670 1487.7
1080680 1491.7
1080690 1493.0
1080700 1494.5
1080710 1494.5
1080720 1495.5
1080730 1494.8
1080740 1494.8
1080750 1493.3
1080760 1491.6
1080770 1491.6
1080780 1488.9
1080790 1483.6
1080800 1486.3
1080810 1491.2
1080820 1496.0
1080830 1496.0
1080840 1498.7
1080850 1499.0
1080860 1499.0
1080870 1495.5
1080880 1492.4
1080890 1492.4
1080900 1489.4
1080910 1483.8
1080920 1483.8
1080930 1486.5
1080940 1493.9
1080950 1500.5
1080960 1500.5
1080970 1506.9
1080980 1512.6
1080990 1512.6
1081000 1517.3
1081010 1519.5
1081020 1519.5
1081030 1520.3
1081040 1523.5
1081050 1523.5
1081060 1529.6
1081070 1536.1
1081080 1536.1
1081090 1542.4
1081100 1548.6
1081110 1550.5
1081120 1556.0
1081130 1562.3
1081140 1562.3
1081150 1568.8
1081160 1575.5
1081170 1575.5
1081180 1582.4
1081190 1590.1
1081200 1598.6
1081210 1598.6
1081220 1607.2
1081230 1617.2
1081240 1617.2
1081250 1627.6
1081260 1641.1
1081270 1641.1
1081280 1649.7
1081290 1659.5
1081300 1659.5
1081310 1675.2
1081320 1685.2
1081330 1685.2
1081340 1693.3
1081350 1696.7
1081360 1696.7
1081370 1698.8
1081380 1701.6
1081390 1701.6
1081400 1704.8
1081410 1708.6
1081420 1708.6
1081430 1712.7
1081440 1717.3
1081450 1721.8
1081460 1721.8
1081470 1726.1
1081480 1730.6
1081490 1730.6
1081500 1735.2
1081510 1739.6
1081520 1739.6
1081530 1744.1
1081540 1748.6
1081550 1748.6
1081560 1753.5
1081570 1758.8
1081580 1758.8
1081590 1764.2
1081600 1769.8
1081610 1769.8
1081620 1775.6
1081630 1782.1
1081640 1782.1
1081650 1789.0
1081660 1795.9
1081670 1802.7
1081680 1802.7
1081690 1809.9
1081700 1816.7
1081710 1816.7
1081720 1823.7
1081730 1830.7
1081740 1828.6
1081750 1823.9
1081760 1813.9
1081770 1813.9
1081780 1805.3
1081790 1796.5
1081800 1796.5
1081810 1788.7
1081820 1782.3
1081830 1782.3
1081840 1779.4
1081850 1779.8
1081860 1779.8
1081870 1781.2
1081880 1785.9
1081890 1785.9
1081900 1791.5
1081910 1798.2
1081920 1805.3
1081930 1805.3
1081940 1812.3
1081950 1819.1
1081960 1819.1
1081970 1827.2
1081980 1836.2
1081990 1836.2
1082000 1848.4
1082010 1864.7
1082020 1864.7
1082030 1883.1
1082040 1891.1
1082050 1891.1
1082060 1900.2
1082070 1923.4
1082080 1923.4
1082090 1940.9
1082100 1948.6
1082110 1948.6
1082120 1955.3
1082130 1955.7
1082140 1955.7
1082150 1936.2
1082160 1916.5
1082170 1902.4
1082180 1902.4
1082190 1886.9
1082200 1863.3
1082210 1863.3
1082220 1851.4
1082230 1843.2
1082240 1843.2
1082250 1833.0
1082260 1825.6
1082270 1825.6
1082280 1820.5
1082290 1814.8
1082300 1814.8
1082310 1808.7
1082320 1802.2
1082330 1802.2
1082340 1795.5
1082350 1789.2
1082360 1789.2
1082370 1786.1
1082380 1781.1
1082390 1781.1
1082400 1776.0
1082410 1771.4
1082420 1767.7
1082430 1767.7
1082440 1764.8
1082450 1766.9
1082460 1766.9
1082470 1773.6
1082480 1782.2
1082490 1782.2
1082500 1791.8
1082510 1796.4
1082520 1796.4
1082530 1792.2
1082540 1785.6
1082550 1785.6
1082560 1778.5
1082570 1771.2
1082580 1771.2
1082590 1765.2
1082600 1762.0
1082610 1762.0
1082620 1759.5
1082630 1758.2
1082640 1757.3
1082650 1757.3
1082660 1756.8
1082670 1755.9
1082680 1755.9
1082690 1748.0
1082700 1746.7
1082710 1746.7
1082720 1744.7
1082730 1742.0
1082740 1742.0
1082750 1740.3
1082760 1739.4
1082770 1739.4
1082780 1738.8
1082790 1740.4
1082800 1740.4
1082810 1743.8
1082820 1746.1
1082830 1746.1
1082840 1746.5
1082850 1746.4
1082860 1746.4
1082870 1747.8
1082880 1749.4
1082890 1750.6
1082900 1750.6
1082910 1751.2
1082920 1752.0
1082930 1752.0
1082940 1751.1
1082950 1749.6
1082960 1749.6
1082970 1747.4
1082980 1746.4
1082990 1746.4
1083000 1745.5
1083010 1752.2
1083020 1752.2
1083030 1752.0
1083040 1751.3
1083050 1751.3
1083060 1750.6
1083070 1750.8
1083080 1750.8
1083090 1751.0
1083100 1751.4
1083110 1751.4
1083120 1752.0
1083130 1751.8
1083140 1751.4
1083150 1751.4
1083160 1752.0
1083170 1751.0
1083180 1751.0
1083190 1750.5
1083200 1749.1
1083210 1749.1
1083220 1747.9
1083230 1748.1
1083240 1748.1
1083250 1747.2
1083260 1745.1
1083270 1745.1
1083280 1739.4
1083290 1732.6
1083300 1732.6
1083310 1725.5
1083320 1717.6
1083330 1717.6
1083340 1709.8
1083350 1702.1
1083360 1702.1
1083370 1693.9
1083380 1685.9
1083390 1678.6
1083400 1678.6
1083410 1671.5
1083420 1665.1
1083430 1665.1
1083440 1659.3
1083450 1655.5
1083460 1655.5
1083470 1650.8
1083480 1644.3
1083490 1644.3
1083500 1638.3
1083510 1633.5
1083520 1633.5
1083530 1629.1
1083540 1625.2
1083550 1625.2
1083560 1621.5
1083570 1617.9
1083580 1617.9
1083590 1613.8
1083600 1610.3
1083610 1607.5
1083620 1607.5
1083630 1604.4
1083640 1598.1
1083650 1598.1
1083660 1594.5
1083670 1590.8
1083680 1590.8
1083690 1586.7
1083700 1583.4
1083710 1583.4
1083720 1579.9
1083730 1575.8
1083740 1575.8
1083750 1571.8
1083760 1567.1
1083770 1567.1
1083780 1561.8
1083790 1557.2
1083800 1557.2
1083810 1552.9
1083820 1548.2
1083830 1548.2
1083840 1543.9
1083850 1540.6
1083860 1537.9
1083870 1537.9
1083880 1535.7
1083890 1532.5
1083900 1532.5
1083910 1529.1
1083920 1526.1
1083930 1526.1
1083940 1523.9
1083950 1521.7
1083960 1519.2
1083970 1515.0
1083980 1509.3
1083990 1509.3
1084000 1502.6
1084010 1497.6
1084020 1497.6
1084030 1496.0
1084040 1498.2
1084050 1498.2
1084060 1502.5
1084070 1503.3
1084080 1503.3
1084090 1502.2
1084100 1500.4
1084110 1498.6
1084120 1498.6
1084130 1497.0
1084140 1495.5
1084150 1495.5
1084160 1493.6
1084170 1491.5
1084180 1491.5
1084190 1489.7
1084200 1488.1
1084210 1488.1
1084220 1486.4
1084230 1484.7
1084240 1484.7
1084250 1481.6
1084260 1476.8
1084270 1480.5
1084280 1476.0
1084290 1470.3
1084300 1470.3
1084310 1462.3
1084320 1453.1
1084330 1443.7
1084340 1443.7
1084350 1435.7
1084360 1427.4
1084370 1427.4
1084380 1420.6
1084390 1420.9
1084400 1420.9
1084410 1425.9
1084420 1433.0
1084430 1433.0
1084440 1439.7
1084450 1443.4
1084460 1443.4
1084470 1449.8
1084480 1453.1
1084490 1453.1
1084500 1451.3
1084510 1455.0
1084520 1455.0
1084530 1459.5
1084540 1458.9
1084550 1458.9
1084560 1455.5
1084570 1450.7
1084580 1452.7
1084590 1458.5
1084600 1463.8
1084610 1469.8
1084620 1469.8
1084630 1471.8
1084640 1471.8
1084650 1471.8
1084660 1471.8
1084670 1469.7
1084680 1469.7
1084690 1465.4
1084700 1466.9
1084710 1466.9
1084720 1469.9
1084730 1470.9
1084740 1470.9
1084750 1469.4
1084760 1467.4
1084770 1467.4
1084780 1465.4
1084790 1459.9
1084800 1459.9
1084810 1455.2
1084820 1449.2
1084830 1442.7
1084840 1442.7
1084850 1444.9
1084860 1448.5
1084870 1448.5
1084880 1450.5
1084890 1449.2
1084900 1449.2
1084910 1456.6
1084920 1455.4
1084930 1455.4
1084940 1451.0
1084950 1444.5
1084960 1444.5
1084970 1441.0
1084980 1437.6
1084990 1437.6
1085000 1433.0
1085010 1427.7
1085020 1427.7
1085030 1423.9
1085040 1420.3
1085050 1420.3
1085060 1416.9
1085070 1413.3
1085080 1410.2
1085090 1410.2
1085100 1408.7
1085110 1406.2
1085120 1406.2
1085130 1401.8
1085140 1397.1
1085150 1397.1
1085160 1392.9
1085170 1388.9
1085180 1388.9
1085190 1384.7
1085200 1378.8
1085210 1378.8
1085220 1377.9
1085230 1377.5
1085240 1377.5
1085250 1381.0
1085260 1383.2
1085270 1383.2
1085280 1381.4
1085290 1379.6
1085300 1377.3
1085310 1377.3
1085320 1376.4
1085330 1379.1
1085340 1379.1
1085350 1379.2
1085360 1379.5
1085370 1379.5
1085380 1382.5
1085390 1384.7
1085400 1384.7
1085410 1385.5
1085420 1385.7
1085430 1385.7
1085440 1385.9
1085450 1386.0
1085460 1386.0
1085470 1385.8
1085480 1382.6
1085490 1382.6
1085500 1380.9
1085510 1380.2
1085520 1380.2
1085530 1378.2
1085540 1375.5
1085550 1376.5
1085560 1376.5
1085570 1372.1
1085580 1368.9
1085590 1368.9
1085600 1366.6
1085610 1364.6
1085620 1364.6
1085630 1360.5
1085640 1357.1
1085650 1357.1
1085660 1352.9
1085670 1349.3
1085680 1349.3
1085690 1345.9
1085700 1342.9
1085710 1342.9
1085720 1338.9
1085730 1336.2
1085740 1336.2
1085750 1333.5
1085760 1328.8
1085770 1328.8
1085780 1316.6
1085790 1306.8
1085800 1298.6
1085810 1298.6
1085820 1292.6
1085830 1288.7
1085840 1288.7
1085850 1285.8
1085860 1284.6
1085870 1284.6
1085880 1284.0
1085890 1284.2
1085900 1284.2
1085910 1283.9
1085920 1281.4
1085930 1281.4
1085940 1278.2
1085950 1276.6
1085960 1276.6
1085970 1274.0
1085980 1269.9
1085990 1269.9
1086000 1266.2
1086010 1263.8
1086020 1263.8
1086030 1261.6
1086040 1259.1
1086050 1256.7
1086060 1256.7
1086070 1254.5
1086080 1251.2
1086090 1251.2
1086100 1249.4
1086110 1249.1
1086120 1249.1
1086130 1249.8
1086140 1249.3
1086150 1249.3
1086160 1247.4
1086170 1245.3
1086180 1246.2
1086190 1245.4
1086200 1245.0
1086210 1245.0
1086220 1245.0
1086230 1245.3
1086240 1245.3
1086250 1244.9
1086260 1243.6
1086270 1241.4
1086280 1241.4
1086290 1238.9
1086300 1236.5
1086310 1236.5
1086320 1234.4
1086330 1232.1
1086340 1232.1
1086350 1229.8
1086360 1227.7
1086370 1227.7
1086380 1225.9
1086390 1224.5
1086400 1224.5
1086410 1224.2
1086420 1223.2
1086430 1223.2
1086440 1219.9
1086450 1217.3
1086460 1217.3
1086470 1217.1
1086480 1217.5
1086490 1217.5
1086500 1218.2
1086510 1220.3
1086520 1222.3
1086530 1222.3
1086540 1222.5
1086550 1222.1
1086560 1222.1
1086570 1221.5
1086580 1219.6
1086590 1219.6
1086600 1215.8
1086610 1210.4
1086620 1210.4
1086630 1204.7
1086640 1198.8
1086650 1198.8
1086660 1193.6
1086670 1190.7
1086680 1190.7
1086690 1189.0
1086700 1187.5
1086710 1187.5
1086720 1186.7
1086730 1186.2
1086740 1186.2
1086750 1184.8
1086760 1181.2
1086770 1179.1
1086780 1179.1
1086790 1177.0
1086800 1174.3
1086810 1174.3
1086820 1173.2
1086830 1168.5
1086840 1168.5
1086850 1163.2
1086860 1158.1
1086870 1158.1
1086880 1152.7
1086890 1148.1
1086900 1148.1
1086910 1143.6
1086920 1139.1
1086930 1139.1
1086940 1136.0
1086950 1133.0
1086960 1133.0
1086970 1129.9
1086980 1126.4
1086990 1126.4
1087000 1124.2
1087010 1120.5
1087020 1116.6
1087030 1116.6
1087040 1112.6
1087050 1109.3
1087060 1109.3
1087070 1106.0
1087080 1103.0
1087090 1103.0
1087100 1100.6
1087110 1098.1
1087120 1098.1
1087130 1095.2
1087140 1093.8
1087150 1093.8
1087160 1091.2
1087170 1087.6
1087180 1087.6
1087190 1083.9
1087200 1080.7
1087210 1080.7
1087220 1077.6
1087230 1072.0
1087240 1067.8
1087250 1067.8
1087260 1071.9
1087270 1073.6
1087280 1073.6
1087290 1072.8
1087300 1070.8
1087310 1070.8
1087320 1067.9
1087330 1064.0
1087340 1064.0
1087350 1058.4
1087360 1052.0
1087370 1052.0
1087380 1045.4
1087390 1038.8
1087400 1038.8
1087410 1034.0
1087420 1029.3
1087430 1029.3
1087440 1025.6
1087450 1021.2
1087460 1025.1
1087470 1021.8
1087480 1019.3
1087490 1018.3
1087500 1018.3
1087510 1017.9
1087520 1016.7
1087530 1016.7
1087540 1012.0
1087550 1008.7
1087560 1008.7
1087570 1009.5
1087580 1008.6
1087590 1008.6
1087600 1008.1
1087610 1008.6
1087620 1008.6
1087630 1007.9
1087640 1005.2
1087650 1005.2
1087660 1001.6
1087670 999.0
1087680 999.0
1087690 995.7
1087700 992.8
1087710 992.8
1087720 990.3
1087730 988.0
1087740 985.3
1087750 985.3
1087760 982.4
1087770 979.0
1087780 979.3
1087790 975.1
1087800 970.8
1087810 970.8
1087820 966.0
1087830 961.3
1087840 961.3
1087850 956.8
1087860 952.3
1087870 952.3
1087880 948.4
1087890 944.8
1087900 944.8
1087910 941.3
1087920 937.8
1087930 937.8
1087940 934.4
1087950 930.7
1087960 926.4
1087970 926.4
1087980 920.5
1087990 914.3
1088000 914.3
1088010 910.1
1088020 904.9
1088030 904.9
1088040 900.4
1088050 897.4
1088060 897.4
1088070 894.9
1088080 892.7
1088090 892.7
1088100 889.2
1088110 888.8
1088120 888.8
1088130 888.5
1088140 888.4
1088150 888.4
1088160 888.3
1088170 888.0
1088180 888.0
1088190 885.6
1088200 884.2
1088210 883.6
1088220 883.6
1088230 881.0
1088240 878.1
1088250 878.1
1088260 877.1
1088270 872.6
1088280 872.6
1088290 865.2
1088300 861.0
1088310 861.0
1088320 858.3
1088330 856.0
1088340 856.0
1088350 856.3
1088360 861.3
1088370 861.3
1088380 868.7
1088390 874.9
1088400 874.9
1088410 876.4
1088420 879.1
1088430 879.1
1088440 878.0
1088450 876.7
1088460 875.4
1088470 875.4
1088480 873.2
1088490 870.9
1088500 870.9
1088510 868.3
1088520 865.2
1088530 865.2
1088540 862.6
1088550 859.8
1088560 859.8
1088570 856.2
1088580 852.1
1088590 852.1
1088600 849.2
1088610 847.3
1088620 847.3
1088630 844.9
1088640 843.3
1088650 843.3
1088660 843.8
1088670 845.9
1088680 845.9
1088690 847.8
1088700 848.1
1088710 845.6
1088720 845.6
1088730 841.9
1088740 845.0
1088750 845.0
1088760 841.9
1088770 839.2
1088780 839.2
1088790 836.9
1088800 835.5
1088810 835.5
1088820 835.3
1088830 835.1
1088840 835.1
1088850 835.2
1088860 835.8
1088870 835.8
1088880 836.3
1088890 837.2
1088900 837.2
1088910 838.7
1088920 840.3
1088930 841.4
1088940 841.4
1088950 843.1
1088960 845.5
1088970 845.5
1088980 848.3
1088990 851.3
1089000 851.3
1089010 853.3
1089020 853.7
1089030 853.7
1089040 852.9
1089050 852.0
1089060 852.0
1089070 851.7
1089080 851.1
1089090 851.1
1089100 851.1
1089110 850.1
1089120 850.1
1089130 846.3
1089140 840.0
1089150 840.0
1089160 833.0
1089170 826.7
1089180 821.3
1089190 821.3
1089200 815.8
1089210 810.8
1089220 810.8
1089230 806.5
1089240 801.4
1089250 801.4
1089260 796.3
1089270 791.6
1089280 791.6
1089290 787.5
1089300 784.9
1089310 784.9
1089320 783.5
1089330 783.0
1089340 783.0
1089350 783.3
1089360 784.2
1089370 784.2
1089380 784.7
1089390 783.8
1089400 783.8
1089410 785.3
1089420 788.0
1089430 788.3
1089440 788.3
1089450 784.9
1089460 780.1
1089470 780.1
1089480 776.4
1089490 774.7
1089500 774.7
1089510 773.3
1089520 771.4
1089530 771.4
1089540 769.9
1089550 767.7
1089560 767.7
1089570 766.5
1089580 765.7
1089590 765.7
1089600 765.3
1089610 764.2
1089620 764.2
1089630 762.2
1089640 759.3
1089650 757.0
1089660 757.0
1089670 755.4
1089680 754.4
1089690 754.4
1089700 752.2
1089710 748.5
1089720 748.5
1089730 735.1
1089740 720.6
1089750 720.6
1089760 708.5
1089770 693.0
1089780 693.0
1089790 681.7
1089800 673.9
1089810 673.9
1089820 666.7
1089830 658.0
1089840 658.0
1089850 653.0
1089860 644.4
1089870 644.4
1089880 638.8
1089890 640.1
1089900 642.8
1089910 642.8
1089920 648.3
1089930 654.1
1089940 654.1
1089950 658.9
1089960 658.4
1089970 658.4
1089980 658.8
1089990 656.3
1090000 656.3
1090010 657.1
1090020 657.9
1090030 661.7
1090040 667.2
1090050 669.5
1090060 669.5
1090070 672.7
1090080 674.4
1090090 674.4
1090100 675.3
1090110 684.6
1090120 684.6
1090130 702.9
1090140 721.5
1090150 726.2
1090160 726.2
1090170 729.2
1090180 732.5
1090190 732.5
1090200 735.9
1090210 738.8
1090220 738.8
1090230 741.6
1090240 745.6
1090250 745.6
1090260 747.6
1090270 748.2
1090280 748.2
1090290 748.1
1090300 747.9
1090310 747.9
1090320 747.3
1090330 744.7
1090340 744.7
1090350 737.3
1090360 733.3
1090370 733.3
1090380 730.1
1090390 727.2
1090400 722.9
1090410 722.9
1090420 718.5
1090430 716.2
1090440 716.2
1090450 715.1
1090460 715.5
1090470 715.5
1090480 716.6
1090490 720.0
1090500 720.0
1090510 723.3
1090520 722.6
1090530 722.6
1090540 718.6
1090550 714.4
1090560 714.4
1090570 710.6
1090580 707.0
1090590 707.0
1090600 705.3
1090610 704.6
1090620 701.9
1090630 701.9
1090640 699.0
1090650 697.6
1090660 697.6
1090670 697.1
1090680 697.1
1090690 697.1
1090700 696.8
1090710 697.4
1090720 697.4
1090730 699.4
1090740 701.1
1090750 701.1
1090760 698.4
1090770 696.0
1090780 696.0
1090790 692.7
1090800 691.3
1090810 691.3
1090820 693.5
1090830 697.0
1090840 697.0
1090850 698.1
1090860 697.7
1090870 694.7
1090880 694.7
1090890 691.0
1090900 686.9
1090910 686.9
1090920 684.8
1090930 682.4
1090940 682.4
1090950 678.8
1090960 673.1
1090970 673.1
1090980 667.1
1090990 663.1
1091000 665.0
1091010 662.5
1091020 660.5
1091030 660.5
1091040 658.1
1091050 656.2
1091060 656.2
1091070 655.0
1091080 654.3
1091090 654.3
1091100 653.6
1091110 652.5
1091120 652.3
1091130 652.3
1091140 652.0
1091150 651.7
1091160 651.7
1091170 652.2
1091180 651.5
1091190 651.5
1091200 649.4
1091210 646.3
1091220 646.3
1091230 642.7
1091240 637.9
1091250 637.9
1091260 634.7
1091270 633.1
1091280 633.1
1091290 631.3
1091300 629.2
1091310 629.2
1091320 626.9
1091330 623.9
1091340 623.9
1091350 622.0
1091360 621.2
1091370 617.6
1091380 617.6
1091390 610.6
1091400 603.9
1091410 603.9
1091420 597.1
1091430 592.4
1091440 592.4
1091450 591.6
1091460 589.5
1091470 589.5
1091480 584.8
1091490 580.7
1091500 580.7
1091510 577.8
1091520 575.9
1091530 575.9
1091540 574.5
1091550 574.3
1091560 574.3
1091570 573.9
1091580 573.4
1091590 572.0
1091600 572.0
1091610 571.6
1091620 571.2
1091630 571.2
1091640 572.0
1091650 570.0
1091660 570.0
1091670 568.1
1091680 565.7
1091690 565.7
1091700 562.8
1091710 562.4
1091720 562.4
1091730 562.3
1091740 562.3
1091750 562.3
1091760 562.3
1091770 562.3
1091780 562.3
1091790 562.5
1091800 562.5
1091810 562.5
1091820 562.5
1091830 562.5
1091840 562.5
1091850 562.5
1091860 562.6
1091870 562.8
1091880 562.8
1091890 562.7
1091900 562.8
1091910 562.8
1091920 563.2
1091930 563.5
1091940 563.5
1091950 563.6
1091960 563.8
1091970 563.8
1091980 564.0
1091990 564.1
1092000 564.1
1092010 564.2
1092020 564.3
1092030 564.3
1092040 564.3
1092050 564.4
1092060 564.4
1092070 564.5
1092080 564.6
1092090 565.0
1092100 565.0
1092110 566.0
1092120 566.8
1092130 566.8
1092140 566.0
1092150 565.9
1092160 565.9
1092170 565.9
1092180 566.0
1092190 566.0
1092200 565.9
1092210 566.0
1092220 566.0
1092230 565.9
1092240 565.9
1092250 565.9
1092260 566.0
1092270 566.0
1092280 566.0
1092290 566.0
1092300 566.0
1092310 566.0
1092320 566.1
1092330 566.5
1092340 566.8
1092350 566.8
1092360 567.0
1092370 567.0
1092380 567.0
1092390 566.9
1092400 566.8
1092410 566.8
1092420 566.8
1092430 566.6
1092440 566.6
1092450 565.7
1092460 566.7
1092470 566.7
1092480 566.8
1092490 566.8
1092500 566.8
1092510 566.8
1092520 567.0
1092530 567.0
1092540 565.6
1092550 563.5
1092560 563.5
1092570 563.5
1092580 563.5
1092590 563.4
1092600 563.4
1092610 563.4
1092620 563.5
1092630 563.5
1092640 563.5
1092650 563.5
1092660 563.5
1092670 563.5
1092680 563.5
1092690 563.5
1092700 563.4
1092710 563.4
1092720 563.4
1092730 563.5
1092740 563.7
1092750 563.7
1092760 563.9
1092770 564.0
1092780 564.0
1092790 563.7
1092800 563.7
1092810 563.8
1092820 563.8
1092830 564.0
1092840 565.0
1092850 565.0
1092860 565.4
1092870 564.4
1092880 564.4
1092890 564.2
1092900 564.2
1092910 564.2
1092920 564.0
1092930 563.8
1092940 563.8
1092950 563.8
1092960 563.6
1092970 563.6
1092980 563.6
1092990 563.9
1093000 563.9
1093010 564.2
1093020 564.2
1093030 564.2
1093040 564.0
1093050 564.0
1093060 563.9
1093070 563.9
1093080 563.8
1093090 563.9
1093100 563.9
1093110 564.1
1093120 564.2
1093130 564.2
1093140 564.2
1093150 564.4
1093160 564.4
1093170 564.6
1093180 564.5
1093190 564.5
1093200 564.6
1093210 564.7
1093220 564.7
1093230 564.7
1093240 564.9
1093250 564.9
1093260 564.9
1093270 565.1
1093280 565.1
1093290 565.1
1093300 565.1
1093310 565.2
1093320 565.2
1093330 565.3
1093340 565.6
1093350 565.6
1093360 565.8
1093370 565.8
1093380 565.8
1093390 565.9
1093400 566.1
1093410 566.1
1093420 566.0
1093430 566.0
1093440 566.0
1093450 566.0
1093460 566.0
1093470 566.0
1093480 566.0
1093490 565.9
1093500 565.9
1093510 565.8
1093520 565.8
1093530 565.8
1093540 565.8
1093550 565.8
1093560 565.8
1093570 565.8
1093580 565.8
1093590 565.8
1093600 565.8
1093610 565.8
1093620 565.7
1093630 565.7
1093640 565.7
1093650 565.7
1093660 565.7
1093670 565.8
1093680 566.0
1093690 566.0
1093700 565.6
1093710 564.1
1093720 564.1
1093730 562.5
1093740 562.2
1093750 562.2
1093760 562.6
1093770 565.3
1093780 566.9
1093790 566.9
1093800 566.9
1093810 567.2
1093820 567.2
1093830 567.5
1093840 569.2
1093850 569.2
1093860 571.8
1093870 572.0
1093880 572.0
1093890 570.3
1093900 567.9
1093910 569.3
1093920 568.1
1093930 567.6
1093940 567.6
1093950 567.6
1093960 567.7
1093970 567.7
1093980 567.9
1093990 568.1
1094000 568.1
1094010 568.0
1094020 568.0
1094030 568.0
1094040 568.0
1094050 567.7
1094060 569.1
1094070 569.1
1094080 571.1
1094090 571.0
1094100 571.0
1094110 569.8
1094120 568.1
1094130 568.1
1094140 567.5
1094150 567.6
1094160 567.6
1094170 567.6
1094180 567.5
1094190 567.5
1094200 567.5
1094210 567.4
1094220 567.4
1094230 567.7
1094240 567.8
1094250 567.8
1094260 567.8
1094270 567.9
1094280 568.0
1094290 568.0
1094300 567.9
1094310 567.9
1094320 567.9
1094330 567.9
1094340 568.0
1094350 568.0
1094360 568.0
1094370 567.8
1094380 567.8
1094390 567.9
1094400 568.0
1094410 568.0
1094420 567.9
1094430 568.2
1094440 568.2
1094450 568.4
1094460 568.6
1094470 568.6
1094480 571.3
1094490 574.3
1094500 574.5
1094510 574.5
1094520 574.3
1094530 574.8
1094540 574.8
1094550 575.8
1094560 576.0
1094570 576.0
1094580 576.1
1094590 576.1
1094600 576.1
1094610 576.2
1094620 576.4
1094630 576.4
1094640 576.6
1094650 577.0
1094660 577.0
1094670 577.2
1094680 577.4
1094690 577.4
1094700 577.6
1094710 577.9
1094720 577.9
1094730 578.3
1094740 578.5
1094750 578.7
1094760 578.7
1094770 578.9
1094780 579.0
1094790 579.0
1094800 579.0
1094810 579.0
1094820 579.0
1094830 579.0
1094840 579.2
1094850 579.2
1094860 579.3
1094870 579.4
1094880 579.4
1094890 579.3
1094900 579.6
1094910 579.6
1094920 579.7
1094930 579.7
1094940 579.7
1094950 579.9
1094960 580.1
1094970 580.1
1094980 580.4
1094990 580.6
1095000 580.8
1095010 580.8
1095020 580.9
1095030 580.9
1095040 580.9
1095050 581.1
1095060 581.3
1095070 581.3
1095080 581.4
1095090 581.4
1095100 581.4
1095110 581.7
1095120 581.9
1095130 581.9
1095140 581.8
1095150 581.7
1095160 581.7
1095170 581.8
1095180 582.0
1095190 582.0
1095200 582.1
1095210 582.3
1095220 582.2
1095230 582.2
1095240 582.3
1095250 582.7
1095260 582.7
1095270 583.0
1095280 582.8
1095290 582.8
1095300 582.7
1095310 582.8
1095320 582.8
1095330 582.9
1095340 583.1
1095350 583.1
1095360 583.3
1095370 583.6
1095380 583.6
1095390 583.7
1095400 583.4
1095410 583.4
1095420 583.6
1095430 583.9
1095440 583.9
1095450 583.8
1095460 583.8
1095470 584.2
1095480 584.2
1095490 584.6
1095500 584.3
1095510 584.3
1095520 584.2
1095530 584.5
1095540 584.5
1095550 584.7
1095560 584.7
1095570 584.7
1095580 584.8
1095590 585.2
1095600 585.2
1095610 585.5
1095620 585.4
1095630 585.4
1095640 585.4
1095650 585.7
1095660 585.7
1095670 586.0
1095680 586.4
1095690 586.4
1095700 586.9
1095710 586.4
1095720 586.3
1095730 586.3
1095740 586.6
1095750 587.2
1095760 587.2
1095770 586.8
1095780 586.9
1095790 586.9
1095800 587.0
1095810 587.4
1095820 587.4
1095830 588.0
1095840 588.2
1095850 588.2
1095860 588.1
1095870 588.3
1095880 588.3
1095890 588.4
1095900 588.5
1095910 588.5
1095920 588.6
1095930 588.7
1095940 588.9
1095950 588.9
1095960 589.1
1095970 589.4
1095980 589.4
1095990 589.6
1096000 589.9
1096010 589.9
1096020 590.1
1096030 590.4
1096040 590.4
1096050 590.7
1096060 591.0
1096070 591.0
1096080 591.1
1096090 591.2
1096100 591.2
1096110 591.5
1096120 591.7
1096130 591.7
1096140 592.0
1096150 592.2
1096160 592.2
1096170 592.4
1096180 592.7
1096190 592.8
1096200 592.6
1096210 592.7
1096220 592.9
1096230 592.9
1096240 593.2
1096250 593.3
1096260 593.3
1096270 593.4
1096280 593.5
1096290 593.5
1096300 593.7
1096310 593.8
1096320 593.8
1096330 594.0
1096340 594.1
1096350 594.1
1096360 594.3
1096370 594.4
1096380 594.4
1096390 594.5
1096400 594.6
1096410 594.6
1096420 594.3
1096430 594.0
1096440 593.8
1096450 593.8
1096460 593.8
1096470 593.9
1096480 593.9
1096490 594.1
1096500 594.3
1096510 594.3
1096520 594.5
1096530 594.6
1096540 594.6
1096550 594.7
1096560 594.8
1096570 594.8
1096580 595.1
1096590 595.3
1096600 595.3
1096610 595.5
1096620 595.5
1096630 595.5
1096640 595.5
1096650 595.2
1096660 595.2
1096670 595.2
1096680 595.3
1096690 595.4
1096700 595.4
1096710 595.6
1096720 595.9
1096730 595.9
1096740 596.0
1096750 596.2
1096760 596.2
1096770 596.3
1096780 596.6
1096790 596.6
1096800 597.0
1096810 597.3
1096820 597.3
1096830 597.7
1096840 597.9
1096850 597.9
1096860 597.9
1096870 597.9
1096880 597.9
1096890 597.9
1096900 598.1
1096910 598.3
1096920 598.3
1096930 598.5
1096940 598.5
1096950 598.5
1096960 598.5
1096970 598.6
1096980 598.6
1096990 598.8
1097000 599.0
1097010 599.0
1097020 599.2
1097030 599.5
1097040 599.5
1097050 600.0
1097060 600.3
1097070 600.3
1097080 600.5
1097090 600.6
1097100 600.6
1097110 600.7
1097120 600.8
1097130 600.8
1097140 601.2
1097150 601.3
1097160 601.7
1097170 601.7
1097180 602.0
1097190 602.0
1097200 602.0
1097210 602.1
1097220 602.2
1097230 602.2
1097240 602.2
1097250 602.2
1097260 602.2
1097270 602.1
1097280 602.1
1097290 602.1
1097300 602.3
1097310 602.4
1097320 602.4
1097330 602.6
1097340 603.0
1097350 603.0
1097360 603.3
1097370 603.4
1097380 603.4
1097390 603.5
1097400 603.5
1097410 603.6
1097420 603.6
1097430 603.7
1097440 603.8
1097450 603.8
1097460 603.9
1097470 604.2
1097480 604.2
1097490 604.2
1097500 604.5
1097510 604.5
1097520 604.7
1097530 604.9
1097540 604.9
1097550 605.4
1097560 605.1
1097570 605.1
1097580 605.3
1097590 605.4
1097600 605.4
1097610 605.7
1097620 605.8
1097630 606.0
1097640 606.0
1097650 606.4
1097660 607.1
1097670 607.1
1097680 607.4
1097690 607.6
1097700 607.6
1097710 607.8
1097720 608.2
1097730 608.2
1097740 608.5
1097750 608.8
1097760 608.8
1097770 609.0
1097780 609.2
1097790 609.2
1097800 609.4
1097810 609.8
1097820 609.8
1097830 610.5
1097840 610.7
1097850 610.7
1097860 610.9
1097870 611.2
1097880 611.6
1097890 611.6
1097900 611.6
1097910 611.4
1097920 611.4
1097930 611.7
1097940 612.9
1097950 612.9
1097960 614.0
1097970 614.8
1097980 614.8
1097990 615.1
1098000 615.3
1098010 615.3
1098020 615.4
1098030 615.3
1098040 615.3
1098050 614.8
1098060 613.9
1098070 613.9
1098080 613.0
1098090 612.7
1098100 612.7
1098110 612.8
1098120 612.8
1098130 612.9
1098140 612.9
1098150 613.1
1098160 613.1
1098170 613.1
1098180 613.2
1098190 613.3
1098200 613.3
1098210 613.5
1098220 613.7
1098230 613.7
1098240 613.8
1098250 613.9
1098260 613.9
1098270 613.9
1098280 613.5
1098290 613.5
1098300 613.8
1098310 614.1
1098320 614.1
1098330 614.4
1098340 614.9
1098350 615.2
1098360 615.2
1098370 615.5
1098380 616.0
1098390 616.0
1098400 616.3
1098410 617.5
1098420 617.5
1098430 619.7
1098440 622.3
1098450 622.3
1098460 625.0
1098470 627.9
1098480 627.9
1098490 624.9
1098500 628.2
1098510 628.2
1098520 631.3
1098530 633.8
1098540 633.8
1098550 635.2
1098560 635.9
1098570 635.9
1098580 637.0
1098590 639.3
1098600 642.9
1098610 642.9
1098620 645.3
1098630 646.0
1098640 646.0
1098650 646.8
1098660 647.9
1098670 647.9
1098680 648.9
1098690 649.1
1098700 649.1
1098710 649.1
1098720 649.3
1098730 649.3
1098740 650.2
1098750 650.5
1098760 650.5
1098770 651.0
1098780 651.7
1098790 651.7
1098800 652.2
1098810 652.6
1098820 651.6
1098830 651.4
1098840 652.0
1098850 653.7
1098860 653.7
1098870 655.1
1098880 656.3
1098890 656.3
1098900 656.3
1098910 657.2
1098920 657.2
1098930 657.6
1098940 658.2
1098950 658.2
1098960 657.8
1098970 656.1
1098980 656.1
1098990 654.8
1099000 653.1
1099010 653.1
1099020 649.2
1099030 647.9
1099040 647.9
1099050 650.0
1099060 653.5
1099070 653.5
1099080 658.8
1099090 659.9
1099100 660.5
1099110 660.5
1099120 662.3
1099130 663.7
1099140 663.7
1099150 662.2
1099160 661.2
1099170 661.2
1099180 660.2
1099190 660.7
1099200 660.7
1099210 660.8
1099220 660.6
1099230 660.6
1099240 659.7
1099250 659.0
1099260 659.0
1099270 659.2
1099280 659.3
1099290 659.3
1099300 659.1
1099310 659.1
1099320 659.0
1099330 659.0
1099340 658.3
1099350 657.7
1099360 657.7
1099370 656.7
1099380 655.1
1099390 655.1
1099400 654.1
1099410 653.7
1099420 653.7
1099430 653.7
1099440 653.6
1099450 653.6
1099460 653.5
1099470 653.1
1099480 648.3
1099490 646.9
1099500 645.7
1099510 645.7
1099520 644.9
1099530 644.2
1099540 644.2
1099550 643.6
1099560 643.2
1099570 643.1
1099580 643.1
1099590 643.0
1099600 642.8
1099610 642.8
1099620 642.8
1099630 643.1
1099640 643.1
1099650 643.4
1099660 643.9
1099670 643.9
1099680 644.5
1099690 645.5
1099700 645.5
1099710 648.7
1099720 654.5
1099730 654.5
1099740 658.6
1099750 657.8
1099760 657.8
1099770 656.9
1099780 656.6
1099790 656.6
1099800 655.9
1099810 654.9
1099820 654.8
1099830 654.8
1099840 654.7
1099850 654.5
1099860 654.5
1099870 653.1
1099880 649.7
1099890 649.7
1099900 648.9
1099910 647.3
1099920 647.3
1099930 644.3
1099940 642.0
1099950 642.0
1099960 640.8
1099970 639.7
1099980 639.7
1099990 639.0
