1080000 1158.7
1080010 1160.4
1080020 1160.4
1080030 1161.7
1080040 1162.3
1080050 1162.3
1080060 1162.3
1080070 1162.5
1080080 1162.5
1080090 1162.6
1080100 1164.4
1080110 1167.5
1080120 1171.1
1080130 1174.5
1080140 1178.0
1080150 1178.0
1080160 1181.5
1080170 1183.7
1080180 1183.7
1080190 1184.5
1080200 1185.0
1080210 1185.0
1080220 1184.4
1080230 1184.6
1080240 1184.6
1080250 1181.8
1080260 1176.5
1080270 1176.5
1080280 1173.6
1080290 1172.3
1080300 1172.3
1080310 1170.9
1080320 1170.1
1080330 1169.2
1080340 1169.2
1080350 1168.9
1080360 1169.0
1080370 1169.0
1080380 1170.0
1080390 1171.8
1080400 1171.8
1080410 1175.0
1080420 1178.8
1080430 1179.2
1080440 1181.2
1080450 1182.8
1080460 1182.8
1080470 1185.4
1080480 1189.3
1080490 1189.3
1080500 1193.8
1080510 1197.7
1080520 1197.7
1080530 1202.3
1080540 1206.5
1080550 1206.5
1080560 1210.4
1080570 1214.3
1080580 1217.8
1080590 1217.8
1080600 1220.8
1080610 1223.7
1080620 1223.7
1080630 1227.4
1080640 1231.0
1080650 1231.0
1080660 1234.0
1080670 1238.7
1080680 1238.7
1080690 1243.9
1080700 1249.3
1080710 1249.3
1080720 1254.3
1080730 1259.3
1080740 1257.2
1080750 1262.5
1080760 1267.8
1080770 1267.8
1080780 1272.8
1080790 1277.8
1080800 1277.8
1080810 1282.8
1080820 1287.5
1080830 1293.6
1080840 1293.6
1080850 1299.3
1080860 1304.7
1080870 1304.7
1080880 1310.6
1080890 1316.2
1080900 1316.2
1080910 1323.0
1080920 1331.8
1080930 1331.8
1080940 1340.2
1080950 1348.1
1080960 1348.1
1080970 1355.6
1080980 1362.9
1080990 1362.9
1081000 1370.1
1081010 1376.1
1081020 1376.1
1081030 1382.5
1081040 1388.7
1081050 1388.7
1081060 1387.8
1081070 1389.5
1081080 1391.2
1081090 1391.2
1081100 1394.3
1081110 1398.4
1081120 1398.4
1081130 1403.3
1081140 1410.1
1081150 1410.1
1081160 1418.9
1081170 1426.5
1081180 1426.5
1081190 1434.0
1081200 1441.9
1081210 1441.9
1081220 1448.8
1081230 1454.8
1081240 1454.8
1081250 1459.4
1081260 1459.5
1081270 1459.5
1081280 1460.5
1081290 1462.8
1081300 1462.8
1081310 1468.3
1081320 1473.3
1081330 1479.5
1081340 1479.5
1081350 1487.1
1081360 1494.9
1081370 1495.0
1081380 1502.5
1081390 1508.3
1081400 1508.3
1081410 1515.7
1081420 1523.8
1081430 1523.8
1081440 1533.7
1081450 1545.1
1081460 1545.1
1081470 1554.5
1081480 1558.5
1081490 1558.5
1081500 1563.8
1081510 1565.6
1081520 1565.6
1081530 1565.6
1081540 1571.7
1081550 1574.7
1081560 1574.7
1081570 1580.1
1081580 1587.1
1081590 1587.1
1081600 1595.9
1081610 1606.1
1081620 1606.1
1081630 1619.7
1081640 1628.2
1081650 1628.2
1081660 1637.7
1081670 1647.1
1081680 1647.1
1081690 1666.0
1081700 1681.6
1081710 1681.6
1081720 1687.1
1081730 1696.7
1081740 1696.7
1081750 1708.4
1081760 1719.0
1081770 1719.0
1081780 1726.0
1081790 1733.0
1081800 1739.2
1081810 1739.2
1081820 1745.0
1081830 1750.9
1081840 1750.9
1081850 1756.3
1081860 1764.9
1081870 1764.9
1081880 1779.1
1081890 1789.0
1081900 1789.0
1081910 1809.7
1081920 1811.3
1081930 1811.3
1081940 1820.0
1081950 1824.7
1081960 1824.7
1081970 1829.8
1081980 1835.2
1081990 1835.2
1082000 1846.0
1082010 1867.2
1082020 1867.2
1082030 1878.2
1082040 1884.6
1082050 1889.2
1082060 1889.2
1082070 1894.6
1082080 1897.1
1082090 1897.1
1082100 1900.6
1082110 1905.5
1082120 1905.5
1082130 1909.8
1082140 1916.8
1082150 1916.8
1082160 1919.4
1082170 1919.2
1082180 1919.2
1082190 1919.2
1082200 1919.4
1082210 1919.4
1082220 1916.6
1082230 1912.2
1082240 1912.2
1082250 1909.0
1082260 1905.4
1082270 1905.4
1082280 1901.6
1082290 1898.3
1082300 1895.7
1082310 1895.7
1082320 1886.3
1082330 1881.2
1082340 1881.2
1082350 1876.7
1082360 1871.8
1082370 1871.8
1082380 1867.9
1082390 1864.5
1082400 1864.5
1082410 1861.1
1082420 1857.7
1082430 1857.7
1082440 1853.8
1082450 1849.3
1082460 1849.3
1082470 1844.8
1082480 1840.4
1082490 1840.4
1082500 1836.9
1082510 1833.4
1082520 1833.4
1082530 1830.4
1082540 1826.9
1082550 1823.5
1082560 1823.5
1082570 1819.8
1082580 1816.1
1082590 1816.1
1082600 1812.7
1082610 1808.7
1082620 1808.7
1082630 1805.0
1082640 1797.8
1082650 1797.8
1082660 1795.2
1082670 1792.6
1082680 1792.6
1082690 1790.1
1082700 1787.1
1082710 1787.1
1082720 1784.3
1082730 1781.1
1082740 1781.1
1082750 1776.8
1082760 1771.5
1082770 1768.2
1082780 1768.2
1082790 1766.1
1082800 1763.7
1082810 1763.7
1082820 1761.2
1082830 1758.5
1082840 1758.5
1082850 1755.1
1082860 1750.9
1082870 1750.9
1082880 1746.6
1082890 1742.6
1082900 1742.6
1082910 1741.9
1082920 1740.1
1082930 1740.1
1082940 1737.1
1082950 1730.3
1082960 1730.3
1082970 1726.3
1082980 1722.6
1082990 1722.6
1083000 1718.7
1083010 1714.9
1083020 1710.9
1083030 1710.9
1083040 1706.6
1083050 1702.3
1083060 1702.3
1083070 1698.2
1083080 1694.3
1083090 1694.3
1083100 1690.7
1083110 1687.1
1083120 1687.1
1083130 1683.2
1083140 1679.1
1083150 1679.1
1083160 1676.1
1083170 1672.5
1083180 1672.5
1083190 1669.3
1083200 1666.3
1083210 1666.3
1083220 1663.9
1083230 1662.6
1083240 1662.6
1083250 1662.0
1083260 1661.1
1083270 1658.0
1083280 1658.0
1083290 1655.9
1083300 1653.4
1083310 1653.4
1083320 1650.1
1083330 1646.3
1083340 1646.3
1083350 1642.5
1083360 1639.6
1083370 1639.6
1083380 1637.1
1083390 1634.2
1083400 1634.2
1083410 1631.5
1083420 1629.2
1083430 1629.2
1083440 1627.0
1083450 1625.3
1083460 1625.3
1083470 1623.6
1083480 1622.1
1083490 1622.1
1083500 1620.6
1083510 1619.6
1083520 1618.7
1083530 1618.7
1083540 1618.0
1083550 1617.4
1083560 1617.4
1083570 1616.6
1083580 1615.8
1083590 1615.1
1083600 1614.5
1083610 1613.9
1083620 1613.9
1083630 1613.3
1083640 1612.4
1083650 1612.4
1083660 1610.9
1083670 1610.0
1083680 1610.0
1083690 1608.3
1083700 1606.6
1083710 1606.6
1083720 1607.0
1083730 1605.9
1083740 1605.2
1083750 1605.2
1083760 1604.4
1083770 1603.5
1083780 1603.5
1083790 1602.7
1083800 1602.3
1083810 1602.3
1083820 1601.8
1083830 1601.4
1083840 1601.4
1083850 1601.9
1083860 1602.5
1083870 1602.5
1083880 1602.2
1083890 1601.6
1083900 1601.8
1083910 1601.1
1083920 1600.5
1083930 1600.5
1083940 1599.6
1083950 1598.5
1083960 1598.5
1083970 1597.4
1083980 1596.3
1083990 1595.0
1084000 1595.0
1084010 1593.8
1084020 1592.4
1084030 1592.4
1084040 1591.0
1084050 1589.9
1084060 1589.9
1084070 1588.9
1084080 1587.8
1084090 1587.8
1084100 1586.3
1084110 1584.0
1084120 1584.0
1084130 1581.9
1084140 1579.0
1084150 1579.0
1084160 1577.4
1084170 1575.1
1084180 1575.1
1084190 1571.0
1084200 1566.7
1084210 1566.7
1084220 1559.7
1084230 1552.1
1084240 1544.3
1084250 1544.3
1084260 1537.6
1084270 1532.4
1084280 1532.4
1084290 1528.3
1084300 1525.4
1084310 1525.4
1084320 1523.0
1084330 1518.6
1084340 1518.6
1084350 1513.5
1084360 1508.4
1084370 1508.4
1084380 1503.3
1084390 1497.9
1084400 1497.9
1084410 1492.7
1084420 1487.6
1084430 1487.6
1084440 1483.4
1084450 1479.7
1084460 1479.7
1084470 1475.5
1084480 1471.6
1084490 1468.1
1084500 1468.1
1084510 1464.5
1084520 1461.0
1084530 1461.0
1084540 1459.2
1084550 1455.7
1084560 1455.7
1084570 1449.6
1084580 1441.9
1084590 1441.9
1084600 1434.6
1084610 1427.6
1084620 1427.6
1084630 1420.2
1084640 1413.3
1084650 1413.3
1084660 1407.8
1084670 1403.0
1084680 1403.0
1084690 1399.7
1084700 1398.2
1084710 1398.2
1084720 1397.4
1084730 1396.7
1084740 1396.5
1084750 1396.5
1084760 1395.6
1084770 1393.4
1084780 1393.4
1084790 1392.0
1084800 1389.5
1084810 1389.5
1084820 1386.7
1084830 1382.2
1084840 1382.2
1084850 1377.1
1084860 1378.0
1084870 1378.0
1084880 1377.0
1084890 1375.7
1084900 1375.7
1084910 1374.2
1084920 1369.4
1084930 1369.4
1084940 1365.3
1084950 1363.2
1084960 1363.3
1084970 1363.3
1084980 1363.8
1084990 1363.4
1085000 1363.4
1085010 1361.0
1085020 1357.8
1085030 1357.8
1085040 1353.8
1085050 1350.1
1085060 1350.1
1085070 1346.2
1085080 1342.4
1085090 1342.4
1085100 1338.8
1085110 1335.7
1085120 1335.7
1085130 1332.8
1085140 1330.2
1085150 1330.2
1085160 1327.3
1085170 1326.3
1085180 1326.3
1085190 1322.3
1085200 1318.7
1085210 1315.4
1085220 1315.4
1085230 1312.1
1085240 1308.9
1085250 1308.9
1085260 1306.2
1085270 1304.0
1085280 1304.0
1085290 1302.4
1085300 1301.2
1085310 1301.2
1085320 1300.0
1085330 1298.5
1085340 1298.5
1085350 1295.2
1085360 1293.3
1085370 1293.3
1085380 1292.7
1085390 1289.9
1085400 1289.9
1085410 1285.0
1085420 1281.7
1085430 1281.7
1085440 1278.4
1085450 1273.7
1085460 1269.1
1085470 1269.1
1085480 1265.2
1085490 1264.4
1085500 1264.4
1085510 1262.5
1085520 1262.6
1085530 1262.6
1085540 1262.4
1085550 1261.8
1085560 1261.8
1085570 1262.2
1085580 1262.1
1085590 1262.1
1085600 1259.8
1085610 1256.6
1085620 1256.6
1085630 1252.4
1085640 1248.6
1085650 1248.6
1085660 1245.5
1085670 1243.7
1085680 1243.7
1085690 1242.7
1085700 1241.4
1085710 1240.8
1085720 1240.8
1085730 1240.4
1085740 1240.0
1085750 1240.0
1085760 1240.1
1085770 1241.2
1085780 1241.2
1085790 1241.2
1085800 1241.2
1085810 1240.5
1085820 1240.8
1085830 1239.7
1085840 1239.7
1085850 1238.9
1085860 1238.8
1085870 1238.8
1085880 1237.1
1085890 1237.1
1085900 1237.1
1085910 1237.8
1085920 1237.4
1085930 1235.5
1085940 1235.5
1085950 1233.5
1085960 1231.7
1085970 1231.7
1085980 1229.4
1085990 1227.4
1086000 1227.4
1086010 1225.9
1086020 1225.3
1086030 1225.3
1086040 1224.6
1086050 1223.7
1086060 1223.7
1086070 1222.3
1086080 1221.2
1086090 1221.2
1086100 1221.3
1086110 1220.6
1086120 1220.6
1086130 1219.6
1086140 1220.4
1086150 1220.4
1086160 1221.4
1086170 1221.2
1086180 1219.5
1086190 1219.5
1086200 1216.6
1086210 1213.7
1086220 1213.7
1086230 1211.3
1086240 1209.7
1086250 1209.7
1086260 1209.1
1086270 1209.0
1086280 1209.0
1086290 1209.1
1086300 1209.5
1086310 1209.5
1086320 1210.2
1086330 1211.3
1086340 1211.3
1086350 1213.2
1086360 1215.8
1086370 1215.8
1086380 1217.1
1086390 1217.8
1086400 1217.8
1086410 1217.6
1086420 1216.6
1086430 1214.9
1086440 1214.9
1086450 1213.3
1086460 1211.9
1086470 1211.9
1086480 1209.9
1086490 1209.7
1086500 1209.7
1086510 1209.3
1086520 1208.6
1086530 1208.6
1086540 1208.8
1086550 1208.2
1086560 1208.2
1086570 1207.1
1086580 1206.4
1086590 1206.4
1086600 1204.6
1086610 1202.9
1086620 1202.9
1086630 1201.6
1086640 1200.3
1086650 1200.3
1086660 1200.2
1086670 1200.3
1086680 1202.5
1086690 1202.5
1086700 1205.6
1086710 1206.9
1086720 1206.9
1086730 1208.3
1086740 1209.7
1086750 1209.7
1086760 1209.9
1086770 1211.9
1086780 1211.9
1086790 1211.9
1086800 1212.0
1086810 1212.0
1086820 1212.0
1086830 1211.8
1086840 1211.8
1086850 1212.0
1086860 1212.0
1086870 1212.0
1086880 1210.7
1086890 1207.3
1086900 1207.3
1086910 1204.5
1086920 1202.3
1086930 1200.6
1086940 1200.6
1086950 1197.6
1086960 1193.3
1086970 1193.3
1086980 1191.0
1086990 1189.4
1087000 1189.4
1087010 1187.0
1087020 1185.4
1087030 1185.4
1087040 1184.0
1087050 1183.5
1087060 1183.5
1087070 1183.3
1087080 1182.1
1087090 1183.5
1087100 1182.6
1087110 1181.7
1087120 1181.7
1087130 1180.3
1087140 1180.6
1087150 1180.8
1087160 1180.8
1087170 1180.1
1087180 1180.0
1087190 1180.0
1087200 1179.7
1087210 1179.4
1087220 1179.4
1087230 1179.6
1087240 1181.9
1087250 1181.9
1087260 1183.1
1087270 1183.5
1087280 1183.5
1087290 1183.4
1087300 1183.3
1087310 1183.3
1087320 1183.2
1087330 1183.2
1087340 1183.2
1087350 1183.9
1087360 1184.3
1087370 1184.3
1087380 1183.5
1087390 1182.1
1087400 1180.2
1087410 1179.8
1087420 1177.6
1087430 1175.8
1087440 1175.8
1087450 1173.9
1087460 1172.0
1087470 1172.0
1087480 1170.1
1087490 1168.0
1087500 1168.0
1087510 1165.9
1087520 1163.7
1087530 1163.7
1087540 1161.5
1087550 1158.5
1087560 1158.5
1087570 1154.7
1087580 1152.0
1087590 1152.0
1087600 1149.6
1087610 1147.1
1087620 1147.1
1087630 1144.9
1087640 1143.9
1087650 1142.4
1087660 1142.4
1087670 1139.7
1087680 1138.8
1087690 1138.8
1087700 1138.6
1087710 1138.6
1087720 1138.6
1087730 1133.4
1087740 1132.7
1087750 1132.7
1087760 1132.1
1087770 1131.4
1087780 1131.4
1087790 1130.1
1087800 1128.8
1087810 1128.8
1087820 1127.2
1087830 1125.8
1087840 1125.8
1087850 1123.8
1087860 1121.6
1087870 1121.6
1087880 1118.5
1087890 1114.8
1087900 1111.6
1087910 1111.6
1087920 1108.7
1087930 1105.6
1087940 1105.6
1087950 1102.6
1087960 1099.5
1087970 1099.5
1087980 1095.6
1087990 1089.9
1088000 1089.9
1088010 1083.1
1088020 1076.1
1088030 1076.1
1088040 1069.4
1088050 1061.1
1088060 1061.1
1088070 1054.9
1088080 1048.2
1088090 1048.2
1088100 1041.0
1088110 1033.3
1088120 1026.3
1088130 1026.3
1088140 1019.2
1088150 1011.7
1088160 1011.7
1088170 1004.3
1088180 996.3
1088190 996.3
1088200 988.5
1088210 980.8
1088220 980.8
1088230 973.4
1088240 966.8
1088250 966.8
1088260 960.5
1088270 955.4
1088280 955.4
1088290 951.1
1088300 946.2
1088310 946.2
1088320 941.2
1088330 936.6
1088340 936.6
1088350 932.0
1088360 927.8
1088370 922.9
1088380 922.9
1088390 919.1
1088400 915.5
1088410 915.5
1088420 910.2
1088430 907.3
1088440 907.3
1088450 904.8
1088460 898.4
1088470 898.4
1088480 893.3
1088490 889.2
1088500 889.2
1088510 883.8
1088520 878.7
1088530 878.7
1088540 874.5
1088550 871.7
1088560 871.7
1088570 872.0
1088580 873.1
1088590 873.1
1088600 870.8
1088610 867.8
1088620 864.5
1088630 864.5
1088640 860.5
1088650 856.5
1088660 856.5
1088670 853.1
1088680 850.0
1088690 856.8
1088700 852.8
1088710 849.7
1088720 849.7
1088730 847.6
1088740 845.8
1088750 845.8
1088760 841.1
1088770 836.7
1088780 836.7
1088790 833.6
1088800 829.6
1088810 829.6
1088820 826.2
1088830 824.5
1088840 824.5
1088850 823.1
1088860 821.2
1088870 819.2
1088880 819.2
1088890 816.0
1088900 811.1
1088910 811.1
1088920 805.0
1088930 799.5
1088940 799.5
1088950 794.8
1088960 791.0
1088970 791.0
1088980 787.6
1088990 784.1
1089000 784.1
1089010 784.4
1089020 780.9
1089030 780.9
1089040 778.1
1089050 775.3
1089060 775.3
1089070 772.5
1089080 769.3
1089090 769.3
1089100 766.4
1089110 764.3
1089120 763.3
1089130 763.3
1089140 763.4
1089150 764.0
1089160 764.0
1089170 764.9
1089180 762.9
1089190 762.9
1089200 760.4
1089210 758.6
1089220 758.6
1089230 755.3
1089240 750.5
1089250 750.5
1089260 739.1
1089270 725.8
1089280 725.8
1089290 716.5
1089300 713.3
1089310 713.3
1089320 708.7
1089330 712.7
1089340 715.1
1089350 715.1
1089360 714.4
1089370 713.1
1089380 713.1
1089390 712.1
1089400 711.8
1089410 711.8
1089420 714.5
1089430 718.6
1089440 718.6
1089450 722.3
1089460 725.9
1089470 725.9
1089480 729.4
1089490 733.7
1089500 733.7
1089510 738.8
1089520 743.8
1089530 743.8
1089540 747.4
1089550 750.7
1089560 750.7
1089570 753.6
1089580 755.5
1089590 757.9
1089600 757.9
1089610 761.9
1089620 765.1
1089630 765.1
1089640 765.6
1089650 769.2
1089660 769.2
1089670 767.6
1089680 765.8
1089690 765.8
1089700 763.6
1089710 761.4
1089720 761.4
1089730 759.8
1089740 757.9
1089750 757.9
1089760 757.7
1089770 759.5
1089780 759.5
1089790 760.0
1089800 759.2
1089810 759.2
1089820 758.0
1089830 757.2
1089840 756.0
1089850 756.0
1089860 753.8
1089870 752.0
1089880 752.0
1089890 751.4
1089900 751.3
1089910 751.3
1089920 751.3
1089930 751.2
1089940 751.2
1089950 750.6
1089960 750.3
1089970 750.3
1089980 749.1
1089990 747.2
1090000 747.2
1090010 746.1
1090020 745.5
1090030 745.5
1090040 744.7
1090050 743.8
1090060 743.8
1090070 741.9
1090080 739.6
1090090 736.3
1090100 736.3
1090110 733.0
1090120 731.3
1090130 731.3
1090140 729.3
1090150 726.2
1090160 726.2
1090170 722.9
1090180 720.8
1090190 720.8
1090200 718.9
1090210 716.2
1090220 716.2
1090230 714.7
1090240 715.4
1090250 715.4
1090260 715.8
1090270 716.2
1090280 716.2
1090290 715.9
1090300 710.7
1090310 706.0
1090320 706.0
1090330 705.3
1090340 708.0
1090350 708.0
1090360 710.4
1090370 712.1
1090380 712.1
1090390 713.0
1090400 714.1
1090410 714.1
1090420 716.2
1090430 715.9
1090440 715.9
1090450 711.8
1090460 707.3
1090470 707.3
1090480 704.6
1090490 701.0
1090500 701.0
1090510 698.7
1090520 697.5
1090530 697.5
1090540 697.8
1090550 698.6
1090560 700.4
1090570 700.4
1090580 700.0
1090590 696.1
1090600 696.1
1090610 691.2
1090620 698.0
1090630 698.0
1090640 694.6
1090650 690.3
1090660 690.3
1090670 686.9
1090680 677.8
1090690 677.8
1090700 661.5
1090710 638.3
1090720 638.3
1090730 613.8
1090740 604.0
1090750 604.0
1090760 596.7
1090770 592.0
1090780 592.0
1090790 590.2
1090800 585.7
1090810 580.9
1090820 580.9
1090830 576.9
1090840 575.8
1090850 575.8
1090860 574.7
1090870 573.4
1090880 573.4
1090890 573.0
1090900 572.5
1090910 572.5
1090920 571.1
1090930 570.2
1090940 572.7
1090950 572.7
1090960 572.7
1090970 572.7
1090980 572.9
1090990 572.5
1091000 572.5
1091010 571.4
1091020 571.4
1091030 571.4
1091040 571.5
1091050 571.6
1091060 571.5
1091070 571.5
1091080 571.2
1091090 570.4
1091100 570.4
1091110 570.1
1091120 569.8
1091130 569.8
1091140 569.7
1091150 569.5
1091160 569.5
1091170 569.3
1091180 569.1
1091190 569.1
1091200 568.9
1091210 568.9
1091220 568.9
1091230 568.4
1091240 568.0
1091250 568.0
1091260 567.8
1091270 567.7
1091280 567.6
1091290 567.6
1091300 567.0
1091310 566.8
1091320 566.8
1091330 566.7
1091340 566.4
1091350 566.4
1091360 566.0
1091370 565.8
1091380 565.8
1091390 565.8
1091400 565.4
1091410 565.4
1091420 565.1
1091430 564.7
1091440 564.7
1091450 564.5
1091460 564.3
1091470 564.3
1091480 564.2
1091490 563.9
1091500 563.9
1091510 563.7
1091520 563.6
1091530 563.4
1091540 563.4
1091550 563.2
1091560 563.2
1091570 563.2
1091580 563.1
1091590 562.6
1091600 562.6
1091610 562.1
1091620 561.9
1091630 561.9
1091640 561.6
1091650 561.7
1091660 561.7
1091670 561.5
1091680 561.4
1091690 561.4
1091700 561.3
1091710 561.2
1091720 561.2
1091730 561.1
1091740 561.0
1091750 561.0
1091760 561.0
1091770 561.0
1091780 560.7
1091790 560.7
1091800 560.6
1091810 560.2
1091820 560.2
1091830 559.6
1091840 559.2
1091850 559.2
1091860 558.7
1091870 558.6
1091880 558.6
1091890 558.5
1091900 558.3
1091910 558.4
1091920 558.1
1091930 557.8
1091940 557.8
1091950 557.4
1091960 557.4
1091970 557.4
1091980 557.9
1091990 558.3
1092000 558.3
1092010 558.2
1092020 557.7
1092030 557.8
1092040 557.8
1092050 557.8
1092060 557.9
1092070 557.9
1092080 558.0
1092090 557.9
1092100 557.9
1092110 558.0
1092120 558.0
1092130 558.0
1092140 557.9
1092150 558.1
1092160 558.1
1092170 558.2
1092180 558.1
1092190 558.1
1092200 558.1
1092210 558.2
1092220 558.2
1092230 558.0
1092240 557.9
1092250 557.9
1092260 557.7
1092270 558.0
1092280 558.7
1092290 558.7
1092300 558.1
1092310 558.2
1092320 558.2
1092330 557.8
1092340 557.3
1092350 557.3
1092360 557.0
1092370 556.6
1092380 556.6
1092390 556.3
1092400 556.7
1092410 556.7
1092420 558.1
1092430 558.5
1092440 558.5
1092450 558.6
1092460 558.7
1092470 558.7
1092480 558.7
1092490 558.6
1092500 558.6
1092510 558.6
1092520 558.8
1092530 559.2
1092540 559.2
1092550 559.6
1092560 559.4
1092570 559.4
1092580 559.2
1092590 559.1
1092600 559.1
1092610 559.2
1092620 558.8
1092630 558.8
1092640 556.1
1092650 555.7
1092660 555.7
1092670 555.8
1092680 556.7
1092690 556.7
1092700 560.5
1092710 561.0
1092720 561.0
1092730 561.1
1092740 561.0
1092750 561.0
1092760 561.0
1092770 561.1
1092780 561.1
1092790 561.1
1092800 561.1
1092810 561.1
1092820 561.1
1092830 561.1
1092840 560.9
1092850 560.9
1092860 561.0
1092870 560.9
1092880 561.1
1092890 561.1
1092900 561.1
1092910 561.1
1092920 561.2
1092930 561.2
1092940 561.2
1092950 561.2
1092960 561.0
1092970 561.0
1092980 560.8
1092990 560.8
1093000 560.3
1093010 560.3
1093020 556.1
1093030 555.1
1093040 555.1
1093050 555.7
1093060 560.2
1093070 560.2
1093080 561.5
1093090 561.6
1093100 561.6
1093110 561.5
1093120 561.7
1093130 561.7
1093140 561.8
1093150 561.9
1093160 561.9
1093170 562.0
1093180 562.1
1093190 562.1
1093200 562.2
1093210 562.2
1093220 562.2
1093230 562.2
1093240 562.1
1093250 562.1
1093260 562.1
1093270 562.2
1093280 562.2
1093290 562.2
1093300 562.2
1093310 562.0
1093320 562.0
1093330 562.0
1093340 561.9
1093350 561.9
1093360 561.9
1093370 562.1
1093380 562.1
1093390 562.3
1093400 562.4
1093410 562.4
1093420 562.4
1093430 562.2
1093440 562.2
1093450 562.1
1093460 561.9
1093470 562.1
1093480 562.1
1093490 562.3
1093500 562.3
1093510 562.3
1093520 562.5
1093530 562.6
1093540 562.6
1093550 562.4
1093560 562.2
1093570 562.2
1093580 562.1
1093590 562.4
1093600 562.4
1093610 563.0
1093620 563.1
1093630 563.1
1093640 563.0
1093650 562.4
1093660 562.4
1093670 561.9
1093680 562.1
1093690 562.1
1093700 562.2
1093710 562.2
1093720 562.6
1093730 562.6
1093740 563.1
1093750 563.5
1093760 563.5
1093770 563.6
1093780 563.4
1093790 563.4
1093800 564.4
1093810 568.4
1093820 568.4
1093830 568.9
1093840 569.3
1093850 569.3
1093860 569.2
1093870 569.5
1093880 569.5
1093890 569.5
1093900 569.4
1093910 569.4
1093920 569.3
1093930 569.2
1093940 569.2
1093950 569.3
1093960 569.3
1093970 569.3
1093980 569.3
1093990 569.1
1094000 569.0
1094010 569.0
1094020 568.8
1094030 568.7
1094040 568.7
1094050 568.5
1094060 568.3
1094070 568.3
1094080 568.5
1094090 568.4
1094100 568.4
1094110 568.2
1094120 568.1
1094130 568.1
1094140 568.0
1094150 567.9
1094160 567.9
1094170 568.2
1094180 569.0
1094190 569.0
1094200 568.3
1094210 567.6
1094220 567.6
1094230 567.6
1094240 567.8
1094250 568.2
1094260 568.2
1094270 568.2
1094280 568.2
1094290 568.2
1094300 568.1
1094310 568.0
1094320 568.0
1094330 568.1
1094340 568.2
1094350 568.2
1094360 568.2
1094370 568.2
1094380 568.2
1094390 568.2
1094400 568.2
1094410 568.2
1094420 568.3
1094430 568.1
1094440 568.1
1094450 568.1
1094460 568.0
1094470 567.7
1094480 567.7
1094490 567.5
1094500 567.6
1094510 568.8
1094520 568.5
1094530 568.3
1094540 568.3
1094550 568.4
1094560 568.4
1094570 568.4
1094580 568.6
1094590 568.6
1094600 568.6
1094610 568.8
1094620 569.9
1094630 569.9
1094640 571.3
1094650 574.5
1094660 574.5
1094670 578.2
1094680 579.7
1094690 579.8
1094700 579.8
1094710 579.5
1094720 578.6
1094730 578.6
1094740 577.9
1094750 576.5
1094760 576.5
1094770 575.2
1094780 573.4
1094790 573.4
1094800 571.2
1094810 569.1
1094820 569.1
1094830 568.9
1094840 571.2
1094850 571.2
1094860 571.3
1094870 571.2
1094880 571.2
1094890 572.0
1094900 573.9
1094910 573.9
1094920 575.9
1094930 578.9
1094940 585.4
1094950 585.4
1094960 595.2
1094970 601.8
1094980 601.8
1094990 604.6
1095000 603.4
1095010 603.4
1095020 601.1
1095030 601.1
1095040 601.1
1095050 600.8
1095060 599.9
1095070 599.9
1095080 599.3
1095090 600.0
1095100 600.0
1095110 603.2
1095120 605.9
1095130 605.9
1095140 608.9
1095150 613.6
1095160 629.3
1095170 635.2
1095180 641.9
1095190 650.0
1095200 650.0
1095210 657.5
1095220 665.2
1095230 665.2
1095240 669.2
1095250 672.7
1095260 672.7
1095270 677.6
1095280 682.0
1095290 682.0
1095300 684.6
1095310 689.8
1095320 689.8
1095330 695.5
1095340 700.5
1095350 700.5
1095360 706.7
1095370 711.5
1095380 711.5
1095390 717.4
1095400 723.4
1095410 723.4
1095420 726.6
1095430 729.2
1095440 732.5
1095450 732.5
1095460 735.4
1095470 736.4
1095480 736.4
1095490 744.1
1095500 745.3
1095510 745.3
1095520 746.4
1095530 747.1
1095540 747.1
1095550 749.0
1095560 750.9
1095570 750.9
1095580 752.0
1095590 753.0
1095600 753.0
1095610 754.0
1095620 755.5
1095630 755.5
1095640 755.3
1095650 753.7
1095660 753.1
1095670 753.1
1095680 752.1
1095690 750.3
1095700 750.3
1095710 750.6
1095720 752.5
1095730 752.5
1095740 754.9
1095750 757.3
1095760 757.3
1095770 759.8
1095780 763.3
1095790 763.3
1095800 768.0
1095810 768.0
1095820 768.0
1095830 770.8
1095840 774.2
1095850 774.2
1095860 777.9
1095870 783.0
1095880 783.0
1095890 787.6
1095900 792.0
1095910 795.0
1095920 795.0
1095930 797.0
1095940 798.2
1095950 798.2
1095960 799.6
1095970 801.4
1095980 801.4
1095990 803.6
1096000 807.6
1096010 807.6
1096020 815.0
1096030 820.3
1096040 820.3
1096050 823.5
1096060 825.6
1096070 825.6
1096080 827.1
1096090 828.0
1096100 828.0
1096110 828.0
1096120 827.9
1096130 827.9
1096140 826.9
1096150 828.7
1096160 830.3
1096170 830.3
1096180 830.9
1096190 830.8
1096200 830.8
1096210 830.6
1096220 831.1
1096230 831.1
1096240 831.9
1096250 832.6
1096260 832.6
1096270 833.3
1096280 834.2
1096290 834.2
1096300 835.3
1096310 835.9
1096320 835.9
1096330 836.0
1096340 836.0
1096350 836.0
1096360 836.5
1096370 836.6
1096380 836.6
1096390 836.4
1096400 837.2
1096410 838.7
1096420 838.7
1096430 840.6
1096440 842.6
1096450 842.6
1096460 844.5
1096470 842.3
1096480 842.3
1096490 843.6
1096500 844.9
1096510 844.9
1096520 845.8
1096530 846.3
1096540 846.3
1096550 847.0
1096560 847.5
1096570 847.5
1096580 847.6
1096590 847.8
1096600 847.8
1096610 848.5
1096620 849.8
1096630 850.5
1096640 850.5
1096650 851.1
1096660 851.8
1096670 851.8
1096680 852.5
1096690 854.7
1096700 854.7
1096710 857.8
1096720 860.1
1096730 860.1
1096740 861.6
1096750 861.7
1096760 861.7
1096770 860.8
1096780 859.3
1096790 860.1
1096800 859.5
1096810 859.1
1096820 859.1
1096830 858.4
1096840 857.5
1096850 857.5
1096860 856.3
1096870 855.2
1096880 853.9
1096890 853.9
1096900 852.7
1096910 851.4
1096920 851.4
1096930 850.3
1096940 848.1
1096950 848.1
1096960 845.5
1096970 843.3
1096980 843.3
1096990 842.1
1097000 841.0
1097010 841.0
1097020 838.7
1097030 839.3
1097040 839.3
1097050 839.8
1097060 839.9
1097070 839.9
1097080 840.5
1097090 842.2
1097100 842.2
1097110 844.5
1097120 856.6
1097130 857.9
1097140 857.9
1097150 858.6
1097160 859.1
1097170 859.1
1097180 859.5
1097190 860.1
1097200 860.1
1097210 861.1
1097220 861.9
1097230 861.9
1097240 862.7
1097250 864.6
1097260 864.6
1097270 866.8
1097280 868.2
1097290 868.2
1097300 869.7
1097310 872.9
1097320 872.9
1097330 875.5
1097340 877.7
1097350 877.7
1097360 880.9
1097370 884.6
1097380 887.6
1097390 887.6
1097400 890.4
1097410 892.4
1097420 892.4
1097430 894.8
1097440 895.2
1097450 899.7
1097460 900.8
1097470 900.9
1097480 900.9
1097490 901.1
1097500 901.3
1097510 901.3
1097520 902.0
1097530 903.0
1097540 903.0
1097550 904.3
1097560 905.0
1097570 905.0
1097580 904.4
1097590 903.4
1097600 903.2
1097610 903.2
1097620 903.3
1097630 903.9
1097640 903.9
1097650 904.8
1097660 905.8
1097670 905.8
1097680 907.7
1097690 910.6
1097700 910.6
1097710 912.1
1097720 912.8
1097730 912.8
1097740 912.9
1097750 909.2
1097760 909.2
1097770 907.4
1097780 908.6
1097790 908.6
1097800 911.2
1097810 912.6
1097820 912.6
1097830 911.8
1097840 910.6
1097850 911.2
1097860 911.2
1097870 914.4
1097880 916.1
1097890 916.1
1097900 916.1
1097910 917.2
1097920 917.2
1097930 919.4
1097940 919.8
1097950 919.8
1097960 921.1
1097970 921.4
1097980 921.4
1097990 921.3
1098000 919.9
1098010 919.9
1098020 919.0
1098030 914.7
1098040 914.7
1098050 898.0
1098060 891.7
1098070 891.7
1098080 888.7
1098090 886.0
1098100 886.9
1098110 886.9
1098120 885.5
1098130 884.0
1098140 884.0
1098150 881.6
1098160 878.5
1098170 878.5
1098180 871.9
1098190 865.1
1098200 865.1
1098210 859.1
1098220 853.9
1098230 853.9
1098240 850.4
1098250 846.3
1098260 846.3
1098270 842.0
1098280 837.8
1098290 837.8
1098300 833.6
1098310 828.5
1098320 828.5
1098330 824.2
1098340 820.5
1098350 816.7
1098360 816.7
1098370 812.8
1098380 809.0
1098390 809.0
1098400 805.2
1098410 802.2
1098420 802.2
1098430 803.9
1098440 800.5
1098450 800.5
1098460 797.2
1098470 793.9
1098480 793.9
1098490 790.2
1098500 786.3
1098510 786.3
1098520 783.2
1098530 780.5
1098540 780.5
1098550 777.9
1098560 776.0
1098570 773.5
1098580 773.5
1098590 771.4
1098600 769.8
1098610 769.8
1098620 767.1
1098630 764.1
1098640 764.1
1098650 761.6
1098660 758.8
1098670 758.8
1098680 756.5
1098690 752.6
1098700 752.6
1098710 749.0
1098720 747.0
1098730 747.0
1098740 746.9
1098750 746.8
1098760 745.5
1098770 745.6
1098780 746.0
1098790 746.0
1098800 746.7
1098810 747.1
1098820 747.8
1098830 747.8
1098840 748.6
1098850 749.4
1098860 749.4
1098870 750.2
1098880 750.8
1098890 750.8
1098900 751.3
1098910 751.8
1098920 751.8
1098930 752.1
1098940 752.3
1098950 752.3
1098960 752.8
1098970 753.4
1098980 753.4
1098990 753.6
1099000 753.4
1099010 753.4
1099020 753.6
1099030 753.9
1099040 753.9
1099050 752.1
1099060 745.4
1099070 741.7
1099080 741.7
1099090 741.2
1099100 743.9
1099110 743.9
1099120 745.2
1099130 747.1
1099140 747.1
1099150 747.2
1099160 748.0
1099170 748.0
1099180 748.7
1099190 749.2
1099200 749.2
1099210 749.5
1099220 749.7
1099230 749.7
1099240 749.9
1099250 749.7
1099260 749.7
1099270 749.5
1099280 749.3
1099290 749.3
1099300 749.1
1099310 748.9
1099320 748.6
1099330 748.6
1099340 748.2
1099350 747.8
1099360 747.8
1099370 748.1
1099380 747.9
1099390 747.9
1099400 747.4
1099410 747.1
1099420 745.7
1099430 745.1
1099440 744.7
1099450 744.7
1099460 744.6
1099470 744.5
1099480 744.5
1099490 744.3
1099500 743.9
1099510 743.9
1099520 743.7
1099530 743.5
1099540 743.3
1099550 743.3
1099560 743.3
1099570 743.3
1099580 743.3
1099590 743.1
1099600 742.0
1099610 742.0
1099620 740.3
1099630 738.6
1099640 738.6
1099650 737.9
1099660 737.5
1099670 737.5
1099680 736.2
1099690 735.4
1099700 735.4
1099710 734.6
1099720 733.4
1099730 733.4
1099740 732.3
1099750 730.3
1099760 730.3
1099770 729.3
1099780 728.6
1099790 728.0
1099800 728.0
1099810 726.8
1099820 725.9
1099830 725.9
1099840 725.6
1099850 724.1
1099860 724.1
1099870 721.9
1099880 720.4
1099890 720.4
1099900 719.5
1099910 718.8
1099920 718.8
1099930 718.3
1099940 717.7
1099950 717.7
1099960 716.4
1099970 715.5
1099980 715.5
1099990 715.6
