1080000 1352.0
1080010 1352.0
1080020 1353.5
1080030 1354.6
1080040 1360.9
1080050 1360.9
1080060 1366.7
1080070 1367.1
1080080 1367.1
1080090 1365.8
1080100 1355.2
1080110 1355.2
1080120 1355.3
1080130 1363.9
1080140 1363.9
1080150 1370.8
1080160 1374.1
1080170 1374.1
1080180 1372.8
1080190 1371.7
1080200 1371.7
1080210 1362.0
1080220 1351.0
1080230 1351.0
1080240 1347.0
1080250 1355.5
1080260 1368.9
1080270 1368.9
1080280 1381.8
1080290 1391.8
1080300 1391.8
1080310 1401.8
1080320 1408.8
1080330 1408.8
1080340 1412.9
1080350 1415.5
1080360 1415.5
1080370 1414.3
1080380 1411.2
1080390 1411.2
1080400 1404.9
1080410 1396.4
1080420 1396.4
1080430 1395.0
1080440 1390.0
1080450 1390.0
1080460 1375.4
1080470 1368.5
1080480 1368.5
1080490 1383.7
1080500 1384.0
1080510 1382.9
1080520 1382.9
1080530 1380.8
1080540 1376.4
1080550 1376.4
1080560 1371.4
1080570 1362.4
1080580 1362.4
1080590 1353.4
1080600 1351.5
1080610 1351.5
1080620 1347.5
1080630 1344.2
1080640 1344.2
1080650 1340.6
1080660 1338.2
1080670 1338.2
1080680 1331.7
1080690 1326.9
1080700 1326.9
1080710 1321.7
1080720 1315.3
1080730 1315.3
1080740 1310.8
1080750 1307.4
1080760 1304.1
1080770 1304.1
1080780 1299.4
1080790 1295.6
1080800 1295.6
1080810 1291.5
1080820 1294.3
1080830 1294.3
1080840 1299.1
1080850 1302.6
1080860 1302.6
1080870 1305.8
1080880 1308.0
1080890 1308.0
1080900 1311.4
1080910 1315.4
1080920 1319.2
1080930 1324.6
1080940 1329.3
1080950 1329.3
1080960 1336.3
1080970 1344.4
1080980 1344.4
1080990 1352.2
1081000 1362.8
1081010 1374.0
1081020 1374.0
1081030 1381.9
1081040 1387.7
1081050 1387.7
1081060 1395.1
1081070 1405.2
1081080 1405.2
1081090 1414.2
1081100 1420.3
1081110 1420.3
1081120 1425.0
1081130 1429.4
1081140 1429.4
1081150 1432.9
1081160 1438.6
1081170 1438.6
1081180 1444.2
1081190 1449.6
1081200 1449.6
1081210 1457.7
1081220 1463.4
1081230 1471.4
1081240 1477.8
1081250 1480.4
1081260 1480.4
1081270 1480.4
1081280 1488.3
1081290 1494.0
1081300 1494.0
1081310 1500.6
1081320 1509.7
1081330 1509.7
1081340 1518.8
1081350 1526.9
1081360 1526.9
1081370 1537.5
1081380 1546.6
1081390 1546.6
1081400 1547.1
1081410 1551.7
1081420 1551.7
1081430 1558.7
1081440 1565.5
1081450 1565.5
1081460 1573.2
1081470 1582.3
1081480 1608.9
1081490 1608.9
1081500 1622.6
1081510 1630.5
1081520 1630.5
1081530 1637.9
1081540 1645.5
1081550 1643.9
1081560 1649.9
1081570 1656.3
1081580 1656.3
1081590 1660.2
1081600 1663.0
1081610 1663.0
1081620 1667.5
1081630 1670.7
1081640 1670.7
1081650 1674.4
1081660 1679.5
1081670 1679.5
1081680 1684.0
1081690 1681.7
1081700 1681.7
1081710 1684.9
1081720 1691.4
1081730 1693.3
1081740 1693.3
1081750 1697.1
1081760 1700.1
1081770 1700.1
1081780 1703.2
1081790 1709.4
1081800 1709.4
1081810 1715.5
1081820 1722.6
1081830 1722.6
1081840 1728.8
1081850 1735.5
1081860 1739.9
1081870 1747.4
1081880 1757.9
1081890 1757.9
1081900 1765.1
1081910 1770.5
1081920 1770.5
1081930 1776.3
1081940 1787.1
1081950 1787.1
1081960 1801.6
1081970 1820.7
1081980 1836.6
1081990 1836.6
1082000 1843.5
1082010 1849.0
1082020 1849.0
1082030 1847.8
1082040 1841.3
1082050 1841.3
1082060 1833.4
1082070 1826.9
1082080 1826.9
1082090 1820.0
1082100 1812.3
1082110 1812.3
1082120 1804.3
1082130 1796.7
1082140 1796.7
1082150 1790.4
1082160 1785.4
1082170 1785.4
1082180 1776.6
1082190 1772.2
1082200 1772.2
1082210 1768.5
1082220 1765.7
1082230 1764.7
1082240 1764.7
1082250 1763.1
1082260 1762.2
1082270 1762.2
1082280 1760.4
1082290 1759.0
1082300 1759.0
1082310 1756.0
1082320 1751.4
1082330 1751.4
1082340 1747.8
1082350 1746.5
1082360 1746.5
1082370 1744.5
1082380 1743.0
1082390 1743.0
1082400 1743.3
1082410 1743.0
1082420 1743.0
1082430 1742.6
1082440 1743.5
1082450 1743.7
1082460 1743.7
1082470 1742.6
1082480 1740.2
1082490 1741.0
1082500 1738.3
1082510 1736.0
1082520 1736.0
1082530 1733.3
1082540 1730.5
1082550 1730.5
1082560 1731.6
1082570 1732.2
1082580 1732.2
1082590 1728.5
1082600 1722.3
1082610 1722.3
1082620 1720.2
1082630 1717.1
1082640 1717.1
1082650 1713.3
1082660 1707.5
1082670 1707.5
1082680 1705.5
1082690 1702.5
1082700 1695.9
1082710 1695.9
1082720 1691.6
1082730 1689.5
1082740 1689.5
1082750 1689.5
1082760 1690.8
1082770 1690.8
1082780 1691.7
1082790 1692.2
1082800 1692.2
1082810 1689.7
1082820 1689.2
1082830 1689.2
1082840 1689.0
1082850 1688.0
1082860 1688.0
1082870 1687.3
1082880 1687.8
1082890 1687.8
1082900 1687.3
1082910 1686.1
1082920 1686.1
1082930 1684.7
1082940 1682.2
1082950 1679.9
1082960 1679.9
1082970 1678.1
1082980 1675.9
1082990 1675.9
1083000 1674.0
1083010 1671.5
1083020 1671.5
1083030 1669.0
1083040 1666.1
1083050 1666.1
1083060 1663.0
1083070 1659.8
1083080 1659.8
1083090 1657.3
1083100 1654.6
1083110 1654.6
1083120 1651.7
1083130 1650.1
1083140 1650.1
1083150 1646.8
1083160 1643.7
1083170 1643.7
1083180 1640.5
1083190 1637.1
1083200 1634.5
1083210 1634.5
1083220 1632.2
1083230 1630.4
1083240 1630.4
1083250 1628.9
1083260 1626.0
1083270 1626.0
1083280 1624.2
1083290 1622.9
1083300 1622.9
1083310 1622.5
1083320 1622.0
1083330 1622.0
1083340 1621.0
1083350 1619.8
1083360 1619.8
1083370 1617.9
1083380 1616.7
1083390 1616.7
1083400 1616.0
1083410 1615.4
1083420 1614.5
1083430 1614.5
1083440 1613.4
1083450 1612.5
1083460 1612.5
1083470 1612.0
1083480 1611.3
1083490 1611.3
1083500 1610.6
1083510 1610.1
1083520 1610.1
1083530 1609.5
1083540 1609.0
1083550 1609.0
1083560 1608.6
1083570 1608.7
1083580 1608.7
1083590 1609.0
1083600 1609.3
1083610 1609.3
1083620 1609.6
1083630 1609.9
1083640 1609.9
1083650 1609.8
1083660 1609.0
1083670 1609.0
1083680 1609.0
1083690 1607.0
1083700 1604.0
1083710 1604.0
1083720 1602.4
1083730 1601.1
1083740 1601.1
1083750 1600.0
1083760 1599.6
1083770 1599.6
1083780 1598.3
1083790 1596.9
1083800 1596.9
1083810 1596.2
1083820 1594.8
1083830 1594.8
1083840 1592.9
1083850 1590.8
1083860 1590.8
1083870 1588.4
1083880 1586.9
1083890 1586.9
1083900 1586.4
1083910 1585.0
1083920 1583.3
1083930 1583.3
1083940 1581.8
1083950 1580.4
1083960 1580.4
1083970 1578.7
1083980 1576.8
1083990 1576.8
1084000 1574.8
1084010 1573.6
1084020 1573.6
1084030 1572.9
1084040 1570.2
1084050 1570.2
1084060 1564.4
1084070 1558.0
1084080 1560.0
1084090 1554.0
1084100 1548.9
1084110 1548.9
1084120 1544.6
1084130 1539.7
1084140 1539.7
1084150 1534.4
1084160 1530.5
1084170 1529.8
1084180 1529.8
1084190 1529.0
1084200 1528.1
1084210 1528.1
1084220 1528.1
1084230 1528.1
1084240 1528.1
1084250 1527.4
1084260 1527.6
1084270 1527.6
1084280 1527.5
1084290 1526.6
1084300 1526.6
1084310 1525.1
1084320 1521.4
1084330 1521.4
1084340 1518.2
1084350 1513.1
1084360 1513.1
1084370 1506.8
1084380 1502.6
1084390 1501.2
1084400 1498.8
1084410 1496.3
1084420 1493.5
1084430 1493.5
1084440 1487.6
1084450 1481.2
1084460 1481.2
1084470 1479.0
1084480 1480.7
1084490 1480.7
1084500 1478.8
1084510 1472.6
1084520 1472.6
1084530 1466.2
1084540 1464.5
1084550 1464.5
1084560 1463.7
1084570 1463.2
1084580 1463.2
1084590 1458.7
1084600 1453.4
1084610 1453.4
1084620 1449.6
1084630 1446.2
1084640 1443.1
1084650 1443.1
1084660 1440.3
1084670 1438.0
1084680 1438.0
1084690 1434.2
1084700 1430.5
1084710 1424.2
1084720 1422.2
1084730 1422.0
1084740 1422.0
1084750 1422.9
1084760 1422.9
1084770 1422.9
1084780 1420.7
1084790 1416.0
1084800 1416.0
1084810 1409.2
1084820 1405.6
1084830 1405.6
1084840 1402.1
1084850 1395.4
1084860 1395.4
1084870 1390.4
1084880 1386.7
1084890 1384.0
1084900 1384.0
1084910 1381.1
1084920 1380.5
1084930 1380.5
1084940 1379.0
1084950 1376.9
1084960 1376.9
1084970 1376.5
1084980 1375.6
1084990 1375.6
1085000 1374.0
1085010 1371.6
1085020 1371.6
1085030 1367.5
1085040 1366.2
1085050 1366.2
1085060 1363.9
1085070 1361.4
1085080 1361.4
1085090 1358.7
1085100 1354.8
1085110 1354.8
1085120 1349.4
1085130 1343.6
1085140 1338.6
1085150 1338.6
1085160 1334.4
1085170 1330.5
1085180 1330.5
1085190 1326.9
1085200 1323.3
1085210 1323.3
1085220 1323.2
1085230 1323.2
1085240 1323.2
1085250 1320.9
1085260 1319.1
1085270 1319.1
1085280 1316.9
1085290 1314.8
1085300 1314.8
1085310 1312.5
1085320 1309.7
1085330 1309.7
1085340 1306.5
1085350 1300.6
1085360 1300.6
1085370 1295.3
1085380 1289.7
1085390 1284.7
1085400 1284.7
1085410 1279.3
1085420 1274.3
1085430 1274.3
1085440 1269.5
1085450 1264.4
1085460 1264.4
1085470 1261.5
1085480 1257.9
1085490 1257.9
1085500 1254.9
1085510 1251.8
1085520 1251.8
1085530 1248.8
1085540 1246.3
1085550 1246.3
1085560 1245.0
1085570 1243.7
1085580 1243.7
1085590 1246.4
1085600 1249.6
1085610 1251.5
1085620 1251.5
1085630 1251.9
1085640 1251.8
1085650 1251.8
1085660 1252.2
1085670 1255.0
1085680 1255.0
1085690 1253.7
1085700 1250.2
1085710 1250.2
1085720 1246.2
1085730 1243.7
1085740 1243.7
1085750 1242.4
1085760 1241.6
1085770 1241.6
1085780 1241.6
1085790 1241.3
1085800 1241.3
1085810 1242.2
1085820 1242.5
1085830 1242.5
1085840 1235.5
1085850 1230.7
1085860 1228.9
1085870 1228.9
1085880 1225.2
1085890 1220.4
1085900 1220.4
1085910 1217.1
1085920 1215.0
1085930 1215.0
1085940 1212.8
1085950 1210.8
1085960 1210.8
1085970 1209.7
1085980 1206.3
1085990 1206.3
1086000 1203.3
1086010 1201.4
1086020 1201.4
1086030 1200.2
1086040 1198.7
1086050 1198.7
1086060 1196.7
1086070 1192.1
1086080 1192.1
1086090 1185.9
1086100 1183.7
1086110 1181.9
1086120 1181.9
1086130 1184.5
1086140 1182.9
1086150 1182.9
1086160 1178.6
1086170 1176.6
1086180 1176.6
1086190 1178.7
1086200 1180.7
1086210 1180.7
1086220 1181.4
1086230 1180.5
1086240 1180.5
1086250 1178.6
1086260 1176.9
1086270 1176.9
1086280 1175.9
1086290 1175.8
1086300 1172.9
1086310 1172.8
1086320 1174.1
1086330 1174.1
1086340 1175.1
1086350 1175.6
1086360 1175.4
1086370 1175.4
1086380 1174.7
1086390 1172.8
1086400 1172.8
1086410 1169.6
1086420 1167.0
1086430 1167.0
1086440 1166.0
1086450 1165.6
1086460 1165.6
1086470 1165.0
1086480 1165.2
1086490 1165.2
1086500 1166.1
1086510 1167.7
1086520 1167.7
1086530 1169.8
1086540 1171.1
1086550 1171.1
1086560 1171.8
1086570 1171.5
1086580 1169.0
1086590 1169.0
1086600 1163.8
1086610 1160.7
1086620 1154.9
1086630 1151.8
1086640 1149.1
1086650 1149.1
1086660 1147.8
1086670 1150.4
1086680 1150.4
1086690 1150.4
1086700 1144.3
1086710 1144.3
1086720 1142.9
1086730 1147.0
1086740 1147.0
1086750 1147.8
1086760 1146.3
1086770 1146.3
1086780 1144.1
1086790 1143.2
1086800 1143.2
1086810 1143.4
1086820 1145.0
1086830 1146.3
1086840 1146.3
1086850 1146.5
1086860 1146.0
1086870 1146.0
1086880 1145.5
1086890 1145.2
1086900 1145.2
1086910 1145.8
1086920 1146.8
1086930 1146.8
1086940 1142.8
1086950 1142.0
1086960 1142.0
1086970 1140.8
1086980 1139.9
1086990 1139.9
1087000 1139.3
1087010 1139.1
1087020 1139.1
1087030 1139.1
1087040 1138.3
1087050 1138.3
1087060 1137.5
1087070 1137.6
1087080 1138.4
1087090 1138.4
1087100 1138.6
1087110 1138.4
1087120 1138.4
1087130 1137.9
1087140 1135.9
1087150 1135.9
1087160 1134.7
1087170 1131.0
1087180 1131.0
1087190 1129.3
1087200 1129.7
1087210 1129.7
1087220 1129.2
1087230 1129.2
1087240 1129.2
1087250 1129.5
1087260 1127.7
1087270 1127.7
1087280 1126.5
1087290 1124.1
1087300 1124.1
1087310 1120.7
1087320 1117.8
1087330 1115.3
1087340 1115.3
1087350 1112.9
1087360 1110.7
1087370 1110.7
1087380 1108.8
1087390 1106.1
1087400 1106.1
1087410 1103.4
1087420 1100.9
1087430 1100.9
1087440 1098.0
1087450 1095.9
1087460 1095.9
1087470 1094.2
1087480 1092.9
1087490 1092.9
1087500 1091.8
1087510 1090.7
1087520 1090.7
1087530 1089.0
1087540 1087.2
1087550 1085.1
1087560 1085.1
1087570 1082.8
1087580 1075.2
1087590 1075.2
1087600 1072.7
1087610 1070.1
1087620 1070.1
1087630 1067.0
1087640 1062.2
1087650 1062.2
1087660 1058.7
1087670 1054.8
1087680 1054.8
1087690 1051.8
1087700 1047.6
1087710 1047.6
1087720 1044.1
1087730 1040.8
1087740 1040.8
1087750 1038.3
1087760 1036.3
1087770 1036.3
1087780 1033.9
1087790 1029.7
1087800 1025.0
1087810 1025.0
1087820 1021.7
1087830 1019.9
1087840 1019.9
1087850 1017.8
1087860 1014.0
1087870 1014.0
1087880 1010.6
1087890 1007.6
1087900 1004.4
1087910 1000.8
1087920 997.1
1087930 997.1
1087940 993.6
1087950 991.6
1087960 991.6
1087970 988.6
1087980 985.1
1087990 985.1
1088000 983.0
1088010 981.8
1088020 981.8
1088030 978.6
1088040 974.5
1088050 971.9
1088060 971.9
1088070 970.8
1088080 968.4
1088090 968.4
1088100 965.0
1088110 961.3
1088120 961.3
1088130 957.7
1088140 955.1
1088150 955.1
1088160 952.7
1088170 950.0
1088180 950.0
1088190 947.2
1088200 944.7
1088210 944.7
1088220 936.6
1088230 932.7
1088240 932.7
1088250 928.8
1088260 925.7
1088270 925.7
1088280 922.6
1088290 919.5
1088300 916.6
1088310 916.6
1088320 913.1
1088330 909.7
1088340 909.7
1088350 906.7
1088360 903.3
1088370 903.3
1088380 900.4
1088390 897.6
1088400 897.6
1088410 894.8
1088420 892.1
1088430 892.1
1088440 889.7
1088450 887.7
1088460 887.7
1088470 886.1
1088480 885.2
1088490 885.2
1088500 884.2
1088510 882.8
1088520 881.0
1088530 881.0
1088540 877.7
1088550 876.7
1088560 876.7
1088570 875.9
1088580 875.3
1088590 875.3
1088600 874.6
1088610 874.4
1088620 874.4
1088630 874.0
1088640 873.8
1088650 873.8
1088660 873.7
1088670 873.4
1088680 873.4
1088690 873.4
1088700 873.0
1088710 873.0
1088720 871.2
1088730 868.0
1088740 868.0
1088750 865.4
1088760 863.3
1088770 861.4
1088780 861.4
1088790 860.5
1088800 860.2
1088810 860.2
1088820 858.6
1088830 855.8
1088840 855.8
1088850 854.0
1088860 852.9
1088870 851.7
1088880 849.7
1088890 848.5
1088900 848.5
1088910 846.5
1088920 844.4
1088930 844.4
1088940 844.0
1088950 842.3
1088960 842.3
1088970 841.4
1088980 840.4
1088990 840.4
1089000 837.9
1089010 834.1
1089020 829.6
1089030 829.6
1089040 826.7
1089050 824.9
1089060 824.9
1089070 821.9
1089080 817.4
1089090 817.4
1089100 812.4
1089110 807.3
1089120 807.3
1089130 803.0
1089140 798.7
1089150 798.7
1089160 793.9
1089170 785.7
1089180 785.7
1089190 765.0
1089200 751.9
1089210 751.9
1089220 750.1
1089230 746.5
1089240 746.5
1089250 745.7
1089260 758.1
1089270 772.7
1089280 772.7
1089290 780.7
1089300 784.3
1089310 784.3
1089320 788.2
1089330 792.9
1089340 792.9
1089350 797.1
1089360 801.3
1089370 801.3
1089380 804.2
1089390 807.1
1089400 807.1
1089410 810.2
1089420 810.8
1089430 810.8
1089440 808.3
1089450 806.9
1089460 806.9
1089470 808.4
1089480 809.2
1089490 807.8
1089500 807.8
1089510 804.6
1089520 801.0
1089530 801.0
1089540 797.4
1089550 793.7
1089560 793.7
1089570 789.8
1089580 786.1
1089590 786.1
1089600 782.6
1089610 777.4
1089620 777.4
1089630 772.5
1089640 769.2
1089650 769.2
1089660 766.2
1089670 765.5
1089680 765.5
1089690 766.1
1089700 766.6
1089710 766.6
1089720 766.4
1089730 765.4
1089740 764.5
1089750 764.5
1089760 764.5
1089770 764.2
1089780 764.2
1089790 763.2
1089800 762.2
1089810 762.2
1089820 760.5
1089830 758.7
1089840 758.7
1089850 757.8
1089860 757.5
1089870 757.5
1089880 757.4
1089890 757.3
1089900 757.3
1089910 757.2
1089920 757.3
1089930 757.3
1089940 757.4
1089950 756.7
1089960 756.7
1089970 753.8
1089980 751.6
1089990 750.2
1090000 750.2
1090010 748.6
1090020 747.5
1090030 747.5
1090040 746.7
1090050 746.2
1090060 746.2
1090070 745.9
1090080 744.9
1090090 744.9
1090100 742.4
1090110 740.0
1090120 740.0
1090130 740.4
1090140 739.9
1090150 739.3
1090160 743.4
1090170 744.5
1090180 744.5
1090190 744.2
1090200 743.8
1090210 743.8
1090220 743.6
1090230 745.1
1090240 745.9
1090250 745.9
1090260 744.9
1090270 744.6
1090280 744.6
1090290 744.4
1090300 743.3
1090310 743.3
1090320 740.8
1090330 738.3
1090340 738.3
1090350 735.0
1090360 731.3
1090370 731.3
1090380 727.6
1090390 725.5
1090400 725.5
1090410 724.3
1090420 724.7
1090430 724.7
1090440 722.0
1090450 713.8
1090460 709.6
1090470 677.6
1090480 672.1
1090490 669.1
1090500 669.1
1090510 665.7
1090520 660.7
1090530 660.7
1090540 654.0
1090550 647.5
1090560 647.5
1090570 644.3
1090580 637.9
1090590 637.9
1090600 625.7
1090610 606.3
1090620 606.3
1090630 591.1
1090640 586.6
1090650 586.6
1090660 584.0
1090670 583.8
1090680 583.8
1090690 583.5
1090700 588.6
1090710 607.7
1090720 607.7
1090730 619.4
1090740 626.8
1090750 626.8
1090760 633.8
1090770 645.4
1090780 645.4
1090790 676.6
1090800 681.9
1090810 681.9
1090820 681.5
1090830 680.1
1090840 680.1
1090850 677.5
1090860 676.3
1090870 676.3
1090880 674.8
1090890 674.0
1090900 674.0
1090910 674.5
1090920 675.0
1090930 675.0
1090940 675.1
1090950 674.2
1090960 673.3
1090970 673.3
1090980 672.5
1090990 671.7
1091000 671.7
1091010 669.2
1091020 666.7
1091030 666.7
1091040 664.4
1091050 661.5
1091060 661.5
1091070 658.7
1091080 656.6
1091090 656.6
1091100 655.0
1091110 653.0
1091120 653.5
1091130 650.7
1091140 646.7
1091150 646.7
1091160 642.7
1091170 638.8
1091180 638.8
1091190 635.6
1091200 633.5
1091210 631.0
1091220 631.0
1091230 628.5
1091240 626.5
1091250 626.5
1091260 625.1
1091270 622.7
1091280 622.7
1091290 605.1
1091300 584.1
1091310 584.1
1091320 578.6
1091330 575.6
1091340 575.6
1091350 571.8
1091360 567.9
1091370 567.9
1091380 566.0
1091390 564.8
1091400 564.8
1091410 564.0
1091420 562.6
1091430 562.0
1091440 562.2
1091450 561.6
1091460 561.4
1091470 561.4
1091480 561.4
1091490 561.3
1091500 561.3
1091510 561.3
1091520 561.8
1091530 561.8
1091540 562.0
1091550 561.7
1091560 561.7
1091570 561.6
1091580 561.6
1091590 561.6
1091600 561.7
1091610 561.9
1091620 561.9
1091630 561.8
1091640 561.7
1091650 561.7
1091660 561.6
1091670 562.0
1091680 562.0
1091690 562.0
1091700 562.0
1091710 561.4
1091720 561.4
1091730 561.2
1091740 561.3
1091750 561.3
1091760 561.5
1091770 561.3
1091780 561.3
1091790 561.8
1091800 562.4
1091810 562.4
1091820 562.3
1091830 562.1
1091840 562.1
1091850 562.2
1091860 562.3
1091870 562.3
1091880 562.4
1091890 562.5
1091900 562.5
1091910 562.5
1091920 562.5
1091930 562.5
1091940 562.5
1091950 562.5
1091960 562.6
1091970 562.6
1091980 562.6
1091990 562.6
1092000 562.6
1092010 562.6
1092020 562.6
1092030 562.6
1092040 562.7
1092050 562.8
1092060 562.8
1092070 562.7
1092080 562.5
1092090 562.6
1092100 562.2
1092110 561.5
1092120 561.5
1092130 560.7
1092140 560.2
1092150 560.2
1092160 560.0
1092170 560.0
1092180 560.0
1092190 560.0
1092200 560.0
1092210 560.0
1092220 560.0
1092230 560.0
1092240 560.4
1092250 560.4
1092260 561.5
1092270 561.3
1092280 561.3
1092290 560.6
1092300 560.5
1092310 560.5
1092320 560.5
1092330 560.1
1092340 560.1
1092350 559.9
1092360 559.9
1092370 559.9
1092380 559.9
1092390 559.9
1092400 559.9
1092410 559.9
1092420 559.9
1092430 559.8
1092440 559.8
1092450 559.7
1092460 559.7
1092470 559.7
1092480 559.9
1092490 560.1
1092500 560.1
1092510 560.2
1092520 560.2
1092530 560.2
1092540 560.2
1092550 560.3
1092560 560.3
1092570 560.4
1092580 560.2
1092590 560.2
1092600 560.2
1092610 560.0
1092620 560.0
1092630 560.1
1092640 560.2
1092650 560.2
1092660 560.2
1092670 560.3
1092680 560.4
1092690 560.4
1092700 560.3
1092710 560.3
1092720 560.3
1092730 560.5
1092740 561.0
1092750 561.0
1092760 561.2
1092770 561.4
1092780 561.4
1092790 561.2
1092800 561.0
1092810 561.0
1092820 561.0
1092830 561.1
1092840 561.1
1092850 561.2
1092860 561.3
1092870 561.3
1092880 561.4
1092890 561.5
1092900 561.3
1092910 561.3
1092920 558.8
1092930 558.5
1092940 558.5
1092950 559.4
1092960 562.0
1092970 562.0
1092980 562.2
1092990 562.2
1093000 562.2
1093010 562.2
1093020 562.2
1093030 562.2
1093040 562.2
1093050 562.2
1093060 562.1
1093070 562.3
1093080 564.1
1093090 564.1
1093100 564.8
1093110 564.7
1093120 564.7
1093130 564.1
1093140 563.3
1093150 563.2
1093160 563.2
1093170 563.2
1093180 563.3
1093190 563.3
1093200 563.4
1093210 563.5
1093220 563.5
1093230 563.3
1093240 563.1
1093250 563.1
1093260 561.8
1093270 556.8
1093280 556.8
1093290 556.3
1093300 556.1
1093310 556.1
1093320 556.5
1093330 560.8
1093340 560.8
1093350 563.7
1093360 564.2
1093370 564.2
1093380 564.3
1093390 564.2
1093400 563.9
1093410 563.9
1093420 563.5
1093430 563.4
1093440 563.4
1093450 563.8
1093460 564.0
1093470 564.0
1093480 564.1
1093490 564.1
1093500 564.1
1093510 564.3
1093520 564.3
1093530 564.3
1093540 564.5
1093550 564.5
1093560 564.5
1093570 564.4
1093580 564.3
1093590 564.3
1093600 564.4
1093610 564.6
1093620 564.4
1093630 564.4
1093640 564.2
1093650 564.1
1093660 564.1
1093670 564.0
1093680 564.0
1093690 564.0
1093700 564.3
1093710 564.4
1093720 564.4
1093730 564.4
1093740 564.4
1093750 564.4
1093760 564.6
1093770 564.8
1093780 564.8
1093790 565.2
1093800 564.9
1093810 564.9
1093820 564.7
1093830 563.5
1093840 563.5
1093850 561.8
1093860 562.6
1093870 564.7
1093880 564.7
1093890 564.5
1093900 564.5
1093910 564.5
1093920 564.5
1093930 564.5
1093940 564.5
1093950 564.4
1093960 564.4
1093970 564.4
1093980 564.5
1093990 564.9
1094000 564.9
1094010 565.5
1094020 565.4
1094030 565.4
1094040 565.4
1094050 568.2
1094060 568.2
1094070 571.9
1094080 572.1
1094090 572.1
1094100 572.3
1094110 572.0
1094120 571.9
1094130 571.9
1094140 571.7
1094150 571.6
1094160 571.6
1094170 571.5
1094180 571.5
1094190 571.5
1094200 571.4
1094210 571.5
1094220 571.5
1094230 571.8
1094240 572.0
1094250 572.0
1094260 571.8
1094270 571.8
1094280 571.8
1094290 571.9
1094300 572.1
1094310 572.1
1094320 572.0
1094330 571.7
1094340 571.7
1094350 571.2
1094360 571.0
1094370 571.0
1094380 571.0
1094390 571.1
1094400 571.1
1094410 571.1
1094420 571.4
1094430 571.8
1094440 571.8
1094450 573.4
1094460 576.7
1094470 576.7
1094480 580.2
1094490 582.6
1094500 582.6
1094510 584.3
1094520 586.0
1094530 586.0
1094540 586.5
1094550 586.5
1094560 586.5
1094570 587.8
1094580 590.9
1094590 594.4
1094600 594.4
1094610 597.7
1094620 600.8
1094630 600.8
1094640 603.3
1094650 604.8
1094660 604.8
1094670 606.0
1094680 607.0
1094690 607.0
1094700 607.9
1094710 609.1
1094720 609.1
1094730 610.6
1094740 613.1
1094750 613.1
1094760 614.2
1094770 615.0
1094780 615.0
1094790 616.1
1094800 617.1
1094810 617.1
1094820 618.8
1094830 621.1
1094840 623.2
1094850 623.2
1094860 625.0
1094870 627.0
1094880 627.0
1094890 628.5
1094900 630.5
1094910 630.5
1094920 632.8
1094930 635.0
1094940 635.0
1094950 636.7
1094960 638.0
1094970 638.0
1094980 639.7
1094990 641.2
1095000 641.2
1095010 642.5
1095020 643.9
1095030 643.9
1095040 645.4
1095050 647.0
1095060 647.0
1095070 649.7
1095080 651.4
1095090 652.4
1095100 652.4
1095110 653.3
1095120 654.5
1095130 654.5
1095140 655.3
1095150 657.0
1095160 657.0
1095170 658.9
1095180 659.9
1095190 659.9
1095200 660.6
1095210 661.3
1095220 661.3
1095230 661.9
1095240 662.5
1095250 662.5
1095260 662.7
1095270 662.6
1095280 662.6
1095290 663.3
1095300 665.5
1095310 667.2
1095320 667.2
1095330 669.2
1095340 671.3
1095350 671.3
1095360 673.7
1095370 673.9
1095380 673.9
1095390 672.0
1095400 671.3
1095410 671.3
1095420 672.0
1095430 672.9
1095440 672.9
1095450 673.9
1095460 675.2
1095470 675.2
1095480 676.3
1095490 677.3
1095500 677.3
1095510 678.2
1095520 679.0
1095530 679.0
1095540 680.2
1095550 681.4
1095560 682.3
1095570 682.3
1095580 683.4
1095590 685.7
1095600 685.7
1095610 687.6
1095620 689.2
1095630 689.2
1095640 691.1
1095650 692.6
1095660 692.6
1095670 689.4
1095680 691.5
1095690 691.5
1095700 693.2
1095710 694.2
1095720 694.2
1095730 694.9
1095740 695.7
1095750 695.7
1095760 696.6
1095770 698.2
1095780 698.2
1095790 700.7
1095800 704.1
1095810 708.8
1095820 708.8
1095830 715.2
1095840 719.3
1095850 719.3
1095860 721.8
1095870 722.8
1095880 722.8
1095890 723.2
1095900 724.8
1095910 724.8
1095920 726.9
1095930 727.5
1095940 727.5
1095950 727.3
1095960 728.2
1095970 728.2
1095980 729.2
1095990 722.7
1096000 722.7
1096010 722.4
1096020 722.1
1096030 722.1
1096040 722.2
1096050 722.9
1096060 723.4
1096070 723.4
1096080 723.5
1096090 724.5
1096100 724.5
1096110 726.9
1096120 730.1
1096130 730.1
1096140 732.5
1096150 733.8
1096160 733.8
1096170 734.3
1096180 735.1
1096190 735.1
1096200 737.4
1096210 741.7
1096220 741.7
1096230 747.5
1096240 751.0
1096250 751.0
1096260 752.3
1096270 752.8
1096280 753.5
1096290 753.5
1096300 754.1
1096310 754.2
1096320 750.0
1096330 748.8
1096340 750.4
1096350 750.4
1096360 752.7
1096370 753.9
1096380 753.9
1096390 755.1
1096400 756.6
1096410 756.6
1096420 758.3
1096430 760.3
1096440 760.3
1096450 761.7
1096460 763.7
1096470 763.7
1096480 766.3
1096490 767.8
1096500 767.8
1096510 770.8
1096520 772.8
1096530 773.2
1096540 773.2
1096550 774.1
1096560 774.6
1096570 774.6
1096580 775.2
1096590 778.1
1096600 778.1
1096610 786.3
1096620 793.4
1096630 793.4
1096640 796.3
1096650 797.7
1096660 797.7
1096670 800.2
1096680 803.6
1096690 803.6
1096700 806.9
1096710 808.7
1096720 808.7
1096730 809.8
1096740 809.9
1096750 809.9
1096760 808.6
1096770 805.4
1096780 802.8
1096790 802.8
1096800 800.8
1096810 799.5
1096820 799.5
1096830 796.6
1096840 793.9
1096850 793.9
1096860 793.1
1096870 793.1
1096880 793.1
1096890 793.3
1096900 793.3
1096910 793.3
1096920 793.0
1096930 792.8
1096940 792.8
1096950 792.7
1096960 792.7
1096970 793.4
1096980 793.4
1096990 794.1
1097000 794.1
1097010 794.6
1097020 795.0
1097030 796.2
1097040 796.2
1097050 798.4
1097060 800.3
1097070 800.3
1097080 801.5
1097090 804.0
1097100 804.0
1097110 806.9
1097120 808.4
1097130 808.4
1097140 809.4
1097150 809.8
1097160 809.8
1097170 808.6
1097180 805.7
1097190 805.7
1097200 806.0
1097210 807.4
1097220 807.4
1097230 806.7
1097240 805.4
1097250 803.7
1097260 803.7
1097270 802.3
1097280 801.5
1097290 801.5
1097300 801.4
1097310 800.0
1097320 800.0
1097330 797.0
1097340 795.1
1097350 795.1
1097360 794.0
1097370 793.0
1097380 793.0
1097390 791.4
1097400 789.9
1097410 789.9
1097420 788.9
1097430 788.2
1097440 788.2
1097450 787.2
1097460 786.2
1097470 786.2
1097480 784.9
1097490 783.8
1097500 783.2
1097510 783.2
1097520 782.4
1097530 782.0
1097540 782.0
1097550 781.7
1097560 781.7
1097570 781.7
1097580 782.1
1097590 781.3
1097600 781.3
1097610 780.2
1097620 780.0
1097630 777.3
1097640 777.1
1097650 777.9
1097660 777.9
1097670 778.1
1097680 777.7
1097690 777.7
1097700 777.3
1097710 777.4
1097720 777.4
1097730 777.1
1097740 777.4
1097750 777.4
1097760 777.4
1097770 777.7
1097780 780.0
1097790 780.0
1097800 782.4
1097810 783.8
1097820 783.8
1097830 784.0
1097840 783.2
1097850 783.2
1097860 783.0
1097870 784.2
1097880 784.2
1097890 786.0
1097900 786.8
1097910 786.8
1097920 787.6
1097930 788.7
1097940 788.7
1097950 790.4
1097960 784.4
1097970 784.4
1097980 785.9
1097990 786.7
1098000 790.3
1098010 790.3
1098020 792.7
1098030 795.1
1098040 795.1
1098050 797.5
1098060 799.1
1098070 799.1
1098080 799.4
1098090 801.2
1098100 801.2
1098110 803.6
1098120 805.6
1098130 805.6
1098140 807.1
1098150 808.6
1098160 808.6
1098170 810.4
1098180 812.2
1098190 812.2
1098200 814.7
1098210 816.3
1098220 817.4
1098230 817.4
1098240 817.9
1098250 818.1
1098260 818.1
1098270 817.8
1098280 810.5
1098290 810.5
1098300 811.1
1098310 810.9
1098320 810.9
1098330 809.3
1098340 807.6
1098350 807.6
1098360 806.4
1098370 805.7
1098380 805.7
1098390 805.5
1098400 804.8
1098410 804.8
1098420 803.1
1098430 801.4
1098440 801.4
1098450 799.3
1098460 797.3
1098470 795.7
1098480 795.7
1098490 794.8
1098500 794.3
1098510 794.3
1098520 793.7
1098530 791.5
1098540 791.5
1098550 788.2
1098560 785.4
1098570 785.4
1098580 783.1
1098590 781.1
1098600 781.1
1098610 777.2
1098620 775.3
1098630 775.3
1098640 773.0
1098650 771.0
1098660 771.0
1098670 769.3
1098680 768.0
1098690 768.0
1098700 766.7
1098710 764.9
1098720 763.0
1098730 763.0
1098740 761.3
1098750 760.1
1098760 760.1
1098770 760.1
1098780 758.0
1098790 758.0
1098800 755.2
1098810 752.8
1098820 752.8
1098830 750.3
1098840 747.2
1098850 747.2
1098860 744.7
1098870 742.8
1098880 742.8
1098890 742.1
1098900 740.7
1098910 740.7
1098920 734.7
1098930 728.7
1098940 726.1
1098950 721.6
1098960 717.4
1098970 716.7
1098980 716.7
1098990 715.9
1099000 715.6
1099010 715.6
1099020 716.1
1099030 715.9
1099040 715.9
1099050 716.3
1099060 715.6
1099070 715.6
1099080 714.6
1099090 714.6
1099100 714.6
1099110 713.6
1099120 712.3
1099130 712.3
1099140 712.4
1099150 706.4
1099160 706.4
1099170 700.5
1099180 706.1
1099190 711.4
1099200 711.4
1099210 712.5
1099220 712.8
1099230 712.8
1099240 712.4
1099250 712.2
1099260 712.2
1099270 711.2
1099280 711.1
1099290 711.1
1099300 710.9
1099310 711.0
1099320 711.0
1099330 711.1
1099340 711.0
1099350 711.0
1099360 709.4
1099370 709.1
1099380 709.1
1099390 709.4
1099400 709.1
1099410 709.1
1099420 709.0
1099430 708.7
1099440 708.4
1099450 708.4
1099460 708.4
1099470 708.2
1099480 708.2
1099490 707.9
1099500 708.0
1099510 708.0
1099520 708.1
1099530 707.7
1099540 707.7
1099550 707.5
1099560 707.4
1099570 707.4
1099580 707.0
1099590 706.4
1099600 705.2
1099610 704.5
1099620 704.0
1099630 704.0
1099640 703.9
1099650 703.5
1099660 703.5
1099670 703.0
1099680 702.4
1099690 701.9
1099700 701.9
1099710 701.6
1099720 701.2
1099730 701.2
1099740 700.7
1099750 699.9
1099760 699.9
1099770 699.1
1099780 698.4
1099790 698.4
1099800 698.0
1099810 697.9
1099820 697.9
1099830 697.4
1099840 696.6
1099850 696.6
1099860 696.0
1099870 695.4
1099880 695.4
1099890 694.5
1099900 693.8
1099910 693.3
1099920 693.3
1099930 691.9
1099940 691.6
1099950 691.6
1099960 691.1
1099970 690.5
1099980 690.5
1099990 689.8
