1080000 1222.5
1080010 1227.8
1080020 1232.4
1080030 1232.4
1080040 1237.5
1080050 1242.8
1080060 1242.8
1080070 1248.5
1080080 1254.3
1080090 1254.3
1080100 1260.4
1080110 1266.1
1080120 1266.1
1080130 1271.9
1080140 1278.0
1080150 1278.0
1080160 1284.1
1080170 1287.2
1080180 1287.2
1080190 1287.9
1080200 1282.4
1080210 1282.4
1080220 1278.4
1080230 1278.0
1080240 1278.0
1080250 1277.8
1080260 1279.9
1080270 1281.9
1080280 1281.9
1080290 1282.6
1080300 1283.5
1080310 1283.5
1080320 1286.2
1080330 1289.1
1080340 1289.1
1080350 1291.0
1080360 1291.4
1080370 1291.4
1080380 1293.2
1080390 1294.0
1080400 1294.0
1080410 1296.4
1080420 1298.6
1080430 1298.6
1080440 1299.0
1080450 1302.7
1080460 1302.7
1080470 1307.1
1080480 1307.2
1080490 1301.9
1080500 1300.4
1080510 1302.6
1080520 1303.5
1080530 1303.5
1080540 1304.3
1080550 1305.3
1080560 1305.3
1080570 1305.9
1080580 1308.2
1080590 1308.2
1080600 1310.6
1080610 1311.0
1080620 1311.0
1080630 1313.2
1080640 1315.3
1080650 1315.3
1080660 1317.7
1080670 1320.3
1080680 1320.3
1080690 1323.6
1080700 1329.8
1080710 1329.8
1080720 1336.9
1080730 1344.1
1080740 1344.1
1080750 1351.1
1080760 1358.3
1080770 1366.2
1080780 1366.2
1080790 1374.3
1080800 1375.7
1080810 1375.7
1080820 1377.6
1080830 1379.6
1080840 1379.6
1080850 1382.4
1080860 1384.6
1080870 1384.6
1080880 1386.9
1080890 1389.3
1080900 1389.3
1080910 1391.9
1080920 1391.7
1080930 1391.7
1080940 1388.5
1080950 1385.9
1080960 1385.9
1080970 1384.4
1080980 1383.3
1080990 1383.3
1081000 1383.3
1081010 1384.7
1081020 1386.8
1081030 1386.8
1081040 1390.2
1081050 1393.5
1081060 1393.5
1081070 1393.7
1081080 1393.2
1081090 1393.2
1081100 1391.4
1081110 1390.3
1081120 1385.8
1081130 1382.8
1081140 1379.6
1081150 1379.6
1081160 1376.8
1081170 1376.1
1081180 1376.1
1081190 1375.2
1081200 1375.4
1081210 1375.4
1081220 1378.4
1081230 1384.7
1081240 1390.2
1081250 1390.2
1081260 1395.1
1081270 1399.8
1081280 1399.8
1081290 1405.4
1081300 1411.4
1081310 1411.4
1081320 1415.9
1081330 1419.8
1081340 1419.8
1081350 1424.5
1081360 1430.6
1081370 1430.6
1081380 1438.0
1081390 1442.6
1081400 1442.6
1081410 1442.9
1081420 1439.2
1081430 1433.3
1081440 1426.5
1081450 1425.9
1081460 1425.9
1081470 1431.4
1081480 1437.6
1081490 1446.1
1081500 1446.1
1081510 1451.5
1081520 1455.2
1081530 1455.2
1081540 1460.9
1081550 1464.7
1081560 1464.7
1081570 1465.3
1081580 1465.7
1081590 1465.7
1081600 1467.7
1081610 1470.2
1081620 1470.2
1081630 1472.9
1081640 1476.1
1081650 1476.1
1081660 1479.3
1081670 1482.6
1081680 1482.6
1081690 1486.2
1081700 1490.5
1081710 1490.5
1081720 1495.5
1081730 1499.7
1081740 1503.6
1081750 1500.0
1081760 1503.7
1081770 1508.4
1081780 1508.4
1081790 1513.0
1081800 1517.3
1081810 1517.3
1081820 1520.8
1081830 1523.4
1081840 1523.4
1081850 1526.0
1081860 1528.0
1081870 1528.0
1081880 1530.6
1081890 1534.0
1081900 1534.0
1081910 1537.1
1081920 1539.4
1081930 1539.4
1081940 1542.8
1081950 1546.6
1081960 1546.6
1081970 1549.8
1081980 1553.1
1081990 1556.4
1082000 1556.4
1082010 1559.8
1082020 1563.4
1082030 1563.4
1082040 1567.0
1082050 1570.8
1082060 1566.2
1082070 1571.4
1082080 1578.0
1082090 1578.0
1082100 1584.2
1082110 1589.5
1082120 1589.5
1082130 1595.1
1082140 1599.9
1082150 1599.9
1082160 1603.7
1082170 1609.6
1082180 1609.6
1082190 1613.7
1082200 1618.1
1082210 1618.1
1082220 1623.1
1082230 1627.4
1082240 1631.3
1082250 1631.3
1082260 1635.4
1082270 1639.6
1082280 1639.6
1082290 1643.8
1082300 1647.6
1082310 1647.6
1082320 1650.0
1082330 1650.0
1082340 1650.0
1082350 1649.7
1082360 1647.8
1082370 1647.8
1082380 1655.3
1082390 1658.3
1082400 1658.3
1082410 1661.7
1082420 1665.2
1082430 1665.2
1082440 1667.7
1082450 1671.2
1082460 1671.2
1082470 1674.7
1082480 1676.7
1082490 1679.7
1082500 1679.7
1082510 1682.6
1082520 1686.2
1082530 1686.2
1082540 1689.8
1082550 1693.6
1082560 1693.6
1082570 1695.7
1082580 1697.6
1082590 1697.6
1082600 1699.3
1082610 1699.3
1082620 1699.3
1082630 1694.9
1082640 1687.4
1082650 1687.4
1082660 1680.8
1082670 1674.5
1082680 1674.5
1082690 1668.1
1082700 1666.5
1082710 1661.2
1082720 1661.2
1082730 1657.2
1082740 1653.4
1082750 1653.4
1082760 1649.6
1082770 1646.2
1082780 1646.2
1082790 1643.2
1082800 1640.9
1082810 1640.9
1082820 1639.0
1082830 1636.4
1082840 1636.4
1082850 1634.3
1082860 1632.3
1082870 1632.3
1082880 1630.5
1082890 1628.9
1082900 1628.9
1082910 1627.2
1082920 1624.4
1082930 1624.4
1082940 1621.1
1082950 1616.7
1082960 1614.2
1082970 1614.2
1082980 1612.4
1082990 1610.3
1083000 1610.3
1083010 1612.9
1083020 1612.9
1083030 1612.9
1083040 1614.0
1083050 1616.3
1083060 1616.3
1083070 1619.3
1083080 1623.5
1083090 1623.5
1083100 1628.2
1083110 1633.1
1083120 1633.1
1083130 1638.4
1083140 1644.4
1083150 1644.4
1083160 1650.1
1083170 1655.5
1083180 1655.5
1083190 1662.6
1083200 1670.9
1083210 1678.9
1083220 1678.9
1083230 1686.7
1083240 1691.7
1083250 1691.7
1083260 1697.6
1083270 1702.5
1083280 1702.5
1083290 1706.9
1083300 1712.2
1083310 1712.2
1083320 1716.1
1083330 1717.7
1083340 1717.7
1083350 1716.9
1083360 1717.8
1083370 1717.8
1083380 1718.3
1083390 1718.4
1083400 1718.4
1083410 1717.6
1083420 1716.2
1083430 1716.2
1083440 1715.6
1083450 1715.0
1083460 1714.1
1083470 1714.1
1083480 1713.1
1083490 1712.0
1083500 1712.0
1083510 1710.5
1083520 1709.0
1083530 1709.0
1083540 1707.7
1083550 1706.6
1083560 1706.6
1083570 1706.3
1083580 1706.0
1083590 1706.0
1083600 1705.4
1083610 1704.9
1083620 1704.9
1083630 1704.1
1083640 1702.8
1083650 1697.0
1083660 1695.4
1083670 1693.7
1083680 1693.7
1083690 1689.4
1083700 1680.8
1083710 1671.7
1083720 1671.7
1083730 1662.1
1083740 1652.8
1083750 1652.8
1083760 1645.4
1083770 1638.9
1083780 1638.9
1083790 1633.0
1083800 1627.5
1083810 1627.5
1083820 1621.7
1083830 1617.0
1083840 1617.0
1083850 1613.2
1083860 1609.7
1083870 1609.7
1083880 1605.1
1083890 1601.1
1083900 1601.1
1083910 1596.1
1083920 1590.6
1083930 1590.6
1083940 1585.8
1083950 1582.8
1083960 1583.9
1083970 1583.9
1083980 1580.6
1083990 1578.2
1084000 1578.2
1084010 1574.3
1084020 1569.8
1084030 1569.8
1084040 1566.1
1084050 1561.7
1084060 1561.7
1084070 1558.2
1084080 1554.4
1084090 1554.4
1084100 1546.9
1084110 1539.4
1084120 1539.4
1084130 1531.0
1084140 1523.2
1084150 1523.2
1084160 1516.4
1084170 1511.1
1084180 1511.1
1084190 1505.3
1084200 1501.5
1084210 1499.7
1084220 1499.7
1084230 1497.5
1084240 1496.2
1084250 1496.2
1084260 1493.9
1084270 1488.9
1084280 1492.9
1084290 1486.8
1084300 1482.3
1084310 1482.3
1084320 1477.7
1084330 1473.3
1084340 1473.3
1084350 1470.8
1084360 1469.4
1084370 1469.4
1084380 1467.6
1084390 1465.7
1084400 1465.7
1084410 1463.1
1084420 1456.8
1084430 1449.1
1084440 1449.1
1084450 1441.7
1084460 1436.8
1084470 1436.8
1084480 1433.7
1084490 1431.6
1084500 1431.6
1084510 1429.2
1084520 1425.9
1084530 1425.9
1084540 1423.5
1084550 1419.8
1084560 1419.8
1084570 1415.0
1084580 1409.9
1084590 1409.9
1084600 1410.7
1084610 1405.0
1084620 1405.0
1084630 1399.1
1084640 1393.7
1084650 1393.7
1084660 1388.7
1084670 1384.1
1084680 1379.3
1084690 1379.3
1084700 1374.1
1084710 1368.0
1084720 1368.0
1084730 1362.8
1084740 1359.2
1084750 1359.2
1084760 1354.9
1084770 1349.8
1084780 1349.8
1084790 1344.3
1084800 1339.3
1084810 1339.3
1084820 1334.4
1084830 1329.2
1084840 1329.2
1084850 1323.9
1084860 1318.9
1084870 1318.9
1084880 1315.0
1084890 1313.5
1084900 1313.5
1084910 1312.8
1084920 1314.1
1084930 1310.3
1084940 1310.3
1084950 1305.8
1084960 1302.6
1084970 1302.6
1084980 1300.8
1084990 1298.7
1085000 1298.7
1085010 1295.5
1085020 1292.8
1085030 1292.8
1085040 1291.4
1085050 1288.3
1085060 1288.3
1085070 1284.1
1085080 1279.7
1085090 1279.7
1085100 1274.8
1085110 1270.3
1085120 1270.3
1085130 1267.2
1085140 1264.0
1085150 1264.0
1085160 1261.8
1085170 1260.3
1085180 1259.4
1085190 1259.4
1085200 1258.5
1085210 1255.8
1085220 1255.8
1085230 1252.3
1085240 1248.4
1085250 1248.4
1085260 1243.4
1085270 1238.8
1085280 1238.8
1085290 1232.7
1085300 1225.3
1085310 1225.3
1085320 1218.8
1085330 1213.9
1085340 1213.9
1085350 1210.8
1085360 1208.1
1085370 1208.1
1085380 1206.1
1085390 1203.4
1085400 1203.4
1085410 1200.5
1085420 1197.4
1085430 1192.8
1085440 1192.8
1085450 1187.3
1085460 1181.8
1085470 1181.8
1085480 1177.3
1085490 1173.6
1085500 1173.6
1085510 1170.3
1085520 1167.8
1085530 1167.8
1085540 1165.2
1085550 1162.3
1085560 1162.3
1085570 1158.7
1085580 1154.4
1085590 1154.4
1085600 1149.8
1085610 1145.8
1085620 1145.8
1085630 1141.4
1085640 1136.0
1085650 1136.0
1085660 1128.7
1085670 1121.6
1085680 1114.9
1085690 1114.9
1085700 1110.5
1085710 1114.4
1085720 1114.4
1085730 1121.3
1085740 1129.0
1085750 1129.0
1085760 1140.0
1085770 1151.7
1085780 1151.7
1085790 1156.8
1085800 1160.5
1085810 1160.5
1085820 1163.3
1085830 1166.4
1085840 1166.4
1085850 1170.6
1085860 1175.5
1085870 1177.0
1085880 1182.5
1085890 1188.6
1085900 1188.6
1085910 1195.0
1085920 1201.0
1085930 1206.3
1085940 1206.3
1085950 1210.9
1085960 1214.1
1085970 1214.1
1085980 1216.3
1085990 1217.3
1086000 1217.3
1086010 1217.5
1086020 1216.5
1086030 1216.5
1086040 1214.0
1086050 1211.2
1086060 1211.2
1086070 1209.2
1086080 1207.2
1086090 1207.2
1086100 1205.3
1086110 1203.7
1086120 1203.7
1086130 1202.7
1086140 1201.4
1086150 1199.9
1086160 1199.9
1086170 1197.4
1086180 1195.2
1086190 1198.2
1086200 1197.3
1086210 1197.5
1086220 1197.5
1086230 1199.0
1086240 1201.2
1086250 1201.2
1086260 1202.0
1086270 1200.3
1086280 1200.3
1086290 1201.2
1086300 1200.8
1086310 1200.8
1086320 1198.6
1086330 1192.6
1086340 1192.6
1086350 1185.0
1086360 1179.2
1086370 1179.2
1086380 1165.6
1086390 1152.3
1086400 1146.6
1086410 1146.6
1086420 1145.1
1086430 1139.3
1086440 1139.3
1086450 1131.9
1086460 1124.3
1086470 1124.3
1086480 1116.2
1086490 1108.2
1086500 1108.2
1086510 1097.8
1086520 1078.9
1086530 1078.9
1086540 1062.6
1086550 1057.1
1086560 1057.1
1086570 1055.0
1086580 1046.0
1086590 1046.0
1086600 1032.0
1086610 1018.7
1086620 1018.7
1086630 1009.0
1086640 1002.3
1086650 999.1
1086660 999.1
1086670 995.8
1086680 993.1
1086690 993.1
1086700 990.7
1086710 986.5
1086720 986.5
1086730 984.0
1086740 982.2
1086750 982.2
1086760 981.4
1086770 982.0
1086780 982.0
1086790 981.8
1086800 980.0
1086810 980.0
1086820 977.5
1086830 980.8
1086840 980.8
1086850 976.2
1086860 973.0
1086870 973.0
1086880 970.7
1086890 967.6
1086900 963.1
1086910 963.1
1086920 960.6
1086930 957.5
1086940 957.5
1086950 953.5
1086960 949.0
1086970 949.0
1086980 943.4
1086990 938.5
1087000 938.5
1087010 934.2
1087020 929.2
1087030 929.2
1087040 924.1
1087050 920.0
1087060 920.0
1087070 916.9
1087080 915.3
1087090 915.3
1087100 912.8
1087110 910.0
1087120 910.0
1087130 907.9
1087140 904.9
1087150 914.3
1087160 914.3
1087170 915.4
1087180 912.8
1087190 912.8
1087200 907.5
1087210 904.0
1087220 904.0
1087230 903.6
1087240 904.9
1087250 904.9
1087260 904.6
1087270 903.7
1087280 903.7
1087290 904.3
1087300 904.0
1087310 904.0
1087320 902.8
1087330 901.8
1087340 901.8
1087350 901.8
1087360 902.2
1087370 902.2
1087380 903.9
1087390 902.9
1087400 899.6
1087410 899.6
1087420 896.9
1087430 894.3
1087440 894.3
1087450 891.9
1087460 888.7
1087470 897.8
1087480 893.8
1087490 891.3
1087500 891.3
1087510 889.1
1087520 885.8
1087530 885.8
1087540 882.7
1087550 882.7
1087560 882.7
1087570 880.1
1087580 877.7
1087590 877.7
1087600 878.3
1087610 880.1
1087620 880.1
1087630 882.5
1087640 881.3
1087650 877.4
1087660 877.4
1087670 876.3
1087680 879.3
1087690 879.3
1087700 878.5
1087710 877.7
1087720 877.7
1087730 881.1
1087740 885.3
1087750 885.3
1087760 889.9
1087770 891.0
1087780 891.0
1087790 901.9
1087800 901.1
1087810 901.1
1087820 903.5
1087830 907.6
1087840 907.6
1087850 908.8
1087860 908.1
1087870 906.5
1087880 906.5
1087890 904.2
1087900 902.7
1087910 902.7
1087920 904.0
1087930 905.6
1087940 905.6
1087950 903.6
1087960 904.5
1087970 904.5
1087980 907.3
1087990 909.8
1088000 909.8
1088010 910.4
1088020 913.6
1088030 913.6
1088040 918.2
1088050 919.5
1088060 919.5
1088070 918.4
1088080 918.8
1088090 918.8
1088100 918.0
1088110 924.7
1088120 924.4
1088130 924.4
1088140 923.6
1088150 921.2
1088160 921.2
1088170 918.3
1088180 912.9
1088190 912.9
1088200 906.1
1088210 901.7
1088220 901.7
1088230 896.8
1088240 892.3
1088250 892.3
1088260 888.8
1088270 886.9
1088280 886.9
1088290 884.6
1088300 881.4
1088310 881.4
1088320 877.6
1088330 874.8
1088340 874.8
1088350 872.5
1088360 871.4
1088370 870.0
1088380 870.0
1088390 866.4
1088400 862.6
1088410 862.6
1088420 860.7
1088430 868.0
1088440 868.0
1088450 870.7
1088460 873.1
1088470 873.1
1088480 874.6
1088490 875.8
1088500 875.8
1088510 876.8
1088520 877.2
1088530 877.2
1088540 878.1
1088550 880.0
1088560 880.0
1088570 882.0
1088580 883.2
1088590 883.2
1088600 883.7
1088610 884.5
1088620 886.1
1088630 886.1
1088640 887.2
1088650 887.9
1088660 887.9
1088670 887.8
1088680 887.5
1088690 887.5
1088700 886.9
1088710 885.8
1088720 885.8
1088730 884.2
1088740 882.3
1088750 882.6
1088760 880.9
1088770 879.7
1088780 879.7
1088790 878.5
1088800 877.5
1088810 877.5
1088820 876.3
1088830 876.0
1088840 876.0
1088850 878.2
1088860 882.8
1088870 886.5
1088880 886.5
1088890 886.8
1088900 884.6
1088910 884.6
1088920 882.5
1088930 881.2
1088940 881.2
1088950 880.9
1088960 880.9
1088970 880.9
1088980 879.3
1088990 875.9
1089000 875.9
1089010 872.1
1089020 869.0
1089030 869.0
1089040 866.5
1089050 862.8
1089060 862.8
1089070 856.4
1089080 851.8
1089090 851.8
1089100 847.3
1089110 843.1
1089120 839.7
1089130 839.7
1089140 836.1
1089150 832.6
1089160 832.6
1089170 828.7
1089180 824.8
1089190 824.8
1089200 821.4
1089210 819.3
1089220 819.3
1089230 815.6
1089240 812.3
1089250 812.3
1089260 810.2
1089270 807.1
1089280 807.1
1089290 804.5
1089300 802.1
1089310 802.1
1089320 800.0
1089330 798.0
1089340 798.0
1089350 795.9
1089360 793.5
1089370 791.4
1089380 791.4
1089390 786.0
1089400 783.0
1089410 783.0
1089420 779.6
1089430 775.8
1089440 775.8
1089450 771.4
1089460 766.7
1089470 766.7
1089480 760.7
1089490 756.2
1089500 756.2
1089510 750.4
1089520 743.3
1089530 743.3
1089540 735.9
1089550 728.9
1089560 728.9
1089570 722.6
1089580 718.0
1089590 715.4
1089600 715.4
1089610 713.6
1089620 712.6
1089630 712.6
1089640 710.9
1089650 709.1
1089660 709.1
1089670 707.3
1089680 706.0
1089690 706.0
1089700 705.9
1089710 702.6
1089720 702.6
1089730 701.5
1089740 700.4
1089750 700.4
1089760 699.5
1089770 698.2
1089780 698.2
1089790 696.3
1089800 694.4
1089810 694.4
1089820 692.2
1089830 690.7
1089840 689.2
1089850 689.2
1089860 687.7
1089870 686.7
1089880 686.7
1089890 685.3
1089900 683.6
1089910 683.6
1089920 682.2
1089930 680.5
1089940 680.5
1089950 679.3
1089960 678.1
1089970 678.1
1089980 677.1
1089990 675.6
1090000 675.6
1090010 673.5
1090020 670.9
1090030 670.9
1090040 666.4
1090050 665.7
1090060 665.7
1090070 664.3
1090080 662.0
1090090 660.4
1090100 660.4
1090110 658.9
1090120 657.3
1090130 657.3
1090140 655.8
1090150 654.5
1090160 654.5
1090170 653.1
1090180 650.7
1090190 650.7
1090200 648.6
1090210 645.7
1090220 645.7
1090230 642.3
1090240 638.4
1090250 638.4
1090260 634.0
1090270 630.4
1090280 630.4
1090290 627.0
1090300 621.5
1090310 621.5
1090320 617.4
1090330 613.5
1090340 608.8
1090350 608.8
1090360 604.0
1090370 600.9
1090380 600.9
1090390 600.2
1090400 597.6
1090410 597.6
1090420 589.5
1090430 580.8
1090440 580.8
1090450 579.4
1090460 573.6
1090470 573.6
1090480 569.5
1090490 566.7
1090500 566.7
1090510 566.1
1090520 565.8
1090530 565.8
1090540 566.5
1090550 568.3
1090560 568.3
1090570 567.4
1090580 565.4
1090590 566.1
1090600 566.1
1090610 563.9
1090620 563.6
1090630 563.6
1090640 563.1
1090650 561.1
1090660 561.1
1090670 557.3
1090680 556.1
1090690 556.1
1090700 556.0
1090710 556.0
1090720 556.0
1090730 555.2
1090740 555.6
1090750 555.6
1090760 558.1
1090770 560.1
1090780 560.1
1090790 564.1
1090800 564.0
1090810 564.0
1090820 560.2
1090830 559.3
1090840 559.0
1090850 559.0
1090860 558.4
1090870 557.9
1090880 557.9
1090890 555.2
1090900 555.2
1090910 555.2
1090920 558.2
1090930 559.0
1090940 559.0
1090950 558.6
1090960 558.3
1090970 558.3
1090980 558.0
1090990 557.6
1091000 558.2
1091010 557.9
1091020 557.6
1091030 557.6
1091040 557.4
1091050 557.0
1091060 556.6
1091070 556.6
1091080 556.2
1091090 556.5
1091100 556.5
1091110 556.6
1091120 556.0
1091130 556.0
1091140 553.4
1091150 551.6
1091160 551.6
1091170 550.4
1091180 548.6
1091190 548.6
1091200 548.5
1091210 548.5
1091220 548.5
1091230 548.5
1091240 548.5
1091250 548.5
1091260 548.6
1091270 549.0
1091280 549.0
1091290 549.7
1091300 550.0
1091310 550.1
1091320 550.1
1091330 549.7
1091340 550.1
1091350 550.1
1091360 550.7
1091370 550.8
1091380 550.8
1091390 550.4
1091400 549.7
1091410 549.7
1091420 550.1
1091430 550.6
1091440 550.6
1091450 551.0
1091460 550.4
1091470 550.4
1091480 548.9
1091490 547.6
1091500 547.6
1091510 547.2
1091520 547.2
1091530 547.2
1091540 547.1
1091550 547.2
1091560 547.6
1091570 547.6
1091580 549.4
1091590 551.6
1091600 551.6
1091610 553.2
1091620 555.1
1091630 555.1
1091640 556.7
1091650 555.6
1091660 555.6
1091670 556.7
1091680 556.8
1091690 556.8
1091700 556.9
1091710 556.9
1091720 556.9
1091730 556.9
1091740 557.0
1091750 557.0
1091760 557.3
1091770 557.8
1091780 557.8
1091790 558.6
1091800 559.3
1091810 560.0
1091820 560.0
1091830 561.2
1091840 562.4
1091850 562.4
1091860 563.0
1091870 563.2
1091880 563.2
1091890 563.5
1091900 563.8
1091910 563.8
1091920 563.4
1091930 560.5
1091940 560.5
1091950 561.8
1091960 564.6
1091970 565.9
1091980 569.5
1091990 572.8
1092000 572.8
1092010 573.5
1092020 573.9
1092030 573.9
1092040 574.3
1092050 574.9
1092060 575.3
1092070 575.3
1092080 575.8
1092090 576.1
1092100 576.1
1092110 576.1
1092120 577.0
1092130 577.0
1092140 578.2
1092150 578.7
1092160 578.7
1092170 578.9
1092180 579.6
1092190 579.6
1092200 579.8
1092210 580.0
1092220 580.0
1092230 581.0
1092240 581.9
1092250 581.9
1092260 582.4
1092270 582.6
1092280 582.6
1092290 582.9
1092300 582.5
1092310 583.3
1092320 583.3
1092330 583.8
1092340 583.9
1092350 583.9
1092360 584.3
1092370 584.6
1092380 584.6
1092390 585.1
1092400 585.2
1092410 585.2
1092420 585.3
1092430 585.5
1092440 585.5
1092450 585.8
1092460 586.6
1092470 586.6
1092480 586.6
1092490 586.8
1092500 586.8
1092510 587.1
1092520 587.4
1092530 587.4
1092540 588.3
1092550 588.2
1092560 588.5
1092570 588.5
1092580 589.0
1092590 589.1
1092600 589.1
1092610 589.7
1092620 589.8
1092630 589.8
1092640 590.0
1092650 590.0
1092660 590.0
1092670 590.0
1092680 590.5
1092690 590.5
1092700 590.5
1092710 590.7
1092720 590.7
1092730 590.8
1092740 591.3
1092750 591.3
1092760 592.0
1092770 592.2
1092780 592.1
1092790 592.1
1092800 591.9
1092810 592.2
1092820 592.2
1092830 592.3
1092840 592.4
1092850 592.4
1092860 592.7
1092870 591.9
1092880 591.9
1092890 592.1
1092900 592.6
1092910 592.6
1092920 592.9
1092930 592.9
1092940 592.9
1092950 592.6
1092960 592.6
1092970 592.6
1092980 592.9
1092990 592.8
1093000 592.8
1093010 592.5
1093020 592.7
1093030 592.9
1093040 592.9
1093050 592.9
1093060 592.8
1093070 592.8
1093080 592.8
1093090 592.7
1093100 592.7
1093110 592.5
1093120 592.1
1093130 592.1
1093140 591.7
1093150 591.0
1093160 591.0
1093170 590.9
1093180 590.4
1093190 590.4
1093200 590.0
1093210 590.1
1093220 590.1
1093230 590.6
1093240 591.2
1093250 591.2
1093260 591.0
1093270 591.7
1093280 592.3
1093290 592.3
1093300 592.7
1093310 592.7
1093320 592.7
1093330 592.5
1093340 592.6
1093350 592.6
1093360 593.0
1093370 592.8
1093380 592.8
1093390 592.5
1093400 592.1
1093410 592.1
1093420 592.6
1093430 593.0
1093440 593.0
1093450 593.0
1093460 593.2
1093470 593.2
1093480 593.6
1093490 593.8
1093500 593.8
1093510 594.1
1093520 594.4
1093530 594.7
1093540 594.7
1093550 594.9
1093560 595.1
1093570 595.1
1093580 595.2
1093590 595.2
1093600 595.2
1093610 595.5
1093620 597.6
1093630 597.6
1093640 601.1
1093650 604.5
1093660 604.5
1093670 607.5
1093680 609.4
1093690 609.4
1093700 610.5
1093710 611.8
1093720 611.8
1093730 614.0
1093740 616.0
1093750 616.0
1093760 617.8
1093770 619.5
1093780 621.0
1093790 621.0
1093800 623.1
1093810 624.6
1093820 624.6
1093830 625.2
1093840 626.5
1093850 626.5
1093860 626.5
1093870 627.1
1093880 627.1
1093890 627.1
1093900 627.8
1093910 627.8
1093920 633.9
1093930 634.2
1093940 634.2
1093950 634.5
1093960 636.1
1093970 636.1
1093980 639.1
1093990 642.1
1094000 642.1
1094010 644.5
1094020 647.4
1094030 650.8
1094040 650.8
1094050 654.2
1094060 656.0
1094070 656.0
1094080 658.3
1094090 661.5
1094100 661.5
1094110 664.6
1094120 667.9
1094130 667.9
1094140 671.5
1094150 674.7
1094160 674.7
1094170 678.3
1094180 681.7
1094190 681.7
1094200 684.7
1094210 687.0
1094220 687.0
1094230 690.0
1094240 692.3
1094250 698.2
1094260 698.2
1094270 700.0
1094280 702.7
1094290 702.7
1094300 705.5
1094310 708.9
1094320 708.9
1094330 713.0
1094340 716.5
1094350 716.5
1094360 719.2
1094370 720.8
1094380 720.8
1094390 722.2
1094400 723.6
1094410 723.6
1094420 724.5
1094430 726.1
1094440 726.1
1094450 729.5
1094460 732.7
1094470 732.7
1094480 735.1
1094490 736.9
1094500 738.8
1094510 738.8
1094520 740.6
1094530 742.5
1094540 742.5
1094550 744.5
1094560 745.4
1094570 744.3
1094580 744.7
1094590 747.4
1094600 747.4
1094610 751.1
1094620 755.5
1094630 755.5
1094640 760.4
1094650 765.5
1094660 765.5
1094670 770.9
1094680 776.1
1094690 776.1
1094700 781.5
1094710 787.0
1094720 787.0
1094730 792.2
1094740 796.9
1094750 801.3
1094760 801.3
1094770 805.5
1094780 807.8
1094790 807.8
1094800 808.0
1094810 808.6
1094820 808.6
1094830 808.9
1094840 809.6
1094850 809.6
1094860 805.9
1094870 801.9
1094880 801.9
1094890 800.5
1094900 788.8
1094910 788.8
1094920 788.1
1094930 786.7
1094940 786.7
1094950 790.4
1094960 796.8
1094970 796.8
1094980 804.7
1094990 812.5
1095000 816.6
1095010 816.6
1095020 817.3
1095030 816.4
1095040 816.4
1095050 814.8
1095060 817.5
1095070 817.5
1095080 819.5
1095090 821.5
1095100 821.5
1095110 823.1
1095120 825.5
1095130 825.5
1095140 827.8
1095150 829.9
1095160 829.9
1095170 831.3
1095180 832.2
1095190 832.2
1095200 832.4
1095210 835.0
1095220 829.2
1095230 831.9
1095240 835.7
1095250 839.7
1095260 839.7
1095270 843.2
1095280 846.3
1095290 846.3
1095300 850.4
1095310 853.7
1095320 853.7
1095330 856.5
1095340 859.2
1095350 859.2
1095360 861.4
1095370 862.9
1095380 862.9
1095390 864.6
1095400 868.0
1095410 868.0
1095420 871.4
1095430 873.9
1095440 873.9
1095450 875.8
1095460 878.4
1095470 878.4
1095480 881.5
1095490 883.8
1095500 885.4
1095510 885.4
1095520 886.8
1095530 889.1
1095540 889.1
1095550 885.2
1095560 888.6
1095570 888.6
1095580 892.9
1095590 896.8
1095600 896.8
1095610 899.5
1095620 902.1
1095630 902.1
1095640 904.7
1095650 907.2
1095660 907.2
1095670 909.0
1095680 909.3
1095690 909.3
1095700 909.4
1095710 910.3
1095720 910.5
1095730 910.5
1095740 910.7
1095750 910.3
1095760 910.3
1095770 908.5
1095780 904.7
1095790 904.7
1095800 901.4
1095810 901.1
1095820 901.1
1095830 899.5
1095840 897.0
1095850 897.0
1095860 894.5
1095870 893.8
1095880 885.6
1095890 886.0
1095900 886.4
1095910 886.4
1095920 886.1
1095930 884.0
1095940 884.0
1095950 882.0
1095960 882.8
1095970 886.4
1095980 886.4
1095990 890.6
1096000 895.4
1096010 895.4
1096020 900.3
1096030 905.5
1096040 905.5
1096050 910.5
1096060 915.5
1096070 915.5
1096080 922.1
1096090 930.0
1096100 930.0
1096110 938.8
1096120 947.2
1096130 947.2
1096140 955.3
1096150 962.7
1096160 962.7
1096170 969.1
1096180 973.8
1096190 973.8
1096200 969.1
1096210 969.5
1096220 969.0
1096230 969.0
1096240 969.4
1096250 970.8
1096260 970.8
1096270 970.8
1096280 968.5
1096290 968.5
1096300 968.6
1096310 972.4
1096320 972.4
1096330 973.1
1096340 969.2
1096350 969.2
1096360 966.2
1096370 967.2
1096380 967.2
1096390 968.9
1096400 971.2
1096410 971.2
1096420 976.2
1096430 980.9
1096440 980.9
1096450 984.4
1096460 987.4
1096470 990.5
1096480 990.5
1096490 993.0
1096500 995.0
1096510 995.0
1096520 996.6
1096530 991.3
1096540 991.3
1096550 992.0
1096560 992.0
1096570 992.0
1096580 992.5
1096590 992.9
1096600 992.9
1096610 993.2
1096620 995.4
1096630 995.4
1096640 997.8
1096650 1000.4
1096660 1000.4
1096670 1003.7
1096680 1006.5
1096690 1006.5
1096700 1010.3
1096710 1013.8
1096720 1016.4
1096730 1016.4
1096740 1017.9
1096750 1019.1
1096760 1019.1
1096770 1020.6
1096780 1022.5
1096790 1022.5
1096800 1025.5
1096810 1029.8
1096820 1029.8
1096830 1030.8
1096840 1030.1
1096850 1030.1
1096860 1021.9
1096870 1026.7
1096880 1026.7
1096890 1030.9
1096900 1033.7
1096910 1033.7
1096920 1037.5
1096930 1042.2
1096940 1042.2
1096950 1046.8
1096960 1051.3
1096970 1055.5
1096980 1055.5
1096990 1059.1
1097000 1062.7
1097010 1062.7
1097020 1066.0
1097030 1068.7
1097040 1068.7
1097050 1071.8
1097060 1075.5
1097070 1075.5
1097080 1078.5
1097090 1082.0
1097100 1082.0
1097110 1085.0
1097120 1087.7
1097130 1087.7
1097140 1090.8
1097150 1094.4
1097160 1094.4
1097170 1097.6
1097180 1094.1
1097190 1096.9
1097200 1096.9
1097210 1099.8
1097220 1102.5
1097230 1102.5
1097240 1105.3
1097250 1107.9
1097260 1107.9
1097270 1110.1
1097280 1112.4
1097290 1112.4
1097300 1114.7
1097310 1118.1
1097320 1118.1
1097330 1120.5
1097340 1121.8
1097350 1121.8
1097360 1123.0
1097370 1125.3
1097380 1125.3
1097390 1126.6
1097400 1127.8
1097410 1127.8
1097420 1129.6
1097430 1131.1
1097440 1133.0
1097450 1133.0
1097460 1136.0
1097470 1137.6
1097480 1137.6
1097490 1138.1
1097500 1139.2
1097510 1132.0
1097520 1132.6
1097530 1132.7
1097540 1132.7
1097550 1132.6
1097560 1132.9
1097570 1132.9
1097580 1133.0
1097590 1131.8
1097600 1131.8
1097610 1130.7
1097620 1130.6
1097630 1130.6
1097640 1131.1
1097650 1131.1
1097660 1131.1
1097670 1130.2
1097680 1129.9
1097690 1129.7
1097700 1129.7
1097710 1128.2
1097720 1126.8
1097730 1126.8
1097740 1125.3
1097750 1125.6
1097760 1125.6
1097770 1125.3
1097780 1124.4
1097790 1124.4
1097800 1121.0
1097810 1113.7
1097820 1113.7
1097830 1106.4
1097840 1095.2
1097850 1095.2
1097860 1088.3
1097870 1081.7
1097880 1081.7
1097890 1076.5
1097900 1074.7
1097910 1074.7
1097920 1072.0
1097930 1068.0
1097940 1062.0
1097950 1062.0
1097960 1050.6
1097970 1038.5
1097980 1038.5
1097990 1028.8
1098000 1020.2
1098010 1020.2
1098020 1011.0
1098030 1005.6
1098040 1005.6
1098050 1012.6
1098060 1024.9
1098070 1024.9
1098080 1034.3
1098090 1037.6
1098100 1037.6
1098110 1044.3
1098120 1052.4
1098130 1052.4
1098140 1056.2
1098150 1060.1
1098160 1060.1
1098170 1058.4
1098180 1064.5
1098190 1070.0
1098200 1070.0
1098210 1072.0
1098220 1074.3
1098230 1074.3
1098240 1078.0
1098250 1082.0
1098260 1082.0
1098270 1087.5
1098280 1096.7
1098290 1096.7
1098300 1106.3
1098310 1114.5
1098320 1114.5
1098330 1121.0
1098340 1127.5
1098350 1127.5
1098360 1136.0
1098370 1146.1
1098380 1146.1
1098390 1154.6
1098400 1161.3
1098410 1161.3
1098420 1167.2
1098430 1172.0
1098440 1172.0
1098450 1172.0
1098460 1165.7
1098470 1158.9
1098480 1158.9
1098490 1153.4
1098500 1142.1
1098510 1142.1
1098520 1139.5
1098530 1141.8
1098540 1141.8
1098550 1143.1
1098560 1141.9
1098570 1141.9
1098580 1138.1
1098590 1134.8
1098600 1134.8
1098610 1134.5
1098620 1137.5
1098630 1137.5
1098640 1138.9
1098650 1140.1
1098660 1144.7
1098670 1144.7
1098680 1151.7
1098690 1158.4
1098700 1158.4
1098710 1162.1
1098720 1163.7
1098730 1163.7
1098740 1169.6
1098750 1173.9
1098760 1173.9
1098770 1174.2
1098780 1166.2
1098790 1166.2
1098800 1158.3
1098810 1151.7
1098820 1151.7
1098830 1139.1
1098840 1133.1
1098850 1133.1
1098860 1126.6
1098870 1120.9
1098880 1120.9
1098890 1115.6
1098900 1112.8
1098910 1109.5
1098920 1109.5
1098930 1107.4
1098940 1109.5
1098950 1109.5
1098960 1113.2
1098970 1114.3
1098980 1114.3
1098990 1108.9
1099000 1102.1
1099010 1102.1
1099020 1097.4
1099030 1093.1
1099040 1093.1
1099050 1088.7
1099060 1084.5
1099070 1084.5
1099080 1077.1
1099090 1065.7
1099100 1065.7
1099110 1053.8
1099120 1047.2
1099130 1047.2
1099140 1044.4
1099150 1043.3
1099160 1035.8
1099170 1035.8
1099180 1024.8
1099190 1007.8
1099200 1007.8
1099210 1000.6
1099220 1004.3
1099230 1004.3
1099240 1011.3
1099250 1020.0
1099260 1020.0
1099270 1024.5
1099280 1028.1
1099290 1028.1
1099300 1032.7
1099310 1041.1
1099320 1041.1
1099330 1046.2
1099340 1048.5
1099350 1048.5
1099360 1048.8
1099370 1050.7
1099380 1050.7
1099390 1051.2
1099400 1051.3
1099410 1050.0
1099420 1050.0
1099430 1048.3
1099440 1047.1
1099450 1047.1
1099460 1045.6
1099470 1041.7
1099480 1041.7
1099490 1033.6
1099500 1031.7
1099510 1031.7
1099520 1034.9
1099530 1036.4
1099540 1036.4
1099550 1034.6
1099560 1032.0
1099570 1032.0
1099580 1030.1
1099590 1029.0
1099600 1029.0
1099610 1027.3
1099620 1024.6
1099630 1024.6
1099640 1022.2
1099650 1020.3
1099660 1018.2
1099670 1018.2
1099680 1017.2
1099690 1015.5
1099700 1015.5
1099710 1015.0
1099720 1015.3
1099730 1015.3
1099740 1015.0
1099750 1014.0
1099760 1014.0
1099770 1012.5
1099780 1010.6
1099790 1010.6
1099800 1007.6
1099810 1000.9
1099820 999.1
1099830 991.5
1099840 982.8
1099850 982.8
1099860 975.1
1099870 970.2
1099880 970.2
1099890 967.3
1099900 965.3
1099910 964.1
1099920 964.1
1099930 961.0
1099940 958.5
1099950 958.5
1099960 962.3
1099970 964.6
1099980 964.6
1099990 967.0
