1080000 1263.4
1080010 1267.7
1080020 1271.6
1080030 1271.6
1080040 1274.4
1080050 1275.5
1080060 1275.5
1080070 1277.1
1080080 1279.1
1080090 1279.1
1080100 1281.6
1080110 1284.4
1080120 1284.4
1080130 1287.4
1080140 1290.7
1080150 1290.7
1080160 1293.9
1080170 1297.5
1080180 1297.5
1080190 1300.6
1080200 1303.6
1080210 1303.6
1080220 1306.6
1080230 1309.1
1080240 1309.1
1080250 1311.6
1080260 1314.5
1080270 1317.5
1080280 1317.5
1080290 1320.3
1080300 1323.1
1080310 1324.3
1080320 1327.6
1080330 1330.8
1080340 1330.8
1080350 1333.9
1080360 1336.6
1080370 1336.6
1080380 1338.7
1080390 1340.8
1080400 1340.8
1080410 1342.9
1080420 1344.1
1080430 1344.1
1080440 1344.8
1080450 1344.1
1080460 1344.1
1080470 1345.3
1080480 1347.0
1080490 1349.3
1080500 1349.3
1080510 1349.2
1080520 1348.3
1080530 1348.3
1080540 1346.7
1080550 1342.4
1080560 1342.4
1080570 1331.7
1080580 1325.2
1080590 1325.2
1080600 1321.1
1080610 1318.4
1080620 1330.5
1080630 1328.7
1080640 1328.1
1080650 1328.1
1080660 1332.4
1080670 1331.6
1080680 1331.6
1080690 1325.5
1080700 1317.6
1080710 1317.6
1080720 1308.9
1080730 1297.6
1080740 1291.0
1080750 1291.0
1080760 1287.9
1080770 1284.0
1080780 1284.0
1080790 1280.2
1080800 1270.7
1080810 1270.7
1080820 1260.2
1080830 1252.6
1080840 1252.6
1080850 1245.4
1080860 1241.7
1080870 1241.7
1080880 1239.7
1080890 1234.6
1080900 1234.6
1080910 1228.8
1080920 1223.0
1080930 1229.5
1080940 1225.9
1080950 1219.7
1080960 1219.7
1080970 1215.0
1080980 1210.8
1080990 1212.1
1081000 1212.1
1081010 1212.0
1081020 1209.1
1081030 1209.1
1081040 1210.0
1081050 1210.0
1081060 1210.0
1081070 1209.7
1081080 1210.3
1081090 1210.3
1081100 1211.7
1081110 1212.4
1081120 1212.4
1081130 1213.7
1081140 1215.4
1081150 1215.4
1081160 1213.3
1081170 1213.1
1081180 1213.1
1081190 1215.1
1081200 1217.8
1081210 1217.8
1081220 1220.3
1081230 1224.8
1081240 1229.7
1081250 1240.4
1081260 1249.5
1081270 1259.8
1081280 1259.8
1081290 1262.4
1081300 1257.6
1081310 1257.6
1081320 1250.3
1081330 1245.9
1081340 1245.9
1081350 1251.7
1081360 1262.1
1081370 1262.1
1081380 1267.9
1081390 1269.8
1081400 1269.8
1081410 1267.4
1081420 1264.7
1081430 1264.7
1081440 1262.6
1081450 1258.8
1081460 1258.8
1081470 1255.9
1081480 1255.6
1081490 1258.2
1081500 1258.2
1081510 1259.3
1081520 1261.9
1081530 1261.9
1081540 1265.8
1081550 1268.2
1081560 1275.1
1081570 1273.5
1081580 1269.7
1081590 1269.7
1081600 1264.3
1081610 1256.2
1081620 1256.2
1081630 1247.0
1081640 1238.0
1081650 1238.0
1081660 1229.6
1081670 1223.2
1081680 1223.2
1081690 1216.5
1081700 1210.2
1081710 1210.2
1081720 1203.1
1081730 1194.0
1081740 1184.1
1081750 1184.1
1081760 1178.3
1081770 1175.1
1081780 1175.1
1081790 1173.9
1081800 1176.0
1081810 1176.0
1081820 1180.2
1081830 1187.6
1081840 1187.6
1081850 1192.6
1081860 1190.1
1081870 1190.1
1081880 1186.1
1081890 1181.7
1081900 1181.7
1081910 1176.5
1081920 1175.2
1081930 1175.2
1081940 1177.3
1081950 1180.1
1081960 1180.1
1081970 1180.7
1081980 1181.0
1081990 1182.2
1082000 1182.2
1082010 1182.9
1082020 1181.5
1082030 1181.5
1082040 1180.2
1082050 1179.4
1082060 1179.4
1082070 1179.2
1082080 1179.0
1082090 1179.0
1082100 1176.4
1082110 1172.0
1082120 1172.0
1082130 1166.1
1082140 1160.4
1082150 1160.4
1082160 1157.1
1082170 1156.8
1082180 1156.8
1082190 1163.6
1082200 1172.7
1082210 1172.7
1082220 1178.9
1082230 1182.2
1082240 1184.1
1082250 1184.1
1082260 1185.4
1082270 1188.8
1082280 1188.8
1082290 1191.7
1082300 1192.3
1082310 1192.3
1082320 1190.4
1082330 1188.6
1082340 1188.6
1082350 1190.7
1082360 1196.4
1082370 1196.4
1082380 1201.4
1082390 1204.1
1082400 1204.1
1082410 1204.9
1082420 1201.6
1082430 1201.6
1082440 1199.0
1082450 1192.3
1082460 1192.3
1082470 1183.8
1082480 1177.2
1082490 1171.4
1082500 1171.4
1082510 1174.0
1082520 1170.2
1082530 1170.2
1082540 1174.1
1082550 1173.6
1082560 1173.6
1082570 1169.0
1082580 1163.9
1082590 1163.9
1082600 1166.4
1082610 1175.5
1082620 1175.5
1082630 1185.9
1082640 1192.3
1082650 1192.3
1082660 1185.9
1082670 1177.2
1082680 1177.2
1082690 1167.8
1082700 1159.0
1082710 1159.0
1082720 1155.9
1082730 1162.6
1082740 1165.2
1082750 1165.2
1082760 1162.5
1082770 1160.4
1082780 1160.4
1082790 1155.2
1082800 1144.5
1082810 1144.5
1082820 1140.8
1082830 1149.8
1082840 1149.8
1082850 1150.7
1082860 1148.9
1082870 1148.9
1082880 1147.0
1082890 1142.7
1082900 1142.7
1082910 1143.3
1082920 1142.1
1082930 1142.1
1082940 1139.2
1082950 1137.2
1082960 1137.2
1082970 1134.0
1082980 1133.3
1082990 1137.4
1083000 1137.4
1083010 1140.6
1083020 1138.9
1083030 1138.9
1083040 1133.3
1083050 1135.3
1083060 1135.3
1083070 1137.9
1083080 1140.1
1083090 1140.1
1083100 1140.1
1083110 1142.1
1083120 1142.1
1083130 1140.7
1083140 1142.7
1083150 1142.7
1083160 1148.1
1083170 1155.3
1083180 1155.3
1083190 1162.9
1083200 1169.8
1083210 1173.5
1083220 1173.5
1083230 1179.4
1083240 1188.1
1083250 1188.1
1083260 1199.1
1083270 1203.3
1083280 1203.3
1083290 1201.0
1083300 1196.4
1083310 1196.4
1083320 1196.1
1083330 1200.4
1083340 1200.4
1083350 1205.3
1083360 1211.3
1083370 1211.3
1083380 1218.2
1083390 1223.5
1083400 1223.5
1083410 1229.6
1083420 1234.9
1083430 1234.9
1083440 1235.0
1083450 1234.7
1083460 1241.4
1083470 1241.4
1083480 1240.2
1083490 1240.1
1083500 1240.1
1083510 1239.6
1083520 1238.7
1083530 1238.7
1083540 1237.5
1083550 1235.2
1083560 1235.2
1083570 1232.2
1083580 1227.4
1083590 1227.4
1083600 1222.0
1083610 1216.9
1083620 1216.9
1083630 1212.5
1083640 1212.1
1083650 1212.1
1083660 1209.8
1083670 1205.6
1083680 1205.6
1083690 1205.0
1083700 1208.2
1083710 1209.1
1083720 1209.1
1083730 1207.7
1083740 1203.7
1083750 1203.7
1083760 1196.5
1083770 1189.5
1083780 1196.4
1083790 1199.9
1083800 1199.2
1083810 1199.2
1083820 1196.5
1083830 1196.6
1083840 1196.6
1083850 1196.7
1083860 1194.9
1083870 1194.9
1083880 1192.5
1083890 1189.9
1083900 1189.9
1083910 1187.2
1083920 1184.6
1083930 1184.6
1083940 1182.2
1083950 1179.3
1083960 1177.1
1083970 1177.1
1083980 1175.2
1083990 1173.0
1084000 1173.0
1084010 1170.4
1084020 1167.4
1084030 1167.4
1084040 1164.9
1084050 1162.6
1084060 1162.6
1084070 1160.1
1084080 1156.7
1084090 1156.7
1084100 1158.3
1084110 1154.5
1084120 1154.5
1084130 1150.6
1084140 1146.6
1084150 1146.6
1084160 1142.8
1084170 1139.0
1084180 1139.0
1084190 1135.6
1084200 1132.1
1084210 1128.3
1084220 1128.3
1084230 1123.7
1084240 1118.2
1084250 1118.2
1084260 1113.6
1084270 1109.9
1084280 1109.9
1084290 1106.5
1084300 1102.3
1084310 1102.3
1084320 1099.3
1084330 1095.8
1084340 1095.8
1084350 1091.8
1084360 1087.3
1084370 1087.3
1084380 1083.1
1084390 1080.6
1084400 1080.6
1084410 1078.7
1084420 1074.4
1084430 1074.4
1084440 1069.2
1084450 1062.2
1084460 1054.1
1084470 1054.1
1084480 1046.2
1084490 1040.0
1084500 1040.0
1084510 1034.7
1084520 1030.7
1084530 1030.7
1084540 1026.7
1084550 1020.0
1084560 1020.0
1084570 1010.7
1084580 1003.1
1084590 1003.1
1084600 997.9
1084610 990.9
1084620 990.9
1084630 996.9
1084640 995.1
1084650 995.1
1084660 987.6
1084670 987.5
1084680 987.5
1084690 977.8
1084700 969.8
1084710 957.1
1084720 957.1
1084730 970.0
1084740 968.9
1084750 968.9
1084760 972.0
1084770 982.0
1084780 982.0
1084790 975.3
1084800 955.4
1084810 955.4
1084820 933.1
1084830 914.9
1084840 914.9
1084850 903.0
1084860 897.1
1084870 897.1
1084880 892.6
1084890 893.0
1084900 893.0
1084910 893.0
1084920 889.8
1084930 889.8
1084940 886.4
1084950 885.5
1084960 883.1
1084970 883.1
1084980 873.4
1084990 867.3
1085000 867.3
1085010 857.0
1085020 860.8
1085030 860.8
1085040 871.1
1085050 881.0
1085060 881.0
1085070 881.6
1085080 881.9
1085090 881.9
1085100 880.2
1085110 876.6
1085120 876.6
1085130 870.9
1085140 867.6
1085150 867.6
1085160 866.1
1085170 863.5
1085180 863.5
1085190 859.4
1085200 854.5
1085210 849.9
1085220 849.9
1085230 846.9
1085240 844.1
1085250 844.1
1085260 840.3
1085270 835.7
1085280 835.7
1085290 831.1
1085300 826.9
1085310 826.9
1085320 821.8
1085330 816.8
1085340 816.8
1085350 813.2
1085360 810.1
1085370 815.4
1085380 808.7
1085390 800.6
1085400 800.6
1085410 792.4
1085420 784.3
1085430 784.3
1085440 776.3
1085450 770.1
1085460 763.6
1085470 763.6
1085480 761.2
1085490 758.4
1085500 758.4
1085510 757.2
1085520 756.1
1085530 756.1
1085540 754.2
1085550 751.9
1085560 751.9
1085570 748.9
1085580 745.4
1085590 745.4
1085600 740.6
1085610 736.2
1085620 736.2
1085630 731.6
1085640 727.6
1085650 727.6
1085660 724.1
1085670 720.8
1085680 717.0
1085690 721.1
1085700 715.1
1085710 710.7
1085720 710.7
1085730 708.4
1085740 704.3
1085750 704.3
1085760 699.5
1085770 694.3
1085780 694.3
1085790 688.6
1085800 681.5
1085810 681.5
1085820 674.3
1085830 667.9
1085840 667.9
1085850 661.6
1085860 657.5
1085870 657.5
1085880 652.0
1085890 646.2
1085900 646.2
1085910 641.8
1085920 637.4
1085930 633.5
1085940 633.5
1085950 630.4
1085960 628.4
1085970 628.4
1085980 629.1
1085990 630.2
1086000 635.8
1086010 635.2
1086020 633.8
1086030 633.8
1086040 634.0
1086050 632.6
1086060 632.6
1086070 630.5
1086080 627.6
1086090 627.6
1086100 624.6
1086110 621.2
1086120 621.2
1086130 618.5
1086140 615.2
1086150 615.2
1086160 610.5
1086170 605.5
1086180 601.1
1086190 601.1
1086200 597.7
1086210 594.7
1086220 594.7
1086230 591.2
1086240 587.5
1086250 587.5
1086260 585.8
1086270 586.0
1086280 586.0
1086290 587.3
1086300 586.8
1086310 586.8
1086320 589.7
1086330 588.6
1086340 588.6
1086350 587.0
1086360 584.6
1086370 584.6
1086380 581.4
1086390 577.8
1086400 577.8
1086410 575.0
1086420 572.3
1086430 570.6
1086440 570.6
1086450 568.8
1086460 566.8
1086470 566.8
1086480 564.1
1086490 561.5
1086500 561.5
1086510 558.9
1086520 557.6
1086530 557.6
1086540 557.2
1086550 557.4
1086560 557.4
1086570 557.0
1086580 557.5
1086590 557.5
1086600 558.4
1086610 558.3
1086620 558.3
1086630 558.6
1086640 561.9
1086650 561.9
1086660 558.5
1086670 555.7
1086680 553.3
1086690 553.3
1086700 551.5
1086710 549.8
1086720 549.8
1086730 548.4
1086740 547.4
1086750 547.4
1086760 545.4
1086770 543.2
1086780 543.2
1086790 541.3
1086800 539.3
1086810 539.3
1086820 536.1
1086830 531.5
1086840 531.5
1086850 528.9
1086860 528.1
1086870 528.1
1086880 528.0
1086890 528.2
1086900 528.2
1086910 528.4
1086920 528.6
1086930 528.8
1086940 528.8
1086950 528.9
1086960 528.7
1086970 528.7
1086980 528.8
1086990 529.0
1087000 529.0
1087010 529.1
1087020 529.1
1087030 529.1
1087040 529.2
1087050 529.3
1087060 529.3
1087070 529.4
1087080 529.5
1087090 529.5
1087100 529.6
1087110 529.6
1087120 529.6
1087130 529.6
1087140 529.6
1087150 529.6
1087160 529.7
1087170 529.8
1087180 529.9
1087190 529.9
1087200 530.0
1087210 530.1
1087220 530.1
1087230 530.3
1087240 530.4
1087250 530.4
1087260 530.4
1087270 530.4
1087280 530.2
1087290 530.4
1087300 530.5
1087310 530.5
1087320 530.6
1087330 530.7
1087340 530.7
1087350 530.8
1087360 530.7
1087370 530.7
1087380 530.8
1087390 530.9
1087400 530.9
1087410 531.0
1087420 531.2
1087430 531.2
1087440 531.2
1087450 531.3
1087460 531.5
1087470 531.5
1087480 531.7
1087490 531.9
1087500 531.9
1087510 532.0
1087520 532.0
1087530 532.0
1087540 532.0
1087550 532.0
1087560 532.0
1087570 532.0
1087580 532.0
1087590 532.0
1087600 532.2
1087610 532.2
1087620 532.2
1087630 532.3
1087640 532.3
1087650 532.3
1087660 532.3
1087670 532.3
1087680 532.3
1087690 532.3
1087700 532.3
1087710 532.3
1087720 532.3
1087730 532.3
1087740 532.4
1087750 532.4
1087760 532.4
1087770 532.5
1087780 532.5
1087790 532.6
1087800 532.7
1087810 532.7
1087820 532.8
1087830 532.9
1087840 532.9
1087850 533.1
1087860 533.2
1087870 533.2
1087880 533.2
1087890 533.3
1087900 533.3
1087910 533.3
1087920 533.5
1087930 533.5
1087940 533.5
1087950 533.5
1087960 533.6
1087970 533.6
1087980 533.7
1087990 533.7
1088000 533.7
1088010 533.8
1088020 534.2
1088030 534.2
1088040 534.1
1088050 534.2
1088060 534.2
1088070 534.3
1088080 534.4
1088090 534.4
1088100 534.4
1088110 534.5
1088120 534.5
1088130 534.5
1088140 534.5
1088150 534.5
1088160 534.5
1088170 534.4
1088180 534.4
1088190 534.4
1088200 534.5
1088210 534.6
1088220 534.6
1088230 534.7
1088240 534.6
1088250 534.6
1088260 534.6
1088270 534.6
1088280 534.6
1088290 534.8
1088300 534.9
1088310 534.9
1088320 534.9
1088330 534.9
1088340 534.9
1088350 535.0
1088360 535.1
1088370 535.1
1088380 535.2
1088390 535.3
1088400 535.5
1088410 535.5
1088420 535.7
1088430 535.7
1088440 535.7
1088450 535.8
1088460 536.1
1088470 536.1
1088480 536.2
1088490 536.3
1088500 536.3
1088510 536.4
1088520 536.4
1088530 536.4
1088540 536.6
1088550 536.9
1088560 536.7
1088570 536.6
1088580 536.8
1088590 536.8
1088600 536.9
1088610 536.9
1088620 536.9
1088630 537.1
1088640 537.3
1088650 537.4
1088660 537.4
1088670 537.4
1088680 537.5
1088690 537.5
1088700 537.7
1088710 537.9
1088720 537.9
1088730 537.9
1088740 538.0
1088750 538.0
1088760 537.8
1088770 537.9
1088780 537.9
1088790 538.1
1088800 538.3
1088810 538.3
1088820 538.5
1088830 538.5
1088840 538.5
1088850 538.6
1088860 539.0
1088870 539.0
1088880 538.3
1088890 538.5
1088900 538.8
1088910 538.8
1088920 538.9
1088930 539.0
1088940 539.0
1088950 539.0
1088960 539.0
1088970 539.0
1088980 539.0
1088990 539.2
1089000 539.2
1089010 539.7
1089020 540.2
1089030 540.2
1089040 539.9
1089050 540.1
1089060 540.1
1089070 540.3
1089080 540.5
1089090 540.5
1089100 540.6
1089110 540.7
1089120 540.7
1089130 540.8
1089140 540.9
1089150 541.1
1089160 541.1
1089170 541.1
1089180 541.2
1089190 541.2
1089200 541.3
1089210 541.0
1089220 541.0
1089230 541.1
1089240 541.3
1089250 541.3
1089260 541.3
1089270 541.5
1089280 541.5
1089290 541.6
1089300 541.6
1089310 541.6
1089320 541.7
1089330 541.8
1089340 541.8
1089350 541.9
1089360 541.9
1089370 541.9
1089380 542.0
1089390 542.0
1089400 542.0
1089410 542.0
1089420 542.0
1089430 542.1
1089440 542.1
1089450 542.1
1089460 542.0
1089470 542.0
1089480 542.0
1089490 542.0
1089500 542.0
1089510 542.1
1089520 542.0
1089530 542.5
1089540 542.5
1089550 542.6
1089560 542.6
1089570 542.7
1089580 542.9
1089590 542.9
1089600 543.0
1089610 543.1
1089620 543.1
1089630 543.3
1089640 543.4
1089650 543.9
1089660 543.9
1089670 544.7
1089680 545.1
1089690 545.1
1089700 545.4
1089710 545.9
1089720 545.9
1089730 546.3
1089740 546.2
1089750 546.2
1089760 546.1
1089770 545.5
1089780 545.5
1089790 544.8
1089800 544.8
1089810 544.8
1089820 545.2
1089830 545.9
1089840 545.9
1089850 549.1
1089860 549.4
1089870 549.4
1089880 549.7
1089890 550.0
1089900 550.2
1089910 550.2
1089920 550.3
1089930 550.6
1089940 550.6
1089950 549.1
1089960 546.2
1089970 546.2
1089980 543.6
1089990 542.8
1090000 542.8
1090010 542.7
1090020 542.6
1090030 542.6
1090040 542.5
1090050 542.7
1090060 542.7
1090070 542.2
1090080 540.3
1090090 540.3
1090100 538.7
1090110 538.4
1090120 538.4
1090130 538.5
1090140 539.4
1090150 541.8
1090160 541.8
1090170 540.3
1090180 541.9
1090190 541.9
1090200 541.2
1090210 541.4
1090220 541.4
1090230 541.6
1090240 542.6
1090250 542.6
1090260 544.8
1090270 545.5
1090280 545.5
1090290 545.7
1090300 545.7
1090310 545.7
1090320 545.5
1090330 545.5
1090340 545.5
1090350 545.4
1090360 545.4
1090370 545.5
1090380 545.5
1090390 545.6
1090400 545.6
1090410 545.6
1090420 545.8
1090430 545.8
1090440 545.8
1090450 545.9
1090460 545.9
1090470 545.9
1090480 545.8
1090490 545.9
1090500 545.9
1090510 544.8
1090520 544.7
1090530 544.7
1090540 544.8
1090550 544.8
1090560 544.8
1090570 544.6
1090580 544.6
1090590 544.6
1090600 544.6
1090610 544.5
1090620 544.5
1090630 544.5
1090640 544.6
1090650 544.7
1090660 544.7
1090670 544.8
1090680 544.9
1090690 544.9
1090700 545.3
1090710 545.4
1090720 545.4
1090730 545.4
1090740 545.4
1090750 545.4
1090760 545.3
1090770 545.3
1090780 545.3
1090790 545.3
1090800 545.4
1090810 545.4
1090820 545.5
1090830 545.5
1090840 545.5
1090850 545.6
1090860 545.5
1090870 545.6
1090880 545.6
1090890 545.9
1090900 545.7
1090910 545.7
1090920 545.7
1090930 545.8
1090940 545.8
1090950 545.8
1090960 545.8
1090970 545.8
1090980 545.8
1090990 545.8
1091000 545.8
1091010 545.9
1091020 546.0
1091030 546.0
1091040 545.9
1091050 546.0
1091060 546.0
1091070 546.0
1091080 546.1
1091090 546.1
1091100 546.3
1091110 546.4
1091120 545.9
1091130 545.9
1091140 547.7
1091150 550.1
1091160 550.1
1091170 549.7
1091180 548.4
1091190 548.4
1091200 548.0
1091210 548.4
1091220 548.4
1091230 548.7
1091240 549.0
1091250 549.0
1091260 549.3
1091270 549.5
1091280 549.5
1091290 549.7
1091300 551.1
1091310 551.1
1091320 557.1
1091330 564.4
1091340 564.4
1091350 567.4
1091360 567.9
1091370 567.9
1091380 567.9
1091390 568.0
1091400 568.8
1091410 568.8
1091420 569.1
1091430 569.4
1091440 569.4
1091450 570.2
1091460 570.9
1091470 570.9
1091480 571.7
1091490 572.7
1091500 572.7
1091510 573.2
1091520 575.0
1091530 575.0
1091540 575.6
1091550 575.5
1091560 575.5
1091570 576.0
1091580 576.9
1091590 576.9
1091600 577.8
1091610 578.7
1091620 580.2
1091630 580.2
1091640 580.7
1091650 580.8
1091660 580.8
1091670 581.6
1091680 582.7
1091690 582.7
1091700 583.1
1091710 583.8
1091720 583.8
1091730 584.6
1091740 585.2
1091750 585.2
1091760 585.8
1091770 587.1
1091780 587.1
1091790 587.5
1091800 588.3
1091810 588.3
1091820 588.8
1091830 589.4
1091840 589.4
1091850 589.9
1091860 590.5
1091870 591.2
1091880 591.2
1091890 592.3
1091900 593.3
1091910 593.3
1091920 594.0
1091930 595.0
1091940 595.0
1091950 595.3
1091960 596.1
1091970 596.1
1091980 596.8
1091990 597.2
1092000 597.2
1092010 599.1
1092020 601.0
1092030 601.0
1092040 600.9
1092050 601.1
1092060 601.1
1092070 602.1
1092080 603.9
1092090 603.9
1092100 603.9
1092110 604.0
1092120 604.7
1092130 604.7
1092140 605.6
1092150 606.5
1092160 606.5
1092170 607.3
1092180 607.8
1092190 607.8
1092200 608.4
1092210 609.1
1092220 609.1
1092230 610.3
1092240 611.7
1092250 611.7
1092260 612.7
1092270 613.8
1092280 613.8
1092290 614.6
1092300 615.4
1092310 615.4
1092320 616.1
1092330 617.0
1092340 617.0
1092350 617.9
1092360 618.3
1092370 618.9
1092380 618.9
1092390 619.7
1092400 620.0
1092410 620.0
1092420 620.3
1092430 620.0
1092440 620.0
1092450 620.7
1092460 621.5
1092470 621.5
1092480 622.3
1092490 623.0
1092500 623.0
1092510 623.8
1092520 624.6
1092530 624.6
1092540 625.4
1092550 626.0
1092560 626.0
1092570 626.8
1092580 627.9
1092590 628.7
1092600 628.7
1092610 629.9
1092620 630.9
1092630 630.9
1092640 631.2
1092650 631.9
1092660 631.9
1092670 633.8
1092680 634.8
1092690 634.8
1092700 635.6
1092710 636.2
1092720 636.2
1092730 637.1
1092740 637.9
1092750 637.9
1092760 633.5
1092770 632.1
1092780 632.1
1092790 633.2
1092800 636.8
1092810 636.8
1092820 640.9
1092830 642.1
1092840 642.2
1092850 642.2
1092860 643.6
1092870 645.3
1092880 645.3
1092890 646.1
1092900 647.0
1092910 647.0
1092920 647.5
1092930 647.6
1092940 647.6
1092950 648.2
1092960 648.9
1092970 648.9
1092980 650.1
1092990 650.5
1093000 650.5
1093010 650.7
1093020 650.9
1093030 650.9
1093040 651.0
1093050 651.3
1093060 651.3
1093070 651.5
1093080 650.1
1093090 649.5
1093100 649.5
1093110 649.3
1093120 649.0
1093130 649.0
1093140 649.4
1093150 649.3
1093160 649.3
1093170 648.5
1093180 647.9
1093190 647.9
1093200 648.2
1093210 649.7
1093220 649.7
1093230 652.6
1093240 657.0
1093250 657.0
1093260 661.0
1093270 663.8
1093280 663.8
1093290 663.9
1093300 663.4
1093310 663.4
1093320 666.2
1093330 668.3
1093340 668.8
1093350 668.8
1093360 669.2
1093370 670.4
1093380 670.4
1093390 672.8
1093400 676.3
1093410 669.6
1093420 673.3
1093430 675.8
1093440 675.8
1093450 677.2
1093460 678.1
1093470 678.1
1093480 678.3
1093490 678.2
1093500 678.2
1093510 678.5
1093520 678.8
1093530 678.8
1093540 678.0
1093550 677.6
1093560 677.6
1093570 677.6
1093580 679.3
1093590 681.6
1093600 681.6
1093610 685.4
1093620 687.3
1093630 687.3
1093640 687.7
1093650 687.8
1093660 687.8
1093670 690.2
1093680 690.0
1093690 690.0
1093700 690.3
1093710 691.5
1093720 691.5
1093730 689.8
1093740 693.8
1093750 693.8
1093760 697.3
1093770 698.6
1093780 698.6
1093790 697.7
1093800 695.2
1093810 695.2
1093820 698.8
1093830 705.1
1093840 712.4
1093850 712.4
1093860 720.0
1093870 728.3
1093880 728.3
1093890 735.8
1093900 745.4
1093910 745.4
1093920 754.1
1093930 760.3
1093940 760.3
1093950 764.6
1093960 766.3
1093970 766.3
1093980 765.4
1093990 767.8
1094000 767.8
1094010 772.0
1094020 777.6
1094030 777.6
1094040 784.3
1094050 791.3
1094060 788.2
1094070 793.2
1094080 797.7
1094090 802.5
1094100 802.5
1094110 808.0
1094120 816.2
1094130 816.2
1094140 827.0
1094150 836.5
1094160 836.5
1094170 842.3
1094180 847.4
1094190 847.4
1094200 853.0
1094210 859.0
1094220 859.0
1094230 864.8
1094240 870.4
1094250 870.4
1094260 875.1
1094270 881.0
1094280 881.0
1094290 886.4
1094300 891.6
1094310 891.6
1094320 896.9
1094330 902.1
1094340 907.3
1094350 907.3
1094360 913.0
1094370 919.4
1094380 922.8
1094390 929.0
1094400 934.6
1094410 934.6
1094420 936.6
1094430 937.4
1094440 937.4
1094450 942.0
1094460 948.3
1094470 948.3
1094480 954.3
1094490 960.0
1094500 960.0
1094510 964.9
1094520 970.6
1094530 970.6
1094540 977.1
1094550 983.5
1094560 983.5
1094570 988.8
1094580 994.0
1094590 999.2
1094600 999.2
1094610 1004.3
1094620 1008.7
1094630 1008.7
1094640 1012.9
1094650 1017.0
1094660 1017.0
1094670 1020.4
1094680 1024.6
1094690 1024.6
1094700 1027.5
1094710 1027.7
1094720 1027.7
1094730 1031.0
1094740 1034.6
1094750 1034.6
1094760 1038.1
1094770 1041.6
1094780 1041.6
1094790 1045.1
1094800 1048.5
1094810 1051.7
1094820 1051.7
1094830 1055.5
1094840 1059.3
1094850 1059.3
1094860 1063.4
1094870 1067.4
1094880 1067.4
1094890 1072.2
1094900 1077.0
1094910 1077.0
1094920 1081.7
1094930 1086.7
1094940 1086.7
1094950 1091.1
1094960 1095.2
1094970 1095.2
1094980 1099.3
1094990 1103.0
1095000 1103.0
1095010 1107.2
1095020 1111.5
1095030 1111.5
1095040 1115.6
1095050 1120.2
1095060 1124.5
1095070 1124.5
1095080 1128.6
1095090 1132.6
1095100 1132.6
1095110 1137.3
1095120 1142.8
1095130 1142.8
1095140 1148.5
1095150 1153.9
1095160 1153.9
1095170 1159.5
1095180 1165.1
1095190 1165.1
1095200 1170.5
1095210 1175.9
1095220 1175.9
1095230 1181.3
1095240 1187.1
1095250 1187.1
1095260 1193.1
1095270 1199.0
1095280 1199.0
1095290 1205.3
1095300 1211.9
1095310 1217.9
1095320 1217.9
1095330 1222.8
1095340 1227.3
1095350 1227.3
1095360 1230.4
1095370 1235.2
1095380 1235.2
1095390 1240.6
1095400 1245.9
1095410 1245.9
1095420 1251.2
1095430 1256.5
1095440 1256.5
1095450 1261.3
1095460 1265.3
1095470 1265.3
1095480 1269.2
1095490 1273.2
1095500 1273.2
1095510 1276.5
1095520 1279.9
1095530 1279.9
1095540 1285.2
1095550 1292.4
1095560 1301.2
1095570 1301.2
1095580 1308.4
1095590 1313.4
1095600 1313.4
1095610 1318.6
1095620 1323.7
1095630 1323.7
1095640 1328.5
1095650 1332.7
1095660 1332.7
1095670 1337.7
1095680 1342.5
1095690 1341.0
1095700 1345.4
1095710 1350.1
1095720 1350.1
1095730 1354.4
1095740 1358.6
1095750 1358.6
1095760 1363.7
1095770 1368.6
1095780 1368.6
1095790 1373.4
1095800 1376.3
1095810 1377.1
1095820 1377.1
1095830 1377.0
1095840 1376.6
1095850 1376.6
1095860 1378.5
1095870 1381.8
1095880 1381.8
1095890 1384.3
1095900 1386.2
1095910 1386.2
1095920 1387.7
1095930 1389.1
1095940 1389.1
1095950 1390.6
1095960 1391.5
1095970 1391.5
1095980 1392.4
1095990 1393.4
1096000 1393.4
1096010 1396.2
1096020 1398.2
1096030 1398.2
1096040 1399.4
1096050 1400.3
1096060 1402.6
1096070 1402.6
1096080 1405.2
1096090 1405.9
1096100 1405.9
1096110 1406.8
1096120 1407.5
1096130 1407.5
1096140 1407.6
1096150 1407.8
1096160 1407.8
1096170 1407.9
1096180 1408.4
1096190 1408.4
1096200 1409.3
1096210 1409.8
1096220 1409.8
1096230 1410.0
1096240 1410.1
1096250 1410.1
1096260 1410.1
1096270 1410.1
1096280 1410.1
1096290 1410.0
1096300 1410.3
1096310 1411.5
1096320 1411.5
1096330 1412.4
1096340 1414.1
1096350 1414.1
1096360 1414.0
1096370 1413.8
1096380 1413.8
1096390 1413.3
1096400 1412.6
1096410 1412.6
1096420 1412.6
1096430 1413.2
1096440 1413.2
1096450 1413.2
1096460 1413.4
1096470 1413.4
1096480 1413.5
1096490 1413.7
1096500 1413.7
1096510 1415.5
1096520 1417.4
1096530 1417.4
1096540 1416.9
1096550 1417.2
1096560 1417.2
1096570 1417.2
1096580 1417.1
1096590 1417.6
1096600 1417.6
1096610 1419.2
1096620 1420.9
1096630 1420.9
1096640 1422.6
1096650 1424.7
1096660 1424.7
1096670 1427.3
1096680 1427.3
1096690 1427.3
1096700 1425.2
1096710 1423.1
1096720 1423.1
1096730 1421.9
1096740 1418.8
1096750 1418.8
1096760 1416.7
1096770 1417.4
1096780 1418.3
1096790 1418.3
1096800 1420.2
1096810 1421.6
1096820 1421.6
1096830 1421.0
1096840 1424.3
1096850 1424.3
1096860 1425.8
1096870 1423.9
1096880 1423.9
1096890 1422.0
1096900 1421.6
1096910 1421.6
1096920 1422.6
1096930 1423.3
1096940 1423.3
1096950 1422.6
1096960 1422.0
1096970 1422.0
1096980 1422.0
1096990 1422.9
1097000 1427.9
1097010 1427.2
1097020 1428.3
1097030 1431.2
1097040 1431.2
1097050 1434.4
1097060 1437.2
1097070 1437.2
1097080 1440.5
1097090 1442.8
1097100 1442.8
1097110 1446.3
1097120 1451.5
1097130 1451.5
1097140 1458.6
1097150 1462.5
1097160 1462.5
1097170 1464.4
1097180 1466.3
1097190 1466.3
1097200 1469.1
1097210 1472.3
1097220 1472.3
1097230 1474.6
1097240 1475.2
1097250 1475.2
1097260 1476.8
1097270 1478.4
1097280 1481.1
1097290 1481.1
1097300 1484.0
1097310 1487.0
1097320 1486.1
1097330 1489.4
1097340 1492.4
1097350 1492.4
1097360 1496.1
1097370 1500.9
1097380 1500.9
1097390 1507.0
1097400 1512.7
1097410 1512.7
1097420 1515.9
1097430 1520.2
1097440 1520.2
1097450 1525.1
1097460 1529.0
1097470 1529.0
1097480 1532.7
1097490 1537.4
1097500 1537.4
1097510 1542.3
1097520 1546.7
1097530 1550.4
1097540 1550.4
1097550 1553.9
1097560 1557.1
1097570 1557.1
1097580 1560.0
1097590 1563.1
1097600 1563.1
1097610 1566.2
1097620 1569.2
1097630 1569.2
1097640 1572.1
1097650 1573.7
1097660 1573.7
1097670 1577.0
1097680 1579.5
1097690 1579.5
1097700 1580.9
1097710 1582.2
1097720 1582.2
1097730 1584.0
1097740 1586.2
1097750 1586.2
1097760 1591.6
1097770 1598.4
1097780 1604.4
1097790 1604.4
1097800 1608.9
1097810 1608.4
1097820 1608.4
1097830 1595.2
1097840 1600.0
1097850 1600.0
1097860 1605.6
1097870 1589.4
1097880 1589.4
1097890 1574.6
1097900 1565.3
1097910 1565.3
1097920 1573.0
1097930 1579.5
1097940 1579.5
1097950 1578.8
1097960 1584.6
1097970 1584.6
1097980 1569.2
1097990 1555.9
1098000 1555.9
1098010 1546.7
1098020 1540.1
1098030 1537.8
1098040 1537.8
1098050 1534.9
1098060 1527.2
1098070 1527.2
1098080 1523.0
1098090 1522.3
1098100 1522.3
1098110 1526.3
1098120 1525.4
1098130 1525.4
1098140 1524.6
1098150 1518.2
1098160 1518.2
1098170 1509.1
1098180 1498.6
1098190 1498.6
1098200 1492.1
1098210 1487.9
1098220 1487.9
1098230 1484.8
1098240 1479.0
1098250 1479.0
1098260 1464.5
1098270 1454.2
1098280 1452.4
1098290 1452.4
1098300 1447.2
1098310 1444.8
1098320 1444.8
1098330 1446.2
1098340 1442.6
1098350 1442.6
1098360 1443.0
1098370 1438.7
1098380 1438.7
1098390 1412.3
1098400 1407.3
1098410 1407.3
1098420 1417.3
1098430 1430.3
1098440 1430.3
1098450 1455.7
1098460 1469.9
1098470 1469.9
1098480 1500.9
1098490 1516.4
1098500 1516.4
1098510 1522.1
1098520 1529.8
1098530 1533.2
1098540 1533.2
1098550 1535.0
1098560 1535.3
1098570 1535.3
1098580 1536.4
1098590 1542.7
1098600 1542.7
1098610 1545.4
1098620 1545.6
1098630 1545.6
1098640 1557.1
1098650 1564.0
1098660 1564.0
1098670 1568.0
1098680 1574.0
1098690 1574.0
1098700 1580.0
1098710 1584.9
1098720 1584.9
1098730 1592.1
1098740 1602.2
1098750 1618.6
1098760 1618.6
1098770 1632.8
1098780 1646.2
1098790 1646.2
1098800 1656.7
1098810 1664.3
1098820 1664.3
1098830 1668.9
1098840 1674.6
1098850 1674.6
1098860 1682.0
1098870 1694.4
1098880 1694.4
1098890 1711.1
1098900 1728.9
1098910 1728.9
1098920 1737.8
1098930 1748.9
1098940 1748.9
1098950 1762.0
1098960 1778.7
1098970 1775.2
1098980 1788.7
1098990 1799.1
1099000 1796.4
1099010 1796.4
1099020 1786.9
1099030 1773.6
1099040 1773.6
1099050 1767.7
1099060 1744.2
1099070 1744.2
1099080 1724.5
1099090 1699.1
1099100 1699.1
1099110 1690.4
1099120 1679.2
1099130 1679.2
1099140 1678.1
1099150 1663.3
1099160 1663.3
1099170 1648.4
1099180 1638.5
1099190 1638.5
1099200 1618.7
1099210 1594.4
1099220 1594.4
1099230 1588.2
1099240 1592.4
1099250 1594.2
1099260 1594.2
1099270 1588.8
1099280 1581.8
1099290 1581.8
1099300 1570.3
1099310 1563.8
1099320 1563.8
1099330 1567.1
1099340 1573.8
1099350 1573.8
1099360 1580.0
1099370 1588.2
1099380 1588.2
1099390 1600.2
1099400 1614.3
1099410 1614.3
1099420 1630.6
1099430 1656.0
1099440 1656.0
1099450 1666.3
1099460 1678.1
1099470 1678.1
1099480 1688.6
1099490 1687.2
1099500 1683.2
1099510 1683.2
1099520 1678.8
1099530 1681.4
1099540 1681.4
1099550 1685.5
1099560 1686.4
1099570 1686.4
1099580 1684.9
1099590 1682.4
1099600 1682.4
1099610 1681.6
1099620 1678.8
1099630 1672.3
1099640 1664.9
1099650 1653.7
1099660 1653.7
1099670 1645.7
1099680 1646.1
1099690 1646.1
1099700 1649.7
1099710 1652.0
1099720 1652.0
1099730 1641.4
1099740 1627.0
1099750 1616.2
1099760 1616.2
1099770 1623.4
1099780 1624.6
1099790 1624.6
1099800 1627.4
1099810 1619.8
1099820 1619.8
1099830 1621.2
1099840 1626.4
1099850 1626.4
1099860 1628.1
1099870 1621.3
1099880 1621.3
1099890 1622.8
1099900 1630.4
1099910 1630.4
1099920 1634.0
1099930 1639.5
1099940 1639.5
1099950 1642.4
1099960 1635.6
1099970 1635.6
1099980 1624.8
1099990 1612.6
