1080000 1249.9
1080010 1249.9
1080020 1254.1
1080030 1259.1
1080040 1259.1
1080050 1263.9
1080060 1268.2
1080070 1268.2
1080080 1272.3
1080090 1276.1
1080100 1276.1
1080110 1279.3
1080120 1280.7
1080130 1280.8
1080140 1280.8
1080150 1279.6
1080160 1277.1
1080170 1277.1
1080180 1271.4
1080190 1263.5
1080200 1263.5
1080210 1259.8
1080220 1258.0
1080230 1258.0
1080240 1254.5
1080250 1249.9
1080260 1260.0
1080270 1255.8
1080280 1253.0
1080290 1253.0
1080300 1249.5
1080310 1245.3
1080320 1245.3
1080330 1241.2
1080340 1239.2
1080350 1239.2
1080360 1236.6
1080370 1233.5
1080380 1230.8
1080390 1230.8
1080400 1227.9
1080410 1225.2
1080420 1225.2
1080430 1223.0
1080440 1220.7
1080450 1220.7
1080460 1219.0
1080470 1216.9
1080480 1216.9
1080490 1215.9
1080500 1214.6
1080510 1214.6
1080520 1212.4
1080530 1209.1
1080540 1209.1
1080550 1207.8
1080560 1209.0
1080570 1217.7
1080580 1219.7
1080590 1220.3
1080600 1220.3
1080610 1221.1
1080620 1221.4
1080630 1221.9
1080640 1221.9
1080650 1221.8
1080660 1221.1
1080670 1221.1
1080680 1219.4
1080690 1217.1
1080700 1217.1
1080710 1214.0
1080720 1208.0
1080730 1208.0
1080740 1200.3
1080750 1192.5
1080760 1192.5
1080770 1186.0
1080780 1181.5
1080790 1181.5
1080800 1177.4
1080810 1173.8
1080820 1173.8
1080830 1169.0
1080840 1163.8
1080850 1163.8
1080860 1158.8
1080870 1153.9
1080880 1150.2
1080890 1156.9
1080900 1154.0
1080910 1151.1
1080920 1151.1
1080930 1148.2
1080940 1146.1
1080950 1146.1
1080960 1144.6
1080970 1143.8
1080980 1143.8
1080990 1142.1
1081000 1139.9
1081010 1139.9
1081020 1135.4
1081030 1129.6
1081040 1129.6
1081050 1131.2
1081060 1130.7
1081070 1130.7
1081080 1129.4
1081090 1128.1
1081100 1128.1
1081110 1127.5
1081120 1126.4
1081130 1128.1
1081140 1128.1
1081150 1131.9
1081160 1128.4
1081170 1128.4
1081180 1125.9
1081190 1126.4
1081200 1135.8
1081210 1134.6
1081220 1140.2
1081230 1140.2
1081240 1150.7
1081250 1158.4
1081260 1158.4
1081270 1159.4
1081280 1157.2
1081290 1157.2
1081300 1154.6
1081310 1151.5
1081320 1151.5
1081330 1145.3
1081340 1139.2
1081350 1139.2
1081360 1141.9
1081370 1145.5
1081380 1153.1
1081390 1153.1
1081400 1156.5
1081410 1153.9
1081420 1153.9
1081430 1158.2
1081440 1160.0
1081450 1160.0
1081460 1155.1
1081470 1151.9
1081480 1151.9
1081490 1159.8
1081500 1160.8
1081510 1160.8
1081520 1172.4
1081530 1176.0
1081540 1176.0
1081550 1179.6
1081560 1182.8
1081570 1182.8
1081580 1183.9
1081590 1185.4
1081600 1183.0
1081610 1183.0
1081620 1175.7
1081630 1169.1
1081640 1169.1
1081650 1164.1
1081660 1162.8
1081670 1162.8
1081680 1159.9
1081690 1151.1
1081700 1151.1
1081710 1141.2
1081720 1137.0
1081730 1137.0
1081740 1132.3
1081750 1122.0
1081760 1122.0
1081770 1110.1
1081780 1097.8
1081790 1097.8
1081800 1086.7
1081810 1079.0
1081820 1079.0
1081830 1080.4
1081840 1081.9
1081850 1088.7
1081860 1088.7
1081870 1094.3
1081880 1097.3
1081890 1097.3
1081900 1097.4
1081910 1100.5
1081920 1100.5
1081930 1105.2
1081940 1104.7
1081950 1104.7
1081960 1100.2
1081970 1095.9
1081980 1095.9
1081990 1099.0
1082000 1100.2
1082010 1100.2
1082020 1100.1
1082030 1099.8
1082040 1099.8
1082050 1099.8
1082060 1100.3
1082070 1100.3
1082080 1100.6
1082090 1100.6
1082100 1101.2
1082110 1101.2
1082120 1100.9
1082130 1102.9
1082140 1102.9
1082150 1110.2
1082160 1113.3
1082170 1113.3
1082180 1115.4
1082190 1116.0
1082200 1116.0
1082210 1115.9
1082220 1117.2
1082230 1117.2
1082240 1118.6
1082250 1121.3
1082260 1121.3
1082270 1123.8
1082280 1125.5
1082290 1125.5
1082300 1126.1
1082310 1124.7
1082320 1124.7
1082330 1119.8
1082340 1121.6
1082350 1125.0
1082360 1125.0
1082370 1119.2
1082380 1109.4
1082390 1109.4
1082400 1096.9
1082410 1090.3
1082420 1090.3
1082430 1089.9
1082440 1093.9
1082450 1093.9
1082460 1106.4
1082470 1102.1
1082480 1102.1
1082490 1096.8
1082500 1090.8
1082510 1090.8
1082520 1084.2
1082530 1080.3
1082540 1080.3
1082550 1071.8
1082560 1064.2
1082570 1064.2
1082580 1067.3
1082590 1066.8
1082600 1066.3
1082610 1066.3
1082620 1063.8
1082630 1062.1
1082640 1062.1
1082650 1058.6
1082660 1053.4
1082670 1053.4
1082680 1050.6
1082690 1046.7
1082700 1046.7
1082710 1040.6
1082720 1033.6
1082730 1033.6
1082740 1027.0
1082750 1026.3
1082760 1026.3
1082770 1028.8
1082780 1042.5
1082790 1042.5
1082800 1040.1
1082810 1040.0
1082820 1040.0
1082830 1041.7
1082840 1045.8
1082850 1049.2
1082860 1049.2
1082870 1050.9
1082880 1052.7
1082890 1052.7
1082900 1053.8
1082910 1053.9
1082920 1053.9
1082930 1052.7
1082940 1050.3
1082950 1050.3
1082960 1054.6
1082970 1059.6
1082980 1059.6
1082990 1060.2
1083000 1059.9
1083010 1059.9
1083020 1058.0
1083030 1054.9
1083040 1054.9
1083050 1052.1
1083060 1047.4
1083070 1047.4
1083080 1039.9
1083090 1036.1
1083100 1041.0
1083110 1041.0
1083120 1037.0
1083130 1038.0
1083140 1038.0
1083150 1043.1
1083160 1049.7
1083170 1049.7
1083180 1052.2
1083190 1053.6
1083200 1053.6
1083210 1055.7
1083220 1061.2
1083230 1061.2
1083240 1070.0
1083250 1078.8
1083260 1078.8
1083270 1089.5
1083280 1100.8
1083290 1100.8
1083300 1112.1
1083310 1124.7
1083320 1124.7
1083330 1134.5
1083340 1139.8
1083350 1144.4
1083360 1144.4
1083370 1147.8
1083380 1152.2
1083390 1152.2
1083400 1154.6
1083410 1165.5
1083420 1165.5
1083430 1167.3
1083440 1167.8
1083450 1167.8
1083460 1167.3
1083470 1166.3
1083480 1166.3
1083490 1165.2
1083500 1162.5
1083510 1162.5
1083520 1158.6
1083530 1155.4
1083540 1155.4
1083550 1152.4
1083560 1149.2
1083570 1149.2
1083580 1146.8
1083590 1143.4
1083600 1139.1
1083610 1139.1
1083620 1135.3
1083630 1130.8
1083640 1130.8
1083650 1129.4
1083660 1128.0
1083670 1128.0
1083680 1123.6
1083690 1124.2
1083700 1124.2
1083710 1125.1
1083720 1122.6
1083730 1128.9
1083740 1125.2
1083750 1121.7
1083760 1121.7
1083770 1121.3
1083780 1121.9
1083790 1121.9
1083800 1124.6
1083810 1131.8
1083820 1131.8
1083830 1134.2
1083840 1134.0
1083850 1134.3
1083860 1134.3
1083870 1136.7
1083880 1138.3
1083890 1138.3
1083900 1138.7
1083910 1139.4
1083920 1139.4
1083930 1141.2
1083940 1141.2
1083950 1141.2
1083960 1138.8
1083970 1136.7
1083980 1136.7
1083990 1134.8
1084000 1134.1
1084010 1134.1
1084020 1133.7
1084030 1132.5
1084040 1132.5
1084050 1131.8
1084060 1131.6
1084070 1131.6
1084080 1130.7
1084090 1129.5
1084100 1127.6
1084110 1127.6
1084120 1126.3
1084130 1125.1
1084140 1125.1
1084150 1122.1
1084160 1118.2
1084170 1118.2
1084180 1113.2
1084190 1108.3
1084200 1108.3
1084210 1101.8
1084220 1097.2
1084230 1097.2
1084240 1088.8
1084250 1079.0
1084260 1079.0
1084270 1071.0
1084280 1064.9
1084290 1064.9
1084300 1055.4
1084310 1039.7
1084320 1027.7
1084330 1027.7
1084340 1013.5
1084350 1001.3
1084360 1001.3
1084370 1005.1
1084380 993.5
1084390 993.5
1084400 982.5
1084410 976.3
1084420 976.3
1084430 971.2
1084440 967.0
1084450 967.0
1084460 961.1
1084470 954.1
1084480 954.1
1084490 944.9
1084500 935.1
1084510 935.1
1084520 926.4
1084530 917.8
1084540 917.8
1084550 911.0
1084560 904.8
1084570 897.8
1084580 897.8
1084590 891.3
1084600 885.0
1084610 885.0
1084620 878.7
1084630 872.9
1084640 872.9
1084650 867.2
1084660 861.1
1084670 861.1
1084680 865.2
1084690 865.3
1084700 865.3
1084710 866.3
1084720 864.0
1084730 864.0
1084740 861.7
1084750 855.9
1084760 855.9
1084770 848.7
1084780 841.5
1084790 841.5
1084800 836.2
1084810 832.3
1084820 829.2
1084830 829.2
1084840 824.7
1084850 820.4
1084860 820.4
1084870 817.9
1084880 814.9
1084890 814.9
1084900 811.4
1084910 806.7
1084920 806.7
1084930 799.8
1084940 793.3
1084950 793.3
1084960 785.9
1084970 780.0
1084980 780.0
1084990 779.9
1085000 792.6
1085010 792.6
1085020 797.8
1085030 801.6
1085040 801.6
1085050 803.7
1085060 805.9
1085070 807.8
1085080 807.8
1085090 806.5
1085100 804.6
1085110 804.6
1085120 805.7
1085130 803.9
1085140 803.9
1085150 800.9
1085160 798.3
1085170 798.3
1085180 796.1
1085190 792.8
1085200 792.8
1085210 789.9
1085220 786.8
1085230 786.8
1085240 783.7
1085250 780.1
1085260 780.1
1085270 775.9
1085280 771.9
1085290 771.9
1085300 768.0
1085310 764.8
1085320 765.5
1085330 765.5
1085340 761.5
1085350 757.0
1085360 757.0
1085370 752.9
1085380 748.9
1085390 748.9
1085400 744.5
1085410 740.0
1085420 740.0
1085430 735.1
1085440 729.9
1085450 729.9
1085460 724.9
1085470 719.8
1085480 719.8
1085490 715.0
1085500 710.1
1085510 710.1
1085520 705.5
1085530 701.2
1085540 701.2
1085550 697.2
1085560 692.5
1085570 685.3
1085580 685.3
1085590 677.9
1085600 671.4
1085610 671.4
1085620 665.9
1085630 660.9
1085640 664.6
1085650 660.2
1085660 657.4
1085670 657.4
1085680 656.4
1085690 655.6
1085700 655.6
1085710 653.3
1085720 649.7
1085730 649.7
1085740 645.8
1085750 641.5
1085760 641.5
1085770 637.3
1085780 633.4
1085790 633.4
1085800 629.5
1085810 625.3
1085820 620.8
1085830 620.8
1085840 616.2
1085850 611.5
1085860 611.5
1085870 606.5
1085880 601.7
1085890 601.7
1085900 597.0
1085910 592.2
1085920 592.2
1085930 588.7
1085940 587.8
1085950 587.8
1085960 590.8
1085970 588.6
1085980 588.6
1085990 585.9
1086000 583.4
1086010 583.4
1086020 581.6
1086030 580.2
1086040 580.2
1086050 578.7
1086060 576.6
1086070 574.7
1086080 574.7
1086090 573.0
1086100 572.4
1086110 572.4
1086120 572.4
1086130 572.3
1086140 572.3
1086150 571.4
1086160 569.4
1086170 569.4
1086180 566.9
1086190 564.7
1086200 564.7
1086210 562.7
1086220 561.1
1086230 561.1
1086240 559.4
1086250 556.7
1086260 556.7
1086270 554.3
1086280 555.4
1086290 555.4
1086300 553.3
1086310 551.8
1086320 550.8
1086330 550.8
1086340 549.8
1086350 548.6
1086360 548.6
1086370 547.0
1086380 545.6
1086390 545.6
1086400 544.1
1086410 542.7
1086420 542.7
1086430 541.0
1086440 539.8
1086450 539.8
1086460 538.6
1086470 537.3
1086480 537.3
1086490 534.9
1086500 531.2
1086510 531.2
1086520 528.8
1086530 528.1
1086540 528.1
1086550 527.8
1086560 527.7
1086570 527.7
1086580 527.7
1086590 527.8
1086600 527.8
1086610 527.8
1086620 527.9
1086630 527.9
1086640 527.9
1086650 527.6
1086660 527.1
1086670 527.1
1086680 527.8
1086690 528.0
1086700 528.0
1086710 527.8
1086720 528.1
1086730 528.1
1086740 528.2
1086750 528.3
1086760 528.3
1086770 528.4
1086780 528.5
1086790 528.5
1086800 528.5
1086810 528.4
1086820 528.4
1086830 528.4
1086840 528.4
1086850 528.4
1086860 528.4
1086870 528.5
1086880 528.6
1086890 528.6
1086900 528.7
1086910 528.9
1086920 528.9
1086930 529.0
1086940 529.1
1086950 529.1
1086960 529.1
1086970 529.2
1086980 529.2
1086990 529.2
1087000 529.3
1087010 529.3
1087020 529.4
1087030 529.5
1087040 529.6
1087050 529.6
1087060 529.7
1087070 529.9
1087080 529.9
1087090 529.9
1087100 529.7
1087110 529.7
1087120 529.6
1087130 529.7
1087140 529.7
1087150 529.9
1087160 529.9
1087170 529.9
1087180 530.0
1087190 530.0
1087200 530.0
1087210 529.9
1087220 530.0
1087230 529.9
1087240 529.9
1087250 530.0
1087260 530.0
1087270 530.1
1087280 530.4
1087290 530.4
1087300 530.4
1087310 530.5
1087320 530.6
1087330 530.6
1087340 530.6
1087350 530.7
1087360 530.7
1087370 530.8
1087380 530.8
1087390 530.8
1087400 530.9
1087410 531.1
1087420 531.1
1087430 531.2
1087440 531.3
1087450 531.3
1087460 531.3
1087470 531.3
1087480 531.3
1087490 531.3
1087500 531.5
1087510 531.5
1087520 531.7
1087530 532.1
1087540 532.9
1087550 531.8
1087560 532.3
1087570 533.1
1087580 533.1
1087590 533.5
1087600 533.6
1087610 533.6
1087620 533.3
1087630 532.6
1087640 532.6
1087650 531.7
1087660 532.0
1087670 532.0
1087680 532.0
1087690 531.8
1087700 531.8
1087710 531.9
1087720 532.0
1087730 532.0
1087740 532.1
1087750 532.1
1087760 532.1
1087770 532.2
1087780 532.3
1087790 532.3
1087800 532.3
1087810 532.3
1087820 532.3
1087830 532.3
1087840 532.4
1087850 532.5
1087860 532.5
1087870 532.4
1087880 532.4
1087890 532.4
1087900 532.7
1087910 532.9
1087920 532.9
1087930 533.1
1087940 533.2
1087950 533.2
1087960 533.3
1087970 533.3
1087980 533.3
1087990 533.4
1088000 533.5
1088010 533.5
1088020 533.7
1088030 534.6
1088040 534.9
1088050 534.9
1088060 533.9
1088070 534.0
1088080 534.0
1088090 534.1
1088100 534.3
1088110 534.3
1088120 534.4
1088130 534.6
1088140 534.6
1088150 534.7
1088160 534.9
1088170 534.9
1088180 535.0
1088190 535.1
1088200 535.1
1088210 535.3
1088220 535.4
1088230 535.4
1088240 535.5
1088250 535.5
1088260 535.5
1088270 535.5
1088280 535.6
1088290 535.7
1088300 535.7
1088310 535.7
1088320 535.8
1088330 535.8
1088340 535.9
1088350 535.9
1088360 535.9
1088370 536.1
1088380 536.2
1088390 536.2
1088400 536.2
1088410 536.2
1088420 536.2
1088430 536.3
1088440 536.3
1088450 536.3
1088460 536.1
1088470 536.2
1088480 536.2
1088490 536.3
1088500 536.6
1088510 536.6
1088520 536.7
1088530 536.5
1088540 536.5
1088550 536.5
1088560 536.6
1088570 536.8
1088580 536.8
1088590 537.2
1088600 537.3
1088610 537.3
1088620 537.0
1088630 537.1
1088640 537.1
1088650 537.3
1088660 537.6
1088670 537.6
1088680 537.5
1088690 537.6
1088700 537.6
1088710 537.5
1088720 537.5
1088730 537.5
1088740 537.6
1088750 537.6
1088760 537.6
1088770 537.7
1088780 537.7
1088790 537.9
1088800 537.9
1088810 538.0
1088820 538.1
1088830 538.1
1088840 538.3
1088850 538.3
1088860 538.3
1088870 538.4
1088880 538.4
1088890 538.4
1088900 538.4
1088910 538.5
1088920 538.5
1088930 538.5
1088940 538.6
1088950 538.6
1088960 538.7
1088970 538.8
1088980 538.8
1088990 538.9
1089000 539.0
1089010 539.0
1089020 538.9
1089030 539.0
1089040 539.0
1089050 539.0
1089060 539.1
1089070 539.1
1089080 539.1
1089090 539.2
1089100 539.3
1089110 539.3
1089120 539.3
1089130 539.4
1089140 539.4
1089150 539.4
1089160 539.5
1089170 539.5
1089180 539.7
1089190 540.0
1089200 540.0
1089210 540.2
1089220 540.3
1089230 540.3
1089240 540.4
1089250 540.5
1089260 540.5
1089270 540.6
1089280 540.6
1089290 540.7
1089300 540.7
1089310 540.8
1089320 540.9
1089330 540.9
1089340 541.1
1089350 541.3
1089360 541.3
1089370 541.3
1089380 541.4
1089390 541.4
1089400 541.4
1089410 541.5
1089420 541.5
1089430 541.8
1089440 542.4
1089450 542.4
1089460 542.3
1089470 542.6
1089480 542.3
1089490 541.9
1089500 542.0
1089510 542.0
1089520 542.0
1089530 542.1
1089540 542.1
1089550 542.1
1089560 542.2
1089570 542.3
1089580 542.3
1089590 542.4
1089600 542.4
1089610 542.4
1089620 542.4
1089630 542.5
1089640 542.5
1089650 542.6
1089660 542.7
1089670 542.7
1089680 542.9
1089690 542.5
1089700 542.5
1089710 542.1
1089720 541.5
1089730 541.5
1089740 541.4
1089750 541.3
1089760 541.4
1089770 541.4
1089780 541.7
1089790 541.7
1089800 541.9
1089810 541.8
1089820 541.7
1089830 541.7
1089840 541.6
1089850 541.5
1089860 541.5
1089870 541.9
1089880 542.0
1089890 542.0
1089900 540.7
1089910 538.2
1089920 538.2
1089930 537.8
1089940 538.2
1089950 538.2
1089960 540.8
1089970 542.8
1089980 542.8
1089990 545.8
1090000 547.5
1090010 547.5
1090020 547.5
1090030 547.4
1090040 547.2
1090050 547.2
1090060 547.0
1090070 547.1
1090080 547.1
1090090 546.9
1090100 546.5
1090110 546.5
1090120 545.1
1090130 544.5
1090140 544.5
1090150 544.1
1090160 544.0
1090170 544.0
1090180 544.3
1090190 544.3
1090200 544.3
1090210 544.2
1090220 544.2
1090230 544.2
1090240 544.2
1090250 544.2
1090260 544.2
1090270 544.2
1090280 544.3
1090290 544.3
1090300 544.3
1090310 544.2
1090320 544.2
1090330 544.2
1090340 544.2
1090350 544.1
1090360 544.1
1090370 544.0
1090380 544.2
1090390 544.2
1090400 544.3
1090410 544.4
1090420 544.4
1090430 544.4
1090440 544.4
1090450 544.4
1090460 544.3
1090470 544.0
1090480 544.0
1090490 544.0
1090500 544.0
1090510 544.0
1090520 544.0
1090530 544.0
1090540 544.0
1090550 544.0
1090560 544.2
1090570 544.3
1090580 544.3
1090590 544.5
1090600 544.6
1090610 544.6
1090620 544.4
1090630 544.3
1090640 544.3
1090650 544.4
1090660 544.5
1090670 544.5
1090680 544.6
1090690 544.6
1090700 544.6
1090710 544.6
1090720 544.6
1090730 544.6
1090740 545.0
1090750 545.3
1090760 545.2
1090770 545.3
1090780 545.0
1090790 545.0
1090800 545.0
1090810 545.0
1090820 544.9
1090830 544.9
1090840 545.0
1090850 545.0
1090860 545.0
1090870 545.1
1090880 545.0
1090890 545.0
1090900 545.0
1090910 545.1
1090920 545.1
1090930 545.2
1090940 545.3
1090950 545.3
1090960 545.4
1090970 545.5
1090980 545.5
1090990 545.5
1091000 545.5
1091010 545.4
1091020 545.4
1091030 545.4
1091040 545.5
1091050 545.5
1091060 546.9
1091070 548.9
1091080 548.9
1091090 549.1
1091100 550.3
1091110 550.3
1091120 552.9
1091130 553.3
1091140 553.3
1091150 553.6
1091160 553.9
1091170 553.9
1091180 554.2
1091190 554.2
1091200 554.2
1091210 554.1
1091220 556.0
1091230 556.0
1091240 561.0
1091250 563.0
1091260 563.3
1091270 563.3
1091280 563.7
1091290 564.1
1091300 564.1
1091310 564.6
1091320 565.4
1091330 565.4
1091340 566.3
1091350 566.8
1091360 566.8
1091370 567.7
1091380 568.7
1091390 568.7
1091400 569.7
1091410 569.8
1091420 569.8
1091430 570.4
1091440 570.6
1091450 570.6
1091460 571.2
1091470 572.0
1091480 572.0
1091490 572.8
1091500 574.0
1091510 575.5
1091520 575.5
1091530 577.1
1091540 577.8
1091550 577.8
1091560 578.1
1091570 578.5
1091580 578.5
1091590 579.0
1091600 580.1
1091610 580.1
1091620 580.9
1091630 581.6
1091640 581.6
1091650 582.3
1091660 582.9
1091670 582.9
1091680 583.7
1091690 584.6
1091700 584.6
1091710 585.3
1091720 586.3
1091730 586.3
1091740 586.9
1091750 587.6
1091760 588.1
1091770 588.1
1091780 588.8
1091790 589.6
1091800 589.6
1091810 590.7
1091820 591.8
1091830 591.8
1091840 592.6
1091850 593.1
1091860 593.1
1091870 593.7
1091880 594.3
1091890 594.3
1091900 595.1
1091910 595.8
1091920 595.8
1091930 596.8
1091940 597.5
1091950 597.5
1091960 599.1
1091970 599.4
1091980 600.1
1091990 600.1
1092000 600.9
1092010 601.6
1092020 601.6
1092030 602.4
1092040 603.1
1092050 603.1
1092060 604.8
1092070 605.3
1092080 605.3
1092090 605.4
1092100 606.5
1092110 606.5
1092120 607.4
1092130 608.3
1092140 608.3
1092150 609.9
1092160 610.3
1092170 610.3
1092180 610.5
1092190 611.0
1092200 611.0
1092210 612.3
1092220 613.5
1092230 614.4
1092240 614.4
1092250 615.8
1092260 616.9
1092270 616.9
1092280 617.1
1092290 617.4
1092300 617.4
1092310 618.3
1092320 619.2
1092330 619.2
1092340 620.1
1092350 621.6
1092360 621.6
1092370 621.9
1092380 622.3
1092390 622.3
1092400 622.8
1092410 623.6
1092420 623.6
1092430 625.1
1092440 626.4
1092450 626.4
1092460 626.9
1092470 628.1
1092480 628.2
1092490 628.2
1092500 629.0
1092510 630.8
1092520 630.8
1092530 631.8
1092540 631.8
1092550 631.8
1092560 632.3
1092570 633.6
1092580 633.6
1092590 634.8
1092600 635.0
1092610 635.0
1092620 635.8
1092630 636.3
1092640 636.3
1092650 637.9
1092660 639.0
1092670 639.0
1092680 638.7
1092690 640.2
1092700 640.2
1092710 640.0
1092720 640.6
1092730 641.6
1092740 641.6
1092750 641.9
1092760 642.5
1092770 642.5
1092780 642.8
1092790 644.1
1092800 644.1
1092810 645.8
1092820 646.6
1092830 646.6
1092840 647.5
1092850 648.2
1092860 648.2
1092870 648.5
1092880 649.2
1092890 649.2
1092900 650.3
1092910 651.0
1092920 651.0
1092930 651.8
1092940 652.2
1092950 652.2
1092960 652.7
1092970 653.7
1092980 654.5
1092990 654.5
1093000 655.7
1093010 655.9
1093020 655.9
1093030 653.3
1093040 655.7
1093050 655.7
1093060 658.6
1093070 660.9
1093080 660.9
1093090 661.7
1093100 663.0
1093110 663.0
1093120 664.4
1093130 665.8
1093140 665.8
1093150 668.1
1093160 672.0
1093170 672.0
1093180 674.7
1093190 676.8
1093200 676.8
1093210 681.0
1093220 684.0
1093230 692.9
1093240 692.9
1093250 700.4
1093260 703.0
1093270 703.0
1093280 704.0
1093290 711.0
1093300 711.0
1093310 719.6
1093320 726.1
1093330 726.1
1093340 731.9
1093350 737.1
1093360 734.6
1093370 737.8
1093380 740.3
1093390 740.3
1093400 742.1
1093410 743.7
1093420 743.7
1093430 746.8
1093440 749.2
1093450 749.2
1093460 748.3
1093470 748.1
1093480 749.7
1093490 749.7
1093500 751.0
1093510 752.7
1093520 752.7
1093530 753.3
1093540 753.7
1093550 753.7
1093560 754.3
1093570 752.1
1093580 752.1
1093590 750.2
1093600 750.7
1093610 750.7
1093620 751.0
1093630 751.9
1093640 751.9
1093650 751.7
1093660 749.1
1093670 749.1
1093680 742.6
1093690 741.2
1093700 741.2
1093710 741.2
1093720 743.1
1093730 744.8
1093740 744.8
1093750 746.4
1093760 748.4
1093770 748.4
1093780 752.5
1093790 756.2
1093800 756.2
1093810 760.0
1093820 761.2
1093830 761.2
1093840 758.9
1093850 756.0
1093860 756.0
1093870 754.5
1093880 753.6
1093890 753.6
1093900 753.7
1093910 759.3
1093920 759.3
1093930 765.8
1093940 773.0
1093950 773.0
1093960 781.0
1093970 789.1
1093980 797.6
1093990 797.6
1094000 810.7
1094010 812.5
1094020 812.5
1094030 817.7
1094040 824.1
1094050 824.1
1094060 829.7
1094070 835.1
1094080 835.1
1094090 839.0
1094100 841.7
1094110 841.7
1094120 845.4
1094130 851.6
1094140 851.6
1094150 856.5
1094160 859.9
1094170 859.9
1094180 861.6
1094190 861.9
1094200 862.6
1094210 862.6
1094220 865.4
1094230 869.5
1094240 869.5
1094250 873.9
1094260 878.6
1094270 878.6
1094280 883.4
1094290 888.5
1094300 888.5
1094310 893.6
1094320 898.5
1094330 898.5
1094340 904.8
1094350 910.8
1094360 910.8
1094370 916.9
1094380 923.2
1094390 923.2
1094400 929.5
1094410 935.2
1094420 935.2
1094430 940.6
1094440 945.8
1094450 951.5
1094460 951.5
1094470 957.3
1094480 963.3
1094490 963.3
1094500 967.5
1094510 973.1
1094520 973.1
1094530 978.6
1094540 984.6
1094550 984.6
1094560 989.8
1094570 993.4
1094580 993.4
1094590 997.2
1094600 1001.6
1094610 1001.6
1094620 1006.8
1094630 1012.5
1094640 1012.5
1094650 1018.3
1094660 1022.3
1094670 1022.3
1094680 1026.7
1094690 1030.5
1094700 1034.5
1094710 1034.5
1094720 1037.0
1094730 1040.1
1094740 1040.1
1094750 1044.2
1094760 1048.8
1094770 1048.8
1094780 1054.0
1094790 1059.0
1094800 1059.0
1094810 1063.9
1094820 1069.3
1094830 1069.3
1094840 1074.6
1094850 1079.7
1094860 1079.7
1094870 1084.5
1094880 1089.0
1094890 1089.0
1094900 1093.7
1094910 1098.4
1094920 1098.4
1094930 1103.3
1094940 1108.1
1094950 1112.8
1094960 1112.8
1094970 1118.2
1094980 1121.6
1094990 1121.6
1095000 1127.0
1095010 1133.0
1095020 1133.0
1095030 1139.2
1095040 1144.5
1095050 1144.5
1095060 1150.0
1095070 1156.1
1095080 1156.1
1095090 1161.4
1095100 1166.5
1095110 1166.5
1095120 1171.2
1095130 1175.7
1095140 1175.7
1095150 1179.4
1095160 1182.5
1095170 1182.5
1095180 1185.7
1095190 1189.3
1095200 1193.7
1095210 1193.7
1095220 1198.1
1095230 1202.9
1095240 1202.9
1095250 1207.8
1095260 1211.9
1095270 1211.9
1095280 1215.3
1095290 1218.2
1095300 1218.2
1095310 1222.3
1095320 1225.1
1095330 1225.1
1095340 1229.0
1095350 1232.8
1095360 1232.8
1095370 1235.8
1095380 1238.1
1095390 1238.1
1095400 1237.3
1095410 1235.9
1095420 1235.9
1095430 1236.9
1095440 1239.4
1095450 1243.3
1095460 1243.3
1095470 1248.7
1095480 1254.8
1095490 1254.8
1095500 1261.5
1095510 1268.9
1095520 1268.9
1095530 1276.1
1095540 1282.5
1095550 1282.5
1095560 1289.4
1095570 1297.5
1095580 1297.5
1095590 1302.9
1095600 1304.9
1095610 1304.9
1095620 1307.3
1095630 1309.9
1095640 1318.0
1095650 1319.3
1095660 1320.2
1095670 1320.2
1095680 1322.5
1095690 1326.2
1095700 1328.8
1095710 1328.8
1095720 1330.7
1095730 1333.7
1095740 1333.7
1095750 1337.2
1095760 1340.2
1095770 1340.2
1095780 1340.5
1095790 1341.5
1095800 1341.5
1095810 1344.5
1095820 1349.9
1095830 1349.9
1095840 1353.9
1095850 1357.7
1095860 1357.7
1095870 1360.8
1095880 1362.2
1095890 1362.2
1095900 1362.8
1095910 1365.3
1095920 1365.3
1095930 1370.0
1095940 1375.1
1095950 1381.0
1095960 1380.6
1095970 1384.9
1095980 1389.5
1095990 1389.5
1096000 1393.4
1096010 1396.8
1096020 1396.8
1096030 1399.7
1096040 1402.0
1096050 1402.0
1096060 1403.6
1096070 1404.6
1096080 1404.6
1096090 1405.3
1096100 1406.4
1096110 1406.4
1096120 1407.5
1096130 1408.3
1096140 1408.3
1096150 1407.9
1096160 1407.0
1096170 1407.0
1096180 1405.6
1096190 1403.4
1096200 1401.0
1096210 1401.0
1096220 1398.9
1096230 1396.6
1096240 1396.6
1096250 1393.9
1096260 1391.1
1096270 1391.1
1096280 1388.7
1096290 1388.8
1096300 1388.8
1096310 1388.0
1096320 1388.3
1096330 1388.3
1096340 1389.6
1096350 1392.1
1096360 1392.1
1096370 1394.1
1096380 1394.9
1096390 1394.9
1096400 1394.3
1096410 1393.2
1096420 1392.8
1096430 1392.8
1096440 1393.1
1096450 1393.7
1096460 1393.7
1096470 1394.0
1096480 1390.9
1096490 1390.9
1096500 1387.2
1096510 1385.0
1096520 1385.0
1096530 1383.1
1096540 1383.0
1096550 1383.0
1096560 1382.7
1096570 1380.7
1096580 1380.7
1096590 1377.2
1096600 1371.6
1096610 1371.6
1096620 1375.2
1096630 1379.8
1096640 1379.8
1096650 1380.6
1096660 1377.5
1096670 1372.6
1096680 1372.6
1096690 1370.2
1096700 1369.1
1096710 1369.1
1096720 1369.9
1096730 1374.4
1096740 1374.4
1096750 1382.0
1096760 1390.7
1096770 1390.7
1096780 1398.9
1096790 1407.5
1096800 1407.5
1096810 1414.9
1096820 1420.5
1096830 1420.5
1096840 1425.2
1096850 1429.0
1096860 1429.0
1096870 1432.7
1096880 1437.8
1096890 1437.8
1096900 1442.6
1096910 1446.9
1096920 1450.8
1096930 1450.8
1096940 1454.6
1096950 1455.6
1096960 1455.6
1096970 1459.2
1096980 1461.7
1096990 1461.7
1097000 1464.2
1097010 1467.4
1097020 1467.4
1097030 1470.8
1097040 1474.4
1097050 1474.4
1097060 1477.2
1097070 1478.9
1097080 1478.9
1097090 1480.4
1097100 1482.1
1097110 1482.1
1097120 1485.7
1097130 1489.6
1097140 1489.6
1097150 1492.7
1097160 1495.2
1097170 1498.1
1097180 1498.1
1097190 1501.8
1097200 1505.3
1097210 1505.3
1097220 1508.9
1097230 1512.7
1097240 1512.7
1097250 1516.6
1097260 1519.9
1097270 1516.5
1097280 1519.7
1097290 1522.9
1097300 1522.9
1097310 1526.1
1097320 1529.3
1097330 1529.3
1097340 1532.6
1097350 1536.3
1097360 1536.3
1097370 1539.5
1097380 1542.7
1097390 1542.7
1097400 1545.7
1097410 1549.3
1097420 1552.1
1097430 1552.1
1097440 1554.8
1097450 1557.3
1097460 1557.3
1097470 1559.5
1097480 1561.3
1097490 1561.3
1097500 1562.2
1097510 1564.2
1097520 1564.2
1097530 1564.6
1097540 1565.0
1097550 1565.0
1097560 1568.5
1097570 1573.0
1097580 1573.0
1097590 1578.4
1097600 1581.2
1097610 1581.2
1097620 1588.3
1097630 1593.5
1097640 1593.5
1097650 1599.1
1097660 1607.1
1097670 1613.9
1097680 1613.9
1097690 1619.5
1097700 1624.6
1097710 1624.6
1097720 1629.4
1097730 1634.1
1097740 1634.1
1097750 1639.0
1097760 1643.2
1097770 1643.2
1097780 1647.4
1097790 1651.2
1097800 1651.2
1097810 1653.7
1097820 1654.1
1097830 1654.1
1097840 1652.9
1097850 1652.2
1097860 1652.2
1097870 1655.3
1097880 1661.0
1097890 1661.0
1097900 1664.8
1097910 1658.4
1097920 1649.2
1097930 1648.1
1097940 1638.9
1097950 1629.9
1097960 1629.9
1097970 1622.0
1097980 1613.8
1097990 1613.8
1098000 1604.5
1098010 1593.1
1098020 1593.1
1098030 1583.3
1098040 1566.9
1098050 1566.9
1098060 1556.3
1098070 1549.1
1098080 1549.1
1098090 1537.0
1098100 1529.2
1098110 1529.2
1098120 1531.4
1098130 1542.0
1098140 1542.0
1098150 1547.4
1098160 1548.2
1098170 1544.4
1098180 1544.4
1098190 1531.2
1098200 1519.8
1098210 1519.8
1098220 1508.4
1098230 1500.6
1098240 1500.6
1098250 1509.8
1098260 1510.2
1098270 1510.2
1098280 1517.8
1098290 1519.8
1098300 1519.8
1098310 1513.1
1098320 1518.8
1098330 1518.8
1098340 1525.4
1098350 1531.8
1098360 1531.8
1098370 1528.1
1098380 1515.5
1098390 1515.5
1098400 1506.6
1098410 1499.0
1098420 1500.3
1098430 1500.3
1098440 1498.3
1098450 1485.3
1098460 1485.3
1098470 1477.9
1098480 1472.1
1098490 1472.1
1098500 1471.4
1098510 1470.4
1098520 1470.4
1098530 1474.1
1098540 1483.5
1098550 1483.5
1098560 1489.5
1098570 1495.9
1098580 1495.9
1098590 1506.1
1098600 1513.1
1098610 1513.1
1098620 1519.6
1098630 1528.6
1098640 1536.8
1098650 1536.8
1098660 1543.5
1098670 1550.8
1098680 1550.8
1098690 1560.9
1098700 1571.3
1098710 1571.3
1098720 1588.7
1098730 1614.0
1098740 1614.0
1098750 1643.8
1098760 1650.2
1098770 1650.2
1098780 1655.1
1098790 1664.4
1098800 1664.4
1098810 1670.6
1098820 1680.5
1098830 1680.5
1098840 1690.1
1098850 1712.7
1098860 1712.7
1098870 1724.3
1098880 1733.6
1098890 1740.1
1098900 1740.1
1098910 1740.6
1098920 1749.2
1098930 1749.2
1098940 1755.1
1098950 1762.5
1098960 1762.5
1098970 1767.3
1098980 1760.6
1098990 1760.6
1099000 1754.0
1099010 1748.8
1099020 1748.8
1099030 1748.4
1099040 1748.4
1099050 1748.4
1099060 1747.0
1099070 1749.0
1099080 1749.0
1099090 1755.0
1099100 1760.9
1099110 1760.9
1099120 1760.8
1099130 1759.7
1099140 1757.9
1099150 1757.9
1099160 1755.9
1099170 1753.8
1099180 1753.8
1099190 1752.5
1099200 1751.9
1099210 1751.9
1099220 1749.7
1099230 1740.4
1099240 1740.4
1099250 1725.6
1099260 1716.5
1099270 1716.5
1099280 1709.4
1099290 1705.4
1099300 1705.4
1099310 1709.9
1099320 1705.7
1099330 1705.7
1099340 1711.1
1099350 1703.6
1099360 1703.6
1099370 1714.3
1099380 1724.8
1099390 1736.6
1099400 1736.6
1099410 1737.9
1099420 1735.8
1099430 1735.8
1099440 1733.1
1099450 1729.8
1099460 1729.8
1099470 1726.6
1099480 1723.5
1099490 1723.5
1099500 1721.7
1099510 1721.9
1099520 1721.9
1099530 1722.4
1099540 1721.4
1099550 1721.4
1099560 1719.9
1099570 1717.9
1099580 1714.9
1099590 1713.4
1099600 1712.6
1099610 1712.6
1099620 1712.3
1099630 1713.6
1099640 1716.6
1099650 1716.6
1099660 1718.9
1099670 1722.6
1099680 1722.6
1099690 1722.3
1099700 1715.0
1099710 1715.0
1099720 1709.9
1099730 1708.4
1099740 1708.4
1099750 1712.9
1099760 1711.0
1099770 1711.0
1099780 1712.6
1099790 1717.5
1099800 1717.5
1099810 1724.1
1099820 1724.7
1099830 1724.7
1099840 1720.8
1099850 1716.8
1099860 1716.8
1099870 1715.6
1099880 1716.1
1099890 1718.7
1099900 1718.7
1099910 1710.9
1099920 1715.0
1099930 1715.0
1099940 1722.4
1099950 1722.8
1099960 1722.8
1099970 1719.0
1099980 1714.8
1099990 1714.8
