1080000 1239.8
1080010 1245.4
1080020 1245.4
1080030 1247.2
1080040 1247.6
1080050 1247.6
1080060 1249.0
1080070 1251.7
1080080 1251.7
1080090 1255.9
1080100 1259.5
1080110 1259.5
1080120 1264.5
1080130 1269.8
1080140 1274.4
1080150 1274.4
1080160 1279.3
1080170 1284.2
1080180 1284.2
1080190 1289.6
1080200 1294.9
1080210 1294.9
1080220 1300.5
1080230 1306.3
1080240 1306.3
1080250 1311.9
1080260 1317.3
1080270 1317.3
1080280 1320.2
1080290 1325.5
1080300 1325.5
1080310 1330.0
1080320 1333.2
1080330 1333.2
1080340 1335.6
1080350 1337.8
1080360 1337.8
1080370 1340.1
1080380 1343.1
1080390 1346.4
1080400 1346.4
1080410 1349.4
1080420 1352.2
1080430 1352.2
1080440 1355.3
1080450 1358.1
1080460 1358.1
1080470 1360.2
1080480 1361.5
1080490 1361.5
1080500 1362.8
1080510 1364.0
1080520 1364.0
1080530 1365.1
1080540 1366.2
1080550 1366.2
1080560 1366.8
1080570 1367.8
1080580 1367.8
1080590 1369.0
1080600 1373.1
1080610 1373.1
1080620 1374.6
1080630 1376.3
1080640 1375.8
1080650 1375.8
1080660 1370.1
1080670 1363.8
1080680 1363.8
1080690 1355.9
1080700 1348.7
1080710 1348.7
1080720 1341.6
1080730 1333.5
1080740 1333.5
1080750 1324.0
1080760 1315.8
1080770 1315.8
1080780 1309.0
1080790 1303.5
1080800 1303.5
1080810 1295.0
1080820 1286.2
1080830 1286.2
1080840 1280.6
1080850 1275.1
1080860 1275.1
1080870 1269.3
1080880 1264.8
1080890 1260.4
1080900 1260.4
1080910 1261.4
1080920 1259.8
1080930 1259.8
1080940 1256.5
1080950 1249.4
1080960 1249.4
1080970 1242.4
1080980 1242.1
1080990 1242.1
1081000 1243.7
1081010 1241.2
1081020 1241.2
1081030 1239.3
1081040 1241.9
1081050 1241.9
1081060 1242.9
1081070 1244.7
1081080 1244.7
1081090 1246.3
1081100 1249.9
1081110 1249.9
1081120 1251.5
1081130 1250.1
1081140 1247.1
1081150 1247.1
1081160 1245.7
1081170 1247.1
1081180 1247.1
1081190 1254.1
1081200 1260.2
1081210 1260.2
1081220 1260.6
1081230 1280.8
1081240 1280.8
1081250 1280.6
1081260 1283.0
1081270 1283.0
1081280 1287.9
1081290 1295.2
1081300 1295.2
1081310 1298.1
1081320 1298.2
1081330 1298.2
1081340 1290.5
1081350 1285.8
1081360 1285.8
1081370 1283.4
1081380 1292.3
1081390 1299.0
1081400 1299.0
1081410 1300.8
1081420 1300.9
1081430 1300.9
1081440 1299.7
1081450 1297.0
1081460 1297.0
1081470 1293.4
1081480 1293.9
1081490 1293.9
1081500 1297.1
1081510 1297.1
1081520 1297.1
1081530 1295.1
1081540 1299.4
1081550 1299.4
1081560 1296.3
1081570 1292.8
1081580 1292.8
1081590 1289.6
1081600 1285.6
1081610 1285.6
1081620 1279.3
1081630 1271.5
1081640 1263.9
1081650 1263.9
1081660 1258.2
1081670 1249.7
1081680 1249.7
1081690 1240.5
1081700 1235.9
1081710 1235.9
1081720 1231.5
1081730 1227.1
1081740 1227.1
1081750 1221.1
1081760 1216.2
1081770 1216.2
1081780 1210.5
1081790 1211.1
1081800 1211.1
1081810 1213.4
1081820 1215.8
1081830 1215.8
1081840 1216.0
1081850 1212.0
1081860 1218.2
1081870 1213.4
1081880 1209.2
1081890 1205.3
1081900 1205.3
1081910 1206.8
1081920 1205.6
1081930 1205.6
1081940 1207.0
1081950 1208.2
1081960 1208.2
1081970 1207.8
1081980 1206.5
1081990 1206.5
1082000 1207.4
1082010 1207.8
1082020 1207.8
1082030 1207.3
1082040 1206.3
1082050 1206.3
1082060 1205.0
1082070 1203.3
1082080 1203.3
1082090 1200.8
1082100 1198.9
1082110 1198.9
1082120 1197.2
1082130 1192.9
1082140 1188.1
1082150 1188.1
1082160 1182.5
1082170 1185.2
1082180 1185.2
1082190 1184.2
1082200 1186.4
1082210 1186.4
1082220 1189.7
1082230 1196.6
1082240 1196.6
1082250 1202.2
1082260 1205.6
1082270 1205.6
1082280 1208.9
1082290 1213.6
1082300 1213.6
1082310 1217.4
1082320 1217.0
1082330 1217.0
1082340 1214.2
1082350 1214.5
1082360 1214.5
1082370 1215.5
1082380 1218.3
1082390 1222.5
1082400 1222.5
1082410 1228.4
1082420 1231.8
1082430 1231.8
1082440 1228.7
1082450 1221.9
1082460 1221.9
1082470 1212.4
1082480 1211.9
1082490 1225.8
1082500 1219.4
1082510 1216.8
1082520 1216.8
1082530 1218.0
1082540 1219.3
1082550 1219.3
1082560 1213.4
1082570 1208.8
1082580 1208.8
1082590 1208.8
1082600 1203.9
1082610 1203.3
1082620 1203.3
1082630 1210.9
1082640 1218.3
1082650 1218.3
1082660 1212.4
1082670 1205.7
1082680 1205.7
1082690 1199.7
1082700 1194.3
1082710 1194.3
1082720 1190.5
1082730 1194.8
1082740 1194.8
1082750 1198.6
1082760 1192.0
1082770 1192.0
1082780 1184.8
1082790 1177.8
1082800 1177.8
1082810 1195.1
1082820 1191.3
1082830 1191.3
1082840 1185.0
1082850 1181.5
1082860 1180.0
1082870 1180.0
1082880 1178.3
1082890 1175.8
1082900 1175.8
1082910 1176.7
1082920 1174.5
1082930 1174.5
1082940 1171.7
1082950 1168.8
1082960 1168.8
1082970 1164.4
1082980 1164.8
1082990 1164.8
1083000 1169.9
1083010 1171.5
1083020 1171.5
1083030 1166.8
1083040 1163.6
1083050 1163.6
1083060 1167.6
1083070 1173.6
1083080 1173.6
1083090 1178.1
1083100 1177.9
1083110 1177.2
1083120 1184.0
1083130 1182.2
1083140 1177.6
1083150 1177.6
1083160 1172.2
1083170 1183.9
1083180 1183.9
1083190 1192.6
1083200 1194.2
1083210 1194.2
1083220 1198.3
1083230 1202.6
1083240 1202.6
1083250 1204.6
1083260 1208.3
1083270 1208.3
1083280 1215.1
1083290 1220.9
1083300 1220.9
1083310 1223.3
1083320 1225.7
1083330 1225.7
1083340 1228.1
1083350 1231.0
1083360 1235.6
1083370 1235.6
1083380 1242.6
1083390 1248.7
1083400 1248.7
1083410 1252.8
1083420 1255.9
1083430 1255.9
1083440 1264.4
1083450 1266.7
1083460 1266.7
1083470 1266.7
1083480 1265.7
1083490 1265.7
1083500 1265.0
1083510 1264.4
1083520 1264.4
1083530 1263.8
1083540 1263.0
1083550 1263.0
1083560 1261.8
1083570 1259.0
1083580 1259.0
1083590 1255.4
1083600 1252.1
1083610 1249.2
1083620 1249.2
1083630 1248.6
1083640 1247.6
1083650 1247.6
1083660 1244.9
1083670 1240.7
1083680 1240.7
1083690 1239.5
1083700 1239.3
1083710 1239.3
1083720 1240.5
1083730 1236.8
1083740 1236.8
1083750 1229.2
1083760 1229.7
1083770 1229.7
1083780 1234.0
1083790 1236.6
1083800 1236.6
1083810 1234.7
1083820 1231.7
1083830 1231.7
1083840 1228.0
1083850 1224.7
1083860 1221.4
1083870 1221.4
1083880 1218.0
1083890 1213.9
1083900 1213.9
1083910 1210.4
1083920 1207.1
1083930 1207.1
1083940 1204.8
1083950 1202.6
1083960 1202.6
1083970 1200.5
1083980 1197.8
1083990 1197.8
1084000 1195.6
1084010 1192.7
1084020 1192.7
1084030 1189.4
1084040 1186.3
1084050 1186.3
1084060 1182.6
1084070 1182.4
1084080 1182.4
1084090 1177.9
1084100 1173.7
1084110 1169.8
1084120 1169.8
1084130 1165.9
1084140 1161.9
1084150 1161.9
1084160 1157.2
1084170 1152.4
1084180 1152.4
1084190 1148.1
1084200 1143.8
1084210 1143.8
1084220 1139.1
1084230 1134.5
1084240 1134.5
1084250 1129.8
1084260 1125.3
1084270 1125.3
1084280 1121.3
1084290 1118.2
1084300 1118.2
1084310 1113.7
1084320 1110.1
1084330 1110.1
1084340 1105.3
1084350 1100.9
1084360 1097.3
1084370 1097.3
1084380 1093.2
1084390 1090.4
1084400 1090.4
1084410 1086.0
1084420 1081.3
1084430 1081.3
1084440 1075.2
1084450 1067.7
1084460 1067.7
1084470 1060.6
1084480 1062.6
1084490 1062.6
1084500 1066.3
1084510 1066.7
1084520 1066.7
1084530 1062.9
1084540 1058.1
1084550 1058.1
1084560 1055.2
1084570 1051.2
1084580 1051.2
1084590 1046.4
1084600 1046.1
1084610 1044.3
1084620 1044.3
1084630 1040.4
1084640 1036.6
1084650 1036.6
1084660 1035.9
1084670 1032.2
1084680 1032.2
1084690 1028.1
1084700 1023.7
1084710 1033.0
1084720 1027.7
1084730 1023.4
1084740 1023.4
1084750 1019.4
1084760 1014.7
1084770 1014.7
1084780 1008.1
1084790 1000.7
1084800 1000.7
1084810 993.6
1084820 986.6
1084830 986.6
1084840 975.6
1084850 967.4
1084860 957.8
1084870 957.8
1084880 947.4
1084890 935.4
1084900 935.4
1084910 931.0
1084920 933.1
1084930 933.1
1084940 930.0
1084950 923.4
1084960 923.4
1084970 915.9
1084980 907.5
1084990 907.5
1085000 895.8
1085010 885.9
1085020 885.9
1085030 896.6
1085040 902.6
1085050 902.6
1085060 908.0
1085070 910.6
1085080 908.6
1085090 908.6
1085100 903.4
1085110 898.7
1085120 898.7
1085130 897.1
1085140 896.4
1085150 896.4
1085160 893.5
1085170 888.5
1085180 888.5
1085190 884.5
1085200 880.3
1085210 880.3
1085220 876.4
1085230 872.4
1085240 872.4
1085250 868.0
1085260 863.7
1085270 863.7
1085280 858.4
1085290 853.5
1085300 853.5
1085310 849.2
1085320 844.7
1085330 838.7
1085340 838.7
1085350 835.6
1085360 827.3
1085370 827.3
1085380 818.9
1085390 811.4
1085400 811.4
1085410 804.1
1085420 798.6
1085430 798.6
1085440 797.6
1085450 796.5
1085460 796.5
1085470 795.0
1085480 793.1
1085490 793.1
1085500 792.5
1085510 790.4
1085520 790.4
1085530 787.2
1085540 783.0
1085550 783.0
1085560 777.0
1085570 770.6
1085580 766.3
1085590 766.3
1085600 762.3
1085610 758.9
1085620 758.9
1085630 755.7
1085640 751.5
1085650 751.5
1085660 750.2
1085670 745.9
1085680 745.9
1085690 741.5
1085700 735.4
1085710 735.4
1085720 728.7
1085730 722.5
1085740 722.5
1085750 716.6
1085760 711.1
1085770 711.1
1085780 706.0
1085790 700.9
1085800 700.9
1085810 695.6
1085820 689.8
1085830 684.4
1085840 684.4
1085850 678.9
1085860 674.3
1085870 674.3
1085880 668.9
1085890 665.5
1085900 665.5
1085910 661.9
1085920 658.4
1085930 658.4
1085940 656.2
1085950 654.7
1085960 654.7
1085970 653.6
1085980 658.3
1085990 658.3
1086000 657.0
1086010 656.2
1086020 656.2
1086030 653.9
1086040 652.2
1086050 652.2
1086060 650.8
1086070 647.8
1086080 642.9
1086090 642.9
1086100 638.9
1086110 634.3
1086120 634.3
1086130 629.4
1086140 624.5
1086150 624.5
1086160 619.6
1086170 614.6
1086180 614.6
1086190 610.0
1086200 605.8
1086210 605.8
1086220 603.5
1086230 602.8
1086240 602.8
1086250 603.0
1086260 603.7
1086270 603.7
1086280 604.9
1086290 606.4
1086300 612.3
1086310 612.7
1086320 612.4
1086330 611.5
1086340 611.5
1086350 608.9
1086360 605.3
1086370 605.3
1086380 602.5
1086390 598.0
1086400 598.0
1086410 593.7
1086420 591.3
1086430 591.3
1086440 589.4
1086450 589.1
1086460 589.1
1086470 588.0
1086480 586.2
1086490 586.2
1086500 584.6
1086510 582.7
1086520 582.7
1086530 581.2
1086540 580.5
1086550 580.5
1086560 579.8
1086570 577.8
1086580 577.1
1086590 577.1
1086600 577.1
1086610 577.7
1086620 582.9
1086630 581.6
1086640 579.3
1086650 579.3
1086660 576.5
1086670 574.0
1086680 574.0
1086690 572.0
1086700 569.8
1086710 569.8
1086720 567.9
1086730 567.6
1086740 567.6
1086750 566.5
1086760 565.6
1086770 565.6
1086780 564.3
1086790 561.9
1086800 561.9
1086810 559.0
1086820 557.1
1086830 555.5
1086840 555.5
1086850 553.3
1086860 550.9
1086870 550.9
1086880 547.9
1086890 545.7
1086900 545.7
1086910 542.9
1086920 540.6
1086930 540.6
1086940 544.8
1086950 543.1
1086960 543.1
1086970 541.4
1086980 538.8
1086990 538.8
1087000 535.6
1087010 534.7
1087020 534.7
1087030 534.6
1087040 533.7
1087050 533.7
1087060 531.7
1087070 529.8
1087080 529.3
1087090 529.3
1087100 529.4
1087110 529.4
1087120 529.4
1087130 529.5
1087140 529.6
1087150 529.6
1087160 529.6
1087170 529.5
1087180 529.5
1087190 529.6
1087200 529.6
1087210 529.6
1087220 529.7
1087230 529.8
1087240 529.8
1087250 530.0
1087260 530.2
1087270 530.2
1087280 530.1
1087290 530.2
1087300 530.5
1087310 530.5
1087320 530.6
1087330 530.6
1087340 530.6
1087350 530.6
1087360 530.7
1087370 530.7
1087380 530.7
1087390 530.7
1087400 530.7
1087410 530.7
1087420 530.8
1087430 530.8
1087440 530.8
1087450 530.8
1087460 530.8
1087470 530.9
1087480 531.0
1087490 531.0
1087500 531.0
1087510 531.1
1087520 531.1
1087530 531.2
1087540 531.3
1087550 531.6
1087560 531.6
1087570 531.6
1087580 531.7
1087590 531.7
1087600 531.6
1087610 531.7
1087620 531.7
1087630 531.8
1087640 531.9
1087650 531.9
1087660 532.2
1087670 532.6
1087680 532.6
1087690 532.9
1087700 532.8
1087710 532.8
1087720 532.8
1087730 532.7
1087740 532.7
1087750 532.7
1087760 532.7
1087770 532.7
1087780 532.8
1087790 532.8
1087800 532.8
1087810 532.8
1087820 532.9
1087830 532.9
1087840 532.9
1087850 533.0
1087860 533.0
1087870 533.0
1087880 533.1
1087890 533.2
1087900 533.3
1087910 533.4
1087920 533.5
1087930 533.5
1087940 533.5
1087950 533.6
1087960 533.6
1087970 533.7
1087980 533.8
1087990 533.8
1088000 533.9
1088010 534.1
1088020 534.1
1088030 533.9
1088040 534.0
1088050 534.1
1088060 534.1
1088070 534.2
1088080 534.3
1088090 534.3
1088100 534.4
1088110 534.5
1088120 534.5
1088130 534.3
1088140 534.1
1088150 534.1
1088160 534.3
1088170 534.5
1088180 534.5
1088190 534.6
1088200 534.7
1088210 534.7
1088220 534.7
1088230 534.7
1088240 534.7
1088250 534.8
1088260 534.8
1088270 534.8
1088280 534.8
1088290 534.9
1088300 535.0
1088310 535.0
1088320 535.1
1088330 535.1
1088340 535.1
1088350 535.1
1088360 535.2
1088370 535.2
1088380 535.3
1088390 535.5
1088400 535.5
1088410 535.6
1088420 535.7
1088430 535.7
1088440 535.8
1088450 536.0
1088460 536.0
1088470 536.1
1088480 536.2
1088490 536.2
1088500 536.3
1088510 536.3
1088520 536.3
1088530 536.3
1088540 536.6
1088550 536.5
1088560 536.5
1088570 536.6
1088580 536.7
1088590 536.7
1088600 536.8
1088610 536.9
1088620 536.9
1088630 536.9
1088640 537.0
1088650 537.0
1088660 537.1
1088670 537.2
1088680 537.2
1088690 537.3
1088700 537.5
1088710 537.5
1088720 537.6
1088730 537.7
1088740 537.7
1088750 537.8
1088760 537.9
1088770 537.9
1088780 538.0
1088790 538.0
1088800 538.1
1088810 538.1
1088820 538.1
1088830 538.2
1088840 538.2
1088850 538.4
1088860 538.4
1088870 538.4
1088880 538.5
1088890 538.5
1088900 538.5
1088910 538.6
1088920 538.7
1088930 538.7
1088940 538.8
1088950 538.9
1088960 538.9
1088970 539.0
1088980 539.0
1088990 539.0
1089000 539.0
1089010 538.9
1089020 538.9
1089030 538.9
1089040 539.1
1089050 539.4
1089060 539.4
1089070 539.8
1089080 539.9
1089090 539.9
1089100 539.8
1089110 539.8
1089120 539.8
1089130 540.0
1089140 540.1
1089150 540.1
1089160 540.3
1089170 540.4
1089180 540.3
1089190 540.4
1089200 540.5
1089210 540.5
1089220 540.6
1089230 540.6
1089240 540.6
1089250 540.5
1089260 540.5
1089270 540.5
1089280 540.5
1089290 540.6
1089300 540.7
1089310 540.7
1089320 540.9
1089330 541.0
1089340 541.0
1089350 541.1
1089360 541.3
1089370 541.3
1089380 541.3
1089390 541.2
1089400 541.2
1089410 541.4
1089420 541.9
1089430 541.9
1089440 541.9
1089450 541.8
1089460 541.8
1089470 541.7
1089480 541.9
1089490 541.9
1089500 542.1
1089510 542.5
1089520 542.6
1089530 542.6
1089540 542.8
1089550 543.0
1089560 543.0
1089570 543.1
1089580 543.4
1089590 543.4
1089600 543.5
1089610 543.6
1089620 543.6
1089630 543.6
1089640 544.6
1089650 544.6
1089660 545.9
1089670 546.2
1089680 546.2
1089690 546.1
1089700 545.7
1089710 545.7
1089720 545.2
1089730 544.7
1089740 544.7
1089750 544.0
1089760 543.9
1089770 543.9
1089780 543.9
1089790 543.9
1089800 543.9
1089810 543.9
1089820 543.9
1089830 543.8
1089840 543.8
1089850 545.5
1089860 546.5
1089870 546.5
1089880 544.8
1089890 544.4
1089900 544.4
1089910 544.5
1089920 545.1
1089930 545.1
1089940 545.2
1089950 544.9
1089960 544.9
1089970 544.0
1089980 544.0
1089990 544.0
1090000 543.8
1090010 544.9
1090020 546.1
1090030 546.1
1090040 545.5
1090050 543.6
1090060 543.6
1090070 543.2
1090080 543.1
1090090 543.1
1090100 543.1
1090110 543.0
1090120 543.0
1090130 542.9
1090140 543.0
1090150 543.1
1090160 543.0
1090170 543.1
1090180 543.1
1090190 542.6
1090200 541.2
1090210 541.2
1090220 539.6
1090230 539.0
1090240 539.0
1090250 538.9
1090260 539.1
1090270 539.9
1090280 539.9
1090290 540.6
1090300 541.2
1090310 541.2
1090320 541.8
1090330 543.6
1090340 543.6
1090350 544.8
1090360 545.2
1090370 545.2
1090380 545.9
1090390 545.9
1090400 545.9
1090410 545.8
1090420 545.8
1090430 545.8
1090440 545.7
1090450 545.8
1090460 545.8
1090470 545.9
1090480 545.9
1090490 545.9
1090500 545.7
1090510 545.7
1090520 545.6
1090530 545.6
1090540 545.5
1090550 545.2
1090560 545.2
1090570 545.3
1090580 545.3
1090590 545.3
1090600 545.0
1090610 544.8
1090620 544.8
1090630 544.9
1090640 544.9
1090650 544.9
1090660 544.8
1090670 544.9
1090680 544.9
1090690 544.8
1090700 544.7
1090710 544.7
1090720 544.8
1090730 545.4
1090740 545.4
1090750 545.6
1090760 545.6
1090770 545.6
1090780 545.6
1090790 545.6
1090800 545.7
1090810 545.7
1090820 545.8
1090830 545.8
1090840 545.8
1090850 545.9
1090860 545.9
1090870 545.9
1090880 545.9
1090890 545.8
1090900 545.8
1090910 546.1
1090920 546.1
1090930 546.1
1090940 546.0
1090950 546.0
1090960 546.0
1090970 546.0
1090980 546.2
1090990 546.2
1091000 546.3
1091010 546.4
1091020 546.4
1091030 546.4
1091040 546.4
1091050 546.3
1091060 546.3
1091070 546.4
1091080 546.4
1091090 546.4
1091100 546.3
1091110 546.4
1091120 546.5
1091130 546.5
1091140 546.6
1091150 546.6
1091160 547.1
1091170 549.9
1091180 549.9
1091190 550.4
1091200 549.2
1091210 549.2
1091220 549.0
1091230 549.5
1091240 549.5
1091250 550.0
1091260 550.6
1091270 551.1
1091280 551.1
1091290 551.7
1091300 552.2
1091310 552.2
1091320 552.5
1091330 555.2
1091340 555.2
1091350 560.6
1091360 566.0
1091370 566.0
1091380 567.6
1091390 568.1
1091400 568.1
1091410 568.6
1091420 568.8
1091430 568.8
1091440 569.8
1091450 570.3
1091460 570.3
1091470 570.8
1091480 571.5
1091490 571.5
1091500 572.2
1091510 572.9
1091520 573.7
1091530 573.7
1091540 574.4
1091550 575.1
1091560 575.1
1091570 576.0
1091580 576.8
1091590 576.8
1091600 577.3
1091610 578.1
1091620 578.1
1091630 579.2
1091640 579.9
1091650 579.9
1091660 580.3
1091670 580.3
1091680 580.3
1091690 581.1
1091700 581.9
1091710 581.9
1091720 583.2
1091730 584.3
1091740 584.4
1091750 584.4
1091760 584.7
1091770 585.6
1091780 585.6
1091790 586.6
1091800 586.9
1091810 586.9
1091820 587.7
1091830 588.4
1091840 588.4
1091850 589.3
1091860 590.6
1091870 590.6
1091880 591.0
1091890 591.6
1091900 591.6
1091910 592.4
1091920 593.4
1091930 593.4
1091940 593.8
1091950 594.0
1091960 594.0
1091970 594.7
1091980 596.2
1091990 597.0
1092000 597.0
1092010 597.4
1092020 597.8
1092030 597.8
1092040 599.0
1092050 599.8
1092060 599.8
1092070 600.5
1092080 601.3
1092090 601.0
1092100 601.7
1092110 602.5
1092120 602.5
1092130 603.2
1092140 603.9
1092150 603.9
1092160 604.6
1092170 605.5
1092180 605.5
1092190 606.4
1092200 607.3
1092210 607.3
1092220 607.9
1092230 609.6
1092240 610.8
1092250 610.8
1092260 611.0
1092270 611.2
1092280 611.2
1092290 612.6
1092300 613.1
1092310 613.1
1092320 613.8
1092330 614.8
1092340 614.8
1092350 615.3
1092360 615.5
1092370 615.5
1092380 615.9
1092390 616.1
1092400 616.1
1092410 615.6
1092420 616.6
1092430 616.6
1092440 618.0
1092450 618.7
1092460 618.7
1092470 619.9
1092480 620.5
1092490 621.4
1092500 621.4
1092510 622.8
1092520 623.4
1092530 623.4
1092540 624.8
1092550 625.4
1092560 625.4
1092570 625.9
1092580 626.6
1092590 626.6
1092600 627.9
1092610 628.9
1092620 628.9
1092630 629.9
1092640 630.4
1092650 630.4
1092660 631.6
1092670 632.3
1092680 632.3
1092690 632.7
1092700 633.0
1092710 633.0
1092720 632.7
1092730 630.7
1092740 627.8
1092750 627.8
1092760 631.1
1092770 634.3
1092780 634.3
1092790 636.7
1092800 639.0
1092810 639.0
1092820 640.3
1092830 640.8
1092840 640.8
1092850 640.7
1092860 641.1
1092870 641.1
1092880 642.1
1092890 642.1
1092900 642.1
1092910 643.3
1092920 643.4
1092930 643.4
1092940 643.7
1092950 644.3
1092960 644.3
1092970 644.9
1092980 645.6
1092990 646.2
1093000 646.2
1093010 646.7
1093020 646.8
1093030 646.8
1093040 647.0
1093050 647.0
1093060 646.3
1093070 646.5
1093080 646.4
1093090 646.4
1093100 646.1
1093110 645.8
1093120 645.8
1093130 646.1
1093140 646.0
1093150 646.0
1093160 645.5
1093170 644.9
1093180 644.9
1093190 644.4
1093200 643.9
1093210 643.9
1093220 643.5
1093230 642.5
1093240 642.0
1093250 642.0
1093260 642.0
1093270 641.8
1093280 641.8
1093290 641.1
1093300 641.3
1093310 641.3
1093320 641.0
1093330 641.3
1093340 641.3
1093350 640.5
1093360 641.4
1093370 641.4
1093380 638.0
1093390 639.3
1093400 639.3
1093410 641.6
1093420 643.5
1093430 643.5
1093440 647.7
1093450 650.2
1093460 650.2
1093470 650.1
1093480 649.2
1093490 648.1
1093500 648.1
1093510 650.3
1093520 651.8
1093530 651.8
1093540 651.9
1093550 651.5
1093560 651.5
1093570 651.7
1093580 654.8
1093590 654.8
1093600 659.5
1093610 663.2
1093620 663.2
1093630 664.3
1093640 664.1
1093650 664.1
1093660 665.9
1093670 666.5
1093680 666.5
1093690 666.5
1093700 667.7
1093710 664.2
1093720 666.5
1093730 667.9
1093740 670.9
1093750 670.9
1093760 675.5
1093770 680.3
1093780 680.3
1093790 685.0
1093800 690.1
1093810 690.1
1093820 697.1
1093830 705.7
1093840 705.7
1093850 712.6
1093860 719.3
1093870 719.3
1093880 725.8
1093890 731.4
1093900 731.4
1093910 736.1
1093920 739.2
1093930 739.2
1093940 742.5
1093950 748.5
1093960 754.6
1093970 754.6
1093980 758.1
1093990 761.9
1094000 761.9
1094010 765.3
1094020 768.3
1094030 767.5
1094040 772.9
1094050 778.8
1094060 778.8
1094070 785.2
1094080 790.1
1094090 790.1
1094100 796.3
1094110 803.4
1094120 803.4
1094130 811.2
1094140 819.1
1094150 819.1
1094160 827.3
1094170 835.8
1094180 835.8
1094190 842.9
1094200 849.6
1094210 855.7
1094220 855.7
1094230 861.6
1094240 867.1
1094250 867.1
1094260 873.2
1094270 879.5
1094280 879.5
1094290 886.6
1094300 893.6
1094310 893.6
1094320 900.3
1094330 906.8
1094340 906.8
1094350 913.5
1094360 920.0
1094370 920.0
1094380 926.0
1094390 931.8
1094400 931.8
1094410 937.8
1094420 943.8
1094430 943.8
1094440 947.7
1094450 950.0
1094460 952.5
1094470 952.5
1094480 955.9
1094490 959.4
1094500 959.4
1094510 963.1
1094520 967.1
1094530 967.1
1094540 973.1
1094550 979.4
1094560 979.4
1094570 984.2
1094580 987.4
1094590 987.4
1094600 991.0
1094610 994.9
1094620 994.9
1094630 999.7
1094640 1004.4
1094650 1004.4
1094660 1009.1
1094670 1014.1
1094680 1014.1
1094690 1019.5
1094700 1024.5
1094710 1028.6
1094720 1028.6
1094730 1032.7
1094740 1037.6
1094750 1037.6
1094760 1042.4
1094770 1046.5
1094780 1046.5
1094790 1049.9
1094800 1053.0
1094810 1053.0
1094820 1056.1
1094830 1059.7
1094840 1059.7
1094850 1062.7
1094860 1065.7
1094870 1065.7
1094880 1068.6
1094890 1072.3
1094900 1072.3
1094910 1075.6
1094920 1078.8
1094930 1078.8
1094940 1083.9
1094950 1089.5
1094960 1094.8
1094970 1094.8
1094980 1100.3
1094990 1105.5
1095000 1105.5
1095010 1112.8
1095020 1117.8
1095030 1117.8
1095040 1121.9
1095050 1125.6
1095060 1125.6
1095070 1128.7
1095080 1133.1
1095090 1133.1
1095100 1137.8
1095110 1142.0
1095120 1142.0
1095130 1146.2
1095140 1149.9
1095150 1149.9
1095160 1154.5
1095170 1159.2
1095180 1159.2
1095190 1164.2
1095200 1169.4
1095210 1174.6
1095220 1174.6
1095230 1179.7
1095240 1184.8
1095250 1184.8
1095260 1189.8
1095270 1194.9
1095280 1194.9
1095290 1200.2
1095300 1204.8
1095310 1204.8
1095320 1209.5
1095330 1214.3
1095340 1212.6
1095350 1217.0
1095360 1220.6
1095370 1220.6
1095380 1224.5
1095390 1228.5
1095400 1228.5
1095410 1231.9
1095420 1235.5
1095430 1235.5
1095440 1239.8
1095450 1244.7
1095460 1250.1
1095470 1250.1
1095480 1256.0
1095490 1262.9
1095500 1262.9
1095510 1269.8
1095520 1276.0
1095530 1276.0
1095540 1281.6
1095550 1287.0
1095560 1287.0
1095570 1292.5
1095580 1298.5
1095590 1298.5
1095600 1305.7
1095610 1313.9
1095620 1313.9
1095630 1322.8
1095640 1329.2
1095650 1329.2
1095660 1334.1
1095670 1336.7
1095680 1336.7
1095690 1338.9
1095700 1341.1
1095710 1344.0
1095720 1344.0
1095730 1347.4
1095740 1351.0
1095750 1351.0
1095760 1354.6
1095770 1358.1
1095780 1358.1
1095790 1361.5
1095800 1365.7
1095810 1365.7
1095820 1370.2
1095830 1374.9
1095840 1374.9
1095850 1378.7
1095860 1381.5
1095870 1381.5
1095880 1383.1
1095890 1384.4
1095900 1384.4
1095910 1387.4
1095920 1387.8
1095930 1387.5
1095940 1387.5
1095950 1391.0
1095960 1394.5
1095970 1394.5
1095980 1396.4
1095990 1396.8
1096000 1396.8
1096010 1399.8
1096020 1401.1
1096030 1401.1
1096040 1402.5
1096050 1404.3
1096060 1404.3
1096070 1405.9
1096080 1407.5
1096090 1407.5
1096100 1409.8
1096110 1411.9
1096120 1411.9
1096130 1413.4
1096140 1415.3
1096150 1415.3
1096160 1416.7
1096170 1417.7
1096180 1418.8
1096190 1418.8
1096200 1419.9
1096210 1420.4
1096220 1420.4
1096230 1420.3
1096240 1420.4
1096250 1420.4
1096260 1421.3
1096270 1421.7
1096280 1421.7
1096290 1421.6
1096300 1421.4
1096310 1421.4
1096320 1424.1
1096330 1423.5
1096340 1423.5
1096350 1423.5
1096360 1423.7
1096370 1423.7
1096380 1423.3
1096390 1422.3
1096400 1422.3
1096410 1420.9
1096420 1420.2
1096430 1420.3
1096440 1420.3
1096450 1420.7
1096460 1421.4
1096470 1421.4
1096480 1421.6
1096490 1421.6
1096500 1421.6
1096510 1421.5
1096520 1421.4
1096530 1421.4
1096540 1421.2
1096550 1422.2
1096560 1422.2
1096570 1424.1
1096580 1425.0
1096590 1425.0
1096600 1426.3
1096610 1427.7
1096620 1427.7
1096630 1428.1
1096640 1427.6
1096650 1430.0
1096660 1430.4
1096670 1431.2
1096680 1431.5
1096690 1431.5
1096700 1431.5
1096710 1432.6
1096720 1432.6
1096730 1434.4
1096740 1435.9
1096750 1435.9
1096760 1437.2
1096770 1438.2
1096780 1438.2
1096790 1439.0
1096800 1440.3
1096810 1440.3
1096820 1441.4
1096830 1442.6
1096840 1442.6
1096850 1443.9
1096860 1444.9
1096870 1444.9
1096880 1444.6
1096890 1443.9
1096900 1443.9
1096910 1445.4
1096920 1447.4
1096930 1447.5
1096940 1447.5
1096950 1446.6
1096960 1445.9
1096970 1451.1
1096980 1451.2
1096990 1451.0
1097000 1451.0
1097010 1450.3
1097020 1449.5
1097030 1449.5
1097040 1448.5
1097050 1448.2
1097060 1448.2
1097070 1450.2
1097080 1453.8
1097090 1453.8
1097100 1458.4
1097110 1462.2
1097120 1462.2
1097130 1462.7
1097140 1462.7
1097150 1462.7
1097160 1465.7
1097170 1470.0
1097180 1473.6
1097190 1473.6
1097200 1474.9
1097210 1475.8
1097220 1475.8
1097230 1477.8
1097240 1481.3
1097250 1481.3
1097260 1485.4
1097270 1489.2
1097280 1489.2
1097290 1493.8
1097300 1502.2
1097310 1502.2
1097320 1504.3
1097330 1505.6
1097340 1505.6
1097350 1507.0
1097360 1508.0
1097370 1508.0
1097380 1508.6
1097390 1508.0
1097400 1508.0
1097410 1508.1
1097420 1510.8
1097430 1513.5
1097440 1513.5
1097450 1516.1
1097460 1518.6
1097470 1518.6
1097480 1522.4
1097490 1526.9
1097500 1526.9
1097510 1530.0
1097520 1531.2
1097530 1531.2
1097540 1533.2
1097550 1537.3
1097560 1537.3
1097570 1541.0
1097580 1543.5
1097590 1543.5
1097600 1544.9
1097610 1546.8
1097620 1546.8
1097630 1552.7
1097640 1555.8
1097650 1555.8
1097660 1557.9
1097670 1561.9
1097680 1567.4
1097690 1567.4
1097700 1572.8
1097710 1577.1
1097720 1577.1
1097730 1580.7
1097740 1584.1
1097750 1584.1
1097760 1587.4
1097770 1590.6
1097780 1590.6
1097790 1593.6
1097800 1595.6
1097810 1595.6
1097820 1593.2
1097830 1577.5
1097840 1577.5
1097850 1557.8
1097860 1548.6
1097870 1548.6
1097880 1543.4
1097890 1537.0
1097900 1531.8
1097910 1531.8
1097920 1532.1
1097930 1532.7
1097940 1532.7
1097950 1538.4
1097960 1538.3
1097970 1538.3
1097980 1535.8
1097990 1528.8
1098000 1528.8
1098010 1521.7
1098020 1517.0
1098030 1517.0
1098040 1509.9
1098050 1503.9
1098060 1503.9
1098070 1502.0
1098080 1491.7
1098090 1491.7
1098100 1491.5
1098110 1497.3
1098120 1497.3
1098130 1507.6
1098140 1517.9
1098150 1524.1
1098160 1524.1
1098170 1514.0
1098180 1507.6
1098190 1507.6
1098200 1503.7
1098210 1492.1
1098220 1492.1
1098230 1482.6
1098240 1476.8
1098250 1476.8
1098260 1467.6
1098270 1455.6
1098280 1455.6
1098290 1442.0
1098300 1417.5
1098310 1417.5
1098320 1400.6
1098330 1402.9
1098340 1402.9
1098350 1400.2
1098360 1389.1
1098370 1389.1
1098380 1406.4
1098390 1415.9
1098400 1421.8
1098410 1421.8
1098420 1427.6
1098430 1443.2
1098440 1443.2
1098450 1478.1
1098460 1511.4
1098470 1511.4
1098480 1537.0
1098490 1542.8
1098500 1542.8
1098510 1547.3
1098520 1548.8
1098530 1548.8
1098540 1548.4
1098550 1554.7
1098560 1554.7
1098570 1561.3
1098580 1569.8
1098590 1569.8
1098600 1572.5
1098610 1581.0
1098620 1581.0
1098630 1581.2
1098640 1584.5
1098650 1588.7
1098660 1588.7
1098670 1592.6
1098680 1599.4
1098690 1599.4
1098700 1606.0
1098710 1609.1
1098720 1609.1
1098730 1615.2
1098740 1619.8
1098750 1619.8
1098760 1625.7
1098770 1634.3
1098780 1634.3
1098790 1646.1
1098800 1651.0
1098810 1651.0
1098820 1659.9
1098830 1674.2
1098840 1674.2
1098850 1689.7
1098860 1713.9
1098870 1713.9
1098880 1723.5
1098890 1727.5
1098900 1740.4
1098910 1740.4
1098920 1753.4
1098930 1757.4
1098940 1773.6
1098950 1780.4
1098960 1754.2
1098970 1754.2
1098980 1729.3
1098990 1725.4
1099000 1725.4
1099010 1714.7
1099020 1703.3
1099030 1703.3
1099040 1708.1
1099050 1691.5
1099060 1691.5
1099070 1684.2
1099080 1670.6
1099090 1670.6
1099100 1656.8
1099110 1643.7
1099120 1643.7
1099130 1631.6
1099140 1625.0
1099150 1623.2
1099160 1623.2
1099170 1615.2
1099180 1607.0
1099190 1607.0
1099200 1599.3
1099210 1592.3
1099220 1592.3
1099230 1585.1
1099240 1577.0
1099250 1577.0
1099260 1561.2
1099270 1553.4
1099280 1553.4
1099290 1542.2
1099300 1535.6
1099310 1535.6
1099320 1542.4
1099330 1549.6
1099340 1549.6
1099350 1553.2
1099360 1557.0
1099370 1557.0
1099380 1566.2
1099390 1564.8
1099400 1564.6
1099410 1564.6
1099420 1573.0
1099430 1581.3
1099440 1581.3
1099450 1588.3
1099460 1590.9
1099470 1590.9
1099480 1593.1
1099490 1598.7
1099500 1598.7
1099510 1621.7
1099520 1647.6
1099530 1647.6
1099540 1655.4
1099550 1654.2
1099560 1654.2
1099570 1655.1
1099580 1655.2
1099590 1655.2
1099600 1642.4
1099610 1635.2
1099620 1635.2
1099630 1631.4
1099640 1631.9
1099650 1633.7
1099660 1633.7
1099670 1623.1
1099680 1610.5
1099690 1610.5
1099700 1603.0
1099710 1598.7
1099720 1598.7
1099730 1592.7
1099740 1586.3
1099750 1586.3
1099760 1579.8
1099770 1581.4
1099780 1581.4
1099790 1587.8
1099800 1584.5
1099810 1584.5
1099820 1583.1
1099830 1582.1
1099840 1582.1
1099850 1586.6
1099860 1593.9
1099870 1601.4
1099880 1601.4
1099890 1593.6
1099900 1584.8
1099910 1584.8
1099920 1585.0
1099930 1573.8
1099940 1573.8
1099950 1571.5
1099960 1570.8
1099970 1570.8
1099980 1569.5
1099990 1569.2
