1080000 685.7
1080010 684.7
1080020 683.3
1080030 685.9
1080040 684.7
1080050 683.5
1080060 683.5
1080070 683.8
1080080 684.6
1080090 684.6
1080100 684.7
1080110 684.1
1080120 684.1
1080130 682.4
1080140 680.3
1080150 680.3
1080160 679.0
1080170 677.3
1080180 677.3
1080190 676.1
1080200 673.9
1080210 673.9
1080220 671.5
1080230 668.7
1080240 665.1
1080250 665.1
1080260 662.2
1080270 659.6
1080280 659.6
1080290 656.6
1080300 653.8
1080310 653.8
1080320 651.6
1080330 649.4
1080340 653.4
1080350 652.4
1080360 650.8
1080370 650.8
1080380 649.1
1080390 649.1
1080400 649.1
1080410 649.8
1080420 651.2
1080430 651.2
1080440 653.0
1080450 655.1
1080460 655.1
1080470 655.3
1080480 655.6
1080490 656.0
1080500 656.0
1080510 655.6
1080520 654.6
1080530 654.6
1080540 653.6
1080550 653.7
1080560 653.7
1080570 654.2
1080580 654.3
1080590 654.3
1080600 652.4
1080610 651.0
1080620 651.0
1080630 649.7
1080640 649.4
1080650 649.4
1080660 650.8
1080670 651.2
1080680 651.2
1080690 650.6
1080700 651.1
1080710 651.1
1080720 651.1
1080730 649.9
1080740 649.2
1080750 649.2
1080760 648.6
1080770 648.8
1080780 648.8
1080790 648.4
1080800 649.0
1080810 649.0
1080820 650.4
1080830 650.3
1080840 650.3
1080850 649.2
1080860 648.6
1080870 648.6
1080880 648.8
1080890 648.8
1080900 648.8
1080910 650.2
1080920 651.0
1080930 651.0
1080940 650.3
1080950 651.3
1080960 651.3
1080970 655.8
1080980 655.9
1080990 654.8
1081000 654.8
1081010 654.8
1081020 655.1
1081030 655.1
1081040 654.4
1081050 653.7
1081060 653.7
1081070 654.6
1081080 655.4
1081090 655.4
1081100 655.4
1081110 655.1
1081120 655.1
1081130 656.1
1081140 658.3
1081150 658.3
1081160 659.9
1081170 661.0
1081180 661.0
1081190 660.7
1081200 659.2
1081210 659.2
1081220 659.0
1081230 659.7
1081240 660.3
1081250 660.3
1081260 660.0
1081270 660.2
1081280 660.2
1081290 662.4
1081300 661.6
1081310 661.6
1081320 660.5
1081330 659.4
1081340 659.4
1081350 658.4
1081360 657.8
1081370 657.8
1081380 656.7
1081390 655.5
1081400 655.5
1081410 653.5
1081420 651.1
1081430 651.1
1081440 648.8
1081450 647.5
1081460 647.5
1081470 646.2
1081480 644.5
1081490 642.1
1081500 642.1
1081510 641.0
1081520 639.1
1081530 639.1
1081540 634.2
1081550 630.2
1081560 630.2
1081570 626.7
1081580 623.7
1081590 623.7
1081600 622.7
1081610 622.3
1081620 622.3
1081630 621.6
1081640 620.7
1081650 620.7
1081660 622.0
1081670 623.5
1081680 623.5
1081690 624.3
1081700 624.9
1081710 624.9
1081720 626.4
1081730 627.3
1081740 627.6
1081750 627.6
1081760 626.9
1081770 625.0
1081780 625.0
1081790 623.1
1081800 621.2
1081810 621.2
1081820 617.7
1081830 612.3
1081840 612.3
1081850 606.9
1081860 602.5
1081870 602.5
1081880 598.2
1081890 594.1
1081900 594.1
1081910 593.3
1081920 595.4
1081930 595.4
1081940 596.2
1081950 596.3
1081960 596.3
1081970 596.3
1081980 596.6
1081990 597.1
1082000 597.1
1082010 597.3
1082020 597.8
1082030 597.8
1082040 598.4
1082050 599.6
1082060 599.6
1082070 601.0
1082080 601.9
1082090 601.9
1082100 602.2
1082110 601.0
1082120 601.0
1082130 599.9
1082140 599.3
1082150 599.3
1082160 598.4
1082170 598.0
1082180 598.0
1082190 597.8
1082200 597.5
1082210 597.5
1082220 596.9
1082230 596.2
1082240 597.8
1082250 597.8
1082260 597.1
1082270 597.2
1082280 597.2
1082290 597.6
1082300 597.3
1082310 597.3
1082320 596.3
1082330 595.1
1082340 595.1
1082350 593.7
1082360 592.8
1082370 592.8
1082380 591.9
1082390 591.9
1082400 591.9
1082410 593.6
1082420 594.9
1082430 594.9
1082440 595.7
1082450 596.4
1082460 596.4
1082470 596.1
1082480 594.6
1082490 592.6
1082500 592.6
1082510 590.2
1082520 587.6
1082530 587.6
1082540 585.8
1082550 590.7
1082560 590.7
1082570 591.8
1082580 592.5
1082590 592.5
1082600 593.1
1082610 593.1
1082620 593.1
1082630 592.9
1082640 592.4
1082650 592.4
1082660 592.2
1082670 591.4
1082680 591.4
1082690 590.5
1082700 589.5
1082710 589.5
1082720 588.8
1082730 587.4
1082740 585.7
1082750 585.7
1082760 584.3
1082770 583.5
1082780 583.5
1082790 585.0
1082800 587.1
1082810 587.1
1082820 588.4
1082830 588.7
1082840 588.7
1082850 588.9
1082860 588.9
1082870 589.5
1082880 589.8
1082890 589.3
1082900 589.3
1082910 588.9
1082920 588.6
1082930 588.6
1082940 589.0
1082950 590.0
1082960 590.0
1082970 590.2
1082980 589.9
1082990 589.1
1083000 589.1
1083010 586.9
1083020 582.5
1083030 582.5
1083040 577.9
1083050 574.8
1083060 574.8
1083070 571.5
1083080 570.2
1083090 570.2
1083100 569.2
1083110 567.7
1083120 567.7
1083130 564.8
1083140 564.3
1083150 564.3
1083160 564.1
1083170 562.7
1083180 566.8
1083190 564.3
1083200 561.2
1083210 561.2
1083220 559.7
1083230 557.1
1083240 554.2
1083250 554.2
1083260 553.5
1083270 552.2
1083280 552.2
1083290 551.5
1083300 549.9
1083310 549.9
1083320 548.8
1083330 547.7
1083340 547.7
1083350 545.8
1083360 543.7
1083370 543.7
1083380 542.2
1083390 541.3
1083400 541.3
1083410 542.1
1083420 543.9
1083430 543.9
1083440 545.9
1083450 548.0
1083460 548.0
1083470 549.9
1083480 551.6
1083490 553.6
1083500 555.6
1083510 556.5
1083520 557.2
1083530 557.2
1083540 558.0
1083550 558.3
1083560 558.3
1083570 558.1
1083580 557.9
1083590 557.9
1083600 558.2
1083610 558.6
1083620 558.6
1083630 558.7
1083640 559.8
1083650 559.8
1083660 560.4
1083670 559.8
1083680 559.8
1083690 556.6
1083700 556.7
1083710 556.7
1083720 556.2
1083730 554.4
1083740 552.8
1083750 552.8
1083760 551.9
1083770 551.3
1083780 551.3
1083790 550.8
1083800 550.5
1083810 550.5
1083820 552.2
1083830 551.6
1083840 551.6
1083850 551.1
1083860 550.6
1083870 550.6
1083880 550.1
1083890 549.4
1083900 549.4
1083910 548.5
1083920 547.6
1083930 547.6
1083940 546.7
1083950 545.6
1083960 545.6
1083970 544.5
1083980 543.5
1083990 542.3
1084000 542.3
1084010 541.4
1084020 540.3
1084030 540.3
1084040 538.8
1084050 537.5
1084060 537.5
1084070 537.2
1084080 536.2
1084090 536.2
1084100 534.0
1084110 532.8
1084120 532.8
1084130 531.9
1084140 532.0
1084150 532.0
1084160 530.9
1084170 530.0
1084180 530.0
1084190 528.8
1084200 525.3
1084210 525.3
1084220 519.4
1084230 516.7
1084240 516.7
1084250 516.7
1084260 516.2
1084270 516.5
1084280 516.5
1084290 516.9
1084300 517.3
1084310 517.3
1084320 517.4
1084330 517.3
1084340 517.3
1084350 517.5
1084360 517.6
1084370 517.6
1084380 518.2
1084390 518.5
1084400 518.5
1084410 518.6
1084420 518.7
1084430 518.7
1084440 518.8
1084450 519.0
1084460 519.0
1084470 519.1
1084480 519.2
1084490 519.3
1084500 519.3
1084510 519.4
1084520 519.5
1084530 519.5
1084540 519.5
1084550 519.5
1084560 519.5
1084570 519.4
1084580 519.4
1084590 519.4
1084600 519.2
1084610 519.4
1084620 519.4
1084630 519.4
1084640 519.4
1084650 519.4
1084660 519.4
1084670 519.5
1084680 519.5
1084690 519.8
1084700 520.0
1084710 520.0
1084720 520.2
1084730 520.1
1084740 520.1
1084750 520.1
1084760 520.2
1084770 520.3
1084780 520.3
1084790 520.4
1084800 520.5
1084810 520.5
1084820 520.6
1084830 520.7
1084840 520.7
1084850 520.8
1084860 520.9
1084870 520.9
1084880 520.8
1084890 520.9
1084900 520.9
1084910 521.0
1084920 521.0
1084930 521.0
1084940 521.0
1084950 521.0
1084960 521.0
1084970 521.1
1084980 521.0
1084990 521.0
1085000 521.0
1085010 521.0
1085020 521.1
1085030 521.1
1085040 521.2
1085050 521.1
1085060 521.1
1085070 521.1
1085080 521.1
1085090 521.1
1085100 521.1
1085110 521.1
1085120 521.1
1085130 521.2
1085140 521.2
1085150 521.2
1085160 521.3
1085170 521.3
1085180 521.3
1085190 521.2
1085200 521.2
1085210 521.2
1085220 521.2
1085230 521.1
1085240 521.1
1085250 521.1
1085260 521.1
1085270 521.2
1085280 521.2
1085290 521.2
1085300 521.4
1085310 521.4
1085320 521.6
1085330 521.6
1085340 521.6
1085350 521.5
1085360 521.5
1085370 521.5
1085380 521.5
1085390 521.4
1085400 521.4
1085410 521.5
1085420 521.4
1085430 521.4
1085440 522.2
1085450 522.4
1085460 522.4
1085470 522.4
1085480 522.7
1085490 522.8
1085500 522.8
1085510 522.9
1085520 522.9
1085530 522.9
1085540 523.0
1085550 522.9
1085560 522.9
1085570 523.0
1085580 523.0
1085590 523.0
1085600 523.0
1085610 523.1
1085620 523.1
1085630 523.3
1085640 523.5
1085650 523.5
1085660 523.9
1085670 524.5
1085680 524.5
1085690 525.0
1085700 525.3
1085710 525.3
1085720 525.7
1085730 524.2
1085740 524.4
1085750 524.4
1085760 524.7
1085770 525.2
1085780 525.2
1085790 525.6
1085800 525.9
1085810 525.9
1085820 526.3
1085830 526.6
1085840 526.6
1085850 526.7
1085860 526.8
1085870 526.8
1085880 526.9
1085890 526.9
1085900 526.9
1085910 527.0
1085920 527.1
1085930 527.1
1085940 527.2
1085950 527.2
1085960 527.2
1085970 527.2
1085980 527.2
1085990 527.3
1086000 527.3
1086010 527.3
1086020 527.3
1086030 527.3
1086040 527.5
1086050 527.5
1086060 527.5
1086070 527.5
1086080 527.6
1086090 527.6
1086100 527.6
1086110 527.6
1086120 527.6
1086130 527.5
1086140 527.6
1086150 527.6
1086160 527.8
1086170 528.0
1086180 528.0
1086190 527.9
1086200 527.9
1086210 527.9
1086220 528.0
1086230 527.6
1086240 527.0
1086250 527.0
1086260 525.9
1086270 524.8
1086280 524.8
1086290 523.6
1086300 522.2
1086310 522.2
1086320 521.4
1086330 520.6
1086340 520.6
1086350 520.1
1086360 524.2
1086370 524.2
1086380 522.6
1086390 521.8
1086400 521.8
1086410 521.1
1086420 520.6
1086430 520.6
1086440 520.2
1086450 520.1
1086460 520.1
1086470 520.1
1086480 520.1
1086490 520.1
1086500 520.1
1086510 520.2
1086520 520.4
1086530 520.4
1086540 520.7
1086550 520.9
1086560 520.9
1086570 521.1
1086580 521.4
1086590 521.4
1086600 521.5
1086610 521.5
1086620 521.5
1086630 521.5
1086640 521.5
1086650 521.5
1086660 521.5
1086670 521.5
1086680 521.8
1086690 521.7
1086700 521.6
1086710 521.6
1086720 521.7
1086730 521.7
1086740 521.6
1086750 521.6
1086760 521.7
1086770 521.6
1086780 521.6
1086790 521.7
1086800 521.6
1086810 521.6
1086820 521.6
1086830 521.7
1086840 521.7
1086850 521.8
1086860 521.8
1086870 521.8
1086880 521.8
1086890 521.9
1086900 521.9
1086910 522.0
1086920 522.3
1086930 522.3
1086940 522.4
1086950 522.5
1086960 522.5
1086970 522.7
1086980 523.1
1086990 523.6
1087000 522.8
1087010 522.9
1087020 523.0
1087030 523.0
1087040 523.2
1087050 523.5
1087060 523.5
1087070 524.2
1087080 524.8
1087090 524.8
1087100 525.7
1087110 526.4
1087120 526.4
1087130 527.0
1087140 527.8
1087150 527.8
1087160 528.9
1087170 529.9
1087180 529.9
1087190 530.7
1087200 531.3
1087210 531.3
1087220 532.0
1087230 532.3
1087240 532.4
1087250 532.4
1087260 532.3
1087270 532.3
1087280 532.3
1087290 532.4
1087300 532.3
1087310 532.3
1087320 532.2
1087330 532.2
1087340 532.2
1087350 532.4
1087360 532.4
1087370 532.4
1087380 532.6
1087390 532.8
1087400 532.8
1087410 532.8
1087420 533.0
1087430 533.0
1087440 533.0
1087450 533.0
1087460 533.0
1087470 532.9
1087480 532.9
1087490 533.0
1087500 533.0
1087510 533.2
1087520 533.4
1087530 533.4
1087540 533.3
1087550 533.1
1087560 533.1
1087570 533.0
1087580 532.8
1087590 532.8
1087600 532.8
1087610 532.9
1087620 532.9
1087630 533.1
1087640 533.3
1087650 533.3
1087660 533.2
1087670 533.1
1087680 533.1
1087690 533.2
1087700 533.4
1087710 533.4
1087720 533.4
1087730 533.2
1087740 533.4
1087750 533.4
1087760 533.5
1087770 533.6
1087780 533.6
1087790 533.5
1087800 533.5
1087810 533.5
1087820 533.4
1087830 533.2
1087840 533.2
1087850 533.3
1087860 533.1
1087870 533.1
1087880 533.0
1087890 533.0
1087900 533.0
1087910 533.0
1087920 533.1
1087930 533.1
1087940 533.2
1087950 533.3
1087960 533.5
1087970 533.7
1087980 533.7
1087990 533.8
1088000 533.8
1088010 533.9
1088020 534.0
1088030 534.0
1088040 534.1
1088050 534.2
1088060 534.2
1088070 534.3
1088080 534.4
1088090 534.4
1088100 534.5
1088110 534.4
1088120 534.4
1088130 534.5
1088140 534.6
1088150 534.6
1088160 534.7
1088170 534.7
1088180 534.7
1088190 534.9
1088200 535.0
1088210 535.0
1088220 535.5
1088230 535.9
1088240 536.0
1088250 536.0
1088260 535.7
1088270 535.4
1088280 534.9
1088290 535.2
1088300 534.8
1088310 534.8
1088320 534.3
1088330 533.2
1088340 533.2
1088350 532.2
1088360 532.4
1088370 532.4
1088380 532.9
1088390 532.5
1088400 532.5
1088410 532.5
1088420 532.6
1088430 532.6
1088440 532.7
1088450 532.7
1088460 532.7
1088470 532.6
1088480 532.6
1088490 532.6
1088500 532.6
1088510 532.7
1088520 532.6
1088530 532.6
1088540 532.6
1088550 532.4
1088560 532.4
1088570 532.3
1088580 532.3
1088590 532.3
1088600 532.3
1088610 532.4
1088620 532.4
1088630 532.4
1088640 532.3
1088650 532.3
1088660 532.3
1088670 532.3
1088680 532.3
1088690 532.3
1088700 532.2
1088710 532.2
1088720 532.2
1088730 532.2
1088740 532.2
1088750 532.2
1088760 532.3
1088770 532.3
1088780 532.3
1088790 532.2
1088800 532.2
1088810 532.2
1088820 532.2
1088830 532.3
1088840 532.3
1088850 532.3
1088860 532.3
1088870 532.3
1088880 532.2
1088890 532.2
1088900 532.2
1088910 532.2
1088920 532.1
1088930 532.1
1088940 532.1
1088950 532.0
1088960 532.8
1088970 532.8
1088980 536.7
1088990 537.2
1089000 537.2
1089010 536.5
1089020 535.4
1089030 535.4
1089040 537.7
1089050 538.0
1089060 538.0
1089070 537.9
1089080 537.7
1089090 537.7
1089100 537.6
1089110 537.6
1089120 537.6
1089130 537.7
1089140 537.8
1089150 537.8
1089160 538.1
1089170 538.8
1089180 538.8
1089190 539.4
1089200 539.2
1089210 538.3
1089220 538.3
1089230 537.6
1089240 537.9
1089250 538.0
1089260 537.3
1089270 535.9
1089280 535.9
1089290 537.2
1089300 538.5
1089310 538.5
1089320 538.5
1089330 538.4
1089340 538.4
1089350 538.4
1089360 538.4
1089370 538.4
1089380 538.4
1089390 538.2
1089400 538.2
1089410 537.6
1089420 537.2
1089430 537.2
1089440 537.4
1089450 537.6
1089460 537.5
1089470 537.5
1089480 537.5
1089490 537.5
1089500 537.5
1089510 537.5
1089520 537.5
1089530 537.5
1089540 537.5
1089550 537.5
1089560 537.5
1089570 537.5
1089580 537.5
1089590 537.5
1089600 537.5
1089610 537.6
1089620 537.6
1089630 537.6
1089640 537.5
1089650 537.5
1089660 537.4
1089670 537.6
1089680 537.6
1089690 537.8
1089700 538.0
1089710 538.1
1089720 538.1
1089730 538.1
1089740 538.1
1089750 538.1
1089760 538.2
1089770 538.3
1089780 538.3
1089790 538.4
1089800 538.4
1089810 538.4
1089820 538.5
1089830 538.4
1089840 538.4
1089850 538.5
1089860 538.5
1089870 538.5
1089880 538.6
1089890 538.8
1089900 538.8
1089910 538.8
1089920 539.0
1089930 539.0
1089940 539.7
1089950 539.4
1089960 539.6
1089970 539.6
1089980 540.3
1089990 540.7
1090000 540.7
1090010 540.8
1090020 540.8
1090030 540.8
1090040 540.8
1090050 540.8
1090060 540.8
1090070 540.8
1090080 541.1
1090090 541.1
1090100 541.1
1090110 541.0
1090120 541.0
1090130 541.5
1090140 541.8
1090150 541.8
1090160 541.1
1090170 541.2
1090180 541.2
1090190 541.7
1090200 541.5
1090210 541.6
1090220 541.6
1090230 541.4
1090240 541.7
1090250 541.7
1090260 542.1
1090270 542.7
1090280 542.7
1090290 542.6
1090300 542.1
1090310 542.1
1090320 542.2
1090330 542.4
1090340 542.4
1090350 542.3
1090360 542.4
1090370 542.4
1090380 543.4
1090390 542.7
1090400 542.7
1090410 542.3
1090420 542.4
1090430 542.4
1090440 542.8
1090450 542.9
1090460 543.0
1090470 543.0
1090480 543.3
1090490 543.9
1090500 543.9
1090510 544.2
1090520 544.6
1090530 544.7
1090540 545.3
1090550 546.2
1090560 546.2
1090570 546.8
1090580 546.9
1090590 546.9
1090600 547.6
1090610 548.3
1090620 548.3
1090630 548.9
1090640 549.6
1090650 549.6
1090660 550.3
1090670 551.3
1090680 551.3
1090690 552.4
1090700 553.3
1090710 554.6
1090720 554.6
1090730 557.1
1090740 557.3
1090750 557.3
1090760 557.7
1090770 558.1
1090780 558.1
1090790 558.7
1090800 560.6
1090810 560.6
1090820 561.8
1090830 562.7
1090840 562.7
1090850 564.0
1090860 565.3
1090870 565.3
1090880 565.9
1090890 567.6
1090900 567.6
1090910 568.6
1090920 569.6
1090930 569.6
1090940 570.1
1090950 571.0
1090960 572.3
1090970 572.3
1090980 573.6
1090990 574.1
1091000 574.1
1091010 575.8
1091020 576.7
1091030 576.7
1091040 578.0
1091050 578.3
1091060 578.3
1091070 578.2
1091080 579.6
1091090 579.6
1091100 579.8
1091110 580.0
1091120 580.0
1091130 580.8
1091140 581.3
1091150 581.3
1091160 581.8
1091170 582.3
1091180 581.0
1091190 581.1
1091200 581.2
1091210 582.1
1091220 582.1
1091230 583.4
1091240 585.1
1091250 585.1
1091260 589.8
1091270 596.0
1091280 596.0
1091290 602.0
1091300 608.2
1091310 608.2
1091320 616.7
1091330 625.3
1091340 625.3
1091350 631.6
1091360 638.3
1091370 638.3
1091380 644.9
1091390 652.7
1091400 652.7
1091410 659.6
1091420 663.4
1091430 663.4
1091440 669.0
1091450 671.8
1091460 671.5
1091470 671.5
1091480 669.9
1091490 666.9
1091500 668.0
1091510 665.2
1091520 662.9
1091530 662.9
1091540 662.8
1091550 662.7
1091560 662.7
1091570 663.0
1091580 663.4
1091590 663.4
1091600 663.8
1091610 663.9
1091620 663.9
1091630 664.0
1091640 664.5
1091650 664.5
1091660 665.1
1091670 665.9
1091680 665.9
1091690 667.4
1091700 669.5
1091710 672.3
1091720 672.3
1091730 674.7
1091740 676.9
1091750 676.9
1091760 679.4
1091770 682.5
1091780 682.5
1091790 685.7
1091800 689.3
1091810 689.3
1091820 692.9
1091830 691.0
1091840 691.0
1091850 694.2
1091860 697.3
1091870 697.3
1091880 700.3
1091890 703.4
1091900 703.4
1091910 706.1
1091920 709.0
1091930 709.0
1091940 712.3
1091950 715.0
1091960 719.2
1091970 719.2
1091980 724.0
1091990 728.2
1092000 728.2
1092010 733.4
1092020 740.3
1092030 740.3
1092040 747.0
1092050 749.5
1092060 749.5
1092070 747.5
1092080 742.3
1092090 742.3
1092100 736.2
1092110 734.0
1092120 734.0
1092130 736.2
1092140 741.3
1092150 737.4
1092160 742.7
1092170 748.2
1092180 748.2
1092190 754.0
1092200 760.9
1092210 770.2
1092220 770.2
1092230 783.7
1092240 792.5
1092250 792.5
1092260 795.1
1092270 797.7
1092280 797.7
1092290 803.6
1092300 810.6
1092310 810.6
1092320 818.7
1092330 824.5
1092340 824.5
1092350 827.4
1092360 829.7
1092370 829.7
1092380 832.4
1092390 835.6
1092400 835.6
1092410 840.8
1092420 847.0
1092430 847.0
1092440 851.1
1092450 854.5
1092460 857.9
1092470 854.5
1092480 857.6
1092490 861.7
1092500 861.7
1092510 864.8
1092520 868.1
1092530 868.1
1092540 872.9
1092550 876.6
1092560 876.6
1092570 880.3
1092580 884.4
1092590 884.4
1092600 888.4
1092610 891.2
1092620 891.2
1092630 893.3
1092640 895.7
1092650 895.7
1092660 898.4
1092670 902.1
1092680 902.1
1092690 907.4
1092700 910.8
1092710 914.8
1092720 914.8
1092730 919.1
1092740 923.8
1092750 923.8
1092760 927.9
1092770 930.5
1092780 930.5
1092790 932.5
1092800 930.1
1092810 930.1
1092820 937.3
1092830 944.3
1092840 944.3
1092850 949.5
1092860 954.9
1092870 954.9
1092880 960.9
1092890 965.5
1092900 965.5
1092910 966.8
1092920 967.9
1092930 967.9
1092940 969.0
1092950 969.7
1092960 972.9
1092970 972.9
1092980 976.1
1092990 977.3
1093000 977.3
1093010 978.2
1093020 980.8
1093030 980.8
1093040 983.9
1093050 986.8
1093060 986.8
1093070 990.3
1093080 994.1
1093090 994.1
1093100 997.5
1093110 1001.3
1093120 997.5
1093130 1000.3
1093140 1003.9
1093150 1003.9
1093160 1008.0
1093170 1013.2
1093180 1013.2
1093190 1019.1
1093200 1024.3
1093210 1030.2
1093220 1030.2
1093230 1035.5
1093240 1040.5
1093250 1040.5
1093260 1045.3
1093270 1049.7
1093280 1049.7
1093290 1053.2
1093300 1057.2
1093310 1057.2
1093320 1063.2
1093330 1069.3
1093340 1069.3
1093350 1072.8
1093360 1073.9
1093370 1073.9
1093380 1074.1
1093390 1075.0
1093400 1075.0
1093410 1077.0
1093420 1079.7
1093430 1079.7
1093440 1082.7
1093450 1079.2
1093460 1082.8
1093470 1082.8
1093480 1086.1
1093490 1088.3
1093500 1088.3
1093510 1090.6
1093520 1092.7
1093530 1092.7
1093540 1093.6
1093550 1093.5
1093560 1093.5
1093570 1094.3
1093580 1096.1
1093590 1096.1
1093600 1096.3
1093610 1095.6
1093620 1095.6
1093630 1095.9
1093640 1096.3
1093650 1096.3
1093660 1095.1
1093670 1094.0
1093680 1094.0
1093690 1094.4
1093700 1094.9
1093710 1094.7
1093720 1094.7
1093730 1094.0
1093740 1094.2
1093750 1094.2
1093760 1094.4
1093770 1088.5
1093780 1088.5
1093790 1088.4
1093800 1088.6
1093810 1088.6
1093820 1088.0
1093830 1087.1
1093840 1087.1
1093850 1086.0
1093860 1084.7
1093870 1084.7
1093880 1083.7
1093890 1082.9
1093900 1082.9
1093910 1081.4
1093920 1078.8
1093930 1078.8
1093940 1076.9
1093950 1076.5
1093960 1076.5
1093970 1076.5
1093980 1075.7
1093990 1075.9
1094000 1075.9
1094010 1075.7
1094020 1073.9
1094030 1073.9
1094040 1071.3
1094050 1073.4
1094060 1073.4
1094070 1077.4
1094080 1079.5
1094090 1079.5
1094100 1073.5
1094110 1075.2
1094120 1075.2
1094130 1074.9
1094140 1073.4
1094150 1073.4
1094160 1073.4
1094170 1072.9
1094180 1072.9
1094190 1075.1
1094200 1076.2
1094210 1075.7
1094220 1075.7
1094230 1081.4
1094240 1084.6
1094250 1084.6
1094260 1085.3
1094270 1082.3
1094280 1082.3
1094290 1082.9
1094300 1084.7
1094310 1084.7
1094320 1088.9
1094330 1089.6
1094340 1089.6
1094350 1089.4
1094360 1089.4
1094370 1089.4
1094380 1091.9
1094390 1096.0
1094400 1096.0
1094410 1096.7
1094420 1090.7
1094430 1090.7
1094440 1087.5
1094450 1087.3
1094460 1087.8
1094470 1087.8
1094480 1086.5
1094490 1083.3
1094500 1083.3
1094510 1080.4
1094520 1079.0
1094530 1079.0
1094540 1078.8
1094550 1079.4
1094560 1079.4
1094570 1082.8
1094580 1086.1
1094590 1086.1
1094600 1083.1
1094610 1081.0
1094620 1081.0
1094630 1078.2
1094640 1071.5
1094650 1071.5
1094660 1066.1
1094670 1060.9
1094680 1060.9
1094690 1055.7
1094700 1049.0
1094710 1043.6
1094720 1043.6
1094730 1036.7
1094740 1027.4
1094750 1024.0
1094760 1020.3
1094770 1025.2
1094780 1025.2
1094790 1031.4
1094800 1037.0
1094810 1037.0
1094820 1041.2
1094830 1048.5
1094840 1048.5
1094850 1051.9
1094860 1051.9
1094870 1051.9
1094880 1052.3
1094890 1059.4
1094900 1059.4
1094910 1067.8
1094920 1069.4
1094930 1069.4
1094940 1069.5
1094950 1072.2
1094960 1075.2
1094970 1075.2
1094980 1076.1
1094990 1079.3
1095000 1079.3
1095010 1080.0
1095020 1078.9
1095030 1078.9
1095040 1076.5
1095050 1075.8
1095060 1075.8
1095070 1074.1
1095080 1073.9
1095090 1073.9
1095100 1074.9
1095110 1080.1
1095120 1080.1
1095130 1083.3
1095140 1083.0
1095150 1083.0
1095160 1082.3
1095170 1081.1
1095180 1081.1
1095190 1080.9
1095200 1083.3
1095210 1083.9
1095220 1083.9
1095230 1084.5
1095240 1083.6
1095250 1083.6
1095260 1084.8
1095270 1085.8
1095280 1085.8
1095290 1085.7
1095300 1085.4
1095310 1085.4
1095320 1084.7
1095330 1084.0
1095340 1084.0
1095350 1083.9
1095360 1085.6
1095370 1085.6
1095380 1086.5
1095390 1082.2
1095400 1079.6
1095410 1071.4
1095420 1062.1
1095430 1062.1
1095440 1054.3
1095450 1056.8
1095460 1065.2
1095470 1065.2
1095480 1070.1
1095490 1072.8
1095500 1072.8
1095510 1075.3
1095520 1078.5
1095530 1078.5
1095540 1082.4
1095550 1085.7
1095560 1085.7
1095570 1088.7
1095580 1091.4
1095590 1091.4
1095600 1092.7
1095610 1094.2
1095620 1094.2
1095630 1094.6
1095640 1095.9
1095650 1095.9
1095660 1096.1
1095670 1098.0
1095680 1101.8
1095690 1101.8
1095700 1102.8
1095710 1101.9
1095720 1101.9
1095730 1092.5
1095740 1092.1
1095750 1092.1
1095760 1093.0
1095770 1096.9
1095780 1096.9
1095790 1100.0
1095800 1101.4
1095810 1101.4
1095820 1103.7
1095830 1104.5
1095840 1104.5
1095850 1103.6
1095860 1103.4
1095870 1103.4
1095880 1097.4
1095890 1092.6
1095900 1092.6
1095910 1092.5
1095920 1093.5
1095930 1095.6
1095940 1095.6
1095950 1096.9
1095960 1109.1
1095970 1109.1
1095980 1125.6
1095990 1128.7
1096000 1128.7
1096010 1131.7
1096020 1136.2
1096030 1136.2
1096040 1138.6
1096050 1152.8
1096060 1152.8
1096070 1157.7
1096080 1165.7
1096090 1165.7
1096100 1166.5
1096110 1176.7
1096120 1176.7
1096130 1177.6
1096140 1177.4
1096150 1177.4
1096160 1175.3
1096170 1171.5
1096180 1170.0
1096190 1170.0
1096200 1186.9
1096210 1207.0
1096220 1207.0
1096230 1213.4
1096240 1213.7
1096250 1213.7
1096260 1210.5
1096270 1222.0
1096280 1222.0
1096290 1227.5
1096300 1231.8
1096310 1231.8
1096320 1229.0
1096330 1238.2
1096340 1238.2
1096350 1240.6
1096360 1235.2
1096370 1235.2
1096380 1248.6
1096390 1250.9
1096400 1250.9
1096410 1252.4
1096420 1254.7
1096430 1258.1
1096440 1258.1
1096450 1267.5
1096460 1263.4
1096470 1263.4
1096480 1263.4
1096490 1264.1
1096500 1264.1
1096510 1278.9
1096520 1286.2
1096530 1286.2
1096540 1289.3
1096550 1278.4
1096560 1278.4
1096570 1294.9
1096580 1307.9
1096590 1307.9
1096600 1333.6
1096610 1342.8
1096620 1342.8
1096630 1342.2
1096640 1339.3
1096650 1339.3
1096660 1338.4
1096670 1341.5
1096680 1347.8
1096690 1347.8
1096700 1350.4
1096710 1362.6
1096720 1362.6
1096730 1368.0
1096740 1371.2
1096750 1371.2
1096760 1376.3
1096770 1383.2
1096780 1383.2
1096790 1393.6
1096800 1398.3
1096810 1398.3
1096820 1404.9
1096830 1411.3
1096840 1411.3
1096850 1415.8
1096860 1419.5
1096870 1419.5
1096880 1422.7
1096890 1428.1
1096900 1428.1
1096910 1434.3
1096920 1440.6
1096930 1447.9
1096940 1447.9
1096950 1454.1
1096960 1463.2
1096970 1463.2
1096980 1482.4
1096990 1489.3
1097000 1489.3
1097010 1494.8
1097020 1504.7
1097030 1504.7
1097040 1519.3
1097050 1536.2
1097060 1536.2
1097070 1547.0
1097080 1548.5
1097090 1548.5
1097100 1548.0
1097110 1543.8
1097120 1543.8
1097130 1550.6
1097140 1557.6
1097150 1557.6
1097160 1573.5
1097170 1591.0
1097180 1600.6
1097190 1600.6
1097200 1605.2
1097210 1611.9
1097220 1611.9
1097230 1603.0
1097240 1616.9
1097250 1616.9
1097260 1633.2
1097270 1640.5
1097280 1640.5
1097290 1652.8
1097300 1666.8
1097310 1666.8
1097320 1675.6
1097330 1680.3
1097340 1680.3
1097350 1690.3
1097360 1698.2
1097370 1707.4
1097380 1712.3
1097390 1714.8
1097400 1714.8
1097410 1719.8
1097420 1723.9
1097430 1749.8
1097440 1749.8
1097450 1766.5
1097460 1777.4
1097470 1777.4
1097480 1774.1
1097490 1775.4
1097500 1775.4
1097510 1794.6
1097520 1827.4
1097530 1827.4
1097540 1838.4
1097550 1846.3
1097560 1846.3
1097570 1852.2
1097580 1856.4
1097590 1856.4
1097600 1853.8
1097610 1857.1
1097620 1857.1
1097630 1852.3
1097640 1844.2
1097650 1844.2
1097660 1833.3
1097670 1828.4
1097680 1832.1
1097690 1827.1
1097700 1826.7
1097710 1841.9
1097720 1841.9
1097730 1858.3
1097740 1861.7
1097750 1861.7
1097760 1880.3
1097770 1894.2
1097780 1894.2
1097790 1896.8
1097800 1899.3
1097810 1899.3
1097820 1914.4
1097830 1935.0
1097840 1935.0
1097850 1947.0
1097860 1933.8
1097870 1933.8
1097880 1914.9
1097890 1907.8
1097900 1907.8
1097910 1905.1
1097920 1905.7
1097930 1904.2
1097940 1904.2
1097950 1893.7
1097960 1880.8
1097970 1880.8
1097980 1858.5
1097990 1836.1
1098000 1836.1
1098010 1828.9
1098020 1825.6
1098030 1825.6
1098040 1813.6
1098050 1806.7
1098060 1806.7
1098070 1799.9
1098080 1793.1
1098090 1793.1
1098100 1786.6
1098110 1780.8
1098120 1780.8
1098130 1775.3
1098140 1769.1
1098150 1769.1
1098160 1764.2
1098170 1760.9
1098180 1757.6
1098190 1757.6
1098200 1753.0
1098210 1747.9
1098220 1747.9
1098230 1743.8
1098240 1739.7
1098250 1739.7
1098260 1735.2
1098270 1731.0
1098280 1731.0
1098290 1726.9
1098300 1723.2
1098310 1723.2
1098320 1721.6
1098330 1718.6
1098340 1718.6
1098350 1721.4
1098360 1722.1
1098370 1722.1
1098380 1721.9
1098390 1723.4
1098400 1723.4
1098410 1723.7
1098420 1720.3
1098430 1718.4
1098440 1718.4
1098450 1716.6
1098460 1713.3
1098470 1713.3
1098480 1713.3
1098490 1711.6
1098500 1711.6
1098510 1710.9
1098520 1712.6
1098530 1712.6
1098540 1714.7
1098550 1715.5
1098560 1715.5
1098570 1716.4
1098580 1716.9
1098590 1716.9
1098600 1717.6
1098610 1719.2
1098620 1719.2
1098630 1721.0
1098640 1723.0
1098650 1723.0
1098660 1725.6
1098670 1729.4
1098680 1739.6
1098690 1739.6
1098700 1741.1
1098710 1744.5
1098720 1744.5
1098730 1748.3
1098740 1752.1
1098750 1752.1
1098760 1759.3
1098770 1767.0
1098780 1767.0
1098790 1775.7
1098800 1781.7
1098810 1781.7
1098820 1778.4
1098830 1775.0
1098840 1775.0
1098850 1767.2
1098860 1757.6
1098870 1757.6
1098880 1750.2
1098890 1745.9
1098900 1745.9
1098910 1743.1
1098920 1740.2
1098930 1736.3
1098940 1736.3
1098950 1732.9
1098960 1729.4
1098970 1729.4
1098980 1725.7
1098990 1722.0
1099000 1722.0
1099010 1718.0
1099020 1712.9
1099030 1712.9
1099040 1708.1
1099050 1703.2
1099060 1703.2
1099070 1698.4
1099080 1693.6
1099090 1693.6
1099100 1688.2
1099110 1683.0
1099120 1683.0
1099130 1678.0
1099140 1672.6
1099150 1672.6
1099160 1667.4
1099170 1662.2
1099180 1657.4
1099190 1657.4
1099200 1653.4
1099210 1649.2
1099220 1649.2
1099230 1644.6
1099240 1640.0
1099250 1640.0
1099260 1636.2
1099270 1632.8
1099280 1632.8
1099290 1628.9
1099300 1624.5
1099310 1624.5
1099320 1620.0
1099330 1615.5
1099340 1614.9
1099350 1610.8
1099360 1606.5
1099370 1606.5
1099380 1602.7
1099390 1598.8
1099400 1598.8
1099410 1596.4
1099420 1593.9
1099430 1591.6
1099440 1591.6
1099450 1589.7
1099460 1588.1
1099470 1588.1
1099480 1584.3
1099490 1579.2
1099500 1579.2
1099510 1579.6
1099520 1585.6
1099530 1585.6
1099540 1588.7
1099550 1591.0
1099560 1591.0
1099570 1593.6
1099580 1596.1
1099590 1596.1
1099600 1598.7
1099610 1601.6
1099620 1601.6
1099630 1604.3
1099640 1607.3
1099650 1607.3
1099660 1610.1
1099670 1612.6
1099680 1616.2
1099690 1616.2
1099700 1619.7
1099710 1623.2
1099720 1623.2
1099730 1626.7
1099740 1630.2
1099750 1630.2
1099760 1633.8
1099770 1638.1
1099780 1638.1
1099790 1642.2
1099800 1645.2
1099810 1645.2
1099820 1648.1
1099830 1652.5
1099840 1652.5
1099850 1658.5
1099860 1664.9
1099870 1664.9
1099880 1671.4
1099890 1678.9
1099900 1678.9
1099910 1686.6
1099920 1694.2
1099930 1702.1
1099940 1702.1
1099950 1707.7
1099960 1709.8
1099970 1709.8
1099980 1715.3
1099990 1723.3
