1080000 536.9
1080010 536.9
1080020 535.8
1080030 534.0
1080040 534.0
1080050 533.5
1080060 532.5
1080070 532.5
1080080 531.7
1080090 531.6
1080100 531.6
1080110 531.5
1080120 531.4
1080130 531.2
1080140 531.2
1080150 531.0
1080160 530.8
1080170 530.8
1080180 530.6
1080190 530.4
1080200 530.4
1080210 530.3
1080220 530.2
1080230 530.2
1080240 530.0
1080250 529.6
1080260 529.6
1080270 529.1
1080280 528.3
1080290 528.3
1080300 527.9
1080310 527.3
1080320 527.3
1080330 527.0
1080340 526.9
1080350 526.9
1080360 526.0
1080370 524.8
1080380 526.2
1080390 526.2
1080400 526.6
1080410 526.4
1080420 526.4
1080430 527.1
1080440 527.1
1080450 527.1
1080460 526.2
1080470 526.0
1080480 526.0
1080490 525.9
1080500 525.5
1080510 525.5
1080520 525.3
1080530 525.3
1080540 525.3
1080550 525.3
1080560 525.2
1080570 525.2
1080580 525.0
1080590 525.0
1080600 525.0
1080610 525.1
1080620 525.2
1080630 525.2
1080640 525.2
1080650 525.1
1080660 524.7
1080670 524.7
1080680 524.6
1080690 524.7
1080700 524.7
1080710 524.5
1080720 524.1
1080730 524.1
1080740 523.5
1080750 523.7
1080760 523.7
1080770 523.6
1080780 522.7
1080790 522.7
1080800 522.1
1080810 522.0
1080820 522.0
1080830 521.9
1080840 521.8
1080850 521.8
1080860 522.1
1080870 522.3
1080880 522.4
1080890 522.4
1080900 522.4
1080910 522.3
1080920 522.3
1080930 522.1
1080940 522.0
1080950 522.0
1080960 521.7
1080970 521.5
1080980 521.5
1080990 521.5
1081000 521.2
1081010 521.2
1081020 520.7
1081030 520.5
1081040 520.5
1081050 520.1
1081060 520.0
1081070 520.0
1081080 519.9
1081090 519.7
1081100 519.7
1081110 519.2
1081120 518.8
1081130 518.7
1081140 518.7
1081150 518.4
1081160 518.0
1081170 518.0
1081180 517.3
1081190 516.9
1081200 516.9
1081210 517.0
1081220 517.0
1081230 517.0
1081240 517.3
1081250 516.8
1081260 516.8
1081270 516.1
1081280 515.7
1081290 515.7
1081300 515.5
1081310 515.4
1081320 515.4
1081330 515.2
1081340 513.9
1081350 513.9
1081360 509.1
1081370 508.3
1081380 507.0
1081390 507.0
1081400 506.6
1081410 506.6
1081420 506.6
1081430 506.7
1081440 506.7
1081450 506.7
1081460 506.7
1081470 506.7
1081480 506.7
1081490 506.7
1081500 506.8
1081510 506.8
1081520 506.7
1081530 506.7
1081540 506.7
1081550 506.8
1081560 506.8
1081570 506.8
1081580 507.0
1081590 507.1
1081600 507.1
1081610 507.0
1081620 507.0
1081630 507.1
1081640 507.1
1081650 507.1
1081660 507.1
1081670 507.1
1081680 507.1
1081690 507.2
1081700 507.2
1081710 507.2
1081720 507.1
1081730 507.1
1081740 506.8
1081750 506.9
1081760 506.9
1081770 507.3
1081780 507.8
1081790 507.8
1081800 508.1
1081810 508.2
1081820 508.2
1081830 508.2
1081840 510.1
1081850 510.1
1081860 511.0
1081870 509.2
1081880 508.2
1081890 508.2
1081900 508.5
1081910 508.8
1081920 508.8
1081930 509.2
1081940 509.0
1081950 509.0
1081960 508.3
1081970 508.0
1081980 508.0
1081990 508.0
1082000 508.1
1082010 508.1
1082020 508.1
1082030 508.2
1082040 508.2
1082050 508.3
1082060 508.4
1082070 508.4
1082080 508.4
1082090 508.5
1082100 508.5
1082110 508.3
1082120 508.3
1082130 508.3
1082140 508.3
1082150 508.3
1082160 508.4
1082170 508.4
1082180 508.5
1082190 508.4
1082200 508.4
1082210 508.3
1082220 508.2
1082230 508.2
1082240 507.9
1082250 507.9
1082260 507.9
1082270 507.9
1082280 508.1
1082290 508.1
1082300 508.4
1082310 508.5
1082320 508.8
1082330 508.9
1082340 508.9
1082350 508.9
1082360 509.0
1082370 509.0
1082380 509.3
1082390 509.3
1082400 509.8
1082410 509.7
1082420 509.7
1082430 507.6
1082440 505.5
1082450 505.5
1082460 504.8
1082470 504.7
1082480 504.7
1082490 505.1
1082500 506.4
1082510 506.4
1082520 509.7
1082530 510.3
1082540 510.3
1082550 510.6
1082560 511.3
1082570 511.3
1082580 511.8
1082590 512.1
1082600 512.1
1082610 510.5
1082620 510.6
1082630 510.6
1082640 510.6
1082650 510.6
1082660 510.6
1082670 510.6
1082680 510.3
1082690 510.5
1082700 510.5
1082710 510.5
1082720 510.3
1082730 510.3
1082740 510.4
1082750 510.3
1082760 510.3
1082770 510.2
1082780 510.2
1082790 510.2
1082800 510.4
1082810 510.8
1082820 510.8
1082830 510.8
1082840 510.9
1082850 510.9
1082860 511.0
1082870 511.3
1082880 511.3
1082890 511.3
1082900 510.9
1082910 510.9
1082920 510.9
1082930 511.2
1082940 511.5
1082950 511.5
1082960 511.3
1082970 510.6
1082980 510.6
1082990 511.4
1083000 511.4
1083010 511.4
1083020 511.4
1083030 511.3
1083040 511.3
1083050 511.9
1083060 511.6
1083070 511.6
1083080 511.3
1083090 511.2
1083100 511.2
1083110 511.3
1083120 511.4
1083130 511.3
1083140 511.3
1083150 511.2
1083160 511.3
1083170 511.3
1083180 511.7
1083190 511.7
1083200 511.7
1083210 511.8
1083220 511.8
1083230 511.8
1083240 511.8
1083250 511.9
1083260 511.9
1083270 512.0
1083280 512.1
1083290 512.1
1083300 512.1
1083310 512.3
1083320 512.3
1083330 512.3
1083340 512.8
1083350 512.8
1083360 513.5
1083370 513.5
1083380 513.5
1083390 513.5
1083400 513.6
1083410 513.7
1083420 513.7
1083430 513.6
1083440 513.7
1083450 513.7
1083460 513.7
1083470 513.7
1083480 513.7
1083490 513.7
1083500 513.8
1083510 513.8
1083520 513.9
1083530 514.0
1083540 514.0
1083550 514.3
1083560 514.4
1083570 514.4
1083580 514.4
1083590 514.5
1083600 514.5
1083610 514.5
1083620 514.7
1083630 514.9
1083640 514.9
1083650 515.1
1083660 515.2
1083670 515.2
1083680 515.3
1083690 515.4
1083700 515.4
1083710 515.5
1083720 515.5
1083730 515.5
1083740 515.6
1083750 515.7
1083760 515.7
1083770 515.8
1083780 515.9
1083790 515.9
1083800 516.1
1083810 516.3
1083820 516.3
1083830 516.4
1083840 516.5
1083850 516.5
1083860 516.7
1083870 516.6
1083880 516.6
1083890 516.8
1083900 516.9
1083910 517.1
1083920 517.1
1083930 517.0
1083940 517.3
1083950 517.3
1083960 517.4
1083970 517.4
1083980 517.4
1083990 517.6
1084000 517.7
1084010 517.7
1084020 517.8
1084030 518.0
1084040 518.0
1084050 518.1
1084060 518.1
1084070 518.1
1084080 518.0
1084090 518.1
1084100 518.1
1084110 518.4
1084120 518.6
1084130 518.6
1084140 518.7
1084150 518.8
1084160 519.1
1084170 519.1
1084180 519.2
1084190 519.5
1084200 519.5
1084210 519.5
1084220 519.8
1084230 519.8
1084240 520.0
1084250 520.3
1084260 520.3
1084270 520.5
1084280 520.7
1084290 520.7
1084300 520.6
1084310 520.6
1084320 520.6
1084330 520.9
1084340 521.2
1084350 521.2
1084360 521.4
1084370 521.5
1084380 521.5
1084390 521.4
1084400 521.4
1084410 521.5
1084420 521.5
1084430 521.7
1084440 521.8
1084450 521.8
1084460 521.9
1084470 522.0
1084480 522.0
1084490 522.1
1084500 522.2
1084510 522.2
1084520 522.3
1084530 522.5
1084540 522.5
1084550 522.7
1084560 522.9
1084570 522.9
1084580 523.0
1084590 523.3
1084600 523.3
1084610 523.5
1084620 523.4
1084630 523.4
1084640 523.5
1084650 523.7
1084660 523.7
1084670 523.7
1084680 523.8
1084690 523.9
1084700 523.9
1084710 523.9
1084720 524.0
1084730 524.0
1084740 524.2
1084750 524.3
1084760 524.3
1084770 524.4
1084780 524.5
1084790 524.5
1084800 524.6
1084810 524.8
1084820 524.8
1084830 524.9
1084840 525.1
1084850 525.1
1084860 525.2
1084870 525.3
1084880 525.3
1084890 525.5
1084900 525.7
1084910 525.7
1084920 525.7
1084930 525.8
1084940 525.9
1084950 525.9
1084960 526.1
1084970 526.3
1084980 526.3
1084990 526.5
1085000 526.6
1085010 526.6
1085020 526.9
1085030 527.0
1085040 527.0
1085050 526.9
1085060 526.9
1085070 526.9
1085080 527.2
1085090 527.4
1085100 527.4
1085110 527.5
1085120 527.7
1085130 527.7
1085140 527.8
1085150 527.9
1085160 527.9
1085170 527.9
1085180 528.3
1085190 528.4
1085200 528.4
1085210 528.3
1085220 528.4
1085230 528.4
1085240 528.6
1085250 528.8
1085260 528.8
1085270 529.0
1085280 529.2
1085290 529.2
1085300 529.2
1085310 529.5
1085320 529.5
1085330 529.7
1085340 529.9
1085350 529.9
1085360 530.0
1085370 530.1
1085380 530.1
1085390 530.1
1085400 530.3
1085410 530.6
1085420 530.6
1085430 530.7
1085440 530.9
1085450 530.9
1085460 530.9
1085470 530.9
1085480 530.9
1085490 531.2
1085500 531.3
1085510 531.3
1085520 531.4
1085530 531.6
1085540 531.6
1085550 531.8
1085560 532.0
1085570 532.0
1085580 532.0
1085590 532.0
1085600 532.0
1085610 531.7
1085620 530.5
1085630 530.5
1085640 529.5
1085650 529.6
1085660 530.1
1085670 530.1
1085680 530.2
1085690 530.9
1085700 530.9
1085710 533.4
1085720 533.6
1085730 533.6
1085740 533.6
1085750 533.8
1085760 533.8
1085770 534.0
1085780 534.2
1085790 534.2
1085800 534.3
1085810 534.4
1085820 534.4
1085830 534.5
1085840 534.5
1085850 534.5
1085860 534.7
1085870 535.0
1085880 535.0
1085890 535.2
1085900 535.4
1085910 535.2
1085920 535.2
1085930 533.7
1085940 531.2
1085950 531.2
1085960 530.6
1085970 533.1
1085980 533.1
1085990 535.9
1086000 535.8
1086010 535.8
1086020 534.6
1086030 534.6
1086040 534.6
1086050 534.6
1086060 534.6
1086070 534.6
1086080 534.8
1086090 535.2
1086100 535.2
1086110 536.1
1086120 536.3
1086130 536.1
1086140 536.0
1086150 536.0
1086160 536.4
1086170 536.4
1086180 536.8
1086190 537.1
1086200 537.1
1086210 537.1
1086220 537.0
1086230 537.0
1086240 537.1
1086250 536.9
1086260 536.9
1086270 536.6
1086280 536.4
1086290 536.4
1086300 536.2
1086310 536.4
1086320 536.4
1086330 536.4
1086340 536.7
1086350 536.7
1086360 536.8
1086370 536.8
1086380 536.8
1086390 536.8
1086400 536.5
1086410 536.5
1086420 536.5
1086430 536.6
1086440 536.4
1086450 536.3
1086460 536.3
1086470 536.2
1086480 536.2
1086490 535.9
1086500 535.9
1086510 535.9
1086520 535.8
1086530 535.7
1086540 535.7
1086550 535.4
1086560 535.6
1086570 535.6
1086580 535.8
1086590 535.7
1086600 535.7
1086610 535.6
1086620 535.8
1086630 535.8
1086640 535.9
1086650 535.9
1086660 535.8
1086670 535.8
1086680 535.8
1086690 535.9
1086700 535.9
1086710 535.8
1086720 535.8
1086730 535.8
1086740 535.6
1086750 535.6
1086760 535.5
1086770 535.4
1086780 535.5
1086790 535.5
1086800 535.6
1086810 535.7
1086820 535.7
1086830 535.8
1086840 535.6
1086850 535.6
1086860 535.8
1086870 535.8
1086880 535.8
1086890 535.9
1086900 536.2
1086910 536.1
1086920 536.1
1086930 536.3
1086940 536.5
1086950 536.5
1086960 536.5
1086970 536.4
1086980 536.4
1086990 536.6
1087000 536.7
1087010 536.7
1087020 536.8
1087030 536.7
1087040 536.7
1087050 536.6
1087060 536.5
1087070 536.5
1087080 536.5
1087090 536.4
1087100 536.4
1087110 536.5
1087120 536.8
1087130 536.8
1087140 537.2
1087150 537.3
1087160 537.3
1087170 537.3
1087180 537.2
1087190 537.2
1087200 537.2
1087210 537.2
1087220 537.3
1087230 537.3
1087240 537.2
1087250 537.3
1087260 537.3
1087270 537.3
1087280 537.3
1087290 537.3
1087300 537.5
1087310 537.7
1087320 537.7
1087330 538.0
1087340 538.1
1087350 538.1
1087360 538.2
1087370 538.3
1087380 538.3
1087390 538.1
1087400 537.7
1087410 537.7
1087420 537.7
1087430 537.7
1087440 537.7
1087450 537.7
1087460 537.7
1087470 537.8
1087480 537.8
1087490 537.8
1087500 537.8
1087510 537.8
1087520 538.1
1087530 538.6
1087540 538.6
1087550 538.5
1087560 538.8
1087570 538.8
1087580 538.8
1087590 538.7
1087600 538.7
1087610 538.7
1087620 538.7
1087630 538.7
1087640 538.5
1087650 538.6
1087660 539.2
1087670 539.2
1087680 539.7
1087690 539.6
1087700 539.6
1087710 539.4
1087720 539.1
1087730 539.1
1087740 539.3
1087750 539.7
1087760 539.7
1087770 539.9
1087780 541.5
1087790 541.5
1087800 539.9
1087810 539.8
1087820 539.8
1087830 539.6
1087840 539.6
1087850 539.6
1087860 539.3
1087870 539.1
1087880 539.1
1087890 539.0
1087900 538.9
1087910 538.8
1087920 538.8
1087930 538.9
1087940 540.1
1087950 540.1
1087960 540.3
1087970 540.2
1087980 540.2
1087990 540.2
1088000 540.2
1088010 540.2
1088020 540.1
1088030 540.2
1088040 540.2
1088050 539.1
1088060 539.1
1088070 539.1
1088080 539.2
1088090 539.4
1088100 539.4
1088110 539.5
1088120 539.5
1088130 539.5
1088140 539.6
1088150 539.6
1088160 539.7
1088170 539.7
1088180 539.8
1088190 540.0
1088200 540.0
1088210 540.0
1088220 539.9
1088230 539.9
1088240 539.9
1088250 539.9
1088260 539.9
1088270 539.9
1088280 539.8
1088290 539.8
1088300 539.9
1088310 540.2
1088320 540.2
1088330 540.2
1088340 540.2
1088350 540.2
1088360 540.3
1088370 540.7
1088380 540.7
1088390 540.5
1088400 540.3
1088410 540.4
1088420 540.4
1088430 540.5
1088440 540.6
1088450 540.6
1088460 540.8
1088470 540.8
1088480 540.8
1088490 540.9
1088500 540.9
1088510 540.9
1088520 540.9
1088530 541.4
1088540 541.4
1088550 541.4
1088560 541.3
1088570 541.3
1088580 540.3
1088590 540.3
1088600 540.3
1088610 540.3
1088620 540.4
1088630 540.4
1088640 540.5
1088650 540.6
1088660 540.7
1088670 540.7
1088680 540.8
1088690 541.0
1088700 541.0
1088710 541.2
1088720 541.3
1088730 541.3
1088740 541.3
1088750 541.3
1088760 541.3
1088770 541.2
1088780 541.2
1088790 541.2
1088800 541.2
1088810 541.2
1088820 541.2
1088830 541.3
1088840 541.4
1088850 541.4
1088860 541.5
1088870 541.5
1088880 541.5
1088890 541.4
1088900 541.3
1088910 541.3
1088920 541.3
1088930 541.3
1088940 541.4
1088950 541.4
1088960 541.2
1088970 540.9
1088980 540.9
1088990 540.6
1089000 540.3
1089010 540.3
1089020 540.4
1089030 540.4
1089040 540.4
1089050 540.5
1089060 540.6
1089070 540.6
1089080 540.1
1089090 539.4
1089100 539.4
1089110 538.8
1089120 538.1
1089130 538.1
1089140 538.1
1089150 538.1
1089160 538.0
1089170 538.0
1089180 537.7
1089190 537.3
1089200 537.3
1089210 537.4
1089220 537.5
1089230 537.5
1089240 537.7
1089250 538.0
1089260 538.0
1089270 538.1
1089280 538.1
1089290 538.1
1089300 538.4
1089310 538.7
1089320 538.7
1089330 539.2
1089340 540.4
1089350 540.4
1089360 542.3
1089370 544.4
1089380 544.4
1089390 546.6
1089400 550.9
1089410 554.0
1089420 554.0
1089430 555.4
1089440 557.4
1089450 557.4
1089460 560.7
1089470 564.8
1089480 564.8
1089490 569.5
1089500 573.7
1089510 573.7
1089520 576.5
1089530 579.5
1089540 579.5
1089550 583.0
1089560 585.9
1089570 585.9
1089580 589.9
1089590 601.9
1089600 601.9
1089610 623.1
1089620 631.4
1089630 631.4
1089640 634.2
1089650 660.2
1089660 670.8
1089670 670.8
1089680 685.6
1089690 706.3
1089700 706.3
1089710 714.3
1089720 719.8
1089730 719.8
1089740 721.6
1089750 722.0
1089760 722.0
1089770 720.1
1089780 717.2
1089790 717.2
1089800 714.7
1089810 711.9
1089820 711.9
1089830 710.2
1089840 706.6
1089850 706.6
1089860 701.1
1089870 698.3
1089880 698.3
1089890 697.7
1089900 702.9
1089910 714.4
1089920 714.4
1089930 714.5
1089940 710.3
1089950 710.3
1089960 707.6
1089970 717.7
1089980 717.7
1089990 719.3
1090000 719.6
1090010 719.6
1090020 716.2
1090030 713.7
1090040 713.7
1090050 710.3
1090060 707.7
1090070 707.7
1090080 705.5
1090090 703.3
1090100 703.3
1090110 703.9
1090120 703.5
1090130 703.5
1090140 700.7
1090150 699.4
1090160 699.4
1090170 700.4
1090180 704.6
1090190 714.4
1090200 714.4
1090210 723.1
1090220 726.4
1090230 726.4
1090240 731.1
1090250 732.7
1090260 732.7
1090270 733.5
1090280 741.3
1090290 753.5
1090300 758.9
1090310 761.3
1090320 761.3
1090330 764.5
1090340 766.5
1090350 766.5
1090360 766.8
1090370 769.8
1090380 769.8
1090390 776.3
1090400 779.9
1090410 779.9
1090420 782.7
1090430 786.4
1090440 791.3
1090450 791.3
1090460 795.7
1090470 799.3
1090480 799.3
1090490 800.7
1090500 801.5
1090510 801.5
1090520 807.0
1090530 813.8
1090540 813.8
1090550 820.1
1090560 825.6
1090570 825.6
1090580 832.8
1090590 837.5
1090600 837.5
1090610 840.9
1090620 845.7
1090630 845.7
1090640 848.6
1090650 850.9
1090660 850.9
1090670 850.7
1090680 851.4
1090690 851.3
1090700 851.3
1090710 851.9
1090720 853.0
1090730 853.0
1090740 855.2
1090750 856.9
1090760 856.9
1090770 858.5
1090780 860.2
1090790 860.2
1090800 861.9
1090810 863.9
1090820 863.9
1090830 867.5
1090840 871.7
1090850 871.7
1090860 877.4
1090870 882.6
1090880 882.6
1090890 887.5
1090900 892.6
1090910 892.6
1090920 896.7
1090930 899.2
1090940 903.4
1090950 903.4
1090960 906.0
1090970 908.8
1090980 908.8
1090990 912.6
1091000 916.6
1091010 916.6
1091020 920.6
1091030 926.5
1091040 926.5
1091050 932.6
1091060 937.3
1091070 937.3
1091080 940.4
1091090 943.7
1091100 943.7
1091110 946.2
1091120 948.8
1091130 948.8
1091140 953.0
1091150 957.2
1091160 957.2
1091170 959.6
1091180 962.0
1091190 963.9
1091200 963.9
1091210 965.4
1091220 966.1
1091230 966.1
1091240 965.6
1091250 964.3
1091260 957.5
1091270 956.3
1091280 953.3
1091290 953.3
1091300 949.8
1091310 945.6
1091320 945.6
1091330 941.5
1091340 939.1
1091350 939.1
1091360 937.0
1091370 935.8
1091380 935.8
1091390 934.2
1091400 932.0
1091410 932.0
1091420 929.6
1091430 928.0
1091440 925.9
1091450 925.9
1091460 923.9
1091470 921.2
1091480 921.2
1091490 919.4
1091500 920.0
1091510 920.0
1091520 920.9
1091530 921.3
1091540 921.3
1091550 921.5
1091560 920.4
1091570 920.4
1091580 919.2
1091590 914.7
1091600 914.7
1091610 914.8
1091620 914.7
1091630 914.7
1091640 914.8
1091650 916.5
1091660 916.5
1091670 918.0
1091680 919.3
1091690 920.5
1091700 920.5
1091710 921.7
1091720 922.3
1091730 922.3
1091740 922.2
1091750 921.4
1091760 921.4
1091770 920.3
1091780 919.5
1091790 919.5
1091800 919.0
1091810 918.3
1091820 918.3
1091830 919.3
1091840 921.6
1091850 921.6
1091860 923.4
1091870 925.0
1091880 925.0
1091890 924.9
1091900 924.2
1091910 918.0
1091920 918.3
1091930 918.2
1091940 917.4
1091950 917.4
1091960 915.9
1091970 912.6
1091980 912.6
1091990 904.6
1092000 902.6
1092010 902.6
1092020 906.0
1092030 912.2
1092040 912.2
1092050 915.5
1092060 915.8
1092070 915.8
1092080 913.6
1092090 903.5
1092100 903.5
1092110 896.3
1092120 894.3
1092130 894.3
1092140 893.2
1092150 903.3
1092160 903.3
1092170 914.1
1092180 919.1
1092190 920.9
1092200 920.9
1092210 921.0
1092220 921.0
1092230 914.4
1092240 914.1
1092250 913.1
1092260 913.1
1092270 910.9
1092280 909.0
1092290 909.0
1092300 906.7
1092310 905.3
1092320 905.3
1092330 905.0
1092340 904.7
1092350 904.7
1092360 906.6
1092370 908.9
1092380 908.9
1092390 911.9
1092400 914.1
1092410 914.1
1092420 916.3
1092430 919.1
1092440 919.2
1092450 919.2
1092460 920.2
1092470 922.2
1092480 922.2
1092490 922.8
1092500 925.4
1092510 925.4
1092520 930.6
1092530 935.9
1092540 935.9
1092550 940.6
1092560 936.5
1092570 936.5
1092580 937.5
1092590 938.9
1092600 938.9
1092610 940.2
1092620 942.2
1092630 942.2
1092640 944.4
1092650 945.9
1092660 945.9
1092670 948.3
1092680 950.8
1092690 952.7
1092700 952.7
1092710 954.9
1092720 956.7
1092730 956.7
1092740 958.9
1092750 961.5
1092760 961.5
1092770 965.4
1092780 968.7
1092790 968.7
1092800 972.0
1092810 976.5
1092820 976.5
1092830 982.2
1092840 987.6
1092850 987.6
1092860 993.5
1092870 1000.6
1092880 1004.2
1092890 1009.3
1092900 1015.0
1092910 1015.0
1092920 1021.3
1092930 1025.7
1092940 1030.1
1092950 1030.1
1092960 1036.3
1092970 1042.5
1092980 1042.5
1092990 1048.1
1093000 1054.1
1093010 1054.1
1093020 1060.9
1093030 1066.3
1093040 1066.3
1093050 1069.8
1093060 1073.7
1093070 1073.7
1093080 1079.7
1093090 1086.2
1093100 1086.2
1093110 1092.0
1093120 1097.8
1093130 1097.8
1093140 1104.0
1093150 1109.7
1093160 1109.7
1093170 1114.4
1093180 1118.4
1093190 1121.9
1093200 1121.9
1093210 1134.5
1093220 1139.5
1093230 1139.5
1093240 1142.1
1093250 1143.1
1093260 1143.1
1093270 1150.3
1093280 1155.3
1093290 1155.3
1093300 1157.5
1093310 1162.9
1093320 1162.9
1093330 1165.7
1093340 1162.3
1093350 1162.3
1093360 1166.2
1093370 1164.7
1093380 1164.7
1093390 1164.5
1093400 1167.6
1093410 1167.6
1093420 1176.7
1093430 1188.3
1093440 1198.9
1093450 1198.9
1093460 1215.0
1093470 1218.8
1093480 1218.8
1093490 1222.7
1093500 1227.2
1093510 1227.2
1093520 1233.7
1093530 1248.5
1093540 1248.5
1093550 1255.8
1093560 1257.3
1093570 1257.3
1093580 1259.8
1093590 1263.4
1093600 1263.4
1093610 1268.6
1093620 1274.1
1093630 1274.1
1093640 1278.8
1093650 1283.5
1093660 1283.5
1093670 1288.7
1093680 1293.7
1093690 1298.0
1093700 1298.0
1093710 1301.8
1093720 1305.8
1093730 1305.8
1093740 1309.8
1093750 1313.4
1093760 1313.4
1093770 1316.9
1093780 1319.8
1093790 1319.8
1093800 1321.9
1093810 1324.0
1093820 1324.0
1093830 1325.9
1093840 1328.2
1093850 1328.2
1093860 1324.6
1093870 1326.6
1093880 1326.6
1093890 1329.0
1093900 1330.5
1093910 1330.5
1093920 1333.5
1093930 1341.2
1093940 1347.2
1093950 1347.2
1093960 1351.9
1093970 1357.1
1093980 1357.1
1093990 1363.0
1094000 1369.3
1094010 1369.3
1094020 1375.5
1094030 1381.5
1094040 1381.5
1094050 1386.2
1094060 1390.4
1094070 1390.4
1094080 1394.3
1094090 1398.4
1094100 1398.4
1094110 1402.2
1094120 1406.3
1094130 1406.3
1094140 1410.4
1094150 1414.8
1094160 1414.8
1094170 1419.8
1094180 1422.0
1094190 1426.8
1094200 1426.8
1094210 1431.7
1094220 1437.3
1094230 1437.3
1094240 1442.9
1094250 1449.8
1094260 1449.8
1094270 1457.1
1094280 1462.0
1094290 1462.0
1094300 1467.0
1094310 1472.5
1094320 1472.5
1094330 1476.8
1094340 1481.6
1094350 1481.6
1094360 1486.1
1094370 1489.3
1094380 1489.3
1094390 1491.7
1094400 1493.0
1094410 1493.0
1094420 1494.2
1094430 1496.4
1094440 1498.2
1094450 1498.2
1094460 1500.1
1094470 1502.5
1094480 1502.5
1094490 1504.3
1094500 1506.0
1094510 1499.9
1094520 1501.7
1094530 1507.9
1094540 1507.9
1094550 1513.4
1094560 1517.8
1094570 1517.8
1094580 1523.0
1094590 1528.4
1094600 1528.4
1094610 1532.5
1094620 1538.0
1094630 1538.0
1094640 1541.5
1094650 1545.4
1094660 1545.4
1094670 1550.1
1094680 1554.1
1094690 1556.9
1094700 1556.9
1094710 1559.2
1094720 1560.1
1094730 1560.1
1094740 1559.6
1094750 1559.1
1094760 1559.1
1094770 1558.7
1094780 1559.9
1094790 1559.9
1094800 1563.9
1094810 1570.0
1094820 1570.0
1094830 1568.7
1094840 1577.4
1094850 1577.4
1094860 1582.3
1094870 1585.4
1094880 1585.4
1094890 1585.0
1094900 1583.7
1094910 1583.7
1094920 1583.7
1094930 1582.4
1094940 1578.3
1094950 1578.3
1094960 1572.3
1094970 1566.0
1094980 1566.0
1094990 1560.3
1095000 1555.4
1095010 1555.4
1095020 1547.3
1095030 1522.3
1095040 1522.3
1095050 1518.4
1095060 1524.0
1095070 1524.0
1095080 1525.5
1095090 1523.0
1095100 1523.0
1095110 1524.3
1095120 1526.8
1095130 1526.8
1095140 1530.7
1095150 1532.8
1095160 1525.9
1095170 1527.8
1095180 1529.8
1095190 1531.7
1095200 1531.7
1095210 1532.2
1095220 1532.4
1095230 1532.4
1095240 1528.5
1095250 1526.3
1095260 1526.3
1095270 1526.5
1095280 1522.8
1095290 1522.8
1095300 1522.6
1095310 1524.1
1095320 1524.1
1095330 1524.7
1095340 1521.7
1095350 1521.7
1095360 1520.7
1095370 1520.1
1095380 1520.1
1095390 1517.9
1095400 1511.9
1095410 1511.9
1095420 1508.6
1095430 1509.2
1095440 1507.5
1095450 1507.5
1095460 1504.9
1095470 1502.7
1095480 1502.7
1095490 1492.6
1095500 1491.8
1095510 1491.8
1095520 1491.7
1095530 1489.9
1095540 1489.9
1095550 1487.2
1095560 1485.2
1095570 1485.2
1095580 1480.3
1095590 1481.0
1095600 1481.0
1095610 1479.8
1095620 1469.9
1095630 1469.9
1095640 1454.6
1095650 1449.7
1095660 1449.7
1095670 1447.7
1095680 1444.0
1095690 1441.6
1095700 1441.6
1095710 1439.1
1095720 1436.9
1095730 1436.9
1095740 1435.2
1095750 1432.5
1095760 1432.5
1095770 1429.0
1095780 1425.3
1095790 1425.3
1095800 1423.8
1095810 1414.2
1095820 1414.2
1095830 1414.0
1095840 1416.5
1095850 1416.5
1095860 1418.2
1095870 1422.4
1095880 1422.4
1095890 1428.5
1095900 1432.4
1095910 1432.4
1095920 1437.0
1095930 1438.6
1095940 1439.7
1095950 1439.7
1095960 1439.6
1095970 1440.0
1095980 1440.0
1095990 1448.5
1096000 1444.9
1096010 1444.9
1096020 1456.6
1096030 1454.5
1096040 1454.5
1096050 1450.2
1096060 1448.1
1096070 1448.1
1096080 1443.1
1096090 1439.9
1096100 1439.9
1096110 1443.2
1096120 1447.0
1096130 1447.0
1096140 1442.3
1096150 1445.9
1096160 1445.9
1096170 1448.9
1096180 1451.0
1096190 1451.8
1096200 1451.8
1096210 1451.9
1096220 1452.2
1096230 1452.2
1096240 1452.3
1096250 1450.5
1096260 1450.5
1096270 1453.4
1096280 1456.0
1096290 1456.0
1096300 1455.8
1096310 1453.4
1096320 1453.4
1096330 1450.7
1096340 1448.4
1096350 1448.4
1096360 1450.6
1096370 1455.7
1096380 1455.7
1096390 1459.6
1096400 1462.6
1096410 1462.6
1096420 1462.8
1096430 1462.1
1096440 1463.1
1096450 1463.1
1096460 1466.1
1096470 1464.7
1096480 1464.7
1096490 1466.0
1096500 1466.9
1096510 1466.9
1096520 1469.2
1096530 1472.0
1096540 1472.0
1096550 1476.3
1096560 1479.4
1096570 1479.4
1096580 1481.4
1096590 1483.0
1096600 1483.0
1096610 1484.0
1096620 1483.7
1096630 1483.7
1096640 1482.1
1096650 1483.2
1096660 1483.2
1096670 1483.8
1096680 1482.4
1096690 1479.5
1096700 1479.5
1096710 1477.6
1096720 1478.5
1096730 1478.5
1096740 1478.4
1096750 1479.2
1096760 1479.2
1096770 1483.2
1096780 1487.5
1096790 1480.2
1096800 1481.1
1096810 1483.7
1096820 1483.7
1096830 1485.0
1096840 1483.4
1096850 1483.4
1096860 1480.9
1096870 1480.6
1096880 1480.6
1096890 1481.7
1096900 1483.7
1096910 1483.7
1096920 1486.4
1096930 1489.4
1096940 1492.1
1096950 1492.1
1096960 1495.2
1096970 1498.9
1096980 1498.9
1096990 1502.3
1097000 1505.7
1097010 1505.7
1097020 1508.6
1097030 1512.4
1097040 1512.4
1097050 1514.4
1097060 1517.5
1097070 1517.5
1097080 1520.4
1097090 1523.8
1097100 1523.8
1097110 1527.5
1097120 1532.6
1097130 1532.6
1097140 1537.1
1097150 1541.7
1097160 1541.7
1097170 1546.1
1097180 1549.9
1097190 1553.7
1097200 1553.7
1097210 1557.8
1097220 1562.2
1097230 1562.2
1097240 1566.3
1097250 1571.1
1097260 1571.1
1097270 1575.6
1097280 1578.8
1097290 1578.8
1097300 1582.2
1097310 1586.3
1097320 1586.3
1097330 1589.6
1097340 1592.6
1097350 1592.6
1097360 1595.6
1097370 1598.6
1097380 1598.6
1097390 1603.8
1097400 1608.6
1097410 1608.6
1097420 1613.1
1097430 1617.9
1097440 1623.8
1097450 1627.6
1097460 1633.9
1097470 1640.5
1097480 1640.5
1097490 1646.1
1097500 1652.2
1097510 1652.2
1097520 1656.9
1097530 1663.1
1097540 1663.1
1097550 1668.4
1097560 1672.0
1097570 1672.0
1097580 1678.7
1097590 1685.6
1097600 1685.6
1097610 1693.3
1097620 1699.9
1097630 1699.9
1097640 1706.4
1097650 1712.5
1097660 1712.5
1097670 1718.5
1097680 1724.6
1097690 1731.1
1097700 1731.1
1097710 1738.8
1097720 1744.2
1097730 1744.2
1097740 1749.2
1097750 1756.3
1097760 1756.3
1097770 1761.1
1097780 1770.7
1097790 1770.7
1097800 1776.7
1097810 1782.2
1097820 1782.2
1097830 1782.6
1097840 1781.9
1097850 1781.9
1097860 1783.1
1097870 1784.1
1097880 1784.1
1097890 1784.1
1097900 1783.7
1097910 1783.7
1097920 1785.7
1097930 1786.0
1097940 1784.7
1097950 1784.7
1097960 1783.5
1097970 1781.2
1097980 1781.2
1097990 1774.2
1098000 1767.5
1098010 1767.5
1098020 1760.8
1098030 1754.2
1098040 1754.2
1098050 1748.0
1098060 1740.0
1098070 1740.0
1098080 1733.4
1098090 1728.4
1098100 1728.4
1098110 1727.1
1098120 1720.7
1098130 1720.7
1098140 1714.7
1098150 1709.0
1098160 1709.0
1098170 1703.8
1098180 1699.3
1098190 1694.9
1098200 1694.9
1098210 1689.1
1098220 1683.9
1098230 1683.9
1098240 1678.4
1098250 1671.9
1098260 1671.9
1098270 1664.7
1098280 1660.3
1098290 1660.3
1098300 1655.7
1098310 1651.3
1098320 1651.3
1098330 1648.3
1098340 1646.4
1098350 1646.4
1098360 1643.0
1098370 1638.5
1098380 1638.5
1098390 1630.0
1098400 1629.4
1098410 1629.4
1098420 1627.0
1098430 1626.1
1098440 1629.9
1098450 1629.9
1098460 1626.3
1098470 1623.3
1098480 1623.3
1098490 1618.9
1098500 1614.5
1098510 1614.5
1098520 1609.5
1098530 1605.2
1098540 1605.2
1098550 1599.8
1098560 1593.4
1098570 1593.4
1098580 1587.2
1098590 1580.6
1098600 1580.6
1098610 1574.9
1098620 1569.2
1098630 1569.2
1098640 1563.8
1098650 1558.1
1098660 1558.1
1098670 1551.4
1098680 1545.4
1098690 1539.8
1098700 1539.8
1098710 1533.7
1098720 1527.4
1098730 1527.4
1098740 1520.2
1098750 1513.8
1098760 1513.8
1098770 1514.9
1098780 1509.5
1098790 1509.5
1098800 1503.8
1098810 1497.2
1098820 1497.2
1098830 1489.8
1098840 1485.0
1098850 1485.0
1098860 1480.0
1098870 1475.8
1098880 1475.8
1098890 1473.3
1098900 1469.1
1098910 1469.1
1098920 1463.8
1098930 1458.9
1098940 1454.6
1098950 1454.6
1098960 1449.8
1098970 1443.5
1098980 1443.5
1098990 1436.4
1099000 1429.4
1099010 1429.4
1099020 1418.5
1099030 1410.2
1099040 1410.2
1099050 1405.7
1099060 1413.0
1099070 1413.0
1099080 1417.2
1099090 1417.5
1099100 1420.0
1099110 1423.2
1099120 1428.5
1099130 1428.5
1099140 1434.1
1099150 1440.2
1099160 1440.2
1099170 1446.6
1099180 1452.5
1099190 1457.9
1099200 1457.9
1099210 1463.3
1099220 1469.2
1099230 1469.2
1099240 1475.3
1099250 1481.7
1099260 1481.7
1099270 1488.3
1099280 1495.2
1099290 1495.2
1099300 1502.3
1099310 1509.7
1099320 1509.7
1099330 1517.9
1099340 1525.7
1099350 1525.7
1099360 1533.5
1099370 1542.0
1099380 1542.0
1099390 1550.8
1099400 1560.7
1099410 1560.7
1099420 1569.6
1099430 1578.7
1099440 1589.7
1099450 1589.7
1099460 1596.7
1099470 1603.8
1099480 1603.8
1099490 1610.8
1099500 1618.2
1099510 1618.2
1099520 1626.8
1099530 1633.9
1099540 1633.9
1099550 1641.6
1099560 1649.4
1099570 1649.4
1099580 1655.3
1099590 1662.1
1099600 1662.1
1099610 1668.9
1099620 1674.4
1099630 1674.4
1099640 1678.8
1099650 1683.3
1099660 1683.3
1099670 1688.8
1099680 1694.5
1099690 1700.7
1099700 1700.7
1099710 1707.1
1099720 1712.6
1099730 1712.6
1099740 1718.2
1099750 1721.9
1099760 1721.4
1099770 1725.7
1099780 1729.6
1099790 1729.6
1099800 1734.2
1099810 1738.4
1099820 1738.4
1099830 1741.9
1099840 1744.7
1099850 1744.7
1099860 1745.5
1099870 1741.9
1099880 1741.9
1099890 1736.6
1099900 1731.3
1099910 1731.3
1099920 1725.6
1099930 1710.8
1099940 1710.8
1099950 1700.0
1099960 1699.4
1099970 1692.7
1099980 1692.7
1099990 1692.6
