1080000 510.4
1080010 510.5
1080020 510.5
1080030 510.5
1080040 510.4
1080050 510.3
1080060 510.3
1080070 510.4
1080080 510.4
1080090 510.4
1080100 510.5
1080110 510.6
1080120 510.6
1080130 510.9
1080140 511.1
1080150 511.1
1080160 510.8
1080170 510.5
1080180 510.8
1080190 510.9
1080200 511.2
1080210 511.2
1080220 511.4
1080230 512.2
1080240 512.9
1080250 512.9
1080260 512.3
1080270 512.4
1080280 512.4
1080290 512.3
1080300 512.3
1080310 512.3
1080320 512.4
1080330 512.7
1080340 512.7
1080350 513.1
1080360 513.2
1080370 513.2
1080380 512.8
1080390 512.9
1080400 512.9
1080410 513.2
1080420 513.0
1080430 513.0
1080440 512.7
1080450 512.3
1080460 512.3
1080470 512.5
1080480 512.6
1080490 512.7
1080500 512.7
1080510 512.8
1080520 512.9
1080530 512.9
1080540 513.0
1080550 513.2
1080560 513.2
1080570 513.2
1080580 513.5
1080590 513.5
1080600 513.8
1080610 513.5
1080620 513.5
1080630 513.4
1080640 513.3
1080650 513.3
1080660 513.1
1080670 513.0
1080680 513.0
1080690 513.0
1080700 513.0
1080710 513.0
1080720 513.0
1080730 513.0
1080740 513.1
1080750 513.1
1080760 513.2
1080770 513.1
1080780 513.1
1080790 513.1
1080800 513.0
1080810 513.1
1080820 513.1
1080830 513.1
1080840 513.1
1080850 513.2
1080860 512.8
1080870 512.8
1080880 512.8
1080890 511.8
1080900 511.8
1080910 509.6
1080920 509.0
1080930 509.0
1080940 509.0
1080950 509.1
1080960 509.1
1080970 509.5
1080980 509.2
1080990 508.6
1081000 508.6
1081010 508.6
1081020 508.7
1081030 508.7
1081040 508.6
1081050 507.9
1081060 507.9
1081070 507.5
1081080 507.4
1081090 507.4
1081100 507.1
1081110 506.9
1081120 506.9
1081130 507.2
1081140 507.2
1081150 507.2
1081160 507.4
1081170 507.3
1081180 507.3
1081190 507.0
1081200 507.0
1081210 507.0
1081220 506.7
1081230 506.5
1081240 506.5
1081250 506.5
1081260 506.3
1081270 506.6
1081280 506.6
1081290 507.8
1081300 506.3
1081310 506.3
1081320 505.8
1081330 507.5
1081340 507.5
1081350 508.0
1081360 507.0
1081370 507.0
1081380 506.6
1081390 506.2
1081400 506.2
1081410 505.5
1081420 504.6
1081430 504.6
1081440 504.7
1081450 504.5
1081460 504.5
1081470 504.5
1081480 505.1
1081490 503.8
1081500 503.8
1081510 501.0
1081520 500.9
1081530 500.9
1081540 501.0
1081550 503.5
1081560 503.5
1081570 505.6
1081580 505.8
1081590 505.8
1081600 506.5
1081610 511.0
1081620 511.0
1081630 512.6
1081640 513.0
1081650 513.0
1081660 513.5
1081670 513.7
1081680 513.7
1081690 512.6
1081700 507.7
1081710 507.7
1081720 505.7
1081730 505.7
1081740 505.7
1081750 505.7
1081760 505.7
1081770 505.7
1081780 505.7
1081790 505.9
1081800 507.4
1081810 507.4
1081820 507.7
1081830 507.9
1081840 507.9
1081850 508.1
1081860 507.2
1081870 507.2
1081880 505.4
1081890 505.2
1081900 505.2
1081910 504.9
1081920 505.0
1081930 505.0
1081940 505.0
1081950 505.1
1081960 505.1
1081970 504.9
1081980 504.4
1081990 504.4
1082000 505.1
1082010 505.0
1082020 504.6
1082030 504.6
1082040 505.0
1082050 505.1
1082060 505.1
1082070 505.4
1082080 505.4
1082090 505.4
1082100 505.3
1082110 505.5
1082120 505.5
1082130 505.3
1082140 505.4
1082150 505.4
1082160 505.4
1082170 505.1
1082180 505.1
1082190 505.8
1082200 505.9
1082210 505.9
1082220 506.0
1082230 506.1
1082240 506.1
1082250 506.1
1082260 506.0
1082270 506.1
1082280 506.1
1082290 506.4
1082300 506.5
1082310 506.5
1082320 506.4
1082330 506.8
1082340 506.8
1082350 507.0
1082360 507.2
1082370 507.2
1082380 507.4
1082390 507.6
1082400 507.6
1082410 507.8
1082420 508.1
1082430 508.1
1082440 508.2
1082450 508.4
1082460 508.4
1082470 508.6
1082480 508.8
1082490 508.8
1082500 509.2
1082510 509.3
1082520 509.4
1082530 509.4
1082540 509.5
1082550 509.5
1082560 509.5
1082570 509.5
1082580 509.4
1082590 509.4
1082600 509.5
1082610 509.8
1082620 509.8
1082630 509.9
1082640 510.0
1082650 510.0
1082660 510.1
1082670 510.3
1082680 510.3
1082690 510.4
1082700 510.5
1082710 510.5
1082720 510.7
1082730 510.8
1082740 510.8
1082750 511.0
1082760 511.1
1082770 511.1
1082780 511.1
1082790 511.2
1082800 511.4
1082810 511.4
1082820 511.5
1082830 511.6
1082840 511.6
1082850 511.7
1082860 511.9
1082870 511.9
1082880 512.0
1082890 512.1
1082900 512.1
1082910 512.2
1082920 512.3
1082930 512.3
1082940 512.3
1082950 512.4
1082960 512.4
1082970 512.6
1082980 512.6
1082990 512.6
1083000 512.9
1083010 513.0
1083020 513.0
1083030 513.0
1083040 513.1
1083050 513.4
1083060 513.4
1083070 513.5
1083080 513.6
1083090 513.6
1083100 513.7
1083110 513.8
1083120 513.8
1083130 513.9
1083140 513.9
1083150 513.9
1083160 514.0
1083170 514.2
1083180 514.2
1083190 514.3
1083200 514.4
1083210 514.4
1083220 514.5
1083230 514.6
1083240 514.6
1083250 514.7
1083260 514.8
1083270 514.9
1083280 514.9
1083290 515.0
1083300 515.2
1083310 515.2
1083320 515.3
1083330 515.4
1083340 515.3
1083350 515.4
1083360 515.5
1083370 515.5
1083380 515.7
1083390 515.8
1083400 515.8
1083410 515.9
1083420 516.0
1083430 516.0
1083440 516.1
1083450 516.2
1083460 516.2
1083470 516.4
1083480 516.6
1083490 516.6
1083500 516.8
1083510 516.9
1083520 517.0
1083530 517.0
1083540 517.1
1083550 517.1
1083560 517.1
1083570 517.3
1083580 517.4
1083590 517.4
1083600 517.6
1083610 517.9
1083620 517.9
1083630 518.1
1083640 518.3
1083650 518.3
1083660 518.2
1083670 518.4
1083680 518.4
1083690 518.4
1083700 518.3
1083710 518.3
1083720 518.7
1083730 518.6
1083740 518.6
1083750 518.7
1083760 518.8
1083770 519.1
1083780 519.1
1083790 519.6
1083800 519.8
1083810 519.8
1083820 520.0
1083830 520.2
1083840 520.2
1083850 520.3
1083860 520.5
1083870 520.5
1083880 520.7
1083890 520.8
1083900 520.8
1083910 520.8
1083920 520.8
1083930 520.8
1083940 521.0
1083950 521.2
1083960 521.2
1083970 521.1
1083980 521.3
1083990 521.3
1084000 521.4
1084010 521.3
1084020 521.6
1084030 521.6
1084040 521.8
1084050 522.1
1084060 522.1
1084070 522.0
1084080 522.0
1084090 522.0
1084100 521.9
1084110 521.8
1084120 521.8
1084130 522.0
1084140 522.0
1084150 522.0
1084160 522.2
1084170 522.8
1084180 522.8
1084190 523.0
1084200 523.2
1084210 523.2
1084220 523.4
1084230 523.5
1084240 523.5
1084250 523.7
1084260 523.8
1084270 523.9
1084280 523.9
1084290 524.1
1084300 524.2
1084310 524.2
1084320 524.4
1084330 524.5
1084340 524.5
1084350 524.6
1084360 524.7
1084370 524.7
1084380 524.8
1084390 524.9
1084400 524.9
1084410 525.1
1084420 525.2
1084430 525.2
1084440 525.4
1084450 525.5
1084460 525.5
1084470 525.6
1084480 525.5
1084490 525.5
1084500 525.8
1084510 526.0
1084520 526.0
1084530 526.1
1084540 526.2
1084550 526.4
1084560 526.4
1084570 526.5
1084580 526.6
1084590 526.6
1084600 526.6
1084610 526.7
1084620 526.7
1084630 526.7
1084640 526.9
1084650 526.9
1084660 526.9
1084670 526.9
1084680 526.9
1084690 527.0
1084700 527.2
1084710 527.2
1084720 527.4
1084730 527.5
1084740 527.5
1084750 527.7
1084760 527.8
1084770 527.8
1084780 527.8
1084790 527.9
1084800 528.1
1084810 528.1
1084820 528.4
1084830 528.4
1084840 528.4
1084850 528.4
1084860 528.5
1084870 528.5
1084880 528.8
1084890 529.0
1084900 529.0
1084910 529.2
1084920 529.4
1084930 529.4
1084940 529.5
1084950 529.6
1084960 529.6
1084970 529.7
1084980 529.7
1084990 529.7
1085000 529.9
1085010 529.9
1085020 529.9
1085030 530.0
1085040 530.0
1085050 530.2
1085060 530.2
1085070 530.3
1085080 530.6
1085090 530.6
1085100 530.6
1085110 530.7
1085120 530.7
1085130 530.8
1085140 530.9
1085150 530.9
1085160 531.0
1085170 531.0
1085180 531.0
1085190 531.1
1085200 531.2
1085210 531.2
1085220 531.3
1085230 531.4
1085240 531.4
1085250 531.5
1085260 531.6
1085270 531.6
1085280 531.7
1085290 531.8
1085300 531.8
1085310 531.8
1085320 531.9
1085330 532.0
1085340 532.0
1085350 532.1
1085360 532.1
1085370 532.1
1085380 532.2
1085390 532.3
1085400 532.3
1085410 532.4
1085420 532.5
1085430 532.5
1085440 532.6
1085450 532.8
1085460 532.8
1085470 532.9
1085480 533.0
1085490 533.0
1085500 533.1
1085510 533.2
1085520 533.2
1085530 533.3
1085540 533.4
1085550 533.6
1085560 533.4
1085570 533.6
1085580 533.9
1085590 533.9
1085600 534.1
1085610 534.2
1085620 534.2
1085630 534.3
1085640 534.4
1085650 534.4
1085660 534.5
1085670 534.6
1085680 534.6
1085690 534.7
1085700 534.8
1085710 534.8
1085720 534.9
1085730 535.0
1085740 535.0
1085750 535.1
1085760 535.2
1085770 535.2
1085780 535.3
1085790 535.4
1085800 535.5
1085810 535.5
1085820 535.6
1085830 535.6
1085840 535.6
1085850 535.7
1085860 535.8
1085870 535.8
1085880 536.1
1085890 536.5
1085900 536.5
1085910 536.8
1085920 536.6
1085930 536.6
1085940 536.6
1085950 536.8
1085960 536.8
1085970 537.0
1085980 537.3
1085990 537.3
1086000 537.4
1086010 537.5
1086020 537.5
1086030 537.7
1086040 537.9
1086050 538.0
1086060 538.0
1086070 538.1
1086080 538.2
1086090 538.2
1086100 538.3
1086110 538.3
1086120 538.3
1086130 538.3
1086140 538.5
1086150 538.5
1086160 538.9
1086170 539.2
1086180 539.2
1086190 539.3
1086200 538.9
1086210 538.9
1086220 539.1
1086230 539.6
1086240 539.6
1086250 540.3
1086260 541.1
1086270 541.1
1086280 541.8
1086290 541.5
1086300 541.0
1086310 541.0
1086320 541.0
1086330 541.3
1086340 541.3
1086350 541.5
1086360 541.6
1086370 541.6
1086380 541.6
1086390 541.1
1086400 541.1
1086410 541.0
1086420 541.1
1086430 541.1
1086440 541.6
1086450 541.8
1086460 541.8
1086470 541.8
1086480 541.7
1086490 541.7
1086500 542.6
1086510 543.0
1086520 542.9
1086530 543.2
1086540 543.1
1086550 543.6
1086560 543.6
1086570 543.9
1086580 544.7
1086590 544.7
1086600 545.5
1086610 545.3
1086620 545.3
1086630 545.5
1086640 545.9
1086650 545.9
1086660 546.5
1086670 546.7
1086680 546.7
1086690 546.8
1086700 547.2
1086710 547.2
1086720 547.2
1086730 546.6
1086740 546.6
1086750 545.5
1086760 545.6
1086770 545.6
1086780 547.6
1086790 547.5
1086800 547.5
1086810 547.5
1086820 546.2
1086830 543.5
1086840 540.1
1086850 539.9
1086860 540.8
1086870 540.8
1086880 543.3
1086890 545.3
1086900 545.3
1086910 546.4
1086920 547.6
1086930 547.6
1086940 548.0
1086950 547.8
1086960 547.8
1086970 547.8
1086980 547.9
1086990 547.9
1087000 548.0
1087010 547.7
1087020 547.7
1087030 547.7
1087040 547.8
1087050 547.8
1087060 548.2
1087070 547.8
1087080 547.7
1087090 547.7
1087100 548.0
1087110 548.0
1087120 548.0
1087130 548.4
1087140 548.6
1087150 548.6
1087160 548.5
1087170 548.4
1087180 548.4
1087190 548.2
1087200 548.1
1087210 548.1
1087220 548.0
1087230 547.7
1087240 547.7
1087250 547.5
1087260 547.7
1087270 547.7
1087280 547.9
1087290 547.9
1087300 547.9
1087310 547.7
1087320 547.8
1087330 547.9
1087340 547.9
1087350 547.9
1087360 548.1
1087370 548.1
1087380 548.2
1087390 548.1
1087400 548.1
1087410 547.9
1087420 547.9
1087430 547.9
1087440 547.9
1087450 548.0
1087460 548.0
1087470 548.0
1087480 547.9
1087490 547.9
1087500 548.0
1087510 548.0
1087520 548.0
1087530 547.9
1087540 547.9
1087550 547.9
1087560 547.9
1087570 548.1
1087580 548.1
1087590 548.1
1087600 548.0
1087610 547.8
1087620 547.8
1087630 547.9
1087640 548.0
1087650 548.0
1087660 548.1
1087670 548.1
1087680 548.1
1087690 548.2
1087700 548.2
1087710 548.2
1087720 548.3
1087730 548.4
1087740 548.4
1087750 548.5
1087760 548.6
1087770 548.6
1087780 548.7
1087790 548.8
1087800 548.5
1087810 548.5
1087820 548.5
1087830 548.5
1087840 548.5
1087850 548.6
1087860 548.7
1087870 548.7
1087880 548.9
1087890 549.0
1087900 549.0
1087910 549.1
1087920 549.2
1087930 549.2
1087940 549.2
1087950 549.2
1087960 549.2
1087970 549.2
1087980 549.3
1087990 549.3
1088000 549.4
1088010 549.4
1088020 549.4
1088030 549.4
1088040 549.3
1088050 549.3
1088060 549.3
1088070 549.4
1088080 549.6
1088090 549.6
1088100 549.6
1088110 549.5
1088120 549.3
1088130 549.1
1088140 549.2
1088150 549.2
1088160 549.2
1088170 549.1
1088180 549.1
1088190 549.1
1088200 549.0
1088210 549.0
1088220 548.8
1088230 549.0
1088240 549.0
1088250 549.3
1088260 549.3
1088270 549.3
1088280 548.8
1088290 548.8
1088300 548.8
1088310 548.9
1088320 548.9
1088330 548.9
1088340 548.9
1088350 548.9
1088360 548.9
1088370 548.9
1088380 549.1
1088390 549.1
1088400 549.1
1088410 549.0
1088420 549.3
1088430 549.3
1088440 549.7
1088450 549.9
1088460 549.9
1088470 549.3
1088480 548.9
1088490 548.9
1088500 548.9
1088510 549.3
1088520 549.3
1088530 549.5
1088540 549.5
1088550 549.5
1088560 549.6
1088570 549.8
1088580 550.3
1088590 550.3
1088600 551.1
1088610 550.9
1088620 550.9
1088630 549.8
1088640 550.1
1088650 550.1
1088660 550.4
1088670 550.8
1088680 550.8
1088690 550.8
1088700 550.6
1088710 550.6
1088720 550.1
1088730 549.8
1088740 549.8
1088750 550.4
1088760 549.7
1088770 549.7
1088780 549.8
1088790 549.8
1088800 549.8
1088810 549.6
1088820 549.6
1088830 549.8
1088840 549.8
1088850 549.6
1088860 549.5
1088870 549.5
1088880 549.4
1088890 548.9
1088900 548.9
1088910 548.7
1088920 548.5
1088930 548.5
1088940 548.4
1088950 548.3
1088960 548.3
1088970 548.2
1088980 548.0
1088990 548.0
1089000 547.9
1089010 547.7
1089020 547.7
1089030 547.7
1089040 547.6
1089050 547.6
1089060 547.5
1089070 547.4
1089080 547.4
1089090 547.4
1089100 547.3
1089110 547.1
1089120 547.1
1089130 547.0
1089140 547.0
1089150 547.0
1089160 547.0
1089170 547.0
1089180 547.0
1089190 547.0
1089200 547.0
1089210 547.0
1089220 547.0
1089230 547.0
1089240 547.0
1089250 547.1
1089260 547.5
1089270 547.5
1089280 547.6
1089290 547.4
1089300 547.4
1089310 547.3
1089320 547.2
1089330 547.1
1089340 547.1
1089350 547.1
1089360 547.0
1089370 547.0
1089380 546.8
1089390 546.6
1089400 546.4
1089410 546.3
1089420 546.3
1089430 546.3
1089440 546.4
1089450 546.6
1089460 546.6
1089470 546.2
1089480 545.7
1089490 545.7
1089500 545.3
1089510 545.1
1089520 545.1
1089530 544.9
1089540 544.9
1089550 544.9
1089560 545.1
1089570 545.3
1089580 545.3
1089590 544.9
1089600 544.7
1089610 544.7
1089620 544.7
1089630 544.7
1089640 545.1
1089650 545.1
1089660 545.5
1089670 545.9
1089680 545.9
1089690 546.4
1089700 547.2
1089710 547.2
1089720 548.2
1089730 549.0
1089740 549.0
1089750 551.4
1089760 555.4
1089770 555.4
1089780 559.4
1089790 562.6
1089800 562.6
1089810 566.7
1089820 570.8
1089830 570.8
1089840 574.7
1089850 578.9
1089860 579.9
1089870 579.9
1089880 580.5
1089890 581.7
1089900 581.7
1089910 583.5
1089920 585.4
1089930 585.4
1089940 587.7
1089950 589.7
1089960 589.7
1089970 591.5
1089980 594.0
1089990 594.0
1090000 597.6
1090010 601.3
1090020 601.3
1090030 604.3
1090040 607.9
1090050 603.6
1090060 607.4
1090070 611.1
1090080 611.1
1090090 613.4
1090100 615.5
1090110 618.4
1090120 618.4
1090130 621.3
1090140 623.8
1090150 623.8
1090160 625.3
1090170 626.9
1090180 626.9
1090190 628.8
1090200 631.2
1090210 631.2
1090220 633.4
1090230 635.8
1090240 635.8
1090250 638.2
1090260 640.5
1090270 640.5
1090280 643.2
1090290 645.9
1090300 645.9
1090310 648.6
1090320 650.4
1090330 650.4
1090340 651.8
1090350 653.9
1090360 655.9
1090370 651.9
1090380 655.8
1090390 657.7
1090400 657.7
1090410 661.4
1090420 667.2
1090430 667.2
1090440 673.2
1090450 676.8
1090460 676.8
1090470 680.0
1090480 683.0
1090490 683.0
1090500 686.3
1090510 689.9
1090520 689.9
1090530 692.6
1090540 694.4
1090550 694.4
1090560 697.4
1090570 701.8
1090580 701.8
1090590 707.6
1090600 712.2
1090610 715.2
1090620 715.2
1090630 717.0
1090640 718.9
1090650 718.9
1090660 721.7
1090670 724.8
1090680 724.8
1090690 728.0
1090700 730.8
1090710 730.8
1090720 733.1
1090730 735.2
1090740 735.2
1090750 739.1
1090760 745.2
1090770 745.2
1090780 750.7
1090790 756.5
1090800 756.5
1090810 762.5
1090820 767.4
1090830 767.4
1090840 772.2
1090850 777.3
1090860 783.0
1090870 783.0
1090880 788.9
1090890 794.2
1090900 794.2
1090910 800.6
1090920 808.3
1090930 808.3
1090940 815.6
1090950 821.6
1090960 821.6
1090970 825.6
1090980 831.5
1090990 831.5
1091000 836.4
1091010 840.0
1091020 838.6
1091030 843.7
1091040 848.6
1091050 848.6
1091060 852.8
1091070 856.4
1091080 856.4
1091090 859.8
1091100 862.3
1091110 864.9
1091120 864.9
1091130 867.3
1091140 870.0
1091150 870.0
1091160 872.6
1091170 875.9
1091180 875.9
1091190 878.8
1091200 882.2
1091210 882.2
1091220 885.2
1091230 888.1
1091240 888.1
1091250 890.7
1091260 893.5
1091270 893.5
1091280 896.3
1091290 899.3
1091300 899.3
1091310 902.5
1091320 905.6
1091330 905.6
1091340 907.7
1091350 910.3
1091360 913.0
1091370 913.0
1091380 916.1
1091390 919.2
1091400 919.2
1091410 922.3
1091420 923.7
1091430 923.7
1091440 925.8
1091450 927.8
1091460 927.8
1091470 928.0
1091480 928.8
1091490 928.8
1091500 930.5
1091510 933.3
1091520 933.3
1091530 936.1
1091540 939.6
1091550 939.6
1091560 944.7
1091570 950.5
1091580 950.5
1091590 956.3
1091600 961.1
1091610 963.1
1091620 963.1
1091630 964.9
1091640 967.1
1091650 967.1
1091660 969.7
1091670 972.2
1091680 972.2
1091690 974.3
1091700 975.8
1091710 975.8
1091720 977.7
1091730 980.5
1091740 980.5
1091750 982.9
1091760 985.8
1091770 985.8
1091780 987.7
1091790 990.1
1091800 990.1
1091810 992.9
1091820 994.8
1091830 994.8
1091840 996.1
1091850 997.5
1091860 999.4
1091870 999.4
1091880 1001.2
1091890 1003.9
1091900 1003.9
1091910 1008.2
1091920 1014.9
1091930 1014.9
1091940 1022.1
1091950 1028.4
1091960 1028.4
1091970 1034.5
1091980 1038.6
1091990 1041.2
1092000 1045.0
1092010 1049.7
1092020 1049.7
1092030 1054.5
1092040 1059.5
1092050 1059.5
1092060 1064.6
1092070 1069.7
1092080 1069.7
1092090 1075.4
1092100 1079.7
1092110 1084.5
1092120 1084.5
1092130 1091.8
1092140 1101.3
1092150 1101.3
1092160 1110.2
1092170 1118.2
1092180 1118.2
1092190 1124.3
1092200 1130.3
1092210 1130.3
1092220 1136.0
1092230 1142.0
1092240 1142.0
1092250 1148.6
1092260 1154.0
1092270 1154.0
1092280 1159.5
1092290 1164.4
1092300 1164.4
1092310 1168.6
1092320 1170.7
1092330 1170.7
1092340 1173.6
1092350 1177.8
1092360 1182.6
1092370 1182.6
1092380 1188.0
1092390 1193.3
1092400 1193.3
1092410 1198.5
1092420 1204.1
1092430 1204.1
1092440 1209.3
1092450 1212.9
1092460 1212.9
1092470 1215.9
1092480 1218.7
1092490 1218.7
1092500 1222.1
1092510 1225.8
1092520 1225.8
1092530 1229.9
1092540 1234.6
1092550 1234.6
1092560 1239.9
1092570 1245.4
1092580 1245.4
1092590 1251.3
1092600 1257.7
1092610 1257.7
1092620 1263.6
1092630 1270.3
1092640 1276.6
1092650 1276.6
1092660 1283.3
1092670 1290.5
1092680 1290.5
1092690 1297.9
1092700 1305.4
1092710 1305.4
1092720 1312.9
1092730 1320.2
1092740 1320.2
1092750 1327.9
1092760 1337.8
1092770 1337.8
1092780 1353.5
1092790 1368.5
1092800 1368.5
1092810 1373.4
1092820 1381.2
1092830 1381.2
1092840 1391.9
1092850 1395.1
1092860 1395.1
1092870 1395.0
1092880 1394.3
1092890 1394.1
1092900 1394.1
1092910 1394.2
1092920 1394.6
1092930 1394.6
1092940 1395.3
1092950 1396.3
1092960 1392.1
1092970 1391.4
1092980 1385.0
1092990 1385.0
1093000 1376.7
1093010 1368.2
1093020 1368.2
1093030 1367.0
1093040 1363.3
1093050 1363.3
1093060 1360.4
1093070 1357.0
1093080 1357.0
1093090 1355.5
1093100 1356.7
1093110 1356.7
1093120 1357.3
1093130 1356.7
1093140 1361.9
1093150 1361.9
1093160 1371.6
1093170 1379.6
1093180 1379.6
1093190 1382.9
1093200 1385.2
1093210 1385.2
1093220 1388.2
1093230 1391.6
1093240 1391.6
1093250 1396.6
1093260 1401.7
1093270 1401.7
1093280 1401.5
1093290 1404.4
1093300 1404.4
1093310 1406.9
1093320 1409.2
1093330 1409.2
1093340 1412.8
1093350 1416.2
1093360 1416.2
1093370 1419.3
1093380 1419.9
1093390 1417.9
1093400 1417.9
1093410 1416.0
1093420 1423.5
1093430 1423.5
1093440 1429.4
1093450 1434.5
1093460 1434.5
1093470 1435.6
1093480 1434.0
1093490 1434.0
1093500 1431.6
1093510 1432.0
1093520 1432.0
1093530 1436.0
1093540 1441.4
1093550 1441.4
1093560 1447.2
1093570 1453.7
1093580 1453.7
1093590 1460.8
1093600 1468.1
1093610 1469.6
1093620 1482.2
1093630 1493.3
1093640 1505.2
1093650 1505.2
1093660 1514.9
1093670 1525.2
1093680 1525.2
1093690 1532.9
1093700 1541.5
1093710 1541.5
1093720 1549.4
1093730 1557.1
1093740 1557.1
1093750 1565.9
1093760 1576.7
1093770 1576.7
1093780 1586.7
1093790 1594.1
1093800 1594.1
1093810 1602.3
1093820 1614.1
1093830 1614.1
1093840 1625.7
1093850 1636.1
1093860 1636.1
1093870 1644.2
1093880 1651.5
1093890 1658.9
1093900 1658.9
1093910 1667.6
1093920 1677.3
1093930 1687.3
1093940 1693.3
1093950 1698.0
1093960 1698.0
1093970 1705.3
1093980 1713.1
1093990 1713.1
1094000 1720.8
1094010 1728.0
1094020 1728.0
1094030 1736.7
1094040 1744.2
1094050 1744.2
1094060 1745.4
1094070 1744.5
1094080 1744.5
1094090 1743.4
1094100 1742.3
1094110 1742.3
1094120 1740.8
1094130 1741.0
1094140 1746.2
1094150 1746.2
1094160 1751.6
1094170 1757.2
1094180 1757.2
1094190 1763.3
1094200 1769.6
1094210 1769.6
1094220 1775.8
1094230 1781.5
1094240 1781.5
1094250 1787.3
1094260 1790.1
1094270 1790.1
1094280 1795.3
1094290 1799.6
1094300 1799.6
1094310 1803.4
1094320 1806.7
1094330 1806.7
1094340 1809.5
1094350 1812.0
1094360 1812.0
1094370 1814.4
1094380 1816.9
1094390 1819.7
1094400 1819.7
1094410 1822.4
1094420 1826.0
1094430 1826.0
1094440 1830.2
1094450 1832.1
1094460 1832.1
1094470 1831.4
1094480 1831.2
1094490 1831.2
1094500 1836.7
1094510 1845.8
1094520 1845.8
1094530 1851.7
1094540 1855.1
1094550 1855.1
1094560 1857.3
1094570 1859.8
1094580 1853.0
1094590 1854.5
1094600 1858.4
1094610 1858.4
1094620 1864.6
1094630 1871.0
1094640 1877.2
1094650 1877.2
1094660 1883.3
1094670 1888.7
1094680 1888.7
1094690 1893.0
1094700 1897.3
1094710 1897.3
1094720 1902.7
1094730 1908.7
1094740 1908.7
1094750 1913.0
1094760 1918.1
1094770 1918.1
1094780 1924.4
1094790 1931.4
1094800 1931.4
1094810 1938.1
1094820 1944.9
1094830 1944.9
1094840 1951.1
1094850 1956.7
1094860 1956.7
1094870 1961.7
1094880 1965.4
1094890 1966.5
1094900 1966.5
1094910 1962.5
1094920 1961.0
1094930 1961.0
1094940 1959.2
1094950 1957.7
1094960 1957.7
1094970 1955.7
1094980 1952.4
1094990 1952.4
1095000 1947.9
1095010 1942.9
1095020 1942.9
1095030 1938.4
1095040 1934.4
1095050 1934.4
1095060 1930.9
1095070 1928.5
1095080 1928.5
1095090 1925.9
1095100 1921.7
1095110 1921.7
1095120 1917.9
1095130 1913.8
1095140 1910.1
1095150 1910.1
1095160 1906.7
1095170 1904.4
1095180 1904.4
1095190 1903.0
1095200 1899.9
1095210 1899.9
1095220 1896.8
1095230 1893.7
1095240 1890.3
1095250 1887.8
1095260 1885.2
1095270 1885.2
1095280 1882.7
1095290 1881.7
1095300 1881.7
1095310 1880.2
1095320 1877.6
1095330 1877.6
1095340 1874.4
1095350 1871.9
1095360 1871.9
1095370 1870.1
1095380 1866.3
1095390 1863.7
1095400 1863.7
1095410 1860.4
1095420 1856.3
1095430 1856.3
1095440 1855.8
1095450 1852.1
1095460 1852.1
1095470 1847.1
1095480 1844.8
1095490 1844.8
1095500 1838.9
1095510 1834.7
1095520 1834.7
1095530 1833.1
1095540 1830.3
1095550 1830.3
1095560 1829.1
1095570 1826.0
1095580 1826.0
1095590 1826.5
1095600 1823.9
1095610 1823.9
1095620 1819.5
1095630 1817.2
1095640 1815.5
1095650 1815.5
1095660 1813.9
1095670 1812.8
1095680 1812.8
1095690 1811.4
1095700 1810.2
1095710 1810.2
1095720 1809.7
1095730 1810.4
1095740 1810.4
1095750 1812.3
1095760 1813.4
1095770 1813.4
1095780 1813.4
1095790 1813.2
1095800 1813.2
1095810 1813.3
1095820 1812.9
1095830 1812.9
1095840 1810.7
1095850 1808.3
1095860 1808.3
1095870 1806.8
1095880 1804.6
1095890 1811.8
1095900 1807.4
1095910 1802.4
1095920 1798.5
1095930 1798.5
1095940 1796.0
1095950 1794.7
1095960 1794.7
1095970 1794.0
1095980 1791.4
1095990 1791.4
1096000 1787.9
1096010 1786.0
1096020 1786.0
1096030 1784.1
1096040 1782.2
1096050 1782.2
1096060 1780.2
1096070 1778.3
1096080 1778.3
1096090 1776.7
1096100 1775.4
1096110 1775.4
1096120 1774.1
1096130 1772.5
1096140 1772.5
1096150 1771.3
1096160 1769.9
1096170 1768.2
1096180 1768.2
1096190 1766.6
1096200 1765.0
1096210 1765.0
1096220 1771.1
1096230 1770.9
1096240 1770.9
1096250 1769.8
1096260 1768.4
1096270 1768.4
1096280 1766.5
1096290 1764.7
1096300 1764.7
1096310 1763.6
1096320 1763.2
1096330 1763.2
1096340 1763.6
1096350 1764.3
1096360 1764.3
1096370 1764.2
1096380 1765.2
1096390 1765.2
1096400 1767.2
1096410 1769.7
1096420 1772.5
1096430 1772.5
1096440 1774.9
1096450 1775.0
1096460 1775.0
1096470 1775.9
1096480 1777.9
1096490 1777.9
1096500 1780.4
1096510 1785.1
1096520 1785.1
1096530 1789.9
1096540 1799.8
1096550 1799.8
1096560 1805.5
1096570 1836.0
1096580 1836.0
1096590 1850.0
1096600 1873.5
1096610 1873.5
1096620 1872.0
1096630 1868.6
1096640 1868.6
1096650 1873.0
1096660 1865.6
1096670 1845.6
1096680 1845.6
1096690 1840.2
1096700 1853.7
1096710 1853.7
1096720 1849.2
1096730 1842.8
1096740 1842.8
1096750 1843.4
1096760 1847.0
1096770 1847.0
1096780 1854.6
1096790 1859.6
1096800 1859.6
1096810 1852.8
1096820 1853.7
1096830 1853.7
1096840 1861.0
1096850 1863.0
1096860 1863.0
1096870 1870.0
1096880 1862.7
1096890 1862.7
1096900 1857.2
1096910 1852.1
1096920 1843.7
1096930 1843.7
1096940 1831.3
1096950 1821.9
1096960 1821.9
1096970 1812.5
1096980 1802.7
1096990 1802.7
1097000 1794.2
1097010 1784.9
1097020 1784.9
1097030 1774.9
1097040 1766.0
1097050 1766.0
1097060 1757.0
1097070 1749.9
1097080 1749.9
1097090 1744.5
1097100 1738.5
1097110 1738.5
1097120 1731.7
1097130 1724.9
1097140 1724.9
1097150 1717.7
1097160 1710.9
1097170 1704.1
1097180 1704.1
1097190 1697.4
1097200 1696.0
1097210 1696.0
1097220 1690.3
1097230 1685.2
1097240 1685.2
1097250 1680.1
1097260 1675.3
1097270 1675.3
1097280 1671.1
1097290 1666.3
1097300 1666.3
1097310 1660.7
1097320 1657.0
1097330 1657.0
1097340 1654.4
1097350 1651.8
1097360 1651.8
1097370 1644.7
1097380 1637.9
1097390 1637.9
1097400 1635.1
1097410 1628.6
1097420 1625.7
1097430 1625.7
1097440 1622.4
1097450 1618.8
1097460 1618.8
1097470 1615.0
1097480 1611.1
1097490 1611.1
1097500 1608.0
1097510 1604.4
1097520 1604.4
1097530 1602.9
1097540 1597.4
1097550 1597.4
1097560 1591.6
1097570 1586.7
1097580 1586.7
1097590 1582.4
1097600 1573.6
1097610 1573.6
1097620 1565.2
1097630 1558.6
1097640 1558.6
1097650 1552.6
1097660 1548.2
1097670 1544.2
1097680 1544.2
1097690 1538.9
1097700 1533.2
1097710 1533.2
1097720 1529.5
1097730 1525.2
1097740 1525.2
1097750 1519.6
1097760 1513.0
1097770 1513.0
1097780 1507.1
1097790 1502.9
1097800 1502.9
1097810 1498.6
1097820 1492.8
1097830 1492.8
1097840 1486.6
1097850 1480.7
1097860 1484.8
1097870 1479.6
1097880 1473.8
1097890 1473.8
1097900 1469.4
1097910 1465.6
1097920 1461.1
1097930 1461.1
1097940 1456.7
1097950 1454.4
1097960 1454.4
1097970 1450.9
1097980 1447.1
1097990 1447.1
1098000 1446.0
1098010 1444.6
1098020 1444.6
1098030 1443.2
1098040 1441.7
1098050 1441.7
1098060 1439.0
1098070 1436.5
1098080 1436.5
1098090 1433.8
1098100 1431.6
1098110 1431.6
1098120 1425.6
1098130 1418.3
1098140 1418.3
1098150 1411.7
1098160 1408.1
1098170 1405.4
1098180 1405.4
1098190 1398.2
1098200 1392.7
1098210 1392.7
1098220 1389.5
1098230 1386.0
1098240 1386.0
1098250 1382.4
1098260 1376.1
1098270 1376.1
1098280 1369.9
1098290 1364.9
1098300 1364.9
1098310 1359.3
1098320 1354.0
1098330 1354.0
1098340 1348.2
1098350 1343.1
1098360 1343.1
1098370 1338.5
1098380 1333.1
1098390 1333.1
1098400 1327.1
1098410 1323.1
1098420 1318.9
1098430 1318.9
1098440 1313.5
1098450 1310.5
1098460 1310.5
1098470 1308.4
1098480 1302.9
1098490 1302.9
1098500 1298.4
1098510 1294.4
1098520 1287.3
1098530 1282.8
1098540 1277.3
1098550 1277.3
1098560 1270.6
1098570 1264.1
1098580 1264.1
1098590 1261.2
1098600 1264.1
1098610 1264.1
1098620 1265.0
1098630 1262.4
1098640 1262.4
1098650 1258.1
1098660 1253.5
1098670 1249.1
1098680 1249.1
1098690 1243.7
1098700 1238.5
1098710 1238.5
1098720 1232.8
1098730 1227.6
1098740 1227.6
1098750 1223.0
1098760 1218.8
1098770 1218.8
1098780 1215.7
1098790 1212.6
1098800 1212.6
1098810 1209.0
1098820 1205.6
1098830 1205.6
1098840 1197.2
1098850 1194.2
1098860 1194.2
1098870 1189.7
1098880 1185.1
1098890 1185.1
1098900 1181.6
1098910 1177.7
1098920 1174.1
1098930 1174.1
1098940 1171.5
1098950 1168.3
1098960 1168.3
1098970 1166.9
1098980 1166.1
1098990 1166.1
1099000 1165.3
1099010 1163.4
1099020 1163.4
1099030 1165.9
1099040 1172.2
1099050 1172.2
1099060 1176.7
1099070 1178.9
1099080 1178.9
1099090 1182.0
1099100 1185.2
1099110 1185.2
1099120 1185.5
1099130 1184.7
1099140 1184.7
1099150 1184.3
1099160 1183.0
1099170 1191.3
1099180 1189.9
1099190 1193.0
1099200 1197.2
1099210 1197.2
1099220 1198.9
1099230 1196.7
1099240 1196.7
1099250 1195.7
1099260 1196.9
1099270 1196.9
1099280 1198.3
1099290 1197.7
1099300 1197.7
1099310 1194.2
1099320 1191.1
1099330 1191.1
1099340 1193.7
1099350 1197.1
1099360 1197.1
1099370 1202.2
1099380 1205.7
1099390 1205.7
1099400 1207.7
1099410 1209.4
1099420 1209.4
1099430 1210.2
1099440 1209.9
1099450 1209.1
1099460 1209.1
1099470 1207.1
1099480 1204.4
1099490 1204.4
1099500 1210.9
1099510 1208.9
1099520 1208.9
1099530 1205.9
1099540 1203.7
1099550 1203.7
1099560 1201.9
1099570 1197.5
1099580 1197.5
1099590 1191.9
1099600 1190.5
1099610 1190.5
1099620 1189.0
1099630 1187.4
1099640 1187.4
1099650 1185.5
1099660 1186.6
1099670 1186.6
1099680 1187.6
1099690 1182.9
1099700 1176.2
1099710 1176.2
1099720 1167.9
1099730 1162.0
1099740 1162.0
1099750 1165.3
1099760 1168.6
1099770 1168.6
1099780 1167.0
1099790 1165.5
1099800 1165.5
1099810 1163.0
1099820 1160.2
1099830 1167.7
1099840 1165.2
1099850 1162.0
1099860 1162.0
1099870 1156.7
1099880 1154.8
1099890 1154.8
1099900 1147.8
1099910 1140.9
1099920 1140.9
1099930 1134.2
1099940 1136.3
1099950 1136.8
1099960 1136.8
1099970 1137.5
1099980 1143.7
1099990 1143.7
