1080000 505.4
1080010 505.4
1080020 505.4
1080030 505.4
1080040 505.2
1080050 505.1
1080060 505.1
1080070 505.1
1080080 505.1
1080090 505.1
1080100 505.2
1080110 505.2
1080120 505.2
1080130 505.2
1080140 505.2
1080150 505.2
1080160 505.2
1080170 505.2
1080180 505.2
1080190 505.2
1080200 505.1
1080210 505.1
1080220 505.1
1080230 505.1
1080240 505.1
1080250 503.6
1080260 503.0
1080270 505.5
1080280 505.5
1080290 506.4
1080300 506.2
1080310 506.2
1080320 506.5
1080330 506.6
1080340 506.6
1080350 506.8
1080360 507.0
1080370 507.0
1080380 507.0
1080390 506.9
1080400 506.9
1080410 506.8
1080420 506.8
1080430 506.8
1080440 506.8
1080450 506.8
1080460 506.8
1080470 506.5
1080480 506.2
1080490 506.2
1080500 506.0
1080510 505.7
1080520 503.8
1080530 503.8
1080540 501.4
1080550 500.1
1080560 500.1
1080570 500.0
1080580 500.2
1080590 500.2
1080600 500.2
1080610 500.4
1080620 500.4
1080630 500.6
1080640 501.2
1080650 501.2
1080660 501.5
1080670 501.0
1080680 501.0
1080690 500.9
1080700 501.0
1080710 501.0
1080720 502.1
1080730 502.4
1080740 502.4
1080750 501.8
1080760 502.3
1080770 502.6
1080780 502.6
1080790 502.5
1080800 502.5
1080810 502.5
1080820 502.8
1080830 503.1
1080840 503.1
1080850 503.3
1080860 503.0
1080870 503.0
1080880 502.9
1080890 503.0
1080900 503.0
1080910 502.9
1080920 502.9
1080930 502.9
1080940 502.9
1080950 503.0
1080960 503.0
1080970 503.2
1080980 504.0
1080990 504.0
1081000 504.1
1081010 504.0
1081020 504.0
1081030 504.0
1081040 504.1
1081050 504.2
1081060 504.2
1081070 503.9
1081080 503.7
1081090 503.7
1081100 503.7
1081110 503.5
1081120 503.5
1081130 503.9
1081140 504.0
1081150 504.0
1081160 503.5
1081170 503.4
1081180 503.4
1081190 503.3
1081200 504.1
1081210 504.1
1081220 504.1
1081230 504.0
1081240 504.0
1081250 501.7
1081260 500.0
1081270 500.0
1081280 499.9
1081290 500.4
1081300 503.2
1081310 503.2
1081320 504.4
1081330 504.7
1081340 504.7
1081350 504.6
1081360 504.2
1081370 504.2
1081380 504.3
1081390 505.3
1081400 505.3
1081410 505.8
1081420 505.6
1081430 505.6
1081440 505.5
1081450 505.2
1081460 505.2
1081470 505.1
1081480 505.1
1081490 505.1
1081500 505.4
1081510 505.6
1081520 505.6
1081530 505.7
1081540 506.2
1081550 506.3
1081560 506.3
1081570 506.5
1081580 506.8
1081590 506.8
1081600 506.8
1081610 505.8
1081620 505.8
1081630 507.0
1081640 508.3
1081650 508.3
1081660 505.9
1081670 504.3
1081680 504.3
1081690 504.1
1081700 504.1
1081710 504.1
1081720 504.2
1081730 505.5
1081740 505.5
1081750 510.7
1081760 512.0
1081770 512.0
1081780 510.0
1081790 505.7
1081800 504.4
1081810 504.4
1081820 504.1
1081830 503.6
1081840 503.6
1081850 504.1
1081860 504.2
1081870 504.2
1081880 504.8
1081890 505.5
1081900 505.5
1081910 505.6
1081920 505.6
1081930 505.6
1081940 505.5
1081950 505.5
1081960 505.5
1081970 505.6
1081980 505.6
1081990 505.6
1082000 505.7
1082010 505.8
1082020 505.8
1082030 505.9
1082040 505.9
1082050 506.0
1082060 506.0
1082070 506.1
1082080 506.2
1082090 506.2
1082100 506.3
1082110 506.4
1082120 506.4
1082130 506.5
1082140 506.7
1082150 506.7
1082160 506.8
1082170 506.9
1082180 506.8
1082190 507.0
1082200 507.0
1082210 507.0
1082220 507.2
1082230 507.9
1082240 507.9
1082250 508.3
1082260 508.1
1082270 508.1
1082280 507.7
1082290 507.7
1082300 508.0
1082310 508.0
1082320 508.2
1082330 508.3
1082340 508.3
1082350 508.4
1082360 508.4
1082370 508.4
1082380 508.4
1082390 508.5
1082400 508.5
1082410 508.8
1082420 508.9
1082430 508.9
1082440 508.9
1082450 508.9
1082460 508.9
1082470 509.2
1082480 509.3
1082490 509.2
1082500 509.4
1082510 509.5
1082520 509.5
1082530 509.6
1082540 509.8
1082550 509.8
1082560 509.8
1082570 509.8
1082580 509.8
1082590 509.8
1082600 510.0
1082610 510.3
1082620 510.3
1082630 510.5
1082640 510.5
1082650 510.5
1082660 510.5
1082670 510.6
1082680 510.6
1082690 510.7
1082700 510.8
1082710 510.8
1082720 511.0
1082730 510.9
1082740 510.9
1082750 511.1
1082760 511.2
1082770 511.2
1082780 511.3
1082790 511.2
1082800 511.4
1082810 511.4
1082820 511.6
1082830 511.8
1082840 511.8
1082850 512.0
1082860 512.0
1082870 512.0
1082880 512.1
1082890 512.2
1082900 512.2
1082910 512.4
1082920 512.6
1082930 512.6
1082940 512.8
1082950 513.0
1082960 513.0
1082970 513.2
1082980 513.2
1082990 513.2
1083000 513.3
1083010 513.5
1083020 513.5
1083030 513.6
1083040 513.8
1083050 513.9
1083060 513.9
1083070 514.0
1083080 514.1
1083090 514.1
1083100 513.8
1083110 514.2
1083120 514.2
1083130 514.5
1083140 514.7
1083150 514.7
1083160 514.7
1083170 514.8
1083180 514.8
1083190 515.0
1083200 515.2
1083210 515.2
1083220 515.1
1083230 515.1
1083240 515.1
1083250 515.2
1083260 515.3
1083270 515.3
1083280 515.6
1083290 515.6
1083300 515.8
1083310 515.8
1083320 515.9
1083330 516.1
1083340 516.1
1083350 516.3
1083360 516.4
1083370 516.4
1083380 516.6
1083390 516.7
1083400 516.7
1083410 516.8
1083420 517.0
1083430 517.0
1083440 517.1
1083450 517.2
1083460 517.2
1083470 517.4
1083480 517.5
1083490 517.5
1083500 517.7
1083510 517.9
1083520 517.9
1083530 518.1
1083540 518.3
1083550 518.3
1083560 518.5
1083570 518.6
1083580 518.7
1083590 518.7
1083600 518.8
1083610 519.0
1083620 519.0
1083630 519.0
1083640 519.2
1083650 519.2
1083660 519.4
1083670 519.5
1083680 519.5
1083690 519.7
1083700 519.8
1083710 519.8
1083720 520.0
1083730 520.1
1083740 520.1
1083750 520.2
1083760 520.1
1083770 520.1
1083780 520.1
1083790 520.1
1083800 520.1
1083810 520.2
1083820 520.1
1083830 520.2
1083840 520.2
1083850 520.3
1083860 520.4
1083870 520.4
1083880 520.5
1083890 520.7
1083900 520.7
1083910 520.7
1083920 520.8
1083930 520.8
1083940 520.9
1083950 521.0
1083960 521.0
1083970 521.1
1083980 521.3
1083990 521.3
1084000 521.6
1084010 521.6
1084020 521.6
1084030 521.6
1084040 521.7
1084050 521.7
1084060 521.8
1084070 522.2
1084080 522.4
1084090 522.4
1084100 522.3
1084110 522.5
1084120 522.5
1084130 522.8
1084140 522.9
1084150 522.9
1084160 523.1
1084170 523.3
1084180 523.3
1084190 523.3
1084200 523.5
1084210 523.5
1084220 523.6
1084230 523.8
1084240 523.8
1084250 523.9
1084260 524.1
1084270 524.1
1084280 524.2
1084290 524.3
1084300 524.3
1084310 524.4
1084320 524.5
1084330 524.7
1084340 524.7
1084350 524.9
1084360 525.0
1084370 525.0
1084380 525.1
1084390 525.4
1084400 525.3
1084410 525.5
1084420 525.7
1084430 525.7
1084440 525.8
1084450 526.0
1084460 526.0
1084470 526.1
1084480 526.1
1084490 526.1
1084500 526.0
1084510 526.2
1084520 526.2
1084530 526.5
1084540 526.5
1084550 526.5
1084560 526.6
1084570 526.8
1084580 526.9
1084590 526.9
1084600 527.1
1084610 527.4
1084620 527.4
1084630 527.5
1084640 527.6
1084650 527.6
1084660 527.7
1084670 527.9
1084680 527.9
1084690 528.0
1084700 528.0
1084710 528.1
1084720 528.3
1084730 528.3
1084740 528.3
1084750 528.4
1084760 528.7
1084770 528.7
1084780 528.8
1084790 528.8
1084800 528.8
1084810 529.0
1084820 529.1
1084830 529.2
1084840 529.2
1084850 529.3
1084860 529.5
1084870 529.5
1084880 529.6
1084890 529.7
1084900 529.7
1084910 529.9
1084920 530.1
1084930 530.1
1084940 530.4
1084950 530.3
1084960 530.3
1084970 530.4
1084980 530.6
1084990 530.6
1085000 530.6
1085010 530.7
1085020 530.7
1085030 530.9
1085040 531.1
1085050 531.1
1085060 531.1
1085070 531.2
1085080 531.5
1085090 531.5
1085100 531.6
1085110 531.8
1085120 531.8
1085130 532.1
1085140 532.3
1085150 532.3
1085160 532.3
1085170 532.7
1085180 532.7
1085190 532.8
1085200 532.8
1085210 532.8
1085220 533.3
1085230 533.4
1085240 533.4
1085250 533.3
1085260 533.7
1085270 533.7
1085280 533.8
1085290 534.1
1085300 534.1
1085310 534.1
1085320 534.2
1085330 534.3
1085340 534.3
1085350 534.5
1085360 534.4
1085370 534.4
1085380 534.6
1085390 534.9
1085400 534.9
1085410 534.8
1085420 535.0
1085430 535.0
1085440 535.1
1085450 535.3
1085460 535.3
1085470 535.8
1085480 535.7
1085490 535.7
1085500 536.0
1085510 536.0
1085520 536.0
1085530 536.0
1085540 535.8
1085550 535.8
1085560 536.1
1085570 536.3
1085580 536.3
1085590 536.2
1085600 536.3
1085610 536.6
1085620 536.6
1085630 536.8
1085640 536.8
1085650 536.8
1085660 536.9
1085670 537.1
1085680 537.1
1085690 537.2
1085700 537.3
1085710 537.3
1085720 537.4
1085730 537.6
1085740 537.6
1085750 537.7
1085760 537.9
1085770 537.9
1085780 538.0
1085790 538.3
1085800 538.3
1085810 538.5
1085820 538.3
1085830 538.3
1085840 538.3
1085850 538.4
1085860 538.3
1085870 538.3
1085880 538.3
1085890 538.4
1085900 538.4
1085910 538.5
1085920 538.6
1085930 538.6
1085940 538.7
1085950 538.8
1085960 538.8
1085970 538.9
1085980 538.9
1085990 539.1
1086000 539.2
1086010 539.3
1086020 539.3
1086030 539.5
1086040 539.7
1086050 539.7
1086060 539.7
1086070 539.9
1086080 539.9
1086090 540.1
1086100 540.2
1086110 540.4
1086120 540.4
1086130 540.6
1086140 540.7
1086150 540.7
1086160 540.9
1086170 541.0
1086180 541.0
1086190 541.1
1086200 541.3
1086210 541.3
1086220 541.5
1086230 541.5
1086240 541.5
1086250 541.7
1086260 541.8
1086270 541.8
1086280 541.9
1086290 542.0
1086300 542.0
1086310 542.1
1086320 542.2
1086330 542.2
1086340 542.3
1086350 542.4
1086360 542.5
1086370 542.5
1086380 542.7
1086390 542.7
1086400 542.7
1086410 542.9
1086420 543.0
1086430 543.0
1086440 543.3
1086450 543.3
1086460 543.3
1086470 543.4
1086480 543.5
1086490 543.5
1086500 543.5
1086510 543.6
1086520 543.6
1086530 543.7
1086540 543.9
1086550 543.9
1086560 544.0
1086570 544.2
1086580 544.2
1086590 544.3
1086600 544.5
1086610 544.6
1086620 544.6
1086630 544.8
1086640 544.9
1086650 544.9
1086660 545.0
1086670 545.2
1086680 545.2
1086690 545.4
1086700 545.5
1086710 545.5
1086720 545.7
1086730 545.9
1086740 545.9
1086750 546.4
1086760 546.9
1086770 546.9
1086780 547.2
1086790 547.4
1086800 547.4
1086810 547.3
1086820 547.3
1086830 547.3
1086840 547.2
1086850 547.1
1086860 547.4
1086870 547.4
1086880 547.7
1086890 547.9
1086900 547.9
1086910 547.9
1086920 548.2
1086930 548.2
1086940 547.8
1086950 547.8
1086960 547.8
1086970 547.9
1086980 548.0
1086990 548.0
1087000 547.6
1087010 547.3
1087020 547.3
1087030 547.2
1087040 547.0
1087050 547.0
1087060 547.6
1087070 549.5
1087080 549.5
1087090 549.9
1087100 549.8
1087110 549.8
1087120 549.8
1087130 549.6
1087140 549.2
1087150 549.2
1087160 548.9
1087170 548.8
1087180 548.8
1087190 548.4
1087200 546.5
1087210 546.5
1087220 545.8
1087230 546.6
1087240 546.6
1087250 548.8
1087260 550.3
1087270 550.3
1087280 551.4
1087290 551.7
1087300 551.7
1087310 552.6
1087320 553.1
1087330 553.1
1087340 553.2
1087350 553.3
1087360 553.3
1087370 553.3
1087380 553.2
1087390 553.7
1087400 553.7
1087410 553.6
1087420 553.4
1087430 553.4
1087440 552.6
1087450 552.3
1087460 552.3
1087470 552.2
1087480 552.3
1087490 552.3
1087500 552.2
1087510 552.2
1087520 552.2
1087530 552.0
1087540 551.9
1087550 551.9
1087560 551.9
1087570 551.8
1087580 551.8
1087590 551.4
1087600 551.4
1087610 551.4
1087620 551.4
1087630 551.5
1087640 551.5
1087650 551.5
1087660 551.6
1087670 552.0
1087680 552.0
1087690 552.1
1087700 551.8
1087710 551.8
1087720 551.5
1087730 551.7
1087740 551.7
1087750 551.7
1087760 551.6
1087770 551.6
1087780 551.4
1087790 551.4
1087800 551.4
1087810 551.5
1087820 551.6
1087830 551.6
1087840 551.7
1087850 551.8
1087860 551.8
1087870 551.9
1087880 551.9
1087890 551.9
1087900 551.9
1087910 551.6
1087920 551.7
1087930 551.7
1087940 551.8
1087950 552.0
1087960 552.0
1087970 552.1
1087980 552.1
1087990 552.1
1088000 552.3
1088010 552.4
1088020 552.4
1088030 552.6
1088040 552.8
1088050 552.8
1088060 552.5
1088070 552.4
1088080 552.4
1088090 552.4
1088100 552.5
1088110 552.5
1088120 552.6
1088130 552.6
1088140 552.6
1088150 552.6
1088160 552.5
1088170 552.5
1088180 552.5
1088190 552.4
1088200 552.3
1088210 552.3
1088220 552.3
1088230 552.4
1088240 552.4
1088250 552.8
1088260 552.6
1088270 552.6
1088280 552.4
1088290 552.2
1088300 552.2
1088310 552.1
1088320 552.4
1088330 552.4
1088340 552.5
1088350 552.5
1088360 552.5
1088370 552.5
1088380 552.7
1088390 552.6
1088400 552.6
1088410 552.1
1088420 552.0
1088430 552.0
1088440 552.0
1088450 552.2
1088460 552.2
1088470 552.2
1088480 551.9
1088490 551.9
1088500 551.8
1088510 551.9
1088520 551.9
1088530 552.1
1088540 552.3
1088550 552.2
1088560 552.1
1088570 552.3
1088580 552.3
1088590 553.1
1088600 552.3
1088610 552.3
1088620 551.9
1088630 551.9
1088640 552.0
1088650 552.0
1088660 551.9
1088670 551.8
1088680 551.8
1088690 551.8
1088700 551.9
1088710 551.9
1088720 551.8
1088730 551.8
1088740 551.8
1088750 552.0
1088760 552.0
1088770 552.0
1088780 551.8
1088790 551.8
1088800 551.8
1088810 551.9
1088820 551.9
1088830 551.9
1088840 551.9
1088850 551.9
1088860 551.9
1088870 551.7
1088880 551.6
1088890 551.7
1088900 551.7
1088910 551.4
1088920 551.4
1088930 551.4
1088940 551.6
1088950 550.9
1088960 550.9
1088970 550.6
1088980 550.4
1088990 550.4
1089000 550.2
1089010 550.2
1089020 550.2
1089030 550.3
1089040 550.5
1089050 550.5
1089060 550.7
1089070 550.6
1089080 550.6
1089090 550.5
1089100 550.4
1089110 550.4
1089120 550.4
1089130 550.6
1089140 550.4
1089150 550.4
1089160 550.4
1089170 550.4
1089180 550.4
1089190 550.5
1089200 550.7
1089210 550.7
1089220 550.0
1089230 549.8
1089240 549.8
1089250 549.7
1089260 549.6
1089270 549.6
1089280 549.6
1089290 549.7
1089300 549.7
1089310 549.9
1089320 549.9
1089330 549.9
1089340 549.7
1089350 549.5
1089360 549.5
1089370 549.4
1089380 549.4
1089390 549.0
1089400 549.0
1089410 549.4
1089420 550.0
1089430 550.0
1089440 550.0
1089450 550.0
1089460 550.0
1089470 549.9
1089480 550.8
1089490 550.8
1089500 551.3
1089510 550.8
1089520 550.8
1089530 550.5
1089540 550.9
1089550 550.9
1089560 551.1
1089570 552.8
1089580 552.8
1089590 556.9
1089600 561.9
1089610 561.9
1089620 565.2
1089630 570.7
1089640 575.7
1089650 575.7
1089660 577.7
1089670 579.2
1089680 579.2
1089690 581.4
1089700 584.2
1089710 584.2
1089720 586.5
1089730 588.4
1089740 588.4
1089750 589.5
1089760 590.9
1089770 590.9
1089780 591.4
1089790 592.2
1089800 592.2
1089810 593.3
1089820 594.4
1089830 593.7
1089840 595.1
1089850 596.2
1089860 596.2
1089870 597.5
1089880 599.6
1089890 602.5
1089900 602.5
1089910 605.8
1089920 609.5
1089930 609.5
1089940 613.5
1089950 617.9
1089960 617.9
1089970 621.9
1089980 626.5
1089990 626.5
1090000 631.1
1090010 635.1
1090020 635.1
1090030 638.5
1090040 642.1
1090050 642.1
1090060 647.1
1090070 653.4
1090080 653.4
1090090 659.7
1090100 666.0
1090110 666.0
1090120 671.3
1090130 676.4
1090140 676.4
1090150 680.2
1090160 684.9
1090170 689.0
1090180 689.0
1090190 693.0
1090200 696.0
1090210 696.0
1090220 699.1
1090230 701.8
1090240 701.8
1090250 703.5
1090260 705.9
1090270 705.9
1090280 708.7
1090290 711.5
1090300 711.5
1090310 714.6
1090320 716.7
1090330 716.7
1090340 718.2
1090350 719.2
1090360 719.2
1090370 720.8
1090380 722.7
1090390 722.7
1090400 725.3
1090410 728.5
1090420 732.2
1090430 732.2
1090440 736.1
1090450 739.9
1090460 739.9
1090470 742.9
1090480 742.6
1090490 742.6
1090500 745.1
1090510 747.7
1090520 747.7
1090530 750.4
1090540 752.7
1090550 752.7
1090560 754.5
1090570 755.5
1090580 755.5
1090590 757.3
1090600 760.5
1090610 760.5
1090620 763.6
1090630 767.5
1090640 767.5
1090650 771.2
1090660 774.7
1090670 778.0
1090680 778.0
1090690 781.6
1090700 785.0
1090710 785.0
1090720 788.1
1090730 791.0
1090740 791.0
1090750 794.8
1090760 796.9
1090770 796.9
1090780 799.5
1090790 802.8
1090800 803.0
1090810 807.5
1090820 811.7
1090830 811.7
1090840 814.5
1090850 817.2
1090860 817.2
1090870 819.7
1090880 822.1
1090890 822.1
1090900 826.8
1090910 830.3
1090920 834.3
1090930 834.3
1090940 838.6
1090950 842.8
1090960 842.8
1090970 848.0
1090980 853.1
1090990 853.1
1091000 858.5
1091010 862.8
1091020 862.8
1091030 867.8
1091040 872.3
1091050 872.3
1091060 875.9
1091070 879.5
1091080 879.5
1091090 882.8
1091100 885.6
1091110 885.6
1091120 886.8
1091130 891.0
1091140 891.0
1091150 895.0
1091160 899.5
1091170 904.5
1091180 904.5
1091190 908.4
1091200 911.6
1091210 911.6
1091220 916.3
1091230 920.3
1091240 920.3
1091250 923.7
1091260 927.2
1091270 927.2
1091280 930.1
1091290 932.6
1091300 932.6
1091310 935.2
1091320 937.5
1091330 937.5
1091340 940.5
1091350 944.6
1091360 944.6
1091370 947.6
1091380 948.7
1091390 948.7
1091400 951.5
1091410 954.4
1091420 956.6
1091430 956.6
1091440 959.2
1091450 959.3
1091460 959.3
1091470 961.1
1091480 963.0
1091490 963.0
1091500 965.1
1091510 967.7
1091520 967.7
1091530 970.8
1091540 974.2
1091550 974.2
1091560 976.2
1091570 978.2
1091580 978.2
1091590 980.4
1091600 982.7
1091610 982.7
1091620 984.3
1091630 985.5
1091640 985.5
1091650 987.2
1091660 989.5
1091670 991.9
1091680 991.9
1091690 994.5
1091700 997.3
1091710 997.3
1091720 999.8
1091730 1001.8
1091740 1001.8
1091750 1003.3
1091760 1005.0
1091770 1004.6
1091780 1006.4
1091790 1008.9
1091800 1008.9
1091810 1011.7
1091820 1014.4
1091830 1014.4
1091840 1018.2
1091850 1023.2
1091860 1023.2
1091870 1028.3
1091880 1033.4
1091890 1033.4
1091900 1038.5
1091910 1043.4
1091920 1048.0
1091930 1048.0
1091940 1052.0
1091950 1056.7
1091960 1056.7
1091970 1060.8
1091980 1064.8
1091990 1064.8
1092000 1067.8
1092010 1070.5
1092020 1070.5
1092030 1074.0
1092040 1075.9
1092050 1075.9
1092060 1078.3
1092070 1080.7
1092080 1080.7
1092090 1081.8
1092100 1084.1
1092110 1084.1
1092120 1088.3
1092130 1092.0
1092140 1092.0
1092150 1094.3
1092160 1097.3
1092170 1100.9
1092180 1100.9
1092190 1105.0
1092200 1109.4
1092210 1109.4
1092220 1113.7
1092230 1118.1
1092240 1118.1
1092250 1122.3
1092260 1126.6
1092270 1126.6
1092280 1131.9
1092290 1137.9
1092300 1137.9
1092310 1144.5
1092320 1150.8
1092330 1150.8
1092340 1156.6
1092350 1162.6
1092360 1162.6
1092370 1168.6
1092380 1175.1
1092390 1175.1
1092400 1181.7
1092410 1188.0
1092420 1194.5
1092430 1194.5
1092440 1200.6
1092450 1206.6
1092460 1206.6
1092470 1212.4
1092480 1218.8
1092490 1218.8
1092500 1224.4
1092510 1229.5
1092520 1229.5
1092530 1233.3
1092540 1237.3
1092550 1237.3
1092560 1242.4
1092570 1247.5
1092580 1247.5
1092590 1252.4
1092600 1259.4
1092610 1259.4
1092620 1266.8
1092630 1274.5
1092640 1274.5
1092650 1283.3
1092660 1291.8
1092670 1291.8
1092680 1297.7
1092690 1302.0
1092700 1306.2
1092710 1306.2
1092720 1311.2
1092730 1315.8
1092740 1314.9
1092750 1320.1
1092760 1325.6
1092770 1325.6
1092780 1329.7
1092790 1333.5
1092800 1333.5
1092810 1337.7
1092820 1343.8
1092830 1343.8
1092840 1352.6
1092850 1359.2
1092860 1359.2
1092870 1365.7
1092880 1371.0
1092890 1371.0
1092900 1376.4
1092910 1383.5
1092920 1383.5
1092930 1389.0
1092940 1393.8
1092950 1397.8
1092960 1397.8
1092970 1401.5
1092980 1405.1
1092990 1405.1
1093000 1408.6
1093010 1413.0
1093020 1413.0
1093030 1418.1
1093040 1423.5
1093050 1423.5
1093060 1428.8
1093070 1434.4
1093080 1434.4
1093090 1440.2
1093100 1446.7
1093110 1446.7
1093120 1453.8
1093130 1461.4
1093140 1461.4
1093150 1466.8
1093160 1471.7
1093170 1471.7
1093180 1476.5
1093190 1481.1
1093200 1485.2
1093210 1485.2
1093220 1489.2
1093230 1492.3
1093240 1492.3
1093250 1494.3
1093260 1496.9
1093270 1496.9
1093280 1500.3
1093290 1504.2
1093300 1504.2
1093310 1508.4
1093320 1515.1
1093330 1515.1
1093340 1522.3
1093350 1528.2
1093360 1528.2
1093370 1533.8
1093380 1539.4
1093390 1535.5
1093400 1542.5
1093410 1549.8
1093420 1549.8
1093430 1557.6
1093440 1565.3
1093450 1570.4
1093460 1570.4
1093470 1572.8
1093480 1573.6
1093490 1573.6
1093500 1574.6
1093510 1576.2
1093520 1576.2
1093530 1577.8
1093540 1579.9
1093550 1579.9
1093560 1581.5
1093570 1585.2
1093580 1585.2
1093590 1590.4
1093600 1594.5
1093610 1594.5
1093620 1597.3
1093630 1600.9
1093640 1600.9
1093650 1604.6
1093660 1609.8
1093670 1609.8
1093680 1615.4
1093690 1626.0
1093700 1633.1
1093710 1633.1
1093720 1631.8
1093730 1640.2
1093740 1640.2
1093750 1648.3
1093760 1654.7
1093770 1654.7
1093780 1658.6
1093790 1659.8
1093800 1659.8
1093810 1658.2
1093820 1667.8
1093830 1667.8
1093840 1680.2
1093850 1684.3
1093860 1684.3
1093870 1686.6
1093880 1690.7
1093890 1690.7
1093900 1697.3
1093910 1704.5
1093920 1704.5
1093930 1714.7
1093940 1721.9
1093950 1725.3
1093960 1725.3
1093970 1725.0
1093980 1729.1
1093990 1729.1
1094000 1735.0
1094010 1740.4
1094020 1740.4
1094030 1746.8
1094040 1743.1
1094050 1743.1
1094060 1749.6
1094070 1757.1
1094080 1757.1
1094090 1765.5
1094100 1773.4
1094110 1773.4
1094120 1781.5
1094130 1789.0
1094140 1789.0
1094150 1796.6
1094160 1804.4
1094170 1804.4
1094180 1812.5
1094190 1820.0
1094200 1826.7
1094210 1826.7
1094220 1831.2
1094230 1834.0
1094240 1834.0
1094250 1835.1
1094260 1836.7
1094270 1836.7
1094280 1839.2
1094290 1842.1
1094300 1842.1
1094310 1846.1
1094320 1849.8
1094330 1849.8
1094340 1853.0
1094350 1856.9
1094360 1856.9
1094370 1857.8
1094380 1862.3
1094390 1862.3
1094400 1867.1
1094410 1872.1
1094420 1872.1
1094430 1877.1
1094440 1882.5
1094450 1887.8
1094460 1887.8
1094470 1892.9
1094480 1898.2
1094490 1898.2
1094500 1903.5
1094510 1909.2
1094520 1909.2
1094530 1914.5
1094540 1919.9
1094550 1919.9
1094560 1925.6
1094570 1931.5
1094580 1931.5
1094590 1937.3
1094600 1943.2
1094610 1943.2
1094620 1949.0
1094630 1954.3
1094640 1954.3
1094650 1960.3
1094660 1965.0
1094670 1965.0
1094680 1968.8
1094690 1969.7
1094700 1962.0
1094710 1962.0
1094720 1954.1
1094730 1946.2
1094740 1946.2
1094750 1937.8
1094760 1930.1
1094770 1930.1
1094780 1922.0
1094790 1913.4
1094800 1913.4
1094810 1905.4
1094820 1897.9
1094830 1897.9
1094840 1890.4
1094850 1883.7
1094860 1883.7
1094870 1877.9
1094880 1872.0
1094890 1872.0
1094900 1866.3
1094910 1861.0
1094920 1861.0
1094930 1856.5
1094940 1853.0
1094950 1850.2
1094960 1850.2
1094970 1846.8
1094980 1843.1
1094990 1843.1
1095000 1839.6
1095010 1836.3
1095020 1841.2
1095030 1839.0
1095040 1838.3
1095050 1838.3
1095060 1840.0
1095070 1841.5
1095080 1841.5
1095090 1844.4
1095100 1842.9
1095110 1842.9
1095120 1841.4
1095130 1840.6
1095140 1840.6
1095150 1843.9
1095160 1848.2
1095170 1848.2
1095180 1858.0
1095190 1861.3
1095200 1865.5
1095210 1865.5
1095220 1872.1
1095230 1876.6
1095240 1876.6
1095250 1879.7
1095260 1883.9
1095270 1883.9
1095280 1886.8
1095290 1889.6
1095300 1889.6
1095310 1892.0
1095320 1893.5
1095330 1893.5
1095340 1896.3
1095350 1891.6
1095360 1891.6
1095370 1887.5
1095380 1883.5
1095390 1883.5
1095400 1881.4
1095410 1878.7
1095420 1878.7
1095430 1876.2
1095440 1874.2
1095450 1874.2
1095460 1871.4
1095470 1868.6
1095480 1865.2
1095490 1865.2
1095500 1862.0
1095510 1855.6
1095520 1855.6
1095530 1849.3
1095540 1844.0
1095550 1844.0
1095560 1840.0
1095570 1835.9
1095580 1835.9
1095590 1832.9
1095600 1830.6
1095610 1830.6
1095620 1826.7
1095630 1825.3
1095640 1825.3
1095650 1824.1
1095660 1820.1
1095670 1818.5
1095680 1815.4
1095690 1813.6
1095700 1813.6
1095710 1810.7
1095720 1807.3
1095730 1803.9
1095740 1803.9
1095750 1797.4
1095760 1791.9
1095770 1791.9
1095780 1785.0
1095790 1781.3
1095800 1781.3
1095810 1779.3
1095820 1779.0
1095830 1779.0
1095840 1778.3
1095850 1777.9
1095860 1777.9
1095870 1776.5
1095880 1773.6
1095890 1773.6
1095900 1770.1
1095910 1767.5
1095920 1767.5
1095930 1766.1
1095940 1764.1
1095950 1764.1
1095960 1764.0
1095970 1764.2
1095980 1762.0
1095990 1762.0
1096000 1762.3
1096010 1762.8
1096020 1762.8
1096030 1763.2
1096040 1761.3
1096050 1761.3
1096060 1758.1
1096070 1756.4
1096080 1756.4
1096090 1752.1
1096100 1746.4
1096110 1746.4
1096120 1744.9
1096130 1744.3
1096140 1744.3
1096150 1741.0
1096160 1736.1
1096170 1736.1
1096180 1730.2
1096190 1725.4
1096200 1725.4
1096210 1719.4
1096220 1714.8
1096230 1710.9
1096240 1710.9
1096250 1707.7
1096260 1706.7
1096270 1706.7
1096280 1706.6
1096290 1707.7
1096300 1707.7
1096310 1708.8
1096320 1707.4
1096330 1707.0
1096340 1706.8
1096350 1706.2
1096360 1706.2
1096370 1706.0
1096380 1704.3
1096390 1704.3
1096400 1702.4
1096410 1700.6
1096420 1700.6
1096430 1697.7
1096440 1694.5
1096450 1694.5
1096460 1689.3
1096470 1684.7
1096480 1681.6
1096490 1681.6
1096500 1679.5
1096510 1679.1
1096520 1679.1
1096530 1677.7
1096540 1677.0
1096550 1677.0
1096560 1677.6
1096570 1679.1
1096580 1679.1
1096590 1678.8
1096600 1680.7
1096610 1680.7
1096620 1682.0
1096630 1683.1
1096640 1683.1
1096650 1688.4
1096660 1690.9
1096670 1690.9
1096680 1693.6
1096690 1696.1
1096700 1696.1
1096710 1698.7
1096720 1700.2
1096730 1701.3
1096740 1701.3
1096750 1701.3
1096760 1701.8
1096770 1701.8
1096780 1702.4
1096790 1703.1
1096800 1703.1
1096810 1703.3
1096820 1702.0
1096830 1702.0
1096840 1699.9
1096850 1698.3
1096860 1698.3
1096870 1697.7
1096880 1697.7
1096890 1697.7
1096900 1698.0
1096910 1698.9
1096920 1698.9
1096930 1700.8
1096940 1703.9
1096950 1703.9
1096960 1706.5
1096970 1708.2
1096980 1709.6
1096990 1709.6
1097000 1703.1
1097010 1696.7
1097020 1696.7
1097030 1690.0
1097040 1682.9
1097050 1682.9
1097060 1676.4
1097070 1671.1
1097080 1671.1
1097090 1665.6
1097100 1659.3
1097110 1659.3
1097120 1652.0
1097130 1644.6
1097140 1644.6
1097150 1638.2
1097160 1632.8
1097170 1632.8
1097180 1628.2
1097190 1623.6
1097200 1623.6
1097210 1620.2
1097220 1617.2
1097230 1614.4
1097240 1614.4
1097250 1611.0
1097260 1607.9
1097270 1607.9
1097280 1605.2
1097290 1602.2
1097300 1602.2
1097310 1599.0
1097320 1595.8
1097330 1595.8
1097340 1592.3
1097350 1588.4
1097360 1588.4
1097370 1582.7
1097380 1575.5
1097390 1575.5
1097400 1568.2
1097410 1560.8
1097420 1560.8
1097430 1553.8
1097440 1548.7
1097450 1548.7
1097460 1547.3
1097470 1540.3
1097480 1530.1
1097490 1530.1
1097500 1518.3
1097510 1514.2
1097520 1514.2
1097530 1513.3
1097540 1515.9
1097550 1515.9
1097560 1516.7
1097570 1514.5
1097580 1514.5
1097590 1509.9
1097600 1504.0
1097610 1504.0
1097620 1492.8
1097630 1481.0
1097640 1491.1
1097650 1475.9
1097660 1456.3
1097670 1456.3
1097680 1441.4
1097690 1430.4
1097700 1430.4
1097710 1420.3
1097720 1412.1
1097730 1410.0
1097740 1410.0
1097750 1406.3
1097760 1394.9
1097770 1394.9
1097780 1384.1
1097790 1376.8
1097800 1376.8
1097810 1369.7
1097820 1363.1
1097830 1363.1
1097840 1360.8
1097850 1361.1
1097860 1361.1
1097870 1359.9
1097880 1356.4
1097890 1356.4
1097900 1364.4
1097910 1395.1
1097920 1395.1
1097930 1413.5
1097940 1425.4
1097950 1425.4
1097960 1428.2
1097970 1434.7
1097980 1432.6
1097990 1432.6
1098000 1429.3
1098010 1426.8
1098020 1426.8
1098030 1420.8
1098040 1410.7
1098050 1410.7
1098060 1391.7
1098070 1371.8
1098080 1371.8
1098090 1355.4
1098100 1345.2
1098110 1345.2
1098120 1340.6
1098130 1344.6
1098140 1344.6
1098150 1353.6
1098160 1352.4
1098170 1352.4
1098180 1344.8
1098190 1337.2
1098200 1337.2
1098210 1327.8
1098220 1321.5
1098230 1321.5
1098240 1315.8
1098250 1316.9
1098260 1312.7
1098270 1312.7
1098280 1307.1
1098290 1302.6
1098300 1319.8
1098310 1315.2
1098320 1310.6
1098330 1310.6
1098340 1304.2
1098350 1295.5
1098360 1295.5
1098370 1285.9
1098380 1280.5
1098390 1280.5
1098400 1276.8
1098410 1272.6
1098420 1272.6
1098430 1263.4
1098440 1250.0
1098450 1250.0
1098460 1238.8
1098470 1230.4
1098480 1230.4
1098490 1224.8
1098500 1221.9
1098510 1218.0
1098520 1218.0
1098530 1213.6
1098540 1209.7
1098550 1209.7
1098560 1206.5
1098570 1202.8
1098580 1202.8
1098590 1199.9
1098600 1197.1
1098610 1197.1
1098620 1194.6
1098630 1200.6
1098640 1200.6
1098650 1200.6
1098660 1204.4
1098670 1204.4
1098680 1209.6
1098690 1211.8
1098700 1211.8
1098710 1213.5
1098720 1211.7
1098730 1211.7
1098740 1208.6
1098750 1205.0
1098760 1204.1
1098770 1204.1
1098780 1203.8
1098790 1205.4
1098800 1205.4
1098810 1205.8
1098820 1201.5
1098830 1201.5
1098840 1193.2
1098850 1182.1
1098860 1182.1
1098870 1175.6
1098880 1177.5
1098890 1177.5
1098900 1179.5
1098910 1180.1
1098920 1180.1
1098930 1176.2
1098940 1169.8
1098950 1178.7
1098960 1171.6
1098970 1165.7
1098980 1165.7
1098990 1161.0
1099000 1154.6
1099010 1142.3
1099020 1142.3
1099030 1118.3
1099040 1095.1
1099050 1095.1
1099060 1076.3
1099070 1058.6
1099080 1058.6
1099090 1042.1
1099100 1028.7
1099110 1028.7
1099120 1013.1
1099130 1009.3
1099140 1009.3
1099150 1016.0
1099160 1024.0
1099170 1024.0
1099180 1033.9
1099190 1039.2
1099200 1039.2
1099210 1042.0
1099220 1044.0
1099230 1044.0
1099240 1044.1
1099250 1043.7
1099260 1042.6
1099270 1042.6
1099280 1046.5
1099290 1051.1
1099300 1051.1
1099310 1053.9
1099320 1056.9
1099330 1056.9
1099340 1058.9
1099350 1059.5
1099360 1059.5
1099370 1058.7
1099380 1056.1
1099390 1056.1
1099400 1055.1
1099410 1054.2
1099420 1054.2
1099430 1052.4
1099440 1050.9
1099450 1050.9
1099460 1049.3
1099470 1047.0
1099480 1047.0
1099490 1045.6
1099500 1044.3
1099510 1044.7
1099520 1044.7
1099530 1046.0
1099540 1046.4
1099550 1046.4
1099560 1048.8
1099570 1051.8
1099580 1051.8
1099590 1047.6
1099600 1038.1
1099610 1046.2
1099620 1046.0
1099630 1050.0
1099640 1050.0
1099650 1052.4
1099660 1043.4
1099670 1043.4
1099680 1038.6
1099690 1040.4
1099700 1040.4
1099710 1038.9
1099720 1034.0
1099730 1034.0
1099740 1031.8
1099750 1028.4
1099760 1027.9
1099770 1027.9
1099780 1029.6
1099790 1030.9
1099800 1030.9
1099810 1033.2
1099820 1035.6
1099830 1035.6
1099840 1036.2
1099850 1036.7
1099860 1036.7
1099870 1037.2
1099880 1035.0
1099890 1035.0
1099900 1035.0
1099910 1034.9
1099920 1034.9
1099930 1035.3
1099940 1041.4
1099950 1041.4
1099960 1040.2
1099970 1040.0
1099980 1040.0
1099990 1039.9
