1080000 506.9
1080010 506.8
1080020 506.8
1080030 506.6
1080040 506.5
1080050 506.5
1080060 506.4
1080070 506.3
1080080 506.3
1080090 506.3
1080100 506.2
1080110 506.2
1080120 506.2
1080130 506.2
1080140 506.2
1080150 506.1
1080160 506.1
1080170 506.1
1080180 506.1
1080190 506.1
1080200 506.1
1080210 506.1
1080220 506.2
1080230 505.1
1080240 505.1
1080250 506.0
1080260 506.8
1080270 507.4
1080280 507.4
1080290 507.5
1080300 507.5
1080310 507.4
1080320 507.2
1080330 507.2
1080340 507.2
1080350 507.4
1080360 507.4
1080370 507.6
1080380 507.8
1080390 507.8
1080400 507.9
1080410 507.9
1080420 508.0
1080430 508.0
1080440 508.2
1080450 507.5
1080460 507.5
1080470 507.2
1080480 507.0
1080490 507.0
1080500 506.9
1080510 507.0
1080520 507.0
1080530 507.0
1080540 507.2
1080550 507.2
1080560 507.5
1080570 507.7
1080580 507.2
1080590 507.5
1080600 507.7
1080610 507.7
1080620 507.4
1080630 506.7
1080640 506.7
1080650 505.2
1080660 502.7
1080670 501.4
1080680 501.4
1080690 501.3
1080700 501.6
1080710 501.6
1080720 502.4
1080730 502.3
1080740 502.3
1080750 502.3
1080760 502.7
1080770 502.7
1080780 503.0
1080790 503.1
1080800 503.1
1080810 503.4
1080820 503.6
1080830 503.6
1080840 503.6
1080850 503.7
1080860 503.7
1080870 503.7
1080880 503.6
1080890 503.6
1080900 503.8
1080910 503.6
1080920 503.4
1080930 503.4
1080940 504.0
1080950 505.0
1080960 505.0
1080970 505.2
1080980 505.3
1080990 505.3
1081000 505.2
1081010 505.2
1081020 505.2
1081030 505.0
1081040 504.8
1081050 504.8
1081060 504.9
1081070 504.7
1081080 504.7
1081090 504.6
1081100 504.5
1081110 504.5
1081120 504.5
1081130 504.7
1081140 504.7
1081150 505.0
1081160 504.8
1081170 504.3
1081180 504.3
1081190 504.2
1081200 504.1
1081210 504.5
1081220 504.4
1081230 504.3
1081240 504.3
1081250 504.4
1081260 504.9
1081270 504.9
1081280 505.1
1081290 502.2
1081300 502.2
1081310 500.3
1081320 500.1
1081330 500.1
1081340 500.3
1081350 502.8
1081360 502.8
1081370 504.2
1081380 504.6
1081390 504.6
1081400 505.5
1081410 505.2
1081420 505.5
1081430 505.5
1081440 504.9
1081450 505.0
1081460 505.0
1081470 505.3
1081480 505.6
1081490 505.6
1081500 505.7
1081510 506.0
1081520 506.0
1081530 505.3
1081540 503.9
1081550 503.9
1081560 504.6
1081570 505.1
1081580 505.1
1081590 505.7
1081600 506.3
1081610 506.3
1081620 506.7
1081630 506.9
1081640 506.9
1081650 507.2
1081660 507.9
1081670 507.7
1081680 507.7
1081690 505.4
1081700 504.8
1081710 504.8
1081720 505.1
1081730 508.8
1081740 508.8
1081750 513.0
1081760 513.1
1081770 513.1
1081780 508.4
1081790 504.6
1081800 504.6
1081810 504.0
1081820 504.0
1081830 504.0
1081840 504.1
1081850 504.2
1081860 504.2
1081870 504.0
1081880 503.8
1081890 503.8
1081900 503.9
1081910 504.4
1081920 504.4
1081930 504.5
1081940 504.4
1081950 504.8
1081960 504.8
1081970 505.0
1081980 505.2
1081990 505.2
1082000 505.3
1082010 505.5
1082020 505.5
1082030 505.6
1082040 505.6
1082050 505.6
1082060 505.7
1082070 505.9
1082080 505.9
1082090 506.1
1082100 506.3
1082110 506.3
1082120 506.6
1082130 506.7
1082140 506.7
1082150 507.0
1082160 506.9
1082170 506.9
1082180 507.1
1082190 507.2
1082200 507.3
1082210 507.3
1082220 507.4
1082230 507.4
1082240 507.4
1082250 507.3
1082260 507.7
1082270 507.7
1082280 507.8
1082290 507.9
1082300 507.9
1082310 508.1
1082320 508.3
1082330 508.3
1082340 508.3
1082350 508.4
1082360 508.4
1082370 508.5
1082380 508.6
1082390 508.6
1082400 508.8
1082410 509.0
1082420 509.0
1082430 509.0
1082440 509.0
1082450 509.3
1082460 509.3
1082470 509.5
1082480 509.6
1082490 509.6
1082500 509.8
1082510 509.9
1082520 509.9
1082530 510.0
1082540 510.1
1082550 510.1
1082560 510.1
1082570 510.0
1082580 510.0
1082590 510.0
1082600 510.2
1082610 510.2
1082620 510.3
1082630 510.5
1082640 510.5
1082650 510.6
1082660 510.8
1082670 510.8
1082680 511.0
1082690 510.9
1082700 511.0
1082710 511.0
1082720 511.2
1082730 511.2
1082740 511.2
1082750 511.4
1082760 511.5
1082770 511.5
1082780 511.5
1082790 511.8
1082800 511.8
1082810 511.8
1082820 511.9
1082830 511.9
1082840 511.9
1082850 511.9
1082860 511.9
1082870 511.9
1082880 511.9
1082890 511.9
1082900 512.1
1082910 512.4
1082920 512.4
1082930 512.7
1082940 512.9
1082950 513.0
1082960 513.0
1082970 513.1
1082980 513.1
1082990 513.1
1083000 513.3
1083010 513.5
1083020 513.5
1083030 513.6
1083040 513.8
1083050 513.8
1083060 513.9
1083070 513.9
1083080 513.9
1083090 514.0
1083100 514.2
1083110 513.9
1083120 514.2
1083130 514.3
1083140 514.3
1083150 514.5
1083160 514.6
1083170 514.6
1083180 514.6
1083190 514.9
1083200 515.1
1083210 515.1
1083220 515.2
1083230 515.2
1083240 515.2
1083250 515.2
1083260 515.3
1083270 515.3
1083280 515.5
1083290 515.8
1083300 515.8
1083310 516.0
1083320 516.2
1083330 516.2
1083340 516.5
1083350 516.8
1083360 516.8
1083370 516.8
1083380 516.7
1083390 516.7
1083400 516.6
1083410 516.7
1083420 516.7
1083430 516.9
1083440 517.1
1083450 517.3
1083460 517.3
1083470 517.4
1083480 517.5
1083490 517.5
1083500 517.7
1083510 517.9
1083520 517.9
1083530 518.0
1083540 518.0
1083550 518.0
1083560 518.1
1083570 518.2
1083580 518.2
1083590 518.3
1083600 518.6
1083610 518.6
1083620 518.9
1083630 519.0
1083640 519.0
1083650 519.0
1083660 519.2
1083670 519.2
1083680 519.4
1083690 519.5
1083700 519.5
1083710 519.5
1083720 519.5
1083730 519.6
1083740 519.4
1083750 519.4
1083760 519.5
1083770 519.5
1083780 519.5
1083790 519.7
1083800 519.7
1083810 519.8
1083820 519.9
1083830 519.9
1083840 519.9
1083850 520.0
1083860 520.0
1083870 520.2
1083880 520.5
1083890 520.5
1083900 520.8
1083910 521.1
1083920 521.1
1083930 521.2
1083940 521.4
1083950 521.5
1083960 521.5
1083970 521.6
1083980 521.8
1083990 521.8
1084000 521.9
1084010 522.0
1084020 522.0
1084030 522.1
1084040 522.2
1084050 522.2
1084060 522.4
1084070 522.4
1084080 522.4
1084090 522.5
1084100 522.6
1084110 522.6
1084120 522.6
1084130 522.6
1084140 522.6
1084150 522.9
1084160 523.3
1084170 523.3
1084180 523.5
1084190 523.6
1084200 523.6
1084210 523.6
1084220 523.8
1084230 523.9
1084240 523.9
1084250 524.0
1084260 524.2
1084270 524.2
1084280 524.5
1084290 524.6
1084300 524.6
1084310 524.6
1084320 524.8
1084330 524.8
1084340 525.1
1084350 525.0
1084360 525.0
1084370 525.2
1084380 525.3
1084390 525.3
1084400 525.5
1084410 525.7
1084420 525.7
1084430 525.8
1084440 526.0
1084450 526.0
1084460 526.0
1084470 526.2
1084480 526.3
1084490 526.3
1084500 526.4
1084510 526.5
1084520 526.5
1084530 526.6
1084540 526.7
1084550 526.7
1084560 526.9
1084570 527.1
1084580 527.1
1084590 527.1
1084600 527.3
1084610 527.3
1084620 527.5
1084630 527.6
1084640 527.6
1084650 527.7
1084660 527.8
1084670 527.8
1084680 527.8
1084690 527.6
1084700 527.6
1084710 527.9
1084720 528.1
1084730 528.2
1084740 528.2
1084750 528.3
1084760 528.5
1084770 528.5
1084780 528.7
1084790 528.9
1084800 528.9
1084810 529.0
1084820 529.1
1084830 529.1
1084840 529.1
1084850 529.2
1084860 529.2
1084870 529.4
1084880 529.5
1084890 529.5
1084900 529.7
1084910 529.9
1084920 529.9
1084930 530.0
1084940 530.1
1084950 530.1
1084960 530.2
1084970 530.4
1084980 530.5
1084990 530.5
1085000 530.7
1085010 530.9
1085020 530.9
1085030 531.0
1085040 531.2
1085050 531.2
1085060 531.5
1085070 531.6
1085080 531.6
1085090 531.7
1085100 531.9
1085110 531.9
1085120 532.0
1085130 532.1
1085140 532.1
1085150 532.3
1085160 532.5
1085170 532.5
1085180 532.6
1085190 532.8
1085200 532.8
1085210 533.1
1085220 533.2
1085230 533.2
1085240 533.2
1085250 533.2
1085260 533.6
1085270 533.6
1085280 533.8
1085290 534.0
1085300 534.0
1085310 533.9
1085320 534.0
1085330 533.8
1085340 534.2
1085350 534.5
1085360 534.5
1085370 534.4
1085380 534.6
1085390 534.6
1085400 534.7
1085410 534.8
1085420 534.8
1085430 535.0
1085440 535.0
1085450 535.0
1085460 535.2
1085470 535.6
1085480 535.5
1085490 535.5
1085500 535.5
1085510 535.6
1085520 535.6
1085530 535.8
1085540 536.1
1085550 536.1
1085560 536.3
1085570 536.1
1085580 536.1
1085590 536.1
1085600 536.2
1085610 536.2
1085620 536.3
1085630 536.6
1085640 536.6
1085650 536.6
1085660 536.8
1085670 536.8
1085680 536.8
1085690 536.9
1085700 536.9
1085710 537.0
1085720 537.2
1085730 537.3
1085740 537.3
1085750 537.5
1085760 537.7
1085770 537.7
1085780 537.7
1085790 537.9
1085800 537.9
1085810 538.1
1085820 538.2
1085830 538.2
1085840 538.4
1085850 538.9
1085860 538.9
1085870 538.5
1085880 538.6
1085890 538.6
1085900 538.7
1085910 538.9
1085920 538.9
1085930 539.0
1085940 539.1
1085950 539.1
1085960 539.2
1085970 539.5
1085980 539.7
1085990 539.7
1086000 539.8
1086010 540.0
1086020 540.0
1086030 540.1
1086040 540.2
1086050 540.2
1086060 540.3
1086070 540.3
1086080 540.3
1086090 540.3
1086100 540.4
1086110 540.4
1086120 540.6
1086130 540.6
1086140 540.6
1086150 540.7
1086160 540.7
1086170 540.7
1086180 540.9
1086190 541.3
1086200 541.3
1086210 541.4
1086220 541.3
1086230 541.4
1086240 541.4
1086250 541.5
1086260 541.6
1086270 541.6
1086280 541.8
1086290 541.9
1086300 541.9
1086310 542.1
1086320 542.2
1086330 542.2
1086340 542.3
1086350 542.4
1086360 542.4
1086370 542.5
1086380 542.5
1086390 542.5
1086400 542.7
1086410 542.8
1086420 542.8
1086430 542.9
1086440 543.1
1086450 543.1
1086460 543.3
1086470 543.3
1086480 543.3
1086490 543.4
1086500 543.6
1086510 543.6
1086520 543.6
1086530 543.7
1086540 543.9
1086550 543.9
1086560 544.0
1086570 543.9
1086580 543.9
1086590 544.0
1086600 544.0
1086610 544.0
1086620 544.2
1086630 544.5
1086640 544.5
1086650 545.1
1086660 545.5
1086670 545.5
1086680 545.9
1086690 546.1
1086700 546.1
1086710 546.2
1086720 546.7
1086730 546.7
1086740 547.2
1086750 547.4
1086760 547.3
1086770 547.3
1086780 547.2
1086790 547.2
1086800 547.2
1086810 547.2
1086820 546.8
1086830 546.8
1086840 546.3
1086850 545.8
1086860 545.8
1086870 545.4
1086880 545.3
1086890 545.3
1086900 545.4
1086910 545.9
1086920 545.2
1086930 545.6
1086940 546.1
1086950 546.1
1086960 546.3
1086970 546.5
1086980 546.5
1086990 546.6
1087000 546.6
1087010 546.6
1087020 546.6
1087030 546.7
1087040 546.8
1087050 546.8
1087060 546.8
1087070 547.8
1087080 547.8
1087090 548.2
1087100 548.0
1087110 548.0
1087120 547.5
1087130 545.7
1087140 545.7
1087150 545.3
1087160 546.3
1087170 546.3
1087180 548.3
1087190 548.6
1087200 548.6
1087210 549.8
1087220 550.8
1087230 550.8
1087240 551.0
1087250 551.0
1087260 551.0
1087270 551.0
1087280 551.1
1087290 551.3
1087300 551.3
1087310 551.2
1087320 551.0
1087330 551.0
1087340 551.0
1087350 551.0
1087360 551.0
1087370 551.0
1087380 551.1
1087390 551.1
1087400 551.3
1087410 551.3
1087420 551.3
1087430 551.3
1087440 551.3
1087450 551.3
1087460 551.4
1087470 551.3
1087480 551.3
1087490 551.5
1087500 551.4
1087510 551.5
1087520 551.5
1087530 551.5
1087540 551.3
1087550 551.3
1087560 551.0
1087570 550.8
1087580 550.8
1087590 550.8
1087600 550.8
1087610 550.8
1087620 551.1
1087630 551.4
1087640 551.4
1087650 551.4
1087660 550.9
1087670 550.9
1087680 550.8
1087690 550.8
1087700 550.8
1087710 550.8
1087720 550.9
1087730 550.9
1087740 550.8
1087750 550.8
1087760 550.8
1087770 550.8
1087780 550.8
1087790 550.8
1087800 550.8
1087810 550.8
1087820 550.9
1087830 550.9
1087840 550.9
1087850 551.1
1087860 551.1
1087870 551.2
1087880 551.0
1087890 551.0
1087900 551.1
1087910 551.2
1087920 551.2
1087930 551.2
1087940 551.2
1087950 551.2
1087960 551.4
1087970 551.7
1087980 551.7
1087990 551.9
1088000 552.0
1088010 552.2
1088020 552.2
1088030 552.3
1088040 552.1
1088050 552.1
1088060 552.0
1088070 551.8
1088080 551.8
1088090 551.8
1088100 551.8
1088110 551.8
1088120 551.9
1088130 552.0
1088140 552.0
1088150 552.0
1088160 552.0
1088170 552.0
1088180 552.0
1088190 551.9
1088200 552.0
1088210 551.7
1088220 551.5
1088230 551.5
1088240 551.5
1088250 551.6
1088260 551.6
1088270 551.6
1088280 551.6
1088290 551.5
1088300 551.5
1088310 551.4
1088320 551.8
1088330 551.8
1088340 551.9
1088350 551.6
1088360 551.6
1088370 551.6
1088380 551.6
1088390 551.6
1088400 551.4
1088410 551.5
1088420 551.5
1088430 551.2
1088440 551.4
1088450 551.4
1088460 551.7
1088470 551.9
1088480 551.9
1088490 552.0
1088500 551.8
1088510 552.0
1088520 552.0
1088530 551.9
1088540 551.5
1088550 551.5
1088560 551.8
1088570 552.7
1088580 552.7
1088590 552.7
1088600 552.6
1088610 552.6
1088620 552.0
1088630 551.5
1088640 551.5
1088650 551.7
1088660 551.7
1088670 551.7
1088680 551.7
1088690 551.5
1088700 551.5
1088710 551.6
1088720 551.6
1088730 551.6
1088740 551.5
1088750 551.5
1088760 551.5
1088770 551.6
1088780 551.6
1088790 551.9
1088800 551.9
1088810 551.9
1088820 551.5
1088830 551.5
1088840 551.3
1088850 551.2
1088860 551.2
1088870 551.2
1088880 551.0
1088890 551.0
1088900 551.3
1088910 550.9
1088920 550.9
1088930 550.4
1088940 550.3
1088950 550.3
1088960 550.1
1088970 550.0
1088980 550.0
1088990 549.9
1089000 549.8
1089010 549.8
1089020 549.8
1089030 550.3
1089040 549.9
1089050 549.9
1089060 549.6
1089070 549.6
1089080 549.6
1089090 549.8
1089100 549.9
1089110 549.9
1089120 550.2
1089130 550.2
1089140 550.2
1089150 550.0
1089160 550.1
1089170 549.2
1089180 549.2
1089190 549.2
1089200 549.2
1089210 549.6
1089220 550.2
1089230 550.2
1089240 549.9
1089250 549.7
1089260 549.7
1089270 549.4
1089280 549.2
1089290 549.2
1089300 549.2
1089310 549.2
1089320 549.3
1089330 549.3
1089340 549.3
1089350 549.0
1089360 549.0
1089370 548.7
1089380 548.7
1089390 548.7
1089400 548.9
1089410 549.2
1089420 549.2
1089430 549.7
1089440 549.9
1089450 549.9
1089460 549.6
1089470 549.4
1089480 549.4
1089490 548.2
1089500 548.0
1089510 548.0
1089520 548.3
1089530 548.6
1089540 549.7
1089550 549.7
1089560 549.9
1089570 550.2
1089580 550.2
1089590 552.6
1089600 557.1
1089610 557.1
1089620 563.2
1089630 568.5
1089640 568.5
1089650 573.4
1089660 576.9
1089670 576.9
1089680 579.3
1089690 581.6
1089700 581.6
1089710 583.5
1089720 585.3
1089730 585.3
1089740 587.1
1089750 588.6
1089760 588.6
1089770 589.2
1089780 589.7
1089790 591.7
1089800 591.7
1089810 590.5
1089820 591.2
1089830 591.2
1089840 593.1
1089850 594.5
1089860 594.5
1089870 594.9
1089880 596.1
1089890 596.1
1089900 598.1
1089910 600.8
1089920 600.8
1089930 604.6
1089940 608.7
1089950 608.7
1089960 613.3
1089970 618.8
1089980 618.8
1089990 625.8
1090000 631.4
1090010 631.4
1090020 635.4
1090030 638.0
1090040 640.5
1090050 640.5
1090060 643.2
1090070 646.6
1090080 646.6
1090090 651.2
1090100 655.5
1090110 655.5
1090120 659.8
1090130 661.7
1090140 661.7
1090150 666.6
1090160 670.7
1090170 670.7
1090180 673.7
1090190 676.8
1090200 676.8
1090210 680.4
1090220 684.0
1090230 684.0
1090240 687.5
1090250 691.5
1090260 691.5
1090270 695.3
1090280 697.6
1090290 699.6
1090300 699.6
1090310 701.7
1090320 703.0
1090330 703.0
1090340 704.5
1090350 706.9
1090360 706.9
1090370 709.7
1090380 712.8
1090390 712.8
1090400 715.0
1090410 716.7
1090420 716.7
1090430 719.3
1090440 723.3
1090450 723.3
1090460 723.5
1090470 727.2
1090480 727.2
1090490 730.3
1090500 732.7
1090510 732.7
1090520 734.8
1090530 737.1
1090540 739.5
1090550 739.5
1090560 742.8
1090570 745.6
1090580 745.6
1090590 747.4
1090600 750.5
1090610 750.5
1090620 755.6
1090630 760.7
1090640 760.7
1090650 765.1
1090660 769.5
1090670 769.5
1090680 772.2
1090690 774.6
1090700 774.6
1090710 777.8
1090720 781.0
1090730 781.0
1090740 783.9
1090750 787.5
1090760 787.5
1090770 791.4
1090780 795.2
1090790 799.0
1090800 799.0
1090810 802.3
1090820 804.3
1090830 804.3
1090840 806.6
1090850 810.1
1090860 810.1
1090870 814.2
1090880 817.4
1090890 817.4
1090900 822.1
1090910 825.1
1090920 825.1
1090930 828.6
1090940 832.4
1090950 832.4
1090960 836.3
1090970 840.0
1090980 840.0
1090990 844.4
1091000 849.6
1091010 849.6
1091020 854.1
1091030 858.0
1091040 858.0
1091050 861.8
1091060 865.5
1091070 869.3
1091080 869.3
1091090 872.8
1091100 873.1
1091110 873.1
1091120 877.3
1091130 882.4
1091140 882.4
1091150 888.4
1091160 893.9
1091170 893.9
1091180 897.2
1091190 900.9
1091200 900.9
1091210 905.0
1091220 909.2
1091230 909.2
1091240 914.1
1091250 917.3
1091260 917.3
1091270 919.4
1091280 921.2
1091290 921.2
1091300 923.0
1091310 924.8
1091320 926.3
1091330 926.3
1091340 927.8
1091350 929.0
1091360 929.0
1091370 931.0
1091380 933.3
1091390 933.3
1091400 935.9
1091410 938.9
1091420 936.9
1091430 938.9
1091440 940.9
1091450 940.9
1091460 944.2
1091470 948.3
1091480 948.3
1091490 953.4
1091500 957.3
1091510 957.3
1091520 960.2
1091530 963.0
1091540 963.0
1091550 965.2
1091560 966.5
1091570 968.1
1091580 968.1
1091590 969.5
1091600 971.3
1091610 971.3
1091620 973.4
1091630 976.9
1091640 976.9
1091650 979.8
1091660 982.5
1091670 982.5
1091680 985.0
1091690 986.8
1091700 986.8
1091710 988.8
1091720 991.1
1091730 991.1
1091740 993.7
1091750 997.2
1091760 997.2
1091770 1001.5
1091780 1005.1
1091790 1005.1
1091800 1008.4
1091810 1011.5
1091820 1014.9
1091830 1014.9
1091840 1018.6
1091850 1022.6
1091860 1022.6
1091870 1026.8
1091880 1030.6
1091890 1030.6
1091900 1034.2
1091910 1038.3
1091920 1038.3
1091930 1041.9
1091940 1045.4
1091950 1045.4
1091960 1048.3
1091970 1051.0
1091980 1051.0
1091990 1054.1
1092000 1057.7
1092010 1057.7
1092020 1061.5
1092030 1066.1
1092040 1066.1
1092050 1071.0
1092060 1074.9
1092070 1075.6
1092080 1075.6
1092090 1077.4
1092100 1079.6
1092110 1079.6
1092120 1081.7
1092130 1085.3
1092140 1085.3
1092150 1088.9
1092160 1092.0
1092170 1092.0
1092180 1094.8
1092190 1097.6
1092200 1097.6
1092210 1101.4
1092220 1106.7
1092230 1106.7
1092240 1112.2
1092250 1117.5
1092260 1117.5
1092270 1123.9
1092280 1132.6
1092290 1132.6
1092300 1141.0
1092310 1149.6
1092320 1157.6
1092330 1157.6
1092340 1164.4
1092350 1171.4
1092360 1171.4
1092370 1177.5
1092380 1183.3
1092390 1183.3
1092400 1190.8
1092410 1196.2
1092420 1196.2
1092430 1201.1
1092440 1206.7
1092450 1206.7
1092460 1213.0
1092470 1218.7
1092480 1218.7
1092490 1223.8
1092500 1228.1
1092510 1228.1
1092520 1231.9
1092530 1235.1
1092540 1235.1
1092550 1239.0
1092560 1244.2
1092570 1249.5
1092580 1249.5
1092590 1254.3
1092600 1259.4
1092610 1259.4
1092620 1265.1
1092630 1271.2
1092640 1271.2
1092650 1278.2
1092660 1285.2
1092670 1285.2
1092680 1291.7
1092690 1297.9
1092700 1297.9
1092710 1303.8
1092720 1308.2
1092730 1308.2
1092740 1313.2
1092750 1317.7
1092760 1317.7
1092770 1323.0
1092780 1328.6
1092790 1328.6
1092800 1334.4
1092810 1340.6
1092820 1347.4
1092830 1347.4
1092840 1354.1
1092850 1360.6
1092860 1360.6
1092870 1367.6
1092880 1375.0
1092890 1375.0
1092900 1382.2
1092910 1387.9
1092920 1387.9
1092930 1392.4
1092940 1397.0
1092950 1397.0
1092960 1400.6
1092970 1403.6
1092980 1403.6
1092990 1407.7
1093000 1413.3
1093010 1413.3
1093020 1420.1
1093030 1432.3
1093040 1436.4
1093050 1442.2
1093060 1441.2
1093070 1438.5
1093080 1438.5
1093090 1437.0
1093100 1440.0
1093110 1440.0
1093120 1444.0
1093130 1448.2
1093140 1448.2
1093150 1451.3
1093160 1451.2
1093170 1451.2
1093180 1452.2
1093190 1455.8
1093200 1455.8
1093210 1459.6
1093220 1463.6
1093230 1463.6
1093240 1468.0
1093250 1473.7
1093260 1473.7
1093270 1479.3
1093280 1486.2
1093290 1486.2
1093300 1493.3
1093310 1498.1
1093320 1502.1
1093330 1502.1
1093340 1506.6
1093350 1511.5
1093360 1511.5
1093370 1513.2
1093380 1519.9
1093390 1519.9
1093400 1525.9
1093410 1531.1
1093420 1531.1
1093430 1534.9
1093440 1537.6
1093450 1537.6
1093460 1540.2
1093470 1541.9
1093480 1541.9
1093490 1543.6
1093500 1545.6
1093510 1545.6
1093520 1547.0
1093530 1550.3
1093540 1550.3
1093550 1553.9
1093560 1559.0
1093570 1562.8
1093580 1562.8
1093590 1565.3
1093600 1569.2
1093610 1569.2
1093620 1574.1
1093630 1579.8
1093640 1579.8
1093650 1586.6
1093660 1592.7
1093670 1592.7
1093680 1600.3
1093690 1607.2
1093700 1607.2
1093710 1616.1
1093720 1624.2
1093730 1624.2
1093740 1628.5
1093750 1628.0
1093760 1628.0
1093770 1623.2
1093780 1625.7
1093790 1625.7
1093800 1621.2
1093810 1624.4
1093820 1624.4
1093830 1629.4
1093840 1636.0
1093850 1642.6
1093860 1642.6
1093870 1651.9
1093880 1657.9
1093890 1657.9
1093900 1663.8
1093910 1670.8
1093920 1670.8
1093930 1679.2
1093940 1685.9
1093950 1685.9
1093960 1693.6
1093970 1702.8
1093980 1702.8
1093990 1712.6
1094000 1723.3
1094010 1723.3
1094020 1730.2
1094030 1738.9
1094040 1738.9
1094050 1748.3
1094060 1756.8
1094070 1756.8
1094080 1763.1
1094090 1770.6
1094100 1777.2
1094110 1777.2
1094120 1784.2
1094130 1791.5
1094140 1791.5
1094150 1798.9
1094160 1804.8
1094170 1804.8
1094180 1809.4
1094190 1811.9
1094200 1811.9
1094210 1812.8
1094220 1814.1
1094230 1814.1
1094240 1815.6
1094250 1818.2
1094260 1818.2
1094270 1823.5
1094280 1826.1
1094290 1826.1
1094300 1828.5
1094310 1833.6
1094320 1833.6
1094330 1839.7
1094340 1844.1
1094350 1849.5
1094360 1849.5
1094370 1855.1
1094380 1860.7
1094390 1860.7
1094400 1866.2
1094410 1871.6
1094420 1871.6
1094430 1876.8
1094440 1882.3
1094450 1882.3
1094460 1887.9
1094470 1893.6
1094480 1893.6
1094490 1899.3
1094500 1905.0
1094510 1905.0
1094520 1911.0
1094530 1917.4
1094540 1917.4
1094550 1923.8
1094560 1930.4
1094570 1930.4
1094580 1936.8
1094590 1942.8
1094600 1949.0
1094610 1949.0
1094620 1954.8
1094630 1960.8
1094640 1960.8
1094650 1966.4
1094660 1971.8
1094670 1970.4
1094680 1974.8
1094690 1978.0
1094700 1978.0
1094710 1974.7
1094720 1964.0
1094730 1964.0
1094740 1952.3
1094750 1943.5
1094760 1943.5
1094770 1935.8
1094780 1928.5
1094790 1928.5
1094800 1920.6
1094810 1913.9
1094820 1913.9
1094830 1907.5
1094840 1900.8
1094850 1895.4
1094860 1895.4
1094870 1891.0
1094880 1887.2
1094890 1887.2
1094900 1883.3
1094910 1880.3
1094920 1880.3
1094930 1877.4
1094940 1874.2
1094950 1874.2
1094960 1870.6
1094970 1866.9
1094980 1866.9
1094990 1863.4
1095000 1866.1
1095010 1866.1
1095020 1864.5
1095030 1864.0
1095040 1864.0
1095050 1863.2
1095060 1862.6
1095070 1862.6
1095080 1862.4
1095090 1863.9
1095100 1866.2
1095110 1866.2
1095120 1867.3
1095130 1869.9
1095140 1869.9
1095150 1874.5
1095160 1880.2
1095170 1880.2
1095180 1886.6
1095190 1890.5
1095200 1890.5
1095210 1892.8
1095220 1896.1
1095230 1896.1
1095240 1899.6
1095250 1903.2
1095260 1903.2
1095270 1906.8
1095280 1905.6
1095290 1905.6
1095300 1903.8
1095310 1902.1
1095320 1901.9
1095330 1898.0
1095340 1894.7
1095350 1889.7
1095360 1889.7
1095370 1885.3
1095380 1882.1
1095390 1882.1
1095400 1879.0
1095410 1875.3
1095420 1875.3
1095430 1872.1
1095440 1869.3
1095450 1869.3
1095460 1866.4
1095470 1862.9
1095480 1862.9
1095490 1857.5
1095500 1851.3
1095510 1851.3
1095520 1845.7
1095530 1840.9
1095540 1840.9
1095550 1837.0
1095560 1833.6
1095570 1833.6
1095580 1829.7
1095590 1826.5
1095600 1824.5
1095610 1824.5
1095620 1822.6
1095630 1819.4
1095640 1819.4
1095650 1816.3
1095660 1811.4
1095670 1811.4
1095680 1807.6
1095690 1802.7
1095700 1802.7
1095710 1797.0
1095720 1793.1
1095730 1793.1
1095740 1790.2
1095750 1787.5
1095760 1787.5
1095770 1784.6
1095780 1781.2
1095790 1781.2
1095800 1776.9
1095810 1772.2
1095820 1772.2
1095830 1770.0
1095840 1768.8
1095850 1768.0
1095860 1768.0
1095870 1768.3
1095880 1768.9
1095890 1768.9
1095900 1769.9
1095910 1769.9
1095920 1769.9
1095930 1767.1
1095940 1764.2
1095950 1764.2
1095960 1761.5
1095970 1760.0
1095980 1759.7
1095990 1759.3
1096000 1757.6
1096010 1757.6
1096020 1756.8
1096030 1756.7
1096040 1756.7
1096050 1755.4
1096060 1752.7
1096070 1752.7
1096080 1749.1
1096090 1746.1
1096100 1743.2
1096110 1743.2
1096120 1740.6
1096130 1737.7
1096140 1737.7
1096150 1733.8
1096160 1730.9
1096170 1730.9
1096180 1727.3
1096190 1725.6
1096200 1725.6
1096210 1725.4
1096220 1724.4
1096230 1724.4
1096240 1719.9
1096250 1714.2
1096260 1714.2
1096270 1710.8
1096280 1711.0
1096290 1711.0
1096300 1713.0
1096310 1712.9
1096320 1712.9
1096330 1711.3
1096340 1707.4
1096350 1704.4
1096360 1704.4
1096370 1700.9
1096380 1697.3
1096390 1697.3
1096400 1696.4
1096410 1694.0
1096420 1694.0
1096430 1692.6
1096440 1692.9
1096450 1692.9
1096460 1694.8
1096470 1695.9
1096480 1695.9
1096490 1695.2
1096500 1694.3
1096510 1694.3
1096520 1693.7
1096530 1693.2
1096540 1693.2
1096550 1693.4
1096560 1692.3
1096570 1692.3
1096580 1691.7
1096590 1693.0
1096600 1693.0
1096610 1694.8
1096620 1697.7
1096630 1706.4
1096640 1706.4
1096650 1709.6
1096660 1712.5
1096670 1712.5
1096680 1716.4
1096690 1719.7
1096700 1719.7
1096710 1722.1
1096720 1723.8
1096730 1723.8
1096740 1724.6
1096750 1725.4
1096760 1725.4
1096770 1726.6
1096780 1727.2
1096790 1727.2
1096800 1727.6
1096810 1727.7
1096820 1727.7
1096830 1727.2
1096840 1726.7
1096850 1726.7
1096860 1727.7
1096870 1728.5
1096880 1735.4
1096890 1735.4
1096900 1743.1
1096910 1737.2
1096920 1737.2
1096930 1745.7
1096940 1752.3
1096950 1752.3
1096960 1753.5
1096970 1740.1
1096980 1740.1
1096990 1730.1
1097000 1721.2
1097010 1721.2
1097020 1713.2
1097030 1705.0
1097040 1705.0
1097050 1695.4
1097060 1686.3
1097070 1686.3
1097080 1679.3
1097090 1673.1
1097100 1673.1
1097110 1667.1
1097120 1660.8
1097130 1654.8
1097140 1654.8
1097150 1649.1
1097160 1643.3
1097170 1643.3
1097180 1637.4
1097190 1631.7
1097200 1631.7
1097210 1626.8
1097220 1622.8
1097230 1622.8
1097240 1619.1
1097250 1616.1
1097260 1616.1
1097270 1613.1
1097280 1610.1
1097290 1612.1
1097300 1608.6
1097310 1604.6
1097320 1604.6
1097330 1600.5
1097340 1596.7
1097350 1596.7
1097360 1592.7
1097370 1587.7
1097380 1582.3
1097390 1582.3
1097400 1577.3
1097410 1572.8
1097420 1572.8
1097430 1567.8
1097440 1563.3
1097450 1563.3
1097460 1560.2
1097470 1556.7
1097480 1556.7
1097490 1552.3
1097500 1547.4
1097510 1547.4
1097520 1542.9
1097530 1537.4
1097540 1537.4
1097550 1531.1
1097560 1526.0
1097570 1526.0
1097580 1519.8
1097590 1514.1
1097600 1514.1
1097610 1509.3
1097620 1506.9
1097630 1502.6
1097640 1502.6
1097650 1495.9
1097660 1489.7
1097670 1489.7
1097680 1485.5
1097690 1483.2
1097700 1483.2
1097710 1479.6
1097720 1474.0
1097730 1474.0
1097740 1468.0
1097750 1458.8
1097760 1458.8
1097770 1449.2
1097780 1446.3
1097790 1446.3
1097800 1443.8
1097810 1441.7
1097820 1441.7
1097830 1432.9
1097840 1418.3
1097850 1418.3
1097860 1409.0
1097870 1408.1
1097880 1420.1
1097890 1420.1
1097900 1434.3
1097910 1447.5
1097920 1447.5
1097930 1455.7
1097940 1460.8
1097950 1474.1
1097960 1478.0
1097970 1480.1
1097980 1480.1
1097990 1482.3
1098000 1483.7
1098010 1483.7
1098020 1483.2
1098030 1479.3
1098040 1479.3
1098050 1474.0
1098060 1468.5
1098070 1468.5
1098080 1462.4
1098090 1450.1
1098100 1450.1
1098110 1436.9
1098120 1424.3
1098130 1418.1
1098140 1418.1
1098150 1415.8
1098160 1413.5
1098170 1413.5
1098180 1409.0
1098190 1402.5
1098200 1402.5
1098210 1397.8
1098220 1395.3
1098230 1395.3
1098240 1392.1
1098250 1389.2
1098260 1389.2
1098270 1395.9
1098280 1385.7
1098290 1385.7
1098300 1379.1
1098310 1376.2
1098320 1376.2
1098330 1374.0
1098340 1368.6
1098350 1368.6
1098360 1355.9
1098370 1338.6
1098380 1323.9
1098390 1323.9
1098400 1326.1
1098410 1329.5
1098420 1329.5
1098430 1320.9
1098440 1316.1
1098450 1316.1
1098460 1316.5
1098470 1313.8
1098480 1313.8
1098490 1305.7
1098500 1300.6
1098510 1300.6
1098520 1293.6
1098530 1279.4
1098540 1279.4
1098550 1270.0
1098560 1264.5
1098570 1264.5
1098580 1257.5
1098590 1249.0
1098600 1275.8
1098610 1269.1
1098620 1265.3
1098630 1264.5
1098640 1264.5
1098650 1269.0
1098660 1273.5
1098670 1273.5
1098680 1273.8
1098690 1270.4
1098700 1270.4
1098710 1267.5
1098720 1264.1
1098730 1264.1
1098740 1260.6
1098750 1256.9
1098760 1256.9
1098770 1255.1
1098780 1255.1
1098790 1255.1
1098800 1253.3
1098810 1246.9
1098820 1246.9
1098830 1238.9
1098840 1233.8
1098850 1233.8
1098860 1228.0
1098870 1223.9
1098880 1219.0
1098890 1219.0
1098900 1214.5
1098910 1210.4
1098920 1210.4
1098930 1209.3
1098940 1204.7
1098950 1204.7
1098960 1200.5
1098970 1195.6
1098980 1195.6
1098990 1190.5
1099000 1185.8
1099010 1185.8
1099020 1179.9
1099030 1168.1
1099040 1168.1
1099050 1156.7
1099060 1147.1
1099070 1147.1
1099080 1127.7
1099090 1100.7
1099100 1100.7
1099110 1082.5
1099120 1053.6
1099130 1035.4
1099140 1035.4
1099150 1026.0
1099160 1025.3
1099170 1025.3
1099180 1035.9
1099190 1050.2
1099200 1050.2
1099210 1059.6
1099220 1067.2
1099230 1067.2
1099240 1072.9
1099250 1077.7
1099260 1082.8
1099270 1087.4
1099280 1081.3
1099290 1081.3
1099300 1080.9
1099310 1089.1
1099320 1089.1
1099330 1093.7
1099340 1099.2
1099350 1099.2
1099360 1101.0
1099370 1101.6
1099380 1102.1
1099390 1102.1
1099400 1103.6
1099410 1105.1
1099420 1105.1
1099430 1104.4
1099440 1101.4
1099450 1101.4
1099460 1100.6
1099470 1099.8
1099480 1099.8
1099490 1100.2
1099500 1101.8
1099510 1101.8
1099520 1099.6
1099530 1093.0
1099540 1093.0
1099550 1087.9
1099560 1089.5
1099570 1089.5
1099580 1087.5
1099590 1089.0
1099600 1089.0
1099610 1089.0
1099620 1091.6
1099630 1091.6
1099640 1090.6
1099650 1088.2
1099660 1086.6
1099670 1086.6
1099680 1088.1
1099690 1087.5
1099700 1087.5
1099710 1083.5
1099720 1078.8
1099730 1078.8
1099740 1073.2
1099750 1066.3
1099760 1066.3
1099770 1058.0
1099780 1054.5
1099790 1054.5
1099800 1054.0
1099810 1055.0
1099820 1055.0
1099830 1056.2
1099840 1057.9
1099850 1057.9
1099860 1059.2
1099870 1060.9
1099880 1060.9
1099890 1060.6
1099900 1059.7
1099910 1059.7
1099920 1065.8
1099930 1065.0
1099940 1059.5
1099950 1059.5
1099960 1057.0
1099970 1057.1
1099980 1057.1
1099990 1056.1
