1080000 510.0
1080010 510.0
1080020 508.7
1080030 506.9
1080040 506.9
1080050 505.7
1080060 504.5
1080070 504.5
1080080 503.2
1080090 502.1
1080100 502.1
1080110 501.5
1080120 501.4
1080130 501.3
1080140 501.3
1080150 502.6
1080160 502.1
1080170 502.1
1080180 500.8
1080190 500.7
1080200 500.7
1080210 500.6
1080220 500.7
1080230 500.7
1080240 500.7
1080250 500.7
1080260 500.8
1080270 500.7
1080280 500.8
1080290 500.8
1080300 501.7
1080310 502.2
1080320 502.2
1080330 502.8
1080340 503.6
1080350 503.6
1080360 504.7
1080370 506.4
1080380 508.7
1080390 508.7
1080400 512.2
1080410 517.2
1080420 517.2
1080430 522.4
1080440 527.4
1080450 527.4
1080460 531.4
1080470 533.8
1080480 533.8
1080490 536.1
1080500 537.9
1080510 537.9
1080520 540.0
1080530 542.6
1080540 542.6
1080550 544.4
1080560 545.1
1080570 544.4
1080580 545.1
1080590 545.7
1080600 545.7
1080610 546.4
1080620 547.3
1080630 548.6
1080640 548.6
1080650 550.7
1080660 552.6
1080670 552.6
1080680 553.4
1080690 554.9
1080700 554.9
1080710 556.7
1080720 558.3
1080730 558.3
1080740 559.6
1080750 560.1
1080760 560.1
1080770 559.8
1080780 558.6
1080790 558.6
1080800 557.1
1080810 556.5
1080820 556.5
1080830 557.2
1080840 557.3
1080850 557.3
1080860 556.9
1080870 555.9
1080880 554.3
1080890 556.9
1080900 555.6
1080910 554.3
1080920 554.3
1080930 553.3
1080940 553.0
1080950 553.0
1080960 553.1
1080970 553.2
1080980 553.2
1080990 553.3
1081000 553.4
1081010 553.4
1081020 553.8
1081030 554.1
1081040 554.1
1081050 554.5
1081060 554.9
1081070 554.9
1081080 555.6
1081090 557.1
1081100 557.1
1081110 561.2
1081120 564.1
1081130 564.7
1081140 564.7
1081150 565.3
1081160 566.8
1081170 566.8
1081180 569.2
1081190 573.7
1081200 575.2
1081210 578.4
1081220 584.5
1081230 584.5
1081240 591.4
1081250 596.6
1081260 596.6
1081270 598.7
1081280 600.2
1081290 600.2
1081300 600.6
1081310 599.7
1081320 599.7
1081330 598.1
1081340 596.8
1081350 596.8
1081360 595.8
1081370 595.1
1081380 595.1
1081390 594.7
1081400 594.4
1081410 593.4
1081420 593.4
1081430 592.6
1081440 591.6
1081450 591.6
1081460 590.7
1081470 589.7
1081480 589.7
1081490 588.9
1081500 588.0
1081510 588.0
1081520 589.4
1081530 588.3
1081540 588.3
1081550 587.8
1081560 586.5
1081570 586.5
1081580 584.9
1081590 584.8
1081600 584.8
1081610 585.1
1081620 585.9
1081630 585.9
1081640 587.0
1081650 587.7
1081660 588.3
1081670 588.3
1081680 589.3
1081690 589.8
1081700 589.8
1081710 589.1
1081720 588.8
1081730 588.8
1081740 589.0
1081750 589.6
1081760 589.6
1081770 590.7
1081780 593.4
1081790 593.4
1081800 597.4
1081810 600.7
1081820 600.7
1081830 603.3
1081840 605.5
1081850 605.5
1081860 606.6
1081870 605.4
1081880 605.4
1081890 604.5
1081900 603.6
1081910 602.5
1081920 602.5
1081930 602.3
1081940 602.7
1081950 602.7
1081960 603.5
1081970 604.4
1081980 604.4
1081990 605.0
1082000 605.1
1082010 605.1
1082020 604.7
1082030 604.3
1082040 604.3
1082050 603.6
1082060 603.2
1082070 603.2
1082080 602.7
1082090 602.4
1082100 602.4
1082110 601.9
1082120 601.7
1082130 601.7
1082140 601.8
1082150 602.7
1082160 604.6
1082170 604.6
1082180 604.0
1082190 603.1
1082200 603.1
1082210 602.8
1082220 602.6
1082230 602.6
1082240 601.6
1082250 601.1
1082260 601.1
1082270 600.9
1082280 602.3
1082290 602.3
1082300 604.0
1082310 605.6
1082320 605.6
1082330 607.1
1082340 608.4
1082350 608.4
1082360 609.2
1082370 608.9
1082380 608.9
1082390 608.5
1082400 608.8
1082410 608.8
1082420 608.8
1082430 608.1
1082440 606.6
1082450 606.6
1082460 602.9
1082470 601.5
1082480 601.5
1082490 599.7
1082500 597.1
1082510 597.1
1082520 595.8
1082530 595.4
1082540 595.4
1082550 595.4
1082560 596.1
1082570 596.1
1082580 597.3
1082590 597.4
1082600 597.4
1082610 597.7
1082620 597.8
1082630 597.8
1082640 597.8
1082650 597.9
1082660 597.9
1082670 597.7
1082680 597.1
1082690 596.4
1082700 596.4
1082710 596.4
1082720 596.5
1082730 596.5
1082740 596.5
1082750 596.6
1082760 596.6
1082770 596.2
1082780 593.8
1082790 593.8
1082800 593.0
1082810 592.3
1082820 592.3
1082830 591.6
1082840 591.0
1082850 591.0
1082860 590.3
1082870 590.5
1082880 590.5
1082890 591.2
1082900 591.0
1082910 591.0
1082920 590.7
1082930 589.9
1082940 588.6
1082950 588.6
1082960 588.2
1082970 588.3
1082980 588.3
1082990 588.2
1083000 587.9
1083010 587.9
1083020 587.6
1083030 587.1
1083040 587.1
1083050 586.2
1083060 584.3
1083070 584.3
1083080 583.2
1083090 582.5
1083100 582.1
1083110 581.1
1083120 579.8
1083130 579.8
1083140 578.3
1083150 576.6
1083160 576.6
1083170 575.1
1083180 574.0
1083190 572.9
1083200 572.9
1083210 571.7
1083220 570.7
1083230 570.7
1083240 570.0
1083250 569.6
1083260 569.6
1083270 569.3
1083280 568.7
1083290 568.7
1083300 567.7
1083310 566.4
1083320 566.4
1083330 565.9
1083340 565.9
1083350 565.9
1083360 566.2
1083370 565.5
1083380 565.5
1083390 564.4
1083400 563.2
1083410 561.3
1083420 559.6
1083430 557.8
1083440 555.9
1083450 555.9
1083460 554.0
1083470 552.2
1083480 552.2
1083490 550.5
1083500 547.9
1083510 547.9
1083520 545.3
1083530 543.3
1083540 543.3
1083550 541.5
1083560 540.4
1083570 540.4
1083580 538.7
1083590 537.7
1083600 537.7
1083610 536.8
1083620 535.8
1083630 535.8
1083640 534.5
1083650 533.6
1083660 533.6
1083670 533.0
1083680 533.6
1083690 534.4
1083700 534.4
1083710 534.9
1083720 535.3
1083730 536.7
1083740 537.6
1083750 538.0
1083760 538.0
1083770 538.2
1083780 539.1
1083790 539.1
1083800 539.7
1083810 540.2
1083820 540.2
1083830 541.0
1083840 542.2
1083850 542.2
1083860 543.2
1083870 543.9
1083880 543.9
1083890 544.6
1083900 545.1
1083910 545.1
1083920 545.7
1083930 546.3
1083940 546.1
1083950 546.1
1083960 545.1
1083970 543.8
1083980 543.8
1083990 543.0
1084000 542.4
1084010 542.4
1084020 541.9
1084030 541.4
1084040 541.4
1084050 545.6
1084060 544.2
1084070 544.2
1084080 542.4
1084090 541.3
1084100 541.3
1084110 540.5
1084120 540.3
1084130 540.3
1084140 540.3
1084150 540.3
1084160 540.3
1084170 540.1
1084180 539.7
1084190 539.7
1084200 539.7
1084210 539.5
1084220 539.0
1084230 539.0
1084240 539.4
1084250 539.7
1084260 539.7
1084270 539.7
1084280 539.5
1084290 539.5
1084300 539.3
1084310 539.3
1084320 539.3
1084330 539.9
1084340 540.5
1084350 540.5
1084360 541.3
1084370 540.8
1084380 540.8
1084390 541.0
1084400 541.3
1084410 541.3
1084420 541.4
1084430 541.8
1084440 541.8
1084450 542.2
1084460 542.5
1084470 542.5
1084480 542.5
1084490 542.3
1084500 542.3
1084510 542.3
1084520 542.8
1084530 544.4
1084540 544.4
1084550 546.0
1084560 545.4
1084570 545.4
1084580 544.5
1084590 545.2
1084600 545.2
1084610 545.9
1084620 546.1
1084630 546.1
1084640 545.3
1084650 544.8
1084660 544.8
1084670 545.2
1084680 545.5
1084690 545.5
1084700 545.8
1084710 545.6
1084720 545.7
1084730 545.7
1084740 547.0
1084750 547.7
1084760 547.7
1084770 547.8
1084780 547.8
1084790 547.8
1084800 548.1
1084810 548.7
1084820 548.7
1084830 548.7
1084840 548.7
1084850 548.7
1084860 548.3
1084870 547.4
1084880 547.4
1084890 547.8
1084900 547.8
1084910 547.8
1084920 547.7
1084930 547.9
1084940 547.9
1084950 548.0
1084960 547.7
1084970 547.3
1084980 547.3
1084990 547.1
1085000 543.0
1085010 543.0
1085020 542.5
1085030 542.4
1085040 542.4
1085050 541.9
1085060 540.9
1085070 540.9
1085080 539.9
1085090 539.4
1085100 539.4
1085110 538.8
1085120 538.6
1085130 538.6
1085140 538.3
1085150 538.7
1085160 538.7
1085170 538.7
1085180 538.7
1085190 538.7
1085200 539.0
1085210 539.2
1085220 540.3
1085230 540.3
1085240 540.6
1085250 540.3
1085260 540.3
1085270 540.0
1085280 539.9
1085290 539.9
1085300 540.2
1085310 541.1
1085320 537.7
1085330 538.2
1085340 538.2
1085350 538.2
1085360 538.9
1085370 539.3
1085380 539.3
1085390 539.4
1085400 538.7
1085410 538.7
1085420 538.1
1085430 537.2
1085440 537.2
1085450 536.7
1085460 536.3
1085470 536.3
1085480 536.5
1085490 536.5
1085500 536.9
1085510 536.9
1085520 537.0
1085530 536.8
1085540 536.8
1085550 536.3
1085560 536.1
1085570 536.1
1085580 536.2
1085590 536.3
1085600 536.3
1085610 536.4
1085620 536.9
1085630 536.9
1085640 537.0
1085650 537.5
1085660 537.5
1085670 537.0
1085680 537.2
1085690 537.2
1085700 537.1
1085710 537.2
1085720 537.2
1085730 537.1
1085740 537.1
1085750 537.5
1085760 537.5
1085770 537.6
1085780 537.7
1085790 537.7
1085800 538.2
1085810 538.4
1085820 538.4
1085830 538.5
1085840 538.6
1085850 538.6
1085860 538.6
1085870 538.7
1085880 538.7
1085890 538.7
1085900 538.7
1085910 538.7
1085920 538.7
1085930 538.9
1085940 538.9
1085950 538.9
1085960 538.7
1085970 538.7
1085980 538.8
1085990 539.1
1086000 539.3
1086010 539.3
1086020 539.3
1086030 539.3
1086040 539.3
1086050 539.4
1086060 539.6
1086070 539.6
1086080 539.8
1086090 540.1
1086100 540.1
1086110 540.5
1086120 540.7
1086130 540.7
1086140 540.9
1086150 541.0
1086160 541.0
1086170 541.2
1086180 541.7
1086190 541.7
1086200 542.1
1086210 542.1
1086220 542.1
1086230 542.0
1086240 542.1
1086250 542.5
1086260 542.5
1086270 543.9
1086280 543.9
1086290 543.9
1086300 544.4
1086310 544.4
1086320 544.4
1086330 544.7
1086340 545.1
1086350 545.1
1086360 545.1
1086370 545.0
1086380 545.0
1086390 544.9
1086400 545.0
1086410 545.0
1086420 545.1
1086430 545.3
1086440 545.3
1086450 545.0
1086460 545.1
1086470 545.1
1086480 545.3
1086490 545.8
1086500 546.2
1086510 546.2
1086520 546.1
1086530 547.0
1086540 547.0
1086550 547.0
1086560 548.8
1086570 548.8
1086580 550.1
1086590 549.1
1086600 549.1
1086610 550.0
1086620 550.9
1086630 550.9
1086640 552.0
1086650 552.9
1086660 552.9
1086670 553.7
1086680 554.5
1086690 554.5
1086700 554.8
1086710 555.2
1086720 555.2
1086730 555.3
1086740 555.7
1086750 555.7
1086760 555.1
1086770 554.2
1086780 553.4
1086790 553.4
1086800 553.4
1086810 552.9
1086820 552.9
1086830 553.1
1086840 554.5
1086850 554.5
1086860 556.2
1086870 562.7
1086880 562.7
1086890 566.7
1086900 568.8
1086910 563.3
1086920 566.2
1086930 566.3
1086940 566.3
1086950 564.3
1086960 565.5
1086970 565.5
1086980 569.1
1086990 574.5
1087000 574.5
1087010 575.5
1087020 575.7
1087030 576.6
1087040 576.6
1087050 576.8
1087060 576.2
1087070 576.2
1087080 575.4
1087090 575.4
1087100 575.4
1087110 576.0
1087120 573.8
1087130 573.8
1087140 569.0
1087150 565.3
1087160 565.3
1087170 563.2
1087180 560.9
1087190 560.9
1087200 560.4
1087210 560.4
1087220 560.4
1087230 561.1
1087240 562.4
1087250 562.4
1087260 563.8
1087270 566.8
1087280 570.5
1087290 570.5
1087300 574.7
1087310 576.4
1087320 576.4
1087330 578.0
1087340 580.5
1087350 580.5
1087360 582.4
1087370 584.1
1087380 584.1
1087390 587.9
1087400 590.0
1087410 590.0
1087420 592.1
1087430 594.2
1087440 594.2
1087450 595.2
1087460 596.8
1087470 596.8
1087480 597.6
1087490 597.8
1087500 597.8
1087510 598.5
1087520 599.3
1087530 599.4
1087540 599.4
1087550 599.5
1087560 599.5
1087570 599.5
1087580 599.6
1087590 599.8
1087600 599.8
1087610 600.0
1087620 600.5
1087630 600.5
1087640 600.6
1087650 601.1
1087660 601.1
1087670 602.3
1087680 602.7
1087690 602.7
1087700 603.8
1087710 604.4
1087720 604.4
1087730 606.6
1087740 607.9
1087750 607.9
1087760 608.9
1087770 609.9
1087780 610.6
1087790 610.6
1087800 611.8
1087810 612.8
1087820 612.8
1087830 614.5
1087840 615.6
1087850 615.6
1087860 615.9
1087870 616.5
1087880 614.5
1087890 614.5
1087900 614.1
1087910 614.1
1087920 612.9
1087930 612.2
1087940 612.2
1087950 611.8
1087960 611.2
1087970 611.2
1087980 610.9
1087990 610.7
1088000 610.7
1088010 610.6
1088020 611.1
1088030 612.8
1088040 612.8
1088050 615.5
1088060 618.3
1088070 618.3
1088080 619.7
1088090 620.1
1088100 620.1
1088110 619.8
1088120 618.4
1088130 618.4
1088140 617.4
1088150 617.2
1088160 617.2
1088170 617.4
1088180 618.1
1088190 618.1
1088200 615.3
1088210 616.1
1088220 616.1
1088230 617.5
1088240 619.2
1088250 619.2
1088260 620.7
1088270 621.9
1088280 621.9
1088290 622.9
1088300 623.2
1088310 622.9
1088320 622.9
1088330 622.3
1088340 621.2
1088350 621.2
1088360 620.0
1088370 619.3
1088380 619.3
1088390 618.6
1088400 618.2
1088410 618.2
1088420 617.5
1088430 614.5
1088440 614.5
1088450 607.6
1088460 600.8
1088470 600.8
1088480 593.7
1088490 584.6
1088500 584.6
1088510 579.0
1088520 577.1
1088530 577.1
1088540 576.8
1088550 572.3
1088560 569.9
1088570 569.9
1088580 572.4
1088590 575.4
1088600 575.4
1088610 576.5
1088620 577.1
1088630 577.1
1088640 577.7
1088650 576.9
1088660 576.9
1088670 574.4
1088680 572.5
1088690 572.5
1088700 571.7
1088710 571.5
1088720 571.5
1088730 571.4
1088740 571.0
1088750 571.0
1088760 570.2
1088770 569.3
1088780 569.3
1088790 569.1
1088800 569.0
1088810 569.3
1088820 569.3
1088830 569.6
1088840 566.5
1088850 566.5
1088860 564.4
1088870 565.0
1088880 565.0
1088890 566.6
1088900 569.0
1088910 569.0
1088920 569.3
1088930 569.2
1088940 569.2
1088950 569.2
1088960 569.5
1088970 569.5
1088980 569.4
1088990 569.9
1089000 569.9
1089010 575.1
1089020 585.5
1089030 585.5
1089040 594.8
1089050 604.1
1089060 613.9
1089070 613.9
1089080 621.7
1089090 628.7
1089100 628.7
1089110 636.0
1089120 643.9
1089130 643.9
1089140 652.5
1089150 662.4
1089160 668.2
1089170 674.3
1089180 676.7
1089190 676.7
1089200 678.8
1089210 680.5
1089220 680.5
1089230 683.6
1089240 688.7
1089250 688.7
1089260 693.8
1089270 698.2
1089280 698.2
1089290 701.6
1089300 705.7
1089310 710.6
1089320 710.6
1089330 713.9
1089340 718.0
1089350 718.0
1089360 723.1
1089370 725.7
1089380 725.7
1089390 725.6
1089400 725.4
1089410 725.4
1089420 726.7
1089430 729.0
1089440 729.0
1089450 732.4
1089460 735.6
1089470 735.6
1089480 738.6
1089490 740.2
1089500 740.2
1089510 743.0
1089520 743.8
1089530 743.8
1089540 744.8
1089550 745.9
1089560 745.9
1089570 747.2
1089580 749.2
1089590 751.3
1089600 751.3
1089610 754.1
1089620 758.8
1089630 758.8
1089640 761.8
1089650 763.7
1089660 763.7
1089670 765.8
1089680 768.2
1089690 768.2
1089700 770.0
1089710 772.9
1089720 772.9
1089730 776.7
1089740 780.4
1089750 780.4
1089760 783.5
1089770 786.6
1089780 786.6
1089790 789.4
1089800 789.0
1089810 789.0
1089820 790.4
1089830 791.7
1089840 793.9
1089850 793.9
1089860 796.4
1089870 798.0
1089880 798.0
1089890 799.4
1089900 801.3
1089910 801.3
1089920 804.6
1089930 808.3
1089940 808.3
1089950 811.0
1089960 813.2
1089970 813.2
1089980 815.7
1089990 819.0
1090000 819.0
1090010 822.6
1090020 825.5
1090030 825.5
1090040 826.8
1090050 827.2
1090060 827.2
1090070 827.5
1090080 828.7
1090090 830.3
1090100 830.3
1090110 832.5
1090120 837.3
1090130 837.3
1090140 839.0
1090150 841.4
1090160 841.4
1090170 843.6
1090180 845.6
1090190 845.6
1090200 847.9
1090210 850.3
1090220 850.3
1090230 852.5
1090240 855.0
1090250 855.0
1090260 857.6
1090270 859.8
1090280 859.8
1090290 862.2
1090300 864.5
1090310 864.5
1090320 866.5
1090330 868.6
1090340 870.6
1090350 870.6
1090360 873.1
1090370 875.7
1090380 875.7
1090390 878.7
1090400 882.0
1090410 882.0
1090420 884.9
1090430 888.2
1090440 888.2
1090450 891.9
1090460 894.6
1090470 894.6
1090480 897.0
1090490 899.3
1090500 899.3
1090510 901.6
1090520 904.1
1090530 904.1
1090540 907.1
1090550 910.0
1090560 910.0
1090570 912.5
1090580 914.4
1090590 917.0
1090600 917.0
1090610 919.7
1090620 921.8
1090630 921.8
1090640 924.0
1090650 927.3
1090660 927.3
1090670 931.3
1090680 935.0
1090690 935.0
1090700 938.1
1090710 940.4
1090720 940.4
1090730 943.2
1090740 946.1
1090750 946.1
1090760 949.6
1090770 953.6
1090780 953.6
1090790 957.4
1090800 960.8
1090810 960.8
1090820 963.5
1090830 965.4
1090840 967.3
1090850 967.3
1090860 969.9
1090870 973.2
1090880 973.2
1090890 977.1
1090900 981.4
1090910 981.4
1090920 985.4
1090930 988.3
1090940 988.3
1090950 991.2
1090960 994.2
1090970 994.2
1090980 995.9
1090990 997.9
1091000 997.9
1091010 1000.7
1091020 1003.6
1091030 1003.6
1091040 1006.9
1091050 1011.4
1091060 1011.4
1091070 1013.7
1091080 1014.0
1091090 1012.7
1091100 1014.0
1091110 1016.2
1091120 1018.4
1091130 1018.4
1091140 1018.7
1091150 1018.4
1091160 1018.4
1091170 1019.1
1091180 1020.9
1091190 1020.9
1091200 1022.8
1091210 1025.9
1091220 1025.9
1091230 1029.7
1091240 1033.7
1091250 1033.7
1091260 1036.8
1091270 1039.0
1091280 1039.0
1091290 1040.6
1091300 1041.4
1091310 1041.4
1091320 1043.0
1091330 1044.9
1091340 1044.9
1091350 1046.8
1091360 1049.9
1091370 1053.4
1091380 1053.4
1091390 1056.9
1091400 1058.3
1091410 1058.3
1091420 1053.8
1091430 1054.5
1091440 1054.5
1091450 1056.5
1091460 1059.1
1091470 1059.1
1091480 1063.1
1091490 1067.2
1091500 1067.2
1091510 1070.9
1091520 1074.0
1091530 1074.0
1091540 1075.9
1091550 1077.3
1091560 1077.3
1091570 1079.0
1091580 1081.3
1091590 1081.3
1091600 1082.7
1091610 1085.4
1091620 1088.8
1091630 1088.8
1091640 1091.8
1091650 1094.7
1091660 1094.7
1091670 1098.5
1091680 1104.2
1091690 1104.2
1091700 1109.6
1091710 1112.4
1091720 1112.4
1091730 1116.9
1091740 1115.5
1091750 1115.5
1091760 1119.0
1091770 1122.1
1091780 1122.1
1091790 1128.8
1091800 1132.8
1091810 1132.8
1091820 1133.8
1091830 1134.7
1091840 1134.7
1091850 1134.6
1091860 1135.2
1091870 1136.3
1091880 1136.3
1091890 1137.7
1091900 1139.2
1091910 1139.2
1091920 1140.5
1091930 1142.2
1091940 1142.2
1091950 1144.4
1091960 1146.6
1091970 1146.6
1091980 1148.7
1091990 1151.3
1092000 1151.3
1092010 1154.0
1092020 1157.0
1092030 1157.0
1092040 1160.3
1092050 1163.8
1092060 1168.5
1092070 1172.4
1092080 1175.9
1092090 1175.9
1092100 1179.3
1092110 1182.1
1092120 1184.7
1092130 1184.7
1092140 1187.3
1092150 1189.9
1092160 1189.9
1092170 1191.6
1092180 1193.0
1092190 1193.0
1092200 1195.7
1092210 1199.2
1092220 1199.2
1092230 1201.9
1092240 1204.2
1092250 1204.2
1092260 1206.5
1092270 1210.1
1092280 1210.1
1092290 1213.3
1092300 1216.4
1092310 1216.4
1092320 1220.1
1092330 1223.8
1092340 1223.8
1092350 1227.5
1092360 1230.6
1092370 1230.6
1092380 1233.5
1092390 1243.2
1092400 1245.8
1092410 1245.8
1092420 1248.7
1092430 1251.9
1092440 1251.9
1092450 1255.9
1092460 1260.1
1092470 1260.1
1092480 1263.7
1092490 1266.6
1092500 1266.6
1092510 1269.2
1092520 1270.9
1092530 1270.9
1092540 1272.3
1092550 1273.3
1092560 1273.3
1092570 1274.6
1092580 1276.9
1092590 1276.9
1092600 1279.2
1092610 1281.9
1092620 1281.9
1092630 1284.4
1092640 1286.2
1092650 1287.7
1092660 1287.7
1092670 1289.1
1092680 1290.2
1092690 1290.2
1092700 1291.2
1092710 1294.7
1092720 1294.7
1092730 1295.6
1092740 1296.7
1092750 1296.7
1092760 1297.3
1092770 1297.4
1092780 1297.4
1092790 1297.5
1092800 1298.9
1092810 1298.9
1092820 1300.1
1092830 1300.5
1092840 1300.5
1092850 1301.9
1092860 1303.5
1092870 1303.5
1092880 1304.7
1092890 1306.5
1092900 1308.5
1092910 1308.5
1092920 1311.0
1092930 1312.1
1092940 1312.1
1092950 1313.0
1092960 1313.7
1092970 1313.7
1092980 1314.1
1092990 1314.1
1093000 1314.1
1093010 1315.3
1093020 1316.4
1093030 1316.4
1093040 1324.9
1093050 1325.6
1093060 1325.6
1093070 1325.6
1093080 1325.7
1093090 1325.7
1093100 1326.0
1093110 1325.8
1093120 1325.8
1093130 1324.6
1093140 1322.9
1093150 1321.2
1093160 1321.2
1093170 1319.8
1093180 1317.5
1093190 1317.5
1093200 1315.3
1093210 1313.0
1093220 1313.0
1093230 1311.0
1093240 1310.1
1093250 1310.1
1093260 1309.7
1093270 1309.5
1093280 1309.5
1093290 1309.9
1093300 1309.4
1093310 1309.4
1093320 1311.1
1093330 1310.8
1093340 1310.8
1093350 1310.0
1093360 1317.8
1093370 1317.8
1093380 1318.0
1093390 1318.8
1093400 1321.4
1093410 1321.4
1093420 1322.1
1093430 1322.1
1093440 1322.1
1093450 1322.6
1093460 1324.9
1093470 1324.9
1093480 1326.2
1093490 1327.2
1093500 1327.2
1093510 1328.4
1093520 1328.6
1093530 1328.6
1093540 1328.5
1093550 1329.5
1093560 1329.5
1093570 1330.4
1093580 1330.1
1093590 1330.1
1093600 1330.6
1093610 1330.8
1093620 1330.8
1093630 1330.2
1093640 1331.2
1093650 1332.1
1093660 1332.1
1093670 1332.5
1093680 1333.1
1093690 1336.7
1093700 1337.4
1093710 1337.7
1093720 1337.7
1093730 1337.9
1093740 1338.8
1093750 1338.8
1093760 1339.9
1093770 1341.1
1093780 1341.1
1093790 1341.7
1093800 1342.6
1093810 1342.6
1093820 1343.1
1093830 1342.8
1093840 1342.8
1093850 1342.1
1093860 1342.6
1093870 1342.6
1093880 1342.2
1093890 1342.9
1093900 1342.9
1093910 1343.6
1093920 1343.8
1093930 1344.2
1093940 1344.2
1093950 1344.3
1093960 1344.1
1093970 1344.1
1093980 1344.8
1093990 1345.3
1094000 1345.3
1094010 1349.1
1094020 1350.4
1094030 1350.4
1094040 1351.1
1094050 1352.2
1094060 1352.2
1094070 1353.4
1094080 1354.4
1094090 1354.4
1094100 1355.3
1094110 1356.0
1094120 1356.0
1094130 1357.0
1094140 1358.0
1094150 1358.0
1094160 1357.1
1094170 1358.0
1094180 1359.6
1094190 1359.6
1094200 1359.9
1094210 1359.4
1094220 1359.4
1094230 1359.0
1094240 1358.8
1094250 1358.8
1094260 1358.3
1094270 1357.7
1094280 1357.7
1094290 1357.3
1094300 1357.4
1094310 1357.4
1094320 1357.5
1094330 1358.7
1094340 1364.8
1094350 1367.3
1094360 1370.2
1094370 1370.2
1094380 1373.3
1094390 1374.4
1094400 1374.4
1094410 1374.0
1094420 1375.5
1094430 1377.8
1094440 1377.8
1094450 1377.6
1094460 1374.6
1094470 1374.6
1094480 1370.2
1094490 1367.2
1094500 1367.2
1094510 1366.1
1094520 1365.0
1094530 1365.0
1094540 1364.7
1094550 1363.2
1094560 1363.2
1094570 1358.7
1094580 1353.3
1094590 1353.3
1094600 1348.3
1094610 1345.0
1094620 1345.0
1094630 1344.3
1094640 1343.7
1094650 1343.7
1094660 1348.1
1094670 1348.1
1094680 1348.3
1094690 1348.3
1094700 1349.3
1094710 1349.8
1094720 1349.8
1094730 1350.6
1094740 1352.1
1094750 1352.1
1094760 1351.0
1094770 1348.7
1094780 1348.7
1094790 1348.9
1094800 1348.7
1094810 1348.7
1094820 1348.2
1094830 1347.5
1094840 1347.5
1094850 1346.5
1094860 1346.0
1094870 1346.0
1094880 1346.3
1094890 1345.9
1094900 1345.9
1094910 1345.1
1094920 1344.2
1094930 1340.7
1094940 1340.7
1094950 1336.6
1094960 1335.9
1094970 1335.9
1094980 1335.4
1094990 1337.9
1095000 1337.9
1095010 1338.4
1095020 1338.3
1095030 1338.3
1095040 1335.7
1095050 1334.6
1095060 1334.6
1095070 1337.2
1095080 1341.0
1095090 1341.0
1095100 1344.2
1095110 1345.7
1095120 1345.7
1095130 1347.1
1095140 1349.6
1095150 1349.6
1095160 1353.1
1095170 1358.2
1095180 1364.5
1095190 1364.5
1095200 1370.4
1095210 1376.3
1095220 1376.3
1095230 1382.8
1095240 1390.0
1095250 1390.0
1095260 1396.9
1095270 1403.2
1095280 1403.2
1095290 1408.4
1095300 1411.9
1095310 1411.9
1095320 1415.1
1095330 1415.6
1095340 1415.6
1095350 1415.6
1095360 1415.1
1095370 1415.1
1095380 1414.5
1095390 1415.3
1095400 1415.3
1095410 1416.4
1095420 1416.6
1095430 1416.6
1095440 1417.2
1095450 1417.9
1095460 1418.9
1095470 1418.9
1095480 1420.3
1095490 1422.2
1095500 1422.2
1095510 1423.7
1095520 1423.4
1095530 1423.4
1095540 1421.7
1095550 1419.8
1095560 1419.8
1095570 1417.4
1095580 1414.7
1095590 1414.7
1095600 1411.5
1095610 1408.3
1095620 1408.3
1095630 1404.8
1095640 1407.7
1095650 1407.7
1095660 1404.6
1095670 1401.3
1095680 1401.3
1095690 1397.8
1095700 1394.9
1095710 1391.9
1095720 1391.9
1095730 1388.8
1095740 1385.7
1095750 1385.7
1095760 1383.0
1095770 1379.8
1095780 1379.8
1095790 1376.8
1095800 1373.5
1095810 1373.5
1095820 1369.6
1095830 1364.9
1095840 1364.9
1095850 1360.5
1095860 1357.6
1095870 1357.6
1095880 1354.8
1095890 1351.1
1095900 1351.1
1095910 1346.9
1095920 1341.7
1095930 1341.7
1095940 1336.3
1095950 1331.5
1095960 1327.2
1095970 1330.5
1095980 1326.2
1095990 1321.4
1096000 1321.4
1096010 1316.5
1096020 1311.9
1096030 1311.9
1096040 1307.0
1096050 1301.9
1096060 1301.9
1096070 1297.3
1096080 1293.0
1096090 1293.0
1096100 1288.7
1096110 1285.0
1096120 1285.0
1096130 1281.7
1096140 1278.8
1096150 1278.8
1096160 1275.6
1096170 1272.1
1096180 1272.1
1096190 1268.1
1096200 1263.8
1096210 1260.0
1096220 1260.0
1096230 1256.0
1096240 1250.3
1096250 1250.3
1096260 1244.9
1096270 1242.3
1096280 1242.3
1096290 1238.2
1096300 1235.9
1096310 1235.9
1096320 1229.6
1096330 1222.9
1096340 1222.9
1096350 1215.6
1096360 1207.6
1096370 1207.6
1096380 1199.7
1096390 1191.6
1096400 1191.6
1096410 1183.1
1096420 1177.2
1096430 1177.2
1096440 1170.2
1096450 1164.7
1096460 1160.8
1096470 1160.8
1096480 1155.3
1096490 1147.1
1096500 1147.1
1096510 1138.0
1096520 1127.9
1096530 1127.9
1096540 1116.7
1096550 1105.1
1096560 1105.1
1096570 1094.4
1096580 1084.8
1096590 1084.8
1096600 1074.6
1096610 1065.9
1096620 1072.7
1096630 1072.0
1096640 1069.1
1096650 1069.1
1096660 1066.0
1096670 1064.2
1096680 1064.2
1096690 1064.8
1096700 1063.8
1096710 1061.6
1096720 1061.6
1096730 1057.4
1096740 1052.4
1096750 1052.4
1096760 1046.9
1096770 1041.0
1096780 1041.0
1096790 1035.3
1096800 1028.6
1096810 1028.6
1096820 1023.0
1096830 1017.6
1096840 1017.6
1096850 1011.8
1096860 1008.6
1096870 1008.6
1096880 1005.5
1096890 1000.7
1096900 1000.7
1096910 995.1
1096920 988.5
1096930 988.5
1096940 982.3
1096950 979.5
1096960 975.8
1096970 975.8
1096980 972.7
1096990 966.6
1097000 966.6
1097010 956.3
1097020 946.3
1097030 946.3
1097040 936.7
1097050 934.0
1097060 934.0
1097070 935.8
1097080 938.3
1097090 938.3
1097100 937.9
1097110 932.0
1097120 932.0
1097130 926.1
1097140 921.8
1097150 921.8
1097160 918.8
1097170 914.3
1097180 914.3
1097190 909.1
1097200 902.6
1097210 902.6
1097220 896.1
1097230 891.7
1097240 886.8
1097250 886.8
1097260 882.4
1097270 878.2
1097280 884.1
1097290 879.8
1097300 875.1
1097310 875.1
1097320 871.0
1097330 867.5
1097340 867.5
1097350 863.8
1097360 857.5
1097370 857.5
1097380 856.7
1097390 861.6
1097400 861.6
1097410 868.1
1097420 873.7
1097430 873.7
1097440 879.4
1097450 883.8
1097460 883.8
1097470 889.0
1097480 895.5
1097490 901.8
1097500 901.8
1097510 908.1
1097520 914.1
1097530 914.1
1097540 919.5
1097550 924.8
1097560 924.8
1097570 929.7
1097580 934.4
1097590 934.4
1097600 939.5
1097610 941.8
1097620 941.8
1097630 948.4
1097640 956.1
1097650 956.1
1097660 962.7
1097670 966.6
1097680 966.6
1097690 968.3
1097700 970.3
1097710 970.3
1097720 972.7
1097730 974.9
1097740 976.1
1097750 976.1
1097760 976.4
1097770 976.3
1097780 976.3
1097790 978.4
1097800 982.5
1097810 982.5
1097820 985.5
1097830 987.5
1097840 987.5
1097850 989.6
1097860 993.5
1097870 993.5
1097880 997.1
1097890 1001.4
1097900 1001.4
1097910 1004.8
1097920 1008.0
1097930 1008.0
1097940 1008.8
1097950 1011.9
1097960 1011.9
1097970 1014.7
1097980 1017.5
1097990 1020.2
1098000 1020.2
1098010 1023.1
1098020 1025.8
1098030 1025.8
1098040 1028.2
1098050 1030.2
1098060 1030.2
1098070 1030.4
1098080 1028.5
1098090 1028.5
1098100 1030.3
1098110 1033.6
1098120 1033.6
1098130 1037.6
1098140 1041.8
1098150 1041.8
1098160 1046.0
1098170 1049.7
1098180 1049.7
1098190 1052.6
1098200 1055.2
1098210 1055.2
1098220 1057.3
1098230 1059.9
1098240 1062.7
1098250 1062.7
1098260 1065.4
1098270 1066.7
1098280 1066.7
1098290 1069.3
1098300 1071.6
1098310 1071.6
1098320 1073.9
1098330 1076.0
1098340 1076.0
1098350 1078.3
1098360 1081.7
1098370 1081.7
1098380 1084.7
1098390 1086.8
1098400 1086.8
1098410 1088.4
1098420 1089.4
1098430 1089.4
1098440 1090.7
1098450 1091.4
1098460 1091.4
1098470 1091.7
1098480 1093.0
1098490 1095.2
1098500 1095.2
1098510 1096.7
1098520 1100.2
1098530 1100.2
1098540 1104.8
1098550 1107.9
1098560 1107.9
1098570 1110.0
1098580 1112.4
1098590 1112.4
1098600 1115.4
1098610 1119.2
1098620 1119.2
1098630 1119.9
1098640 1122.4
1098650 1122.4
1098660 1124.5
1098670 1125.3
1098680 1125.3
1098690 1125.8
1098700 1126.3
1098710 1126.3
1098720 1126.5
1098730 1127.3
1098740 1127.3
1098750 1129.9
1098760 1132.8
1098770 1136.4
1098780 1136.4
1098790 1139.9
1098800 1144.0
1098810 1144.0
1098820 1148.7
1098830 1152.0
1098840 1152.0
1098850 1155.0
1098860 1158.6
1098870 1158.6
1098880 1161.8
1098890 1164.4
1098900 1164.4
1098910 1166.6
1098920 1169.1
1098930 1165.9
1098940 1169.2
1098950 1172.4
1098960 1172.4
1098970 1174.6
1098980 1177.2
1098990 1177.2
1099000 1179.9
1099010 1182.3
1099020 1184.5
1099030 1184.5
1099040 1186.5
1099050 1187.9
1099060 1187.9
1099070 1188.3
1099080 1188.7
1099090 1188.7
1099100 1188.7
1099110 1187.6
1099120 1187.6
1099130 1186.9
1099140 1187.7
1099150 1187.7
1099160 1189.8
1099170 1194.0
1099180 1194.0
1099190 1197.4
1099200 1201.1
1099210 1201.1
1099220 1206.9
1099230 1213.9
1099240 1213.9
1099250 1218.2
1099260 1224.9
1099270 1229.2
1099280 1229.2
1099290 1233.5
1099300 1237.8
1099310 1237.8
1099320 1241.8
1099330 1244.3
1099340 1244.3
1099350 1245.4
1099360 1245.7
1099370 1245.7
1099380 1245.9
1099390 1246.9
1099400 1246.9
1099410 1248.1
1099420 1248.5
1099430 1248.5
1099440 1249.4
1099450 1249.9
1099460 1249.9
1099470 1255.8
1099480 1262.6
1099490 1262.6
1099500 1267.9
1099510 1270.7
1099520 1272.8
1099530 1272.8
1099540 1274.8
1099550 1276.9
1099560 1276.9
1099570 1279.8
1099580 1276.0
1099590 1276.0
1099600 1275.9
1099610 1275.6
1099620 1275.6
1099630 1274.8
1099640 1276.7
1099650 1276.7
1099660 1281.8
1099670 1288.1
1099680 1288.1
1099690 1292.3
1099700 1297.4
1099710 1297.4
1099720 1301.6
1099730 1306.3
1099740 1306.3
1099750 1309.8
1099760 1315.0
1099770 1321.3
1099780 1321.3
1099790 1327.3
1099800 1331.0
1099810 1331.0
1099820 1333.6
1099830 1334.6
1099840 1334.6
1099850 1335.5
1099860 1337.0
1099870 1337.0
1099880 1341.5
1099890 1345.7
1099900 1345.7
1099910 1348.3
1099920 1348.4
1099930 1348.4
1099940 1350.8
1099950 1354.6
1099960 1354.6
1099970 1357.1
1099980 1359.5
1099990 1359.5
