1080000 550.3
1080010 552.1
1080020 552.1
1080030 553.5
1080040 554.5
1080050 554.5
1080060 555.1
1080070 555.8
1080080 555.8
1080090 556.9
1080100 556.0
1080110 557.2
1080120 557.2
1080130 558.3
1080140 559.9
1080150 559.9
1080160 562.2
1080170 566.2
1080180 566.2
1080190 572.0
1080200 578.0
1080210 578.0
1080220 581.3
1080230 582.2
1080240 582.2
1080250 583.0
1080260 584.9
1080270 584.9
1080280 588.1
1080290 591.1
1080300 591.1
1080310 593.1
1080320 595.0
1080330 595.0
1080340 596.2
1080350 597.1
1080360 598.2
1080370 598.2
1080380 599.1
1080390 599.4
1080400 599.4
1080410 597.6
1080420 598.2
1080430 598.2
1080440 598.8
1080450 599.5
1080460 599.5
1080470 600.2
1080480 600.6
1080490 600.6
1080500 600.7
1080510 600.7
1080520 600.7
1080530 600.7
1080540 600.7
1080550 600.7
1080560 600.7
1080570 600.7
1080580 600.7
1080590 601.1
1080600 601.5
1080610 601.6
1080620 601.6
1080630 601.4
1080640 601.2
1080650 601.2
1080660 601.1
1080670 601.1
1080680 601.1
1080690 601.2
1080700 601.1
1080710 601.1
1080720 601.1
1080730 600.2
1080740 600.2
1080750 600.3
1080760 600.5
1080770 600.5
1080780 601.1
1080790 599.9
1080800 599.9
1080810 599.1
1080820 598.6
1080830 598.6
1080840 598.3
1080850 598.2
1080860 598.0
1080870 598.0
1080880 597.9
1080890 598.0
1080900 598.0
1080910 598.5
1080920 599.0
1080930 599.0
1080940 598.3
1080950 598.1
1080960 598.1
1080970 598.1
1080980 598.0
1080990 598.0
1081000 597.1
1081010 595.8
1081020 595.8
1081030 595.2
1081040 593.3
1081050 593.3
1081060 592.8
1081070 592.2
1081080 592.2
1081090 591.6
1081100 591.0
1081110 591.0
1081120 590.6
1081130 590.5
1081140 590.3
1081150 590.3
1081160 590.3
1081170 590.3
1081180 590.3
1081190 590.4
1081200 590.5
1081210 590.5
1081220 590.9
1081230 591.2
1081240 591.2
1081250 591.6
1081260 591.8
1081270 591.8
1081280 591.9
1081290 592.2
1081300 592.2
1081310 592.7
1081320 593.3
1081330 593.3
1081340 594.1
1081350 595.2
1081360 595.9
1081370 596.6
1081380 597.2
1081390 597.8
1081400 597.8
1081410 597.9
1081420 598.2
1081430 598.2
1081440 598.7
1081450 598.8
1081460 598.8
1081470 598.2
1081480 597.8
1081490 597.8
1081500 598.1
1081510 598.7
1081520 598.7
1081530 599.6
1081540 600.7
1081550 600.7
1081560 601.0
1081570 601.1
1081580 601.1
1081590 600.8
1081600 600.4
1081610 600.4
1081620 600.1
1081630 599.9
1081640 599.8
1081650 599.8
1081660 599.9
1081670 600.3
1081680 600.3
1081690 600.3
1081700 600.3
1081710 600.3
1081720 600.4
1081730 600.6
1081740 600.6
1081750 601.0
1081760 601.2
1081770 601.2
1081780 601.4
1081790 601.5
1081800 601.5
1081810 601.6
1081820 601.7
1081830 601.7
1081840 601.7
1081850 601.9
1081860 601.9
1081870 602.1
1081880 602.4
1081890 602.4
1081900 602.6
1081910 603.1
1081920 603.1
1081930 603.1
1081940 603.0
1081950 603.0
1081960 603.0
1081970 603.1
1081980 603.3
1081990 602.5
1082000 602.6
1082010 602.8
1082020 602.8
1082030 603.2
1082040 603.8
1082050 603.8
1082060 604.5
1082070 605.4
1082080 605.4
1082090 606.3
1082100 607.4
1082110 607.4
1082120 608.6
1082130 610.1
1082140 610.1
1082150 611.5
1082160 612.7
1082170 613.1
1082180 613.1
1082190 612.7
1082200 615.4
1082210 615.4
1082220 617.1
1082230 618.5
1082240 618.5
1082250 620.1
1082260 621.2
1082270 621.2
1082280 621.6
1082290 622.0
1082300 622.0
1082310 622.1
1082320 622.9
1082330 622.9
1082340 624.3
1082350 626.7
1082360 626.7
1082370 626.8
1082380 626.4
1082390 626.4
1082400 626.1
1082410 625.4
1082420 624.6
1082430 624.6
1082440 624.0
1082450 623.3
1082460 623.3
1082470 622.6
1082480 621.6
1082490 621.6
1082500 621.6
1082510 622.7
1082520 622.7
1082530 623.1
1082540 623.3
1082550 623.3
1082560 623.6
1082570 623.7
1082580 623.7
1082590 623.7
1082600 623.5
1082610 623.5
1082620 622.4
1082630 622.8
1082640 622.8
1082650 623.2
1082660 623.3
1082670 624.5
1082680 624.5
1082690 625.7
1082700 626.4
1082710 626.4
1082720 627.5
1082730 628.2
1082740 628.2
1082750 629.0
1082760 630.0
1082770 630.0
1082780 631.6
1082790 633.2
1082800 633.2
1082810 634.6
1082820 636.3
1082830 636.3
1082840 638.6
1082850 640.4
1082860 640.4
1082870 641.0
1082880 643.4
1082890 643.4
1082900 644.9
1082910 645.1
1082920 645.1
1082930 646.6
1082940 645.0
1082950 646.2
1082960 646.2
1082970 647.7
1082980 650.1
1082990 650.1
1083000 652.7
1083010 654.6
1083020 654.6
1083030 656.9
1083040 659.2
1083050 659.2
1083060 661.5
1083070 663.2
1083080 663.2
1083090 663.8
1083100 664.2
1083110 664.2
1083120 664.9
1083130 665.8
1083140 665.8
1083150 666.7
1083160 668.0
1083170 668.0
1083180 669.8
1083190 671.5
1083200 673.0
1083210 673.0
1083220 675.1
1083230 677.1
1083240 677.1
1083250 676.5
1083260 677.9
1083270 677.9
1083280 679.8
1083290 682.3
1083300 682.3
1083310 685.8
1083320 690.4
1083330 690.4
1083340 694.8
1083350 698.6
1083360 698.6
1083370 701.7
1083380 704.1
1083390 704.1
1083400 705.5
1083410 707.2
1083420 707.2
1083430 709.8
1083440 712.6
1083450 715.1
1083460 715.1
1083470 717.7
1083480 720.0
1083490 720.0
1083500 722.3
1083510 724.4
1083520 724.4
1083530 727.1
1083540 730.2
1083550 730.2
1083560 733.3
1083570 733.4
1083580 733.4
1083590 738.9
1083600 745.3
1083610 745.3
1083620 752.2
1083630 758.2
1083640 758.2
1083650 762.5
1083660 766.3
1083670 766.3
1083680 769.2
1083690 771.8
1083700 771.8
1083710 774.4
1083720 777.4
1083730 780.8
1083740 780.8
1083750 783.9
1083760 786.4
1083770 786.4
1083780 789.4
1083790 792.6
1083800 792.6
1083810 795.8
1083820 799.0
1083830 799.0
1083840 802.1
1083850 805.6
1083860 805.6
1083870 808.5
1083880 810.7
1083890 807.1
1083900 809.6
1083910 811.8
1083920 811.8
1083930 814.1
1083940 816.5
1083950 816.5
1083960 818.7
1083970 820.7
1083980 821.8
1083990 821.8
1084000 822.5
1084010 823.3
1084020 823.3
1084030 823.8
1084040 824.1
1084050 824.1
1084060 824.2
1084070 824.5
1084080 824.5
1084090 824.4
1084100 824.4
1084110 824.4
1084120 824.5
1084130 824.4
1084140 824.4
1084150 823.9
1084160 823.5
1084170 823.5
1084180 823.2
1084190 822.7
1084200 822.7
1084210 821.6
1084220 821.4
1084230 821.7
1084240 821.7
1084250 822.5
1084260 823.1
1084270 823.1
1084280 824.1
1084290 825.2
1084300 825.2
1084310 826.8
1084320 827.6
1084330 827.6
1084340 828.6
1084350 829.6
1084360 829.6
1084370 830.3
1084380 831.2
1084390 831.2
1084400 832.2
1084410 832.8
1084420 832.8
1084430 833.2
1084440 833.2
1084450 833.2
1084460 833.4
1084470 834.4
1084480 835.8
1084490 835.8
1084500 836.9
1084510 837.5
1084520 839.9
1084530 841.0
1084540 842.1
1084550 842.1
1084560 843.1
1084570 843.7
1084580 843.7
1084590 843.9
1084600 844.0
1084610 844.0
1084620 844.2
1084630 844.3
1084640 844.3
1084650 844.3
1084660 844.2
1084670 844.2
1084680 844.1
1084690 843.9
1084700 843.9
1084710 843.8
1084720 843.8
1084730 843.8
1084740 844.1
1084750 844.5
1084760 845.0
1084770 845.0
1084780 845.3
1084790 845.5
1084800 845.5
1084810 845.6
1084820 845.7
1084830 845.7
1084840 846.8
1084850 846.9
1084860 846.9
1084870 847.1
1084880 847.6
1084890 847.6
1084900 848.3
1084910 848.9
1084920 848.9
1084930 849.4
1084940 850.1
1084950 850.1
1084960 851.0
1084970 851.6
1084980 851.6
1084990 851.9
1085000 851.6
1085010 851.2
1085020 851.2
1085030 851.1
1085040 850.9
1085050 850.9
1085060 850.6
1085070 850.4
1085080 850.4
1085090 850.3
1085100 850.1
1085110 850.1
1085120 849.8
1085130 849.3
1085140 849.3
1085150 849.0
1085160 849.5
1085170 849.5
1085180 849.7
1085190 850.2
1085200 850.2
1085210 850.2
1085220 850.2
1085230 850.2
1085240 849.9
1085250 849.3
1085260 848.7
1085270 848.7
1085280 847.8
1085290 846.2
1085300 846.2
1085310 844.8
1085320 843.9
1085330 843.9
1085340 842.5
1085350 840.6
1085360 840.6
1085370 838.4
1085380 836.5
1085390 836.5
1085400 834.9
1085410 832.9
1085420 832.9
1085430 830.6
1085440 828.4
1085450 828.4
1085460 825.9
1085470 823.0
1085480 823.8
1085490 821.0
1085500 817.5
1085510 813.8
1085520 813.8
1085530 810.1
1085540 806.1
1085550 806.1
1085560 801.9
1085570 796.7
1085580 796.7
1085590 791.7
1085600 787.4
1085610 787.4
1085620 784.4
1085630 782.6
1085640 782.6
1085650 780.7
1085660 779.8
1085670 779.8
1085680 777.8
1085690 775.3
1085700 775.3
1085710 775.4
1085720 777.7
1085730 777.7
1085740 778.9
1085750 778.5
1085760 778.5
1085770 777.1
1085780 775.2
1085790 773.4
1085800 777.5
1085810 776.5
1085820 775.5
1085830 775.5
1085840 774.3
1085850 772.8
1085860 772.8
1085870 769.9
1085880 767.0
1085890 767.0
1085900 765.0
1085910 763.1
1085920 763.1
1085930 759.9
1085940 757.4
1085950 757.4
1085960 755.4
1085970 753.7
1085980 753.7
1085990 752.0
1086000 750.6
1086010 750.6
1086020 749.5
1086030 748.7
1086040 749.1
1086050 749.1
1086060 749.5
1086070 748.4
1086080 748.4
1086090 745.9
1086100 743.9
1086110 743.9
1086120 743.1
1086130 741.2
1086140 741.2
1086150 739.8
1086160 737.8
1086170 737.8
1086180 735.5
1086190 732.7
1086200 732.7
1086210 729.3
1086220 725.5
1086230 725.5
1086240 721.4
1086250 717.5
1086260 717.5
1086270 712.9
1086280 708.7
1086290 706.3
1086300 706.3
1086310 703.2
1086320 698.3
1086330 698.3
1086340 692.8
1086350 690.2
1086360 690.2
1086370 689.4
1086380 689.2
1086390 689.2
1086400 689.1
1086410 689.6
1086420 689.6
1086430 692.5
1086440 698.8
1086450 698.8
1086460 701.5
1086470 703.6
1086480 703.6
1086490 705.5
1086500 707.2
1086510 707.2
1086520 708.5
1086530 709.9
1086540 709.9
1086550 711.3
1086560 712.5
1086570 714.0
1086580 714.0
1086590 715.2
1086600 715.8
1086610 715.8
1086620 716.1
1086630 716.5
1086640 716.5
1086650 716.4
1086660 716.3
1086670 716.3
1086680 716.6
1086690 716.9
1086700 716.9
1086710 717.2
1086720 717.8
1086730 717.8
1086740 718.3
1086750 719.8
1086760 720.2
1086770 723.1
1086780 725.8
1086790 725.8
1086800 726.6
1086810 726.9
1086820 727.3
1086830 727.3
1086840 727.7
1086850 728.5
1086860 728.5
1086870 730.7
1086880 731.6
1086890 731.6
1086900 732.1
1086910 732.0
1086920 732.0
1086930 732.2
1086940 732.5
1086950 732.5
1086960 733.1
1086970 734.2
1086980 734.2
1086990 734.9
1087000 735.3
1087010 735.3
1087020 735.8
1087030 737.2
1087040 737.2
1087050 738.2
1087060 739.2
1087070 740.5
1087080 742.8
1087090 743.9
1087100 743.7
1087110 743.7
1087120 744.2
1087130 743.6
1087140 743.6
1087150 741.6
1087160 741.7
1087170 741.7
1087180 742.9
1087190 744.4
1087200 744.4
1087210 746.6
1087220 748.7
1087230 748.7
1087240 749.7
1087250 749.8
1087260 749.8
1087270 750.2
1087280 751.1
1087290 751.1
1087300 752.2
1087310 753.9
1087320 756.5
1087330 756.5
1087340 758.8
1087350 759.7
1087360 759.7
1087370 759.7
1087380 758.4
1087390 758.4
1087400 761.7
1087410 759.5
1087420 759.5
1087430 756.0
1087440 753.6
1087450 753.6
1087460 751.7
1087470 750.2
1087480 750.2
1087490 750.3
1087500 751.5
1087510 751.5
1087520 753.7
1087530 756.3
1087540 756.3
1087550 758.3
1087560 761.8
1087570 761.8
1087580 766.0
1087590 770.5
1087600 775.3
1087610 775.3
1087620 776.6
1087630 776.7
1087640 776.7
1087650 777.5
1087660 778.7
1087670 778.7
1087680 780.0
1087690 781.7
1087700 781.7
1087710 784.3
1087720 784.1
1087730 784.1
1087740 785.8
1087750 787.2
1087760 787.2
1087770 788.6
1087780 789.9
1087790 789.9
1087800 791.2
1087810 792.6
1087820 792.6
1087830 794.1
1087840 796.1
1087850 796.6
1087860 796.6
1087870 798.7
1087880 800.9
1087890 800.9
1087900 801.5
1087910 802.1
1087920 802.1
1087930 802.6
1087940 803.2
1087950 803.2
1087960 803.8
1087970 804.2
1087980 804.2
1087990 805.9
1088000 810.8
1088010 810.8
1088020 815.7
1088030 819.7
1088040 817.2
1088050 820.8
1088060 822.6
1088070 822.6
1088080 824.7
1088090 827.4
1088100 831.5
1088110 831.5
1088120 834.7
1088130 837.4
1088140 837.4
1088150 841.6
1088160 844.7
1088170 844.7
1088180 844.1
1088190 841.1
1088200 841.1
1088210 840.7
1088220 841.1
1088230 841.1
1088240 840.4
1088250 838.0
1088260 838.0
1088270 836.1
1088280 835.0
1088290 835.0
1088300 834.8
1088310 835.1
1088320 835.1
1088330 836.4
1088340 838.5
1088350 839.6
1088360 837.1
1088370 837.3
1088380 837.7
1088390 837.7
1088400 840.0
1088410 844.2
1088420 844.2
1088430 848.3
1088440 848.2
1088450 848.2
1088460 845.1
1088470 842.7
1088480 842.7
1088490 841.8
1088500 841.8
1088510 841.8
1088520 842.2
1088530 843.0
1088540 843.0
1088550 844.0
1088560 842.8
1088570 842.8
1088580 842.0
1088590 839.8
1088600 839.8
1088610 836.1
1088620 833.4
1088630 832.2
1088640 832.2
1088650 832.0
1088660 832.0
1088670 832.0
1088680 826.1
1088690 823.5
1088700 823.5
1088710 822.1
1088720 820.7
1088730 820.7
1088740 819.1
1088750 817.7
1088760 817.7
1088770 816.1
1088780 815.3
1088790 815.3
1088800 815.6
1088810 815.3
1088820 815.3
1088830 814.0
1088840 811.5
1088850 811.5
1088860 809.4
1088870 808.2
1088880 806.8
1088890 806.8
1088900 805.4
1088910 802.1
1088920 802.1
1088930 799.0
1088940 794.5
1088950 794.5
1088960 789.3
1088970 792.8
1088980 792.8
1088990 799.3
1089000 808.7
1089010 808.7
1089020 810.5
1089030 812.4
1089040 812.4
1089050 812.9
1089060 812.8
1089070 812.8
1089080 812.4
1089090 811.7
1089100 811.7
1089110 811.3
1089120 810.8
1089130 810.1
1089140 810.1
1089150 809.7
1089160 809.4
1089170 809.4
1089180 809.2
1089190 809.5
1089200 809.5
1089210 809.8
1089220 809.4
1089230 809.4
1089240 809.5
1089250 810.5
1089260 810.5
1089270 810.9
1089280 810.7
1089290 810.7
1089300 809.8
1089310 808.3
1089320 804.1
1089330 803.2
1089340 802.1
1089350 802.1
1089360 800.3
1089370 800.0
1089380 800.0
1089390 799.7
1089400 799.2
1089410 798.9
1089420 798.9
1089430 798.7
1089440 798.4
1089450 798.4
1089460 796.5
1089470 794.0
1089480 794.0
1089490 791.9
1089500 790.6
1089510 790.6
1089520 790.4
1089530 790.5
1089540 790.5
1089550 790.4
1089560 790.2
1089570 790.2
1089580 789.7
1089590 789.2
1089600 789.2
1089610 788.7
1089620 788.2
1089630 788.2
1089640 786.8
1089650 786.3
1089660 785.8
1089670 785.8
1089680 785.5
1089690 785.3
1089700 785.3
1089710 785.3
1089720 785.2
1089730 785.2
1089740 785.2
1089750 784.8
1089760 784.8
1089770 784.2
1089780 783.8
1089790 783.8
1089800 783.8
1089810 783.8
1089820 783.8
1089830 783.4
1089840 782.5
1089850 782.5
1089860 780.9
1089870 778.9
1089880 778.9
1089890 777.4
1089900 776.6
1089910 775.8
1089920 775.8
1089930 775.0
1089940 774.1
1089950 774.1
1089960 773.0
1089970 773.6
1089980 773.6
1089990 773.4
1090000 772.0
1090010 772.0
1090020 769.1
1090030 764.7
1090040 764.7
1090050 760.3
1090060 757.4
1090070 757.4
1090080 753.4
1090090 752.4
1090100 752.4
1090110 752.4
1090120 751.6
1090130 751.6
1090140 749.1
1090150 742.3
1090160 733.7
1090170 733.7
1090180 726.1
1090190 721.2
1090200 721.2
1090210 717.6
1090220 713.3
1090230 713.3
1090240 707.0
1090250 701.3
1090260 701.3
1090270 697.0
1090280 692.1
1090290 690.0
1090300 684.9
1090310 681.3
1090320 681.3
1090330 679.0
1090340 675.5
1090350 675.5
1090360 672.8
1090370 669.7
1090380 669.7
1090390 666.2
1090400 663.8
1090410 663.8
1090420 661.2
1090430 657.9
1090440 654.5
1090450 654.5
1090460 650.5
1090470 646.5
1090480 646.5
1090490 640.9
1090500 633.4
1090510 633.4
1090520 628.0
1090530 625.7
1090540 625.7
1090550 622.6
1090560 614.8
1090570 614.8
1090580 604.5
1090590 597.3
1090600 597.3
1090610 595.4
1090620 598.8
1090630 598.8
1090640 601.8
1090650 606.4
1090660 606.4
1090670 611.2
1090680 614.7
1090690 614.7
1090700 614.7
1090710 615.1
1090720 617.5
1090730 617.5
1090740 619.9
1090750 622.7
1090760 622.7
1090770 622.7
1090780 624.9
1090790 624.9
1090800 625.9
1090810 627.1
1090820 627.1
1090830 625.6
1090840 632.2
1090850 632.2
1090860 638.3
1090870 639.9
1090880 639.9
1090890 642.2
1090900 645.2
1090910 645.2
1090920 646.2
1090930 654.9
1090940 653.9
1090950 653.9
1090960 651.7
1090970 648.6
1090980 648.6
1090990 647.8
1091000 644.4
1091010 644.4
1091020 638.4
1091030 637.8
1091040 637.8
1091050 635.8
1091060 635.3
1091070 635.3
1091080 635.3
1091090 634.1
1091100 634.1
1091110 627.5
1091120 632.1
1091130 632.1
1091140 638.6
1091150 639.9
1091160 639.9
1091170 640.3
1091180 644.0
1091190 647.2
1091200 647.2
1091210 649.3
1091220 648.4
1091230 648.4
1091240 646.6
1091250 646.2
1091260 654.0
1091270 656.0
1091280 658.2
1091290 658.2
1091300 662.1
1091310 661.4
1091320 661.4
1091330 662.9
1091340 664.1
1091350 664.1
1091360 662.0
1091370 659.5
1091380 659.5
1091390 658.6
1091400 659.2
1091410 659.2
1091420 658.3
1091430 657.6
1091440 657.6
1091450 656.8
1091460 655.2
1091470 657.5
1091480 657.5
1091490 662.3
1091500 664.3
1091510 664.3
1091520 666.7
1091530 668.5
1091540 668.5
1091550 668.9
1091560 669.2
1091570 669.2
1091580 677.9
1091590 678.8
1091600 678.8
1091610 673.7
1091620 664.6
1091630 664.6
1091640 667.4
1091650 666.4
1091660 666.4
1091670 661.4
1091680 658.4
1091690 658.4
1091700 654.2
1091710 654.2
1091720 656.1
1091730 656.1
1091740 651.8
1091750 644.6
1091760 644.6
1091770 650.0
1091780 653.1
1091790 653.1
1091800 656.9
1091810 659.2
1091820 659.2
1091830 659.7
1091840 660.2
1091850 660.2
1091860 662.7
1091870 663.7
1091880 663.7
1091890 663.2
1091900 672.3
1091910 672.3
1091920 667.5
1091930 666.7
1091940 666.7
1091950 674.1
1091960 678.6
1091970 682.2
1091980 682.2
1091990 682.9
1092000 683.6
1092010 683.6
1092020 692.1
1092030 701.8
1092040 701.8
1092050 710.0
1092060 719.4
1092070 719.4
1092080 727.9
1092090 731.4
1092100 731.4
1092110 733.1
1092120 733.6
1092130 733.6
1092140 731.6
1092150 727.7
1092160 727.7
1092170 725.0
1092180 722.3
1092190 722.3
1092200 716.9
1092210 712.6
1092220 712.6
1092230 718.1
1092240 711.5
1092250 700.7
1092260 700.7
1092270 702.4
1092280 709.1
1092290 709.1
1092300 712.9
1092310 712.8
1092320 712.8
1092330 709.9
1092340 708.6
1092350 708.6
1092360 702.0
1092370 703.3
1092380 703.3
1092390 712.7
1092400 721.2
1092410 721.2
1092420 728.4
1092430 738.9
1092440 738.9
1092450 750.2
1092460 760.1
1092470 760.1
1092480 769.3
1092490 776.6
1092500 781.5
1092510 781.5
1092520 785.6
1092530 786.5
1092540 786.5
1092550 797.3
1092560 800.6
1092570 800.6
1092580 800.3
1092590 798.7
1092600 798.7
1092610 805.5
1092620 812.6
1092630 812.6
1092640 813.8
1092650 813.7
1092660 813.7
1092670 811.3
1092680 807.7
1092690 807.7
1092700 805.0
1092710 803.1
1092720 803.1
1092730 806.3
1092740 809.7
1092750 810.3
1092760 810.3
1092770 809.3
1092780 806.9
1092790 806.9
1092800 803.2
1092810 799.6
1092820 799.6
1092830 798.2
1092840 796.9
1092850 796.9
1092860 796.2
1092870 789.1
1092880 800.6
1092890 806.5
1092900 815.4
1092910 815.4
1092920 821.3
1092930 825.5
1092940 825.5
1092950 826.5
1092960 828.9
1092970 828.9
1092980 834.4
1092990 834.8
1093000 837.5
1093010 837.5
1093020 839.1
1093030 838.7
1093040 838.7
1093050 840.9
1093060 839.9
1093070 839.9
1093080 840.0
1093090 843.6
1093100 843.6
1093110 843.8
1093120 843.9
1093130 843.9
1093140 846.3
1093150 845.2
1093160 845.2
1093170 846.8
1093180 846.5
1093190 846.5
1093200 851.4
1093210 855.6
1093220 855.6
1093230 856.2
1093240 857.9
1093250 857.9
1093260 859.6
1093270 861.4
1093280 861.4
1093290 861.4
1093300 864.4
1093310 866.1
1093320 866.1
1093330 867.0
1093340 867.8
1093350 867.8
1093360 868.9
1093370 871.8
1093380 871.8
1093390 874.2
1093400 876.3
1093410 876.3
1093420 877.7
1093430 877.5
1093440 877.5
1093450 881.3
1093460 881.8
1093470 881.8
1093480 883.6
1093490 887.9
1093500 887.9
1093510 889.8
1093520 891.7
1093530 898.5
1093540 898.5
1093550 900.6
1093560 902.0
1093570 902.0
1093580 903.9
1093590 905.6
1093600 905.6
1093610 908.0
1093620 909.6
1093630 909.6
1093640 911.4
1093650 912.9
1093660 912.9
1093670 913.1
1093680 913.4
1093690 913.4
1093700 915.2
1093710 916.0
1093720 916.0
1093730 917.6
1093740 917.8
1093750 917.8
1093760 918.1
1093770 920.2
1093780 921.6
1093790 921.6
1093800 922.8
1093810 924.9
1093820 924.9
1093830 927.3
1093840 929.6
1093850 933.0
1093860 933.8
1093870 933.9
1093880 933.9
1093890 936.4
1093900 938.3
1093910 938.3
1093920 940.0
1093930 941.4
1093940 941.4
1093950 942.2
1093960 942.6
1093970 942.6
1093980 942.7
1093990 942.9
1094000 942.9
1094010 943.3
1094020 943.4
1094030 943.3
1094040 943.3
1094050 944.1
1094060 945.5
1094070 945.5
1094080 946.5
1094090 947.0
1094100 947.0
1094110 947.4
1094120 948.2
1094130 948.2
1094140 949.1
1094150 950.2
1094160 950.2
1094170 951.5
1094180 954.0
1094190 954.0
1094200 955.0
1094210 955.8
1094220 955.8
1094230 956.1
1094240 955.6
1094250 955.6
1094260 955.5
1094270 956.7
1094280 956.7
1094290 958.5
1094300 959.5
1094310 959.3
1094320 959.3
1094330 959.2
1094340 959.6
1094350 959.6
1094360 961.0
1094370 962.0
1094380 962.0
1094390 963.4
1094400 963.9
1094410 963.9
1094420 963.4
1094430 967.2
1094440 967.2
1094450 968.9
1094460 971.4
1094470 971.4
1094480 972.6
1094490 973.8
1094500 975.0
1094510 976.8
1094520 979.2
1094530 979.2
1094540 981.3
1094550 982.7
1094560 983.4
1094570 983.4
1094580 983.9
1094590 984.2
1094600 984.2
1094610 984.2
1094620 984.2
1094630 984.2
1094640 984.4
1094650 985.1
1094660 985.1
1094670 985.8
1094680 986.4
1094690 986.4
1094700 986.7
1094710 987.4
1094720 987.4
1094730 988.1
1094740 988.4
1094750 988.4
1094760 988.6
1094770 988.8
1094780 988.8
1094790 989.1
1094800 989.4
1094810 989.8
1094820 989.8
1094830 991.4
1094840 990.4
1094850 990.4
1094860 990.6
1094870 994.4
1094880 994.4
1094890 995.8
1094900 996.4
1094910 996.4
1094920 996.7
1094930 996.5
1094940 996.5
1094950 997.2
1094960 997.9
1094970 997.9
1094980 998.3
1094990 999.1
1095000 999.1
1095010 1000.0
1095020 1000.3
1095030 1000.3
1095040 1001.1
1095050 1000.9
1095060 1000.0
1095070 1000.0
1095080 998.8
1095090 997.8
1095100 997.8
1095110 997.0
1095120 996.4
1095130 996.4
1095140 996.1
1095150 996.4
1095160 997.4
1095170 997.4
1095180 996.2
1095190 996.2
1095200 994.2
1095210 992.0
1095220 992.0
1095230 990.4
1095240 989.2
1095250 989.2
1095260 987.6
1095270 986.9
1095280 986.9
1095290 986.5
1095300 986.2
1095310 986.2
1095320 985.5
1095330 984.8
1095340 984.3
1095350 984.3
1095360 983.8
1095370 983.5
1095380 983.5
1095390 982.6
1095400 981.1
1095410 981.1
1095420 979.4
1095430 977.2
1095440 977.2
1095450 975.1
1095460 973.8
1095470 973.8
1095480 972.1
1095490 971.7
1095500 971.7
1095510 969.4
1095520 968.4
1095530 968.4
1095540 967.7
1095550 966.9
1095560 966.9
1095570 965.8
1095580 964.6
1095590 963.5
1095600 963.5
1095610 962.6
1095620 962.0
1095630 962.0
1095640 961.4
1095650 960.8
1095660 960.8
1095670 960.0
1095680 958.6
1095690 958.6
1095700 957.2
1095710 956.3
1095720 956.3
1095730 955.4
1095740 955.1
1095750 955.1
1095760 955.5
1095770 956.2
1095780 956.2
1095790 956.5
1095800 957.1
1095810 954.9
1095820 955.2
1095830 955.4
1095840 955.4
1095850 955.4
1095860 955.5
1095870 955.9
1095880 955.9
1095890 956.0
1095900 955.2
1095910 955.2
1095920 951.6
1095930 946.3
1095940 946.3
1095950 941.8
1095960 938.5
1095970 938.5
1095980 937.1
1095990 936.3
1096000 936.3
1096010 934.7
1096020 935.7
1096030 935.7
1096040 934.2
1096050 931.9
1096060 931.9
1096070 929.0
1096080 925.9
1096090 923.2
1096100 923.2
1096110 919.4
1096120 914.5
1096130 914.5
1096140 908.7
1096150 904.6
1096160 904.6
1096170 899.5
1096180 894.2
1096190 894.2
1096200 888.8
1096210 882.4
1096220 882.4
1096230 877.3
1096240 872.1
1096250 872.1
1096260 864.5
1096270 859.0
1096280 859.0
1096290 855.7
1096300 856.9
1096310 856.9
1096320 858.3
1096330 856.8
1096340 856.8
1096350 853.1
1096360 849.8
1096370 846.8
1096380 846.8
1096390 843.6
1096400 839.9
1096410 839.9
1096420 834.9
1096430 828.8
1096440 828.8
1096450 822.2
1096460 812.8
1096470 812.8
1096480 806.5
1096490 802.0
1096500 802.0
1096510 797.1
1096520 791.9
1096530 791.9
1096540 786.2
1096550 781.8
1096560 781.8
1096570 781.2
1096580 783.5
1096590 783.5
1096600 789.6
1096610 794.6
1096620 801.6
1096630 801.6
1096640 808.9
1096650 816.3
1096660 816.3
1096670 824.1
1096680 831.4
1096690 831.4
1096700 836.7
1096710 842.0
1096720 842.0
1096730 846.7
1096740 851.1
1096750 851.1
1096760 853.7
1096770 857.0
1096780 857.0
1096790 857.9
1096800 863.2
1096810 863.2
1096820 867.7
1096830 871.2
1096840 871.2
1096850 874.7
1096860 880.9
1096870 889.1
1096880 889.1
1096890 896.0
1096900 902.8
1096910 902.8
1096920 908.9
1096930 914.5
1096940 914.5
1096950 921.7
1096960 927.7
1096970 927.7
1096980 934.1
1096990 941.3
1097000 941.3
1097010 949.0
1097020 955.2
1097030 955.2
1097040 957.3
1097050 959.4
1097060 959.4
1097070 962.9
1097080 966.7
1097090 966.7
1097100 971.0
1097110 975.7
1097120 978.9
1097130 978.9
1097140 983.5
1097150 988.3
1097160 988.3
1097170 993.4
1097180 998.5
1097190 998.5
1097200 1003.8
1097210 1009.3
1097220 1009.3
1097230 1015.3
1097240 1021.1
1097250 1021.1
1097260 1027.4
1097270 1033.7
1097280 1033.7
1097290 1039.9
1097300 1046.3
1097310 1046.3
1097320 1052.3
1097330 1058.6
1097340 1058.6
1097350 1064.8
1097360 1071.7
1097370 1071.7
1097380 1078.9
1097390 1085.4
1097400 1089.8
1097410 1089.8
1097420 1097.4
1097430 1106.0
1097440 1106.0
1097450 1110.7
1097460 1117.9
1097470 1117.9
1097480 1125.1
1097490 1131.9
1097500 1131.9
1097510 1138.2
1097520 1143.6
1097530 1143.6
1097540 1149.0
1097550 1160.4
1097560 1160.4
1097570 1169.8
1097580 1176.8
1097590 1176.8
1097600 1183.1
1097610 1191.1
1097620 1191.1
1097630 1198.9
1097640 1205.2
1097650 1211.3
1097660 1211.3
1097670 1215.0
1097680 1217.6
1097690 1217.6
1097700 1219.6
1097710 1221.7
1097720 1221.7
1097730 1222.9
1097740 1222.6
1097750 1222.6
1097760 1222.9
1097770 1224.5
1097780 1218.8
1097790 1221.6
1097800 1224.8
1097810 1224.8
1097820 1228.2
1097830 1229.9
1097840 1229.9
1097850 1231.1
1097860 1233.7
1097870 1233.7
1097880 1237.9
1097890 1243.0
1097900 1246.7
1097910 1246.7
1097920 1250.9
1097930 1256.3
1097940 1256.3
1097950 1260.3
1097960 1266.5
1097970 1266.5
1097980 1273.5
1097990 1279.1
1098000 1279.1
1098010 1285.5
1098020 1291.9
1098030 1291.9
1098040 1298.4
1098050 1302.8
1098060 1302.8
1098070 1306.1
1098080 1309.9
1098090 1309.9
1098100 1314.7
1098110 1320.2
1098120 1320.2
1098130 1323.2
1098140 1327.3
1098150 1330.1
1098160 1330.1
1098170 1333.1
1098180 1337.5
1098190 1337.5
1098200 1342.4
1098210 1345.7
1098220 1345.7
1098230 1348.8
1098240 1351.9
1098250 1351.9
1098260 1355.1
1098270 1357.7
1098280 1357.7
1098290 1360.0
1098300 1363.3
1098310 1363.3
1098320 1365.5
1098330 1367.0
1098340 1367.0
1098350 1370.4
1098360 1373.3
1098370 1373.3
1098380 1374.9
1098390 1377.7
1098400 1377.7
1098410 1380.4
1098420 1383.0
1098430 1380.3
1098440 1380.3
1098450 1383.0
1098460 1387.3
1098470 1387.3
1098480 1389.8
1098490 1389.9
1098500 1389.9
1098510 1391.7
1098520 1394.1
1098530 1394.1
1098540 1395.2
1098550 1396.4
1098560 1396.4
1098570 1398.4
1098580 1400.9
1098590 1400.9
1098600 1402.6
1098610 1403.6
1098620 1403.6
1098630 1406.3
1098640 1409.6
1098650 1409.6
1098660 1414.1
1098670 1416.5
1098680 1419.0
1098690 1419.0
1098700 1421.6
1098710 1424.9
1098720 1424.9
1098730 1427.8
1098740 1430.9
1098750 1430.9
1098760 1430.7
1098770 1434.1
1098780 1434.1
1098790 1438.2
1098800 1442.7
1098810 1442.7
1098820 1447.6
1098830 1453.4
1098840 1453.4
1098850 1459.0
1098860 1462.5
1098870 1462.5
1098880 1467.2
1098890 1471.8
1098900 1471.8
1098910 1477.8
1098920 1483.5
1098930 1487.3
1098940 1487.3
1098950 1490.7
1098960 1494.5
1098970 1494.5
1098980 1498.1
1098990 1502.2
1099000 1502.2
1099010 1505.4
1099020 1508.5
1099030 1508.5
1099040 1512.0
1099050 1515.8
1099060 1515.8
1099070 1519.0
1099080 1522.0
1099090 1520.8
1099100 1523.4
1099110 1526.9
1099120 1526.9
1099130 1530.5
1099140 1534.3
1099150 1534.3
1099160 1537.2
1099170 1539.8
1099180 1542.3
1099190 1542.3
1099200 1545.1
1099210 1548.0
1099220 1548.0
1099230 1551.4
1099240 1554.1
1099250 1554.1
1099260 1556.6
1099270 1558.1
1099280 1558.1
1099290 1559.7
1099300 1560.9
1099310 1560.9
1099320 1563.0
1099330 1566.4
1099340 1566.4
1099350 1570.5
1099360 1573.8
1099370 1573.8
1099380 1576.4
1099390 1579.7
1099400 1579.7
1099410 1583.1
1099420 1591.0
1099430 1595.3
1099440 1595.3
1099450 1598.8
1099460 1602.2
1099470 1602.2
1099480 1606.2
1099490 1609.8
1099500 1609.8
1099510 1613.3
1099520 1617.1
1099530 1617.1
1099540 1621.3
1099550 1625.7
1099560 1625.7
1099570 1628.7
1099580 1631.2
1099590 1631.2
1099600 1633.2
1099610 1635.0
1099620 1635.0
1099630 1636.4
1099640 1636.6
1099650 1636.6
1099660 1637.4
1099670 1638.3
1099680 1638.3
1099690 1639.5
1099700 1640.8
1099710 1643.2
1099720 1643.2
1099730 1645.5
1099740 1648.4
1099750 1653.6
1099760 1656.1
1099770 1658.2
1099780 1658.2
1099790 1659.9
1099800 1660.7
1099810 1660.7
1099820 1660.8
1099830 1662.3
1099840 1662.3
1099850 1665.2
1099860 1668.1
1099870 1668.1
1099880 1670.4
1099890 1672.4
1099900 1672.4
1099910 1673.5
1099920 1673.2
1099930 1673.2
1099940 1672.2
1099950 1671.1
1099960 1669.2
1099970 1669.2
1099980 1667.3
1099990 1667.0
