1080000 538.4
1080010 541.9
1080020 545.2
1080030 545.2
1080040 547.7
1080050 550.0
1080060 551.8
1080070 551.8
1080080 552.5
1080090 553.1
1080100 553.1
1080110 553.7
1080120 554.1
1080130 554.1
1080140 552.9
1080150 553.3
1080160 553.3
1080170 553.5
1080180 553.6
1080190 553.6
1080200 554.1
1080210 554.8
1080220 554.8
1080230 555.9
1080240 557.4
1080250 557.4
1080260 559.0
1080270 560.3
1080280 560.3
1080290 561.6
1080300 562.8
1080310 563.7
1080320 563.7
1080330 564.7
1080340 565.9
1080350 565.9
1080360 567.2
1080370 568.9
1080380 568.9
1080390 570.1
1080400 570.0
1080410 570.0
1080420 569.3
1080430 569.0
1080440 569.0
1080450 565.7
1080460 566.3
1080470 566.3
1080480 566.9
1080490 567.9
1080500 567.9
1080510 569.0
1080520 569.9
1080530 569.9
1080540 570.8
1080550 571.5
1080560 572.4
1080570 572.4
1080580 573.2
1080590 573.9
1080600 573.9
1080610 574.3
1080620 574.6
1080630 574.6
1080640 574.9
1080650 575.4
1080660 575.4
1080670 576.1
1080680 576.9
1080690 576.9
1080700 577.6
1080710 578.2
1080720 578.2
1080730 578.5
1080740 578.4
1080750 578.4
1080760 578.3
1080770 574.8
1080780 574.8
1080790 574.5
1080800 574.4
1080810 574.4
1080820 574.4
1080830 574.4
1080840 574.7
1080850 574.7
1080860 575.3
1080870 575.8
1080880 575.8
1080890 576.1
1080900 576.0
1080910 576.0
1080920 576.0
1080930 576.3
1080940 576.3
1080950 576.3
1080960 575.7
1080970 575.7
1080980 575.5
1080990 575.2
1081000 575.2
1081010 575.1
1081020 575.1
1081030 575.1
1081040 575.4
1081050 576.0
1081060 576.0
1081070 576.2
1081080 574.6
1081090 573.8
1081100 573.8
1081110 573.6
1081120 574.0
1081130 574.0
1081140 574.7
1081150 575.5
1081160 575.5
1081170 575.9
1081180 576.2
1081190 576.2
1081200 576.2
1081210 576.2
1081220 576.2
1081230 576.3
1081240 576.5
1081250 576.5
1081260 577.0
1081270 577.9
1081280 577.9
1081290 578.9
1081300 580.4
1081310 580.4
1081320 582.3
1081330 584.6
1081340 586.9
1081350 586.9
1081360 589.0
1081370 590.7
1081380 590.7
1081390 592.4
1081400 590.3
1081410 590.3
1081420 592.0
1081430 593.9
1081440 593.9
1081450 595.8
1081460 597.8
1081470 597.8
1081480 599.7
1081490 601.6
1081500 601.6
1081510 604.0
1081520 606.7
1081530 606.7
1081540 609.1
1081550 610.4
1081560 610.4
1081570 611.1
1081580 611.2
1081590 611.1
1081600 611.1
1081610 610.6
1081620 610.4
1081630 610.4
1081640 610.0
1081650 609.4
1081660 609.4
1081670 607.9
1081680 606.6
1081690 606.6
1081700 605.6
1081710 604.0
1081720 604.0
1081730 603.4
1081740 602.6
1081750 602.6
1081760 601.7
1081770 601.0
1081780 601.0
1081790 599.9
1081800 599.4
1081810 599.4
1081820 599.4
1081830 598.6
1081840 598.6
1081850 598.3
1081860 598.1
1081870 598.0
1081880 598.0
1081890 597.9
1081900 597.8
1081910 597.8
1081920 597.7
1081930 597.6
1081940 597.6
1081950 597.5
1081960 597.5
1081970 597.5
1081980 597.3
1081990 597.2
1082000 597.2
1082010 597.0
1082020 596.9
1082030 596.7
1082040 597.0
1082050 597.3
1082060 597.3
1082070 597.6
1082080 597.8
1082090 597.8
1082100 597.7
1082110 597.8
1082120 597.9
1082130 597.9
1082140 598.0
1082150 598.2
1082160 598.2
1082170 598.2
1082180 598.3
1082190 598.3
1082200 598.5
1082210 597.9
1082220 597.9
1082230 597.7
1082240 597.6
1082250 597.6
1082260 597.5
1082270 597.4
1082280 597.4
1082290 597.2
1082300 597.2
1082310 597.2
1082320 597.1
1082330 597.0
1082340 597.0
1082350 595.5
1082360 595.6
1082370 595.8
1082380 595.8
1082390 596.2
1082400 596.5
1082410 596.5
1082420 597.1
1082430 597.6
1082440 597.6
1082450 597.9
1082460 598.1
1082470 598.1
1082480 598.4
1082490 598.8
1082500 598.8
1082510 599.2
1082520 599.7
1082530 599.7
1082540 600.1
1082550 600.3
1082560 600.3
1082570 600.6
1082580 600.6
1082590 600.6
1082600 600.7
1082610 600.9
1082620 601.2
1082630 601.2
1082640 601.4
1082650 601.6
1082660 600.4
1082670 600.7
1082680 600.7
1082690 600.7
1082700 600.8
1082710 600.9
1082720 600.9
1082730 601.0
1082740 601.4
1082750 601.4
1082760 602.0
1082770 602.5
1082780 602.5
1082790 603.0
1082800 603.4
1082810 603.4
1082820 603.7
1082830 603.8
1082840 603.8
1082850 603.7
1082860 603.4
1082870 603.4
1082880 603.1
1082890 603.3
1082900 603.7
1082910 603.7
1082920 604.2
1082930 605.1
1082940 605.1
1082950 606.5
1082960 608.6
1082970 608.6
1082980 607.8
1082990 609.6
1083000 609.6
1083010 611.9
1083020 614.1
1083030 614.1
1083040 615.3
1083050 617.2
1083060 617.2
1083070 618.2
1083080 619.1
1083090 619.1
1083100 620.7
1083110 622.9
1083120 622.9
1083130 625.5
1083140 628.6
1083150 631.4
1083160 631.4
1083170 634.2
1083180 636.6
1083190 636.6
1083200 638.2
1083210 639.6
1083220 639.6
1083230 641.2
1083240 642.8
1083250 642.8
1083260 644.0
1083270 645.4
1083280 645.4
1083290 646.7
1083300 645.6
1083310 645.6
1083320 647.2
1083330 649.0
1083340 649.0
1083350 651.0
1083360 653.5
1083370 653.5
1083380 656.0
1083390 657.8
1083400 659.2
1083410 659.2
1083420 660.0
1083430 660.7
1083440 660.7
1083450 662.0
1083460 663.3
1083470 663.3
1083480 664.5
1083490 665.7
1083500 665.7
1083510 667.4
1083520 669.5
1083530 669.5
1083540 672.3
1083550 675.4
1083560 675.4
1083570 678.8
1083580 683.6
1083590 683.6
1083600 689.1
1083610 689.5
1083620 689.5
1083630 695.0
1083640 699.5
1083650 703.4
1083660 703.4
1083670 706.9
1083680 710.8
1083690 710.8
1083700 715.6
1083710 721.3
1083720 721.3
1083730 725.5
1083740 728.9
1083750 728.9
1083760 733.3
1083770 737.8
1083780 737.8
1083790 742.7
1083800 747.6
1083810 747.6
1083820 751.6
1083830 755.0
1083840 755.0
1083850 757.0
1083860 758.6
1083870 758.6
1083880 760.7
1083890 763.1
1083900 763.1
1083910 765.7
1083920 768.2
1083930 766.9
1083940 766.9
1083950 769.6
1083960 772.2
1083970 772.2
1083980 775.0
1083990 776.7
1084000 776.7
1084010 778.2
1084020 779.7
1084030 779.7
1084040 780.8
1084050 781.9
1084060 781.9
1084070 782.5
1084080 782.4
1084090 782.4
1084100 782.4
1084110 782.7
1084120 782.7
1084130 783.7
1084140 784.9
1084150 784.9
1084160 785.9
1084170 786.6
1084180 787.1
1084190 787.1
1084200 787.4
1084210 787.8
1084220 787.8
1084230 788.5
1084240 789.8
1084250 786.5
1084260 787.4
1084270 788.8
1084280 788.8
1084290 790.6
1084300 792.4
1084310 792.4
1084320 794.6
1084330 796.4
1084340 796.4
1084350 798.1
1084360 799.5
1084370 799.5
1084380 801.0
1084390 802.7
1084400 802.7
1084410 804.7
1084420 806.5
1084430 808.1
1084440 808.1
1084450 809.8
1084460 811.5
1084470 811.5
1084480 812.5
1084490 813.3
1084500 813.3
1084510 814.4
1084520 816.1
1084530 816.1
1084540 817.7
1084550 819.1
1084560 816.9
1084570 817.9
1084580 818.7
1084590 818.7
1084600 819.5
1084610 820.3
1084620 820.3
1084630 821.2
1084640 822.0
1084650 822.0
1084660 823.1
1084670 824.5
1084680 825.5
1084690 825.5
1084700 826.3
1084710 826.6
1084720 826.6
1084730 826.5
1084740 825.7
1084750 825.7
1084760 824.5
1084770 823.3
1084780 823.3
1084790 821.7
1084800 820.1
1084810 820.1
1084820 818.7
1084830 817.6
1084840 817.6
1084850 816.4
1084860 815.6
1084870 815.6
1084880 813.5
1084890 813.1
1084900 813.1
1084910 812.1
1084920 811.0
1084930 811.0
1084940 810.2
1084950 809.8
1084960 809.8
1084970 809.8
1084980 809.7
1084990 809.9
1085000 809.9
1085010 810.0
1085020 810.1
1085030 810.1
1085040 810.4
1085050 810.7
1085060 810.7
1085070 810.9
1085080 811.1
1085090 811.1
1085100 811.0
1085110 811.2
1085120 811.2
1085130 810.6
1085140 809.5
1085150 809.5
1085160 808.5
1085170 807.4
1085180 807.4
1085190 806.2
1085200 800.7
1085210 799.5
1085220 799.5
1085230 798.4
1085240 797.0
1085250 797.0
1085260 795.2
1085270 793.3
1085280 793.3
1085290 791.2
1085300 789.1
1085310 789.1
1085320 786.9
1085330 784.8
1085340 784.8
1085350 782.6
1085360 780.2
1085370 780.2
1085380 777.9
1085390 775.7
1085400 775.7
1085410 773.1
1085420 770.5
1085430 770.5
1085440 768.1
1085450 765.8
1085460 763.5
1085470 763.5
1085480 761.6
1085490 759.7
1085500 759.7
1085510 758.1
1085520 753.2
1085530 753.2
1085540 751.7
1085550 750.6
1085560 750.6
1085570 749.9
1085580 749.5
1085590 749.5
1085600 749.3
1085610 749.5
1085620 749.5
1085630 749.9
1085640 750.7
1085650 750.7
1085660 752.0
1085670 753.5
1085680 753.5
1085690 755.5
1085700 758.0
1085710 758.0
1085720 760.3
1085730 762.6
1085740 765.2
1085750 765.2
1085760 768.1
1085770 771.5
1085780 771.5
1085790 774.3
1085800 776.1
1085810 776.1
1085820 778.1
1085830 780.2
1085840 776.0
1085850 778.7
1085860 780.0
1085870 780.0
1085880 781.1
1085890 780.8
1085900 780.8
1085910 780.9
1085920 780.6
1085930 780.6
1085940 780.1
1085950 779.2
1085960 779.2
1085970 777.9
1085980 776.6
1085990 775.6
1086000 775.6
1086010 775.0
1086020 773.7
1086030 773.7
1086040 771.5
1086050 768.7
1086060 768.7
1086070 765.3
1086080 761.4
1086090 761.4
1086100 757.2
1086110 753.6
1086120 753.6
1086130 750.1
1086140 746.1
1086150 746.1
1086160 744.5
1086170 741.9
1086180 741.9
1086190 736.0
1086200 731.0
1086210 731.0
1086220 725.8
1086230 721.2
1086240 716.5
1086250 716.5
1086260 711.6
1086270 708.1
1086280 708.1
1086290 706.4
1086300 706.1
1086310 706.1
1086320 706.1
1086330 705.6
1086340 705.6
1086350 704.8
1086360 702.4
1086370 702.4
1086380 699.2
1086390 696.9
1086400 696.9
1086410 695.1
1086420 693.3
1086430 693.3
1086440 691.3
1086450 688.9
1086460 688.9
1086470 687.4
1086480 686.4
1086490 686.1
1086500 686.1
1086510 686.2
1086520 686.4
1086530 686.4
1086540 686.0
1086550 685.9
1086560 685.9
1086570 685.9
1086580 685.9
1086590 685.9
1086600 685.9
1086610 685.9
1086620 685.9
1086630 686.0
1086640 686.4
1086650 686.4
1086660 687.1
1086670 688.6
1086680 688.6
1086690 690.8
1086700 693.0
1086710 693.0
1086720 695.4
1086730 697.2
1086740 697.2
1086750 698.9
1086760 701.1
1086770 703.7
1086780 703.7
1086790 705.5
1086800 703.3
1086810 703.3
1086820 705.0
1086830 707.4
1086840 707.4
1086850 709.4
1086860 712.0
1086870 712.0
1086880 714.1
1086890 715.3
1086900 715.3
1086910 716.2
1086920 716.8
1086930 716.8
1086940 718.2
1086950 719.6
1086960 719.6
1086970 720.9
1086980 722.9
1086990 722.9
1087000 725.7
1087010 728.6
1087020 731.1
1087030 731.1
1087040 733.1
1087050 734.9
1087060 734.9
1087070 736.8
1087080 738.4
1087090 738.4
1087100 739.6
1087110 740.8
1087120 739.8
1087130 741.6
1087140 742.7
1087150 742.7
1087160 743.4
1087170 744.5
1087180 744.5
1087190 745.8
1087200 746.2
1087210 746.2
1087220 746.6
1087230 748.2
1087240 748.2
1087250 749.7
1087260 752.2
1087270 754.8
1087280 754.8
1087290 755.9
1087300 756.0
1087310 756.0
1087320 756.3
1087330 757.2
1087340 757.2
1087350 756.9
1087360 756.3
1087370 756.3
1087380 754.9
1087390 754.1
1087400 754.1
1087410 754.1
1087420 754.1
1087430 754.1
1087440 753.7
1087450 753.6
1087460 753.6
1087470 753.5
1087480 753.4
1087490 753.4
1087500 753.4
1087510 753.4
1087520 753.6
1087530 753.6
1087540 754.1
1087550 755.3
1087560 755.3
1087570 756.1
1087580 757.1
1087590 757.1
1087600 758.4
1087610 760.1
1087620 760.1
1087630 761.2
1087640 762.1
1087650 762.1
1087660 763.1
1087670 764.2
1087680 764.2
1087690 765.9
1087700 771.2
1087710 771.2
1087720 774.9
1087730 774.3
1087740 774.3
1087750 773.6
1087760 772.0
1087770 772.0
1087780 770.8
1087790 770.6
1087800 771.4
1087810 771.4
1087820 772.1
1087830 773.8
1087840 773.8
1087850 776.5
1087860 778.1
1087870 778.1
1087880 778.1
1087890 778.3
1087900 778.3
1087910 780.5
1087920 783.0
1087930 783.0
1087940 784.1
1087950 785.0
1087960 785.0
1087970 787.0
1087980 790.2
1087990 790.2
1088000 793.5
1088010 791.5
1088020 791.5
1088030 786.1
1088040 783.7
1088050 783.8
1088060 783.8
1088070 784.0
1088080 784.0
1088090 784.0
1088100 784.3
1088110 784.7
1088120 784.7
1088130 785.1
1088140 785.7
1088150 785.7
1088160 787.0
1088170 789.4
1088180 789.4
1088190 790.7
1088200 789.2
1088210 789.2
1088220 789.8
1088230 790.3
1088240 790.3
1088250 790.8
1088260 791.1
1088270 791.1
1088280 791.6
1088290 792.1
1088300 792.6
1088310 792.6
1088320 792.8
1088330 793.0
1088340 793.0
1088350 792.9
1088360 792.6
1088370 792.6
1088380 792.4
1088390 792.2
1088400 790.2
1088410 789.8
1088420 789.5
1088430 789.5
1088440 789.2
1088450 789.1
1088460 789.1
1088470 789.0
1088480 788.8
1088490 788.8
1088500 788.5
1088510 788.4
1088520 788.4
1088530 788.3
1088540 788.1
1088550 787.9
1088560 787.9
1088570 788.1
1088580 788.4
1088590 788.4
1088600 789.1
1088610 790.7
1088620 790.7
1088630 792.2
1088640 794.0
1088650 794.0
1088660 795.5
1088670 793.9
1088680 793.9
1088690 791.7
1088700 790.5
1088710 790.5
1088720 788.6
1088730 788.6
1088740 788.6
1088750 788.8
1088760 788.5
1088770 788.5
1088780 787.2
1088790 785.0
1088800 785.0
1088810 782.7
1088820 780.6
1088830 778.5
1088840 778.5
1088850 776.5
1088860 775.1
1088870 775.1
1088880 770.1
1088890 760.9
1088900 760.9
1088910 758.5
1088920 771.4
1088930 771.4
1088940 778.0
1088950 782.7
1088960 782.7
1088970 787.7
1088980 789.3
1088990 789.3
1089000 790.6
1089010 791.4
1089020 791.4
1089030 792.3
1089040 791.3
1089050 791.3
1089060 791.6
1089070 792.1
1089080 792.4
1089090 792.4
1089100 792.9
1089110 793.2
1089120 793.2
1089130 793.2
1089140 793.1
1089150 793.1
1089160 793.2
1089170 793.7
1089180 793.7
1089190 793.8
1089200 792.9
1089210 792.9
1089220 792.0
1089230 791.2
1089240 791.2
1089250 790.5
1089260 790.1
1089270 790.1
1089280 790.5
1089290 790.4
1089300 790.4
1089310 789.2
1089320 787.6
1089330 786.6
1089340 786.6
1089350 785.6
1089360 784.1
1089370 784.1
1089380 783.7
1089390 783.1
1089400 783.1
1089410 781.2
1089420 779.3
1089430 779.3
1089440 778.6
1089450 778.0
1089460 778.0
1089470 777.5
1089480 776.9
1089490 776.9
1089500 776.2
1089510 775.5
1089520 775.5
1089530 775.5
1089540 775.8
1089550 775.8
1089560 775.8
1089570 776.1
1089580 776.7
1089590 776.7
1089600 777.2
1089610 777.7
1089620 777.7
1089630 777.9
1089640 778.1
1089650 778.1
1089660 778.4
1089670 778.8
1089680 779.3
1089690 779.8
1089700 780.1
1089710 780.1
1089720 780.0
1089730 779.7
1089740 779.7
1089750 779.2
1089760 778.6
1089770 778.6
1089780 778.0
1089790 777.2
1089800 777.2
1089810 776.4
1089820 776.0
1089830 776.0
1089840 775.9
1089850 776.3
1089860 776.8
1089870 776.8
1089880 776.7
1089890 772.4
1089900 772.4
1089910 764.9
1089920 759.7
1089930 759.7
1089940 758.9
1089950 758.8
1089960 758.8
1089970 753.0
1089980 748.1
1089990 748.1
1090000 745.3
1090010 733.0
1090020 733.0
1090030 725.9
1090040 718.4
1090050 718.4
1090060 712.7
1090070 707.2
1090080 707.2
1090090 702.8
1090100 698.8
1090110 695.1
1090120 695.1
1090130 691.5
1090140 688.7
1090150 688.7
1090160 686.2
1090170 684.4
1090180 684.4
1090190 684.1
1090200 684.3
1090210 684.3
1090220 682.9
1090230 678.2
1090240 678.2
1090250 672.4
1090260 665.0
1090270 665.0
1090280 656.5
1090290 648.7
1090300 648.7
1090310 641.0
1090320 632.1
1090330 627.0
1090340 621.2
1090350 614.1
1090360 606.5
1090370 606.5
1090380 599.9
1090390 593.4
1090400 593.4
1090410 589.6
1090420 589.4
1090430 589.4
1090440 595.2
1090450 606.3
1090460 606.3
1090470 611.6
1090480 612.8
1090490 612.8
1090500 614.2
1090510 618.4
1090520 618.4
1090530 624.9
1090540 630.0
1090550 630.0
1090560 633.7
1090570 639.6
1090580 639.6
1090590 637.7
1090600 636.6
1090610 636.6
1090620 650.5
1090630 664.3
1090640 675.9
1090650 676.2
1090660 686.7
1090670 694.4
1090680 694.4
1090690 702.8
1090700 711.5
1090710 711.5
1090720 716.4
1090730 718.8
1090740 718.8
1090750 720.9
1090760 722.5
1090770 722.5
1090780 723.2
1090790 724.7
1090800 724.7
1090810 724.6
1090820 725.1
1090830 725.1
1090840 727.4
1090850 730.2
1090860 730.2
1090870 728.4
1090880 725.2
1090890 729.1
1090900 729.1
1090910 732.0
1090920 733.4
1090930 733.4
1090940 734.5
1090950 735.1
1090960 735.1
1090970 740.7
1090980 738.4
1090990 738.4
1091000 734.6
1091010 738.2
1091020 738.2
1091030 741.8
1091040 740.5
1091050 740.5
1091060 741.9
1091070 745.3
1091080 745.3
1091090 745.2
1091100 741.8
1091110 741.8
1091120 739.2
1091130 729.0
1091140 729.5
1091150 729.5
1091160 734.3
1091170 733.4
1091180 733.4
1091190 733.3
1091200 736.9
1091210 736.9
1091220 738.1
1091230 740.9
1091240 740.9
1091250 743.3
1091260 742.1
1091270 742.1
1091280 741.9
1091290 741.6
1091300 748.8
1091310 748.8
1091320 749.8
1091330 749.8
1091340 751.5
1091350 753.7
1091360 753.7
1091370 758.0
1091380 760.4
1091390 760.3
1091400 760.3
1091410 760.7
1091420 760.3
1091430 760.3
1091440 759.3
1091450 759.2
1091460 759.2
1091470 759.0
1091480 758.2
1091490 758.2
1091500 757.6
1091510 759.1
1091520 759.1
1091530 759.9
1091540 760.2
1091550 760.2
1091560 758.0
1091570 756.9
1091580 756.9
1091590 754.6
1091600 748.5
1091610 748.5
1091620 756.3
1091630 757.4
1091640 757.4
1091650 756.7
1091660 754.9
1091670 752.5
1091680 752.5
1091690 750.6
1091700 747.8
1091710 747.8
1091720 745.4
1091730 744.1
1091740 744.1
1091750 742.8
1091760 741.4
1091770 741.4
1091780 740.6
1091790 746.3
1091800 746.3
1091810 751.0
1091820 754.4
1091830 754.4
1091840 759.7
1091850 764.5
1091860 764.5
1091870 767.2
1091880 766.6
1091890 766.6
1091900 767.6
1091910 768.2
1091920 766.5
1091930 766.5
1091940 771.2
1091950 774.9
1091960 774.9
1091970 781.0
1091980 783.7
1091990 783.7
1092000 786.3
1092010 788.3
1092020 788.3
1092030 790.6
1092040 791.2
1092050 791.2
1092060 790.1
1092070 788.9
1092080 788.9
1092090 785.9
1092100 788.1
1092110 788.1
1092120 788.9
1092130 785.4
1092140 785.4
1092150 786.8
1092160 795.9
1092170 798.9
1092180 798.9
1092190 802.4
1092200 806.1
1092210 806.1
1092220 810.6
1092230 811.2
1092240 811.2
1092250 805.7
1092260 801.3
1092270 812.6
1092280 806.6
1092290 807.4
1092300 807.4
1092310 815.7
1092320 822.8
1092330 822.8
1092340 823.1
1092350 821.1
1092360 821.1
1092370 821.3
1092380 828.7
1092390 828.7
1092400 834.1
1092410 833.2
1092420 832.5
1092430 832.5
1092440 837.0
1092450 840.6
1092460 840.6
1092470 842.9
1092480 844.4
1092490 844.4
1092500 844.5
1092510 850.2
1092520 850.2
1092530 852.9
1092540 853.1
1092550 853.1
1092560 850.5
1092570 854.0
1092580 854.0
1092590 863.3
1092600 865.7
1092610 865.7
1092620 867.6
1092630 868.9
1092640 868.9
1092650 869.9
1092660 870.7
1092670 870.7
1092680 871.3
1092690 871.6
1092700 872.1
1092710 872.1
1092720 873.3
1092730 874.1
1092740 874.1
1092750 873.9
1092760 873.9
1092770 873.9
1092780 876.8
1092790 878.2
1092800 878.2
1092810 879.6
1092820 880.5
1092830 880.5
1092840 882.2
1092850 882.9
1092860 882.9
1092870 884.4
1092880 884.8
1092890 884.8
1092900 881.7
1092910 877.2
1092920 883.8
1092930 882.8
1092940 890.2
1092950 894.7
1092960 894.7
1092970 896.8
1092980 897.9
1092990 897.9
1093000 899.0
1093010 900.1
1093020 900.1
1093030 901.3
1093040 902.5
1093050 902.5
1093060 903.4
1093070 904.4
1093080 904.4
1093090 905.9
1093100 907.7
1093110 907.7
1093120 909.9
1093130 911.2
1093140 911.2
1093150 912.3
1093160 913.5
1093170 913.5
1093180 915.1
1093190 916.4
1093200 916.6
1093210 916.6
1093220 917.5
1093230 919.4
1093240 924.6
1093250 925.2
1093260 927.4
1093270 927.4
1093280 930.1
1093290 931.7
1093300 931.7
1093310 931.9
1093320 932.5
1093330 932.5
1093340 933.8
1093350 935.4
1093360 935.4
1093370 936.2
1093380 937.1
1093390 937.1
1093400 938.4
1093410 940.1
1093420 940.1
1093430 941.2
1093440 941.5
1093450 943.4
1093460 943.4
1093470 944.2
1093480 942.6
1093490 942.6
1093500 943.8
1093510 947.0
1093520 947.0
1093530 948.5
1093540 947.6
1093550 947.6
1093560 949.4
1093570 955.0
1093580 955.0
1093590 956.6
1093600 957.5
1093610 957.5
1093620 957.5
1093630 957.9
1093640 957.9
1093650 959.4
1093660 959.7
1093670 959.7
1093680 960.2
1093690 961.1
1093700 961.1
1093710 962.1
1093720 962.4
1093730 963.0
1093740 963.0
1093750 963.6
1093760 964.5
1093770 964.5
1093780 965.6
1093790 966.6
1093800 966.6
1093810 967.2
1093820 968.4
1093830 968.4
1093840 969.7
1093850 970.5
1093860 970.5
1093870 971.0
1093880 971.4
1093890 975.8
1093900 976.9
1093910 977.1
1093920 977.1
1093930 976.2
1093940 976.0
1093950 976.0
1093960 978.3
1093970 978.5
1093980 979.1
1093990 979.1
1094000 979.4
1094010 979.7
1094020 979.7
1094030 979.7
1094040 980.9
1094050 980.9
1094060 981.2
1094070 982.2
1094080 982.2
1094090 984.1
1094100 986.1
1094110 986.1
1094120 986.3
1094130 987.1
1094140 987.1
1094150 988.4
1094160 990.1
1094170 990.1
1094180 991.4
1094190 992.7
1094200 992.7
1094210 994.0
1094220 1000.1
1094230 1000.8
1094240 1000.8
1094250 1000.9
1094260 1001.6
1094270 1001.6
1094280 1002.6
1094290 1004.7
1094300 1004.7
1094310 1006.9
1094320 1009.2
1094330 1009.2
1094340 1011.1
1094350 1011.9
1094360 1011.9
1094370 1012.0
1094380 1011.7
1094390 1011.7
1094400 1011.7
1094410 1012.0
1094420 1012.0
1094430 1012.4
1094440 1012.1
1094450 1012.1
1094460 1010.7
1094470 1005.6
1094480 1002.7
1094490 1002.7
1094500 1006.1
1094510 1010.6
1094520 1010.6
1094530 1011.9
1094540 1016.1
1094550 1016.1
1094560 1017.8
1094570 1019.2
1094580 1019.2
1094590 1019.4
1094600 1019.2
1094610 1019.2
1094620 1018.9
1094630 1018.9
1094640 1018.9
1094650 1019.1
1094660 1018.9
1094670 1018.9
1094680 1018.3
1094690 1018.2
1094700 1018.2
1094710 1018.0
1094720 1017.1
1094730 1017.1
1094740 1015.8
1094750 1014.7
1094760 1014.5
1094770 1014.5
1094780 1014.6
1094790 1015.6
1094800 1015.6
1094810 1016.3
1094820 1016.6
1094830 1016.6
1094840 1017.5
1094850 1018.5
1094860 1018.5
1094870 1020.5
1094880 1021.1
1094890 1021.1
1094900 1020.8
1094910 1020.2
1094920 1020.2
1094930 1019.3
1094940 1018.1
1094950 1018.1
1094960 1017.0
1094970 1015.9
1094980 1015.9
1094990 1015.3
1095000 1015.1
1095010 1015.3
1095020 1015.3
1095030 1015.3
1095040 1014.9
1095050 1014.9
1095060 1014.6
1095070 1014.4
1095080 1014.4
1095090 1014.0
1095100 1013.1
1095110 1013.1
1095120 1011.6
1095130 1009.3
1095140 1009.3
1095150 1008.5
1095160 1008.0
1095170 1008.0
1095180 1007.1
1095190 1006.2
1095200 1008.2
1095210 1007.2
1095220 1006.4
1095230 1006.4
1095240 1003.6
1095250 1001.0
1095260 999.7
1095270 999.7
1095280 998.3
1095290 997.1
1095300 997.1
1095310 995.9
1095320 994.7
1095330 994.7
1095340 993.4
1095350 991.3
1095360 991.3
1095370 988.4
1095380 984.9
1095390 984.9
1095400 982.3
1095410 980.6
1095420 980.6
1095430 979.6
1095440 979.4
1095450 979.4
1095460 979.3
1095470 979.1
1095480 979.1
1095490 978.6
1095500 978.9
1095510 979.7
1095520 981.2
1095530 981.3
1095540 980.9
1095550 980.9
1095560 980.1
1095570 979.1
1095580 979.1
1095590 977.6
1095600 975.8
1095610 975.8
1095620 974.4
1095630 972.9
1095640 972.9
1095650 971.5
1095660 970.1
1095670 970.1
1095680 968.4
1095690 966.6
1095700 966.6
1095710 965.7
1095720 964.0
1095730 964.0
1095740 962.2
1095750 960.2
1095760 960.2
1095770 958.9
1095780 957.6
1095790 955.6
1095800 955.6
1095810 953.8
1095820 952.9
1095830 952.9
1095840 952.7
1095850 950.0
1095860 950.0
1095870 947.6
1095880 946.0
1095890 946.0
1095900 943.5
1095910 941.3
1095920 941.3
1095930 939.2
1095940 937.2
1095950 937.2
1095960 934.5
1095970 931.4
1095980 931.4
1095990 928.4
1096000 925.7
1096010 925.7
1096020 923.1
1096030 920.7
1096040 918.6
1096050 918.6
1096060 916.0
1096070 912.1
1096080 912.1
1096090 908.9
1096100 907.0
1096110 907.0
1096120 909.5
1096130 912.9
1096140 912.9
1096150 916.4
1096160 920.5
1096170 920.5
1096180 922.2
1096190 920.8
1096200 920.8
1096210 918.1
1096220 914.5
1096230 914.5
1096240 910.8
1096250 907.7
1096260 907.7
1096270 904.7
1096280 899.6
1096290 894.4
1096300 894.4
1096310 891.4
1096320 891.1
1096330 891.1
1096340 889.9
1096350 885.2
1096360 885.2
1096370 881.3
1096380 877.5
1096390 877.5
1096400 872.0
1096410 865.8
1096420 865.8
1096430 858.8
1096440 853.8
1096450 853.8
1096460 851.2
1096470 846.9
1096480 846.9
1096490 841.6
1096500 836.2
1096510 842.4
1096520 836.2
1096530 829.6
1096540 823.4
1096550 823.4
1096560 817.6
1096570 811.5
1096580 811.5
1096590 804.8
1096600 798.3
1096610 798.3
1096620 793.7
1096630 790.3
1096640 790.3
1096650 788.8
1096660 788.1
1096670 788.1
1096680 788.5
1096690 789.8
1096700 789.8
1096710 791.7
1096720 796.2
1096730 796.2
1096740 802.1
1096750 810.6
1096760 810.6
1096770 815.6
1096780 818.8
1096790 827.6
1096800 827.6
1096810 835.6
1096820 843.0
1096830 835.7
1096840 841.9
1096850 850.5
1096860 850.5
1096870 856.6
1096880 863.7
1096890 863.7
1096900 868.2
1096910 874.0
1096920 874.0
1096930 883.6
1096940 892.4
1096950 892.4
1096960 899.4
1096970 905.4
1096980 905.4
1096990 909.9
1097000 913.0
1097010 913.0
1097020 918.0
1097030 924.0
1097040 924.0
1097050 930.1
1097060 936.9
1097070 943.7
1097080 943.7
1097090 951.5
1097100 961.0
1097110 961.0
1097120 966.7
1097130 970.2
1097140 970.2
1097150 973.7
1097160 976.5
1097170 976.5
1097180 981.0
1097190 984.2
1097200 984.2
1097210 988.2
1097220 993.8
1097230 993.8
1097240 996.5
1097250 1001.0
1097260 1001.0
1097270 1005.8
1097280 1011.4
1097290 1011.4
1097300 1017.6
1097310 1023.3
1097320 1029.1
1097330 1029.1
1097340 1033.9
1097350 1037.7
1097360 1037.7
1097370 1042.6
1097380 1048.7
1097390 1048.7
1097400 1054.9
1097410 1060.5
1097420 1060.5
1097430 1067.8
1097440 1074.9
1097450 1074.9
1097460 1081.9
1097470 1088.3
1097480 1088.3
1097490 1093.5
1097500 1100.0
1097510 1100.0
1097520 1107.5
1097530 1116.3
1097540 1116.3
1097550 1123.7
1097560 1131.3
1097570 1138.6
1097580 1138.6
1097590 1145.1
1097600 1152.1
1097610 1152.1
1097620 1158.0
1097630 1163.6
1097640 1163.6
1097650 1171.2
1097660 1177.3
1097670 1177.3
1097680 1180.9
1097690 1184.0
1097700 1184.0
1097710 1185.4
1097720 1186.4
1097730 1186.4
1097740 1188.0
1097750 1189.6
1097760 1189.6
1097770 1190.8
1097780 1191.1
1097790 1191.1
1097800 1191.5
1097810 1192.5
1097820 1193.2
1097830 1193.2
1097840 1195.8
1097850 1197.6
1097860 1197.6
1097870 1200.3
1097880 1207.8
1097890 1207.8
1097900 1217.3
1097910 1225.6
1097920 1225.6
1097930 1232.2
1097940 1238.7
1097950 1238.7
1097960 1241.3
1097970 1246.6
1097980 1246.6
1097990 1254.6
1098000 1260.5
1098010 1260.5
1098020 1264.1
1098030 1267.8
1098040 1267.8
1098050 1270.0
1098060 1274.0
1098070 1274.0
1098080 1278.1
1098090 1283.6
1098100 1291.4
1098110 1291.4
1098120 1296.6
1098130 1297.9
1098140 1297.9
1098150 1295.7
1098160 1299.2
1098170 1299.2
1098180 1301.5
1098190 1303.5
1098200 1303.5
1098210 1304.1
1098220 1305.4
1098230 1305.4
1098240 1307.3
1098250 1308.3
1098260 1308.3
1098270 1308.0
1098280 1306.3
1098290 1306.3
1098300 1305.6
1098310 1305.7
1098320 1305.7
1098330 1306.8
1098340 1307.7
1098350 1307.3
1098360 1307.3
1098370 1307.5
1098380 1310.2
1098390 1310.2
1098400 1313.5
1098410 1318.2
1098420 1318.2
1098430 1322.3
1098440 1326.1
1098450 1326.1
1098460 1329.3
1098470 1333.9
1098480 1329.9
1098490 1334.4
1098500 1338.3
1098510 1338.3
1098520 1340.9
1098530 1342.1
1098540 1342.1
1098550 1343.3
1098560 1344.2
1098570 1344.2
1098580 1346.2
1098590 1348.2
1098600 1350.6
1098610 1350.6
1098620 1353.0
1098630 1354.7
1098640 1354.7
1098650 1359.5
1098660 1364.4
1098670 1364.4
1098680 1368.1
1098690 1371.5
1098700 1371.5
1098710 1373.4
1098720 1375.1
1098730 1375.1
1098740 1376.9
1098750 1379.0
1098760 1379.0
1098770 1380.7
1098780 1383.3
1098790 1383.3
1098800 1386.0
1098810 1390.7
1098820 1390.7
1098830 1394.3
1098840 1398.0
1098850 1401.8
1098860 1401.8
1098870 1405.9
1098880 1410.0
1098890 1410.0
1098900 1414.0
1098910 1417.0
1098920 1417.0
1098930 1421.0
1098940 1427.9
1098950 1427.9
1098960 1435.0
1098970 1442.1
1098980 1442.1
1098990 1449.6
1099000 1456.5
1099010 1456.5
1099020 1463.3
1099030 1467.7
1099040 1467.7
1099050 1471.5
1099060 1476.0
1099070 1476.0
1099080 1481.7
1099090 1487.7
1099100 1487.7
1099110 1492.7
1099120 1497.8
1099130 1504.2
1099140 1500.6
1099150 1507.0
1099160 1513.3
1099170 1513.3
1099180 1517.9
1099190 1522.4
1099200 1522.4
1099210 1529.1
1099220 1536.4
1099230 1536.4
1099240 1545.0
1099250 1552.0
1099260 1552.0
1099270 1558.4
1099280 1562.5
1099290 1562.5
1099300 1566.2
1099310 1568.3
1099320 1568.3
1099330 1569.7
1099340 1574.5
1099350 1574.5
1099360 1578.6
1099370 1582.5
1099380 1586.4
1099390 1586.4
1099400 1590.3
1099410 1593.0
1099420 1593.0
1099430 1596.1
1099440 1599.4
1099450 1599.4
1099460 1601.4
1099470 1600.3
1099480 1600.3
1099490 1600.8
1099500 1601.3
1099510 1601.3
1099520 1602.0
1099530 1602.8
1099540 1602.8
1099550 1604.1
1099560 1605.6
1099570 1605.6
1099580 1607.7
1099590 1610.4
1099600 1610.4
1099610 1613.4
1099620 1617.4
1099630 1621.9
1099640 1621.9
1099650 1625.7
1099660 1628.4
1099670 1628.4
1099680 1630.3
1099690 1632.0
1099700 1632.0
1099710 1634.3
1099720 1637.6
1099730 1637.6
1099740 1641.1
1099750 1645.1
1099760 1645.1
1099770 1649.4
1099780 1652.6
1099790 1652.6
1099800 1650.1
1099810 1652.1
1099820 1652.1
1099830 1655.9
1099840 1660.5
1099850 1660.5
1099860 1664.8
1099870 1669.1
1099880 1673.5
1099890 1673.5
1099900 1677.6
1099910 1682.4
1099920 1682.4
1099930 1688.2
1099940 1694.0
1099950 1694.0
1099960 1700.0
1099970 1706.9
1099980 1706.9
1099990 1713.5
