1080000 610.4
1080010 610.1
1080020 610.1
1080030 609.9
1080040 609.8
1080050 609.8
1080060 609.4
1080070 609.0
1080080 609.3
1080090 609.0
1080100 608.5
1080110 608.5
1080120 607.9
1080130 607.1
1080140 607.1
1080150 606.2
1080160 605.4
1080170 605.4
1080180 604.7
1080190 603.9
1080200 603.9
1080210 603.0
1080220 602.7
1080230 602.7
1080240 602.5
1080250 602.3
1080260 602.5
1080270 602.5
1080280 602.7
1080290 603.1
1080300 603.1
1080310 603.4
1080320 603.5
1080330 603.5
1080340 603.7
1080350 604.1
1080360 604.1
1080370 604.6
1080380 605.3
1080390 603.8
1080400 604.5
1080410 604.7
1080420 604.7
1080430 604.0
1080440 603.4
1080450 603.4
1080460 603.5
1080470 603.5
1080480 603.5
1080490 603.9
1080500 604.4
1080510 604.4
1080520 604.6
1080530 604.5
1080540 604.3
1080550 604.3
1080560 604.6
1080570 605.3
1080580 605.3
1080590 606.4
1080600 605.7
1080610 605.7
1080620 601.2
1080630 598.4
1080640 598.4
1080650 595.7
1080660 594.6
1080670 594.6
1080680 594.1
1080690 594.5
1080700 594.5
1080710 585.8
1080720 584.5
1080730 584.5
1080740 582.4
1080750 582.1
1080760 582.1
1080770 581.9
1080780 581.6
1080790 583.4
1080800 583.4
1080810 585.7
1080820 588.4
1080830 588.4
1080840 590.7
1080850 593.2
1080860 593.2
1080870 595.7
1080880 598.4
1080890 598.4
1080900 600.7
1080910 602.1
1080920 602.1
1080930 602.0
1080940 605.4
1080950 605.4
1080960 609.5
1080970 609.1
1080980 609.1
1080990 609.0
1081000 609.5
1081010 609.5
1081020 599.5
1081030 597.9
1081040 596.7
1081050 596.7
1081060 593.8
1081070 592.6
1081080 592.6
1081090 592.5
1081100 592.1
1081110 592.1
1081120 592.6
1081130 592.9
1081140 592.9
1081150 592.2
1081160 592.4
1081170 592.4
1081180 592.9
1081190 593.5
1081200 593.5
1081210 595.0
1081220 595.7
1081230 595.7
1081240 596.2
1081250 596.7
1081260 596.7
1081270 597.4
1081280 598.2
1081290 598.2
1081300 599.2
1081310 600.7
1081320 602.2
1081330 602.2
1081340 602.2
1081350 603.0
1081360 603.0
1081370 604.1
1081380 605.4
1081390 605.4
1081400 606.3
1081410 607.1
1081420 607.1
1081430 607.7
1081440 608.3
1081450 608.3
1081460 609.0
1081470 609.8
1081480 609.8
1081490 610.6
1081500 611.3
1081510 611.3
1081520 612.0
1081530 613.1
1081540 613.1
1081550 614.7
1081560 614.7
1081570 615.8
1081580 615.8
1081590 617.9
1081600 619.5
1081610 619.5
1081620 620.9
1081630 621.2
1081640 621.2
1081650 621.0
1081660 622.0
1081670 622.0
1081680 623.1
1081690 623.8
1081700 623.8
1081710 624.3
1081720 624.7
1081730 624.7
1081740 624.9
1081750 624.9
1081760 624.9
1081770 625.1
1081780 625.3
1081790 625.3
1081800 625.7
1081810 626.3
1081820 626.8
1081830 626.8
1081840 627.3
1081850 628.2
1081860 628.2
1081870 629.1
1081880 629.8
1081890 629.8
1081900 630.5
1081910 631.3
1081920 631.3
1081930 633.3
1081940 634.7
1081950 634.7
1081960 634.9
1081970 635.2
1081980 635.2
1081990 635.7
1082000 636.2
1082010 636.2
1082020 636.6
1082030 636.9
1082040 636.9
1082050 637.3
1082060 637.8
1082070 637.8
1082080 638.3
1082090 638.8
1082100 639.3
1082110 639.3
1082120 639.9
1082130 640.6
1082140 640.6
1082150 641.4
1082160 642.1
1082170 642.1
1082180 643.0
1082190 644.0
1082200 644.0
1082210 644.8
1082220 645.9
1082230 645.9
1082240 646.8
1082250 647.5
1082260 647.5
1082270 648.2
1082280 648.6
1082290 648.4
1082300 648.5
1082310 648.8
1082320 648.8
1082330 649.2
1082340 649.7
1082350 650.8
1082360 650.8
1082370 651.6
1082380 652.2
1082390 652.2
1082400 652.6
1082410 653.1
1082420 653.1
1082430 653.8
1082440 654.3
1082450 654.3
1082460 654.7
1082470 655.5
1082480 655.5
1082490 656.1
1082500 656.9
1082510 656.9
1082520 657.7
1082530 658.3
1082540 658.3
1082550 658.6
1082560 659.0
1082570 659.0
1082580 659.5
1082590 659.8
1082600 658.9
1082610 658.9
1082620 659.0
1082630 659.7
1082640 659.7
1082650 660.7
1082660 661.2
1082670 661.2
1082680 661.7
1082690 662.3
1082700 662.3
1082710 662.6
1082720 662.7
1082730 662.7
1082740 663.1
1082750 663.4
1082760 663.4
1082770 663.4
1082780 663.6
1082790 663.6
1082800 663.9
1082810 663.9
1082820 663.9
1082830 664.0
1082840 664.4
1082850 664.4
1082860 664.8
1082870 665.2
1082880 665.7
1082890 665.7
1082900 666.2
1082910 666.9
1082920 666.1
1082930 666.1
1082940 666.1
1082950 666.1
1082960 666.1
1082970 666.3
1082980 666.3
1082990 666.4
1083000 666.2
1083010 666.2
1083020 666.3
1083030 666.4
1083040 666.4
1083050 666.6
1083060 666.5
1083070 666.5
1083080 666.2
1083090 666.4
1083100 666.4
1083110 666.4
1083120 666.6
1083130 666.7
1083140 666.7
1083150 667.0
1083160 667.3
1083170 667.3
1083180 667.4
1083190 667.4
1083200 667.4
1083210 667.6
1083220 668.3
1083230 666.7
1083240 668.4
1083250 669.4
1083260 669.4
1083270 669.9
1083280 669.9
1083290 669.9
1083300 670.2
1083310 670.8
1083320 670.8
1083330 671.2
1083340 671.8
1083350 671.8
1083360 672.3
1083370 672.6
1083380 672.3
1083390 672.3
1083400 672.0
1083410 671.9
1083420 671.9
1083430 672.2
1083440 672.5
1083450 672.5
1083460 672.5
1083470 672.6
1083480 672.6
1083490 672.6
1083500 673.2
1083510 673.2
1083520 673.4
1083530 673.6
1083540 673.6
1083550 672.7
1083560 673.5
1083570 673.5
1083580 674.2
1083590 674.7
1083600 674.7
1083610 674.9
1083620 675.5
1083630 675.9
1083640 675.9
1083650 676.0
1083660 676.1
1083670 676.1
1083680 676.3
1083690 676.6
1083700 676.6
1083710 677.1
1083720 678.0
1083730 678.0
1083740 680.2
1083750 682.6
1083760 682.6
1083770 683.3
1083780 683.3
1083790 683.3
1083800 683.2
1083810 683.0
1083820 683.0
1083830 683.0
1083840 683.2
1083850 683.2
1083860 683.7
1083870 683.6
1083880 683.6
1083890 683.8
1083900 683.8
1083910 684.3
1083920 684.3
1083930 684.7
1083940 685.4
1083950 685.4
1083960 687.2
1083970 689.2
1083980 689.2
1083990 691.2
1084000 692.8
1084010 692.8
1084020 694.3
1084030 695.4
1084040 695.4
1084050 696.2
1084060 697.8
1084070 697.8
1084080 699.7
1084090 700.9
1084100 700.9
1084110 701.8
1084120 702.8
1084130 702.8
1084140 703.8
1084150 705.3
1084160 707.2
1084170 707.2
1084180 709.0
1084190 708.3
1084200 708.3
1084210 710.4
1084220 711.8
1084230 711.8
1084240 713.2
1084250 714.7
1084260 714.7
1084270 716.0
1084280 717.2
1084290 717.2
1084300 718.5
1084310 719.8
1084320 719.8
1084330 720.9
1084340 722.0
1084350 722.0
1084360 723.8
1084370 725.2
1084380 725.2
1084390 725.7
1084400 726.0
1084410 727.5
1084420 727.5
1084430 730.3
1084440 733.2
1084450 733.2
1084460 736.2
1084470 738.4
1084480 738.4
1084490 739.7
1084500 736.1
1084510 736.1
1084520 735.6
1084530 736.5
1084540 736.5
1084550 736.8
1084560 737.7
1084570 737.7
1084580 737.6
1084590 737.0
1084600 737.0
1084610 735.5
1084620 734.1
1084630 734.1
1084640 732.3
1084650 730.5
1084660 730.5
1084670 729.4
1084680 729.2
1084690 729.4
1084700 729.4
1084710 729.9
1084720 731.0
1084730 731.0
1084740 732.3
1084750 734.1
1084760 734.1
1084770 735.9
1084780 736.5
1084790 736.5
1084800 736.0
1084810 737.1
1084820 732.9
1084830 733.4
1084840 733.8
1084850 733.8
1084860 734.0
1084870 734.2
1084880 734.2
1084890 734.0
1084900 734.0
1084910 734.0
1084920 733.6
1084930 733.4
1084940 733.9
1084950 733.9
1084960 735.8
1084970 737.2
1084980 737.2
1084990 738.9
1085000 740.0
1085010 740.0
1085020 740.9
1085030 743.8
1085040 743.8
1085050 748.3
1085060 751.2
1085070 751.2
1085080 752.2
1085090 754.3
1085100 754.3
1085110 758.6
1085120 762.8
1085130 762.8
1085140 761.3
1085150 757.0
1085160 757.0
1085170 753.1
1085180 754.0
1085190 758.7
1085200 758.7
1085210 763.5
1085220 763.4
1085230 763.4
1085240 762.3
1085250 762.4
1085260 762.4
1085270 762.2
1085280 761.9
1085290 761.9
1085300 762.1
1085310 761.9
1085320 761.9
1085330 761.4
1085340 761.6
1085350 761.6
1085360 762.0
1085370 762.2
1085380 762.2
1085390 762.8
1085400 763.3
1085410 763.3
1085420 763.6
1085430 765.5
1085440 765.5
1085450 767.3
1085460 760.0
1085470 760.2
1085480 760.2
1085490 760.3
1085500 760.2
1085510 760.2
1085520 761.2
1085530 763.3
1085540 763.3
1085550 765.1
1085560 767.0
1085570 767.0
1085580 768.7
1085590 770.6
1085600 770.6
1085610 772.5
1085620 775.5
1085630 775.5
1085640 778.4
1085650 780.2
1085660 780.2
1085670 782.7
1085680 786.7
1085690 786.7
1085700 790.5
1085710 790.9
1085720 791.3
1085730 791.3
1085740 792.5
1085750 793.7
1085760 793.7
1085770 796.0
1085780 798.3
1085790 798.3
1085800 800.7
1085810 801.9
1085820 801.9
1085830 802.6
1085840 802.9
1085850 802.9
1085860 802.3
1085870 801.3
1085880 801.3
1085890 800.2
1085900 800.7
1085910 800.7
1085920 803.0
1085930 804.9
1085940 804.9
1085950 804.7
1085960 803.5
1085970 803.2
1085980 803.2
1085990 803.8
1086000 804.3
1086010 804.3
1086020 804.6
1086030 805.3
1086040 805.3
1086050 805.9
1086060 806.3
1086070 806.3
1086080 807.3
1086090 807.9
1086100 803.9
1086110 804.6
1086120 805.3
1086130 805.3
1086140 805.7
1086150 804.8
1086160 804.8
1086170 802.6
1086180 801.4
1086190 801.4
1086200 801.6
1086210 803.4
1086220 804.4
1086230 804.4
1086240 804.1
1086250 803.6
1086260 803.6
1086270 803.3
1086280 803.9
1086290 803.9
1086300 805.0
1086310 806.2
1086320 806.2
1086330 807.7
1086340 809.7
1086350 809.7
1086360 812.2
1086370 814.8
1086380 814.8
1086390 815.5
1086400 815.8
1086410 815.8
1086420 812.4
1086430 812.5
1086440 812.5
1086450 812.8
1086460 813.8
1086470 813.8
1086480 815.0
1086490 816.1
1086500 817.0
1086510 817.0
1086520 817.1
1086530 816.8
1086540 816.8
1086550 816.0
1086560 815.4
1086570 815.4
1086580 816.2
1086590 819.2
1086600 819.2
1086610 821.9
1086620 822.6
1086630 822.6
1086640 822.9
1086650 823.4
1086660 823.4
1086670 824.1
1086680 824.1
1086690 824.1
1086700 823.5
1086710 823.2
1086720 823.2
1086730 823.0
1086740 821.1
1086750 822.0
1086760 822.0
1086770 822.9
1086780 824.6
1086790 824.6
1086800 826.9
1086810 829.2
1086820 829.2
1086830 830.7
1086840 833.0
1086850 833.0
1086860 834.0
1086870 835.4
1086880 835.4
1086890 836.4
1086900 837.7
1086910 837.7
1086920 839.1
1086930 840.3
1086940 840.3
1086950 840.9
1086960 841.0
1086970 841.0
1086980 840.6
1086990 840.2
1087000 840.4
1087010 840.4
1087020 841.0
1087030 841.3
1087040 841.3
1087050 842.6
1087060 839.3
1087070 839.3
1087080 839.7
1087090 839.5
1087100 839.5
1087110 839.8
1087120 839.9
1087130 839.9
1087140 839.4
1087150 838.3
1087160 838.3
1087170 838.0
1087180 838.2
1087190 838.2
1087200 838.2
1087210 837.9
1087220 837.9
1087230 838.0
1087240 838.5
1087250 838.5
1087260 837.8
1087270 837.5
1087280 837.6
1087290 837.6
1087300 839.1
1087310 840.7
1087320 840.7
1087330 842.0
1087340 843.3
1087350 843.3
1087360 844.5
1087370 846.4
1087380 842.5
1087390 844.4
1087400 846.8
1087410 846.8
1087420 848.4
1087430 849.3
1087440 849.3
1087450 849.0
1087460 846.8
1087470 846.8
1087480 845.7
1087490 845.2
1087500 845.2
1087510 844.4
1087520 843.1
1087530 842.7
1087540 842.7
1087550 843.5
1087560 846.7
1087570 846.7
1087580 851.7
1087590 855.2
1087600 855.2
1087610 857.4
1087620 858.8
1087630 858.8
1087640 860.6
1087650 863.2
1087660 863.2
1087670 867.5
1087680 870.9
1087690 870.9
1087700 870.4
1087710 871.6
1087720 871.6
1087730 872.8
1087740 874.2
1087750 874.2
1087760 874.8
1087770 875.2
1087780 875.2
1087790 875.2
1087800 875.8
1087810 877.0
1087820 877.0
1087830 878.7
1087840 880.6
1087850 880.6
1087860 883.3
1087870 887.2
1087880 887.2
1087890 890.8
1087900 892.7
1087910 892.7
1087920 892.9
1087930 892.6
1087940 892.6
1087950 892.8
1087960 893.4
1087970 893.4
1087980 894.2
1087990 893.5
1088000 893.5
1088010 889.8
1088020 888.0
1088030 888.0
1088040 886.7
1088050 885.8
1088060 885.0
1088070 885.0
1088080 883.9
1088090 883.0
1088100 883.0
1088110 882.5
1088120 881.6
1088130 881.6
1088140 880.3
1088150 879.7
1088160 879.7
1088170 880.0
1088180 881.8
1088190 881.8
1088200 883.9
1088210 885.0
1088220 885.0
1088230 885.3
1088240 885.4
1088250 885.4
1088260 886.8
1088270 887.2
1088280 887.2
1088290 885.6
1088300 882.8
1088310 880.6
1088320 880.6
1088330 880.2
1088340 884.2
1088350 884.2
1088360 886.8
1088370 887.3
1088380 887.3
1088390 886.6
1088400 885.7
1088410 885.7
1088420 885.7
1088430 887.4
1088440 887.4
1088450 888.8
1088460 888.7
1088470 888.7
1088480 887.1
1088490 884.3
1088500 884.3
1088510 882.9
1088520 882.4
1088530 882.4
1088540 882.0
1088550 881.9
1088560 881.8
1088570 881.8
1088580 881.9
1088590 882.2
1088600 882.2
1088610 882.8
1088620 883.2
1088630 883.2
1088640 883.0
1088650 882.8
1088660 881.6
1088670 881.3
1088680 881.1
1088690 881.1
1088700 880.2
1088710 876.2
1088720 876.2
1088730 871.9
1088740 869.3
1088750 869.3
1088760 868.1
1088770 861.1
1088780 861.1
1088790 856.9
1088800 861.0
1088810 861.0
1088820 863.7
1088830 866.3
1088840 867.5
1088850 867.5
1088860 869.5
1088870 873.1
1088880 873.1
1088890 874.0
1088900 874.0
1088910 874.0
1088920 874.6
1088930 875.0
1088940 875.0
1088950 875.2
1088960 875.6
1088970 875.6
1088980 871.3
1088990 871.0
1089000 871.0
1089010 870.2
1089020 868.8
1089030 868.8
1089040 865.7
1089050 864.8
1089060 864.8
1089070 864.5
1089080 864.0
1089090 863.3
1089100 863.3
1089110 862.4
1089120 861.6
1089130 861.6
1089140 861.8
1089150 863.0
1089160 863.0
1089170 862.3
1089180 861.8
1089190 861.8
1089200 861.6
1089210 861.2
1089220 861.2
1089230 861.5
1089240 861.8
1089250 861.8
1089260 861.6
1089270 861.6
1089280 861.6
1089290 861.7
1089300 859.2
1089310 859.2
1089320 858.7
1089330 858.7
1089340 858.7
1089350 858.7
1089360 859.0
1089370 859.6
1089380 859.6
1089390 859.9
1089400 859.9
1089410 859.9
1089420 859.8
1089430 859.8
1089440 859.8
1089450 859.8
1089460 859.8
1089470 859.8
1089480 859.9
1089490 859.8
1089500 859.8
1089510 859.5
1089520 859.6
1089530 859.6
1089540 859.8
1089550 859.9
1089560 859.9
1089570 860.1
1089580 860.5
1089590 860.7
1089600 860.7
1089610 860.9
1089620 859.1
1089630 859.1
1089640 859.1
1089650 859.1
1089660 859.1
1089670 859.1
1089680 859.2
1089690 859.2
1089700 859.3
1089710 859.4
1089720 859.4
1089730 859.6
1089740 859.7
1089750 859.7
1089760 860.1
1089770 860.5
1089780 860.5
1089790 860.8
1089800 861.1
1089810 861.1
1089820 861.3
1089830 861.6
1089840 861.6
1089850 861.8
1089860 861.9
1089870 862.2
1089880 862.2
1089890 862.4
1089900 862.7
1089910 862.7
1089920 863.7
1089930 863.9
1089940 863.9
1089950 862.9
1089960 863.0
1089970 863.0
1089980 863.6
1089990 863.7
1090000 863.7
1090010 863.7
1090020 864.0
1090030 864.0
1090040 864.3
1090050 864.3
1090060 864.3
1090070 864.7
1090080 864.7
1090090 864.7
1090100 865.2
1090110 864.9
1090120 861.8
1090130 861.8
1090140 860.5
1090150 862.6
1090160 862.6
1090170 861.5
1090180 854.9
1090190 854.9
1090200 849.8
1090210 844.6
1090220 844.6
1090230 840.1
1090240 835.7
1090250 835.7
1090260 831.4
1090270 822.7
1090280 822.7
1090290 815.3
1090300 814.7
1090310 814.7
1090320 816.2
1090330 815.1
1090340 815.1
1090350 814.1
1090360 813.5
1090370 813.3
1090380 813.3
1090390 811.5
1090400 808.4
1090410 808.4
1090420 805.8
1090430 803.2
1090440 803.2
1090450 801.1
1090460 799.2
1090470 799.2
1090480 798.2
1090490 795.9
1090500 795.9
1090510 791.2
1090520 793.4
1090530 793.4
1090540 798.6
1090550 804.8
1090560 804.8
1090570 808.0
1090580 808.8
1090590 804.0
1090600 804.0
1090610 801.3
1090620 801.3
1090630 795.4
1090640 789.4
1090650 790.4
1090660 790.4
1090670 794.6
1090680 799.4
1090690 799.4
1090700 802.7
1090710 804.9
1090720 804.9
1090730 806.4
1090740 806.9
1090750 806.9
1090760 807.1
1090770 807.3
1090780 807.3
1090790 806.9
1090800 803.2
1090810 803.2
1090820 797.7
1090830 793.7
1090840 793.7
1090850 792.9
1090860 796.8
1090870 796.8
1090880 803.0
1090890 805.6
1090900 800.3
1090910 793.3
1090920 786.8
1090930 781.4
1090940 781.4
1090950 776.8
1090960 775.7
1090970 775.7
1090980 775.9
1090990 773.4
1091000 773.4
1091010 772.9
1091020 771.9
1091030 771.9
1091040 771.9
1091050 770.9
1091060 770.9
1091070 770.9
1091080 770.4
1091090 770.4
1091100 771.2
1091110 768.6
1091120 768.6
1091130 765.6
1091140 762.4
1091150 759.5
1091160 759.5
1091170 757.0
1091180 755.0
1091190 755.0
1091200 754.5
1091210 752.9
1091220 752.9
1091230 751.8
1091240 746.1
1091250 746.1
1091260 745.5
1091270 747.7
1091280 747.7
1091290 750.1
1091300 748.4
1091310 748.4
1091320 746.1
1091330 742.8
1091340 742.8
1091350 738.0
1091360 732.1
1091370 732.1
1091380 721.4
1091390 712.1
1091400 712.1
1091410 721.4
1091420 729.4
1091430 732.1
1091440 732.1
1091450 735.6
1091460 739.5
1091470 739.5
1091480 742.0
1091490 742.4
1091500 742.4
1091510 740.9
1091520 741.2
1091530 741.2
1091540 741.5
1091550 741.0
1091560 736.0
1091570 736.1
1091580 735.0
1091590 735.0
1091600 733.4
1091610 730.1
1091620 730.1
1091630 726.3
1091640 721.6
1091650 721.6
1091660 720.2
1091670 726.0
1091680 729.8
1091690 729.8
1091700 737.2
1091710 743.0
1091720 743.0
1091730 749.3
1091740 755.9
1091750 755.9
1091760 756.8
1091770 757.2
1091780 757.2
1091790 759.0
1091800 761.8
1091810 761.8
1091820 765.9
1091830 770.2
1091840 770.2
1091850 772.7
1091860 770.8
1091870 770.8
1091880 763.6
1091890 761.1
1091900 761.1
1091910 758.9
1091920 759.8
1091930 757.2
1091940 757.2
1091950 752.8
1091960 749.8
1091970 749.8
1091980 748.2
1091990 748.1
1092000 748.1
1092010 748.8
1092020 749.5
1092030 749.5
1092040 749.2
1092050 746.2
1092060 746.2
1092070 740.9
1092080 735.5
1092090 735.5
1092100 732.1
1092110 729.6
1092120 729.6
1092130 728.9
1092140 728.2
1092150 728.2
1092160 728.0
1092170 726.8
1092180 722.9
1092190 722.9
1092200 720.1
1092210 717.0
1092220 717.0
1092230 718.3
1092240 722.5
1092250 722.5
1092260 724.3
1092270 725.2
1092280 725.2
1092290 727.6
1092300 731.8
1092310 731.8
1092320 735.7
1092330 733.6
1092340 733.6
1092350 728.8
1092360 724.7
1092370 724.7
1092380 721.2
1092390 717.4
1092400 717.4
1092410 717.9
1092420 715.8
1092430 715.8
1092440 714.6
1092450 713.4
1092460 711.5
1092470 711.5
1092480 707.9
1092490 702.1
1092500 702.1
1092510 696.3
1092520 693.9
1092530 686.8
1092540 688.0
1092550 689.7
1092560 689.7
1092570 690.5
1092580 690.2
1092590 690.2
1092600 690.6
1092610 690.3
1092620 690.3
1092630 691.9
1092640 691.8
1092650 691.8
1092660 686.8
1092670 675.8
1092680 675.8
1092690 667.2
1092700 666.8
1092710 680.7
1092720 680.7
1092730 681.1
1092740 679.9
1092750 679.9
1092760 685.4
1092770 692.0
1092780 692.0
1092790 697.7
1092800 703.2
1092810 703.2
1092820 707.7
1092830 712.3
1092840 712.3
1092850 716.1
1092860 715.8
1092870 715.8
1092880 720.3
1092890 723.6
1092900 723.6
1092910 727.8
1092920 732.3
1092930 732.3
1092940 733.7
1092950 732.3
1092960 731.3
1092970 731.3
1092980 731.0
1092990 730.8
1093000 730.8
1093010 729.2
1093020 724.3
1093030 724.3
1093040 716.2
1093050 708.2
1093060 708.2
1093070 703.3
1093080 700.5
1093090 700.5
1093100 696.6
1093110 690.8
1093120 690.8
1093130 685.3
1093140 681.5
1093150 681.5
1093160 678.1
1093170 674.7
1093180 670.5
1093190 664.2
1093200 663.3
1093210 663.3
1093220 662.8
1093230 662.9
1093240 661.8
1093250 661.8
1093260 658.7
1093270 659.4
1093280 659.4
1093290 663.4
1093300 670.2
1093310 670.2
1093320 668.2
1093330 662.4
1093340 662.4
1093350 665.4
1093360 668.8
1093370 668.8
1093380 670.3
1093390 669.9
1093400 669.9
1093410 669.7
1093420 667.2
1093430 667.2
1093440 663.7
1093450 651.5
1093460 651.5
1093470 643.7
1093480 641.7
1093490 641.8
1093500 641.8
1093510 648.5
1093520 655.2
1093530 655.2
1093540 662.4
1093550 670.5
1093560 670.5
1093570 680.0
1093580 689.6
1093590 689.6
1093600 698.6
1093610 708.3
1093620 708.3
1093630 718.7
1093640 727.0
1093650 727.0
1093660 736.3
1093670 741.4
1093680 741.4
1093690 742.2
1093700 743.5
1093710 743.5
1093720 745.5
1093730 747.8
1093740 749.7
1093750 749.7
1093760 747.8
1093770 742.0
1093780 742.0
1093790 732.2
1093800 722.2
1093810 722.2
1093820 717.1
1093830 719.1
1093840 719.1
1093850 706.2
1093860 696.4
1093870 696.4
1093880 693.2
1093890 695.1
1093900 695.1
1093910 695.8
1093920 694.9
1093930 694.9
1093940 694.0
1093950 695.8
1093960 695.8
1093970 697.7
1093980 700.2
1093990 704.6
1094000 704.6
1094010 707.3
1094020 708.7
1094030 708.7
1094040 711.3
1094050 711.0
1094060 711.0
1094070 708.6
1094080 709.9
1094090 709.9
1094100 715.7
1094110 721.6
1094120 721.6
1094130 724.3
1094140 726.7
1094150 726.7
1094160 736.0
1094170 736.4
1094180 736.4
1094190 737.0
1094200 735.0
1094210 735.0
1094220 734.0
1094230 735.7
1094240 735.7
1094250 736.9
1094260 737.3
1094270 737.6
1094280 737.6
1094290 737.4
1094300 737.9
1094310 737.9
1094320 739.8
1094330 740.7
1094340 740.7
1094350 741.7
1094360 742.1
1094370 742.1
1094380 742.3
1094390 746.2
1094400 746.2
1094410 754.0
1094420 761.9
1094430 761.9
1094440 770.1
1094450 779.6
1094460 779.6
1094470 787.5
1094480 798.7
1094490 798.7
1094500 800.3
1094510 799.4
1094520 796.1
1094530 796.1
1094540 794.5
1094550 800.9
1094560 800.9
1094570 808.1
1094580 809.0
1094590 809.0
1094600 804.6
1094610 809.7
1094620 809.7
1094630 813.2
1094640 813.6
1094650 813.6
1094660 814.6
1094670 814.0
1094680 814.0
1094690 814.2
1094700 816.6
1094710 816.6
1094720 816.9
1094730 818.9
1094740 818.9
1094750 825.4
1094760 831.7
1094770 833.8
1094780 833.8
1094790 837.1
1094800 843.9
1094810 845.5
1094820 851.2
1094830 853.6
1094840 853.6
1094850 854.8
1094860 855.9
1094870 855.9
1094880 857.4
1094890 858.7
1094900 858.7
1094910 860.1
1094920 861.3
1094930 861.3
1094940 862.2
1094950 862.9
1094960 862.9
1094970 863.6
1094980 863.8
1094990 863.8
1095000 864.5
1095010 866.3
1095020 866.3
1095030 868.8
1095040 870.5
1095050 872.7
1095060 872.7
1095070 876.0
1095080 878.9
1095090 878.9
1095100 881.2
1095110 880.6
1095120 880.6
1095130 883.2
1095140 890.9
1095150 890.9
1095160 891.6
1095170 892.1
1095180 892.1
1095190 892.0
1095200 891.4
1095210 891.4
1095220 891.4
1095230 891.9
1095240 891.9
1095250 893.5
1095260 895.0
1095270 895.0
1095280 895.2
1095290 894.7
1095300 893.7
1095310 893.7
1095320 893.1
1095330 893.1
1095340 893.1
1095350 892.9
1095360 891.5
1095370 891.5
1095380 890.4
1095390 890.0
1095400 890.0
1095410 890.1
1095420 890.4
1095430 890.4
1095440 890.8
1095450 891.0
1095460 893.3
1095470 892.5
1095480 891.7
1095490 891.7
1095500 890.7
1095510 889.4
1095520 889.4
1095530 888.1
1095540 887.2
1095550 886.3
1095560 886.3
1095570 885.3
1095580 885.0
1095590 885.0
1095600 885.7
1095610 888.0
1095620 888.0
1095630 889.6
1095640 890.1
1095650 890.1
1095660 889.9
1095670 888.5
1095680 888.5
1095690 885.8
1095700 884.1
1095710 884.1
1095720 882.1
1095730 881.0
1095740 881.0
1095750 880.5
1095760 880.4
1095770 880.4
1095780 880.3
1095790 881.2
1095800 881.6
1095810 881.6
1095820 882.5
1095830 883.5
1095840 883.5
1095850 884.3
1095860 885.2
1095870 885.2
1095880 887.0
1095890 888.3
1095900 888.3
1095910 888.9
1095920 889.4
1095930 889.4
1095940 889.4
1095950 885.7
1095960 885.7
1095970 878.7
1095980 872.0
1095990 872.0
1096000 865.9
1096010 858.7
1096020 858.7
1096030 851.5
1096040 842.9
1096050 842.9
1096060 835.9
1096070 828.5
1096080 819.8
1096090 819.8
1096100 811.8
1096110 804.2
1096120 803.3
1096130 795.5
1096140 788.7
1096150 788.7
1096160 782.2
1096170 775.8
1096180 775.8
1096190 766.6
1096200 757.9
1096210 757.9
1096220 758.3
1096230 770.9
1096240 770.9
1096250 781.2
1096260 787.6
1096270 787.6
1096280 794.5
1096290 799.6
1096300 799.6
1096310 802.9
1096320 807.8
1096330 811.9
1096340 811.9
1096350 815.3
1096360 818.5
1096370 818.5
1096380 818.5
1096390 818.2
1096400 818.2
1096410 817.2
1096420 813.0
1096430 813.0
1096440 809.5
1096450 806.3
1096460 806.3
1096470 806.1
1096480 803.4
1096490 803.4
1096500 797.4
1096510 793.5
1096520 793.5
1096530 794.6
1096540 798.6
1096550 798.6
1096560 802.4
1096570 806.8
1096580 810.4
1096590 810.4
1096600 813.8
1096610 816.8
1096620 816.8
1096630 818.9
1096640 820.9
1096650 820.9
1096660 824.7
1096670 830.2
1096680 830.2
1096690 834.9
1096700 839.2
1096710 839.2
1096720 844.7
1096730 851.0
1096740 851.0
1096750 856.9
1096760 861.4
1096770 868.4
1096780 871.7
1096790 875.2
1096800 875.2
1096810 879.3
1096820 884.3
1096830 884.3
1096840 887.0
1096850 890.0
1096860 894.3
1096870 894.3
1096880 898.6
1096890 902.3
1096900 902.3
1096910 907.8
1096920 914.2
1096930 914.2
1096940 919.8
1096950 923.0
1096960 923.0
1096970 925.9
1096980 928.7
1096990 928.7
1097000 930.9
1097010 933.7
1097020 933.7
1097030 937.3
1097040 940.3
1097050 940.3
1097060 942.9
1097070 945.6
1097080 945.6
1097090 948.4
1097100 956.6
1097110 959.7
1097120 959.7
1097130 963.0
1097140 967.0
1097150 967.0
1097160 970.4
1097170 973.8
1097180 973.8
1097190 977.2
1097200 980.0
1097210 980.0
1097220 982.8
1097230 986.0
1097240 986.0
1097250 990.5
1097260 995.4
1097270 995.4
1097280 1000.2
1097290 1004.0
1097300 1004.0
1097310 1007.7
1097320 1011.5
1097330 1011.5
1097340 1015.4
1097350 1019.3
1097360 1024.2
1097370 1024.2
1097380 1027.6
1097390 1029.2
1097400 1029.2
1097410 1031.3
1097420 1034.3
1097430 1043.8
1097440 1047.4
1097450 1047.7
1097460 1047.7
1097470 1050.1
1097480 1055.1
1097490 1055.1
1097500 1057.4
1097510 1060.0
1097520 1060.0
1097530 1063.1
1097540 1066.8
1097550 1066.8
1097560 1068.7
1097570 1071.6
1097580 1071.6
1097590 1075.4
1097600 1079.0
1097610 1081.6
1097620 1081.6
1097630 1083.6
1097640 1085.3
1097650 1085.3
1097660 1086.7
1097670 1086.9
1097680 1086.9
1097690 1086.6
1097700 1085.6
1097710 1085.6
1097720 1085.3
1097730 1083.5
1097740 1083.5
1097750 1082.4
1097760 1089.6
1097770 1089.6
1097780 1088.9
1097790 1088.3
1097800 1088.3
1097810 1087.8
1097820 1090.0
1097830 1090.0
1097840 1093.7
1097850 1094.2
1097860 1094.2
1097870 1093.0
1097880 1093.4
1097890 1095.9
1097900 1095.9
1097910 1097.9
1097920 1098.4
1097930 1098.4
1097940 1099.1
1097950 1100.2
1097960 1100.2
1097970 1105.3
1097980 1107.6
1097990 1107.6
1098000 1108.5
1098010 1108.5
1098020 1108.5
1098030 1111.3
1098040 1114.3
1098050 1114.3
1098060 1118.0
1098070 1121.4
1098080 1121.4
1098090 1127.8
1098100 1130.8
1098110 1130.8
1098120 1134.1
1098130 1137.9
1098140 1141.3
1098150 1141.3
1098160 1144.3
1098170 1146.4
1098180 1146.4
1098190 1149.8
1098200 1153.5
1098210 1153.5
1098220 1157.1
1098230 1160.7
1098240 1160.7
1098250 1165.2
1098260 1170.3
1098270 1170.3
1098280 1174.7
1098290 1178.8
1098300 1178.8
1098310 1181.5
1098320 1184.1
1098330 1184.1
1098340 1184.5
1098350 1184.8
1098360 1184.8
1098370 1190.1
1098380 1194.2
1098390 1196.2
1098400 1196.2
1098410 1198.5
1098420 1213.6
1098430 1213.6
1098440 1216.4
1098450 1218.0
1098460 1218.0
1098470 1218.9
1098480 1219.9
1098490 1219.9
1098500 1221.3
1098510 1222.8
1098520 1222.8
1098530 1224.0
1098540 1224.9
1098550 1224.9
1098560 1225.2
1098570 1225.4
1098580 1225.4
1098590 1225.8
1098600 1226.6
1098610 1226.6
1098620 1227.0
1098630 1227.5
1098640 1227.8
1098650 1227.8
1098660 1227.4
1098670 1224.1
1098680 1224.1
1098690 1220.7
1098700 1227.5
1098710 1227.5
1098720 1232.1
1098730 1233.4
1098740 1240.6
1098750 1242.6
1098760 1244.9
1098770 1244.9
1098780 1246.8
1098790 1249.8
1098800 1249.8
1098810 1252.1
1098820 1253.5
1098830 1253.5
1098840 1254.1
1098850 1253.0
1098860 1253.0
1098870 1253.5
1098880 1254.8
1098890 1254.8
1098900 1256.7
1098910 1259.8
1098920 1262.1
1098930 1262.1
1098940 1264.8
1098950 1266.6
1098960 1266.6
1098970 1268.3
1098980 1268.2
1098990 1268.2
1099000 1263.2
1099010 1261.2
1099020 1261.2
1099030 1261.9
1099040 1268.6
1099050 1268.6
1099060 1278.0
1099070 1293.9
1099080 1293.9
1099090 1299.0
1099100 1303.6
1099110 1303.6
1099120 1307.0
1099130 1308.7
1099140 1308.7
1099150 1313.3
1099160 1318.4
1099170 1322.5
1099180 1322.5
1099190 1325.7
1099200 1328.6
1099210 1328.6
1099220 1332.1
1099230 1335.2
1099240 1335.2
1099250 1337.1
1099260 1342.0
1099270 1342.0
1099280 1346.4
1099290 1347.1
1099300 1347.1
1099310 1351.9
1099320 1354.8
1099330 1354.8
1099340 1357.3
1099350 1360.1
1099360 1360.1
1099370 1363.3
1099380 1365.2
1099390 1365.2
1099400 1371.9
1099410 1372.1
1099420 1368.6
1099430 1368.6
1099440 1359.9
1099450 1357.8
1099460 1357.8
1099470 1367.2
1099480 1374.9
1099490 1374.9
1099500 1382.2
1099510 1387.4
1099520 1387.4
1099530 1391.4
1099540 1396.9
1099550 1396.9
1099560 1401.4
1099570 1405.4
1099580 1405.4
1099590 1410.1
1099600 1415.9
1099610 1415.9
1099620 1423.0
1099630 1429.6
1099640 1429.6
1099650 1435.3
1099660 1439.6
1099670 1442.7
1099680 1442.7
1099690 1444.8
1099700 1446.7
1099710 1446.7
1099720 1447.9
1099730 1453.7
1099740 1453.7
1099750 1456.0
1099760 1458.0
1099770 1458.0
1099780 1459.1
1099790 1460.1
1099800 1460.1
1099810 1461.2
1099820 1462.3
1099830 1462.3
1099840 1463.6
1099850 1464.5
1099860 1464.5
1099870 1465.5
1099880 1466.4
1099890 1466.4
1099900 1466.9
1099910 1467.5
1099920 1467.5
1099930 1468.4
1099940 1469.0
1099950 1469.7
1099960 1469.7
1099970 1469.8
1099980 1470.2
1099990 1470.2
