1080000 650.7
1080010 650.7
1080020 651.2
1080030 651.7
1080040 651.7
1080050 652.7
1080060 653.9
1080070 653.9
1080080 655.4
1080090 656.8
1080100 656.8
1080110 658.8
1080120 661.2
1080130 663.8
1080140 663.8
1080150 666.2
1080160 669.0
1080170 665.5
1080180 668.2
1080190 671.0
1080200 671.0
1080210 673.7
1080220 676.5
1080230 676.5
1080240 679.3
1080250 681.8
1080260 681.8
1080270 683.8
1080280 685.4
1080290 685.4
1080300 686.3
1080310 686.9
1080320 686.9
1080330 687.7
1080340 687.7
1080350 687.7
1080360 687.4
1080370 687.2
1080380 687.2
1080390 687.2
1080400 687.2
1080410 687.0
1080420 687.0
1080430 686.5
1080440 686.3
1080450 686.3
1080460 687.0
1080470 688.0
1080480 689.1
1080490 689.8
1080500 690.7
1080510 690.7
1080520 691.9
1080530 693.1
1080540 693.1
1080550 694.7
1080560 695.5
1080570 695.5
1080580 695.4
1080590 695.0
1080600 695.0
1080610 694.0
1080620 692.7
1080630 692.7
1080640 691.3
1080650 690.3
1080660 689.6
1080670 689.6
1080680 689.2
1080690 689.2
1080700 689.2
1080710 689.1
1080720 688.7
1080730 688.7
1080740 688.0
1080750 686.9
1080760 686.9
1080770 685.7
1080780 684.6
1080790 684.6
1080800 681.9
1080810 678.1
1080820 678.1
1080830 676.7
1080840 674.9
1080850 674.9
1080860 674.2
1080870 675.2
1080880 675.2
1080890 674.9
1080900 674.9
1080910 675.3
1080920 675.3
1080930 675.5
1080940 675.7
1080950 675.7
1080960 676.0
1080970 676.9
1080980 676.9
1080990 678.4
1081000 680.1
1081010 680.1
1081020 680.5
1081030 680.7
1081040 680.7
1081050 681.0
1081060 680.1
1081070 680.1
1081080 676.7
1081090 672.8
1081100 672.8
1081110 670.0
1081120 671.0
1081130 671.0
1081140 672.2
1081150 673.5
1081160 673.5
1081170 674.9
1081180 676.2
1081190 677.3
1081200 677.3
1081210 678.2
1081220 679.1
1081230 679.1
1081240 680.1
1081250 681.1
1081260 681.1
1081270 682.1
1081280 682.9
1081290 682.9
1081300 683.4
1081310 683.7
1081320 683.7
1081330 684.3
1081340 684.9
1081350 684.9
1081360 685.0
1081370 685.2
1081380 685.2
1081390 685.3
1081400 685.5
1081410 685.5
1081420 685.7
1081430 684.7
1081440 684.5
1081450 684.5
1081460 683.8
1081470 682.9
1081480 682.9
1081490 681.9
1081500 681.4
1081510 681.4
1081520 681.0
1081530 680.8
1081540 680.8
1081550 680.9
1081560 681.1
1081570 681.1
1081580 681.0
1081590 680.7
1081600 680.7
1081610 680.2
1081620 679.4
1081630 679.4
1081640 678.6
1081650 678.4
1081660 678.4
1081670 678.4
1081680 678.6
1081690 679.7
1081700 679.7
1081710 680.4
1081720 680.4
1081730 680.4
1081740 677.4
1081750 677.5
1081760 677.5
1081770 677.3
1081780 676.3
1081790 676.3
1081800 678.8
1081810 684.0
1081820 684.0
1081830 687.0
1081840 686.6
1081850 686.6
1081860 685.1
1081870 683.8
1081880 683.8
1081890 682.8
1081900 682.0
1081910 682.0
1081920 681.5
1081930 681.3
1081940 681.3
1081950 681.2
1081960 681.0
1081970 680.9
1081980 680.9
1081990 680.8
1082000 680.6
1082010 680.6
1082020 680.6
1082030 680.5
1082040 680.5
1082050 680.5
1082060 680.5
1082070 680.5
1082080 680.5
1082090 680.5
1082100 680.5
1082110 680.5
1082120 680.6
1082130 680.6
1082140 680.7
1082150 680.8
1082160 680.8
1082170 680.9
1082180 681.2
1082190 681.2
1082200 681.4
1082210 681.7
1082220 682.1
1082230 682.1
1082240 682.9
1082250 684.2
1082260 684.2
1082270 685.4
1082280 686.5
1082290 686.5
1082300 687.8
1082310 689.3
1082320 689.3
1082330 691.0
1082340 692.4
1082350 692.4
1082360 693.5
1082370 695.0
1082380 694.3
1082390 695.5
1082400 696.9
1082410 696.9
1082420 698.9
1082430 700.9
1082440 700.9
1082450 703.0
1082460 704.5
1082470 704.8
1082480 704.8
1082490 705.9
1082500 706.6
1082510 706.6
1082520 707.5
1082530 709.0
1082540 709.0
1082550 710.4
1082560 712.0
1082570 712.0
1082580 713.7
1082590 715.4
1082600 715.4
1082610 717.0
1082620 718.8
1082630 718.8
1082640 720.3
1082650 721.9
1082660 721.9
1082670 722.9
1082680 723.9
1082690 721.7
1082700 723.0
1082710 724.4
1082720 724.4
1082730 725.8
1082740 728.0
1082750 729.2
1082760 729.2
1082770 729.6
1082780 730.1
1082790 730.1
1082800 730.6
1082810 730.9
1082820 730.9
1082830 730.8
1082840 729.4
1082850 729.4
1082860 728.6
1082870 727.1
1082880 727.1
1082890 727.2
1082900 726.5
1082910 726.5
1082920 725.5
1082930 725.8
1082940 725.8
1082950 727.7
1082960 730.5
1082970 730.5
1082980 732.8
1082990 734.5
1083000 735.2
1083010 732.3
1083020 733.1
1083030 735.0
1083040 735.0
1083050 737.3
1083060 739.3
1083070 739.3
1083080 740.5
1083090 740.1
1083100 740.1
1083110 739.6
1083120 740.6
1083130 740.6
1083140 741.5
1083150 742.0
1083160 742.0
1083170 743.3
1083180 744.6
1083190 744.6
1083200 745.3
1083210 744.9
1083220 744.9
1083230 743.5
1083240 741.9
1083250 740.4
1083260 740.4
1083270 739.0
1083280 738.2
1083290 738.2
1083300 737.8
1083310 737.4
1083320 737.4
1083330 734.6
1083340 735.2
1083350 735.2
1083360 736.0
1083370 737.1
1083380 737.1
1083390 738.3
1083400 739.5
1083410 739.5
1083420 740.9
1083430 745.1
1083440 745.1
1083450 751.1
1083460 757.3
1083470 757.3
1083480 762.7
1083490 768.1
1083500 768.1
1083510 771.6
1083520 773.7
1083530 775.8
1083540 775.8
1083550 777.7
1083560 779.0
1083570 779.0
1083580 780.1
1083590 781.1
1083600 781.1
1083610 782.2
1083620 783.6
1083630 783.6
1083640 783.6
1083650 784.0
1083660 784.0
1083670 784.2
1083680 784.5
1083690 784.5
1083700 784.8
1083710 784.7
1083720 784.7
1083730 785.1
1083740 785.7
1083750 785.7
1083760 785.9
1083770 785.7
1083780 785.6
1083790 785.6
1083800 785.7
1083810 786.0
1083820 786.0
1083830 786.3
1083840 786.7
1083850 786.7
1083860 787.4
1083870 788.2
1083880 788.2
1083890 789.6
1083900 791.1
1083910 791.1
1083920 791.8
1083930 792.5
1083940 792.5
1083950 792.9
1083960 791.6
1083970 791.6
1083980 794.2
1083990 796.4
1084000 796.4
1084010 800.0
1084020 803.0
1084030 805.5
1084040 805.5
1084050 808.0
1084060 811.1
1084070 811.1
1084080 814.0
1084090 816.4
1084100 816.4
1084110 818.7
1084120 820.3
1084130 820.3
1084140 821.0
1084150 820.7
1084160 820.7
1084170 820.3
1084180 820.4
1084190 820.4
1084200 821.4
1084210 822.7
1084220 822.7
1084230 824.7
1084240 826.5
1084250 826.5
1084260 828.2
1084270 830.7
1084280 827.1
1084290 829.9
1084300 831.6
1084310 835.3
1084320 835.3
1084330 840.0
1084340 844.7
1084350 844.7
1084360 849.5
1084370 853.7
1084380 853.7
1084390 857.7
1084400 861.0
1084410 861.0
1084420 864.2
1084430 867.5
1084440 867.5
1084450 870.4
1084460 872.7
1084470 872.7
1084480 875.2
1084490 878.3
1084500 878.3
1084510 881.6
1084520 884.8
1084530 884.8
1084540 886.3
1084550 888.0
1084560 889.2
1084570 889.2
1084580 890.4
1084590 892.0
1084600 887.8
1084610 889.3
1084620 890.9
1084630 890.9
1084640 892.4
1084650 893.9
1084660 893.9
1084670 895.2
1084680 896.4
1084690 896.4
1084700 897.7
1084710 899.1
1084720 899.1
1084730 900.3
1084740 901.2
1084750 901.2
1084760 902.5
1084770 903.9
1084780 903.9
1084790 905.9
1084800 908.2
1084810 910.4
1084820 910.4
1084830 912.7
1084840 915.6
1084850 915.6
1084860 919.0
1084870 922.6
1084880 922.6
1084890 926.0
1084900 928.8
1084910 925.0
1084920 926.2
1084930 926.3
1084940 926.3
1084950 926.1
1084960 926.7
1084970 926.7
1084980 926.8
1084990 926.0
1085000 926.0
1085010 926.6
1085020 927.2
1085030 927.2
1085040 928.5
1085050 932.6
1085060 932.6
1085070 937.8
1085080 942.4
1085090 946.1
1085100 946.1
1085110 950.0
1085120 953.6
1085130 953.6
1085140 958.7
1085150 964.9
1085160 964.9
1085170 971.4
1085180 978.4
1085190 978.4
1085200 983.5
1085210 988.1
1085220 988.1
1085230 985.8
1085240 989.7
1085250 989.7
1085260 994.0
1085270 997.7
1085280 997.7
1085290 1000.1
1085300 1002.1
1085310 1002.1
1085320 1001.9
1085330 1000.5
1085340 998.0
1085350 998.0
1085360 994.7
1085370 991.5
1085380 991.5
1085390 988.6
1085400 981.4
1085410 981.4
1085420 969.3
1085430 966.6
1085440 966.6
1085450 970.5
1085460 974.6
1085470 974.6
1085480 983.5
1085490 991.0
1085500 991.0
1085510 995.6
1085520 1000.2
1085530 1000.2
1085540 1004.1
1085550 1000.5
1085560 1000.5
1085570 1003.3
1085580 1005.4
1085590 1006.3
1085600 1006.3
1085610 1008.6
1085620 1011.0
1085630 1011.0
1085640 1011.5
1085650 1011.1
1085660 1011.1
1085670 1010.8
1085680 1010.6
1085690 1010.6
1085700 1010.2
1085710 1009.1
1085720 1009.1
1085730 1007.3
1085740 1006.4
1085750 1006.4
1085760 1006.5
1085770 1006.6
1085780 1006.6
1085790 1007.0
1085800 1007.0
1085810 1007.0
1085820 1007.0
1085830 1007.8
1085840 1007.8
1085850 1008.3
1085860 1007.9
1085870 1000.7
1085880 1000.7
1085890 1000.4
1085900 1000.8
1085910 1000.8
1085920 999.8
1085930 998.9
1085940 998.9
1085950 998.7
1085960 998.2
1085970 998.2
1085980 998.1
1085990 998.2
1086000 998.2
1086010 997.7
1086020 996.3
1086030 996.3
1086040 995.4
1086050 994.7
1086060 994.7
1086070 995.5
1086080 997.1
1086090 997.1
1086100 997.8
1086110 996.9
1086120 994.4
1086130 994.4
1086140 993.3
1086150 994.5
1086160 994.5
1086170 996.2
1086180 998.6
1086190 994.5
1086200 997.2
1086210 1000.7
1086220 1000.7
1086230 1003.3
1086240 1004.0
1086250 1004.0
1086260 1005.1
1086270 1006.3
1086280 1006.3
1086290 1007.2
1086300 1007.6
1086310 1007.6
1086320 1007.4
1086330 1006.9
1086340 1006.9
1086350 1006.7
1086360 1007.0
1086370 1007.9
1086380 1007.9
1086390 1008.6
1086400 1008.9
1086410 1008.9
1086420 1008.4
1086430 1006.6
1086440 1006.6
1086450 1005.0
1086460 1003.9
1086470 1003.9
1086480 1003.5
1086490 1003.6
1086500 1003.6
1086510 1001.0
1086520 1002.0
1086530 1002.0
1086540 1002.5
1086550 1002.0
1086560 1002.0
1086570 1001.0
1086580 1000.2
1086590 1000.2
1086600 998.4
1086610 997.6
1086620 997.6
1086630 996.7
1086640 995.4
1086650 994.9
1086660 994.9
1086670 995.3
1086680 996.3
1086690 996.3
1086700 997.2
1086710 996.7
1086720 996.7
1086730 995.9
1086740 997.7
1086750 997.7
1086760 1001.0
1086770 1002.9
1086780 1002.9
1086790 1003.8
1086800 1005.1
1086810 1005.1
1086820 1006.2
1086830 1005.9
1086840 1005.9
1086850 1006.7
1086860 1008.2
1086870 1008.2
1086880 1009.1
1086890 1009.4
1086900 1009.7
1086910 1009.7
1086920 1010.2
1086930 1010.8
1086940 1010.8
1086950 1010.4
1086960 1008.7
1086970 1008.7
1086980 1006.0
1086990 1002.8
1087000 1002.8
1087010 1000.6
1087020 995.7
1087030 995.7
1087040 987.8
1087050 979.9
1087060 979.9
1087070 982.3
1087080 991.6
1087090 991.6
1087100 997.8
1087110 1001.8
1087120 1001.8
1087130 1005.2
1087140 1008.8
1087150 1005.3
1087160 1005.3
1087170 1009.7
1087180 1014.1
1087190 1014.1
1087200 1017.8
1087210 1021.1
1087220 1021.1
1087230 1023.6
1087240 1025.4
1087250 1025.4
1087260 1027.6
1087270 1029.6
1087280 1029.6
1087290 1032.2
1087300 1033.5
1087310 1033.5
1087320 1034.4
1087330 1034.4
1087340 1034.4
1087350 1034.8
1087360 1034.9
1087370 1034.9
1087380 1034.5
1087390 1034.5
1087400 1034.5
1087410 1033.8
1087420 1033.2
1087430 1032.9
1087440 1032.9
1087450 1032.9
1087460 1033.9
1087470 1028.7
1087480 1028.6
1087490 1028.2
1087500 1028.2
1087510 1028.3
1087520 1028.3
1087530 1028.3
1087540 1031.1
1087550 1036.9
1087560 1036.9
1087570 1038.6
1087580 1043.9
1087590 1043.9
1087600 1046.5
1087610 1048.5
1087620 1048.5
1087630 1050.0
1087640 1051.0
1087650 1051.0
1087660 1052.5
1087670 1055.2
1087680 1058.2
1087690 1058.2
1087700 1059.0
1087710 1058.0
1087720 1058.0
1087730 1056.0
1087740 1054.6
1087750 1054.6
1087760 1054.3
1087770 1054.3
1087780 1054.3
1087790 1049.7
1087800 1050.3
1087810 1050.3
1087820 1051.2
1087830 1052.4
1087840 1052.4
1087850 1053.5
1087860 1055.2
1087870 1055.2
1087880 1055.8
1087890 1056.8
1087900 1056.8
1087910 1059.5
1087920 1062.3
1087930 1062.0
1087940 1062.0
1087950 1060.5
1087960 1059.5
1087970 1059.5
1087980 1060.5
1087990 1062.8
1088000 1062.8
1088010 1064.0
1088020 1064.6
1088030 1064.6
1088040 1064.9
1088050 1066.0
1088060 1066.0
1088070 1066.6
1088080 1068.5
1088090 1068.5
1088100 1070.9
1088110 1065.1
1088120 1065.1
1088130 1064.8
1088140 1062.7
1088150 1062.7
1088160 1059.9
1088170 1057.4
1088180 1057.4
1088190 1055.4
1088200 1053.6
1088210 1052.0
1088220 1052.0
1088230 1050.4
1088240 1048.5
1088250 1048.5
1088260 1046.2
1088270 1043.4
1088280 1043.4
1088290 1040.8
1088300 1038.6
1088310 1038.6
1088320 1036.6
1088330 1034.3
1088340 1034.3
1088350 1032.6
1088360 1031.3
1088370 1031.3
1088380 1028.4
1088390 1026.3
1088400 1026.3
1088410 1025.7
1088420 1023.9
1088430 1020.7
1088440 1018.7
1088450 1015.9
1088460 1011.6
1088470 1011.6
1088480 1008.2
1088490 1006.1
1088500 1006.1
1088510 1004.9
1088520 1006.4
1088530 1006.4
1088540 1008.7
1088550 1009.4
1088560 1009.4
1088570 1011.6
1088580 1011.6
1088590 1011.6
1088600 1012.8
1088610 1013.0
1088620 1013.0
1088630 1008.9
1088640 1003.7
1088650 1003.7
1088660 1000.5
1088670 996.2
1088680 996.2
1088690 988.9
1088700 980.3
1088710 972.1
1088720 972.1
1088730 966.7
1088740 962.6
1088750 960.2
1088760 953.3
1088770 946.5
1088780 946.5
1088790 937.6
1088800 928.6
1088810 928.6
1088820 928.3
1088830 939.0
1088840 939.0
1088850 951.0
1088860 961.7
1088870 961.7
1088880 971.3
1088890 978.1
1088900 978.1
1088910 982.9
1088920 987.5
1088930 987.5
1088940 992.9
1088950 998.9
1088960 998.9
1088970 1005.2
1088980 1011.6
1088990 1015.7
1089000 1015.7
1089010 1020.1
1089020 1024.6
1089030 1024.6
1089040 1028.0
1089050 1031.1
1089060 1031.1
1089070 1028.9
1089080 1030.4
1089090 1030.4
1089100 1031.8
1089110 1033.5
1089120 1033.5
1089130 1035.6
1089140 1037.6
1089150 1037.6
1089160 1039.4
1089170 1041.2
1089180 1041.2
1089190 1042.2
1089200 1042.6
1089210 1042.6
1089220 1042.9
1089230 1043.0
1089240 1043.2
1089250 1043.2
1089260 1042.8
1089270 1041.8
1089280 1041.8
1089290 1040.3
1089300 1039.2
1089310 1039.2
1089320 1038.1
1089330 1036.8
1089340 1036.8
1089350 1035.6
1089360 1034.2
1089370 1034.2
1089380 1033.1
1089390 1025.7
1089400 1025.7
1089410 1024.8
1089420 1024.1
1089430 1024.1
1089440 1023.8
1089450 1023.5
1089460 1023.5
1089470 1022.7
1089480 1021.1
1089490 1019.7
1089500 1019.7
1089510 1018.7
1089520 1017.9
1089530 1017.9
1089540 1016.4
1089550 1014.7
1089560 1014.7
1089570 1014.3
1089580 1014.3
1089590 1014.3
1089600 1013.7
1089610 1013.4
1089620 1013.4
1089630 1012.9
1089640 1012.5
1089650 1012.5
1089660 1011.9
1089670 1011.3
1089680 1011.3
1089690 1010.3
1089700 1009.9
1089710 1009.9
1089720 1002.1
1089730 1001.4
1089740 1001.4
1089750 1000.6
1089760 999.6
1089770 999.5
1089780 999.5
1089790 1000.3
1089800 999.6
1089810 999.6
1089820 998.0
1089830 996.2
1089840 996.2
1089850 995.6
1089860 994.9
1089870 994.9
1089880 994.1
1089890 993.7
1089900 993.7
1089910 992.7
1089920 991.9
1089930 991.9
1089940 991.1
1089950 990.2
1089960 990.2
1089970 989.1
1089980 987.5
1089990 987.5
1090000 986.0
1090010 985.7
1090020 985.9
1090030 985.9
1090040 976.8
1090050 974.1
1090060 974.1
1090070 971.3
1090080 970.0
1090090 970.0
1090100 969.0
1090110 969.4
1090120 969.4
1090130 968.4
1090140 966.0
1090150 966.0
1090160 965.2
1090170 963.7
1090180 963.7
1090190 961.0
1090200 957.7
1090210 957.7
1090220 955.9
1090230 953.8
1090240 953.8
1090250 951.6
1090260 949.7
1090270 947.5
1090280 947.5
1090290 947.2
1090300 947.8
1090310 947.8
1090320 947.4
1090330 946.2
1090340 946.2
1090350 945.1
1090360 940.3
1090370 940.3
1090380 939.1
1090390 938.1
1090400 938.1
1090410 938.1
1090420 937.3
1090430 937.3
1090440 936.0
1090450 935.3
1090460 935.3
1090470 934.6
1090480 933.4
1090490 933.4
1090500 933.0
1090510 932.4
1090520 932.4
1090530 931.1
1090540 930.5
1090550 930.0
1090560 930.0
1090570 929.8
1090580 929.4
1090590 929.4
1090600 928.3
1090610 926.7
1090620 926.7
1090630 926.3
1090640 925.7
1090650 925.7
1090660 924.7
1090670 924.9
1090680 922.1
1090690 922.3
1090700 922.5
1090710 922.5
1090720 922.6
1090730 922.7
1090740 922.7
1090750 923.1
1090760 923.4
1090770 923.4
1090780 923.4
1090790 923.2
1090800 921.3
1090810 921.3
1090820 913.7
1090830 903.8
1090840 903.8
1090850 894.8
1090860 883.8
1090870 883.8
1090880 876.0
1090890 873.4
1090900 873.4
1090910 878.9
1090920 880.5
1090930 880.5
1090940 881.6
1090950 883.7
1090960 883.7
1090970 886.6
1090980 891.3
1090990 891.3
1091000 894.4
1091010 887.9
1091020 887.9
1091030 888.4
1091040 889.1
1091050 889.8
1091060 889.8
1091070 891.0
1091080 894.9
1091090 894.9
1091100 900.3
1091110 905.3
1091120 905.3
1091130 907.5
1091140 907.6
1091150 907.6
1091160 906.2
1091170 904.8
1091180 904.8
1091190 904.8
1091200 904.5
1091210 904.5
1091220 904.1
1091230 903.9
1091240 903.9
1091250 903.0
1091260 901.4
1091270 901.4
1091280 900.8
1091290 899.5
1091300 899.5
1091310 898.4
1091320 897.5
1091330 892.5
1091340 892.5
1091350 891.0
1091360 889.7
1091370 889.7
1091380 888.5
1091390 887.5
1091400 887.5
1091410 886.3
1091420 885.0
1091430 885.0
1091440 883.1
1091450 881.3
1091460 881.3
1091470 880.2
1091480 879.1
1091490 879.1
1091500 877.8
1091510 876.4
1091520 876.4
1091530 875.2
1091540 873.8
1091550 873.8
1091560 872.3
1091570 870.7
1091580 869.4
1091590 869.4
1091600 868.1
1091610 866.9
1091620 866.9
1091630 865.4
1091640 863.4
1091650 858.9
1091660 856.0
1091670 853.9
1091680 853.9
1091690 853.0
1091700 851.4
1091710 851.4
1091720 849.9
1091730 849.7
1091740 849.7
1091750 848.2
1091760 847.1
1091770 847.1
1091780 846.5
1091790 844.8
1091800 844.8
1091810 843.3
1091820 842.2
1091830 840.6
1091840 840.6
1091850 838.9
1091860 837.0
1091870 837.0
1091880 835.4
1091890 832.8
1091900 832.8
1091910 832.7
1091920 831.6
1091930 831.6
1091940 831.4
1091950 831.4
1091960 831.4
1091970 830.6
1091980 825.3
1091990 825.3
1092000 822.9
1092010 819.0
1092020 819.0
1092030 818.9
1092040 820.4
1092050 820.4
1092060 825.5
1092070 832.8
1092080 832.8
1092090 839.8
1092100 846.6
1092110 852.8
1092120 852.8
1092130 853.8
1092140 856.2
1092150 856.2
1092160 858.8
1092170 858.8
1092180 858.8
1092190 858.9
1092200 858.9
1092210 858.9
1092220 858.8
1092230 858.9
1092240 858.9
1092250 859.1
1092260 857.2
1092270 857.2
1092280 853.4
1092290 852.2
1092300 850.4
1092310 850.3
1092320 850.8
1092330 850.8
1092340 851.3
1092350 849.0
1092360 842.1
1092370 842.1
1092380 835.6
1092390 828.4
1092400 828.4
1092410 821.4
1092420 813.5
1092430 813.5
1092440 804.6
1092450 794.4
1092460 794.4
1092470 786.5
1092480 779.2
1092490 779.2
1092500 769.4
1092510 757.8
1092520 757.8
1092530 754.4
1092540 768.0
1092550 768.0
1092560 787.0
1092570 799.2
1092580 799.2
1092590 805.9
1092600 810.5
1092610 813.5
1092620 813.5
1092630 810.9
1092640 815.2
1092650 815.2
1092660 820.7
1092670 827.5
1092680 827.5
1092690 834.8
1092700 842.5
1092710 842.5
1092720 845.9
1092730 845.5
1092740 845.5
1092750 843.8
1092760 843.5
1092770 843.5
1092780 843.3
1092790 843.0
1092800 843.0
1092810 843.3
1092820 843.5
1092830 843.5
1092840 841.9
1092850 840.3
1092860 840.3
1092870 838.9
1092880 837.6
1092890 837.0
1092900 837.0
1092910 836.5
1092920 835.2
1092930 835.2
1092940 833.6
1092950 831.6
1092960 831.6
1092970 830.7
1092980 829.9
1092990 829.9
1093000 828.8
1093010 825.6
1093020 825.6
1093030 818.7
1093040 811.2
1093050 811.2
1093060 804.0
1093070 798.5
1093080 798.5
1093090 794.1
1093100 789.9
1093110 789.9
1093120 785.8
1093130 785.8
1093140 788.2
1093150 788.2
1093160 789.7
1093170 788.3
1093180 788.3
1093190 786.4
1093200 784.2
1093210 784.2
1093220 783.7
1093230 782.4
1093240 782.4
1093250 781.3
1093260 780.5
1093270 780.5
1093280 776.1
1093290 775.4
1093300 775.4
1093310 774.6
1093320 774.1
1093330 774.1
1093340 771.7
1093350 769.7
1093360 769.7
1093370 769.5
1093380 771.3
1093390 777.8
1093400 777.8
1093410 783.1
1093420 787.9
1093430 787.9
1093440 792.6
1093450 798.2
1093460 798.2
1093470 804.4
1093480 809.0
1093490 809.0
1093500 809.8
1093510 808.2
1093520 808.2
1093530 804.9
1093540 800.7
1093550 800.7
1093560 796.0
1093570 791.9
1093580 791.9
1093590 788.7
1093600 781.1
1093610 781.1
1093620 779.9
1093630 780.7
1093640 780.7
1093650 783.7
1093660 788.0
1093670 791.5
1093680 791.5
1093690 790.5
1093700 787.7
1093710 787.7
1093720 784.9
1093730 782.5
1093740 782.5
1093750 780.8
1093760 779.2
1093770 779.2
1093780 777.7
1093790 777.0
1093800 777.0
1093810 776.9
1093820 776.7
1093830 776.7
1093840 776.8
1093850 776.1
1093860 776.1
1093870 773.5
1093880 769.8
1093890 769.8
1093900 763.2
1093910 756.5
1093920 748.2
1093930 747.4
1093940 739.5
1093950 731.8
1093960 731.8
1093970 722.1
1093980 711.3
1093990 711.3
1094000 701.3
1094010 696.8
1094020 696.8
1094030 697.5
1094040 702.2
1094050 702.2
1094060 713.7
1094070 720.8
1094080 720.8
1094090 730.1
1094100 733.6
1094110 733.6
1094120 733.5
1094130 735.6
1094140 735.6
1094150 739.0
1094160 742.8
1094170 746.8
1094180 746.8
1094190 751.2
1094200 755.1
1094210 755.1
1094220 757.7
1094230 759.6
1094240 759.6
1094250 755.4
1094260 757.7
1094270 757.7
1094280 761.8
1094290 767.5
1094300 767.5
1094310 773.6
1094320 780.0
1094330 780.0
1094340 783.5
1094350 781.1
1094360 781.1
1094370 774.0
1094380 766.8
1094390 766.8
1094400 761.4
1094410 757.8
1094420 757.8
1094430 753.4
1094440 749.0
1094450 742.7
1094460 742.7
1094470 735.9
1094480 731.2
1094490 731.2
1094500 727.8
1094510 728.9
1094520 728.9
1094530 726.2
1094540 719.2
1094550 719.2
1094560 715.6
1094570 711.9
1094580 704.7
1094590 700.3
1094600 698.3
1094610 698.3
1094620 697.6
1094630 696.6
1094640 696.6
1094650 701.3
1094660 702.9
1094670 702.9
1094680 706.7
1094690 709.5
1094700 709.2
1094710 709.2
1094720 712.7
1094730 718.6
1094740 718.6
1094750 722.7
1094760 727.6
1094770 727.6
1094780 727.2
1094790 720.0
1094800 720.0
1094810 712.4
1094820 717.3
1094830 717.3
1094840 725.0
1094850 732.0
1094860 732.0
1094870 739.3
1094880 746.2
1094890 746.2
1094900 755.8
1094910 757.1
1094920 757.1
1094930 755.0
1094940 754.0
1094950 755.2
1094960 755.2
1094970 750.2
1094980 747.5
1094990 747.5
1095000 751.1
1095010 749.5
1095020 749.5
1095030 743.9
1095040 737.0
1095050 737.0
1095060 735.0
1095070 732.0
1095080 732.0
1095090 732.3
1095100 735.1
1095110 735.1
1095120 737.9
1095130 736.8
1095140 736.8
1095150 734.4
1095160 731.2
1095170 731.2
1095180 730.0
1095190 728.6
1095200 728.6
1095210 726.3
1095220 721.5
1095230 705.9
1095240 705.9
1095250 694.6
1095260 681.9
1095270 681.9
1095280 677.0
1095290 677.1
1095300 677.1
1095310 682.3
1095320 696.3
1095330 696.3
1095340 708.2
1095350 723.2
1095360 723.2
1095370 737.5
1095380 750.7
1095390 750.7
1095400 758.3
1095410 763.7
1095420 763.7
1095430 766.6
1095440 768.7
1095450 768.7
1095460 769.6
1095470 769.4
1095480 769.8
1095490 769.8
1095500 769.8
1095510 769.5
1095520 769.5
1095530 770.0
1095540 771.4
1095550 771.4
1095560 775.3
1095570 776.5
1095580 776.5
1095590 777.9
1095600 779.3
1095610 779.3
1095620 780.8
1095630 782.0
1095640 782.0
1095650 783.9
1095660 785.9
1095670 785.9
1095680 787.9
1095690 788.0
1095700 788.0
1095710 789.0
1095720 790.2
1095730 791.1
1095740 791.1
1095750 792.3
1095760 793.5
1095770 793.5
1095780 793.9
1095790 793.0
1095800 793.0
1095810 790.5
1095820 787.7
1095830 787.7
1095840 786.0
1095850 786.3
1095860 786.3
1095870 786.4
1095880 790.9
1095890 790.9
1095900 791.2
1095910 791.5
1095920 791.5
1095930 793.9
1095940 793.9
1095950 793.9
1095960 790.7
1095970 791.6
1095980 793.5
1095990 793.5
1096000 794.5
1096010 794.9
1096020 794.9
1096030 795.9
1096040 800.3
1096050 800.3
1096060 805.1
1096070 809.8
1096080 809.8
1096090 815.4
1096100 820.0
1096110 820.0
1096120 824.9
1096130 829.9
1096140 829.9
1096150 835.4
1096160 841.4
1096170 841.4
1096180 846.7
1096190 847.8
1096200 847.8
1096210 844.9
1096220 838.4
1096230 838.4
1096240 831.8
1096250 825.0
1096260 817.5
1096270 817.5
1096280 810.5
1096290 804.7
1096300 804.7
1096310 799.7
1096320 794.9
1096330 794.9
1096340 790.6
1096350 786.8
1096360 786.8
1096370 785.3
1096380 783.4
1096390 783.4
1096400 779.4
1096410 774.9
1096420 774.9
1096430 768.1
1096440 761.0
1096450 761.0
1096460 752.2
1096470 742.2
1096480 742.2
1096490 730.1
1096500 720.4
1096510 717.0
1096520 717.0
1096530 721.9
1096540 734.8
1096550 734.8
1096560 752.6
1096570 770.2
1096580 770.2
1096590 783.5
1096600 787.9
1096610 787.9
1096620 791.8
1096630 796.5
1096640 796.5
1096650 801.0
1096660 805.3
1096670 805.3
1096680 809.6
1096690 814.4
1096700 814.4
1096710 819.3
1096720 825.3
1096730 825.3
1096740 831.2
1096750 837.2
1096760 843.4
1096770 843.4
1096780 849.5
1096790 852.8
1096800 852.8
1096810 851.4
1096820 847.1
1096830 847.1
1096840 841.5
1096850 838.1
1096860 838.1
1096870 844.5
1096880 845.3
1096890 845.3
1096900 846.4
1096910 848.1
1096920 848.1
1096930 848.8
1096940 849.3
1096950 849.3
1096960 850.2
1096970 853.7
1096980 853.7
1096990 856.4
1097000 856.0
1097010 856.0
1097020 853.4
1097030 853.6
1097040 853.9
1097050 853.9
1097060 851.7
1097070 849.7
1097080 849.7
1097090 848.6
1097100 848.6
1097110 848.6
1097120 848.6
1097130 849.5
1097140 849.5
1097150 850.1
1097160 849.5
1097170 849.5
1097180 849.7
1097190 851.1
1097200 857.8
1097210 860.3
1097220 862.3
1097230 862.3
1097240 859.2
1097250 857.5
1097260 857.5
1097270 856.4
1097280 854.6
1097290 852.5
1097300 852.5
1097310 850.4
1097320 848.6
1097330 848.6
1097340 847.6
1097350 848.0
1097360 848.0
1097370 848.0
1097380 845.2
1097390 845.2
1097400 838.5
1097410 836.5
1097420 836.5
1097430 838.5
1097440 840.3
1097450 840.3
1097460 840.7
1097470 841.4
1097480 841.4
1097490 842.4
1097500 844.3
1097510 844.3
1097520 850.1
1097530 851.0
1097540 851.2
1097550 851.2
1097560 848.7
1097570 844.1
1097580 844.1
1097590 842.1
1097600 841.5
1097610 841.5
1097620 841.0
1097630 841.9
1097640 841.9
1097650 842.7
1097660 844.7
1097670 844.7
1097680 849.8
1097690 851.4
1097700 851.4
1097710 851.5
1097720 850.8
1097730 850.8
1097740 848.6
1097750 845.6
1097760 845.6
1097770 846.9
1097780 852.0
1097790 852.0
1097800 856.1
1097810 860.5
1097820 867.4
1097830 867.4
1097840 874.6
1097850 880.2
1097860 880.2
1097870 878.9
1097880 876.5
1097890 876.5
1097900 872.6
1097910 869.3
1097920 869.3
1097930 870.1
1097940 875.6
1097950 875.6
1097960 881.9
1097970 885.3
1097980 885.3
1097990 886.2
1098000 888.4
1098010 888.4
1098020 889.9
1098030 890.6
1098040 890.6
1098050 890.7
1098060 891.9
1098070 893.3
1098080 893.3
1098090 894.3
1098100 895.8
1098110 895.8
1098120 897.2
1098130 898.3
1098140 898.3
1098150 899.2
1098160 901.2
1098170 901.2
1098180 908.1
1098190 909.3
1098200 909.3
1098210 910.9
1098220 912.4
1098230 912.4
1098240 914.3
1098250 915.9
1098260 915.9
1098270 917.1
1098280 919.0
1098290 919.0
1098300 920.2
1098310 921.7
1098320 923.0
1098330 923.0
1098340 924.1
1098350 924.9
1098360 924.9
1098370 925.6
1098380 926.4
1098390 926.4
1098400 927.6
1098410 928.6
1098420 928.6
1098430 930.0
1098440 931.4
1098450 931.4
1098460 933.0
1098470 935.1
1098480 935.1
1098490 936.8
1098500 938.3
1098510 944.5
1098520 945.0
1098530 944.8
1098540 944.8
1098550 945.5
1098560 945.3
1098570 945.3
1098580 943.2
1098590 941.3
1098600 936.3
1098610 936.3
1098620 933.5
1098630 931.5
1098640 931.5
1098650 940.6
1098660 955.9
1098670 955.9
1098680 962.4
1098690 965.2
1098700 965.2
1098710 964.6
1098720 956.4
1098730 956.4
1098740 948.5
1098750 945.3
1098760 945.3
1098770 957.3
1098780 973.5
1098790 973.5
1098800 984.5
1098810 990.8
1098820 990.8
1098830 994.8
1098840 1006.0
1098850 1008.0
1098860 1008.0
1098870 1005.1
1098880 1003.5
1098890 1003.5
1098900 1002.1
1098910 995.9
1098920 995.9
1098930 990.1
1098940 983.2
1098950 983.2
1098960 991.9
1098970 1006.3
1098980 1006.3
1098990 1019.7
1099000 1026.7
1099010 1026.7
1099020 1032.4
1099030 1036.4
1099040 1036.4
1099050 1033.3
1099060 1039.2
1099070 1039.2
1099080 1057.5
1099090 1067.3
1099100 1073.9
1099110 1073.9
1099120 1078.1
1099130 1082.9
1099140 1082.9
1099150 1087.1
1099160 1093.0
1099170 1097.8
1099180 1104.9
1099190 1110.9
1099200 1110.9
1099210 1116.3
1099220 1121.6
1099230 1121.6
1099240 1126.3
1099250 1130.7
1099260 1130.7
1099270 1135.0
1099280 1139.1
1099290 1139.1
1099300 1142.8
1099310 1146.8
1099320 1146.8
1099330 1150.3
1099340 1153.8
1099350 1156.5
1099360 1156.5
1099370 1161.1
1099380 1164.6
1099390 1164.6
1099400 1168.0
1099410 1171.6
1099420 1171.6
1099430 1174.2
1099440 1176.4
1099450 1176.4
1099460 1178.6
1099470 1180.8
1099480 1180.8
1099490 1182.7
1099500 1189.7
1099510 1189.7
1099520 1190.8
1099530 1192.3
1099540 1192.3
1099550 1193.4
1099560 1194.3
1099570 1194.3
1099580 1194.4
1099590 1194.3
1099600 1194.3
1099610 1194.2
1099620 1193.4
1099630 1192.5
1099640 1192.5
1099650 1191.9
1099660 1191.7
1099670 1191.7
1099680 1191.1
1099690 1189.1
1099700 1189.1
1099710 1191.5
1099720 1193.9
1099730 1193.9
1099740 1197.6
1099750 1199.9
1099760 1199.9
1099770 1201.5
1099780 1202.0
1099790 1202.0
1099800 1203.8
1099810 1205.4
1099820 1205.4
1099830 1211.8
1099840 1213.1
1099850 1213.1
1099860 1215.7
1099870 1218.0
1099880 1218.7
1099890 1218.7
1099900 1216.2
1099910 1221.5
1099920 1221.5
1099930 1224.9
1099940 1223.7
1099950 1223.7
1099960 1222.6
1099970 1223.6
1099980 1223.6
1099990 1228.4
