1080000 666.3
1080010 666.3
1080020 667.0
1080030 667.5
1080040 667.5
1080050 668.1
1080060 668.7
1080070 668.7
1080080 668.7
1080090 669.0
1080100 669.2
1080110 669.2
1080120 669.4
1080130 669.8
1080140 669.8
1080150 670.4
1080160 670.7
1080170 670.7
1080180 670.8
1080190 670.7
1080200 670.7
1080210 671.1
1080220 671.1
1080230 671.1
1080240 671.2
1080250 671.5
1080260 671.5
1080270 671.8
1080280 669.9
1080290 669.9
1080300 670.9
1080310 672.0
1080320 672.0
1080330 674.6
1080340 678.3
1080350 682.1
1080360 682.1
1080370 686.8
1080380 691.7
1080390 691.7
1080400 694.2
1080410 696.1
1080420 696.1
1080430 697.3
1080440 697.4
1080450 697.4
1080460 695.7
1080470 695.3
1080480 695.3
1080490 694.6
1080500 694.4
1080510 694.4
1080520 694.3
1080530 694.3
1080540 694.3
1080550 694.5
1080560 695.1
1080570 695.1
1080580 695.7
1080590 695.8
1080600 695.8
1080610 695.7
1080620 696.0
1080630 697.3
1080640 697.3
1080650 698.2
1080660 700.0
1080670 700.0
1080680 703.3
1080690 704.5
1080700 704.5
1080710 705.5
1080720 707.5
1080730 707.5
1080740 710.6
1080750 713.5
1080760 713.5
1080770 715.5
1080780 716.7
1080790 716.7
1080800 717.3
1080810 717.6
1080820 717.6
1080830 718.1
1080840 718.4
1080850 718.4
1080860 717.6
1080870 716.6
1080880 715.4
1080890 715.4
1080900 714.6
1080910 716.9
1080920 716.9
1080930 718.1
1080940 717.9
1080950 717.9
1080960 717.5
1080970 717.9
1080980 717.9
1080990 718.7
1081000 719.4
1081010 719.4
1081020 720.0
1081030 721.1
1081040 721.1
1081050 722.4
1081060 723.6
1081070 723.6
1081080 724.9
1081090 725.4
1081100 725.4
1081110 725.2
1081120 725.3
1081130 725.3
1081140 725.4
1081150 725.6
1081160 725.1
1081170 725.1
1081180 724.3
1081190 723.2
1081200 723.2
1081210 722.4
1081220 723.0
1081230 723.0
1081240 722.1
1081250 721.6
1081260 721.6
1081270 721.2
1081280 720.7
1081290 720.7
1081300 720.1
1081310 719.6
1081320 719.6
1081330 719.0
1081340 718.5
1081350 718.5
1081360 718.0
1081370 717.6
1081380 717.6
1081390 717.4
1081400 717.4
1081410 717.8
1081420 717.8
1081430 718.2
1081440 718.1
1081450 718.1
1081460 718.2
1081470 718.3
1081480 718.3
1081490 718.4
1081500 718.4
1081510 718.4
1081520 718.7
1081530 718.7
1081540 716.5
1081550 716.8
1081560 717.2
1081570 717.2
1081580 717.5
1081590 717.8
1081600 717.8
1081610 718.0
1081620 718.2
1081630 718.2
1081640 718.7
1081650 719.7
1081660 720.8
1081670 720.8
1081680 721.1
1081690 721.2
1081700 721.2
1081710 720.2
1081720 717.2
1081730 717.2
1081740 717.6
1081750 719.1
1081760 719.1
1081770 720.7
1081780 722.3
1081790 722.3
1081800 724.1
1081810 725.5
1081820 725.5
1081830 726.9
1081840 728.7
1081850 728.7
1081860 726.0
1081870 727.3
1081880 727.3
1081890 729.4
1081900 731.1
1081910 731.1
1081920 732.7
1081930 734.1
1081940 735.1
1081950 735.1
1081960 736.1
1081970 737.2
1081980 737.2
1081990 738.4
1082000 739.9
1082010 739.9
1082020 742.0
1082030 744.2
1082040 744.2
1082050 746.4
1082060 748.1
1082070 748.1
1082080 749.5
1082090 750.0
1082100 750.0
1082110 751.2
1082120 752.3
1082130 752.3
1082140 752.9
1082150 753.6
1082160 753.6
1082170 752.5
1082180 753.0
1082190 753.9
1082200 753.9
1082210 754.3
1082220 755.3
1082230 755.3
1082240 755.5
1082250 755.7
1082260 755.7
1082270 755.9
1082280 756.0
1082290 756.0
1082300 756.1
1082310 756.3
1082320 756.3
1082330 756.5
1082340 756.6
1082350 756.6
1082360 756.9
1082370 757.1
1082380 757.1
1082390 757.4
1082400 758.1
1082410 758.1
1082420 759.1
1082430 760.2
1082440 762.6
1082450 762.6
1082460 763.6
1082470 763.6
1082480 763.6
1082490 763.4
1082500 764.1
1082510 764.1
1082520 764.7
1082530 765.3
1082540 765.3
1082550 766.2
1082560 766.8
1082570 766.8
1082580 767.5
1082590 768.2
1082600 768.2
1082610 768.9
1082620 769.6
1082630 769.6
1082640 770.1
1082650 770.7
1082660 770.7
1082670 771.4
1082680 772.3
1082690 772.3
1082700 773.2
1082710 773.9
1082720 774.1
1082730 774.1
1082740 774.5
1082750 775.0
1082760 775.0
1082770 775.4
1082780 775.9
1082790 775.9
1082800 775.8
1082810 776.6
1082820 776.6
1082830 777.4
1082840 778.1
1082850 778.1
1082860 778.3
1082870 777.8
1082880 777.8
1082890 777.4
1082900 777.0
1082910 777.0
1082920 780.3
1082930 782.2
1082940 782.2
1082950 783.5
1082960 785.0
1082970 786.7
1082980 786.7
1082990 788.2
1083000 790.8
1083010 790.8
1083020 794.8
1083030 797.7
1083040 797.7
1083050 798.9
1083060 799.9
1083070 799.9
1083080 801.0
1083090 801.9
1083100 801.9
1083110 802.3
1083120 800.3
1083130 800.3
1083140 801.1
1083150 802.8
1083160 802.8
1083170 806.0
1083180 810.5
1083190 810.5
1083200 816.0
1083210 822.8
1083220 827.2
1083230 827.2
1083240 831.3
1083250 834.7
1083260 834.7
1083270 837.5
1083280 840.2
1083290 840.2
1083300 842.9
1083310 845.3
1083320 845.3
1083330 847.6
1083340 848.3
1083350 848.3
1083360 848.8
1083370 850.0
1083380 850.0
1083390 851.3
1083400 851.5
1083410 851.5
1083420 851.6
1083430 851.8
1083440 849.6
1083450 849.5
1083460 848.4
1083470 848.4
1083480 846.9
1083490 845.7
1083500 845.1
1083510 845.1
1083520 844.9
1083530 844.7
1083540 844.7
1083550 844.7
1083560 845.6
1083570 845.6
1083580 847.4
1083590 849.3
1083600 849.3
1083610 850.9
1083620 852.5
1083630 852.5
1083640 853.4
1083650 854.3
1083660 854.3
1083670 855.8
1083680 857.0
1083690 857.0
1083700 857.2
1083710 857.0
1083720 857.0
1083730 857.0
1083740 856.9
1083750 851.1
1083760 851.1
1083770 852.0
1083780 852.9
1083790 852.9
1083800 854.8
1083810 858.7
1083820 858.7
1083830 863.6
1083840 866.7
1083850 866.7
1083860 868.9
1083870 871.6
1083880 871.6
1083890 874.2
1083900 876.1
1083910 876.1
1083920 876.5
1083930 878.3
1083940 878.3
1083950 881.0
1083960 882.0
1083970 882.0
1083980 883.0
1083990 884.5
1084000 886.2
1084010 886.2
1084020 888.1
1084030 890.3
1084040 890.3
1084050 892.6
1084060 894.5
1084070 891.5
1084080 893.3
1084090 895.3
1084100 895.3
1084110 897.8
1084120 900.7
1084130 900.7
1084140 904.3
1084150 908.5
1084160 908.5
1084170 911.8
1084180 914.1
1084190 914.1
1084200 916.5
1084210 919.0
1084220 919.0
1084230 921.5
1084240 923.8
1084250 923.8
1084260 925.7
1084270 927.5
1084280 929.4
1084290 929.4
1084300 931.5
1084310 934.3
1084320 934.3
1084330 937.5
1084340 940.6
1084350 940.6
1084360 942.1
1084370 942.9
1084380 942.9
1084390 939.9
1084400 940.9
1084410 940.9
1084420 942.3
1084430 942.9
1084440 942.9
1084450 942.6
1084460 941.8
1084470 941.8
1084480 941.7
1084490 942.1
1084500 942.1
1084510 942.5
1084520 943.0
1084530 943.4
1084540 943.4
1084550 943.5
1084560 943.0
1084570 943.0
1084580 942.7
1084590 943.1
1084600 943.1
1084610 943.9
1084620 944.9
1084630 944.9
1084640 946.0
1084650 947.4
1084660 947.4
1084670 948.2
1084680 948.9
1084690 948.9
1084700 950.2
1084710 949.0
1084720 949.0
1084730 948.8
1084740 949.3
1084750 949.3
1084760 950.9
1084770 953.0
1084780 953.0
1084790 955.0
1084800 958.7
1084810 962.0
1084820 962.0
1084830 965.7
1084840 969.0
1084850 969.0
1084860 971.4
1084870 973.1
1084880 973.1
1084890 973.8
1084900 974.3
1084910 974.3
1084920 976.0
1084930 979.1
1084940 979.1
1084950 983.0
1084960 986.8
1084970 986.8
1084980 992.0
1084990 998.0
1085000 998.0
1085010 1003.9
1085020 1009.2
1085030 1010.8
1085040 1014.1
1085050 1019.0
1085060 1025.3
1085070 1025.3
1085080 1032.2
1085090 1039.9
1085100 1039.9
1085110 1046.9
1085120 1051.4
1085130 1051.4
1085140 1059.8
1085150 1068.4
1085160 1068.4
1085170 1073.7
1085180 1081.3
1085190 1081.3
1085200 1088.0
1085210 1095.0
1085220 1095.0
1085230 1101.2
1085240 1106.9
1085250 1106.9
1085260 1109.9
1085270 1109.9
1085280 1109.9
1085290 1108.4
1085300 1107.6
1085310 1107.6
1085320 1107.6
1085330 1107.8
1085340 1101.6
1085350 1101.6
1085360 1101.0
1085370 1099.3
1085380 1099.3
1085390 1092.4
1085400 1083.8
1085410 1083.8
1085420 1076.4
1085430 1086.6
1085440 1086.6
1085450 1099.1
1085460 1110.0
1085470 1110.0
1085480 1120.2
1085490 1126.3
1085500 1126.3
1085510 1131.2
1085520 1135.8
1085530 1135.8
1085540 1139.2
1085550 1142.4
1085560 1142.4
1085570 1146.6
1085580 1150.4
1085590 1153.3
1085600 1153.3
1085610 1155.9
1085620 1157.9
1085630 1157.9
1085640 1160.1
1085650 1162.6
1085660 1155.4
1085670 1158.2
1085680 1161.5
1085690 1161.5
1085700 1164.4
1085710 1166.3
1085720 1166.3
1085730 1167.3
1085740 1168.3
1085750 1168.3
1085760 1170.3
1085770 1172.8
1085780 1172.8
1085790 1172.6
1085800 1171.3
1085810 1171.3
1085820 1169.5
1085830 1168.5
1085840 1167.4
1085850 1167.4
1085860 1166.0
1085870 1166.0
1085880 1166.0
1085890 1165.3
1085900 1165.0
1085910 1165.0
1085920 1164.9
1085930 1165.2
1085940 1165.2
1085950 1165.3
1085960 1163.4
1085970 1163.4
1085980 1155.3
1085990 1154.1
1086000 1154.1
1086010 1152.2
1086020 1150.6
1086030 1150.6
1086040 1148.4
1086050 1145.9
1086060 1145.9
1086070 1143.9
1086080 1142.5
1086090 1141.1
1086100 1141.1
1086110 1139.8
1086120 1138.6
1086130 1138.6
1086140 1138.4
1086150 1138.9
1086160 1138.9
1086170 1139.3
1086180 1138.7
1086190 1138.7
1086200 1137.3
1086210 1135.4
1086220 1135.4
1086230 1133.1
1086240 1129.1
1086250 1129.1
1086260 1126.6
1086270 1124.4
1086280 1124.4
1086290 1123.3
1086300 1117.5
1086310 1117.5
1086320 1115.9
1086330 1114.6
1086340 1114.6
1086350 1112.3
1086360 1109.5
1086370 1107.7
1086380 1107.7
1086390 1105.9
1086400 1103.9
1086410 1103.9
1086420 1103.7
1086430 1104.9
1086440 1104.9
1086450 1106.7
1086460 1108.2
1086470 1108.2
1086480 1109.3
1086490 1109.8
1086500 1109.8
1086510 1110.0
1086520 1110.7
1086530 1110.7
1086540 1111.7
1086550 1113.0
1086560 1113.0
1086570 1115.4
1086580 1117.5
1086590 1117.5
1086600 1119.1
1086610 1119.5
1086620 1116.2
1086630 1116.2
1086640 1115.5
1086650 1114.5
1086660 1114.5
1086670 1114.3
1086680 1116.0
1086690 1116.0
1086700 1118.4
1086710 1121.5
1086720 1121.5
1086730 1123.8
1086740 1124.5
1086750 1124.5
1086760 1125.1
1086770 1126.0
1086780 1126.0
1086790 1127.9
1086800 1130.7
1086810 1130.7
1086820 1134.2
1086830 1137.5
1086840 1137.5
1086850 1140.3
1086860 1143.3
1086870 1145.9
1086880 1145.9
1086890 1147.9
1086900 1149.0
1086910 1149.0
1086920 1150.5
1086930 1151.3
1086940 1145.1
1086950 1143.8
1086960 1141.8
1086970 1141.8
1086980 1138.1
1086990 1134.5
1087000 1134.5
1087010 1132.6
1087020 1130.1
1087030 1130.1
1087040 1126.8
1087050 1122.5
1087060 1122.5
1087070 1116.9
1087080 1114.1
1087090 1114.1
1087100 1120.0
1087110 1125.7
1087120 1125.7
1087130 1132.3
1087140 1138.6
1087150 1142.9
1087160 1142.9
1087170 1146.6
1087180 1149.5
1087190 1149.5
1087200 1152.2
1087210 1153.1
1087220 1153.1
1087230 1154.2
1087240 1155.8
1087250 1155.8
1087260 1153.8
1087270 1156.7
1087280 1156.7
1087290 1159.7
1087300 1164.2
1087310 1164.2
1087320 1168.0
1087330 1169.3
1087340 1169.3
1087350 1169.5
1087360 1170.4
1087370 1170.4
1087380 1171.2
1087390 1171.4
1087400 1174.0
1087410 1174.0
1087420 1176.6
1087430 1177.8
1087440 1177.8
1087450 1182.7
1087460 1184.9
1087470 1184.9
1087480 1184.2
1087490 1182.8
1087500 1182.8
1087510 1181.2
1087520 1184.6
1087530 1184.6
1087540 1186.7
1087550 1185.7
1087560 1185.7
1087570 1184.3
1087580 1177.5
1087590 1177.5
1087600 1175.7
1087610 1173.3
1087620 1173.3
1087630 1171.0
1087640 1169.4
1087650 1168.1
1087660 1168.1
1087670 1166.3
1087680 1165.0
1087690 1165.0
1087700 1163.6
1087710 1161.9
1087720 1161.9
1087730 1160.7
1087740 1159.7
1087750 1159.7
1087760 1158.0
1087770 1156.0
1087780 1156.0
1087790 1154.3
1087800 1153.3
1087810 1153.3
1087820 1152.9
1087830 1151.8
1087840 1151.8
1087850 1150.4
1087860 1149.7
1087870 1149.7
1087880 1148.9
1087890 1148.3
1087900 1142.7
1087910 1142.4
1087920 1142.1
1087930 1141.8
1087940 1141.8
1087950 1141.4
1087960 1140.6
1087970 1140.6
1087980 1139.7
1087990 1138.5
1088000 1138.5
1088010 1137.2
1088020 1136.5
1088030 1136.5
1088040 1136.0
1088050 1135.5
1088060 1135.5
1088070 1135.3
1088080 1135.1
1088090 1135.1
1088100 1134.7
1088110 1134.1
1088120 1134.1
1088130 1133.6
1088140 1133.5
1088150 1133.5
1088160 1133.2
1088170 1132.9
1088180 1132.4
1088190 1132.4
1088200 1131.4
1088210 1130.4
1088220 1125.5
1088230 1125.8
1088240 1126.4
1088250 1126.4
1088260 1126.0
1088270 1125.3
1088280 1125.3
1088290 1124.5
1088300 1123.4
1088310 1123.4
1088320 1121.8
1088330 1119.4
1088340 1119.4
1088350 1116.7
1088360 1114.3
1088370 1114.3
1088380 1111.8
1088390 1109.5
1088400 1109.5
1088410 1107.6
1088420 1106.3
1088430 1105.1
1088440 1105.1
1088450 1104.5
1088460 1103.0
1088470 1103.0
1088480 1099.3
1088490 1096.1
1088500 1096.1
1088510 1094.1
1088520 1092.5
1088530 1092.5
1088540 1090.7
1088550 1094.0
1088560 1094.0
1088570 1098.4
1088580 1101.2
1088590 1101.2
1088600 1100.4
1088610 1095.9
1088620 1095.9
1088630 1089.2
1088640 1082.9
1088650 1082.9
1088660 1076.5
1088670 1070.8
1088680 1070.8
1088690 1064.6
1088700 1060.1
1088710 1053.9
1088720 1053.9
1088730 1045.7
1088740 1037.7
1088750 1037.7
1088760 1028.8
1088770 1019.7
1088780 1019.7
1088790 1010.3
1088800 999.9
1088810 999.9
1088820 987.0
1088830 980.1
1088840 980.1
1088850 989.1
1088860 1000.2
1088870 998.4
1088880 1009.7
1088890 1017.0
1088900 1017.0
1088910 1022.1
1088920 1027.6
1088930 1027.6
1088940 1036.2
1088950 1046.1
1088960 1051.7
1088970 1051.7
1088980 1056.6
1088990 1061.4
1089000 1061.4
1089010 1067.6
1089020 1074.7
1089030 1074.7
1089040 1081.7
1089050 1089.0
1089060 1089.0
1089070 1096.9
1089080 1104.4
1089090 1104.4
1089100 1111.0
1089110 1117.0
1089120 1117.0
1089130 1123.4
1089140 1130.1
1089150 1130.1
1089160 1136.2
1089170 1142.4
1089180 1142.4
1089190 1145.6
1089200 1149.6
1089210 1152.1
1089220 1152.1
1089230 1153.8
1089240 1155.2
1089250 1155.2
1089260 1156.4
1089270 1157.0
1089280 1157.0
1089290 1157.5
1089300 1157.6
1089310 1157.6
1089320 1157.6
1089330 1156.4
1089340 1156.4
1089350 1154.7
1089360 1153.8
1089370 1153.8
1089380 1152.5
1089390 1149.8
1089400 1149.8
1089410 1146.7
1089420 1143.6
1089430 1143.6
1089440 1141.1
1089450 1139.2
1089460 1139.2
1089470 1136.7
1089480 1134.2
1089490 1133.1
1089500 1133.1
1089510 1126.9
1089520 1126.3
1089530 1126.3
1089540 1125.4
1089550 1123.9
1089560 1123.9
1089570 1122.0
1089580 1120.8
1089590 1120.8
1089600 1120.5
1089610 1120.1
1089620 1120.1
1089630 1119.4
1089640 1118.9
1089650 1118.9
1089660 1118.5
1089670 1117.2
1089680 1117.2
1089690 1116.4
1089700 1116.1
1089710 1116.1
1089720 1115.6
1089730 1115.6
1089740 1115.1
1089750 1115.1
1089760 1114.1
1089770 1112.9
1089780 1112.9
1089790 1111.5
1089800 1110.1
1089810 1110.1
1089820 1108.7
1089830 1100.9
1089840 1100.9
1089850 1100.2
1089860 1098.7
1089870 1098.7
1089880 1098.0
1089890 1096.8
1089900 1096.8
1089910 1095.5
1089920 1094.1
1089930 1094.1
1089940 1092.6
1089950 1091.5
1089960 1091.5
1089970 1090.7
1089980 1089.4
1089990 1089.4
1090000 1087.7
1090010 1085.9
1090020 1084.5
1090030 1084.5
1090040 1082.6
1090050 1080.3
1090060 1080.3
1090070 1078.2
1090080 1076.2
1090090 1076.2
1090100 1074.9
1090110 1073.1
1090120 1073.1
1090130 1070.7
1090140 1068.9
1090150 1065.4
1090160 1064.4
1090170 1062.8
1090180 1062.8
1090190 1062.1
1090200 1061.8
1090210 1061.8
1090220 1061.2
1090230 1060.3
1090240 1060.3
1090250 1059.1
1090260 1057.8
1090270 1056.5
1090280 1056.5
1090290 1054.9
1090300 1053.3
1090310 1053.3
1090320 1051.9
1090330 1050.3
1090340 1050.3
1090350 1048.5
1090360 1046.4
1090370 1046.4
1090380 1043.9
1090390 1042.9
1090400 1042.9
1090410 1041.9
1090420 1041.1
1090430 1041.1
1090440 1039.7
1090450 1036.5
1090460 1036.5
1090470 1033.1
1090480 1024.1
1090490 1024.1
1090500 1020.6
1090510 1017.8
1090520 1015.2
1090530 1015.2
1090540 1012.9
1090550 1011.6
1090560 1011.6
1090570 1009.1
1090580 1006.3
1090590 1006.3
1090600 1001.5
1090610 997.4
1090620 997.4
1090630 995.1
1090640 994.3
1090650 994.3
1090660 992.6
1090670 993.0
1090680 993.0
1090690 993.5
1090700 992.4
1090710 992.4
1090720 989.6
1090730 986.4
1090740 986.4
1090750 983.6
1090760 981.5
1090770 981.5
1090780 979.7
1090790 977.8
1090800 973.0
1090810 973.0
1090820 970.0
1090830 962.0
1090840 962.0
1090850 950.1
1090860 937.2
1090870 937.2
1090880 933.7
1090890 934.0
1090900 934.0
1090910 934.7
1090920 943.9
1090930 943.9
1090940 953.8
1090950 962.8
1090960 962.8
1090970 969.0
1090980 974.1
1090990 974.1
1091000 978.9
1091010 985.0
1091020 985.0
1091030 989.4
1091040 993.5
1091050 994.5
1091060 994.5
1091070 993.4
1091080 992.0
1091090 992.0
1091100 991.5
1091110 990.6
1091120 987.2
1091130 985.5
1091140 983.3
1091150 983.3
1091160 981.4
1091170 980.7
1091180 980.7
1091190 980.9
1091200 980.2
1091210 980.2
1091220 980.0
1091230 979.7
1091240 979.7
1091250 979.2
1091260 978.7
1091270 978.7
1091280 978.2
1091290 977.8
1091300 977.6
1091310 977.6
1091320 977.3
1091330 976.9
1091340 976.9
1091350 976.5
1091360 976.1
1091370 976.1
1091380 975.9
1091390 975.6
1091400 975.6
1091410 974.8
1091420 974.3
1091430 974.3
1091440 969.9
1091450 969.1
1091460 969.1
1091470 968.5
1091480 967.8
1091490 967.8
1091500 967.0
1091510 966.0
1091520 966.0
1091530 965.3
1091540 964.6
1091550 964.6
1091560 963.5
1091570 962.5
1091580 961.8
1091590 961.8
1091600 961.5
1091610 960.9
1091620 960.9
1091630 959.4
1091640 957.7
1091650 957.7
1091660 955.6
1091670 953.8
1091680 953.8
1091690 951.8
1091700 950.1
1091710 950.1
1091720 948.6
1091730 948.1
1091740 948.1
1091750 947.6
1091760 946.0
1091770 943.3
1091780 942.2
1091790 941.6
1091800 941.6
1091810 940.7
1091820 939.9
1091830 939.0
1091840 939.0
1091850 937.9
1091860 936.5
1091870 936.5
1091880 935.0
1091890 933.5
1091900 933.5
1091910 932.0
1091920 930.5
1091930 930.5
1091940 929.0
1091950 927.2
1091960 927.2
1091970 925.5
1091980 923.6
1091990 923.6
1092000 921.7
1092010 919.2
1092020 919.2
1092030 916.9
1092040 916.7
1092050 916.7
1092060 915.8
1092070 914.4
1092080 912.6
1092090 908.5
1092100 905.1
1092110 901.8
1092120 901.8
1092130 902.7
1092140 904.1
1092150 904.1
1092160 904.0
1092170 903.9
1092180 903.9
1092190 904.3
1092200 904.4
1092210 904.4
1092220 903.9
1092230 903.4
1092240 903.4
1092250 902.9
1092260 900.8
1092270 900.8
1092280 898.9
1092290 897.1
1092300 897.1
1092310 893.1
1092320 886.1
1092330 886.1
1092340 881.4
1092350 878.2
1092360 873.0
1092370 873.0
1092380 867.8
1092390 861.4
1092400 861.4
1092410 855.2
1092420 846.1
1092430 846.1
1092440 839.2
1092450 834.9
1092460 834.9
1092470 836.0
1092480 850.7
1092490 850.7
1092500 865.6
1092510 874.8
1092520 874.8
1092530 882.6
1092540 885.7
1092550 885.7
1092560 885.3
1092570 885.5
1092580 885.5
1092590 886.1
1092600 887.1
1092610 888.8
1092620 888.8
1092630 891.0
1092640 891.5
1092650 891.5
1092660 891.6
1092670 892.0
1092680 892.0
1092690 891.9
1092700 892.0
1092710 892.0
1092720 891.6
1092730 890.8
1092740 886.2
1092750 885.4
1092760 884.1
1092770 884.1
1092780 883.9
1092790 881.5
1092800 881.5
1092810 879.0
1092820 879.4
1092830 879.4
1092840 879.4
1092850 880.3
1092860 879.7
1092870 879.7
1092880 878.9
1092890 881.9
1092900 881.9
1092910 881.2
1092920 878.7
1092930 878.7
1092940 881.1
1092950 880.1
1092960 880.1
1092970 879.6
1092980 881.0
1092990 881.0
1093000 881.2
1093010 880.9
1093020 880.9
1093030 880.9
1093040 880.9
1093050 880.9
1093060 880.6
1093070 875.2
1093080 875.2
1093090 874.4
1093100 874.1
1093110 874.1
1093120 874.4
1093130 874.5
1093140 874.8
1093150 874.8
1093160 875.3
1093170 874.8
1093180 874.8
1093190 872.6
1093200 871.0
1093210 871.0
1093220 869.3
1093230 867.1
1093240 867.1
1093250 864.6
1093260 863.5
1093270 863.5
1093280 862.4
1093290 861.1
1093300 861.1
1093310 859.6
1093320 858.2
1093330 858.2
1093340 856.7
1093350 855.2
1093360 855.2
1093370 853.7
1093380 852.3
1093390 846.4
1093400 846.4
1093410 845.3
1093420 844.3
1093430 844.3
1093440 843.0
1093450 841.9
1093460 841.9
1093470 841.0
1093480 840.4
1093490 840.4
1093500 839.5
1093510 838.4
1093520 838.4
1093530 837.5
1093540 837.6
1093550 837.6
1093560 837.6
1093570 837.6
1093580 837.6
1093590 838.1
1093600 839.2
1093610 839.2
1093620 838.9
1093630 839.0
1093640 839.6
1093650 839.6
1093660 839.9
1093670 840.3
1093680 840.3
1093690 841.0
1093700 841.6
1093710 841.6
1093720 841.7
1093730 842.4
1093740 842.4
1093750 839.9
1093760 833.6
1093770 833.6
1093780 827.2
1093790 820.5
1093800 820.5
1093810 813.8
1093820 807.6
1093830 807.6
1093840 801.9
1093850 796.4
1093860 796.4
1093870 790.7
1093880 787.7
1093890 787.7
1093900 785.3
1093910 778.3
1093920 774.2
1093930 774.2
1093940 778.6
1093950 783.0
1093960 783.0
1093970 782.4
1093980 775.4
1093990 775.4
1094000 766.0
1094010 762.2
1094020 762.2
1094030 758.1
1094040 747.7
1094050 747.7
1094060 749.1
1094070 749.1
1094080 749.1
1094090 752.0
1094100 754.8
1094110 754.8
1094120 754.4
1094130 745.4
1094140 745.4
1094150 738.8
1094160 735.7
1094170 741.1
1094180 741.1
1094190 753.8
1094200 766.2
1094210 766.2
1094220 780.4
1094230 791.8
1094240 791.8
1094250 798.2
1094260 805.3
1094270 805.3
1094280 812.6
1094290 821.3
1094300 821.3
1094310 830.3
1094320 838.5
1094330 838.5
1094340 846.3
1094350 853.5
1094360 853.5
1094370 853.2
1094380 853.5
1094390 853.5
1094400 853.8
1094410 854.2
1094420 854.6
1094430 854.6
1094440 853.0
1094450 851.4
1094460 851.4
1094470 852.1
1094480 849.5
1094490 849.5
1094500 846.2
1094510 845.8
1094520 845.8
1094530 847.4
1094540 849.2
1094550 849.2
1094560 846.3
1094570 842.3
1094580 842.3
1094590 840.0
1094600 838.0
1094610 838.0
1094620 836.0
1094630 833.8
1094640 833.8
1094650 832.1
1094660 831.2
1094670 831.2
1094680 831.6
1094690 828.1
1094700 830.8
1094710 830.8
1094720 834.3
1094730 837.7
1094740 837.7
1094750 838.8
1094760 837.0
1094770 837.0
1094780 833.8
1094790 830.5
1094800 830.5
1094810 827.8
1094820 827.4
1094830 827.4
1094840 826.9
1094850 826.3
1094860 826.3
1094870 826.6
1094880 826.4
1094890 826.4
1094900 825.8
1094910 825.0
1094920 825.0
1094930 824.0
1094940 823.6
1094950 823.8
1094960 823.8
1094970 823.9
1094980 823.7
1094990 823.7
1095000 823.4
1095010 823.2
1095020 822.4
1095030 819.8
1095040 816.3
1095050 816.3
1095060 812.0
1095070 804.3
1095080 804.3
1095090 795.4
1095100 787.0
1095110 787.0
1095120 778.9
1095130 771.7
1095140 771.7
1095150 764.9
1095160 760.0
1095170 760.0
1095180 756.3
1095190 752.4
1095200 745.9
1095210 745.9
1095220 738.1
1095230 730.3
1095240 730.3
1095250 725.1
1095260 723.4
1095270 723.4
1095280 726.4
1095290 732.2
1095300 732.2
1095310 737.8
1095320 742.8
1095330 742.8
1095340 740.6
1095350 730.1
1095360 730.1
1095370 730.1
1095380 728.2
1095390 728.2
1095400 721.1
1095410 712.4
1095420 712.4
1095430 712.9
1095440 719.7
1095450 719.7
1095460 717.9
1095470 713.9
1095480 712.7
1095490 712.7
1095500 712.7
1095510 712.7
1095520 712.7
1095530 712.7
1095540 712.7
1095550 712.7
1095560 712.7
1095570 712.7
1095580 712.7
1095590 712.7
1095600 712.7
1095610 712.7
1095620 712.7
1095630 712.7
1095640 712.7
1095650 712.7
1095660 712.7
1095670 712.7
1095680 712.7
1095690 712.7
1095700 712.7
1095710 712.7
1095720 712.7
1095730 712.7
1095740 712.7
1095750 712.7
1095760 712.7
1095770 712.7
1095780 712.7
1095790 712.7
1095800 712.7
1095810 712.7
1095820 712.7
1095830 712.7
1095840 712.7
1095850 712.7
1095860 712.7
1095870 712.7
1095880 712.7
1095890 712.7
1095900 712.7
1095910 712.7
1095920 712.7
1095930 712.7
1095940 712.7
1095950 712.7
1095960 712.7
1095970 712.7
1095980 712.7
1095990 712.7
1096000 712.7
1096010 712.7
1096020 712.7
1096030 712.8
1096040 716.4
1096050 716.4
1096060 722.1
1096070 717.9
1096080 717.9
1096090 717.1
1096100 726.7
1096110 726.7
1096120 734.3
1096130 737.1
1096140 737.1
1096150 738.2
1096160 739.4
1096170 739.4
1096180 735.5
1096190 732.8
1096200 732.8
1096210 728.3
1096220 723.1
1096230 723.1
1096240 724.0
1096250 723.4
1096260 725.6
1096270 725.6
1096280 723.5
1096290 721.5
1096300 721.5
1096310 716.4
1096320 713.0
1096330 717.9
1096340 713.3
1096350 712.8
1096360 712.8
1096370 712.8
1096380 712.8
1096390 712.8
1096400 712.8
1096410 713.1
1096420 713.1
1096430 715.1
1096440 726.0
1096450 726.0
1096460 736.3
1096470 747.5
1096480 747.5
1096490 752.1
1096500 752.6
1096510 752.8
1096520 752.8
1096530 753.1
1096540 753.5
1096550 753.5
1096560 755.4
1096570 758.6
1096580 758.6
1096590 758.9
1096600 759.0
1096610 759.0
1096620 758.7
1096630 758.2
1096640 758.2
1096650 757.9
1096660 758.1
1096670 758.1
1096680 757.7
1096690 755.8
1096700 755.8
1096710 755.1
1096720 755.1
1096730 755.1
1096740 755.2
1096750 755.1
1096760 755.0
1096770 755.0
1096780 754.9
1096790 754.6
1096800 754.6
1096810 754.2
1096820 754.0
1096830 754.0
1096840 754.2
1096850 754.4
1096860 754.4
1096870 754.6
1096880 754.7
1096890 754.7
1096900 754.7
1096910 755.0
1096920 755.0
1096930 755.2
1096940 755.6
1096950 755.6
1096960 756.2
1096970 756.5
1096980 757.2
1096990 757.4
1097000 757.8
1097010 757.8
1097020 758.4
1097030 759.1
1097040 759.9
1097050 759.9
1097060 760.4
1097070 760.3
1097080 760.3
1097090 760.4
1097100 760.5
1097110 760.5
1097120 760.7
1097130 760.7
1097140 760.7
1097150 760.5
1097160 760.2
1097170 760.2
1097180 760.0
1097190 759.9
1097200 759.9
1097210 759.9
1097220 760.4
1097230 760.4
1097240 760.7
1097250 760.4
1097260 760.4
1097270 760.2
1097280 760.3
1097290 760.9
1097300 760.9
1097310 762.4
1097320 762.9
1097330 762.9
1097340 763.6
1097350 764.4
1097360 764.4
1097370 764.9
1097380 765.4
1097390 765.4
1097400 765.9
1097410 766.9
1097420 766.9
1097430 768.5
1097440 769.9
1097450 769.9
1097460 771.2
1097470 772.4
1097480 772.4
1097490 773.3
1097500 774.1
1097510 774.1
1097520 774.2
1097530 774.1
1097540 774.2
1097550 774.2
1097560 775.2
1097570 776.1
1097580 776.1
1097590 775.6
1097600 775.8
1097610 775.8
1097620 776.8
1097630 777.9
1097640 779.9
1097650 781.2
1097660 782.6
1097670 782.6
1097680 783.7
1097690 784.2
1097700 784.2
1097710 784.5
1097720 784.7
1097730 784.7
1097740 784.7
1097750 784.0
1097760 784.0
1097770 782.7
1097780 781.8
1097790 781.8
1097800 781.2
1097810 781.2
1097820 781.7
1097830 781.7
1097840 782.2
1097850 782.2
1097860 782.2
1097870 782.4
1097880 783.4
1097890 783.4
1097900 783.9
1097910 784.4
1097920 784.4
1097930 785.2
1097940 787.6
1097950 787.6
1097960 788.3
1097970 795.2
1097980 795.2
1097990 798.5
1098000 801.6
1098010 801.6
1098020 802.5
1098030 801.3
1098040 801.3
1098050 798.6
1098060 796.9
1098070 797.1
1098080 797.1
1098090 800.5
1098100 802.7
1098110 802.7
1098120 801.0
1098130 798.7
1098140 798.7
1098150 801.1
1098160 804.0
1098170 804.0
1098180 805.6
1098190 805.9
1098200 805.9
1098210 807.4
1098220 807.7
1098230 807.7
1098240 808.0
1098250 807.8
1098260 807.8
1098270 806.6
1098280 809.2
1098290 809.2
1098300 815.5
1098310 818.2
1098320 820.8
1098330 820.8
1098340 824.2
1098350 826.9
1098360 826.9
1098370 827.9
1098380 828.6
1098390 828.6
1098400 831.4
1098410 834.9
1098420 834.9
1098430 833.3
1098440 828.0
1098450 828.0
1098460 825.2
1098470 826.7
1098480 826.7
1098490 831.7
1098500 832.9
1098510 832.9
1098520 835.0
1098530 835.6
1098540 835.6
1098550 835.2
1098560 836.3
1098570 836.3
1098580 838.3
1098590 842.7
1098600 847.5
1098610 847.5
1098620 852.5
1098630 856.5
1098640 856.5
1098650 855.8
1098660 855.4
1098670 855.4
1098680 856.1
1098690 853.1
1098700 853.1
1098710 855.4
1098720 857.6
1098730 857.6
1098740 856.1
1098750 852.9
1098760 852.9
1098770 851.1
1098780 859.1
1098790 859.1
1098800 866.3
1098810 872.0
1098820 872.0
1098830 877.1
1098840 881.3
1098850 884.5
1098860 884.5
1098870 883.4
1098880 882.4
1098890 882.4
1098900 884.0
1098910 885.4
1098920 885.4
1098930 885.5
1098940 886.5
1098950 886.5
1098960 892.0
1098970 894.6
1098980 894.6
1098990 898.4
1099000 904.0
1099010 904.0
1099020 910.1
1099030 913.6
1099040 913.6
1099050 912.4
1099060 911.5
1099070 911.5
1099080 913.0
1099090 915.3
1099100 918.1
1099110 918.1
1099120 922.5
1099130 927.7
1099140 927.7
1099150 930.7
1099160 931.4
1099170 931.4
1099180 934.0
1099190 938.9
1099200 938.9
1099210 943.8
1099220 949.1
1099230 949.1
1099240 954.0
1099250 958.3
1099260 958.3
1099270 961.3
1099280 966.5
1099290 972.6
1099300 977.8
1099310 979.5
1099320 979.5
1099330 987.9
1099340 992.0
1099350 992.0
1099360 996.6
1099370 1000.3
1099380 1000.1
1099390 1000.1
1099400 999.4
1099410 1009.5
1099420 1009.5
1099430 1014.3
1099440 1012.4
1099450 1012.4
1099460 1015.5
1099470 1026.9
1099480 1026.9
1099490 1033.5
1099500 1030.8
1099510 1030.8
1099520 1032.4
1099530 1036.4
1099540 1036.4
1099550 1039.3
1099560 1043.8
1099570 1043.8
1099580 1048.6
1099590 1053.3
1099600 1053.3
1099610 1057.7
1099620 1071.6
1099630 1069.6
1099640 1069.6
1099650 1066.0
1099660 1056.5
1099670 1056.5
1099680 1045.0
1099690 1044.9
1099700 1044.9
1099710 1051.7
1099720 1061.2
1099730 1061.2
1099740 1069.6
1099750 1076.9
1099760 1076.9
1099770 1083.2
1099780 1090.2
1099790 1090.2
1099800 1098.3
1099810 1107.2
1099820 1107.2
1099830 1112.0
1099840 1115.5
1099850 1115.5
1099860 1118.8
1099870 1121.8
1099880 1124.5
1099890 1124.5
1099900 1126.8
1099910 1128.6
1099920 1128.6
1099930 1129.6
1099940 1127.9
1099950 1134.5
1099960 1132.1
1099970 1128.9
1099980 1128.9
1099990 1129.0
