1080000 795.7
1080010 795.7
1080020 796.6
1080030 797.4
1080040 797.4
1080050 797.9
1080060 799.0
1080070 799.0
1080080 801.5
1080090 804.1
1080100 804.1
1080110 806.8
1080120 808.9
1080130 808.9
1080140 810.9
1080150 813.5
1080160 813.5
1080170 816.7
1080180 820.2
1080190 820.2
1080200 823.8
1080210 827.1
1080220 830.1
1080230 830.1
1080240 833.0
1080250 837.3
1080260 832.7
1080270 837.3
1080280 841.4
1080290 841.4
1080300 842.9
1080310 843.8
1080320 843.8
1080330 845.7
1080340 847.5
1080350 847.5
1080360 851.1
1080370 855.6
1080380 855.6
1080390 860.2
1080400 863.0
1080410 863.0
1080420 864.1
1080430 866.2
1080440 866.2
1080450 867.6
1080460 867.7
1080470 867.7
1080480 869.0
1080490 870.3
1080500 871.6
1080510 871.6
1080520 872.9
1080530 874.3
1080540 874.3
1080550 875.8
1080560 877.7
1080570 877.7
1080580 874.6
1080590 876.7
1080600 876.7
1080610 879.6
1080620 883.0
1080630 883.0
1080640 886.3
1080650 890.0
1080660 890.0
1080670 893.5
1080680 896.4
1080690 896.4
1080700 900.2
1080710 904.5
1080720 904.5
1080730 909.0
1080740 914.6
1080750 919.3
1080760 919.3
1080770 924.9
1080780 930.8
1080790 930.8
1080800 937.3
1080810 939.3
1080820 939.3
1080830 938.7
1080840 937.6
1080850 937.6
1080860 937.1
1080870 937.5
1080880 937.5
1080890 933.5
1080900 934.8
1080910 934.8
1080920 936.3
1080930 937.8
1080940 937.8
1080950 939.8
1080960 942.3
1080970 942.3
1080980 944.4
1080990 946.9
1081000 946.9
1081010 949.8
1081020 952.7
1081030 954.7
1081040 954.7
1081050 957.5
1081060 959.1
1081070 959.1
1081080 958.8
1081090 957.0
1081100 957.0
1081110 955.2
1081120 952.0
1081130 952.0
1081140 949.3
1081150 947.2
1081160 947.2
1081170 946.8
1081180 946.0
1081190 946.0
1081200 945.2
1081210 941.2
1081220 941.2
1081230 940.8
1081240 940.1
1081250 940.1
1081260 939.1
1081270 938.2
1081280 937.9
1081290 937.9
1081300 937.7
1081310 936.5
1081320 936.5
1081330 933.7
1081340 932.4
1081350 932.4
1081360 934.0
1081370 935.3
1081380 935.3
1081390 936.7
1081400 937.7
1081410 937.7
1081420 938.7
1081430 939.7
1081440 939.7
1081450 940.3
1081460 940.7
1081470 940.7
1081480 941.2
1081490 942.1
1081500 942.1
1081510 943.5
1081520 941.1
1081530 941.1
1081540 942.5
1081550 942.9
1081560 942.7
1081570 942.7
1081580 942.2
1081590 943.0
1081600 943.0
1081610 942.6
1081620 938.5
1081630 938.5
1081640 934.9
1081650 934.5
1081660 934.5
1081670 935.0
1081680 934.3
1081690 934.3
1081700 936.4
1081710 939.5
1081720 939.5
1081730 941.8
1081740 943.1
1081750 943.1
1081760 944.2
1081770 944.1
1081780 944.1
1081790 945.4
1081800 948.1
1081810 952.6
1081820 952.6
1081830 957.4
1081840 960.2
1081850 960.2
1081860 962.3
1081870 960.7
1081880 960.7
1081890 957.7
1081900 952.4
1081910 952.4
1081920 946.2
1081930 940.8
1081940 940.8
1081950 937.9
1081960 934.5
1081970 934.5
1081980 929.2
1081990 937.5
1082000 937.5
1082010 947.6
1082020 960.2
1082030 960.2
1082040 970.5
1082050 975.9
1082060 981.1
1082070 981.1
1082080 986.3
1082090 990.5
1082100 990.5
1082110 993.2
1082120 996.3
1082130 996.3
1082140 998.1
1082150 1001.0
1082160 999.2
1082170 1004.7
1082180 1010.8
1082190 1010.8
1082200 1018.3
1082210 1025.4
1082220 1025.4
1082230 1032.1
1082240 1038.6
1082250 1038.6
1082260 1044.7
1082270 1047.5
1082280 1047.5
1082290 1047.5
1082300 1047.7
1082310 1047.7
1082320 1050.0
1082330 1052.6
1082340 1057.2
1082350 1057.2
1082360 1061.5
1082370 1064.4
1082380 1064.4
1082390 1066.9
1082400 1069.4
1082410 1069.4
1082420 1072.7
1082430 1076.0
1082440 1076.0
1082450 1078.6
1082460 1081.2
1082470 1077.9
1082480 1080.3
1082490 1082.4
1082500 1082.4
1082510 1084.6
1082520 1087.1
1082530 1087.1
1082540 1089.6
1082550 1092.0
1082560 1092.0
1082570 1094.7
1082580 1097.6
1082590 1102.4
1082600 1102.4
1082610 1107.1
1082620 1112.1
1082630 1112.1
1082640 1117.8
1082650 1122.0
1082660 1122.0
1082670 1124.8
1082680 1128.2
1082690 1128.2
1082700 1131.7
1082710 1134.4
1082720 1134.4
1082730 1137.4
1082740 1140.1
1082750 1140.1
1082760 1142.4
1082770 1145.1
1082780 1145.1
1082790 1143.3
1082800 1144.0
1082810 1144.0
1082820 1143.7
1082830 1142.9
1082840 1142.9
1082850 1142.7
1082860 1141.7
1082870 1139.5
1082880 1139.5
1082890 1136.5
1082900 1132.6
1082910 1132.6
1082920 1129.6
1082930 1127.3
1082940 1127.3
1082950 1124.8
1082960 1121.8
1082970 1121.8
1082980 1119.1
1082990 1123.2
1083000 1123.2
1083010 1130.1
1083020 1135.5
1083030 1135.5
1083040 1139.2
1083050 1141.4
1083060 1141.4
1083070 1143.4
1083080 1146.8
1083090 1146.8
1083100 1151.9
1083110 1147.6
1083120 1145.8
1083130 1145.8
1083140 1144.6
1083150 1143.5
1083160 1143.5
1083170 1142.1
1083180 1141.4
1083190 1141.4
1083200 1139.5
1083210 1136.9
1083220 1136.9
1083230 1134.6
1083240 1130.9
1083250 1130.9
1083260 1127.5
1083270 1124.6
1083280 1124.6
1083290 1118.2
1083300 1114.2
1083310 1114.2
1083320 1111.4
1083330 1104.0
1083340 1104.0
1083350 1112.6
1083360 1125.8
1083370 1132.3
1083380 1132.3
1083390 1137.1
1083400 1141.3
1083410 1141.3
1083420 1143.4
1083430 1148.8
1083440 1148.8
1083450 1152.6
1083460 1158.1
1083470 1158.1
1083480 1164.8
1083490 1171.0
1083500 1171.0
1083510 1176.2
1083520 1180.3
1083530 1180.3
1083540 1184.0
1083550 1187.7
1083560 1187.7
1083570 1191.9
1083580 1194.8
1083590 1194.8
1083600 1197.5
1083610 1201.6
1083620 1201.6
1083630 1205.4
1083640 1209.9
1083650 1214.4
1083660 1214.4
1083670 1218.1
1083680 1220.4
1083690 1220.4
1083700 1223.4
1083710 1226.6
1083720 1226.6
1083730 1229.2
1083740 1228.0
1083750 1228.0
1083760 1229.6
1083770 1231.6
1083780 1231.6
1083790 1235.3
1083800 1239.7
1083810 1239.7
1083820 1243.5
1083830 1247.9
1083840 1247.9
1083850 1251.7
1083860 1254.8
1083870 1254.8
1083880 1258.2
1083890 1262.1
1083900 1265.5
1083910 1265.5
1083920 1267.9
1083930 1270.8
1083940 1270.8
1083950 1274.1
1083960 1276.5
1083970 1276.5
1083980 1278.6
1083990 1281.1
1084000 1281.1
1084010 1284.2
1084020 1287.6
1084030 1287.6
1084040 1290.5
1084050 1291.6
1084060 1286.1
1084070 1287.2
1084080 1287.3
1084090 1287.3
1084100 1287.4
1084110 1287.9
1084120 1287.9
1084130 1287.9
1084140 1287.9
1084150 1287.9
1084160 1287.8
1084170 1287.9
1084180 1288.2
1084190 1288.2
1084200 1288.4
1084210 1289.4
1084220 1289.4
1084230 1290.4
1084240 1291.3
1084250 1291.3
1084260 1291.7
1084270 1292.2
1084280 1292.2
1084290 1292.3
1084300 1293.2
1084310 1293.2
1084320 1296.0
1084330 1300.6
1084340 1300.6
1084350 1305.4
1084360 1309.7
1084370 1307.5
1084380 1310.3
1084390 1313.3
1084400 1313.3
1084410 1316.1
1084420 1318.3
1084430 1320.7
1084440 1320.7
1084450 1322.3
1084460 1324.3
1084470 1324.3
1084480 1327.1
1084490 1329.9
1084500 1329.9
1084510 1332.4
1084520 1333.8
1084530 1333.8
1084540 1334.7
1084550 1335.9
1084560 1335.9
1084570 1336.3
1084580 1335.8
1084590 1335.8
1084600 1334.5
1084610 1332.2
1084620 1332.2
1084630 1329.8
1084640 1327.3
1084650 1327.3
1084660 1326.5
1084670 1327.8
1084680 1327.8
1084690 1326.8
1084700 1329.9
1084710 1333.0
1084720 1333.0
1084730 1336.0
1084740 1338.4
1084750 1338.4
1084760 1340.6
1084770 1345.0
1084780 1345.0
1084790 1350.8
1084800 1356.6
1084810 1356.6
1084820 1362.0
1084830 1368.0
1084840 1368.0
1084850 1372.7
1084860 1377.1
1084870 1377.1
1084880 1380.9
1084890 1384.5
1084900 1384.5
1084910 1389.3
1084920 1395.7
1084930 1395.7
1084940 1402.2
1084950 1408.6
1084960 1415.8
1084970 1415.8
1084980 1422.1
1084990 1427.3
1085000 1427.3
1085010 1424.7
1085020 1425.0
1085030 1425.0
1085040 1423.3
1085050 1422.5
1085060 1422.5
1085070 1423.0
1085080 1423.6
1085090 1423.6
1085100 1423.7
1085110 1422.5
1085120 1422.5
1085130 1420.8
1085140 1419.5
1085150 1419.5
1085160 1419.5
1085170 1419.8
1085180 1419.8
1085190 1419.6
1085200 1419.4
1085210 1419.9
1085220 1419.9
1085230 1420.3
1085240 1420.3
1085250 1420.3
1085260 1420.2
1085270 1420.7
1085280 1420.7
1085290 1421.7
1085300 1422.8
1085310 1422.8
1085320 1423.3
1085330 1419.4
1085340 1419.4
1085350 1418.7
1085360 1416.2
1085370 1416.2
1085380 1409.8
1085390 1402.1
1085400 1402.1
1085410 1395.9
1085420 1389.7
1085430 1389.7
1085440 1385.6
1085450 1381.8
1085460 1381.8
1085470 1378.3
1085480 1375.1
1085490 1371.3
1085500 1371.3
1085510 1366.6
1085520 1361.0
1085530 1361.0
1085540 1355.9
1085550 1351.0
1085560 1351.0
1085570 1345.1
1085580 1338.5
1085590 1338.5
1085600 1345.5
1085610 1351.9
1085620 1351.9
1085630 1361.3
1085640 1371.3
1085650 1371.8
1085660 1381.0
1085670 1389.3
1085680 1389.3
1085690 1397.1
1085700 1406.9
1085710 1406.9
1085720 1417.5
1085730 1427.5
1085740 1437.3
1085750 1437.3
1085760 1446.5
1085770 1455.4
1085780 1455.4
1085790 1464.3
1085800 1473.4
1085810 1473.4
1085820 1482.7
1085830 1487.1
1085840 1487.1
1085850 1489.8
1085860 1496.4
1085870 1496.4
1085880 1504.4
1085890 1510.8
1085900 1510.8
1085910 1517.5
1085920 1525.1
1085930 1525.1
1085940 1532.0
1085950 1538.9
1085960 1538.9
1085970 1543.6
1085980 1551.7
1085990 1551.7
1086000 1560.0
1086010 1568.1
1086020 1576.0
1086030 1576.0
1086040 1582.9
1086050 1589.3
1086060 1589.3
1086070 1595.5
1086080 1602.0
1086090 1602.0
1086100 1608.8
1086110 1614.9
1086120 1614.9
1086130 1622.2
1086140 1629.3
1086150 1629.3
1086160 1634.1
1086170 1634.2
1086180 1634.2
1086190 1634.1
1086200 1634.9
1086210 1634.9
1086220 1635.8
1086230 1636.2
1086240 1636.2
1086250 1635.7
1086260 1635.1
1086270 1635.8
1086280 1635.8
1086290 1631.7
1086300 1631.4
1086310 1631.4
1086320 1629.8
1086330 1627.8
1086340 1627.8
1086350 1625.5
1086360 1618.9
1086370 1618.9
1086380 1613.6
1086390 1608.1
1086400 1608.1
1086410 1598.2
1086420 1588.7
1086430 1588.7
1086440 1580.1
1086450 1572.3
1086460 1572.3
1086470 1564.5
1086480 1557.2
1086490 1557.2
1086500 1550.5
1086510 1544.4
1086520 1539.7
1086530 1539.7
1086540 1535.8
1086550 1533.2
1086560 1533.2
1086570 1531.4
1086580 1529.8
1086590 1529.8
1086600 1526.9
1086610 1521.8
1086620 1521.8
1086630 1515.0
1086640 1514.7
1086650 1514.7
1086660 1517.4
1086670 1515.5
1086680 1515.5
1086690 1511.7
1086700 1507.2
1086710 1507.2
1086720 1505.2
1086730 1508.5
1086740 1508.5
1086750 1512.9
1086760 1517.3
1086770 1517.3
1086780 1520.7
1086790 1524.0
1086800 1526.7
1086810 1526.7
1086820 1529.5
1086830 1531.4
1086840 1531.4
1086850 1534.3
1086860 1537.7
1086870 1537.7
1086880 1541.2
1086890 1544.9
1086900 1544.9
1086910 1549.0
1086920 1553.9
1086930 1546.6
1086940 1552.0
1086950 1555.1
1086960 1555.1
1086970 1559.6
1086980 1564.4
1086990 1564.4
1087000 1569.1
1087010 1574.5
1087020 1574.5
1087030 1579.7
1087040 1581.4
1087050 1584.4
1087060 1584.4
1087070 1588.4
1087080 1594.3
1087090 1594.3
1087100 1599.0
1087110 1603.4
1087120 1603.4
1087130 1607.6
1087140 1613.3
1087150 1613.3
1087160 1618.6
1087170 1622.7
1087180 1622.7
1087190 1626.5
1087200 1629.7
1087210 1629.7
1087220 1632.5
1087230 1634.4
1087240 1634.4
1087250 1629.4
1087260 1630.9
1087270 1630.9
1087280 1631.9
1087290 1634.9
1087300 1634.9
1087310 1639.6
1087320 1643.0
1087330 1645.4
1087340 1645.4
1087350 1649.1
1087360 1654.0
1087370 1654.0
1087380 1657.6
1087390 1660.5
1087400 1660.5
1087410 1663.2
1087420 1664.9
1087430 1664.9
1087440 1663.9
1087450 1661.2
1087460 1661.2
1087470 1658.7
1087480 1655.8
1087490 1655.8
1087500 1651.6
1087510 1645.2
1087520 1645.2
1087530 1638.2
1087540 1630.0
1087550 1630.0
1087560 1621.5
1087570 1611.9
1087580 1604.1
1087590 1604.1
1087600 1598.1
1087610 1594.1
1087620 1594.1
1087630 1588.5
1087640 1584.6
1087650 1584.6
1087660 1579.8
1087670 1574.0
1087680 1574.0
1087690 1568.1
1087700 1563.2
1087710 1563.2
1087720 1557.5
1087730 1551.4
1087740 1551.4
1087750 1545.9
1087760 1540.1
1087770 1540.1
1087780 1534.5
1087790 1529.1
1087800 1529.1
1087810 1523.4
1087820 1518.2
1087830 1518.2
1087840 1511.9
1087850 1505.0
1087860 1497.8
1087870 1497.8
1087880 1490.9
1087890 1485.0
1087900 1485.0
1087910 1478.4
1087920 1470.7
1087930 1470.7
1087940 1462.9
1087950 1456.2
1087960 1456.2
1087970 1449.1
1087980 1441.1
1087990 1441.1
1088000 1432.0
1088010 1426.9
1088020 1426.9
1088030 1426.6
1088040 1431.4
1088050 1431.4
1088060 1434.6
1088070 1434.6
1088080 1434.6
1088090 1431.7
1088100 1431.8
1088110 1436.1
1088120 1436.1
1088130 1438.8
1088140 1439.6
1088150 1439.6
1088160 1439.8
1088170 1439.7
1088180 1439.7
1088190 1438.6
1088200 1438.9
1088210 1429.4
1088220 1426.2
1088230 1424.7
1088240 1424.7
1088250 1423.8
1088260 1423.0
1088270 1423.0
1088280 1422.1
1088290 1420.6
1088300 1420.6
1088310 1419.9
1088320 1419.6
1088330 1419.6
1088340 1419.4
1088350 1418.5
1088360 1417.4
1088370 1417.4
1088380 1416.5
1088390 1414.6
1088400 1414.6
1088410 1412.2
1088420 1409.7
1088430 1409.7
1088440 1409.1
1088450 1408.2
1088460 1408.2
1088470 1407.4
1088480 1406.6
1088490 1406.6
1088500 1406.5
1088510 1405.2
1088520 1405.2
1088530 1395.5
1088540 1394.5
1088550 1394.5
1088560 1392.1
1088570 1389.3
1088580 1389.3
1088590 1387.0
1088600 1385.6
1088610 1385.6
1088620 1384.1
1088630 1381.4
1088640 1378.5
1088650 1378.5
1088660 1376.2
1088670 1373.1
1088680 1373.1
1088690 1365.2
1088700 1358.2
1088710 1358.2
1088720 1351.7
1088730 1343.9
1088740 1343.9
1088750 1335.9
1088760 1329.2
1088770 1329.2
1088780 1323.1
1088790 1316.4
1088800 1316.4
1088810 1308.8
1088820 1300.8
1088830 1300.8
1088840 1294.5
1088850 1282.8
1088860 1282.8
1088870 1277.9
1088880 1270.7
1088890 1262.2
1088900 1262.2
1088910 1257.0
1088920 1251.3
1088930 1251.3
1088940 1242.4
1088950 1234.3
1088960 1234.3
1088970 1227.9
1088980 1237.5
1088990 1237.5
1089000 1252.5
1089010 1266.5
1089020 1266.5
1089030 1278.7
1089040 1289.0
1089050 1289.0
1089060 1297.7
1089070 1307.0
1089080 1307.0
1089090 1316.3
1089100 1325.2
1089110 1325.2
1089120 1333.7
1089130 1342.6
1089140 1342.6
1089150 1349.8
1089160 1358.7
1089170 1362.8
1089180 1362.8
1089190 1371.1
1089200 1378.4
1089210 1378.4
1089220 1385.0
1089230 1392.0
1089240 1392.0
1089250 1400.9
1089260 1410.0
1089270 1410.0
1089280 1416.2
1089290 1422.1
1089300 1422.1
1089310 1427.1
1089320 1431.9
1089330 1431.9
1089340 1436.1
1089350 1441.5
1089360 1441.5
1089370 1447.7
1089380 1451.3
1089390 1451.3
1089400 1454.1
1089410 1456.9
1089420 1460.5
1089430 1460.5
1089440 1466.0
1089450 1471.9
1089460 1471.9
1089470 1479.0
1089480 1486.1
1089490 1481.7
1089500 1487.7
1089510 1492.8
1089520 1492.8
1089530 1498.0
1089540 1504.5
1089550 1504.5
1089560 1509.0
1089570 1512.6
1089580 1512.6
1089590 1515.0
1089600 1516.4
1089610 1516.4
1089620 1517.2
1089630 1517.5
1089640 1517.5
1089650 1517.3
1089660 1516.0
1089670 1513.5
1089680 1513.5
1089690 1510.5
1089700 1507.7
1089710 1507.7
1089720 1506.2
1089730 1505.2
1089740 1505.2
1089750 1503.7
1089760 1501.9
1089770 1501.9
1089780 1501.2
1089790 1501.6
1089800 1501.6
1089810 1500.8
1089820 1492.6
1089830 1492.6
1089840 1490.0
1089850 1487.3
1089860 1487.3
1089870 1484.6
1089880 1481.6
1089890 1481.6
1089900 1479.0
1089910 1475.7
1089920 1475.7
1089930 1472.2
1089940 1468.2
1089950 1464.2
1089960 1464.2
1089970 1460.9
1089980 1456.5
1089990 1456.5
1090000 1452.2
1090010 1448.1
1090020 1448.1
1090030 1444.5
1090040 1440.3
1090050 1440.3
1090060 1435.6
1090070 1430.7
1090080 1430.7
1090090 1425.6
1090100 1420.5
1090110 1420.5
1090120 1415.2
1090130 1411.0
1090140 1407.2
1090150 1403.9
1090160 1400.1
1090170 1400.1
1090180 1395.3
1090190 1389.9
1090200 1384.4
1090210 1384.4
1090220 1379.4
1090230 1372.6
1090240 1372.6
1090250 1362.8
1090260 1351.6
1090270 1351.6
1090280 1342.9
1090290 1336.4
1090300 1336.4
1090310 1328.8
1090320 1320.4
1090330 1320.4
1090340 1315.1
1090350 1310.4
1090360 1310.4
1090370 1306.0
1090380 1299.8
1090390 1299.8
1090400 1291.5
1090410 1283.6
1090420 1283.6
1090430 1275.9
1090440 1268.2
1090450 1268.2
1090460 1260.4
1090470 1253.4
1090480 1246.1
1090490 1246.1
1090500 1239.7
1090510 1234.2
1090520 1234.2
1090530 1227.7
1090540 1221.1
1090550 1221.1
1090560 1211.7
1090570 1202.2
1090580 1202.2
1090590 1194.0
1090600 1187.0
1090610 1187.0
1090620 1178.8
1090630 1169.2
1090640 1169.2
1090650 1168.6
1090660 1176.5
1090670 1176.5
1090680 1181.1
1090690 1184.4
1090700 1184.4
1090710 1186.3
1090720 1189.2
1090730 1193.9
1090740 1193.9
1090750 1202.1
1090760 1210.2
1090770 1210.2
1090780 1212.8
1090790 1219.3
1090800 1219.3
1090810 1225.9
1090820 1233.3
1090830 1233.3
1090840 1241.3
1090850 1248.6
1090860 1248.6
1090870 1255.0
1090880 1261.5
1090890 1261.5
1090900 1268.6
1090910 1276.0
1090920 1276.0
1090930 1282.7
1090940 1288.8
1090950 1288.8
1090960 1295.3
1090970 1302.4
1090980 1302.4
1090990 1310.1
1091000 1317.5
1091010 1322.2
1091020 1322.2
1091030 1327.6
1091040 1332.9
1091050 1332.9
1091060 1337.7
1091070 1341.4
1091080 1341.4
1091090 1344.2
1091100 1345.0
1091110 1340.2
1091120 1340.1
1091130 1338.8
1091140 1338.8
1091150 1337.1
1091160 1336.4
1091170 1336.4
1091180 1334.9
1091190 1333.5
1091200 1333.5
1091210 1331.8
1091220 1330.1
1091230 1330.1
1091240 1328.2
1091250 1326.1
1091260 1323.9
1091270 1323.9
1091280 1321.8
1091290 1319.0
1091300 1319.0
1091310 1314.0
1091320 1308.3
1091330 1308.3
1091340 1303.0
1091350 1298.9
1091360 1298.9
1091370 1296.5
1091380 1294.9
1091390 1294.9
1091400 1294.0
1091410 1292.8
1091420 1292.8
1091430 1286.2
1091440 1284.5
1091450 1284.5
1091460 1282.8
1091470 1280.8
1091480 1280.8
1091490 1278.6
1091500 1275.6
1091510 1272.3
1091520 1272.3
1091530 1269.0
1091540 1265.5
1091550 1265.5
1091560 1261.9
1091570 1258.2
1091580 1258.2
1091590 1253.8
1091600 1250.0
1091610 1250.0
1091620 1246.1
1091630 1242.7
1091640 1242.7
1091650 1240.3
1091660 1239.1
1091670 1239.1
1091680 1236.6
1091690 1232.8
1091700 1232.8
1091710 1228.8
1091720 1224.9
1091730 1224.9
1091740 1222.4
1091750 1216.2
1091760 1216.2
1091770 1211.0
1091780 1204.5
1091790 1197.2
1091800 1197.2
1091810 1190.7
1091820 1184.5
1091830 1184.5
1091840 1178.1
1091850 1172.6
1091860 1172.6
1091870 1165.4
1091880 1158.7
1091890 1158.7
1091900 1152.8
1091910 1147.1
1091920 1147.1
1091930 1140.5
1091940 1131.8
1091950 1131.8
1091960 1122.1
1091970 1112.4
1091980 1112.4
1091990 1100.8
1092000 1086.8
1092010 1086.8
1092020 1077.2
1092030 1063.7
1092040 1051.7
1092050 1051.7
1092060 1041.3
1092070 1029.1
1092080 1022.9
1092090 1031.6
1092100 1047.9
1092110 1047.9
1092120 1058.9
1092130 1069.2
1092140 1069.2
1092150 1076.2
1092160 1080.9
1092170 1080.9
1092180 1083.8
1092190 1086.4
1092200 1086.4
1092210 1087.8
1092220 1094.6
1092230 1094.6
1092240 1101.8
1092250 1108.6
1092260 1108.6
1092270 1115.3
1092280 1122.3
1092290 1122.3
1092300 1129.0
1092310 1135.3
1092320 1142.0
1092330 1142.0
1092340 1147.7
1092350 1153.1
1092360 1153.1
1092370 1157.7
1092380 1162.4
1092390 1162.4
1092400 1163.2
1092410 1167.2
1092420 1167.2
1092430 1170.8
1092440 1174.4
1092450 1174.4
1092460 1176.9
1092470 1178.7
1092480 1178.7
1092490 1180.2
1092500 1180.8
1092510 1180.8
1092520 1181.1
1092530 1181.4
1092540 1181.4
1092550 1181.3
1092560 1181.4
1092570 1181.6
1092580 1181.6
1092590 1181.6
1092600 1181.2
1092610 1181.2
1092620 1180.2
1092630 1179.2
1092640 1179.2
1092650 1179.0
1092660 1178.7
1092670 1178.7
1092680 1177.9
1092690 1177.2
1092700 1177.2
1092710 1176.7
1092720 1175.6
1092730 1168.8
1092740 1167.6
1092750 1167.6
1092760 1167.6
1092770 1167.7
1092780 1167.7
1092790 1167.7
1092800 1168.6
1092810 1169.7
1092820 1170.9
1092830 1170.9
1092840 1170.1
1092850 1166.8
1092860 1166.8
1092870 1168.3
1092880 1165.4
1092890 1165.4
1092900 1164.6
1092910 1162.9
1092920 1162.9
1092930 1160.5
1092940 1157.0
1092950 1157.0
1092960 1155.7
1092970 1155.3
1092980 1155.3
1092990 1154.5
1093000 1154.0
1093010 1154.0
1093020 1154.1
1093030 1154.2
1093040 1154.2
1093050 1152.5
1093060 1152.9
1093070 1152.9
1093080 1153.9
1093090 1155.0
1093100 1155.5
1093110 1155.5
1093120 1154.9
1093130 1154.0
1093140 1154.0
1093150 1153.1
1093160 1152.5
1093170 1152.5
1093180 1151.1
1093190 1148.6
1093200 1148.6
1093210 1147.4
1093220 1146.2
1093230 1146.2
1093240 1143.1
1093250 1140.7
1093260 1140.7
1093270 1138.9
1093280 1137.2
1093290 1137.2
1093300 1135.3
1093310 1132.9
1093320 1132.9
1093330 1130.0
1093340 1126.7
1093350 1123.6
1093360 1123.6
1093370 1120.2
1093380 1116.5
1093390 1116.5
1093400 1111.6
1093410 1105.8
1093420 1105.8
1093430 1100.4
1093440 1094.4
1093450 1094.4
1093460 1088.1
1093470 1078.7
1093480 1078.7
1093490 1066.8
1093500 1054.9
1093510 1054.9
1093520 1045.1
1093530 1037.6
1093540 1037.6
1093550 1029.6
1093560 1021.9
1093570 1021.9
1093580 1015.9
1093590 1011.5
1093600 1011.5
1093610 1007.5
1093620 1001.2
1093630 992.9
1093640 992.9
1093650 984.1
1093660 980.6
1093670 980.6
1093680 987.2
1093690 993.6
1093700 990.2
1093710 995.9
1093720 1003.0
1093730 1003.0
1093740 1012.7
1093750 1023.5
1093760 1023.5
1093770 1032.9
1093780 1041.9
1093790 1041.9
1093800 1049.9
1093810 1054.4
1093820 1054.4
1093830 1058.0
1093840 1061.5
1093850 1061.5
1093860 1067.1
1093870 1073.2
1093880 1078.1
1093890 1078.1
1093900 1082.2
1093910 1087.9
1093920 1087.9
1093930 1092.9
1093940 1095.8
1093950 1095.8
1093960 1096.3
1093970 1096.3
1093980 1096.3
1093990 1094.7
1094000 1090.8
1094010 1090.8
1094020 1085.8
1094030 1076.6
1094040 1076.6
1094050 1071.3
1094060 1067.3
1094070 1067.3
1094080 1065.2
1094090 1065.7
1094100 1065.7
1094110 1068.1
1094120 1067.9
1094130 1063.8
1094140 1063.8
1094150 1057.9
1094160 1051.2
1094170 1051.2
1094180 1041.1
1094190 1028.6
1094200 1028.6
1094210 1016.6
1094220 1005.2
1094230 1005.2
1094240 993.7
1094250 981.2
1094260 981.2
1094270 970.9
1094280 964.6
1094290 964.6
1094300 964.9
1094310 977.2
1094320 977.2
1094330 991.1
1094340 1003.1
1094350 996.8
1094360 1001.0
1094370 1007.1
1094380 1007.1
1094390 1016.7
1094400 1028.6
1094410 1038.3
1094420 1038.3
1094430 1046.9
1094440 1055.6
1094450 1055.6
1094460 1062.6
1094470 1066.8
1094480 1066.8
1094490 1068.1
1094500 1070.1
1094510 1070.1
1094520 1072.9
1094530 1075.8
1094540 1075.8
1094550 1080.3
1094560 1086.2
1094570 1086.2
1094580 1093.5
1094590 1097.1
1094600 1097.1
1094610 1094.1
1094620 1087.1
1094630 1087.1
1094640 1081.2
1094650 1076.0
1094660 1070.7
1094670 1070.7
1094680 1064.9
1094690 1061.7
1094700 1061.7
1094710 1059.5
1094720 1057.7
1094730 1057.7
1094740 1057.5
1094750 1057.6
1094760 1057.6
1094770 1057.6
1094780 1057.4
1094790 1057.4
1094800 1057.1
1094810 1057.5
1094820 1057.5
1094830 1058.9
1094840 1059.4
1094850 1059.4
1094860 1058.9
1094870 1059.3
1094880 1059.3
1094890 1059.8
1094900 1059.7
1094910 1059.7
1094920 1060.5
1094930 1061.5
1094940 1061.7
1094950 1061.7
1094960 1061.8
1094970 1062.7
1094980 1062.7
1094990 1064.1
1095000 1064.9
1095010 1061.1
1095020 1065.0
1095030 1069.5
1095040 1069.5
1095050 1074.6
1095060 1081.2
1095070 1081.2
1095080 1086.6
1095090 1089.4
1095100 1089.4
1095110 1090.3
1095120 1089.4
1095130 1089.4
1095140 1090.0
1095150 1092.9
1095160 1092.9
1095170 1095.8
1095180 1097.4
1095190 1096.5
1095200 1096.5
1095210 1093.2
1095220 1089.2
1095230 1089.2
1095240 1086.0
1095250 1082.2
1095260 1082.2
1095270 1078.4
1095280 1074.3
1095290 1074.3
1095300 1072.0
1095310 1070.6
1095320 1070.6
1095330 1063.7
1095340 1061.5
1095350 1061.5
1095360 1062.6
1095370 1063.5
1095380 1063.5
1095390 1063.6
1095400 1063.3
1095410 1063.3
1095420 1062.8
1095430 1062.0
1095440 1061.1
1095450 1061.1
1095460 1060.4
1095470 1059.9
1095480 1059.9
1095490 1060.3
1095500 1061.5
1095510 1061.5
1095520 1061.7
1095530 1058.7
1095540 1058.7
1095550 1053.7
1095560 1047.6
1095570 1047.6
1095580 1042.8
1095590 1038.1
1095600 1038.1
1095610 1031.9
1095620 1041.3
1095630 1041.3
1095640 1053.6
1095650 1059.5
1095660 1056.2
1095670 1056.9
1095680 1057.3
1095690 1057.3
1095700 1060.2
1095710 1064.6
1095720 1068.7
1095730 1068.7
1095740 1070.8
1095750 1070.6
1095760 1070.6
1095770 1069.4
1095780 1067.1
1095790 1067.1
1095800 1064.6
1095810 1062.4
1095820 1062.4
1095830 1060.7
1095840 1059.5
1095850 1059.5
1095860 1058.5
1095870 1057.9
1095880 1057.9
1095890 1057.4
1095900 1056.9
1095910 1056.9
1095920 1056.3
1095930 1055.9
1095940 1055.9
1095950 1055.8
1095960 1055.8
1095970 1055.8
1095980 1055.8
1095990 1049.8
1096000 1048.6
1096010 1048.6
1096020 1047.4
1096030 1046.1
1096040 1046.1
1096050 1044.9
1096060 1043.9
1096070 1043.9
1096080 1042.3
1096090 1039.4
1096100 1039.4
1096110 1036.8
1096120 1034.4
1096130 1034.4
1096140 1032.7
1096150 1031.2
1096160 1031.2
1096170 1030.0
1096180 1028.8
1096190 1028.8
1096200 1027.9
1096210 1026.6
1096220 1026.6
1096230 1025.7
1096240 1024.7
1096250 1023.7
1096260 1023.7
1096270 1023.5
1096280 1023.6
1096290 1023.6
1096300 1023.1
1096310 1017.7
1096320 1017.7
1096330 1017.0
1096340 1016.3
1096350 1016.3
1096360 1014.8
1096370 1014.4
1096380 1014.4
1096390 1013.6
1096400 1012.8
1096410 1012.8
1096420 1011.9
1096430 1010.4
1096440 1010.4
1096450 1009.0
1096460 1008.3
1096470 1008.3
1096480 1007.9
1096490 1007.7
1096500 1007.7
1096510 1007.7
1096520 1008.1
1096530 1009.1
1096540 1009.1
1096550 1009.7
1096560 1009.3
1096570 1009.3
1096580 1007.9
1096590 1006.7
1096600 1006.7
1096610 1008.2
1096620 1009.3
1096630 1009.3
1096640 1005.1
1096650 1006.5
1096660 1006.5
1096670 1007.5
1096680 1007.9
1096690 1007.9
1096700 1008.7
1096710 1009.7
1096720 1009.7
1096730 1009.6
1096740 1008.7
1096750 1007.7
1096760 1007.7
1096770 1006.9
1096780 1006.3
1096790 1006.3
1096800 1005.6
1096810 1004.8
1096820 1004.8
1096830 1004.3
1096840 1003.8
1096850 1003.8
1096860 1003.5
1096870 1003.0
1096880 1003.0
1096890 1002.8
1096900 1003.1
1096910 1003.1
1096920 1003.1
1096930 1002.1
1096940 1002.1
1096950 1002.4
1096960 1003.1
1096970 997.3
1096980 998.0
1096990 997.8
1097000 997.8
1097010 997.4
1097020 998.1
1097030 998.6
1097040 998.6
1097050 999.3
1097060 999.2
1097070 999.2
1097080 999.0
1097090 999.3
1097100 999.3
1097110 999.7
1097120 999.9
1097130 999.9
1097140 1000.3
1097150 1000.7
1097160 1000.7
1097170 1000.2
1097180 1000.4
1097190 1000.4
1097200 1000.1
1097210 997.2
1097220 997.2
1097230 990.0
1097240 990.6
1097250 990.6
1097260 997.4
1097270 1000.7
1097280 1001.0
1097290 1001.0
1097300 998.0
1097310 998.1
1097320 998.1
1097330 998.4
1097340 998.9
1097350 998.9
1097360 999.1
1097370 999.1
1097380 999.1
1097390 999.1
1097400 999.4
1097410 999.4
1097420 999.9
1097430 1000.3
1097440 1000.3
1097450 1000.8
1097460 1001.4
1097470 1001.4
1097480 1002.0
1097490 1002.3
1097500 1002.3
1097510 1002.4
1097520 1002.5
1097530 1002.5
1097540 1002.7
1097550 1002.1
1097560 1001.7
1097570 1001.7
1097580 1001.0
1097590 1000.4
1097600 1000.4
1097610 998.5
1097620 996.3
1097630 993.1
1097640 991.7
1097650 990.4
1097660 990.4
1097670 987.9
1097680 982.5
1097690 982.5
1097700 977.0
1097710 975.9
1097720 975.9
1097730 974.1
1097740 972.9
1097750 972.9
1097760 973.9
1097770 976.5
1097780 976.5
1097790 979.3
1097800 979.1
1097810 977.3
1097820 977.3
1097830 975.4
1097840 973.2
1097850 973.2
1097860 970.7
1097870 968.8
1097880 968.8
1097890 966.6
1097900 964.3
1097910 964.3
1097920 962.6
1097930 960.4
1097940 960.4
1097950 957.4
1097960 951.5
1097970 951.5
1097980 949.6
1097990 947.0
1098000 947.0
1098010 944.2
1098020 942.5
1098030 942.5
1098040 941.7
1098050 940.2
1098060 939.0
1098070 939.0
1098080 937.4
1098090 935.6
1098100 935.6
1098110 933.8
1098120 931.4
1098130 931.4
1098140 929.3
1098150 927.0
1098160 927.0
1098170 924.2
1098180 921.5
1098190 921.5
1098200 919.0
1098210 916.8
1098220 916.8
1098230 915.0
1098240 913.8
1098250 913.8
1098260 912.8
1098270 911.4
1098280 911.4
1098290 903.2
1098300 901.5
1098310 901.5
1098320 899.0
1098330 896.3
1098340 893.4
1098350 893.4
1098360 890.1
1098370 887.1
1098380 887.1
1098390 882.5
1098400 878.5
1098410 878.5
1098420 875.7
1098430 873.8
1098440 873.8
1098450 871.1
1098460 865.4
1098470 865.4
1098480 858.8
1098490 853.6
1098500 853.6
1098510 851.9
1098520 851.5
1098530 851.5
1098540 850.4
1098550 849.5
1098560 849.5
1098570 847.0
1098580 843.1
1098590 839.5
1098600 839.5
1098610 833.8
1098620 832.2
1098630 832.2
1098640 831.1
1098650 830.9
1098660 830.9
1098670 830.9
1098680 830.5
1098690 830.5
1098700 829.9
1098710 828.8
1098720 828.8
1098730 826.6
1098740 823.7
1098750 823.7
1098760 821.2
1098770 819.3
1098780 819.3
1098790 817.8
1098800 816.4
1098810 816.4
1098820 814.4
1098830 813.2
1098840 812.6
1098850 812.6
1098860 812.4
1098870 811.9
1098880 811.9
1098890 810.2
1098900 809.8
1098910 809.8
1098920 808.5
1098930 806.5
1098940 805.8
1098950 805.5
1098960 804.6
1098970 804.6
1098980 803.7
1098990 803.4
1099000 803.4
1099010 803.7
1099020 804.2
1099030 804.2
1099040 801.3
1099050 794.4
1099060 794.4
1099070 789.3
1099080 784.2
1099090 784.2
1099100 777.5
1099110 771.4
1099120 763.6
1099130 763.6
1099140 750.5
1099150 739.8
1099160 739.8
1099170 749.1
1099180 765.8
1099190 765.8
1099200 771.2
1099210 770.8
1099220 770.8
1099230 771.5
1099240 773.1
1099250 773.1
1099260 776.0
1099270 773.0
1099280 773.0
1099290 776.5
1099300 781.3
1099310 781.3
1099320 787.3
1099330 790.7
1099340 790.7
1099350 787.6
1099360 785.2
1099370 781.0
1099380 781.0
1099390 776.8
1099400 773.4
1099410 773.4
1099420 769.4
1099430 763.7
1099440 763.7
1099450 759.1
1099460 755.4
1099470 755.4
1099480 751.0
1099490 748.0
1099500 748.0
1099510 744.4
1099520 741.5
1099530 741.5
1099540 738.9
1099550 737.0
1099560 737.0
1099570 736.0
1099580 733.7
1099590 733.7
1099600 733.0
1099610 734.1
1099620 734.1
1099630 734.1
1099640 734.5
1099650 734.6
1099660 734.6
1099670 734.8
1099680 735.0
1099690 735.0
1099700 735.4
1099710 735.5
1099720 735.5
1099730 735.7
1099740 735.8
1099750 735.8
1099760 735.8
1099770 735.9
1099780 735.9
1099790 736.3
1099800 736.7
1099810 736.7
1099820 736.8
1099830 736.9
1099840 736.9
1099850 737.0
1099860 737.2
1099870 737.2
1099880 737.3
1099890 737.5
1099900 737.7
1099910 737.7
1099920 737.7
1099930 738.0
1099940 737.9
1099950 738.3
1099960 739.2
1099970 739.2
1099980 741.2
1099990 743.9
