1080000 764.5
1080010 767.6
1080020 767.6
1080030 767.8
1080040 766.2
1080050 766.2
1080060 764.1
1080070 763.4
1080080 763.4
1080090 762.9
1080100 762.5
1080110 762.3
1080120 762.3
1080130 762.9
1080140 763.6
1080150 763.6
1080160 764.4
1080170 765.3
1080180 765.3
1080190 766.8
1080200 768.0
1080210 768.0
1080220 770.2
1080230 772.9
1080240 772.9
1080250 775.8
1080260 779.5
1080270 779.5
1080280 782.3
1080290 786.2
1080300 786.2
1080310 789.7
1080320 786.2
1080330 786.2
1080340 788.9
1080350 790.6
1080360 791.2
1080370 791.2
1080380 792.3
1080390 795.4
1080400 795.4
1080410 799.6
1080420 802.7
1080430 802.7
1080440 806.9
1080450 810.8
1080460 810.8
1080470 815.1
1080480 819.1
1080490 819.1
1080500 822.8
1080510 824.7
1080520 824.7
1080530 824.6
1080540 825.0
1080550 825.0
1080560 827.3
1080570 830.2
1080580 830.2
1080590 833.3
1080600 835.7
1080610 835.7
1080620 838.3
1080630 835.7
1080640 837.5
1080650 837.5
1080660 839.6
1080670 840.9
1080680 840.9
1080690 841.3
1080700 842.6
1080710 842.6
1080720 844.0
1080730 845.3
1080740 845.3
1080750 846.7
1080760 848.1
1080770 848.1
1080780 849.2
1080790 851.0
1080800 851.0
1080810 853.2
1080820 855.4
1080830 855.4
1080840 857.8
1080850 860.8
1080860 860.8
1080870 864.4
1080880 868.1
1080890 871.9
1080900 871.9
1080910 875.8
1080920 880.4
1080930 880.4
1080940 884.9
1080950 880.7
1080960 880.7
1080970 885.6
1080980 892.3
1080990 892.3
1081000 894.5
1081010 894.2
1081020 894.2
1081030 893.9
1081040 893.4
1081050 893.4
1081060 893.3
1081070 892.5
1081080 892.5
1081090 891.8
1081100 891.6
1081110 891.6
1081120 892.0
1081130 892.7
1081140 892.7
1081150 893.7
1081160 895.1
1081170 896.4
1081180 896.4
1081190 897.2
1081200 897.3
1081210 897.3
1081220 897.1
1081230 897.3
1081240 897.3
1081250 897.9
1081260 892.8
1081270 892.8
1081280 893.7
1081290 894.7
1081300 894.7
1081310 895.2
1081320 895.6
1081330 895.6
1081340 896.2
1081350 897.6
1081360 897.6
1081370 898.2
1081380 899.0
1081390 899.0
1081400 901.3
1081410 902.4
1081420 902.9
1081430 902.9
1081440 903.7
1081450 905.2
1081460 905.2
1081470 906.4
1081480 908.4
1081490 908.4
1081500 910.7
1081510 911.3
1081520 911.3
1081530 910.9
1081540 910.8
1081550 910.8
1081560 910.8
1081570 910.9
1081580 908.6
1081590 908.5
1081600 908.2
1081610 908.2
1081620 907.7
1081630 907.3
1081640 907.3
1081650 907.7
1081660 906.9
1081670 903.5
1081680 903.5
1081690 897.2
1081700 892.3
1081710 892.3
1081720 895.5
1081730 898.8
1081740 898.8
1081750 901.5
1081760 903.5
1081770 903.5
1081780 905.4
1081790 910.9
1081800 910.9
1081810 913.3
1081820 909.4
1081830 909.4
1081840 900.5
1081850 891.9
1081860 891.9
1081870 885.6
1081880 882.7
1081890 871.3
1081900 875.4
1081910 884.6
1081920 884.6
1081930 896.3
1081940 909.3
1081950 918.1
1081960 918.1
1081970 926.1
1081980 933.2
1081990 933.2
1082000 937.1
1082010 937.4
1082020 937.4
1082030 937.0
1082040 941.7
1082050 941.7
1082060 948.0
1082070 954.7
1082080 954.7
1082090 961.2
1082100 968.3
1082110 968.3
1082120 975.8
1082130 983.9
1082140 983.9
1082150 991.1
1082160 995.7
1082170 995.7
1082180 999.4
1082190 1001.9
1082200 1003.4
1082210 998.6
1082220 999.5
1082230 999.9
1082240 999.9
1082250 1002.6
1082260 1006.1
1082270 1006.1
1082280 1010.3
1082290 1013.0
1082300 1013.0
1082310 1016.6
1082320 1020.4
1082330 1020.4
1082340 1023.8
1082350 1027.2
1082360 1027.2
1082370 1030.0
1082380 1032.6
1082390 1032.6
1082400 1035.2
1082410 1038.2
1082420 1038.2
1082430 1040.7
1082440 1043.1
1082450 1043.1
1082460 1045.3
1082470 1047.0
1082480 1048.8
1082490 1048.8
1082500 1051.6
1082510 1051.9
1082520 1049.7
1082530 1050.2
1082540 1050.4
1082550 1050.4
1082560 1050.9
1082570 1051.6
1082580 1051.6
1082590 1053.8
1082600 1056.6
1082610 1056.6
1082620 1058.9
1082630 1060.7
1082640 1060.7
1082650 1063.1
1082660 1065.8
1082670 1065.8
1082680 1069.0
1082690 1072.0
1082700 1072.0
1082710 1074.4
1082720 1076.6
1082730 1078.1
1082740 1078.1
1082750 1079.2
1082760 1079.9
1082770 1079.9
1082780 1080.4
1082790 1081.5
1082800 1081.5
1082810 1082.8
1082820 1083.3
1082830 1083.3
1082840 1080.5
1082850 1081.1
1082860 1081.1
1082870 1082.7
1082880 1083.0
1082890 1083.0
1082900 1078.7
1082910 1070.9
1082920 1070.9
1082930 1062.9
1082940 1055.6
1082950 1055.6
1082960 1061.1
1082970 1069.6
1082980 1072.5
1082990 1072.5
1083000 1072.6
1083010 1072.9
1083020 1072.9
1083030 1074.1
1083040 1076.5
1083050 1076.5
1083060 1081.2
1083070 1087.3
1083080 1087.3
1083090 1092.7
1083100 1093.8
1083110 1093.8
1083120 1096.6
1083130 1102.3
1083140 1102.3
1083150 1100.7
1083160 1095.0
1083170 1095.0
1083180 1090.1
1083190 1085.2
1083200 1085.2
1083210 1081.6
1083220 1077.6
1083230 1077.6
1083240 1073.6
1083250 1070.5
1083260 1071.0
1083270 1071.0
1083280 1070.4
1083290 1068.4
1083300 1068.4
1083310 1061.6
1083320 1056.1
1083330 1056.1
1083340 1051.5
1083350 1062.0
1083360 1062.0
1083370 1073.7
1083380 1082.6
1083390 1082.6
1083400 1086.9
1083410 1089.6
1083420 1089.6
1083430 1095.6
1083440 1100.4
1083450 1100.4
1083460 1104.5
1083470 1106.7
1083480 1106.7
1083490 1112.2
1083500 1115.5
1083510 1119.2
1083520 1119.2
1083530 1123.9
1083540 1129.3
1083550 1129.3
1083560 1135.0
1083570 1140.4
1083580 1140.4
1083590 1146.0
1083600 1150.9
1083610 1150.9
1083620 1153.9
1083630 1156.3
1083640 1156.3
1083650 1158.8
1083660 1161.0
1083670 1161.0
1083680 1163.4
1083690 1166.4
1083700 1166.4
1083710 1169.3
1083720 1171.0
1083730 1171.0
1083740 1174.3
1083750 1179.8
1083760 1179.8
1083770 1185.9
1083780 1191.5
1083790 1192.2
1083800 1192.2
1083810 1195.6
1083820 1198.7
1083830 1198.7
1083840 1201.8
1083850 1204.8
1083860 1204.8
1083870 1208.0
1083880 1211.3
1083890 1211.3
1083900 1214.3
1083910 1217.0
1083920 1217.0
1083930 1220.5
1083940 1224.3
1083950 1224.3
1083960 1225.8
1083970 1226.4
1083980 1226.4
1083990 1228.5
1084000 1229.9
1084010 1229.9
1084020 1232.2
1084030 1235.4
1084040 1239.3
1084050 1239.3
1084060 1242.5
1084070 1245.0
1084080 1245.0
1084090 1245.7
1084100 1246.1
1084110 1241.4
1084120 1241.4
1084130 1242.6
1084140 1242.6
1084150 1243.9
1084160 1244.3
1084170 1244.3
1084180 1245.0
1084190 1245.8
1084200 1245.8
1084210 1246.1
1084220 1246.1
1084230 1246.1
1084240 1246.6
1084250 1248.0
1084260 1248.0
1084270 1250.5
1084280 1254.1
1084290 1254.1
1084300 1258.0
1084310 1261.8
1084320 1265.9
1084330 1265.9
1084340 1269.4
1084350 1272.6
1084360 1272.6
1084370 1275.3
1084380 1277.5
1084390 1277.5
1084400 1278.9
1084410 1279.4
1084420 1279.4
1084430 1275.5
1084440 1275.2
1084450 1275.2
1084460 1275.5
1084470 1276.5
1084480 1276.5
1084490 1277.7
1084500 1278.3
1084510 1278.3
1084520 1278.6
1084530 1278.7
1084540 1278.7
1084550 1278.6
1084560 1277.4
1084570 1276.1
1084580 1276.1
1084590 1275.8
1084600 1277.5
1084610 1277.5
1084620 1279.8
1084630 1282.1
1084640 1282.1
1084650 1283.7
1084660 1284.7
1084670 1284.7
1084680 1285.4
1084690 1285.7
1084700 1285.7
1084710 1286.2
1084720 1287.3
1084730 1287.3
1084740 1285.9
1084750 1285.8
1084760 1285.8
1084770 1285.2
1084780 1284.2
1084790 1284.2
1084800 1284.0
1084810 1287.1
1084820 1292.0
1084830 1292.0
1084840 1297.2
1084850 1302.0
1084860 1302.0
1084870 1306.0
1084880 1310.8
1084890 1310.8
1084900 1317.1
1084910 1323.4
1084920 1323.4
1084930 1328.3
1084940 1332.9
1084950 1332.9
1084960 1339.5
1084970 1346.2
1084980 1346.2
1084990 1355.5
1085000 1366.0
1085010 1366.0
1085020 1376.7
1085030 1385.1
1085040 1385.1
1085050 1387.6
1085060 1384.9
1085070 1384.9
1085080 1383.2
1085090 1382.0
1085100 1381.0
1085110 1381.0
1085120 1379.2
1085130 1375.9
1085140 1375.9
1085150 1372.4
1085160 1369.3
1085170 1369.3
1085180 1366.8
1085190 1365.0
1085200 1365.0
1085210 1364.8
1085220 1367.0
1085230 1367.0
1085240 1370.3
1085250 1374.3
1085260 1374.3
1085270 1377.7
1085280 1381.3
1085290 1381.3
1085300 1383.5
1085310 1382.8
1085320 1382.8
1085330 1377.7
1085340 1372.7
1085350 1368.9
1085360 1368.9
1085370 1363.6
1085380 1349.8
1085390 1349.8
1085400 1344.5
1085410 1339.4
1085420 1339.4
1085430 1333.8
1085440 1328.0
1085450 1328.0
1085460 1320.1
1085470 1312.7
1085480 1312.7
1085490 1305.9
1085500 1299.4
1085510 1299.4
1085520 1293.4
1085530 1300.8
1085540 1300.8
1085550 1310.5
1085560 1318.0
1085570 1318.0
1085580 1326.3
1085590 1334.7
1085600 1334.7
1085610 1342.7
1085620 1352.5
1085630 1362.7
1085640 1362.7
1085650 1369.8
1085660 1376.3
1085670 1376.3
1085680 1381.6
1085690 1386.5
1085700 1383.6
1085710 1393.0
1085720 1403.5
1085730 1403.5
1085740 1412.6
1085750 1420.4
1085760 1420.4
1085770 1428.8
1085780 1437.7
1085790 1437.7
1085800 1445.4
1085810 1452.8
1085820 1452.8
1085830 1459.4
1085840 1465.6
1085850 1465.6
1085860 1472.4
1085870 1478.9
1085880 1486.9
1085890 1486.9
1085900 1494.7
1085910 1501.1
1085920 1501.1
1085930 1508.1
1085940 1516.3
1085950 1516.3
1085960 1524.3
1085970 1532.0
1085980 1532.0
1085990 1539.1
1086000 1545.4
1086010 1545.4
1086020 1548.1
1086030 1553.5
1086040 1553.5
1086050 1557.7
1086060 1559.2
1086070 1559.2
1086080 1559.9
1086090 1561.1
1086100 1561.1
1086110 1560.8
1086120 1560.9
1086130 1562.2
1086140 1562.2
1086150 1563.9
1086160 1565.7
1086170 1565.7
1086180 1568.1
1086190 1570.4
1086200 1570.4
1086210 1571.8
1086220 1573.1
1086230 1573.1
1086240 1574.2
1086250 1575.2
1086260 1575.2
1086270 1575.7
1086280 1575.4
1086290 1575.4
1086300 1574.1
1086310 1572.4
1086320 1572.4
1086330 1571.4
1086340 1567.0
1086350 1567.0
1086360 1568.3
1086370 1569.6
1086380 1569.6
1086390 1573.9
1086400 1577.4
1086410 1578.7
1086420 1578.7
1086430 1578.3
1086440 1576.2
1086450 1576.2
1086460 1573.2
1086470 1568.9
1086480 1568.9
1086490 1565.1
1086500 1559.1
1086510 1559.1
1086520 1551.5
1086530 1545.2
1086540 1545.2
1086550 1538.2
1086560 1531.9
1086570 1531.9
1086580 1526.1
1086590 1520.1
1086600 1520.1
1086610 1514.9
1086620 1509.9
1086630 1509.9
1086640 1504.3
1086650 1497.4
1086660 1490.9
1086670 1490.9
1086680 1485.8
1086690 1480.0
1086700 1480.0
1086710 1473.9
1086720 1467.2
1086730 1467.2
1086740 1460.0
1086750 1452.0
1086760 1452.0
1086770 1444.0
1086780 1445.3
1086790 1445.3
1086800 1449.8
1086810 1454.3
1086820 1454.3
1086830 1458.7
1086840 1462.4
1086850 1462.4
1086860 1466.0
1086870 1469.6
1086880 1469.6
1086890 1473.2
1086900 1477.1
1086910 1477.1
1086920 1480.8
1086930 1483.3
1086940 1487.4
1086950 1487.4
1086960 1491.2
1086970 1496.2
1086980 1491.9
1086990 1497.8
1087000 1504.5
1087010 1504.5
1087020 1509.5
1087030 1516.0
1087040 1516.0
1087050 1522.4
1087060 1528.2
1087070 1528.2
1087080 1535.0
1087090 1541.8
1087100 1541.8
1087110 1547.9
1087120 1554.6
1087130 1554.6
1087140 1561.4
1087150 1566.7
1087160 1566.7
1087170 1569.7
1087180 1570.7
1087190 1571.0
1087200 1571.0
1087210 1571.1
1087220 1571.5
1087230 1571.5
1087240 1572.2
1087250 1573.1
1087260 1573.1
1087270 1573.1
1087280 1572.8
1087290 1572.8
1087300 1568.6
1087310 1567.7
1087320 1567.7
1087330 1567.0
1087340 1567.4
1087350 1567.4
1087360 1568.4
1087370 1568.7
1087380 1568.7
1087390 1568.9
1087400 1568.5
1087410 1568.5
1087420 1568.4
1087430 1567.5
1087440 1567.0
1087450 1567.0
1087460 1568.3
1087470 1570.1
1087480 1570.1
1087490 1572.4
1087500 1573.5
1087510 1573.5
1087520 1572.6
1087530 1572.0
1087540 1572.0
1087550 1575.6
1087560 1577.9
1087570 1577.9
1087580 1577.8
1087590 1575.9
1087600 1575.9
1087610 1573.8
1087620 1569.9
1087630 1569.9
1087640 1565.8
1087650 1561.4
1087660 1561.4
1087670 1558.7
1087680 1554.6
1087690 1554.6
1087700 1549.7
1087710 1543.3
1087720 1535.8
1087730 1535.8
1087740 1529.5
1087750 1525.8
1087760 1525.8
1087770 1521.9
1087780 1517.9
1087790 1517.9
1087800 1512.9
1087810 1508.1
1087820 1508.1
1087830 1503.3
1087840 1498.5
1087850 1498.5
1087860 1494.4
1087870 1489.9
1087880 1489.9
1087890 1486.1
1087900 1482.3
1087910 1482.3
1087920 1478.1
1087930 1474.1
1087940 1471.3
1087950 1466.5
1087960 1461.8
1087970 1456.9
1087980 1456.9
1087990 1451.8
1088000 1445.7
1088010 1445.7
1088020 1438.8
1088030 1431.0
1088040 1431.0
1088050 1423.5
1088060 1415.8
1088070 1415.8
1088080 1407.2
1088090 1397.2
1088100 1397.2
1088110 1387.8
1088120 1379.6
1088130 1379.6
1088140 1368.8
1088150 1358.6
1088160 1358.6
1088170 1353.4
1088180 1348.9
1088190 1348.9
1088200 1348.1
1088210 1350.1
1088220 1350.1
1088230 1351.6
1088240 1353.7
1088250 1356.2
1088260 1346.5
1088270 1350.5
1088280 1352.9
1088290 1352.9
1088300 1353.3
1088310 1352.3
1088320 1352.3
1088330 1351.6
1088340 1351.3
1088350 1351.3
1088360 1349.7
1088370 1347.4
1088380 1347.4
1088390 1345.0
1088400 1342.9
1088410 1342.9
1088420 1341.5
1088430 1338.8
1088440 1338.8
1088450 1336.7
1088460 1335.1
1088470 1335.1
1088480 1334.7
1088490 1334.0
1088500 1333.5
1088510 1333.5
1088520 1332.4
1088530 1331.1
1088540 1331.1
1088550 1327.9
1088560 1326.4
1088570 1326.4
1088580 1315.3
1088590 1316.4
1088600 1316.4
1088610 1317.2
1088620 1316.9
1088630 1316.9
1088640 1315.4
1088650 1313.1
1088660 1313.1
1088670 1310.3
1088680 1307.0
1088690 1307.0
1088700 1303.1
1088710 1298.0
1088720 1298.0
1088730 1292.6
1088740 1287.3
1088750 1282.5
1088760 1282.5
1088770 1278.6
1088780 1272.4
1088790 1272.4
1088800 1267.4
1088810 1262.9
1088820 1262.9
1088830 1256.0
1088840 1247.1
1088850 1247.1
1088860 1239.0
1088870 1229.8
1088880 1229.8
1088890 1219.2
1088900 1204.6
1088910 1204.6
1088920 1201.7
1088930 1190.3
1088940 1190.3
1088950 1191.7
1088960 1208.4
1088970 1208.4
1088980 1220.7
1088990 1231.4
1089000 1231.4
1089010 1240.6
1089020 1248.9
1089030 1256.7
1089040 1256.7
1089050 1263.9
1089060 1270.5
1089070 1270.5
1089080 1275.4
1089090 1280.8
1089100 1280.8
1089110 1286.8
1089120 1293.1
1089130 1293.1
1089140 1298.5
1089150 1303.8
1089160 1303.8
1089170 1307.8
1089180 1311.7
1089190 1311.7
1089200 1318.7
1089210 1326.6
1089220 1322.4
1089230 1329.6
1089240 1335.8
1089250 1335.8
1089260 1343.0
1089270 1349.3
1089280 1358.3
1089290 1358.3
1089300 1366.7
1089310 1374.3
1089320 1374.3
1089330 1381.7
1089340 1388.6
1089350 1388.6
1089360 1395.7
1089370 1403.1
1089380 1403.1
1089390 1409.0
1089400 1411.7
1089410 1411.7
1089420 1416.7
1089430 1422.5
1089440 1422.5
1089450 1429.1
1089460 1436.3
1089470 1436.3
1089480 1445.1
1089490 1453.3
1089500 1453.3
1089510 1459.9
1089520 1464.5
1089530 1464.5
1089540 1467.3
1089550 1465.6
1089560 1465.8
1089570 1465.8
1089580 1465.3
1089590 1464.6
1089600 1464.6
1089610 1463.5
1089620 1462.7
1089630 1462.7
1089640 1461.6
1089650 1459.8
1089660 1459.8
1089670 1457.7
1089680 1454.8
1089690 1454.8
1089700 1451.2
1089710 1448.2
1089720 1448.2
1089730 1445.2
1089740 1442.3
1089750 1442.3
1089760 1438.2
1089770 1433.3
1089780 1433.3
1089790 1428.5
1089800 1427.6
1089810 1429.1
1089820 1429.1
1089830 1429.5
1089840 1429.1
1089850 1429.1
1089860 1427.8
1089870 1419.8
1089880 1419.8
1089890 1418.1
1089900 1415.5
1089910 1415.5
1089920 1412.6
1089930 1409.8
1089940 1409.8
1089950 1405.8
1089960 1402.1
1089970 1402.1
1089980 1399.8
1089990 1396.7
1090000 1396.7
1090010 1393.4
1090020 1390.7
1090030 1390.7
1090040 1387.7
1090050 1384.6
1090060 1381.5
1090070 1381.5
1090080 1377.4
1090090 1373.1
1090100 1373.1
1090110 1367.4
1090120 1361.3
1090130 1361.3
1090140 1356.7
1090150 1353.4
1090160 1353.4
1090170 1351.0
1090180 1349.0
1090190 1343.4
1090200 1340.6
1090210 1337.8
1090220 1337.8
1090230 1334.9
1090240 1331.4
1090250 1331.4
1090260 1327.5
1090270 1323.6
1090280 1323.6
1090290 1319.2
1090300 1314.5
1090310 1314.5
1090320 1309.1
1090330 1303.2
1090340 1298.0
1090350 1298.0
1090360 1292.9
1090370 1287.3
1090380 1287.3
1090390 1281.6
1090400 1276.2
1090410 1276.2
1090420 1271.2
1090430 1265.7
1090440 1265.7
1090450 1258.4
1090460 1251.9
1090470 1251.9
1090480 1246.0
1090490 1240.2
1090500 1240.2
1090510 1237.2
1090520 1230.8
1090530 1230.8
1090540 1224.1
1090550 1217.3
1090560 1217.3
1090570 1208.7
1090580 1201.5
1090590 1193.5
1090600 1193.5
1090610 1185.9
1090620 1178.1
1090630 1178.1
1090640 1169.4
1090650 1161.5
1090660 1161.5
1090670 1153.7
1090680 1143.0
1090690 1143.0
1090700 1130.3
1090710 1125.2
1090720 1125.2
1090730 1136.0
1090740 1149.0
1090750 1149.0
1090760 1157.8
1090770 1165.9
1090780 1165.9
1090790 1174.4
1090800 1181.8
1090810 1181.8
1090820 1188.5
1090830 1195.5
1090840 1190.3
1090850 1196.7
1090860 1203.3
1090870 1210.5
1090880 1210.5
1090890 1217.7
1090900 1225.1
1090910 1225.1
1090920 1232.0
1090930 1238.1
1090940 1238.1
1090950 1243.0
1090960 1247.3
1090970 1247.3
1090980 1251.9
1090990 1256.8
1091000 1256.8
1091010 1261.9
1091020 1266.9
1091030 1266.9
1091040 1271.6
1091050 1275.7
1091060 1275.7
1091070 1278.8
1091080 1280.9
1091090 1280.9
1091100 1281.7
1091110 1282.2
1091120 1282.5
1091130 1282.5
1091140 1282.7
1091150 1282.3
1091160 1278.0
1091170 1277.8
1091180 1277.1
1091190 1277.1
1091200 1275.9
1091210 1274.9
1091220 1274.9
1091230 1273.5
1091240 1271.9
1091250 1271.9
1091260 1270.8
1091270 1270.4
1091280 1270.4
1091290 1270.0
1091300 1268.9
1091310 1268.9
1091320 1267.2
1091330 1265.0
1091340 1265.0
1091350 1262.2
1091360 1258.0
1091370 1255.1
1091380 1255.1
1091390 1252.6
1091400 1250.0
1091410 1250.0
1091420 1246.0
1091430 1243.7
1091440 1243.7
1091450 1242.5
1091460 1240.2
1091470 1240.2
1091480 1232.8
1091490 1229.8
1091500 1229.8
1091510 1227.0
1091520 1224.5
1091530 1224.5
1091540 1221.6
1091550 1218.6
1091560 1218.6
1091570 1215.8
1091580 1212.6
1091590 1212.6
1091600 1209.4
1091610 1206.5
1091620 1206.5
1091630 1202.8
1091640 1199.6
1091650 1197.2
1091660 1197.2
1091670 1194.4
1091680 1192.0
1091690 1192.0
1091700 1189.7
1091710 1187.2
1091720 1187.2
1091730 1184.3
1091740 1181.4
1091750 1181.4
1091760 1178.2
1091770 1174.8
1091780 1174.8
1091790 1170.5
1091800 1165.9
1091810 1160.6
1091820 1158.3
1091830 1156.1
1091840 1156.1
1091850 1153.4
1091860 1151.4
1091870 1151.4
1091880 1151.1
1091890 1145.8
1091900 1139.3
1091910 1139.3
1091920 1133.9
1091930 1129.0
1091940 1129.0
1091950 1125.1
1091960 1121.1
1091970 1121.1
1091980 1117.0
1091990 1112.8
1092000 1112.8
1092010 1105.5
1092020 1095.1
1092030 1095.1
1092040 1081.7
1092050 1073.3
1092060 1073.3
1092070 1061.7
1092080 1046.8
1092090 1046.8
1092100 1033.8
1092110 1022.4
1092120 1022.4
1092130 1030.2
1092140 1025.9
1092150 1025.9
1092160 1020.6
1092170 1011.8
1092180 996.8
1092190 996.8
1092200 996.3
1092210 1007.3
1092220 1007.3
1092230 1024.8
1092240 1041.4
1092250 1041.4
1092260 1056.8
1092270 1066.9
1092280 1066.9
1092290 1077.5
1092300 1085.2
1092310 1085.2
1092320 1093.5
1092330 1101.4
1092340 1101.4
1092350 1108.6
1092360 1113.9
1092370 1113.9
1092380 1116.5
1092390 1118.8
1092400 1118.8
1092410 1120.5
1092420 1122.1
1092430 1123.7
1092440 1123.7
1092450 1121.7
1092460 1123.4
1092470 1123.4
1092480 1124.7
1092490 1125.5
1092500 1125.5
1092510 1126.1
1092520 1126.6
1092530 1126.6
1092540 1126.7
1092550 1126.5
1092560 1126.5
1092570 1125.3
1092580 1125.3
1092590 1125.3
1092600 1125.7
1092610 1125.2
1092620 1125.2
1092630 1125.2
1092640 1126.2
1092650 1126.2
1092660 1127.1
1092670 1127.5
1092680 1127.6
1092690 1127.6
1092700 1127.6
1092710 1127.9
1092720 1127.9
1092730 1128.4
1092740 1128.3
1092750 1128.3
1092760 1127.9
1092770 1127.6
1092780 1124.4
1092790 1124.6
1092800 1125.0
1092810 1125.0
1092820 1125.7
1092830 1126.8
1092840 1126.8
1092850 1127.4
1092860 1127.6
1092870 1127.6
1092880 1127.8
1092890 1128.3
1092900 1128.3
1092910 1128.5
1092920 1128.9
1092930 1128.9
1092940 1129.7
1092950 1130.3
1092960 1130.8
1092970 1130.8
1092980 1131.0
1092990 1131.7
1093000 1131.7
1093010 1132.6
1093020 1133.5
1093030 1133.5
1093040 1134.4
1093050 1135.3
1093060 1135.3
1093070 1136.4
1093080 1137.2
1093090 1137.2
1093100 1134.1
1093110 1134.3
1093120 1134.3
1093130 1134.9
1093140 1135.0
1093150 1135.0
1093160 1134.8
1093170 1134.2
1093180 1134.2
1093190 1133.2
1093200 1132.0
1093210 1131.0
1093220 1131.0
1093230 1129.9
1093240 1128.5
1093250 1128.5
1093260 1127.2
1093270 1126.1
1093280 1126.1
1093290 1125.1
1093300 1123.9
1093310 1123.9
1093320 1122.6
1093330 1120.6
1093340 1120.6
1093350 1117.4
1093360 1113.3
1093370 1113.3
1093380 1108.5
1093390 1103.7
1093400 1103.7
1093410 1099.7
1093420 1096.1
1093430 1091.3
1093440 1089.2
1093450 1087.3
1093460 1087.3
1093470 1084.7
1093480 1077.6
1093490 1070.1
1093500 1070.1
1093510 1064.8
1093520 1060.5
1093530 1060.5
1093540 1056.0
1093550 1051.8
1093560 1051.8
1093570 1047.2
1093580 1041.9
1093590 1041.9
1093600 1036.2
1093610 1028.8
1093620 1028.8
1093630 1020.0
1093640 1009.9
1093650 1009.9
1093660 999.9
1093670 989.8
1093680 989.8
1093690 978.6
1093700 966.7
1093710 966.7
1093720 959.6
1093730 957.1
1093740 962.3
1093750 959.5
1093760 972.6
1093770 984.2
1093780 984.2
1093790 995.0
1093800 1003.5
1093810 1003.5
1093820 1013.7
1093830 1023.0
1093840 1023.0
1093850 1031.0
1093860 1035.9
1093870 1035.9
1093880 1037.9
1093890 1039.9
1093900 1039.9
1093910 1045.0
1093920 1051.4
1093930 1051.4
1093940 1056.8
1093950 1062.2
1093960 1062.2
1093970 1064.5
1093980 1062.3
1093990 1057.4
1094000 1057.4
1094010 1052.1
1094020 1045.4
1094030 1045.4
1094040 1041.1
1094050 1037.4
1094060 1037.4
1094070 1033.0
1094080 1027.5
1094090 1027.5
1094100 1023.9
1094110 1021.7
1094120 1021.7
1094130 1015.4
1094140 1007.9
1094150 1007.9
1094160 999.0
1094170 989.9
1094180 989.9
1094190 986.2
1094200 981.5
1094210 981.5
1094220 977.6
1094230 974.0
1094240 974.0
1094250 969.6
1094260 961.9
1094270 947.0
1094280 947.0
1094290 936.4
1094300 938.5
1094310 938.5
1094320 949.2
1094330 960.3
1094340 960.3
1094350 973.7
1094360 983.4
1094370 983.4
1094380 992.6
1094390 1001.4
1094400 1001.4
1094410 1004.7
1094420 1012.3
1094430 1012.3
1094440 1019.1
1094450 1022.8
1094460 1022.8
1094470 1025.4
1094480 1026.9
1094490 1026.9
1094500 1027.5
1094510 1028.5
1094520 1030.6
1094530 1030.6
1094540 1033.3
1094550 1035.4
1094560 1035.4
1094570 1037.1
1094580 1039.4
1094590 1039.4
1094600 1042.0
1094610 1043.3
1094620 1043.3
1094630 1043.3
1094640 1043.8
1094650 1043.8
1094660 1044.5
1094670 1041.6
1094680 1041.6
1094690 1038.4
1094700 1035.7
1094710 1035.7
1094720 1033.2
1094730 1029.7
1094740 1029.7
1094750 1029.4
1094760 1029.6
1094770 1029.6
1094780 1030.4
1094790 1030.9
1094800 1031.4
1094810 1031.4
1094820 1032.1
1094830 1033.1
1094840 1033.1
1094850 1034.2
1094860 1035.6
1094870 1035.6
1094880 1036.8
1094890 1037.2
1094900 1037.2
1094910 1037.1
1094920 1036.9
1094930 1036.9
1094940 1036.5
1094950 1035.6
1094960 1035.6
1094970 1034.5
1094980 1032.8
1094990 1032.8
1095000 1031.7
1095010 1035.1
1095020 1035.1
1095030 1035.0
1095040 1034.5
1095050 1033.3
1095060 1028.2
1095070 1027.6
1095080 1028.2
1095090 1028.2
1095100 1028.7
1095110 1030.8
1095120 1030.8
1095130 1032.7
1095140 1033.2
1095150 1033.2
1095160 1032.2
1095170 1030.5
1095180 1030.5
1095190 1028.8
1095200 1026.5
1095210 1026.5
1095220 1024.0
1095230 1022.4
1095240 1022.4
1095250 1021.2
1095260 1019.7
1095270 1019.7
1095280 1018.5
1095290 1017.0
1095300 1015.5
1095310 1015.5
1095320 1015.4
1095330 1015.7
1095340 1015.7
1095350 1016.2
1095360 1017.0
1095370 1017.0
1095380 1017.8
1095390 1015.5
1095400 1015.5
1095410 1016.2
1095420 1016.6
1095430 1016.6
1095440 1016.8
1095450 1016.5
1095460 1016.5
1095470 1015.4
1095480 1013.5
1095490 1013.5
1095500 1012.4
1095510 1013.1
1095520 1013.1
1095530 1013.1
1095540 1013.2
1095550 1013.2
1095560 1013.7
1095570 1012.3
1095580 1008.3
1095590 1008.3
1095600 998.7
1095610 985.2
1095620 985.2
1095630 977.7
1095640 982.7
1095650 982.7
1095660 993.1
1095670 1003.2
1095680 1003.2
1095690 1010.1
1095700 1013.5
1095710 1009.0
1095720 1010.2
1095730 1010.2
1095740 1010.2
1095750 1009.6
1095760 1009.1
1095770 1009.1
1095780 1008.8
1095790 1008.3
1095800 1008.3
1095810 1007.3
1095820 1006.2
1095830 1005.6
1095840 1005.6
1095850 1005.2
1095860 1004.7
1095870 1004.7
1095880 1003.6
1095890 1002.1
1095900 1002.1
1095910 1000.5
1095920 998.8
1095930 998.8
1095940 997.5
1095950 996.5
1095960 996.5
1095970 994.9
1095980 994.1
1095990 994.1
1096000 994.0
1096010 993.7
1096020 993.7
1096030 993.0
1096040 987.4
1096050 987.4
1096060 986.6
1096070 985.5
1096080 985.5
1096090 984.2
1096100 982.8
1096110 981.8
1096120 981.8
1096130 980.6
1096140 979.3
1096150 979.3
1096160 978.2
1096170 977.0
1096180 977.0
1096190 975.3
1096200 973.8
1096210 973.8
1096220 972.6
1096230 972.3
1096240 972.3
1096250 971.8
1096260 971.1
1096270 971.1
1096280 970.7
1096290 970.4
1096300 970.4
1096310 970.1
1096320 969.6
1096330 969.6
1096340 969.1
1096350 968.6
1096360 968.0
1096370 964.3
1096380 963.3
1096390 962.3
1096400 962.3
1096410 961.5
1096420 961.0
1096430 961.0
1096440 960.6
1096450 959.2
1096460 959.2
1096470 958.1
1096480 958.1
1096490 958.1
1096500 956.9
1096510 956.7
1096520 956.7
1096530 958.8
1096540 959.4
1096550 959.4
1096560 959.8
1096570 959.9
1096580 959.9
1096590 959.7
1096600 958.4
1096610 958.2
1096620 958.2
1096630 957.6
1096640 956.6
1096650 956.6
1096660 956.6
1096670 957.0
1096680 957.0
1096690 957.9
1096700 952.8
1096710 952.8
1096720 953.2
1096730 953.8
1096740 953.8
1096750 953.8
1096760 954.4
1096770 954.4
1096780 955.1
1096790 956.0
1096800 956.0
1096810 957.0
1096820 958.2
1096830 958.2
1096840 959.4
1096850 960.6
1096860 960.6
1096870 961.9
1096880 962.7
1096890 963.4
1096900 963.4
1096910 964.0
1096920 963.6
1096930 963.6
1096940 961.9
1096950 959.6
1096960 959.6
1096970 957.4
1096980 960.0
1096990 960.0
1097000 965.6
1097010 970.0
1097020 967.5
1097030 970.0
1097040 971.4
1097050 971.4
1097060 971.6
1097070 970.9
1097080 970.9
1097090 970.4
1097100 970.0
1097110 970.0
1097120 970.5
1097130 970.8
1097140 970.7
1097150 970.7
1097160 970.1
1097170 969.5
1097180 969.5
1097190 967.7
1097200 964.6
1097210 964.6
1097220 962.5
1097230 958.8
1097240 958.8
1097250 954.7
1097260 953.0
1097270 953.0
1097280 958.5
1097290 958.9
1097300 958.9
1097310 957.4
1097320 957.8
1097330 957.8
1097340 960.2
1097350 957.5
1097360 957.5
1097370 955.3
1097380 954.9
1097390 956.1
1097400 956.1
1097410 956.0
1097420 958.0
1097430 958.0
1097440 958.4
1097450 957.4
1097460 957.4
1097470 956.3
1097480 954.3
1097490 954.3
1097500 954.5
1097510 955.4
1097520 955.4
1097530 957.5
1097540 960.3
1097550 960.3
1097560 960.3
1097570 956.1
1097580 956.1
1097590 950.9
1097600 945.9
1097610 945.9
1097620 943.9
1097630 945.9
1097640 945.9
1097650 948.5
1097660 950.1
1097670 947.4
1097680 944.3
1097690 939.1
1097700 934.0
1097710 934.0
1097720 932.3
1097730 935.4
1097740 935.4
1097750 936.4
1097760 935.5
1097770 935.5
1097780 937.0
1097790 934.0
1097800 934.0
1097810 929.1
1097820 926.5
1097830 926.5
1097840 928.4
1097850 929.9
1097860 929.9
1097870 928.9
1097880 927.8
1097890 927.8
1097900 926.1
1097910 924.5
1097920 923.2
1097930 923.2
1097940 920.9
1097950 918.6
1097960 918.6
1097970 915.9
1097980 913.0
1097990 913.0
1098000 910.4
1098010 902.3
1098020 902.3
1098030 899.3
1098040 895.9
1098050 895.9
1098060 892.1
1098070 887.8
1098080 887.8
1098090 883.7
1098100 880.5
1098110 880.5
1098120 877.0
1098130 873.2
1098140 873.2
1098150 869.8
1098160 866.5
1098170 866.5
1098180 863.2
1098190 860.6
1098200 858.3
1098210 858.3
1098220 856.6
1098230 855.3
1098240 855.3
1098250 853.8
1098260 852.2
1098270 852.2
1098280 850.4
1098290 846.0
1098300 846.0
1098310 843.7
1098320 841.8
1098330 841.8
1098340 832.8
1098350 829.4
1098360 829.4
1098370 826.2
1098380 823.3
1098390 823.3
1098400 820.6
1098410 818.6
1098420 818.6
1098430 817.6
1098440 817.7
1098450 818.6
1098460 818.6
1098470 818.2
1098480 817.7
1098490 817.7
1098500 817.5
1098510 817.7
1098520 817.7
1098530 815.1
1098540 807.8
1098550 807.8
1098560 800.6
1098570 800.4
1098580 800.4
1098590 804.3
1098600 809.1
1098610 809.1
1098620 813.7
1098630 815.1
1098640 815.1
1098650 815.1
1098660 815.4
1098670 814.8
1098680 814.9
1098690 813.2
1098700 809.0
1098710 809.0
1098720 805.0
1098730 803.4
1098740 803.4
1098750 803.5
1098760 803.2
1098770 803.2
1098780 801.9
1098790 797.0
1098800 797.0
1098810 798.3
1098820 799.4
1098830 799.4
1098840 800.1
1098850 796.9
1098860 796.9
1098870 797.8
1098880 798.2
1098890 798.2
1098900 796.7
1098910 794.9
1098920 794.9
1098930 793.2
1098940 790.4
1098950 790.4
1098960 787.6
1098970 783.7
1098980 782.9
1098990 782.9
1099000 774.0
1099010 770.8
1099020 770.8
1099030 767.3
1099040 763.7
1099050 763.7
1099060 760.7
1099070 758.8
1099080 758.8
1099090 753.8
1099100 749.3
1099110 749.3
1099120 744.0
1099130 740.9
1099140 740.9
1099150 740.0
1099160 738.8
1099170 738.8
1099180 734.0
1099190 737.0
1099200 737.0
1099210 739.6
1099220 739.8
1099230 741.0
1099240 741.0
1099250 742.6
1099260 743.9
1099270 743.9
1099280 744.4
1099290 744.0
1099300 744.0
1099310 742.5
1099320 738.2
1099330 735.7
1099340 733.9
1099350 731.9
1099360 731.9
1099370 730.9
1099380 732.4
1099390 732.4
1099400 734.1
1099410 735.2
1099420 735.2
1099430 735.9
1099440 736.6
1099450 736.6
1099460 736.9
1099470 738.0
1099480 739.4
1099490 739.4
1099500 740.9
1099510 742.5
1099520 742.5
1099530 744.1
1099540 746.5
1099550 746.5
1099560 750.8
1099570 747.7
1099580 747.7
1099590 745.1
1099600 749.9
1099610 749.9
1099620 752.0
1099630 753.3
1099640 753.3
1099650 753.6
1099660 756.3
1099670 756.3
1099680 757.2
1099690 757.9
1099700 757.9
1099710 759.1
1099720 760.5
1099730 760.5
1099740 761.2
1099750 761.8
1099760 762.0
1099770 762.0
1099780 762.1
1099790 762.5
1099800 762.5
1099810 762.0
1099820 761.6
1099830 761.6
1099840 761.1
1099850 760.5
1099860 760.5
1099870 760.8
1099880 761.3
1099890 761.3
1099900 764.3
1099910 768.1
1099920 768.1
1099930 771.6
1099940 775.5
1099950 775.5
1099960 780.1
1099970 784.4
1099980 784.4
1099990 795.0
