1080000 1155.2
1080010 1155.2
1080020 1158.5
1080030 1163.2
1080040 1167.5
1080050 1167.5
1080060 1172.0
1080070 1177.6
1080080 1177.6
1080090 1184.1
1080100 1190.8
1080110 1190.8
1080120 1198.4
1080130 1208.0
1080140 1208.0
1080150 1217.2
1080160 1226.2
1080170 1226.2
1080180 1237.7
1080190 1246.0
1080200 1246.0
1080210 1255.0
1080220 1263.2
1080230 1263.2
1080240 1269.1
1080250 1272.6
1080260 1272.6
1080270 1276.5
1080280 1281.1
1080290 1286.7
1080300 1286.7
1080310 1292.8
1080320 1299.1
1080330 1299.1
1080340 1305.7
1080350 1312.4
1080360 1312.4
1080370 1319.6
1080380 1327.0
1080390 1327.0
1080400 1334.4
1080410 1341.8
1080420 1341.8
1080430 1349.1
1080440 1356.6
1080450 1356.6
1080460 1363.8
1080470 1371.3
1080480 1371.3
1080490 1379.2
1080500 1381.5
1080510 1381.5
1080520 1388.3
1080530 1395.6
1080540 1395.6
1080550 1401.7
1080560 1404.2
1080570 1403.8
1080580 1403.8
1080590 1402.7
1080600 1402.5
1080610 1402.5
1080620 1403.8
1080630 1405.2
1080640 1405.2
1080650 1404.9
1080660 1403.3
1080670 1403.3
1080680 1401.2
1080690 1398.7
1080700 1398.7
1080710 1396.1
1080720 1394.0
1080730 1394.0
1080740 1392.7
1080750 1391.6
1080760 1391.6
1080770 1391.0
1080780 1391.1
1080790 1391.1
1080800 1392.2
1080810 1384.3
1080820 1385.2
1080830 1385.2
1080840 1385.8
1080850 1386.0
1080860 1386.0
1080870 1386.0
1080880 1385.2
1080890 1385.2
1080900 1383.3
1080910 1379.9
1080920 1379.9
1080930 1377.3
1080940 1376.1
1080950 1376.1
1080960 1375.0
1080970 1376.1
1080980 1376.1
1080990 1378.5
1081000 1379.9
1081010 1379.9
1081020 1379.9
1081030 1379.3
1081040 1379.3
1081050 1378.3
1081060 1377.4
1081070 1377.4
1081080 1377.0
1081090 1377.2
1081100 1377.5
1081110 1377.5
1081120 1377.9
1081130 1370.9
1081140 1370.9
1081150 1371.2
1081160 1372.2
1081170 1372.2
1081180 1373.2
1081190 1374.3
1081200 1374.3
1081210 1374.9
1081220 1374.8
1081230 1374.8
1081240 1374.1
1081250 1373.8
1081260 1373.8
1081270 1374.1
1081280 1374.7
1081290 1374.7
1081300 1375.4
1081310 1376.4
1081320 1376.4
1081330 1376.6
1081340 1376.2
1081350 1376.2
1081360 1376.2
1081370 1377.1
1081380 1377.9
1081390 1377.9
1081400 1378.2
1081410 1377.9
1081420 1377.9
1081430 1376.5
1081440 1369.3
1081450 1369.3
1081460 1368.1
1081470 1367.7
1081480 1367.7
1081490 1368.5
1081500 1369.5
1081510 1369.5
1081520 1370.3
1081530 1371.0
1081540 1371.0
1081550 1371.7
1081560 1372.3
1081570 1372.3
1081580 1372.3
1081590 1372.5
1081600 1372.5
1081610 1372.8
1081620 1373.3
1081630 1374.2
1081640 1374.2
1081650 1375.2
1081660 1375.6
1081670 1375.6
1081680 1375.8
1081690 1375.7
1081700 1375.7
1081710 1376.2
1081720 1377.0
1081730 1377.0
1081740 1378.0
1081750 1379.2
1081760 1376.0
1081770 1376.9
1081780 1377.7
1081790 1377.7
1081800 1378.3
1081810 1378.8
1081820 1378.8
1081830 1381.2
1081840 1384.5
1081850 1384.5
1081860 1387.3
1081870 1390.2
1081880 1393.4
1081890 1393.4
1081900 1395.3
1081910 1396.6
1081920 1396.6
1081930 1398.2
1081940 1399.5
1081950 1399.5
1081960 1401.1
1081970 1403.1
1081980 1403.1
1081990 1404.9
1082000 1406.7
1082010 1406.7
1082020 1408.4
1082030 1409.8
1082040 1409.8
1082050 1411.1
1082060 1412.0
1082070 1412.0
1082080 1409.4
1082090 1410.8
1082100 1410.8
1082110 1411.4
1082120 1411.5
1082130 1411.5
1082140 1411.9
1082150 1412.8
1082160 1413.6
1082170 1413.6
1082180 1414.0
1082190 1413.8
1082200 1413.8
1082210 1413.6
1082220 1414.1
1082230 1414.1
1082240 1414.1
1082250 1413.4
1082260 1413.4
1082270 1412.3
1082280 1411.1
1082290 1411.1
1082300 1409.5
1082310 1407.7
1082320 1407.7
1082330 1405.3
1082340 1402.7
1082350 1402.7
1082360 1400.5
1082370 1399.0
1082380 1399.0
1082390 1393.9
1082400 1393.8
1082410 1394.3
1082420 1394.3
1082430 1395.0
1082440 1395.5
1082450 1395.5
1082460 1394.2
1082470 1393.0
1082480 1393.0
1082490 1392.7
1082500 1394.7
1082510 1394.7
1082520 1396.6
1082530 1396.6
1082540 1396.6
1082550 1394.8
1082560 1393.0
1082570 1393.0
1082580 1394.6
1082590 1398.2
1082600 1398.2
1082610 1400.7
1082620 1402.8
1082630 1402.8
1082640 1406.8
1082650 1408.4
1082660 1408.4
1082670 1408.7
1082680 1408.7
1082690 1409.4
1082700 1409.4
1082710 1404.8
1082720 1405.4
1082730 1405.4
1082740 1407.9
1082750 1411.2
1082760 1411.2
1082770 1412.8
1082780 1417.5
1082790 1417.5
1082800 1424.6
1082810 1429.4
1082820 1429.4
1082830 1433.8
1082840 1438.3
1082850 1438.3
1082860 1441.1
1082870 1444.2
1082880 1444.2
1082890 1448.5
1082900 1454.0
1082910 1454.0
1082920 1459.2
1082930 1462.6
1082940 1464.0
1082950 1464.0
1082960 1465.1
1082970 1467.6
1082980 1467.6
1082990 1470.8
1083000 1475.1
1083010 1475.1
1083020 1475.4
1083030 1480.2
1083040 1480.2
1083050 1483.9
1083060 1486.0
1083070 1486.0
1083080 1488.7
1083090 1490.9
1083100 1490.9
1083110 1493.4
1083120 1498.7
1083130 1498.7
1083140 1504.2
1083150 1508.5
1083160 1508.5
1083170 1510.3
1083180 1510.6
1083190 1510.6
1083200 1513.8
1083210 1518.3
1083220 1523.1
1083230 1523.1
1083240 1527.3
1083250 1531.0
1083260 1531.0
1083270 1533.7
1083280 1535.3
1083290 1535.3
1083300 1536.9
1083310 1538.8
1083320 1538.8
1083330 1540.9
1083340 1540.7
1083350 1540.7
1083360 1542.8
1083370 1544.5
1083380 1544.5
1083390 1545.9
1083400 1546.9
1083410 1546.9
1083420 1547.7
1083430 1547.3
1083440 1547.3
1083450 1546.5
1083460 1546.7
1083470 1548.4
1083480 1548.4
1083490 1549.3
1083500 1550.2
1083510 1550.2
1083520 1552.4
1083530 1556.4
1083540 1556.4
1083550 1557.0
1083560 1556.5
1083570 1556.5
1083580 1556.1
1083590 1555.5
1083600 1555.5
1083610 1554.6
1083620 1554.5
1083630 1554.5
1083640 1555.0
1083650 1555.6
1083660 1552.6
1083670 1552.9
1083680 1553.3
1083690 1553.3
1083700 1554.1
1083710 1554.3
1083720 1554.3
1083730 1553.1
1083740 1551.9
1083750 1551.1
1083760 1551.1
1083770 1549.9
1083780 1549.8
1083790 1549.8
1083800 1550.6
1083810 1552.3
1083820 1552.3
1083830 1553.1
1083840 1553.1
1083850 1553.1
1083860 1553.8
1083870 1555.6
1083880 1555.6
1083890 1558.6
1083900 1562.0
1083910 1562.0
1083920 1565.3
1083930 1569.7
1083940 1569.7
1083950 1576.2
1083960 1582.0
1083970 1582.0
1083980 1583.5
1083990 1589.1
1084000 1592.1
1084010 1592.1
1084020 1592.9
1084030 1594.6
1084040 1594.6
1084050 1599.5
1084060 1605.9
1084070 1605.9
1084080 1612.8
1084090 1619.8
1084100 1619.8
1084110 1626.8
1084120 1629.5
1084130 1629.5
1084140 1631.3
1084150 1634.2
1084160 1634.2
1084170 1638.3
1084180 1643.4
1084190 1643.4
1084200 1647.6
1084210 1655.5
1084220 1655.5
1084230 1667.3
1084240 1674.0
1084250 1674.0
1084260 1679.0
1084270 1684.3
1084280 1685.2
1084290 1692.1
1084300 1694.5
1084310 1694.3
1084320 1694.3
1084330 1695.1
1084340 1696.4
1084350 1696.4
1084360 1697.9
1084370 1701.2
1084380 1701.2
1084390 1704.0
1084400 1705.0
1084410 1705.0
1084420 1708.6
1084430 1711.4
1084440 1711.4
1084450 1716.6
1084460 1721.3
1084470 1721.3
1084480 1725.0
1084490 1726.4
1084500 1726.4
1084510 1727.7
1084520 1728.7
1084530 1729.7
1084540 1729.7
1084550 1732.0
1084560 1737.1
1084570 1737.1
1084580 1743.4
1084590 1742.3
1084600 1742.3
1084610 1751.4
1084620 1751.6
1084630 1751.6
1084640 1756.2
1084650 1762.4
1084660 1762.4
1084670 1763.5
1084680 1765.8
1084690 1765.8
1084700 1768.2
1084710 1773.7
1084720 1773.7
1084730 1780.0
1084740 1786.9
1084750 1786.9
1084760 1793.4
1084770 1799.4
1084780 1799.4
1084790 1807.4
1084800 1813.2
1084810 1818.4
1084820 1818.4
1084830 1820.8
1084840 1823.6
1084850 1823.6
1084860 1828.3
1084870 1831.1
1084880 1831.1
1084890 1833.1
1084900 1835.5
1084910 1835.5
1084920 1838.7
1084930 1836.1
1084940 1836.1
1084950 1840.1
1084960 1840.8
1084970 1840.8
1084980 1833.6
1084990 1824.9
1085000 1824.9
1085010 1815.3
1085020 1805.1
1085030 1805.1
1085040 1795.8
1085050 1785.8
1085060 1775.3
1085070 1775.3
1085080 1768.1
1085090 1762.7
1085100 1762.7
1085110 1760.2
1085120 1760.7
1085130 1760.7
1085140 1761.1
1085150 1759.5
1085160 1759.5
1085170 1759.2
1085180 1758.5
1085190 1758.5
1085200 1755.7
1085210 1751.8
1085220 1751.8
1085230 1747.3
1085240 1741.9
1085250 1736.4
1085260 1732.4
1085270 1728.5
1085280 1728.5
1085290 1723.5
1085300 1718.0
1085310 1718.0
1085320 1712.9
1085330 1709.5
1085340 1707.8
1085350 1707.8
1085360 1707.1
1085370 1705.5
1085380 1705.5
1085390 1703.8
1085400 1701.5
1085410 1701.5
1085420 1697.1
1085430 1690.6
1085440 1690.6
1085450 1686.2
1085460 1688.2
1085470 1688.2
1085480 1691.9
1085490 1697.0
1085500 1697.0
1085510 1703.7
1085520 1708.4
1085530 1708.4
1085540 1713.2
1085550 1716.5
1085560 1716.5
1085570 1714.1
1085580 1720.1
1085590 1725.5
1085600 1725.5
1085610 1729.1
1085620 1733.2
1085630 1733.2
1085640 1737.3
1085650 1742.5
1085660 1742.5
1085670 1749.2
1085680 1759.0
1085690 1759.0
1085700 1768.6
1085710 1776.5
1085720 1776.5
1085730 1785.5
1085740 1794.9
1085750 1794.9
1085760 1802.1
1085770 1808.6
1085780 1808.6
1085790 1815.4
1085800 1821.5
1085810 1821.5
1085820 1827.8
1085830 1834.3
1085840 1834.3
1085850 1840.9
1085860 1847.8
1085870 1854.5
1085880 1854.5
1085890 1856.9
1085900 1863.7
1085910 1863.7
1085920 1873.6
1085930 1882.2
1085940 1882.2
1085950 1888.4
1085960 1894.9
1085970 1894.9
1085980 1899.6
1085990 1903.2
1086000 1903.2
1086010 1906.4
1086020 1910.0
1086030 1910.0
1086040 1914.0
1086050 1916.1
1086060 1916.1
1086070 1918.1
1086080 1919.3
1086090 1919.3
1086100 1920.0
1086110 1920.0
1086120 1921.9
1086130 1921.9
1086140 1925.7
1086150 1930.5
1086160 1930.5
1086170 1935.1
1086180 1937.7
1086190 1937.7
1086200 1931.8
1086210 1932.1
1086220 1932.1
1086230 1932.0
1086240 1933.7
1086250 1933.7
1086260 1935.9
1086270 1934.5
1086280 1934.5
1086290 1933.2
1086300 1931.1
1086310 1931.1
1086320 1927.7
1086330 1925.2
1086340 1925.2
1086350 1924.0
1086360 1922.7
1086370 1922.7
1086380 1923.5
1086390 1924.4
1086400 1924.6
1086410 1924.6
1086420 1924.8
1086430 1925.0
1086440 1925.0
1086450 1924.7
1086460 1918.0
1086470 1918.0
1086480 1903.9
1086490 1891.9
1086500 1891.9
1086510 1878.2
1086520 1871.7
1086530 1871.7
1086540 1855.8
1086550 1843.4
1086560 1843.4
1086570 1830.5
1086580 1820.2
1086590 1820.2
1086600 1811.0
1086610 1808.5
1086620 1808.5
1086630 1807.0
1086640 1802.2
1086650 1804.1
1086660 1804.1
1086670 1801.2
1086680 1791.9
1086690 1791.9
1086700 1786.9
1086710 1783.1
1086720 1783.1
1086730 1777.0
1086740 1773.3
1086750 1773.3
1086760 1769.5
1086770 1765.0
1086780 1765.0
1086790 1759.6
1086800 1757.9
1086810 1757.9
1086820 1761.0
1086830 1762.8
1086840 1768.7
1086850 1759.5
1086860 1753.9
1086870 1753.9
1086880 1754.5
1086890 1753.8
1086900 1753.8
1086910 1752.9
1086920 1759.6
1086930 1765.4
1086940 1765.4
1086950 1767.5
1086960 1767.3
1086970 1767.3
1086980 1758.7
1086990 1749.5
1087000 1749.5
1087010 1746.6
1087020 1746.9
1087030 1746.9
1087040 1749.2
1087050 1746.7
1087060 1746.7
1087070 1748.6
1087080 1750.7
1087090 1750.7
1087100 1752.3
1087110 1753.1
1087120 1753.1
1087130 1754.5
1087140 1756.7
1087150 1756.7
1087160 1769.3
1087170 1773.0
1087180 1778.3
1087190 1778.3
1087200 1785.2
1087210 1789.9
1087220 1789.9
1087230 1790.7
1087240 1785.3
1087250 1785.3
1087260 1779.4
1087270 1780.9
1087280 1780.9
1087290 1788.4
1087300 1791.9
1087310 1791.9
1087320 1794.6
1087330 1798.1
1087340 1798.1
1087350 1802.8
1087360 1808.0
1087370 1808.0
1087380 1815.3
1087390 1824.2
1087400 1824.2
1087410 1833.6
1087420 1845.5
1087430 1845.5
1087440 1854.7
1087450 1859.7
1087460 1860.9
1087470 1860.9
1087480 1875.2
1087490 1879.0
1087500 1879.0
1087510 1885.2
1087520 1888.7
1087530 1888.7
1087540 1891.0
1087550 1892.0
1087560 1892.0
1087570 1891.6
1087580 1892.9
1087590 1892.9
1087600 1893.1
1087610 1895.1
1087620 1895.1
1087630 1898.3
1087640 1900.8
1087650 1900.8
1087660 1903.6
1087670 1911.7
1087680 1911.7
1087690 1914.8
1087700 1919.9
1087710 1924.7
1087720 1924.7
1087730 1929.2
1087740 1936.4
1087750 1936.4
1087760 1937.9
1087770 1929.3
1087780 1929.3
1087790 1917.3
1087800 1905.8
1087810 1905.8
1087820 1897.0
1087830 1888.5
1087840 1888.5
1087850 1880.8
1087860 1871.1
1087870 1871.1
1087880 1863.9
1087890 1858.5
1087900 1858.5
1087910 1851.6
1087920 1844.4
1087930 1844.4
1087940 1838.1
1087950 1832.6
1087960 1832.6
1087970 1829.0
1087980 1824.4
1087990 1818.9
1088000 1818.9
1088010 1813.3
1088020 1807.8
1088030 1807.8
1088040 1803.7
1088050 1799.6
1088060 1799.6
1088070 1796.4
1088080 1790.3
1088090 1790.3
1088100 1787.5
1088110 1785.8
1088120 1785.8
1088130 1774.5
1088140 1769.7
1088150 1769.7
1088160 1764.0
1088170 1758.5
1088180 1758.5
1088190 1753.3
1088200 1749.1
1088210 1749.1
1088220 1744.6
1088230 1740.8
1088240 1738.1
1088250 1738.1
1088260 1735.0
1088270 1731.4
1088280 1731.4
1088290 1726.4
1088300 1721.4
1088310 1721.4
1088320 1721.1
1088330 1720.9
1088340 1720.9
1088350 1723.2
1088360 1724.8
1088370 1724.8
1088380 1726.7
1088390 1728.4
1088400 1728.4
1088410 1729.0
1088420 1731.5
1088430 1731.5
1088440 1734.2
1088450 1728.7
1088460 1728.7
1088470 1730.0
1088480 1731.7
1088490 1731.7
1088500 1733.9
1088510 1737.1
1088520 1740.1
1088530 1740.1
1088540 1741.7
1088550 1739.3
1088560 1739.3
1088570 1736.3
1088580 1740.5
1088590 1740.5
1088600 1744.4
1088610 1748.3
1088620 1748.3
1088630 1751.7
1088640 1753.5
1088650 1753.5
1088660 1757.2
1088670 1767.3
1088680 1767.3
1088690 1777.4
1088700 1782.9
1088710 1782.9
1088720 1784.4
1088730 1783.2
1088740 1783.2
1088750 1783.7
1088760 1784.6
1088770 1777.5
1088780 1777.5
1088790 1785.1
1088800 1793.9
1088810 1793.9
1088820 1795.9
1088830 1795.5
1088840 1795.5
1088850 1794.3
1088860 1796.2
1088870 1796.2
1088880 1801.5
1088890 1799.6
1088900 1799.6
1088910 1796.0
1088920 1798.7
1088930 1798.7
1088940 1803.0
1088950 1808.2
1088960 1808.2
1088970 1810.9
1088980 1814.2
1088990 1814.2
1089000 1816.7
1089010 1819.3
1089020 1819.3
1089030 1821.0
1089040 1821.7
1089050 1821.4
1089060 1821.4
1089070 1819.7
1089080 1818.0
1089090 1814.3
1089100 1813.8
1089110 1806.4
1089120 1806.4
1089130 1793.6
1089140 1778.0
1089150 1778.0
1089160 1765.0
1089170 1756.9
1089180 1756.9
1089190 1749.4
1089200 1739.6
1089210 1739.6
1089220 1730.7
1089230 1723.1
1089240 1723.1
1089250 1715.6
1089260 1709.7
1089270 1709.7
1089280 1704.0
1089290 1698.7
1089300 1692.5
1089310 1692.5
1089320 1686.3
1089330 1680.6
1089340 1680.6
1089350 1675.0
1089360 1669.5
1089370 1669.5
1089380 1663.3
1089390 1656.3
1089400 1656.3
1089410 1648.0
1089420 1641.3
1089430 1641.3
1089440 1635.6
1089450 1630.4
1089460 1630.4
1089470 1626.0
1089480 1620.9
1089490 1620.9
1089500 1615.8
1089510 1611.2
1089520 1611.2
1089530 1607.3
1089540 1604.1
1089550 1604.1
1089560 1600.6
1089570 1596.8
1089580 1595.7
1089590 1595.7
1089600 1592.0
1089610 1590.3
1089620 1590.3
1089630 1592.6
1089640 1593.5
1089650 1593.5
1089660 1593.1
1089670 1594.5
1089680 1594.5
1089690 1597.9
1089700 1600.8
1089710 1600.8
1089720 1603.1
1089730 1599.5
1089740 1599.5
1089750 1600.3
1089760 1603.6
1089770 1603.6
1089780 1606.6
1089790 1610.1
1089800 1610.1
1089810 1612.5
1089820 1615.6
1089830 1618.7
1089840 1618.7
1089850 1622.0
1089860 1625.4
1089870 1625.4
1089880 1628.1
1089890 1631.0
1089900 1631.0
1089910 1634.3
1089920 1637.5
1089930 1637.5
1089940 1640.3
1089950 1643.3
1089960 1643.3
1089970 1645.9
1089980 1648.0
1089990 1648.0
1090000 1651.6
1090010 1654.8
1090020 1654.8
1090030 1658.1
1090040 1660.8
1090050 1660.8
1090060 1656.1
1090070 1657.8
1090080 1657.8
1090090 1662.1
1090100 1665.8
1090110 1670.0
1090120 1670.0
1090130 1676.6
1090140 1682.7
1090150 1682.7
1090160 1687.3
1090170 1690.8
1090180 1690.8
1090190 1693.7
1090200 1696.2
1090210 1696.2
1090220 1697.0
1090230 1697.6
1090240 1697.6
1090250 1699.6
1090260 1704.0
1090270 1704.0
1090280 1708.5
1090290 1713.3
1090300 1713.3
1090310 1717.5
1090320 1721.8
1090330 1721.8
1090340 1723.2
1090350 1716.5
1090360 1708.2
1090370 1708.2
1090380 1708.2
1090390 1701.6
1090400 1701.6
1090410 1695.1
1090420 1688.8
1090430 1688.8
1090440 1683.1
1090450 1677.5
1090460 1677.5
1090470 1671.7
1090480 1665.6
1090490 1665.6
1090500 1659.3
1090510 1653.8
1090520 1653.8
1090530 1648.6
1090540 1643.9
1090550 1643.9
1090560 1639.0
1090570 1634.0
1090580 1634.0
1090590 1629.2
1090600 1625.4
1090610 1622.4
1090620 1622.4
1090630 1619.8
1090640 1616.6
1090650 1616.6
1090660 1613.6
1090670 1610.0
1090680 1610.0
1090690 1605.5
1090700 1600.7
1090710 1600.7
1090720 1597.2
1090730 1593.4
1090740 1593.4
1090750 1588.9
1090760 1584.0
1090770 1584.0
1090780 1579.0
1090790 1573.0
1090800 1573.0
1090810 1567.4
1090820 1560.8
1090830 1560.8
1090840 1555.3
1090850 1550.7
1090860 1550.7
1090870 1545.6
1090880 1539.9
1090890 1534.0
1090900 1534.0
1090910 1529.0
1090920 1522.7
1090930 1522.7
1090940 1515.9
1090950 1508.8
1090960 1508.8
1090970 1501.7
1090980 1494.6
1090990 1494.6
1091000 1487.7
1091010 1481.9
1091020 1482.8
1091030 1476.2
1091040 1469.5
1091050 1469.5
1091060 1462.8
1091070 1455.8
1091080 1455.8
1091090 1448.0
1091100 1442.1
1091110 1442.1
1091120 1437.6
1091130 1433.1
1091140 1428.0
1091150 1428.0
1091160 1422.5
1091170 1416.0
1091180 1416.0
1091190 1410.8
1091200 1406.7
1091210 1406.7
1091220 1402.5
1091230 1398.4
1091240 1398.4
1091250 1394.2
1091260 1390.1
1091270 1390.1
1091280 1385.4
1091290 1381.7
1091300 1381.7
1091310 1377.9
1091320 1374.5
1091330 1374.5
1091340 1370.9
1091350 1367.9
1091360 1367.9
1091370 1363.9
1091380 1360.1
1091390 1360.1
1091400 1353.0
1091410 1347.5
1091420 1351.6
1091430 1351.6
1091440 1355.5
1091450 1358.3
1091460 1358.3
1091470 1360.4
1091480 1362.4
1091490 1362.4
1091500 1366.1
1091510 1368.9
1091520 1368.9
1091530 1372.8
1091540 1377.7
1091550 1377.7
1091560 1382.9
1091570 1387.9
1091580 1387.9
1091590 1392.3
1091600 1396.6
1091610 1396.6
1091620 1401.3
1091630 1405.6
1091640 1405.6
1091650 1409.0
1091660 1411.0
1091670 1412.0
1091680 1412.0
1091690 1417.2
1091700 1419.6
1091710 1419.6
1091720 1425.0
1091730 1431.9
1091740 1431.9
1091750 1436.3
1091760 1435.6
1091770 1435.6
1091780 1433.5
1091790 1433.3
1091800 1433.3
1091810 1432.4
1091820 1431.3
1091830 1431.3
1091840 1431.4
1091850 1432.8
1091860 1432.8
1091870 1435.4
1091880 1439.2
1091890 1439.2
1091900 1440.7
1091910 1442.4
1091920 1442.4
1091930 1445.9
1091940 1451.4
1091950 1457.4
1091960 1457.4
1091970 1462.4
1091980 1467.3
1091990 1467.3
1092000 1467.9
1092010 1471.9
1092020 1471.9
1092030 1475.2
1092040 1479.8
1092050 1479.8
1092060 1484.6
1092070 1489.8
1092080 1489.8
1092090 1493.5
1092100 1497.7
1092110 1497.7
1092120 1503.1
1092130 1508.2
1092140 1508.2
1092150 1512.5
1092160 1515.5
1092170 1515.5
1092180 1519.7
1092190 1523.8
1092200 1527.0
1092210 1527.0
1092220 1533.7
1092230 1541.0
1092240 1541.0
1092250 1547.1
1092260 1554.3
1092270 1554.3
1092280 1561.2
1092290 1566.5
1092300 1566.5
1092310 1570.9
1092320 1570.9
1092330 1570.9
1092340 1574.1
1092350 1576.2
1092360 1576.2
1092370 1576.7
1092380 1576.6
1092390 1576.6
1092400 1577.1
1092410 1578.9
1092420 1578.9
1092430 1580.7
1092440 1582.1
1092450 1582.1
1092460 1584.1
1092470 1585.7
1092480 1586.9
1092490 1586.9
1092500 1587.4
1092510 1587.5
1092520 1587.5
1092530 1586.7
1092540 1585.3
1092550 1585.3
1092560 1582.6
1092570 1576.3
1092580 1576.3
1092590 1567.7
1092600 1561.2
1092610 1561.2
1092620 1554.6
1092630 1548.7
1092640 1548.7
1092650 1542.0
1092660 1535.6
1092670 1535.6
1092680 1529.4
1092690 1523.1
1092700 1523.1
1092710 1517.0
1092720 1510.5
1092730 1503.9
1092740 1503.9
1092750 1496.9
1092760 1490.7
1092770 1490.7
1092780 1484.7
1092790 1478.6
1092800 1478.6
1092810 1472.8
1092820 1466.9
1092830 1466.9
1092840 1460.5
1092850 1452.9
1092860 1452.9
1092870 1444.9
1092880 1439.5
1092890 1439.5
1092900 1434.2
1092910 1427.0
1092920 1427.0
1092930 1419.2
1092940 1413.1
1092950 1413.1
1092960 1407.3
1092970 1397.3
1092980 1397.3
1092990 1390.9
1093000 1381.7
1093010 1373.3
1093020 1373.3
1093030 1365.8
1093040 1358.9
1093050 1358.9
1093060 1351.7
1093070 1345.5
1093080 1345.5
1093090 1338.1
1093100 1330.7
1093110 1330.7
1093120 1323.3
1093130 1316.2
1093140 1316.2
1093150 1309.7
1093160 1303.0
1093170 1303.0
1093180 1297.1
1093190 1290.9
1093200 1290.9
1093210 1284.1
1093220 1276.4
1093230 1276.4
1093240 1268.9
1093250 1259.5
1093260 1248.7
1093270 1248.7
1093280 1235.5
1093290 1225.5
1093300 1225.5
1093310 1215.6
1093320 1213.4
1093330 1213.4
1093340 1219.9
1093350 1229.1
1093360 1229.1
1093370 1237.1
1093380 1242.0
1093390 1242.0
1093400 1255.0
1093410 1262.8
1093420 1262.8
1093430 1272.4
1093440 1280.4
1093450 1280.4
1093460 1288.6
1093470 1297.7
1093480 1297.7
1093490 1306.3
1093500 1313.3
1093510 1313.3
1093520 1319.5
1093530 1327.3
1093540 1335.2
1093550 1335.2
1093560 1341.8
1093570 1347.3
1093580 1347.3
1093590 1353.4
1093600 1359.8
1093610 1359.8
1093620 1361.9
1093630 1368.8
1093640 1368.8
1093650 1375.3
1093660 1381.6
1093670 1381.6
1093680 1388.1
1093690 1394.9
1093700 1394.9
1093710 1401.4
1093720 1407.6
1093730 1407.6
1093740 1413.6
1093750 1419.5
1093760 1419.5
1093770 1424.9
1093780 1430.5
1093790 1436.0
1093800 1436.0
1093810 1439.5
1093820 1441.4
1093830 1441.4
1093840 1442.4
1093850 1442.0
1093860 1442.0
1093870 1440.5
1093880 1437.7
1093890 1437.7
1093900 1434.4
1093910 1431.6
1093920 1431.6
1093930 1428.0
1093940 1422.7
1093950 1417.0
1093960 1412.0
1093970 1410.0
1093980 1410.0
1093990 1405.7
1094000 1399.6
1094010 1399.6
1094020 1391.8
1094030 1383.8
1094040 1383.8
1094050 1376.5
1094060 1369.4
1094070 1362.1
1094080 1362.1
1094090 1355.4
1094100 1350.1
1094110 1350.1
1094120 1344.2
1094130 1337.8
1094140 1337.8
1094150 1330.7
1094160 1324.7
1094170 1324.7
1094180 1319.4
1094190 1313.6
1094200 1313.6
1094210 1307.9
1094220 1301.1
1094230 1301.1
1094240 1293.9
1094250 1286.9
1094260 1286.9
1094270 1275.4
1094280 1267.1
1094290 1267.1
1094300 1258.2
1094310 1249.5
1094320 1242.7
1094330 1242.7
1094340 1237.2
1094350 1236.2
1094360 1236.2
1094370 1246.1
1094380 1258.7
1094390 1258.7
1094400 1270.5
1094410 1279.8
1094420 1279.8
1094430 1287.6
1094440 1295.6
1094450 1295.6
1094460 1304.3
1094470 1312.8
1094480 1312.8
1094490 1320.6
1094500 1326.9
1094510 1326.9
1094520 1334.2
1094530 1341.9
1094540 1341.9
1094550 1348.9
1094560 1355.8
1094570 1355.8
1094580 1363.0
1094590 1370.5
1094600 1374.1
1094610 1374.1
1094620 1381.9
1094630 1391.0
1094640 1391.0
1094650 1401.7
1094660 1413.5
1094670 1413.5
1094680 1422.0
1094690 1428.3
1094700 1428.3
1094710 1432.3
1094720 1436.7
1094730 1436.7
1094740 1441.1
1094750 1447.8
1094760 1447.8
1094770 1453.9
1094780 1460.6
1094790 1460.6
1094800 1466.7
1094810 1472.1
1094820 1472.1
1094830 1478.6
1094840 1485.5
1094850 1492.6
1094860 1492.6
1094870 1499.7
1094880 1504.7
1094890 1504.7
1094900 1508.4
1094910 1511.7
1094920 1506.3
1094930 1508.1
1094940 1508.9
1094950 1508.9
1094960 1509.3
1094970 1509.2
1094980 1509.2
1094990 1509.6
1095000 1509.6
1095010 1509.6
1095020 1509.7
1095030 1509.6
1095040 1509.6
1095050 1509.6
1095060 1510.3
1095070 1510.3
1095080 1512.2
1095090 1513.3
1095100 1513.3
1095110 1512.9
1095120 1512.2
1095130 1511.6
1095140 1511.6
1095150 1510.1
1095160 1507.2
1095170 1507.2
1095180 1505.3
1095190 1503.6
1095200 1503.6
1095210 1501.6
1095220 1500.3
1095230 1500.3
1095240 1499.2
1095250 1490.5
1095260 1490.5
1095270 1488.8
1095280 1486.9
1095290 1486.9
1095300 1483.8
1095310 1478.4
1095320 1478.4
1095330 1472.5
1095340 1467.6
1095350 1467.6
1095360 1463.8
1095370 1458.9
1095380 1452.7
1095390 1452.7
1095400 1447.7
1095410 1443.5
1095420 1443.5
1095430 1439.8
1095440 1434.8
1095450 1434.8
1095460 1433.1
1095470 1442.4
1095480 1442.4
1095490 1450.5
1095500 1457.3
1095510 1457.3
1095520 1463.0
1095530 1468.2
1095540 1468.2
1095550 1471.6
1095560 1473.4
1095570 1473.4
1095580 1471.3
1095590 1471.3
1095600 1471.3
1095610 1472.2
1095620 1472.2
1095630 1472.2
1095640 1470.8
1095650 1467.3
1095660 1466.8
1095670 1466.8
1095680 1471.0
1095690 1476.7
1095700 1476.7
1095710 1482.2
1095720 1487.4
1095730 1487.4
1095740 1492.4
1095750 1496.7
1095760 1496.7
1095770 1500.0
1095780 1503.0
1095790 1503.0
1095800 1505.9
1095810 1508.6
1095820 1508.6
1095830 1510.5
1095840 1511.8
1095850 1511.8
1095860 1512.6
1095870 1513.9
1095880 1513.9
1095890 1514.6
1095900 1515.3
1095910 1511.2
1095920 1511.2
1095930 1512.2
1095940 1513.0
1095950 1513.0
1095960 1514.7
1095970 1515.9
1095980 1515.9
1095990 1517.1
1096000 1518.8
1096010 1518.8
1096020 1521.4
1096030 1524.6
1096040 1524.6
1096050 1527.2
1096060 1529.3
1096070 1529.3
1096080 1531.0
1096090 1532.5
1096100 1532.5
1096110 1533.7
1096120 1534.9
1096130 1534.9
1096140 1535.4
1096150 1535.5
1096160 1535.7
1096170 1535.7
1096180 1535.6
1096190 1535.4
1096200 1535.4
1096210 1535.9
1096220 1536.8
1096230 1531.3
1096240 1529.9
1096250 1528.3
1096260 1528.3
1096270 1526.4
1096280 1525.2
1096290 1525.2
1096300 1524.1
1096310 1523.1
1096320 1523.1
1096330 1522.7
1096340 1522.0
1096350 1522.0
1096360 1520.3
1096370 1516.8
1096380 1516.8
1096390 1516.3
1096400 1518.8
1096410 1518.8
1096420 1520.3
1096430 1520.9
1096440 1520.4
1096450 1520.4
1096460 1519.8
1096470 1519.6
1096480 1519.6
1096490 1519.1
1096500 1518.3
1096510 1518.3
1096520 1516.8
1096530 1515.5
1096540 1515.5
1096550 1514.3
1096560 1510.8
1096570 1510.8
1096580 1509.4
1096590 1507.5
1096600 1507.5
1096610 1505.1
1096620 1502.0
1096630 1502.0
1096640 1498.0
1096650 1495.4
1096660 1495.4
1096670 1494.1
1096680 1494.2
1096690 1493.7
1096700 1493.7
1096710 1493.6
1096720 1493.0
1096730 1493.0
1096740 1492.1
1096750 1491.3
1096760 1491.3
1096770 1489.8
1096780 1487.6
1096790 1487.6
1096800 1485.0
1096810 1481.6
1096820 1481.6
1096830 1479.0
1096840 1477.0
1096850 1477.0
1096860 1474.4
1096870 1471.9
1096880 1471.9
1096890 1466.5
1096900 1464.0
1096910 1464.0
1096920 1461.5
1096930 1459.9
1096940 1459.9
1096950 1458.6
1096960 1456.3
1096970 1454.7
1096980 1454.7
1096990 1454.7
1097000 1454.7
1097010 1454.7
1097020 1454.3
1097030 1453.6
1097040 1453.6
1097050 1453.3
1097060 1453.3
1097070 1453.3
1097080 1453.3
1097090 1453.0
1097100 1453.0
1097110 1452.1
1097120 1451.1
1097130 1451.1
1097140 1450.1
1097150 1449.9
1097160 1449.9
1097170 1449.0
1097180 1447.7
1097190 1447.7
1097200 1446.7
1097210 1446.1
1097220 1441.1
1097230 1441.1
1097240 1439.2
1097250 1436.9
1097260 1436.9
1097270 1433.8
1097280 1430.3
1097290 1430.3
1097300 1426.2
1097310 1421.8
1097320 1421.8
1097330 1416.4
1097340 1410.9
1097350 1410.9
1097360 1405.9
1097370 1401.1
1097380 1401.1
1097390 1395.7
1097400 1390.4
1097410 1390.4
1097420 1384.7
1097430 1379.0
1097440 1379.0
1097450 1373.1
1097460 1367.2
1097470 1367.2
1097480 1362.0
1097490 1357.0
1097500 1351.7
1097510 1351.7
1097520 1348.2
1097530 1344.1
1097540 1344.1
1097550 1332.9
1097560 1331.3
1097570 1331.3
1097580 1326.9
1097590 1320.0
1097600 1320.0
1097610 1314.6
1097620 1309.1
1097630 1309.1
1097640 1304.4
1097650 1299.4
1097660 1299.4
1097670 1295.0
1097680 1290.7
1097690 1290.7
1097700 1285.9
1097710 1281.0
1097720 1281.0
1097730 1276.6
1097740 1272.3
1097750 1266.9
1097760 1266.9
1097770 1261.4
1097780 1255.1
1097790 1255.1
1097800 1249.1
1097810 1244.0
1097820 1244.0
1097830 1238.5
1097840 1231.1
1097850 1231.1
1097860 1224.1
1097870 1221.0
1097880 1221.0
1097890 1215.6
1097900 1210.4
1097910 1210.4
1097920 1204.6
1097930 1197.1
1097940 1197.1
1097950 1190.3
1097960 1183.9
1097970 1183.9
1097980 1177.2
1097990 1171.9
1098000 1171.9
1098010 1166.8
1098020 1163.2
1098030 1159.0
1098040 1159.0
1098050 1155.1
1098060 1151.7
1098070 1151.7
1098080 1148.1
1098090 1145.2
1098100 1145.2
1098110 1141.5
1098120 1136.5
1098130 1136.5
1098140 1130.9
1098150 1125.3
1098160 1125.3
1098170 1120.6
1098180 1116.8
1098190 1116.8
1098200 1115.8
1098210 1107.1
1098220 1107.1
1098230 1098.2
1098240 1089.3
1098250 1089.3
1098260 1080.3
1098270 1070.9
1098280 1062.7
1098290 1062.7
1098300 1055.3
1098310 1048.4
1098320 1048.4
1098330 1042.0
1098340 1036.1
1098350 1036.1
1098360 1031.1
1098370 1024.3
1098380 1024.3
1098390 1017.0
1098400 1011.9
1098410 1011.9
1098420 1005.3
1098430 998.2
1098440 998.2
1098450 991.5
1098460 986.0
1098470 986.0
1098480 978.9
1098490 969.3
1098500 969.3
1098510 959.2
1098520 949.4
1098530 952.9
1098540 944.9
1098550 938.1
1098560 930.8
1098570 930.8
1098580 920.9
1098590 902.3
1098600 902.3
1098610 886.7
1098620 879.8
1098630 879.8
1098640 870.4
1098650 855.2
1098660 855.2
1098670 839.7
1098680 827.1
1098690 827.1
1098700 816.7
1098710 817.6
1098720 817.6
1098730 829.1
1098740 844.1
1098750 844.1
1098760 856.7
1098770 877.6
1098780 877.6
1098790 889.8
1098800 900.9
1098810 908.3
1098820 908.3
1098830 910.2
1098840 911.1
1098850 911.1
1098860 905.0
1098870 907.8
1098880 907.8
1098890 915.3
1098900 922.1
1098910 922.1
1098920 927.6
1098930 932.5
1098940 932.5
1098950 936.3
1098960 938.7
1098970 938.7
1098980 942.5
1098990 947.6
1099000 947.6
1099010 952.8
1099020 958.1
1099030 958.1
1099040 960.6
1099050 962.7
1099060 962.7
1099070 966.1
1099080 970.0
1099090 974.9
1099100 974.9
1099110 979.7
1099120 985.4
1099130 985.4
1099140 991.0
1099150 997.0
1099160 997.0
1099170 1003.3
1099180 1009.6
1099190 1007.8
1099200 1014.2
1099210 1021.2
1099220 1021.2
1099230 1028.0
1099240 1034.7
1099250 1034.7
1099260 1041.6
1099270 1049.3
1099280 1049.3
1099290 1057.5
1099300 1066.5
1099310 1066.5
1099320 1075.9
1099330 1084.9
1099340 1094.9
1099350 1094.9
1099360 1104.7
1099370 1114.0
1099380 1114.0
1099390 1123.4
1099400 1132.6
1099410 1132.6
1099420 1140.2
1099430 1147.1
1099440 1147.1
1099450 1152.8
1099460 1156.7
1099470 1156.7
1099480 1159.8
1099490 1162.2
1099500 1162.2
1099510 1164.0
1099520 1165.5
1099530 1165.5
1099540 1166.5
1099550 1166.8
1099560 1166.8
1099570 1166.4
1099580 1165.3
1099590 1165.3
1099600 1163.7
1099610 1161.3
1099620 1158.6
1099630 1158.6
1099640 1153.6
1099650 1148.1
1099660 1148.1
1099670 1144.2
1099680 1141.0
1099690 1141.0
1099700 1137.7
1099710 1133.7
1099720 1133.7
1099730 1129.8
1099740 1126.4
1099750 1126.4
1099760 1123.8
1099770 1121.4
1099780 1121.4
1099790 1119.6
1099800 1118.7
1099810 1118.7
1099820 1118.2
1099830 1118.1
1099840 1118.1
1099850 1110.6
1099860 1108.5
1099870 1106.4
1099880 1106.4
1099890 1103.4
1099900 1100.3
1099910 1100.3
1099920 1097.4
1099930 1094.9
1099940 1094.9
1099950 1092.3
1099960 1089.7
1099970 1089.7
1099980 1086.4
1099990 1083.1
