1080000 1393.1
1080010 1402.5
1080020 1409.4
1080030 1409.4
1080040 1414.1
1080050 1416.6
1080060 1416.6
1080070 1420.2
1080080 1427.4
1080090 1433.2
1080100 1433.2
1080110 1440.1
1080120 1448.5
1080130 1448.5
1080140 1456.4
1080150 1462.3
1080160 1462.3
1080170 1468.4
1080180 1476.5
1080190 1476.5
1080200 1483.7
1080210 1490.7
1080220 1490.7
1080230 1497.9
1080240 1503.0
1080250 1503.0
1080260 1508.7
1080270 1513.3
1080280 1513.3
1080290 1517.6
1080300 1521.4
1080310 1521.4
1080320 1524.4
1080330 1527.9
1080340 1531.6
1080350 1531.6
1080360 1535.1
1080370 1539.5
1080380 1539.5
1080390 1544.5
1080400 1549.4
1080410 1549.4
1080420 1555.0
1080430 1561.1
1080440 1561.1
1080450 1567.3
1080460 1574.1
1080470 1574.1
1080480 1580.5
1080490 1585.9
1080500 1585.9
1080510 1589.7
1080520 1594.3
1080530 1594.3
1080540 1597.0
1080550 1595.2
1080560 1596.4
1080570 1593.5
1080580 1589.9
1080590 1589.9
1080600 1586.1
1080610 1581.8
1080620 1576.7
1080630 1576.7
1080640 1571.7
1080650 1566.9
1080660 1566.9
1080670 1562.0
1080680 1556.8
1080690 1556.8
1080700 1551.4
1080710 1545.5
1080720 1545.5
1080730 1539.7
1080740 1533.8
1080750 1533.8
1080760 1527.7
1080770 1521.6
1080780 1521.6
1080790 1515.4
1080800 1508.8
1080810 1508.8
1080820 1501.7
1080830 1499.0
1080840 1499.0
1080850 1496.7
1080860 1494.3
1080870 1498.5
1080880 1498.5
1080890 1494.9
1080900 1490.2
1080910 1490.2
1080920 1486.2
1080930 1482.1
1080940 1482.1
1080950 1477.7
1080960 1472.9
1080970 1472.9
1080980 1467.2
1080990 1461.4
1081000 1461.4
1081010 1455.1
1081020 1448.7
1081030 1448.7
1081040 1441.8
1081050 1434.4
1081060 1434.4
1081070 1427.7
1081080 1421.3
1081090 1421.3
1081100 1414.7
1081110 1409.6
1081120 1409.6
1081130 1406.2
1081140 1400.8
1081150 1394.4
1081160 1394.4
1081170 1388.5
1081180 1384.8
1081190 1389.5
1081200 1382.9
1081210 1374.0
1081220 1374.0
1081230 1368.6
1081240 1362.1
1081250 1362.1
1081260 1355.2
1081270 1354.8
1081280 1354.8
1081290 1362.0
1081300 1368.0
1081310 1368.0
1081320 1375.8
1081330 1384.3
1081340 1384.3
1081350 1390.9
1081360 1395.6
1081370 1395.6
1081380 1397.3
1081390 1399.4
1081400 1406.4
1081410 1406.4
1081420 1411.6
1081430 1416.8
1081440 1416.8
1081450 1422.6
1081460 1428.3
1081470 1428.3
1081480 1434.2
1081490 1440.1
1081500 1443.7
1081510 1450.0
1081520 1456.6
1081530 1456.6
1081540 1463.1
1081550 1470.7
1081560 1470.7
1081570 1479.5
1081580 1487.6
1081590 1487.6
1081600 1494.6
1081610 1501.5
1081620 1501.5
1081630 1507.3
1081640 1513.5
1081650 1513.5
1081660 1519.1
1081670 1524.8
1081680 1530.4
1081690 1530.4
1081700 1535.7
1081710 1541.0
1081720 1541.0
1081730 1545.9
1081740 1550.4
1081750 1550.4
1081760 1554.8
1081770 1558.8
1081780 1558.8
1081790 1562.7
1081800 1566.8
1081810 1566.8
1081820 1577.5
1081830 1580.0
1081840 1580.0
1081850 1583.6
1081860 1585.0
1081870 1585.0
1081880 1580.8
1081890 1574.5
1081900 1574.5
1081910 1567.8
1081920 1560.9
1081930 1560.9
1081940 1553.7
1081950 1546.3
1081960 1539.1
1081970 1539.1
1081980 1532.2
1081990 1525.5
1082000 1525.5
1082010 1519.0
1082020 1512.6
1082030 1512.6
1082040 1506.0
1082050 1499.4
1082060 1499.4
1082070 1493.6
1082080 1486.3
1082090 1486.3
1082100 1481.5
1082110 1475.1
1082120 1475.1
1082130 1478.5
1082140 1481.4
1082150 1481.4
1082160 1480.1
1082170 1476.3
1082180 1476.3
1082190 1475.6
1082200 1473.5
1082210 1469.5
1082220 1469.5
1082230 1465.2
1082240 1460.9
1082250 1460.9
1082260 1456.5
1082270 1451.8
1082280 1451.8
1082290 1446.8
1082300 1441.7
1082310 1441.7
1082320 1436.3
1082330 1431.2
1082340 1431.2
1082350 1425.8
1082360 1420.8
1082370 1420.8
1082380 1416.0
1082390 1411.4
1082400 1411.4
1082410 1406.6
1082420 1402.9
1082430 1402.9
1082440 1399.8
1082450 1398.1
1082460 1398.1
1082470 1393.6
1082480 1388.7
1082490 1382.5
1082500 1382.5
1082510 1373.0
1082520 1366.3
1082530 1366.3
1082540 1369.7
1082550 1377.2
1082560 1377.2
1082570 1384.5
1082580 1389.4
1082590 1389.4
1082600 1394.1
1082610 1401.3
1082620 1401.3
1082630 1406.3
1082640 1410.3
1082650 1410.3
1082660 1415.5
1082670 1423.4
1082680 1423.4
1082690 1430.6
1082700 1436.6
1082710 1436.6
1082720 1442.4
1082730 1446.5
1082740 1451.1
1082750 1451.1
1082760 1456.0
1082770 1463.3
1082780 1463.3
1082790 1469.8
1082800 1475.7
1082810 1475.7
1082820 1482.0
1082830 1489.0
1082840 1489.0
1082850 1494.5
1082860 1500.6
1082870 1500.6
1082880 1507.1
1082890 1513.2
1082900 1513.2
1082910 1519.7
1082920 1525.9
1082930 1525.9
1082940 1532.2
1082950 1538.2
1082960 1538.2
1082970 1544.0
1082980 1549.5
1082990 1549.5
1083000 1554.7
1083010 1559.1
1083020 1562.7
1083030 1562.7
1083040 1565.5
1083050 1567.4
1083060 1567.4
1083070 1568.3
1083080 1574.8
1083090 1574.8
1083100 1574.5
1083110 1573.8
1083120 1573.8
1083130 1572.8
1083140 1572.3
1083150 1572.3
1083160 1572.0
1083170 1571.8
1083180 1571.8
1083190 1571.3
1083200 1571.2
1083210 1571.2
1083220 1571.5
1083230 1570.1
1083240 1570.1
1083250 1573.5
1083260 1577.8
1083270 1579.3
1083280 1579.3
1083290 1581.1
1083300 1580.6
1083310 1580.6
1083320 1580.1
1083330 1580.0
1083340 1580.0
1083350 1579.4
1083360 1579.9
1083370 1579.9
1083380 1581.7
1083390 1580.9
1083400 1588.6
1083410 1587.3
1083420 1585.2
1083430 1585.2
1083440 1579.5
1083450 1570.8
1083460 1570.8
1083470 1566.1
1083480 1565.5
1083490 1565.5
1083500 1561.7
1083510 1562.5
1083520 1562.5
1083530 1562.8
1083540 1560.8
1083550 1560.1
1083560 1560.1
1083570 1560.0
1083580 1559.5
1083590 1559.5
1083600 1558.4
1083610 1558.7
1083620 1558.7
1083630 1559.1
1083640 1558.7
1083650 1558.7
1083660 1552.7
1083670 1542.1
1083680 1542.1
1083690 1546.2
1083700 1548.8
1083710 1548.8
1083720 1569.1
1083730 1576.7
1083740 1576.7
1083750 1581.8
1083760 1587.1
1083770 1587.1
1083780 1592.4
1083790 1596.8
1083800 1601.0
1083810 1601.0
1083820 1604.1
1083830 1606.2
1083840 1606.2
1083850 1603.2
1083860 1594.3
1083870 1594.3
1083880 1585.1
1083890 1576.2
1083900 1576.2
1083910 1566.9
1083920 1557.8
1083930 1557.8
1083940 1548.7
1083950 1539.8
1083960 1539.8
1083970 1531.1
1083980 1522.6
1083990 1522.6
1084000 1515.0
1084010 1507.7
1084020 1507.7
1084030 1500.7
1084040 1493.3
1084050 1493.3
1084060 1487.6
1084070 1482.0
1084080 1476.3
1084090 1476.3
1084100 1471.5
1084110 1467.0
1084120 1467.0
1084130 1462.6
1084140 1457.4
1084150 1457.4
1084160 1452.5
1084170 1448.0
1084180 1448.0
1084190 1443.9
1084200 1439.2
1084210 1439.2
1084220 1433.1
1084230 1426.4
1084240 1426.4
1084250 1419.9
1084260 1415.0
1084270 1415.0
1084280 1409.5
1084290 1402.6
1084300 1402.6
1084310 1396.4
1084320 1390.3
1084330 1390.3
1084340 1384.7
1084350 1379.2
1084360 1379.1
1084370 1379.1
1084380 1379.5
1084390 1377.8
1084400 1377.8
1084410 1378.2
1084420 1378.5
1084430 1378.5
1084440 1378.9
1084450 1379.6
1084460 1379.6
1084470 1384.9
1084480 1388.0
1084490 1388.0
1084500 1389.6
1084510 1390.9
1084520 1390.9
1084530 1393.3
1084540 1397.0
1084550 1397.0
1084560 1399.1
1084570 1401.0
1084580 1401.0
1084590 1405.6
1084600 1410.5
1084610 1413.5
1084620 1413.5
1084630 1417.0
1084640 1423.7
1084650 1423.7
1084660 1425.1
1084670 1428.0
1084680 1428.0
1084690 1431.6
1084700 1437.9
1084710 1437.9
1084720 1444.7
1084730 1450.9
1084740 1450.9
1084750 1457.4
1084760 1463.1
1084770 1463.1
1084780 1466.6
1084790 1472.2
1084800 1472.2
1084810 1475.8
1084820 1476.4
1084830 1476.4
1084840 1473.9
1084850 1468.6
1084860 1468.6
1084870 1463.4
1084880 1457.0
1084890 1451.1
1084900 1451.1
1084910 1445.9
1084920 1445.8
1084930 1445.8
1084940 1445.2
1084950 1443.9
1084960 1443.9
1084970 1443.7
1084980 1444.2
1084990 1448.8
1085000 1446.9
1085010 1440.3
1085020 1440.3
1085030 1443.5
1085040 1448.1
1085050 1448.1
1085060 1450.1
1085070 1452.3
1085080 1452.3
1085090 1453.8
1085100 1454.6
1085110 1454.6
1085120 1455.7
1085130 1455.9
1085140 1457.2
1085150 1457.2
1085160 1456.6
1085170 1449.8
1085180 1449.8
1085190 1447.8
1085200 1449.6
1085210 1449.6
1085220 1452.4
1085230 1455.4
1085240 1455.4
1085250 1453.8
1085260 1452.8
1085270 1452.8
1085280 1453.9
1085290 1462.8
1085300 1462.8
1085310 1471.8
1085320 1479.5
1085330 1479.5
1085340 1485.6
1085350 1490.6
1085360 1490.6
1085370 1495.0
1085380 1499.7
1085390 1499.7
1085400 1504.0
1085410 1507.1
1085420 1509.7
1085430 1509.7
1085440 1512.4
1085450 1514.0
1085460 1514.0
1085470 1515.7
1085480 1519.0
1085490 1519.0
1085500 1523.9
1085510 1530.0
1085520 1530.0
1085530 1536.7
1085540 1543.2
1085550 1543.2
1085560 1548.6
1085570 1549.4
1085580 1549.4
1085590 1544.5
1085600 1538.5
1085610 1538.5
1085620 1532.5
1085630 1530.3
1085640 1530.3
1085650 1524.7
1085660 1519.7
1085670 1520.1
1085680 1520.1
1085690 1518.5
1085700 1519.4
1085710 1519.4
1085720 1517.2
1085730 1516.5
1085740 1516.5
1085750 1516.0
1085760 1517.7
1085770 1517.7
1085780 1519.6
1085790 1519.5
1085800 1519.5
1085810 1519.2
1085820 1518.5
1085830 1518.5
1085840 1519.2
1085850 1522.6
1085860 1522.6
1085870 1523.2
1085880 1522.9
1085890 1522.9
1085900 1524.3
1085910 1525.2
1085920 1525.2
1085930 1528.3
1085940 1528.3
1085950 1537.5
1085960 1537.5
1085970 1540.6
1085980 1544.1
1085990 1544.1
1086000 1544.9
1086010 1544.4
1086020 1544.4
1086030 1548.5
1086040 1552.1
1086050 1552.1
1086060 1553.9
1086070 1557.0
1086080 1557.0
1086090 1559.8
1086100 1563.1
1086110 1563.1
1086120 1567.7
1086130 1573.3
1086140 1573.3
1086150 1578.6
1086160 1584.6
1086170 1584.6
1086180 1591.5
1086190 1598.6
1086200 1602.0
1086210 1602.0
1086220 1604.4
1086230 1609.4
1086240 1609.4
1086250 1616.8
1086260 1624.0
1086270 1634.4
1086280 1636.2
1086290 1637.3
1086300 1637.3
1086310 1644.2
1086320 1648.1
1086330 1648.1
1086340 1644.4
1086350 1638.8
1086360 1638.8
1086370 1633.0
1086380 1626.4
1086390 1626.4
1086400 1619.5
1086410 1613.0
1086420 1613.0
1086430 1605.4
1086440 1598.0
1086450 1598.0
1086460 1591.0
1086470 1584.5
1086480 1577.3
1086490 1577.3
1086500 1571.1
1086510 1565.9
1086520 1565.9
1086530 1561.3
1086540 1555.7
1086550 1555.7
1086560 1549.6
1086570 1543.6
1086580 1543.6
1086590 1536.6
1086600 1531.2
1086610 1531.2
1086620 1525.2
1086630 1518.9
1086640 1518.9
1086650 1512.9
1086660 1508.0
1086670 1508.0
1086680 1502.7
1086690 1497.3
1086700 1497.3
1086710 1491.5
1086720 1485.7
1086730 1485.7
1086740 1479.0
1086750 1471.9
1086760 1467.4
1086770 1467.4
1086780 1465.2
1086790 1461.5
1086800 1461.5
1086810 1456.0
1086820 1449.8
1086830 1449.8
1086840 1443.6
1086850 1438.6
1086860 1438.6
1086870 1433.2
1086880 1428.3
1086890 1428.3
1086900 1423.2
1086910 1415.4
1086920 1415.4
1086930 1410.7
1086940 1407.2
1086950 1407.2
1086960 1402.5
1086970 1398.8
1086980 1398.8
1086990 1397.0
1087000 1392.8
1087010 1388.4
1087020 1388.4
1087030 1384.2
1087040 1380.3
1087050 1380.3
1087060 1376.7
1087070 1373.5
1087080 1373.5
1087090 1369.0
1087100 1369.4
1087110 1369.4
1087120 1370.0
1087130 1369.7
1087140 1369.7
1087150 1368.3
1087160 1366.8
1087170 1366.8
1087180 1365.0
1087190 1364.0
1087200 1364.0
1087210 1363.4
1087220 1362.7
1087230 1365.2
1087240 1366.3
1087250 1367.7
1087260 1367.7
1087270 1370.2
1087280 1372.5
1087290 1374.8
1087300 1374.8
1087310 1376.7
1087320 1379.9
1087330 1379.9
1087340 1383.6
1087350 1385.4
1087360 1385.4
1087370 1387.7
1087380 1389.6
1087390 1389.6
1087400 1390.6
1087410 1390.9
1087420 1390.9
1087430 1386.9
1087440 1392.5
1087450 1392.5
1087460 1397.6
1087470 1401.8
1087480 1401.8
1087490 1402.7
1087500 1405.5
1087510 1405.5
1087520 1412.6
1087530 1419.8
1087540 1426.7
1087550 1421.8
1087560 1430.8
1087570 1439.1
1087580 1439.1
1087590 1448.2
1087600 1455.2
1087610 1455.2
1087620 1464.2
1087630 1471.9
1087640 1471.9
1087650 1477.5
1087660 1484.2
1087670 1484.2
1087680 1486.7
1087690 1489.4
1087700 1489.4
1087710 1492.3
1087720 1497.1
1087730 1497.1
1087740 1496.7
1087750 1494.6
1087760 1494.6
1087770 1495.1
1087780 1500.2
1087790 1500.2
1087800 1504.3
1087810 1504.5
1087820 1504.9
1087830 1504.9
1087840 1508.9
1087850 1514.9
1087860 1514.9
1087870 1520.4
1087880 1523.5
1087890 1523.5
1087900 1530.1
1087910 1538.3
1087920 1538.3
1087930 1546.7
1087940 1555.1
1087950 1555.1
1087960 1563.6
1087970 1571.7
1087980 1571.7
1087990 1578.6
1088000 1583.1
1088010 1583.1
1088020 1586.5
1088030 1590.2
1088040 1590.2
1088050 1595.2
1088060 1600.9
1088070 1605.4
1088080 1605.4
1088090 1610.6
1088100 1616.3
1088110 1616.3
1088120 1622.5
1088130 1628.7
1088140 1628.7
1088150 1635.1
1088160 1641.7
1088170 1641.7
1088180 1648.3
1088190 1655.5
1088200 1655.5
1088210 1662.0
1088220 1668.1
1088230 1668.1
1088240 1675.4
1088250 1683.5
1088260 1683.5
1088270 1691.0
1088280 1699.0
1088290 1699.0
1088300 1706.5
1088310 1715.6
1088320 1715.6
1088330 1724.0
1088340 1729.2
1088350 1737.0
1088360 1737.0
1088370 1745.4
1088380 1753.9
1088390 1753.9
1088400 1762.9
1088410 1773.6
1088420 1773.6
1088430 1784.2
1088440 1794.1
1088450 1794.1
1088460 1802.4
1088470 1809.7
1088480 1809.7
1088490 1814.9
1088500 1811.2
1088510 1816.5
1088520 1802.9
1088530 1781.0
1088540 1781.0
1088550 1764.2
1088560 1753.3
1088570 1753.3
1088580 1744.1
1088590 1736.3
1088600 1729.2
1088610 1729.2
1088620 1723.1
1088630 1717.5
1088640 1717.5
1088650 1712.1
1088660 1708.3
1088670 1708.3
1088680 1704.5
1088690 1700.8
1088700 1700.8
1088710 1696.2
1088720 1691.4
1088730 1691.4
1088740 1686.7
1088750 1682.2
1088760 1682.2
1088770 1676.9
1088780 1673.8
1088790 1673.8
1088800 1672.3
1088810 1670.7
1088820 1670.7
1088830 1674.4
1088840 1671.8
1088850 1671.8
1088860 1669.3
1088870 1666.8
1088880 1663.9
1088890 1663.9
1088900 1662.2
1088910 1660.9
1088920 1660.9
1088930 1659.9
1088940 1658.6
1088950 1658.6
1088960 1656.4
1088970 1654.4
1088980 1654.4
1088990 1652.0
1089000 1649.7
1089010 1649.7
1089020 1648.2
1089030 1646.1
1089040 1646.1
1089050 1643.8
1089060 1642.0
1089070 1642.0
1089080 1640.3
1089090 1639.0
1089100 1639.0
1089110 1638.6
1089120 1637.8
1089130 1636.3
1089140 1636.3
1089150 1641.5
1089160 1640.7
1089170 1640.7
1089180 1639.7
1089190 1637.9
1089200 1637.9
1089210 1635.4
1089220 1633.0
1089230 1633.0
1089240 1630.9
1089250 1630.1
1089260 1630.1
1089270 1628.4
1089280 1627.3
1089290 1627.3
1089300 1626.8
1089310 1626.1
1089320 1626.1
1089330 1626.2
1089340 1628.0
1089350 1628.0
1089360 1628.4
1089370 1629.5
1089380 1629.5
1089390 1631.3
1089400 1632.6
1089410 1633.3
1089420 1633.3
1089430 1634.1
1089440 1636.2
1089450 1636.2
1089460 1638.5
1089470 1646.6
1089480 1646.6
1089490 1649.6
1089500 1652.5
1089510 1652.5
1089520 1655.0
1089530 1657.2
1089540 1657.2
1089550 1659.0
1089560 1661.2
1089570 1661.2
1089580 1662.4
1089590 1664.1
1089600 1664.1
1089610 1665.4
1089620 1665.6
1089630 1665.6
1089640 1665.5
1089650 1665.9
1089660 1665.9
1089670 1669.5
1089680 1673.5
1089690 1677.8
1089700 1677.8
1089710 1681.9
1089720 1685.6
1089730 1685.6
1089740 1688.6
1089750 1691.1
1089760 1691.1
1089770 1690.5
1089780 1692.6
1089790 1692.6
1089800 1703.5
1089810 1708.6
1089820 1708.6
1089830 1712.5
1089840 1718.7
1089850 1718.7
1089860 1721.0
1089870 1718.6
1089880 1718.6
1089890 1722.9
1089900 1730.9
1089910 1730.9
1089920 1735.4
1089930 1740.7
1089940 1738.5
1089950 1738.5
1089960 1735.3
1089970 1739.2
1089980 1739.2
1089990 1746.8
1090000 1749.4
1090010 1749.4
1090020 1748.9
1090030 1751.3
1090040 1751.3
1090050 1752.5
1090060 1756.2
1090070 1756.2
1090080 1766.5
1090090 1779.6
1090100 1779.6
1090110 1786.8
1090120 1806.9
1090130 1806.9
1090140 1806.2
1090150 1810.6
1090160 1810.6
1090170 1826.5
1090180 1835.6
1090190 1835.6
1090200 1850.0
1090210 1875.8
1090220 1891.4
1090230 1891.4
1090240 1902.5
1090250 1908.5
1090260 1908.5
1090270 1903.4
1090280 1895.1
1090290 1895.1
1090300 1885.7
1090310 1877.5
1090320 1877.5
1090330 1870.7
1090340 1863.6
1090350 1863.6
1090360 1856.3
1090370 1849.4
1090380 1849.4
1090390 1844.2
1090400 1839.7
1090410 1839.7
1090420 1833.7
1090430 1825.0
1090440 1824.4
1090450 1814.3
1090460 1804.3
1090470 1794.8
1090480 1794.8
1090490 1788.5
1090500 1782.4
1090510 1782.4
1090520 1776.6
1090530 1770.6
1090540 1770.6
1090550 1765.0
1090560 1758.7
1090570 1758.7
1090580 1752.5
1090590 1747.1
1090600 1747.1
1090610 1741.9
1090620 1739.6
1090630 1739.6
1090640 1735.9
1090650 1730.9
1090660 1730.9
1090670 1718.5
1090680 1704.2
1090690 1704.2
1090700 1696.8
1090710 1691.4
1090720 1691.4
1090730 1685.8
1090740 1680.6
1090750 1675.6
1090760 1673.3
1090770 1668.2
1090780 1662.8
1090790 1662.8
1090800 1656.2
1090810 1651.3
1090820 1651.3
1090830 1648.6
1090840 1646.5
1090850 1646.5
1090860 1644.0
1090870 1642.3
1090880 1642.3
1090890 1639.1
1090900 1637.6
1090910 1637.6
1090920 1637.3
1090930 1635.9
1090940 1635.9
1090950 1635.5
1090960 1635.1
1090970 1635.1
1090980 1635.6
1090990 1637.6
1091000 1638.0
1091010 1638.0
1091020 1639.3
1091030 1639.3
1091040 1639.3
1091050 1642.9
1091060 1645.7
1091070 1645.7
1091080 1648.0
1091090 1648.3
1091100 1648.3
1091110 1650.6
1091120 1653.5
1091130 1653.5
1091140 1656.5
1091150 1660.1
1091160 1660.1
1091170 1664.5
1091180 1669.2
1091190 1669.2
1091200 1672.9
1091210 1676.4
1091220 1676.4
1091230 1680.5
1091240 1685.9
1091250 1685.9
1091260 1691.5
1091270 1696.3
1091280 1701.2
1091290 1701.2
1091300 1707.2
1091310 1712.6
1091320 1712.6
1091330 1717.8
1091340 1723.6
1091350 1723.6
1091360 1728.5
1091370 1733.0
1091380 1733.0
1091390 1739.8
1091400 1746.0
1091410 1744.7
1091420 1751.2
1091430 1759.7
1091440 1759.7
1091450 1767.7
1091460 1775.8
1091470 1775.8
1091480 1785.7
1091490 1800.0
1091500 1800.0
1091510 1812.9
1091520 1825.9
1091530 1835.0
1091540 1835.0
1091550 1839.9
1091560 1846.3
1091570 1846.3
1091580 1855.5
1091590 1865.1
1091600 1865.1
1091610 1874.5
1091620 1887.3
1091630 1887.3
1091640 1896.3
1091650 1896.4
1091660 1896.4
1091670 1886.7
1091680 1875.1
1091690 1875.1
1091700 1864.4
1091710 1854.8
1091720 1854.8
1091730 1844.3
1091740 1836.2
1091750 1836.2
1091760 1830.3
1091770 1824.0
1091780 1824.0
1091790 1818.4
1091800 1812.6
1091810 1806.5
1091820 1806.5
1091830 1800.6
1091840 1795.2
1091850 1795.2
1091860 1789.0
1091870 1782.5
1091880 1782.5
1091890 1776.8
1091900 1771.9
1091910 1771.9
1091920 1766.8
1091930 1762.2
1091940 1762.2
1091950 1758.6
1091960 1755.3
1091970 1755.3
1091980 1752.4
1091990 1747.9
1092000 1747.9
1092010 1743.7
1092020 1738.2
1092030 1738.2
1092040 1733.7
1092050 1729.0
1092060 1719.7
1092070 1719.7
1092080 1714.9
1092090 1710.4
1092100 1710.4
1092110 1705.2
1092120 1697.9
1092130 1697.9
1092140 1687.9
1092150 1674.0
1092160 1674.0
1092170 1662.3
1092180 1652.5
1092190 1652.5
1092200 1643.4
1092210 1632.6
1092220 1632.6
1092230 1619.7
1092240 1610.7
1092250 1610.7
1092260 1603.2
1092270 1595.6
1092280 1595.6
1092290 1588.6
1092300 1582.0
1092310 1582.0
1092320 1576.3
1092330 1569.7
1092340 1563.3
1092350 1563.3
1092360 1557.1
1092370 1551.2
1092380 1549.5
1092390 1543.7
1092400 1537.8
1092410 1537.8
1092420 1532.2
1092430 1526.2
1092440 1526.2
1092450 1520.0
1092460 1513.4
1092470 1513.4
1092480 1507.8
1092490 1501.5
1092500 1501.5
1092510 1495.0
1092520 1488.1
1092530 1488.1
1092540 1480.2
1092550 1471.4
1092560 1471.4
1092570 1466.5
1092580 1472.5
1092590 1472.5
1092600 1477.5
1092610 1479.6
1092620 1478.9
1092630 1478.9
1092640 1476.0
1092650 1480.0
1092660 1480.0
1092670 1486.5
1092680 1488.4
1092690 1488.4
1092700 1489.3
1092710 1485.0
1092720 1485.0
1092730 1485.5
1092740 1488.6
1092750 1488.6
1092760 1489.4
1092770 1492.9
1092780 1492.9
1092790 1495.0
1092800 1500.2
1092810 1500.2
1092820 1507.3
1092830 1513.0
1092840 1513.0
1092850 1518.3
1092860 1523.1
1092870 1528.1
1092880 1528.1
1092890 1533.7
1092900 1539.7
1092910 1539.7
1092920 1544.0
1092930 1547.1
1092940 1547.1
1092950 1552.1
1092960 1558.3
1092970 1558.3
1092980 1564.0
1092990 1569.7
1093000 1569.7
1093010 1574.7
1093020 1579.9
1093030 1573.4
1093040 1578.6
1093050 1581.8
1093060 1581.8
1093070 1582.8
1093080 1584.0
1093090 1584.0
1093100 1586.2
1093110 1591.0
1093120 1591.0
1093130 1595.7
1093140 1600.2
1093150 1603.7
1093160 1603.7
1093170 1607.6
1093180 1610.7
1093190 1610.7
1093200 1613.5
1093210 1616.9
1093220 1616.9
1093230 1619.8
1093240 1622.3
1093250 1622.3
1093260 1624.5
1093270 1627.1
1093280 1627.1
1093290 1630.5
1093300 1633.8
1093310 1633.8
1093320 1637.5
1093330 1640.9
1093340 1640.9
1093350 1644.3
1093360 1640.9
1093370 1640.9
1093380 1644.8
1093390 1647.8
1093400 1651.6
1093410 1651.6
1093420 1656.4
1093430 1659.0
1093440 1659.0
1093450 1659.7
1093460 1662.7
1093470 1662.7
1093480 1666.7
1093490 1667.6
1093500 1667.6
1093510 1666.1
1093520 1666.1
1093530 1666.1
1093540 1665.2
1093550 1663.2
1093560 1663.2
1093570 1659.0
1093580 1651.8
1093590 1651.8
1093600 1644.7
1093610 1637.6
1093620 1637.6
1093630 1631.9
1093640 1627.4
1093650 1627.4
1093660 1623.5
1093670 1617.8
1093680 1612.8
1093690 1612.8
1093700 1609.5
1093710 1606.8
1093720 1606.8
1093730 1604.9
1093740 1603.0
1093750 1603.0
1093760 1601.2
1093770 1599.1
1093780 1599.1
1093790 1596.2
1093800 1592.8
1093810 1592.8
1093820 1589.4
1093830 1585.5
1093840 1585.5
1093850 1580.1
1093860 1574.9
1093870 1574.9
1093880 1570.1
1093890 1563.6
1093900 1563.6
1093910 1556.9
1093920 1551.8
1093930 1546.8
1093940 1546.8
1093950 1542.3
1093960 1538.9
1093970 1538.9
1093980 1536.8
1093990 1534.3
1094000 1534.3
1094010 1527.0
1094020 1521.2
1094030 1521.2
1094040 1515.5
1094050 1508.4
1094060 1508.4
1094070 1505.8
1094080 1506.9
1094090 1506.9
1094100 1506.2
1094110 1498.5
1094120 1498.5
1094130 1493.5
1094140 1496.7
1094150 1496.7
1094160 1502.8
1094170 1508.0
1094180 1508.0
1094190 1509.0
1094200 1506.2
1094210 1506.3
1094220 1506.3
1094230 1509.3
1094240 1512.6
1094250 1512.6
1094260 1515.8
1094270 1519.7
1094280 1519.7
1094290 1522.7
1094300 1526.0
1094310 1526.0
1094320 1531.4
1094330 1535.4
1094340 1535.4
1094350 1541.2
1094360 1544.2
1094370 1544.2
1094380 1551.7
1094390 1560.6
1094400 1560.6
1094410 1566.7
1094420 1571.9
1094430 1571.9
1094440 1578.1
1094450 1584.0
1094460 1587.3
1094470 1587.3
1094480 1589.0
1094490 1593.8
1094500 1593.8
1094510 1599.4
1094520 1605.2
1094530 1605.2
1094540 1610.5
1094550 1616.8
1094560 1616.8
1094570 1623.0
1094580 1629.3
1094590 1629.3
1094600 1635.1
1094610 1640.5
1094620 1640.5
1094630 1645.7
1094640 1652.0
1094650 1652.0
1094660 1655.5
1094670 1661.7
1094680 1661.7
1094690 1667.9
1094700 1674.8
1094710 1674.8
1094720 1678.9
1094730 1682.0
1094740 1685.2
1094750 1685.2
1094760 1687.5
1094770 1689.2
1094780 1689.2
1094790 1692.1
1094800 1696.3
1094810 1696.3
1094820 1699.7
1094830 1705.1
1094840 1705.1
1094850 1711.8
1094860 1717.0
1094870 1717.0
1094880 1725.4
1094890 1735.7
1094900 1735.7
1094910 1743.2
1094920 1748.8
1094930 1748.8
1094940 1756.0
1094950 1765.7
1094960 1765.7
1094970 1771.4
1094980 1775.2
1094990 1775.6
1095000 1775.6
1095010 1779.1
1095020 1783.2
1095030 1783.2
1095040 1787.8
1095050 1792.0
1095060 1792.0
1095070 1796.3
1095080 1799.7
1095090 1799.7
1095100 1798.9
1095110 1794.6
1095120 1794.6
1095130 1790.5
1095140 1786.3
1095150 1786.3
1095160 1784.5
1095170 1781.2
1095180 1781.2
1095190 1779.1
1095200 1780.8
1095210 1780.8
1095220 1782.1
1095230 1781.5
1095240 1781.5
1095250 1782.2
1095260 1782.1
1095270 1779.7
1095280 1779.7
1095290 1778.2
1095300 1777.4
1095310 1777.0
1095320 1777.5
1095330 1779.2
1095340 1779.2
1095350 1781.2
1095360 1783.7
1095370 1783.7
1095380 1785.5
1095390 1786.7
1095400 1786.7
1095410 1785.4
1095420 1784.8
1095430 1784.8
1095440 1783.7
1095450 1782.3
1095460 1782.3
1095470 1783.0
1095480 1783.4
1095490 1783.4
1095500 1780.6
1095510 1779.2
1095520 1781.2
1095530 1781.2
1095540 1785.3
1095550 1785.5
1095560 1785.5
1095570 1785.0
1095580 1781.6
1095590 1781.6
1095600 1776.9
1095610 1769.1
1095620 1769.1
1095630 1765.5
1095640 1769.2
1095650 1769.2
1095660 1768.1
1095670 1765.3
1095680 1765.3
1095690 1762.9
1095700 1768.3
1095710 1768.3
1095720 1774.2
1095730 1775.5
1095740 1775.5
1095750 1775.9
1095760 1779.0
1095770 1779.0
1095780 1780.1
1095790 1781.1
1095800 1782.4
1095810 1782.4
1095820 1783.6
1095830 1784.5
1095840 1784.5
1095850 1783.8
1095860 1782.1
1095870 1782.1
1095880 1781.1
1095890 1776.9
1095900 1776.9
1095910 1771.6
1095920 1766.1
1095930 1766.1
1095940 1756.6
1095950 1743.6
1095960 1743.6
1095970 1735.5
1095980 1728.4
1095990 1728.4
1096000 1723.4
1096010 1720.2
1096020 1720.2
1096030 1715.5
1096040 1711.1
1096050 1708.0
1096060 1708.0
1096070 1702.6
1096080 1699.3
1096090 1699.3
1096100 1696.7
1096110 1693.6
1096120 1693.6
1096130 1692.0
1096140 1691.2
1096150 1691.2
1096160 1689.0
1096170 1687.1
1096180 1687.1
1096190 1684.2
1096200 1683.2
1096210 1683.2
1096220 1682.3
1096230 1682.2
1096240 1682.2
1096250 1681.4
1096260 1680.9
1096270 1680.9
1096280 1682.0
1096290 1682.1
1096300 1688.6
1096310 1687.4
1096320 1686.1
1096330 1683.6
1096340 1683.6
1096350 1679.4
1096360 1676.7
1096370 1676.7
1096380 1674.1
1096390 1672.0
1096400 1672.0
1096410 1670.1
1096420 1668.8
1096430 1668.8
1096440 1666.0
1096450 1664.4
1096460 1664.4
1096470 1665.4
1096480 1668.6
1096490 1668.6
1096500 1670.0
1096510 1666.4
1096520 1666.4
1096530 1661.5
1096540 1654.4
1096550 1654.4
1096560 1645.0
1096570 1638.0
1096580 1638.0
1096590 1633.3
1096600 1628.3
1096610 1622.3
1096620 1625.9
1096630 1619.3
1096640 1613.8
1096650 1613.8
1096660 1607.9
1096670 1602.1
1096680 1602.1
1096690 1597.0
1096700 1592.2
1096710 1592.2
1096720 1587.6
1096730 1582.6
1096740 1582.6
1096750 1576.6
1096760 1571.2
1096770 1571.2
1096780 1566.1
1096790 1560.8
1096800 1560.8
1096810 1555.5
1096820 1549.7
1096830 1549.7
1096840 1545.4
1096850 1539.0
1096860 1531.2
1096870 1531.2
1096880 1523.9
1096890 1511.2
1096900 1511.2
1096910 1503.8
1096920 1496.9
1096930 1496.9
1096940 1488.7
1096950 1486.2
1096960 1486.2
1096970 1467.6
1096980 1459.0
1096990 1459.0
1097000 1452.9
1097010 1447.5
1097020 1447.5
1097030 1440.1
1097040 1433.0
1097050 1433.0
1097060 1422.1
1097070 1410.0
1097080 1410.0
1097090 1400.9
1097100 1389.2
1097110 1389.2
1097120 1378.1
1097130 1369.2
1097140 1356.9
1097150 1356.9
1097160 1343.9
1097170 1330.6
1097180 1330.6
1097190 1317.8
1097200 1308.1
1097210 1308.1
1097220 1300.5
1097230 1294.6
1097240 1294.6
1097250 1287.2
1097260 1282.8
1097270 1282.8
1097280 1284.8
1097290 1271.2
1097300 1271.2
1097310 1255.4
1097320 1243.2
1097330 1243.2
1097340 1231.2
1097350 1210.8
1097360 1210.8
1097370 1195.4
1097380 1182.7
1097390 1181.1
1097400 1181.1
1097410 1174.1
1097420 1166.0
1097430 1166.0
1097440 1166.4
1097450 1168.4
1097460 1168.4
1097470 1162.0
1097480 1150.7
1097490 1150.7
1097500 1136.4
1097510 1124.3
1097520 1124.3
1097530 1113.1
1097540 1108.0
1097550 1108.0
1097560 1103.8
1097570 1098.2
1097580 1098.2
1097590 1089.8
1097600 1080.1
1097610 1084.1
1097620 1073.6
1097630 1057.4
1097640 1057.4
1097650 1040.8
1097660 1029.7
1097670 1018.8
1097680 1018.8
1097690 1010.6
1097700 1001.6
1097710 1001.6
1097720 991.2
1097730 981.9
1097740 981.9
1097750 969.6
1097760 958.9
1097770 958.9
1097780 949.7
1097790 939.6
1097800 939.6
1097810 925.7
1097820 915.0
1097830 915.0
1097840 907.0
1097850 899.2
1097860 899.2
1097870 911.8
1097880 924.4
1097890 924.4
1097900 933.3
1097910 941.9
1097920 950.2
1097930 950.2
1097940 952.0
1097950 959.5
1097960 959.5
1097970 966.5
1097980 971.4
1097990 971.4
1098000 974.2
1098010 978.7
1098020 978.7
1098030 980.9
1098040 982.1
1098050 982.1
1098060 986.4
1098070 991.7
1098080 991.7
1098090 997.3
1098100 1002.9
1098110 1002.9
1098120 1005.0
1098130 1005.3
1098140 1005.3
1098150 1005.1
1098160 1007.9
1098170 1007.9
1098180 1013.2
1098190 1017.3
1098200 1021.4
1098210 1021.4
1098220 1024.8
1098230 1027.7
1098240 1027.7
1098250 1031.7
1098260 1037.2
1098270 1039.2
1098280 1044.8
1098290 1050.0
1098300 1050.0
1098310 1054.1
1098320 1057.2
1098330 1057.2
1098340 1060.4
1098350 1063.7
1098360 1063.7
1098370 1066.8
1098380 1070.3
1098390 1070.3
1098400 1073.7
1098410 1077.7
1098420 1077.7
1098430 1081.4
1098440 1085.2
1098450 1088.5
1098460 1088.5
1098470 1091.9
1098480 1095.1
1098490 1095.1
1098500 1098.8
1098510 1102.1
1098520 1102.1
1098530 1105.5
1098540 1108.7
1098550 1108.7
1098560 1112.9
1098570 1117.9
1098580 1117.9
1098590 1123.4
1098600 1125.8
1098610 1125.8
1098620 1131.1
1098630 1136.7
1098640 1136.7
1098650 1142.1
1098660 1147.7
1098670 1147.7
1098680 1153.4
1098690 1159.1
1098700 1159.1
1098710 1164.8
1098720 1170.6
1098730 1176.0
1098740 1176.0
1098750 1181.7
1098760 1187.4
1098770 1187.4
1098780 1192.8
1098790 1197.8
1098800 1197.8
1098810 1202.6
1098820 1207.2
1098830 1207.2
1098840 1211.9
1098850 1216.7
1098860 1216.7
1098870 1220.6
1098880 1221.4
1098890 1221.4
1098900 1222.5
1098910 1227.1
1098920 1227.1
1098930 1227.5
1098940 1232.7
1098950 1232.7
1098960 1237.9
1098970 1242.1
1098980 1247.4
1098990 1247.4
1099000 1254.2
1099010 1259.8
1099020 1259.8
1099030 1264.7
1099040 1270.7
1099050 1270.7
1099060 1279.4
1099070 1290.2
1099080 1290.2
1099090 1299.4
1099100 1308.0
1099110 1308.0
1099120 1317.4
1099130 1327.8
1099140 1327.8
1099150 1337.7
1099160 1346.9
1099170 1346.9
1099180 1355.1
1099190 1360.1
1099200 1360.1
1099210 1362.6
1099220 1367.6
1099230 1367.6
1099240 1378.1
1099250 1388.0
1099260 1396.1
1099270 1396.1
1099280 1406.5
1099290 1416.1
1099300 1416.1
1099310 1424.4
1099320 1430.5
1099330 1430.5
1099340 1435.2
1099350 1439.5
1099360 1439.5
1099370 1444.5
1099380 1450.5
1099390 1450.5
1099400 1456.6
1099410 1461.2
1099420 1461.2
1099430 1465.4
1099440 1469.6
1099450 1469.6
1099460 1474.2
1099470 1477.8
1099480 1477.8
1099490 1479.5
1099500 1476.5
1099510 1468.3
1099520 1468.3
1099530 1462.7
1099540 1457.5
1099550 1457.5
1099560 1453.1
1099570 1448.5
1099580 1448.5
1099590 1438.2
1099600 1434.6
1099610 1434.6
1099620 1429.7
1099630 1424.0
1099640 1424.0
1099650 1418.2
1099660 1411.9
1099670 1411.9
1099680 1408.9
1099690 1408.3
1099700 1408.3
1099710 1407.6
1099720 1406.3
1099730 1406.3
1099740 1404.4
1099750 1402.1
1099760 1402.1
1099770 1399.6
1099780 1396.9
1099790 1394.1
1099800 1394.1
1099810 1389.9
1099820 1385.7
1099830 1385.7
1099840 1382.6
1099850 1379.8
1099860 1379.8
1099870 1376.4
1099880 1372.6
1099890 1372.6
1099900 1368.6
1099910 1364.3
1099920 1359.7
1099930 1355.8
1099940 1351.1
1099950 1351.1
1099960 1346.1
1099970 1341.0
1099980 1341.0
1099990 1336.5
