1080000 1333.1
1080010 1338.0
1080020 1342.1
1080030 1342.1
1080040 1345.8
1080050 1349.4
1080060 1349.4
1080070 1352.9
1080080 1357.2
1080090 1357.2
1080100 1361.4
1080110 1366.6
1080120 1371.7
1080130 1369.5
1080140 1373.7
1080150 1377.5
1080160 1377.5
1080170 1381.0
1080180 1385.9
1080190 1385.9
1080200 1391.8
1080210 1397.8
1080220 1397.8
1080230 1403.9
1080240 1410.4
1080250 1410.4
1080260 1420.0
1080270 1432.7
1080280 1432.7
1080290 1447.4
1080300 1457.7
1080310 1457.7
1080320 1466.2
1080330 1474.7
1080340 1474.7
1080350 1482.6
1080360 1491.7
1080370 1501.1
1080380 1501.1
1080390 1508.5
1080400 1514.7
1080410 1514.7
1080420 1518.8
1080430 1523.1
1080440 1523.1
1080450 1526.8
1080460 1532.4
1080470 1532.4
1080480 1538.4
1080490 1545.2
1080500 1545.2
1080510 1552.2
1080520 1559.0
1080530 1559.0
1080540 1563.0
1080550 1564.5
1080560 1564.5
1080570 1568.6
1080580 1572.5
1080590 1572.5
1080600 1572.5
1080610 1571.0
1080620 1571.0
1080630 1569.2
1080640 1567.1
1080650 1564.5
1080660 1564.5
1080670 1561.8
1080680 1559.0
1080690 1559.0
1080700 1556.2
1080710 1553.3
1080720 1553.3
1080730 1550.2
1080740 1546.5
1080750 1546.5
1080760 1539.6
1080770 1536.8
1080780 1536.8
1080790 1533.9
1080800 1532.3
1080810 1532.3
1080820 1530.4
1080830 1528.3
1080840 1528.3
1080850 1527.1
1080860 1525.0
1080870 1525.0
1080880 1522.4
1080890 1519.5
1080900 1519.5
1080910 1515.5
1080920 1511.0
1080930 1506.0
1080940 1506.0
1080950 1501.7
1080960 1497.1
1080970 1497.1
1080980 1492.1
1080990 1486.9
1081000 1486.9
1081010 1481.8
1081020 1476.5
1081030 1476.5
1081040 1471.5
1081050 1466.5
1081060 1466.5
1081070 1461.6
1081080 1458.6
1081090 1458.6
1081100 1454.7
1081110 1451.2
1081120 1451.2
1081130 1446.6
1081140 1444.1
1081150 1444.1
1081160 1445.5
1081170 1444.1
1081180 1442.0
1081190 1442.0
1081200 1442.3
1081210 1443.3
1081220 1443.3
1081230 1444.1
1081240 1445.1
1081250 1445.1
1081260 1447.8
1081270 1451.9
1081280 1451.9
1081290 1456.3
1081300 1460.4
1081310 1460.4
1081320 1464.7
1081330 1469.1
1081340 1469.1
1081350 1472.9
1081360 1476.4
1081370 1476.4
1081380 1479.6
1081390 1488.2
1081400 1488.2
1081410 1492.2
1081420 1495.9
1081430 1495.9
1081440 1499.6
1081450 1503.3
1081460 1507.0
1081470 1507.0
1081480 1510.5
1081490 1513.5
1081500 1513.5
1081510 1517.1
1081520 1521.4
1081530 1521.4
1081540 1525.8
1081550 1531.1
1081560 1531.1
1081570 1536.5
1081580 1541.6
1081590 1541.6
1081600 1546.7
1081610 1551.2
1081620 1551.2
1081630 1555.4
1081640 1559.9
1081650 1559.9
1081660 1564.7
1081670 1569.3
1081680 1569.3
1081690 1574.0
1081700 1578.2
1081710 1586.9
1081720 1586.9
1081730 1589.8
1081740 1591.9
1081750 1591.9
1081760 1592.9
1081770 1593.2
1081780 1593.2
1081790 1593.2
1081800 1592.7
1081810 1592.7
1081820 1591.8
1081830 1591.9
1081840 1591.9
1081850 1592.5
1081860 1593.4
1081870 1593.4
1081880 1595.4
1081890 1597.7
1081900 1597.7
1081910 1600.5
1081920 1602.8
1081930 1602.8
1081940 1605.7
1081950 1608.7
1081960 1608.7
1081970 1611.4
1081980 1613.7
1081990 1615.6
1082000 1615.6
1082010 1615.5
1082020 1612.1
1082030 1612.5
1082040 1607.1
1082050 1601.0
1082060 1601.0
1082070 1594.1
1082080 1587.4
1082090 1587.4
1082100 1580.3
1082110 1573.2
1082120 1573.2
1082130 1566.5
1082140 1560.2
1082150 1560.2
1082160 1554.2
1082170 1547.6
1082180 1547.6
1082190 1541.5
1082200 1535.5
1082210 1535.5
1082220 1529.3
1082230 1524.2
1082240 1518.1
1082250 1518.1
1082260 1512.4
1082270 1507.2
1082280 1507.2
1082290 1501.5
1082300 1496.0
1082310 1496.0
1082320 1491.0
1082330 1486.0
1082340 1489.0
1082350 1483.6
1082360 1478.9
1082370 1478.9
1082380 1475.6
1082390 1473.0
1082400 1473.0
1082410 1469.7
1082420 1466.9
1082430 1466.9
1082440 1465.1
1082450 1461.9
1082460 1461.9
1082470 1457.9
1082480 1453.0
1082490 1453.0
1082500 1449.9
1082510 1447.1
1082520 1444.9
1082530 1444.9
1082540 1443.1
1082550 1441.0
1082560 1441.0
1082570 1439.1
1082580 1434.4
1082590 1434.4
1082600 1437.0
1082610 1441.2
1082620 1441.2
1082630 1446.1
1082640 1449.9
1082650 1449.9
1082660 1457.0
1082670 1462.9
1082680 1462.9
1082690 1467.0
1082700 1470.4
1082710 1470.4
1082720 1474.5
1082730 1479.3
1082740 1479.3
1082750 1484.9
1082760 1486.2
1082770 1492.0
1082780 1492.0
1082790 1496.7
1082800 1500.8
1082810 1500.8
1082820 1504.5
1082830 1508.3
1082840 1508.3
1082850 1513.9
1082860 1520.9
1082870 1520.9
1082880 1527.6
1082890 1534.2
1082900 1534.2
1082910 1540.2
1082920 1546.0
1082930 1546.0
1082940 1552.6
1082950 1559.2
1082960 1559.2
1082970 1566.0
1082980 1572.0
1082990 1572.0
1083000 1578.0
1083010 1583.8
1083020 1583.8
1083030 1589.4
1083040 1594.9
1083050 1600.6
1083060 1600.6
1083070 1606.2
1083080 1611.1
1083090 1611.1
1083100 1616.5
1083110 1621.9
1083120 1621.9
1083130 1628.1
1083140 1634.2
1083150 1634.2
1083160 1640.7
1083170 1647.0
1083180 1647.0
1083190 1653.4
1083200 1659.8
1083210 1659.8
1083220 1666.1
1083230 1672.2
1083240 1672.2
1083250 1678.4
1083260 1684.4
1083270 1684.4
1083280 1690.3
1083290 1696.3
1083300 1702.4
1083310 1702.4
1083320 1708.0
1083330 1713.6
1083340 1713.6
1083350 1718.8
1083360 1723.9
1083370 1723.9
1083380 1728.9
1083390 1733.1
1083400 1733.1
1083410 1734.0
1083420 1732.5
1083430 1732.5
1083440 1731.2
1083450 1729.9
1083460 1729.9
1083470 1728.9
1083480 1728.3
1083490 1728.3
1083500 1727.6
1083510 1726.0
1083520 1726.0
1083530 1724.1
1083540 1721.6
1083550 1721.6
1083560 1718.5
1083570 1715.2
1083580 1710.5
1083590 1710.5
1083600 1705.4
1083610 1695.8
1083620 1695.8
1083630 1690.5
1083640 1686.0
1083650 1686.0
1083660 1680.8
1083670 1675.8
1083680 1675.8
1083690 1671.3
1083700 1666.7
1083710 1666.7
1083720 1662.6
1083730 1658.0
1083740 1658.0
1083750 1653.6
1083760 1649.1
1083770 1649.1
1083780 1644.5
1083790 1639.0
1083800 1639.0
1083810 1633.9
1083820 1628.4
1083830 1621.6
1083840 1621.6
1083850 1615.7
1083860 1611.8
1083870 1611.8
1083880 1608.3
1083890 1605.4
1083900 1605.4
1083910 1601.0
1083920 1595.9
1083930 1597.1
1083940 1591.4
1083950 1584.4
1083960 1584.4
1083970 1577.0
1083980 1569.7
1083990 1569.7
1084000 1563.2
1084010 1556.4
1084020 1556.4
1084030 1549.3
1084040 1542.7
1084050 1542.7
1084060 1538.3
1084070 1535.6
1084080 1535.6
1084090 1532.5
1084100 1529.2
1084110 1524.7
1084120 1524.7
1084130 1518.2
1084140 1511.0
1084150 1511.0
1084160 1505.5
1084170 1500.4
1084180 1500.4
1084190 1497.6
1084200 1494.3
1084210 1494.3
1084220 1491.0
1084230 1487.5
1084240 1490.5
1084250 1486.4
1084260 1482.5
1084270 1482.5
1084280 1476.6
1084290 1470.8
1084300 1470.8
1084310 1466.5
1084320 1467.6
1084330 1467.6
1084340 1467.5
1084350 1463.3
1084360 1460.8
1084370 1460.8
1084380 1466.7
1084390 1468.2
1084400 1468.2
1084410 1467.8
1084420 1469.3
1084430 1469.3
1084440 1469.5
1084450 1470.2
1084460 1470.2
1084470 1472.8
1084480 1475.4
1084490 1475.4
1084500 1477.3
1084510 1479.2
1084520 1479.2
1084530 1481.3
1084540 1483.8
1084550 1483.8
1084560 1491.0
1084570 1492.4
1084580 1492.4
1084590 1495.0
1084600 1501.9
1084610 1501.9
1084620 1507.3
1084630 1512.4
1084640 1518.6
1084650 1518.6
1084660 1525.0
1084670 1531.9
1084680 1531.9
1084690 1539.3
1084700 1546.1
1084710 1546.1
1084720 1552.1
1084730 1558.2
1084740 1558.2
1084750 1565.3
1084760 1572.7
1084770 1572.7
1084780 1580.5
1084790 1588.7
1084800 1588.7
1084810 1597.3
1084820 1605.4
1084830 1605.4
1084840 1611.4
1084850 1614.8
1084860 1614.8
1084870 1617.1
1084880 1625.9
1084890 1625.9
1084900 1626.8
1084910 1623.1
1084920 1611.9
1084930 1611.9
1084940 1600.6
1084950 1591.3
1084960 1591.3
1084970 1581.6
1084980 1572.7
1084990 1572.7
1085000 1569.3
1085010 1568.0
1085020 1568.0
1085030 1568.4
1085040 1566.5
1085050 1566.5
1085060 1561.0
1085070 1564.4
1085080 1564.4
1085090 1569.7
1085100 1571.6
1085110 1571.6
1085120 1571.4
1085130 1571.3
1085140 1571.3
1085150 1572.8
1085160 1572.8
1085170 1567.6
1085180 1567.6
1085190 1564.0
1085200 1573.0
1085210 1573.0
1085220 1578.8
1085230 1582.0
1085240 1582.0
1085250 1582.7
1085260 1582.8
1085270 1582.8
1085280 1583.3
1085290 1583.9
1085300 1583.9
1085310 1581.9
1085320 1577.9
1085330 1577.9
1085340 1581.4
1085350 1588.0
1085360 1588.0
1085370 1592.4
1085380 1595.4
1085390 1595.4
1085400 1597.9
1085410 1600.0
1085420 1600.0
1085430 1601.6
1085440 1602.7
1085450 1603.7
1085460 1603.7
1085470 1604.8
1085480 1604.9
1085490 1604.9
1085500 1607.5
1085510 1611.8
1085520 1616.5
1085530 1620.6
1085540 1626.8
1085550 1626.8
1085560 1633.0
1085570 1641.2
1085580 1641.2
1085590 1647.0
1085600 1653.0
1085610 1653.0
1085620 1664.4
1085630 1673.1
1085640 1673.1
1085650 1676.3
1085660 1669.2
1085670 1669.2
1085680 1665.1
1085690 1665.2
1085700 1657.6
1085710 1657.6
1085720 1650.6
1085730 1649.0
1085740 1649.0
1085750 1648.0
1085760 1645.8
1085770 1645.8
1085780 1644.8
1085790 1646.9
1085800 1646.9
1085810 1650.2
1085820 1655.1
1085830 1655.1
1085840 1662.9
1085850 1663.6
1085860 1663.6
1085870 1660.0
1085880 1658.2
1085890 1658.2
1085900 1659.4
1085910 1658.9
1085920 1658.9
1085930 1661.3
1085940 1664.6
1085950 1664.6
1085960 1669.2
1085970 1671.5
1085980 1673.3
1085990 1673.3
1086000 1676.6
1086010 1680.6
1086020 1680.6
1086030 1685.9
1086040 1697.4
1086050 1697.4
1086060 1707.5
1086070 1713.6
1086080 1713.6
1086090 1720.8
1086100 1727.8
1086110 1727.8
1086120 1735.5
1086130 1742.8
1086140 1742.8
1086150 1744.8
1086160 1730.6
1086170 1730.6
1086180 1722.6
1086190 1715.4
1086200 1715.4
1086210 1708.0
1086220 1701.0
1086230 1696.3
1086240 1696.3
1086250 1688.3
1086260 1673.6
1086270 1673.6
1086280 1653.9
1086290 1643.5
1086300 1643.5
1086310 1635.7
1086320 1628.0
1086330 1628.0
1086340 1621.4
1086350 1614.6
1086360 1614.6
1086370 1608.8
1086380 1602.2
1086390 1602.2
1086400 1595.2
1086410 1588.9
1086420 1588.9
1086430 1583.0
1086440 1577.3
1086450 1577.3
1086460 1571.8
1086470 1567.0
1086480 1569.9
1086490 1565.0
1086500 1560.0
1086510 1554.6
1086520 1554.6
1086530 1549.6
1086540 1545.7
1086550 1545.7
1086560 1540.7
1086570 1534.8
1086580 1534.8
1086590 1529.5
1086600 1523.8
1086610 1523.8
1086620 1518.4
1086630 1513.2
1086640 1513.2
1086650 1507.9
1086660 1502.9
1086670 1502.9
1086680 1498.3
1086690 1493.6
1086700 1493.6
1086710 1489.0
1086720 1484.4
1086730 1484.4
1086740 1480.4
1086750 1476.3
1086760 1472.0
1086770 1472.0
1086780 1468.1
1086790 1464.3
1086800 1466.1
1086810 1462.3
1086820 1458.5
1086830 1458.5
1086840 1455.1
1086850 1451.8
1086860 1451.8
1086870 1448.5
1086880 1445.4
1086890 1445.4
1086900 1442.3
1086910 1439.4
1086920 1439.4
1086930 1436.0
1086940 1433.9
1086950 1433.9
1086960 1433.0
1086970 1431.3
1086980 1431.3
1086990 1428.9
1087000 1427.4
1087010 1427.4
1087020 1426.3
1087030 1425.2
1087040 1423.5
1087050 1423.5
1087060 1422.3
1087070 1421.4
1087080 1421.4
1087090 1420.3
1087100 1419.7
1087110 1419.7
1087120 1423.4
1087130 1425.0
1087140 1425.0
1087150 1427.5
1087160 1429.6
1087170 1429.6
1087180 1432.3
1087190 1434.6
1087200 1434.6
1087210 1437.0
1087220 1439.0
1087230 1439.0
1087240 1441.4
1087250 1444.9
1087260 1444.9
1087270 1447.9
1087280 1451.5
1087290 1455.0
1087300 1455.0
1087310 1458.7
1087320 1462.8
1087330 1462.8
1087340 1468.1
1087350 1473.0
1087360 1473.0
1087370 1477.3
1087380 1480.4
1087390 1480.4
1087400 1483.3
1087410 1486.6
1087420 1486.6
1087430 1490.3
1087440 1498.9
1087450 1498.9
1087460 1502.8
1087470 1506.7
1087480 1506.7
1087490 1510.8
1087500 1514.7
1087510 1514.7
1087520 1517.8
1087530 1520.3
1087540 1520.3
1087550 1522.5
1087560 1525.7
1087570 1529.9
1087580 1529.9
1087590 1535.8
1087600 1541.6
1087610 1541.6
1087620 1547.0
1087630 1552.2
1087640 1552.2
1087650 1557.8
1087660 1563.7
1087670 1563.7
1087680 1569.9
1087690 1576.0
1087700 1576.0
1087710 1582.1
1087720 1587.0
1087730 1587.0
1087740 1591.6
1087750 1596.1
1087760 1599.9
1087770 1604.6
1087780 1608.5
1087790 1608.5
1087800 1613.0
1087810 1619.0
1087820 1624.5
1087830 1624.5
1087840 1629.5
1087850 1632.5
1087860 1632.5
1087870 1630.8
1087880 1632.3
1087890 1632.3
1087900 1635.4
1087910 1640.4
1087920 1640.4
1087930 1646.6
1087940 1651.8
1087950 1651.8
1087960 1652.3
1087970 1651.3
1087980 1651.3
1087990 1662.3
1088000 1675.2
1088010 1675.2
1088020 1688.3
1088030 1697.5
1088040 1697.5
1088050 1701.3
1088060 1713.2
1088070 1713.2
1088080 1735.3
1088090 1748.3
1088100 1761.4
1088110 1761.4
1088120 1765.7
1088130 1766.8
1088140 1766.8
1088150 1773.8
1088160 1776.0
1088170 1776.0
1088180 1783.0
1088190 1794.3
1088200 1794.3
1088210 1798.4
1088220 1803.7
1088230 1803.7
1088240 1808.7
1088250 1814.7
1088260 1814.7
1088270 1815.9
1088280 1811.0
1088290 1811.0
1088300 1817.2
1088310 1828.5
1088320 1828.5
1088330 1838.9
1088340 1847.9
1088350 1857.1
1088360 1857.1
1088370 1865.7
1088380 1871.5
1088390 1871.5
1088400 1885.7
1088410 1890.4
1088420 1890.4
1088430 1891.8
1088440 1894.1
1088450 1894.1
1088460 1898.2
1088470 1902.3
1088480 1902.3
1088490 1909.8
1088500 1916.5
1088510 1916.5
1088520 1923.5
1088530 1931.0
1088540 1931.0
1088550 1939.1
1088560 1946.5
1088570 1946.5
1088580 1953.8
1088590 1958.8
1088600 1958.8
1088610 1957.5
1088620 1952.6
1088630 1947.9
1088640 1947.9
1088650 1942.6
1088660 1936.9
1088670 1936.9
1088680 1932.9
1088690 1929.8
1088700 1929.8
1088710 1925.9
1088720 1914.2
1088730 1914.2
1088740 1911.2
1088750 1908.0
1088760 1908.0
1088770 1906.3
1088780 1904.2
1088790 1904.2
1088800 1902.4
1088810 1900.7
1088820 1900.7
1088830 1900.6
1088840 1899.8
1088850 1899.8
1088860 1894.8
1088870 1889.0
1088880 1889.0
1088890 1882.0
1088900 1874.8
1088910 1871.7
1088920 1871.7
1088930 1865.8
1088940 1859.8
1088950 1859.8
1088960 1854.5
1088970 1853.4
1088980 1853.4
1088990 1856.0
1089000 1859.1
1089010 1859.1
1089020 1864.1
1089030 1862.0
1089040 1875.3
1089050 1871.9
1089060 1867.8
1089070 1867.8
1089080 1859.5
1089090 1844.8
1089100 1844.8
1089110 1833.6
1089120 1828.9
1089130 1828.9
1089140 1823.5
1089150 1824.9
1089160 1834.3
1089170 1834.3
1089180 1837.7
1089190 1835.9
1089200 1835.9
1089210 1827.4
1089220 1823.1
1089230 1823.1
1089240 1830.8
1089250 1840.7
1089260 1840.7
1089270 1846.9
1089280 1854.0
1089290 1854.0
1089300 1866.1
1089310 1873.0
1089320 1873.0
1089330 1875.4
1089340 1873.7
1089350 1873.7
1089360 1879.6
1089370 1878.4
1089380 1878.4
1089390 1876.9
1089400 1872.9
1089410 1872.9
1089420 1869.0
1089430 1866.2
1089440 1862.8
1089450 1862.8
1089460 1858.5
1089470 1858.4
1089480 1858.4
1089490 1860.2
1089500 1859.3
1089510 1859.3
1089520 1860.5
1089530 1859.2
1089540 1859.2
1089550 1856.9
1089560 1859.7
1089570 1859.7
1089580 1860.2
1089590 1856.3
1089600 1856.3
1089610 1851.6
1089620 1849.9
1089630 1849.9
1089640 1851.3
1089650 1851.2
1089660 1851.2
1089670 1853.4
1089680 1870.7
1089690 1876.7
1089700 1876.7
1089710 1881.6
1089720 1884.7
1089730 1884.7
1089740 1885.6
1089750 1884.3
1089760 1884.3
1089770 1886.3
1089780 1895.4
1089790 1895.4
1089800 1911.1
1089810 1924.6
1089820 1924.6
1089830 1925.3
1089840 1920.9
1089850 1920.9
1089860 1916.6
1089870 1912.7
1089880 1912.7
1089890 1908.0
1089900 1902.9
1089910 1902.9
1089920 1897.2
1089930 1890.8
1089940 1890.8
1089950 1884.8
1089960 1879.4
1089970 1874.7
1089980 1874.7
1089990 1872.3
1090000 1868.9
1090010 1863.6
1090020 1860.0
1090030 1855.3
1090040 1855.3
1090050 1850.6
1090060 1844.0
1090070 1844.0
1090080 1837.6
1090090 1832.9
1090100 1832.9
1090110 1828.4
1090120 1823.7
1090130 1823.7
1090140 1819.3
1090150 1819.1
1090160 1819.1
1090170 1816.1
1090180 1811.2
1090190 1811.2
1090200 1808.7
1090210 1805.6
1090220 1802.9
1090230 1802.9
1090240 1799.5
1090250 1798.0
1090260 1798.0
1090270 1795.5
1090280 1792.5
1090290 1792.5
1090300 1788.3
1090310 1785.1
1090320 1785.1
1090330 1775.8
1090340 1773.1
1090350 1773.1
1090360 1771.9
1090370 1770.1
1090380 1770.1
1090390 1769.6
1090400 1768.1
1090410 1768.1
1090420 1766.7
1090430 1765.6
1090440 1765.6
1090450 1765.3
1090460 1764.5
1090470 1764.5
1090480 1760.4
1090490 1760.5
1090500 1758.3
1090510 1758.3
1090520 1748.0
1090530 1734.3
1090540 1734.3
1090550 1721.3
1090560 1712.0
1090570 1712.0
1090580 1705.5
1090590 1698.8
1090600 1698.8
1090610 1691.4
1090620 1683.3
1090630 1683.3
1090640 1675.3
1090650 1666.4
1090660 1666.4
1090670 1658.9
1090680 1652.6
1090690 1652.6
1090700 1646.7
1090710 1640.7
1090720 1640.7
1090730 1635.4
1090740 1630.2
1090750 1624.3
1090760 1624.3
1090770 1618.1
1090780 1612.2
1090790 1612.2
1090800 1606.1
1090810 1598.0
1090820 1598.0
1090830 1588.5
1090840 1582.7
1090850 1582.7
1090860 1583.0
1090870 1584.5
1090880 1584.5
1090890 1582.3
1090900 1578.5
1090910 1578.5
1090920 1571.5
1090930 1563.9
1090940 1563.9
1090950 1558.1
1090960 1553.3
1090970 1553.3
1090980 1548.3
1090990 1540.3
1091000 1540.3
1091010 1541.3
1091020 1544.9
1091030 1549.1
1091040 1549.1
1091050 1552.3
1091060 1556.3
1091070 1556.3
1091080 1561.0
1091090 1565.0
1091100 1565.0
1091110 1569.2
1091120 1573.3
1091130 1573.3
1091140 1578.9
1091150 1583.5
1091160 1583.5
1091170 1587.5
1091180 1591.9
1091190 1591.9
1091200 1596.9
1091210 1602.1
1091220 1602.1
1091230 1605.0
1091240 1609.6
1091250 1609.6
1091260 1615.4
1091270 1619.9
1091280 1624.5
1091290 1624.5
1091300 1623.5
1091310 1628.4
1091320 1628.4
1091330 1631.1
1091340 1635.4
1091350 1635.4
1091360 1642.5
1091370 1649.3
1091380 1649.3
1091390 1655.8
1091400 1661.2
1091410 1661.2
1091420 1667.0
1091430 1673.5
1091440 1673.5
1091450 1681.5
1091460 1692.1
1091470 1692.1
1091480 1697.0
1091490 1702.2
1091500 1702.2
1091510 1709.6
1091520 1714.3
1091530 1714.3
1091540 1716.6
1091550 1718.0
1091560 1718.0
1091570 1718.0
1091580 1717.9
1091590 1721.9
1091600 1721.9
1091610 1727.5
1091620 1725.9
1091630 1725.9
1091640 1731.4
1091650 1736.4
1091660 1736.4
1091670 1741.3
1091680 1744.3
1091690 1744.3
1091700 1745.4
1091710 1748.7
1091720 1748.7
1091730 1754.2
1091740 1753.2
1091750 1753.2
1091760 1752.3
1091770 1751.8
1091780 1751.8
1091790 1755.4
1091800 1760.3
1091810 1764.8
1091820 1764.8
1091830 1767.0
1091840 1767.3
1091850 1767.3
1091860 1767.8
1091870 1771.5
1091880 1771.5
1091890 1774.7
1091900 1771.2
1091910 1771.2
1091920 1761.7
1091930 1753.0
1091940 1753.0
1091950 1748.1
1091960 1742.3
1091970 1742.3
1091980 1735.6
1091990 1728.8
1092000 1728.8
1092010 1723.1
1092020 1716.6
1092030 1716.6
1092040 1709.7
1092050 1703.8
1092060 1703.8
1092070 1697.7
1092080 1692.0
1092090 1685.5
1092100 1685.5
1092110 1679.5
1092120 1673.8
1092130 1673.8
1092140 1669.1
1092150 1665.4
1092160 1665.4
1092170 1661.0
1092180 1656.8
1092190 1656.8
1092200 1651.7
1092210 1646.5
1092220 1646.5
1092230 1641.2
1092240 1635.0
1092250 1635.0
1092260 1624.6
1092270 1620.1
1092280 1620.1
1092290 1611.3
1092300 1602.4
1092310 1602.4
1092320 1592.7
1092330 1583.2
1092340 1574.3
1092350 1574.3
1092360 1566.5
1092370 1558.5
1092380 1558.5
1092390 1550.3
1092400 1541.1
1092410 1541.1
1092420 1532.8
1092430 1524.5
1092440 1524.5
1092450 1516.9
1092460 1510.2
1092470 1510.2
1092480 1504.0
1092490 1498.0
1092500 1498.0
1092510 1492.1
1092520 1486.5
1092530 1486.5
1092540 1481.3
1092550 1475.4
1092560 1475.4
1092570 1469.6
1092580 1464.1
1092590 1464.1
1092600 1460.7
1092610 1455.5
1092620 1450.3
1092630 1450.3
1092640 1444.9
1092650 1440.0
1092660 1440.0
1092670 1435.2
1092680 1430.5
1092690 1430.5
1092700 1426.0
1092710 1421.4
1092720 1421.4
1092730 1416.9
1092740 1412.8
1092750 1412.8
1092760 1407.7
1092770 1403.6
1092780 1403.6
1092790 1399.2
1092800 1392.6
1092810 1392.6
1092820 1393.3
1092830 1399.7
1092840 1399.7
1092850 1403.8
1092860 1409.1
1092870 1415.0
1092880 1415.0
1092890 1412.2
1092900 1413.7
1092910 1413.7
1092920 1417.2
1092930 1420.1
1092940 1420.1
1092950 1422.8
1092960 1427.6
1092970 1427.6
1092980 1431.6
1092990 1435.3
1093000 1435.3
1093010 1437.3
1093020 1439.2
1093030 1439.2
1093040 1440.5
1093050 1446.6
1093060 1446.6
1093070 1453.5
1093080 1459.7
1093090 1459.7
1093100 1463.6
1093110 1469.9
1093120 1469.9
1093130 1476.0
1093140 1479.2
1093150 1485.2
1093160 1485.2
1093170 1491.6
1093180 1497.0
1093190 1497.0
1093200 1501.1
1093210 1504.4
1093220 1504.4
1093230 1507.3
1093240 1510.0
1093250 1503.3
1093260 1504.8
1093270 1506.8
1093280 1506.8
1093290 1507.3
1093300 1508.3
1093310 1508.3
1093320 1510.0
1093330 1513.8
1093340 1513.8
1093350 1519.0
1093360 1525.1
1093370 1525.1
1093380 1528.8
1093390 1531.6
1093400 1533.0
1093410 1533.0
1093420 1534.1
1093430 1536.3
1093440 1536.3
1093450 1540.2
1093460 1546.1
1093470 1546.1
1093480 1553.3
1093490 1560.0
1093500 1560.0
1093510 1566.6
1093520 1571.5
1093530 1571.5
1093540 1576.7
1093550 1586.2
1093560 1586.2
1093570 1591.6
1093580 1598.9
1093590 1598.9
1093600 1605.4
1093610 1610.7
1093620 1610.7
1093630 1611.9
1093640 1612.1
1093650 1612.1
1093660 1611.4
1093670 1608.4
1093680 1602.3
1093690 1602.3
1093700 1595.6
1093710 1589.8
1093720 1589.8
1093730 1584.7
1093740 1581.6
1093750 1581.6
1093760 1580.0
1093770 1578.8
1093780 1578.8
1093790 1575.3
1093800 1568.2
1093810 1568.2
1093820 1561.2
1093830 1555.8
1093840 1555.8
1093850 1549.0
1093860 1542.2
1093870 1542.2
1093880 1537.4
1093890 1531.5
1093900 1530.4
1093910 1525.2
1093920 1518.9
1093930 1518.9
1093940 1512.7
1093950 1508.2
1093960 1503.6
1093970 1503.6
1093980 1498.7
1093990 1493.5
1094000 1493.5
1094010 1487.5
1094020 1481.5
1094030 1481.5
1094040 1474.8
1094050 1468.3
1094060 1468.3
1094070 1462.8
1094080 1457.9
1094090 1457.9
1094100 1453.3
1094110 1447.0
1094120 1447.0
1094130 1441.9
1094140 1436.5
1094150 1436.5
1094160 1430.9
1094170 1425.9
1094180 1425.9
1094190 1422.2
1094200 1421.5
1094210 1417.7
1094220 1413.0
1094230 1408.6
1094240 1405.8
1094250 1405.8
1094260 1409.3
1094270 1417.2
1094280 1417.2
1094290 1426.2
1094300 1431.1
1094310 1431.1
1094320 1436.4
1094330 1441.0
1094340 1441.0
1094350 1446.9
1094360 1452.9
1094370 1452.9
1094380 1461.1
1094390 1468.4
1094400 1468.4
1094410 1474.4
1094420 1480.0
1094430 1480.0
1094440 1485.0
1094450 1487.1
1094460 1487.1
1094470 1489.9
1094480 1497.0
1094490 1508.6
1094500 1508.6
1094510 1517.4
1094520 1526.2
1094530 1526.2
1094540 1533.1
1094550 1533.2
1094560 1533.2
1094570 1536.6
1094580 1539.5
1094590 1539.5
1094600 1542.0
1094610 1549.0
1094620 1549.0
1094630 1557.5
1094640 1563.0
1094650 1563.0
1094660 1567.3
1094670 1569.8
1094680 1569.8
1094690 1572.1
1094700 1575.7
1094710 1575.7
1094720 1581.8
1094730 1588.0
1094740 1593.7
1094750 1593.7
1094760 1599.5
1094770 1605.1
1094780 1605.1
1094790 1610.6
1094800 1615.0
1094810 1615.0
1094820 1619.7
1094830 1624.8
1094840 1624.8
1094850 1630.0
1094860 1634.9
1094870 1634.9
1094880 1639.5
1094890 1646.4
1094900 1646.4
1094910 1651.8
1094920 1655.4
1094930 1655.4
1094940 1657.6
1094950 1660.5
1094960 1660.5
1094970 1664.4
1094980 1669.0
1094990 1669.0
1095000 1676.7
1095010 1684.7
1095020 1693.0
1095030 1693.0
1095040 1701.2
1095050 1708.2
1095060 1708.2
1095070 1713.0
1095080 1721.0
1095090 1721.0
1095100 1726.8
1095110 1727.8
1095120 1727.8
1095130 1724.1
1095140 1717.8
1095150 1717.8
1095160 1712.6
1095170 1707.9
1095180 1707.9
1095190 1703.6
1095200 1695.1
1095210 1695.1
1095220 1691.4
1095230 1688.7
1095240 1688.7
1095250 1686.3
1095260 1682.8
1095270 1681.7
1095280 1681.7
1095290 1679.3
1095300 1676.0
1095310 1676.0
1095320 1675.4
1095330 1673.5
1095340 1673.5
1095350 1672.0
1095360 1672.6
1095370 1672.6
1095380 1674.6
1095390 1676.9
1095400 1676.9
1095410 1679.2
1095420 1682.8
1095430 1682.8
1095440 1685.9
1095450 1687.9
1095460 1687.9
1095470 1689.6
1095480 1693.0
1095490 1693.0
1095500 1696.0
1095510 1700.0
1095520 1700.0
1095530 1699.4
1095540 1703.8
1095550 1708.2
1095560 1708.2
1095570 1712.7
1095580 1716.8
1095590 1716.8
1095600 1719.9
1095610 1722.1
1095620 1722.1
1095630 1724.6
1095640 1726.4
1095650 1726.4
1095660 1727.4
1095670 1730.6
1095680 1730.6
1095690 1733.3
1095700 1736.8
1095710 1736.8
1095720 1740.3
1095730 1744.0
1095740 1744.0
1095750 1748.2
1095760 1751.8
1095770 1751.8
1095780 1755.5
1095790 1759.3
1095800 1763.3
1095810 1763.3
1095820 1767.4
1095830 1771.7
1095840 1771.7
1095850 1775.5
1095860 1773.5
1095870 1773.5
1095880 1777.6
1095890 1782.2
1095900 1782.2
1095910 1786.3
1095920 1790.1
1095930 1790.1
1095940 1793.6
1095950 1797.1
1095960 1797.1
1095970 1800.3
1095980 1802.8
1095990 1802.8
1096000 1804.8
1096010 1806.1
1096020 1806.1
1096030 1806.6
1096040 1805.9
1096050 1805.9
1096060 1804.4
1096070 1801.6
1096080 1796.9
1096090 1796.9
1096100 1792.0
1096110 1791.3
1096120 1791.3
1096130 1789.6
1096140 1788.1
1096150 1788.1
1096160 1788.6
1096170 1788.5
1096180 1781.7
1096190 1780.2
1096200 1777.2
1096210 1777.2
1096220 1775.7
1096230 1774.7
1096240 1774.7
1096250 1772.8
1096260 1769.5
1096270 1769.5
1096280 1766.2
1096290 1763.0
1096300 1763.0
1096310 1759.1
1096320 1755.6
1096330 1752.7
1096340 1752.7
1096350 1750.2
1096360 1747.9
1096370 1747.9
1096380 1746.3
1096390 1744.5
1096400 1744.5
1096410 1741.7
1096420 1739.6
1096430 1739.6
1096440 1737.0
1096450 1734.5
1096460 1734.5
1096470 1731.6
1096480 1727.7
1096490 1727.7
1096500 1722.1
1096510 1712.8
1096520 1712.8
1096530 1706.9
1096540 1700.4
1096550 1700.4
1096560 1693.6
1096570 1687.5
1096580 1687.5
1096590 1680.3
1096600 1673.2
1096610 1665.7
1096620 1665.7
1096630 1658.6
1096640 1651.6
1096650 1651.6
1096660 1645.0
1096670 1638.2
1096680 1638.2
1096690 1630.7
1096700 1621.9
1096710 1621.9
1096720 1614.2
1096730 1607.4
1096740 1607.4
1096750 1600.4
1096760 1593.7
1096770 1593.7
1096780 1587.1
1096790 1580.8
1096800 1580.8
1096810 1574.3
1096820 1568.1
1096830 1568.1
1096840 1562.0
1096850 1554.7
1096860 1548.1
1096870 1548.1
1096880 1542.1
1096890 1536.4
1096900 1536.4
1096910 1530.0
1096920 1522.7
1096930 1522.7
1096940 1516.8
1096950 1509.7
1096960 1509.7
1096970 1503.2
1096980 1497.1
1096990 1497.1
1097000 1491.3
1097010 1486.1
1097020 1486.1
1097030 1480.7
1097040 1474.6
1097050 1474.6
1097060 1467.4
1097070 1459.3
1097080 1459.3
1097090 1451.6
1097100 1442.8
1097110 1442.8
1097120 1433.8
1097130 1425.1
1097140 1417.3
1097150 1417.3
1097160 1409.7
1097170 1403.8
1097180 1403.8
1097190 1395.5
1097200 1387.7
1097210 1387.7
1097220 1379.8
1097230 1372.2
1097240 1372.2
1097250 1364.6
1097260 1356.7
1097270 1356.7
1097280 1348.3
1097290 1340.4
1097300 1340.4
1097310 1332.3
1097320 1324.0
1097330 1324.0
1097340 1316.3
1097350 1308.9
1097360 1308.9
1097370 1301.3
1097380 1293.0
1097390 1286.1
1097400 1286.1
1097410 1279.6
1097420 1273.6
1097430 1273.6
1097440 1267.1
1097450 1256.1
1097460 1256.1
1097470 1234.3
1097480 1217.9
1097490 1217.9
1097500 1221.0
1097510 1212.8
1097520 1212.8
1097530 1210.3
1097540 1205.4
1097550 1205.4
1097560 1199.0
1097570 1191.4
1097580 1191.4
1097590 1183.6
1097600 1164.7
1097610 1164.7
1097620 1145.0
1097630 1131.1
1097640 1131.1
1097650 1118.2
1097660 1108.6
1097670 1103.9
1097680 1103.9
1097690 1101.1
1097700 1100.5
1097710 1100.5
1097720 1097.0
1097730 1086.9
1097740 1086.9
1097750 1076.4
1097760 1067.3
1097770 1067.3
1097780 1058.7
1097790 1049.1
1097800 1049.1
1097810 1039.8
1097820 1035.5
1097830 1035.5
1097840 1025.7
1097850 1016.0
1097860 1016.0
1097870 1006.6
1097880 994.1
1097890 994.1
1097900 982.0
1097910 969.3
1097920 954.2
1097930 954.2
1097940 942.7
1097950 932.8
1097960 932.8
1097970 919.7
1097980 909.5
1097990 909.5
1098000 901.7
1098010 890.7
1098020 890.7
1098030 882.1
1098040 875.6
1098050 875.6
1098060 874.3
1098070 877.3
1098080 877.3
1098090 883.5
1098100 889.4
1098110 889.4
1098120 898.0
1098130 906.7
1098140 906.7
1098150 911.2
1098160 921.1
1098170 921.1
1098180 929.6
1098190 931.2
1098200 933.4
1098210 933.4
1098220 937.4
1098230 938.1
1098240 938.1
1098250 940.0
1098260 952.0
1098270 952.0
1098280 959.9
1098290 962.2
1098300 962.2
1098310 967.4
1098320 975.0
1098330 975.0
1098340 980.3
1098350 984.9
1098360 984.9
1098370 989.8
1098380 995.2
1098390 995.2
1098400 997.8
1098410 1000.0
1098420 1000.0
1098430 1005.0
1098440 1011.4
1098450 1016.9
1098460 1016.9
1098470 1021.8
1098480 1023.3
1098490 1023.3
1098500 1028.4
1098510 1032.1
1098520 1032.1
1098530 1036.7
1098540 1042.2
1098550 1042.2
1098560 1046.3
1098570 1048.4
1098580 1048.4
1098590 1050.8
1098600 1054.9
1098610 1054.9
1098620 1057.9
1098630 1057.3
1098640 1057.3
1098650 1053.0
1098660 1052.8
1098670 1052.8
1098680 1053.8
1098690 1052.8
1098700 1052.8
1098710 1058.3
1098720 1066.7
1098730 1070.3
1098740 1070.3
1098750 1072.8
1098760 1078.6
1098770 1078.6
1098780 1085.3
1098790 1091.6
1098800 1091.6
1098810 1093.0
1098820 1098.4
1098830 1098.4
1098840 1104.0
1098850 1109.7
1098860 1109.7
1098870 1115.7
1098880 1121.5
1098890 1121.5
1098900 1124.8
1098910 1128.6
1098920 1128.6
1098930 1136.2
1098940 1146.1
1098950 1146.1
1098960 1156.8
1098970 1165.1
1098980 1171.8
1098990 1171.8
1099000 1178.0
1099010 1181.1
1099020 1181.1
1099030 1183.9
1099040 1193.1
1099050 1193.1
1099060 1202.2
1099070 1209.8
1099080 1209.8
1099090 1216.5
1099100 1223.5
1099110 1223.5
1099120 1230.5
1099130 1238.0
1099140 1232.8
1099150 1240.4
1099160 1246.2
1099170 1246.2
1099180 1254.4
1099190 1261.2
1099200 1261.2
1099210 1267.9
1099220 1274.5
1099230 1274.5
1099240 1282.0
1099250 1289.1
1099260 1295.9
1099270 1295.9
1099280 1302.8
1099290 1309.0
1099300 1309.0
1099310 1315.5
1099320 1322.0
1099330 1322.0
1099340 1328.7
1099350 1335.0
1099360 1335.0
1099370 1340.8
1099380 1346.8
1099390 1346.8
1099400 1353.3
1099410 1360.4
1099420 1360.4
1099430 1367.1
1099440 1373.0
1099450 1373.0
1099460 1377.6
1099470 1377.3
1099480 1377.3
1099490 1381.5
1099500 1385.2
1099510 1388.0
1099520 1388.0
1099530 1386.7
1099540 1376.1
1099550 1376.1
1099560 1362.3
1099570 1353.6
1099580 1353.6
1099590 1346.2
1099600 1340.1
1099610 1340.1
1099620 1334.9
1099630 1334.3
1099640 1334.3
1099650 1335.7
1099660 1336.7
1099670 1336.7
1099680 1337.0
1099690 1336.4
1099700 1336.4
1099710 1335.2
1099720 1333.6
1099730 1333.6
1099740 1332.0
1099750 1329.3
1099760 1329.3
1099770 1325.0
1099780 1318.9
1099790 1311.3
1099800 1307.7
1099810 1301.1
1099820 1294.9
1099830 1294.9
1099840 1289.0
1099850 1284.3
1099860 1284.3
1099870 1280.4
1099880 1277.2
1099890 1277.2
1099900 1274.0
1099910 1271.1
1099920 1271.1
1099930 1267.9
1099940 1264.9
1099950 1264.9
1099960 1261.7
1099970 1258.5
1099980 1258.5
1099990 1255.7
