1080000 1263.1
1080010 1264.1
1080020 1265.5
1080030 1265.3
1080040 1265.3
1080050 1269.0
1080060 1273.5
1080070 1273.5
1080080 1278.1
1080090 1284.0
1080100 1284.0
1080110 1290.6
1080120 1297.5
1080130 1297.5
1080140 1303.8
1080150 1304.2
1080160 1304.2
1080170 1309.9
1080180 1318.4
1080190 1318.4
1080200 1324.6
1080210 1329.8
1080220 1329.8
1080230 1336.0
1080240 1343.5
1080250 1343.5
1080260 1350.0
1080270 1357.9
1080280 1368.4
1080290 1368.4
1080300 1378.5
1080310 1386.1
1080320 1386.1
1080330 1391.2
1080340 1398.1
1080350 1398.1
1080360 1408.2
1080370 1417.4
1080380 1417.4
1080390 1424.2
1080400 1431.8
1080410 1431.8
1080420 1439.0
1080430 1445.1
1080440 1445.1
1080450 1452.9
1080460 1451.7
1080470 1451.7
1080480 1458.5
1080490 1468.0
1080500 1468.0
1080510 1475.7
1080520 1483.2
1080530 1483.2
1080540 1499.0
1080550 1511.3
1080560 1519.9
1080570 1519.9
1080580 1524.8
1080590 1529.8
1080600 1529.8
1080610 1535.3
1080620 1541.8
1080630 1541.8
1080640 1549.8
1080650 1558.1
1080660 1558.1
1080670 1560.4
1080680 1558.9
1080690 1558.9
1080700 1556.9
1080710 1554.2
1080720 1554.2
1080730 1551.9
1080740 1551.9
1080750 1551.9
1080760 1552.4
1080770 1552.6
1080780 1557.5
1080790 1555.3
1080800 1552.0
1080810 1548.1
1080820 1548.1
1080830 1544.0
1080840 1539.9
1080850 1539.9
1080860 1535.9
1080870 1532.2
1080880 1532.2
1080890 1528.4
1080900 1524.3
1080910 1524.3
1080920 1520.1
1080930 1516.1
1080940 1516.1
1080950 1513.1
1080960 1510.0
1080970 1510.0
1080980 1506.7
1080990 1503.3
1081000 1503.3
1081010 1500.9
1081020 1499.0
1081030 1499.0
1081040 1497.1
1081050 1495.1
1081060 1495.1
1081070 1493.2
1081080 1491.4
1081090 1491.7
1081100 1491.7
1081110 1489.9
1081120 1489.2
1081130 1489.2
1081140 1490.7
1081150 1494.2
1081160 1494.2
1081170 1498.4
1081180 1502.0
1081190 1502.0
1081200 1505.6
1081210 1508.5
1081220 1508.5
1081230 1510.6
1081240 1512.9
1081250 1512.9
1081260 1514.9
1081270 1517.0
1081280 1517.0
1081290 1519.3
1081300 1521.2
1081310 1521.2
1081320 1522.2
1081330 1524.6
1081340 1524.6
1081350 1527.5
1081360 1530.7
1081370 1532.4
1081380 1532.4
1081390 1532.3
1081400 1532.0
1081410 1527.8
1081420 1527.4
1081430 1527.6
1081440 1527.6
1081450 1528.7
1081460 1530.2
1081470 1530.2
1081480 1532.2
1081490 1534.0
1081500 1534.0
1081510 1535.0
1081520 1534.6
1081530 1534.6
1081540 1534.0
1081550 1534.7
1081560 1534.7
1081570 1536.1
1081580 1536.6
1081590 1536.6
1081600 1536.7
1081610 1536.2
1081620 1535.5
1081630 1535.5
1081640 1533.3
1081650 1531.2
1081660 1531.2
1081670 1529.8
1081680 1528.9
1081690 1528.9
1081700 1528.1
1081710 1528.7
1081720 1525.8
1081730 1527.2
1081740 1528.7
1081750 1528.7
1081760 1530.2
1081770 1531.1
1081780 1531.1
1081790 1531.6
1081800 1531.5
1081810 1531.5
1081820 1529.8
1081830 1527.1
1081840 1527.1
1081850 1524.7
1081860 1523.6
1081870 1523.6
1081880 1522.6
1081890 1521.9
1081900 1521.5
1081910 1521.5
1081920 1522.0
1081930 1524.1
1081940 1524.1
1081950 1525.8
1081960 1526.1
1081970 1526.1
1081980 1526.0
1081990 1526.2
1082000 1526.2
1082010 1525.8
1082020 1526.0
1082030 1526.0
1082040 1520.9
1082050 1522.5
1082060 1522.5
1082070 1522.9
1082080 1522.4
1082090 1522.4
1082100 1521.5
1082110 1520.3
1082120 1520.3
1082130 1519.0
1082140 1517.1
1082150 1514.4
1082160 1514.4
1082170 1512.7
1082180 1512.0
1082190 1512.0
1082200 1511.4
1082210 1513.2
1082220 1513.2
1082230 1516.8
1082240 1519.6
1082250 1519.6
1082260 1521.7
1082270 1522.3
1082280 1522.3
1082290 1523.5
1082300 1525.2
1082310 1525.2
1082320 1527.1
1082330 1531.4
1082340 1531.4
1082350 1533.3
1082360 1527.3
1082370 1527.3
1082380 1527.7
1082390 1527.9
1082400 1527.9
1082410 1527.7
1082420 1527.3
1082430 1525.8
1082440 1525.8
1082450 1523.4
1082460 1520.3
1082470 1520.3
1082480 1516.4
1082490 1512.7
1082500 1512.7
1082510 1511.5
1082520 1510.8
1082530 1510.8
1082540 1510.5
1082550 1510.3
1082560 1510.3
1082570 1509.5
1082580 1508.6
1082590 1508.6
1082600 1508.3
1082610 1508.0
1082620 1508.0
1082630 1508.1
1082640 1509.5
1082650 1509.5
1082660 1511.0
1082670 1516.5
1082680 1518.5
1082690 1518.5
1082700 1519.6
1082710 1520.3
1082720 1520.3
1082730 1524.1
1082740 1528.0
1082750 1528.0
1082760 1531.8
1082770 1536.0
1082780 1536.0
1082790 1540.6
1082800 1545.5
1082810 1545.5
1082820 1550.7
1082830 1555.6
1082840 1555.6
1082850 1560.5
1082860 1565.5
1082870 1565.5
1082880 1570.5
1082890 1575.7
1082900 1575.7
1082910 1581.1
1082920 1586.7
1082930 1586.7
1082940 1591.7
1082950 1596.9
1082960 1602.0
1082970 1602.0
1082980 1606.7
1082990 1604.3
1083000 1604.3
1083010 1604.7
1083020 1604.6
1083030 1604.6
1083040 1605.3
1083050 1607.0
1083060 1607.0
1083070 1608.6
1083080 1609.8
1083090 1609.8
1083100 1610.0
1083110 1609.8
1083120 1609.8
1083130 1611.0
1083140 1613.2
1083150 1613.2
1083160 1614.7
1083170 1616.6
1083180 1616.6
1083190 1619.1
1083200 1622.2
1083210 1625.1
1083220 1625.1
1083230 1628.3
1083240 1631.5
1083250 1631.5
1083260 1635.0
1083270 1638.5
1083280 1638.5
1083290 1640.9
1083300 1643.5
1083310 1641.5
1083320 1643.6
1083330 1644.4
1083340 1644.4
1083350 1645.9
1083360 1648.0
1083370 1648.0
1083380 1649.8
1083390 1650.4
1083400 1650.4
1083410 1650.3
1083420 1650.2
1083430 1650.2
1083440 1650.3
1083450 1650.3
1083460 1650.3
1083470 1649.8
1083480 1648.8
1083490 1648.6
1083500 1648.6
1083510 1648.9
1083520 1650.1
1083530 1650.1
1083540 1653.7
1083550 1654.8
1083560 1654.8
1083570 1652.0
1083580 1651.2
1083590 1651.2
1083600 1650.0
1083610 1648.9
1083620 1646.0
1083630 1643.9
1083640 1640.4
1083650 1640.4
1083660 1636.5
1083670 1635.7
1083680 1635.7
1083690 1635.7
1083700 1633.2
1083710 1633.2
1083720 1631.4
1083730 1629.1
1083740 1625.8
1083750 1625.8
1083760 1621.6
1083770 1617.0
1083780 1617.0
1083790 1611.7
1083800 1606.5
1083810 1606.5
1083820 1601.9
1083830 1597.0
1083840 1597.0
1083850 1592.4
1083860 1588.5
1083870 1588.5
1083880 1585.2
1083890 1583.0
1083900 1583.0
1083910 1581.3
1083920 1579.6
1083930 1579.6
1083940 1579.4
1083950 1578.1
1083960 1578.1
1083970 1578.7
1083980 1578.0
1083990 1578.0
1084000 1574.8
1084010 1570.6
1084020 1566.3
1084030 1566.3
1084040 1561.5
1084050 1556.7
1084060 1556.7
1084070 1551.2
1084080 1545.6
1084090 1545.6
1084100 1541.0
1084110 1537.1
1084120 1537.1
1084130 1534.2
1084140 1530.9
1084150 1530.9
1084160 1526.5
1084170 1521.8
1084180 1521.8
1084190 1517.9
1084200 1515.4
1084210 1515.4
1084220 1513.3
1084230 1510.0
1084240 1510.0
1084250 1507.1
1084260 1511.1
1084270 1511.2
1084280 1511.2
1084290 1511.2
1084300 1511.2
1084310 1511.2
1084320 1512.0
1084330 1513.4
1084340 1513.4
1084350 1514.7
1084360 1516.6
1084370 1516.6
1084380 1518.8
1084390 1521.4
1084400 1521.4
1084410 1524.2
1084420 1527.5
1084430 1527.5
1084440 1530.4
1084450 1533.4
1084460 1533.4
1084470 1537.0
1084480 1540.9
1084490 1540.9
1084500 1544.7
1084510 1548.9
1084520 1548.9
1084530 1552.7
1084540 1556.4
1084550 1560.7
1084560 1560.7
1084570 1564.4
1084580 1572.9
1084590 1572.9
1084600 1577.4
1084610 1581.2
1084620 1581.2
1084630 1584.6
1084640 1590.3
1084650 1590.3
1084660 1597.5
1084670 1603.5
1084680 1603.5
1084690 1607.1
1084700 1612.9
1084710 1612.9
1084720 1622.5
1084730 1630.1
1084740 1630.1
1084750 1631.3
1084760 1638.8
1084770 1638.8
1084780 1648.2
1084790 1659.0
1084800 1671.1
1084810 1671.1
1084820 1683.0
1084830 1693.5
1084840 1693.5
1084850 1703.1
1084860 1710.6
1084870 1710.6
1084880 1716.9
1084890 1732.4
1084900 1732.4
1084910 1738.6
1084920 1743.8
1084930 1743.8
1084940 1749.0
1084950 1756.5
1084960 1756.5
1084970 1765.1
1084980 1770.5
1084990 1770.5
1085000 1768.6
1085010 1766.5
1085020 1766.5
1085030 1761.4
1085040 1751.4
1085050 1751.4
1085060 1746.9
1085070 1747.9
1085080 1743.6
1085090 1743.6
1085100 1737.1
1085110 1730.8
1085120 1730.8
1085130 1723.2
1085140 1715.6
1085150 1715.6
1085160 1715.0
1085170 1714.2
1085180 1714.2
1085190 1711.3
1085200 1714.5
1085210 1726.2
1085220 1725.4
1085230 1724.6
1085240 1724.6
1085250 1725.9
1085260 1719.7
1085270 1719.7
1085280 1707.0
1085290 1712.8
1085300 1712.8
1085310 1723.0
1085320 1729.4
1085330 1732.5
1085340 1732.5
1085350 1732.7
1085360 1737.5
1085370 1737.5
1085380 1745.4
1085390 1752.4
1085400 1752.4
1085410 1758.4
1085420 1765.9
1085430 1765.9
1085440 1776.9
1085450 1786.1
1085460 1786.1
1085470 1783.8
1085480 1771.8
1085490 1771.8
1085500 1760.8
1085510 1754.3
1085520 1754.3
1085530 1762.5
1085540 1767.1
1085550 1767.1
1085560 1780.3
1085570 1785.7
1085580 1785.7
1085590 1792.5
1085600 1809.7
1085610 1821.4
1085620 1821.4
1085630 1827.8
1085640 1829.7
1085650 1829.7
1085660 1837.3
1085670 1848.8
1085680 1848.8
1085690 1854.8
1085700 1851.3
1085710 1851.3
1085720 1855.0
1085730 1859.8
1085740 1859.8
1085750 1857.5
1085760 1855.1
1085770 1855.1
1085780 1859.3
1085790 1863.8
1085800 1863.8
1085810 1870.2
1085820 1875.0
1085830 1875.0
1085840 1873.3
1085850 1880.8
1085860 1882.1
1085870 1882.1
1085880 1888.2
1085890 1891.1
1085900 1891.1
1085910 1887.5
1085920 1885.9
1085930 1885.9
1085940 1891.0
1085950 1895.1
1085960 1895.1
1085970 1900.3
1085980 1903.4
1085990 1903.4
1086000 1894.6
1086010 1882.2
1086020 1882.2
1086030 1868.9
1086040 1858.2
1086050 1858.2
1086060 1840.1
1086070 1819.0
1086080 1819.0
1086090 1800.3
1086100 1783.8
1086110 1783.8
1086120 1768.3
1086130 1756.6
1086140 1748.7
1086150 1748.7
1086160 1744.5
1086170 1746.9
1086180 1746.9
1086190 1742.1
1086200 1736.2
1086210 1736.2
1086220 1729.8
1086230 1723.1
1086240 1723.1
1086250 1716.3
1086260 1709.6
1086270 1709.6
1086280 1703.0
1086290 1696.6
1086300 1696.6
1086310 1690.0
1086320 1683.2
1086330 1683.2
1086340 1676.5
1086350 1670.5
1086360 1670.5
1086370 1664.1
1086380 1657.2
1086390 1651.0
1086400 1651.0
1086410 1645.3
1086420 1639.9
1086430 1639.9
1086440 1634.6
1086450 1629.2
1086460 1629.2
1086470 1624.3
1086480 1619.9
1086490 1625.2
1086500 1621.2
1086510 1617.3
1086520 1617.3
1086530 1612.6
1086540 1607.2
1086550 1607.2
1086560 1602.1
1086570 1598.4
1086580 1598.4
1086590 1593.5
1086600 1588.7
1086610 1588.7
1086620 1583.7
1086630 1579.4
1086640 1579.4
1086650 1575.7
1086660 1571.4
1086670 1566.7
1086680 1566.7
1086690 1562.9
1086700 1559.4
1086710 1559.4
1086720 1555.5
1086730 1551.8
1086740 1551.8
1086750 1548.3
1086760 1545.0
1086770 1545.0
1086780 1541.5
1086790 1538.3
1086800 1538.3
1086810 1539.5
1086820 1536.2
1086830 1536.2
1086840 1533.6
1086850 1531.7
1086860 1531.7
1086870 1528.2
1086880 1524.1
1086890 1524.1
1086900 1520.7
1086910 1517.6
1086920 1514.9
1086930 1514.9
1086940 1512.9
1086950 1511.6
1086960 1511.6
1086970 1510.7
1086980 1510.5
1086990 1510.5
1087000 1509.6
1087010 1507.9
1087020 1507.9
1087030 1506.4
1087040 1505.5
1087050 1505.5
1087060 1506.3
1087070 1507.0
1087080 1507.0
1087090 1506.2
1087100 1507.2
1087110 1507.2
1087120 1508.0
1087130 1514.5
1087140 1514.5
1087150 1516.1
1087160 1518.8
1087170 1518.8
1087180 1521.4
1087190 1523.6
1087200 1525.9
1087210 1525.9
1087220 1529.0
1087230 1531.6
1087240 1531.6
1087250 1534.2
1087260 1536.5
1087270 1536.5
1087280 1538.1
1087290 1540.3
1087300 1540.3
1087310 1542.0
1087320 1543.3
1087330 1543.3
1087340 1545.7
1087350 1548.9
1087360 1548.9
1087370 1552.7
1087380 1556.9
1087390 1556.9
1087400 1561.4
1087410 1565.8
1087420 1565.8
1087430 1569.7
1087440 1573.1
1087450 1582.3
1087460 1582.3
1087470 1585.4
1087480 1588.2
1087490 1588.2
1087500 1590.9
1087510 1593.4
1087520 1593.4
1087530 1596.0
1087540 1602.0
1087550 1602.0
1087560 1608.9
1087570 1618.2
1087580 1618.2
1087590 1630.3
1087600 1637.0
1087610 1637.0
1087620 1636.2
1087630 1637.2
1087640 1637.2
1087650 1644.4
1087660 1651.4
1087670 1651.4
1087680 1656.0
1087690 1660.8
1087700 1660.8
1087710 1665.1
1087720 1670.8
1087730 1677.0
1087740 1677.0
1087750 1683.2
1087760 1691.6
1087770 1692.8
1087780 1700.5
1087790 1712.8
1087800 1712.8
1087810 1727.2
1087820 1745.5
1087830 1745.5
1087840 1769.5
1087850 1781.3
1087860 1781.3
1087870 1792.2
1087880 1804.6
1087890 1804.6
1087900 1815.0
1087910 1824.3
1087920 1824.3
1087930 1832.8
1087940 1838.8
1087950 1838.8
1087960 1842.5
1087970 1849.6
1087980 1849.6
1087990 1854.5
1088000 1859.9
1088010 1866.4
1088020 1866.4
1088030 1870.3
1088040 1875.3
1088050 1875.3
1088060 1881.0
1088070 1888.2
1088080 1888.2
1088090 1902.1
1088100 1902.5
1088110 1902.5
1088120 1906.2
1088130 1911.9
1088140 1911.9
1088150 1911.0
1088160 1909.4
1088170 1909.4
1088180 1921.8
1088190 1930.3
1088200 1930.3
1088210 1937.6
1088220 1946.3
1088230 1946.3
1088240 1950.9
1088250 1952.1
1088260 1957.2
1088270 1957.2
1088280 1962.4
1088290 1965.9
1088300 1965.9
1088310 1970.8
1088320 1975.5
1088330 1975.5
1088340 1978.4
1088350 1980.4
1088360 1980.4
1088370 1982.3
1088380 1983.8
1088390 1983.8
1088400 1984.5
1088410 1977.1
1088420 1977.1
1088430 1979.6
1088440 1981.6
1088450 1981.6
1088460 1977.9
1088470 1969.5
1088480 1969.5
1088490 1961.6
1088500 1957.1
1088510 1957.1
1088520 1952.1
1088530 1945.5
1088540 1938.5
1088550 1938.5
1088560 1931.2
1088570 1924.7
1088580 1924.7
1088590 1918.4
1088600 1911.6
1088610 1911.6
1088620 1905.5
1088630 1899.6
1088640 1899.6
1088650 1893.7
1088660 1888.4
1088670 1888.4
1088680 1881.5
1088690 1874.2
1088700 1874.2
1088710 1868.2
1088720 1863.5
1088730 1863.0
1088740 1858.4
1088750 1853.7
1088760 1853.7
1088770 1848.6
1088780 1843.6
1088790 1837.9
1088800 1837.9
1088810 1834.6
1088820 1832.1
1088830 1832.1
1088840 1827.8
1088850 1822.0
1088860 1822.0
1088870 1816.4
1088880 1811.8
1088890 1811.8
1088900 1807.7
1088910 1803.7
1088920 1803.7
1088930 1799.6
1088940 1794.8
1088950 1794.8
1088960 1790.0
1088970 1786.5
1088980 1786.5
1088990 1783.8
1089000 1780.8
1089010 1780.8
1089020 1778.5
1089030 1777.1
1089040 1777.1
1089050 1777.0
1089060 1775.3
1089070 1775.1
1089080 1775.1
1089090 1774.9
1089100 1773.4
1089110 1773.4
1089120 1770.5
1089130 1767.0
1089140 1767.0
1089150 1765.0
1089160 1764.6
1089170 1764.6
1089180 1764.7
1089190 1765.1
1089200 1765.1
1089210 1765.9
1089220 1768.1
1089230 1768.1
1089240 1770.3
1089250 1772.4
1089260 1772.4
1089270 1774.0
1089280 1776.0
1089290 1776.0
1089300 1777.6
1089310 1779.9
1089320 1781.4
1089330 1781.4
1089340 1784.2
1089350 1786.1
1089360 1786.1
1089370 1786.7
1089380 1781.6
1089390 1781.6
1089400 1781.9
1089410 1781.6
1089420 1781.6
1089430 1782.3
1089440 1782.9
1089450 1782.9
1089460 1781.6
1089470 1781.4
1089480 1781.4
1089490 1781.5
1089500 1781.0
1089510 1781.0
1089520 1782.4
1089530 1783.5
1089540 1783.5
1089550 1783.8
1089560 1784.4
1089570 1784.4
1089580 1786.9
1089590 1788.0
1089600 1789.3
1089610 1789.3
1089620 1792.4
1089630 1794.2
1089640 1794.2
1089650 1795.4
1089660 1797.2
1089670 1797.2
1089680 1797.7
1089690 1800.3
1089700 1791.3
1089710 1794.7
1089720 1797.9
1089730 1797.9
1089740 1800.0
1089750 1802.9
1089760 1802.9
1089770 1808.1
1089780 1816.9
1089790 1816.9
1089800 1824.3
1089810 1829.4
1089820 1829.4
1089830 1832.0
1089840 1829.9
1089850 1830.1
1089860 1830.1
1089870 1834.5
1089880 1842.2
1089890 1842.2
1089900 1844.5
1089910 1835.8
1089920 1835.8
1089930 1829.9
1089940 1823.4
1089950 1823.4
1089960 1819.5
1089970 1813.5
1089980 1813.5
1089990 1806.7
1090000 1800.6
1090010 1800.6
1090020 1792.2
1090030 1788.1
1090040 1788.1
1090050 1782.4
1090060 1777.1
1090070 1777.1
1090080 1771.2
1090090 1764.5
1090100 1764.5
1090110 1760.3
1090120 1755.6
1090130 1748.6
1090140 1748.6
1090150 1742.6
1090160 1739.6
1090170 1739.6
1090180 1737.3
1090190 1734.5
1090200 1734.5
1090210 1731.4
1090220 1727.9
1090230 1727.9
1090240 1724.8
1090250 1722.1
1090260 1722.1
1090270 1718.9
1090280 1714.8
1090290 1714.8
1090300 1710.2
1090310 1705.2
1090320 1705.2
1090330 1699.2
1090340 1691.3
1090350 1691.3
1090360 1689.9
1090370 1687.4
1090380 1685.2
1090390 1685.2
1090400 1682.0
1090410 1678.7
1090420 1678.7
1090430 1676.8
1090440 1674.3
1090450 1674.3
1090460 1672.0
1090470 1668.9
1090480 1668.9
1090490 1664.7
1090500 1658.8
1090510 1658.8
1090520 1653.8
1090530 1649.4
1090540 1649.4
1090550 1645.0
1090560 1639.4
1090570 1639.4
1090580 1633.3
1090590 1626.8
1090600 1626.8
1090610 1621.5
1090620 1618.1
1090630 1618.1
1090640 1614.0
1090650 1610.5
1090660 1606.4
1090670 1603.3
1090680 1598.0
1090690 1594.4
1090700 1594.4
1090710 1590.0
1090720 1585.7
1090730 1585.7
1090740 1580.9
1090750 1576.3
1090760 1576.3
1090770 1572.1
1090780 1568.0
1090790 1568.0
1090800 1564.2
1090810 1560.1
1090820 1560.1
1090830 1555.9
1090840 1550.9
1090850 1550.9
1090860 1545.4
1090870 1539.7
1090880 1539.7
1090890 1532.8
1090900 1526.4
1090910 1521.3
1090920 1521.3
1090930 1517.5
1090940 1512.7
1090950 1512.7
1090960 1507.4
1090970 1503.4
1090980 1503.4
1090990 1498.2
1091000 1497.6
1091010 1497.6
1091020 1494.2
1091030 1489.1
1091040 1489.1
1091050 1482.0
1091060 1474.3
1091070 1474.3
1091080 1466.0
1091090 1467.6
1091100 1467.6
1091110 1478.4
1091120 1486.0
1091130 1486.0
1091140 1489.6
1091150 1492.5
1091160 1492.5
1091170 1495.1
1091180 1499.0
1091190 1499.6
1091200 1499.6
1091210 1504.5
1091220 1508.8
1091230 1508.8
1091240 1510.8
1091250 1514.3
1091260 1514.3
1091270 1518.9
1091280 1522.4
1091290 1522.4
1091300 1525.2
1091310 1523.6
1091320 1523.6
1091330 1527.3
1091340 1531.0
1091350 1531.0
1091360 1533.8
1091370 1537.9
1091380 1537.9
1091390 1541.9
1091400 1543.4
1091410 1543.4
1091420 1547.3
1091430 1552.0
1091440 1554.7
1091450 1554.7
1091460 1556.2
1091470 1559.3
1091480 1559.3
1091490 1565.7
1091500 1571.0
1091510 1571.0
1091520 1575.7
1091530 1579.1
1091540 1579.1
1091550 1580.2
1091560 1583.6
1091570 1583.6
1091580 1588.0
1091590 1593.1
1091600 1593.1
1091610 1596.3
1091620 1600.0
1091630 1600.0
1091640 1597.7
1091650 1603.1
1091660 1603.1
1091670 1606.3
1091680 1609.2
1091690 1609.2
1091700 1612.4
1091710 1615.4
1091720 1617.6
1091730 1617.6
1091740 1619.0
1091750 1621.9
1091760 1621.9
1091770 1624.9
1091780 1627.2
1091790 1627.2
1091800 1629.3
1091810 1631.3
1091820 1631.3
1091830 1632.9
1091840 1633.9
1091850 1633.9
1091860 1635.5
1091870 1636.8
1091880 1636.8
1091890 1637.1
1091900 1639.3
1091910 1639.3
1091920 1641.6
1091930 1642.4
1091940 1642.4
1091950 1644.1
1091960 1642.6
1091970 1644.1
1091980 1644.1
1091990 1647.2
1092000 1652.8
1092010 1652.8
1092020 1657.7
1092030 1662.9
1092040 1662.9
1092050 1668.8
1092060 1676.1
1092070 1676.1
1092080 1682.8
1092090 1689.4
1092100 1689.4
1092110 1695.6
1092120 1699.0
1092130 1699.0
1092140 1698.7
1092150 1695.3
1092160 1695.3
1092170 1690.4
1092180 1683.3
1092190 1683.3
1092200 1674.7
1092210 1667.8
1092220 1667.8
1092230 1662.0
1092240 1655.7
1092250 1648.9
1092260 1648.9
1092270 1642.7
1092280 1636.8
1092290 1636.8
1092300 1630.9
1092310 1625.3
1092320 1625.3
1092330 1619.2
1092340 1613.1
1092350 1613.1
1092360 1607.7
1092370 1601.0
1092380 1601.0
1092390 1595.0
1092400 1589.1
1092410 1589.1
1092420 1583.1
1092430 1577.5
1092440 1577.5
1092450 1571.3
1092460 1565.6
1092470 1565.6
1092480 1560.0
1092490 1554.2
1092500 1548.7
1092510 1548.7
1092520 1544.0
1092530 1539.0
1092540 1539.0
1092550 1533.6
1092560 1527.8
1092570 1527.8
1092580 1523.0
1092590 1517.2
1092600 1517.2
1092610 1513.7
1092620 1507.4
1092630 1507.4
1092640 1500.7
1092650 1494.0
1092660 1494.0
1092670 1487.4
1092680 1481.4
1092690 1481.4
1092700 1475.1
1092710 1469.1
1092720 1469.1
1092730 1462.7
1092740 1455.4
1092750 1455.4
1092760 1449.1
1092770 1443.3
1092780 1438.1
1092790 1438.1
1092800 1432.0
1092810 1426.1
1092820 1426.1
1092830 1420.3
1092840 1415.1
1092850 1415.1
1092860 1409.3
1092870 1403.6
1092880 1403.6
1092890 1398.9
1092900 1393.0
1092910 1393.0
1092920 1387.5
1092930 1384.4
1092940 1384.4
1092950 1377.2
1092960 1370.9
1092970 1370.9
1092980 1365.2
1092990 1359.3
1093000 1359.3
1093010 1350.9
1093020 1340.5
1093030 1333.4
1093040 1333.4
1093050 1335.5
1093060 1342.2
1093070 1342.2
1093080 1351.5
1093090 1355.9
1093100 1355.9
1093110 1357.4
1093120 1360.6
1093130 1360.6
1093140 1365.7
1093150 1370.5
1093160 1370.5
1093170 1374.4
1093180 1379.1
1093190 1379.1
1093200 1383.7
1093210 1387.1
1093220 1387.1
1093230 1389.2
1093240 1391.9
1093250 1391.9
1093260 1386.3
1093270 1387.4
1093280 1387.4
1093290 1388.7
1093300 1388.8
1093310 1392.4
1093320 1392.4
1093330 1398.6
1093340 1403.0
1093350 1403.0
1093360 1409.6
1093370 1418.3
1093380 1418.3
1093390 1426.9
1093400 1435.0
1093410 1435.0
1093420 1442.8
1093430 1449.4
1093440 1449.4
1093450 1455.1
1093460 1461.7
1093470 1461.7
1093480 1467.6
1093490 1473.5
1093500 1473.5
1093510 1481.0
1093520 1487.9
1093530 1487.9
1093540 1494.3
1093550 1502.6
1093560 1507.2
1093570 1507.2
1093580 1508.6
1093590 1516.1
1093600 1516.1
1093610 1524.0
1093620 1529.9
1093630 1529.9
1093640 1534.5
1093650 1538.6
1093660 1538.6
1093670 1542.3
1093680 1545.6
1093690 1545.6
1093700 1547.9
1093710 1549.0
1093720 1549.0
1093730 1549.2
1093740 1547.3
1093750 1547.3
1093760 1541.8
1093770 1536.0
1093780 1536.0
1093790 1530.2
1093800 1524.2
1093810 1524.2
1093820 1517.9
1093830 1513.0
1093840 1509.2
1093850 1509.2
1093860 1503.6
1093870 1498.6
1093880 1498.6
1093890 1492.3
1093900 1490.1
1093910 1480.6
1093920 1479.6
1093930 1475.8
1093940 1475.8
1093950 1472.2
1093960 1468.6
1093970 1468.6
1093980 1460.8
1093990 1454.6
1094000 1454.6
1094010 1450.4
1094020 1449.2
1094030 1449.2
1094040 1448.6
1094050 1446.0
1094060 1446.0
1094070 1442.8
1094080 1439.8
1094090 1437.0
1094100 1437.0
1094110 1433.3
1094120 1428.2
1094130 1428.2
1094140 1421.6
1094150 1414.0
1094160 1414.0
1094170 1408.0
1094180 1401.8
1094190 1401.8
1094200 1395.0
1094210 1387.3
1094220 1387.3
1094230 1378.3
1094240 1367.6
1094250 1367.6
1094260 1361.6
1094270 1359.6
1094280 1359.6
1094290 1360.8
1094300 1366.7
1094310 1366.7
1094320 1370.6
1094330 1375.5
1094340 1375.5
1094350 1382.2
1094360 1391.4
1094370 1400.5
1094380 1400.5
1094390 1404.1
1094400 1407.8
1094410 1407.8
1094420 1416.2
1094430 1422.2
1094440 1422.2
1094450 1425.8
1094460 1428.9
1094470 1428.9
1094480 1432.6
1094490 1438.2
1094500 1438.2
1094510 1443.8
1094520 1447.9
1094530 1447.9
1094540 1450.9
1094550 1455.4
1094560 1453.0
1094570 1461.1
1094580 1467.8
1094590 1467.8
1094600 1474.2
1094610 1479.9
1094620 1486.2
1094630 1486.2
1094640 1494.4
1094650 1500.9
1094660 1500.9
1094670 1508.7
1094680 1517.6
1094690 1517.6
1094700 1525.5
1094710 1532.7
1094720 1532.7
1094730 1539.0
1094740 1544.4
1094750 1544.4
1094760 1549.6
1094770 1554.5
1094780 1554.5
1094790 1559.2
1094800 1564.3
1094810 1564.3
1094820 1570.2
1094830 1576.9
1094840 1576.9
1094850 1583.4
1094860 1588.2
1094870 1588.2
1094880 1593.2
1094890 1597.7
1094900 1603.8
1094910 1603.8
1094920 1610.7
1094930 1617.0
1094940 1617.0
1094950 1622.3
1094960 1627.8
1094970 1627.8
1094980 1633.5
1094990 1639.9
1095000 1639.9
1095010 1647.5
1095020 1655.6
1095030 1655.6
1095040 1661.6
1095050 1665.0
1095060 1665.0
1095070 1668.6
1095080 1670.5
1095090 1670.5
1095100 1670.6
1095110 1668.2
1095120 1668.2
1095130 1663.4
1095140 1658.8
1095150 1654.8
1095160 1654.8
1095170 1650.7
1095180 1645.6
1095190 1645.6
1095200 1641.0
1095210 1634.9
1095220 1634.9
1095230 1631.8
1095240 1629.7
1095250 1629.7
1095260 1628.5
1095270 1627.5
1095280 1627.5
1095290 1626.9
1095300 1626.4
1095310 1626.4
1095320 1625.9
1095330 1625.0
1095340 1625.0
1095350 1623.5
1095360 1622.2
1095370 1622.2
1095380 1621.1
1095390 1619.7
1095400 1619.7
1095410 1618.5
1095420 1618.7
1095430 1617.2
1095440 1617.2
1095450 1617.3
1095460 1617.4
1095470 1617.4
1095480 1617.9
1095490 1618.6
1095500 1618.6
1095510 1620.0
1095520 1622.9
1095530 1622.9
1095540 1622.6
1095550 1625.7
1095560 1625.7
1095570 1628.6
1095580 1630.7
1095590 1630.7
1095600 1631.8
1095610 1632.4
1095620 1632.4
1095630 1633.4
1095640 1634.6
1095650 1634.6
1095660 1635.8
1095670 1637.8
1095680 1639.7
1095690 1639.7
1095700 1641.6
1095710 1643.4
1095720 1643.4
1095730 1644.8
1095740 1646.8
1095750 1646.8
1095760 1649.5
1095770 1653.3
1095780 1653.3
1095790 1657.1
1095800 1660.7
1095810 1660.7
1095820 1663.4
1095830 1665.3
1095840 1665.3
1095850 1667.6
1095860 1669.6
1095870 1665.0
1095880 1665.6
1095890 1666.7
1095900 1666.7
1095910 1668.8
1095920 1669.5
1095930 1669.5
1095940 1670.4
1095950 1669.9
1095960 1670.1
1095970 1670.1
1095980 1670.1
1095990 1669.6
1096000 1669.6
1096010 1669.6
1096020 1670.3
1096030 1670.3
1096040 1670.5
1096050 1671.2
1096060 1671.2
1096070 1671.4
1096080 1671.3
1096090 1671.3
1096100 1670.9
1096110 1671.1
1096120 1671.1
1096130 1671.3
1096140 1670.3
1096150 1670.3
1096160 1669.4
1096170 1668.7
1096180 1668.7
1096190 1667.6
1096200 1662.1
1096210 1661.2
1096220 1661.2
1096230 1659.3
1096240 1657.5
1096250 1657.5
1096260 1655.8
1096270 1653.2
1096280 1653.2
1096290 1651.7
1096300 1650.1
1096310 1650.1
1096320 1648.0
1096330 1646.5
1096340 1646.5
1096350 1644.5
1096360 1641.7
1096370 1641.7
1096380 1639.1
1096390 1635.5
1096400 1635.5
1096410 1632.4
1096420 1630.0
1096430 1630.0
1096440 1628.9
1096450 1626.9
1096460 1626.9
1096470 1625.4
1096480 1624.3
1096490 1621.9
1096500 1621.9
1096510 1620.7
1096520 1615.9
1096530 1615.9
1096540 1613.2
1096550 1610.3
1096560 1610.3
1096570 1607.9
1096580 1606.4
1096590 1606.4
1096600 1605.1
1096610 1603.7
1096620 1603.7
1096630 1602.3
1096640 1599.9
1096650 1599.9
1096660 1597.4
1096670 1594.5
1096680 1594.5
1096690 1590.8
1096700 1586.3
1096710 1586.3
1096720 1583.3
1096730 1581.5
1096740 1579.4
1096750 1579.4
1096760 1577.6
1096770 1577.0
1096780 1577.0
1096790 1576.2
1096800 1574.4
1096810 1574.4
1096820 1571.9
1096830 1568.1
1096840 1568.1
1096850 1563.5
1096860 1559.9
1096870 1559.9
1096880 1556.1
1096890 1552.3
1096900 1552.3
1096910 1548.3
1096920 1544.6
1096930 1544.6
1096940 1540.3
1096950 1535.4
1096960 1535.4
1096970 1530.3
1096980 1525.4
1096990 1525.4
1097000 1520.3
1097010 1515.7
1097020 1510.8
1097030 1510.8
1097040 1505.5
1097050 1499.4
1097060 1499.4
1097070 1492.9
1097080 1487.1
1097090 1487.1
1097100 1480.8
1097110 1474.7
1097120 1474.7
1097130 1468.4
1097140 1461.8
1097150 1461.8
1097160 1454.2
1097170 1446.0
1097180 1448.8
1097190 1439.6
1097200 1431.0
1097210 1431.0
1097220 1423.1
1097230 1415.8
1097240 1415.8
1097250 1408.8
1097260 1402.1
1097270 1395.2
1097280 1395.2
1097290 1388.9
1097300 1382.6
1097310 1382.6
1097320 1375.8
1097330 1368.1
1097340 1368.1
1097350 1360.1
1097360 1351.7
1097370 1351.7
1097380 1342.4
1097390 1332.9
1097400 1332.9
1097410 1323.7
1097420 1313.1
1097430 1313.1
1097440 1302.6
1097450 1293.3
1097460 1293.3
1097470 1284.5
1097480 1276.2
1097490 1276.2
1097500 1268.2
1097510 1262.6
1097520 1262.6
1097530 1254.6
1097540 1247.6
1097550 1240.7
1097560 1240.7
1097570 1233.1
1097580 1225.8
1097590 1225.8
1097600 1219.0
1097610 1211.3
1097620 1211.3
1097630 1204.4
1097640 1197.3
1097650 1197.3
1097660 1190.1
1097670 1182.6
1097680 1182.6
1097690 1174.8
1097700 1167.0
1097710 1167.0
1097720 1159.4
1097730 1152.0
1097740 1152.0
1097750 1144.1
1097760 1136.7
1097770 1136.7
1097780 1128.8
1097790 1120.4
1097800 1112.2
1097810 1112.2
1097820 1104.7
1097830 1097.3
1097840 1097.2
1097850 1089.5
1097860 1082.4
1097870 1082.4
1097880 1077.0
1097890 1071.4
1097900 1071.4
1097910 1066.1
1097920 1059.5
1097930 1059.5
1097940 1054.5
1097950 1050.6
1097960 1050.6
1097970 1046.9
1097980 1041.2
1097990 1041.2
1098000 1035.4
1098010 1029.3
1098020 1029.3
1098030 1022.2
1098040 1015.1
1098050 1015.1
1098060 1007.8
1098070 1001.0
1098080 995.1
1098090 995.1
1098100 989.2
1098110 983.0
1098120 983.0
1098130 975.7
1098140 968.8
1098150 968.8
1098160 959.8
1098170 946.5
1098180 946.5
1098190 926.7
1098200 898.3
1098210 898.3
1098220 885.4
1098230 879.7
1098240 879.7
1098250 873.4
1098260 865.8
1098270 865.8
1098280 859.4
1098290 852.1
1098300 852.1
1098310 854.2
1098320 867.4
1098330 874.5
1098340 874.5
1098350 876.4
1098360 878.2
1098370 878.2
1098380 878.0
1098390 881.7
1098400 881.7
1098410 886.8
1098420 893.0
1098430 893.0
1098440 905.7
1098450 911.5
1098460 911.5
1098470 914.1
1098480 916.4
1098490 916.4
1098500 907.7
1098510 905.7
1098520 905.7
1098530 916.1
1098540 929.9
1098550 929.9
1098560 937.4
1098570 940.8
1098580 940.8
1098590 943.1
1098600 943.1
1098610 940.0
1098620 940.0
1098630 939.4
1098640 944.9
1098650 944.9
1098660 947.8
1098670 950.2
1098680 950.2
1098690 951.6
1098700 951.8
1098710 951.8
1098720 954.4
1098730 957.6
1098740 957.6
1098750 960.7
1098760 966.5
1098770 966.5
1098780 972.1
1098790 978.2
1098800 978.2
1098810 985.5
1098820 993.1
1098830 988.4
1098840 996.1
1098850 1003.6
1098860 1010.5
1098870 1010.5
1098880 1017.9
1098890 1024.8
1098900 1024.8
1098910 1031.4
1098920 1038.7
1098930 1038.7
1098940 1046.3
1098950 1054.1
1098960 1054.1
1098970 1062.2
1098980 1070.6
1098990 1070.6
1099000 1078.5
1099010 1086.0
1099020 1086.0
1099030 1093.2
1099040 1099.8
1099050 1099.8
1099060 1106.1
1099070 1112.6
1099080 1112.6
1099090 1117.3
1099100 1121.7
1099110 1121.7
1099120 1130.6
1099130 1140.9
1099140 1149.9
1099150 1149.9
1099160 1153.7
1099170 1160.3
1099180 1160.3
1099190 1167.4
1099200 1174.8
1099210 1174.8
1099220 1182.4
1099230 1190.6
1099240 1190.6
1099250 1198.5
1099260 1206.2
1099270 1206.2
1099280 1213.2
1099290 1219.8
1099300 1219.8
1099310 1228.0
1099320 1235.7
1099330 1235.7
1099340 1243.7
1099350 1251.3
1099360 1251.3
1099370 1257.4
1099380 1264.8
1099390 1272.4
1099400 1272.4
1099410 1279.8
1099420 1287.3
1099430 1287.3
1099440 1294.0
1099450 1299.8
1099460 1299.8
1099470 1304.7
1099480 1307.5
1099490 1300.2
1099500 1296.3
1099510 1293.1
1099520 1293.1
1099530 1290.2
1099540 1288.7
1099550 1288.7
1099560 1287.4
1099570 1285.9
1099580 1285.9
1099590 1283.2
1099600 1281.0
1099610 1281.0
1099620 1277.6
1099630 1272.4
1099640 1272.4
1099650 1267.7
1099660 1263.2
1099670 1258.9
1099680 1258.9
1099690 1255.9
1099700 1254.8
1099710 1254.8
1099720 1254.5
1099730 1254.8
1099740 1254.8
1099750 1255.0
1099760 1254.9
1099770 1254.9
1099780 1254.5
1099790 1253.6
1099800 1253.6
1099810 1251.9
1099820 1247.2
1099830 1247.2
1099840 1244.2
1099850 1240.7
1099860 1240.7
1099870 1236.9
1099880 1233.1
1099890 1233.1
1099900 1229.3
1099910 1226.1
1099920 1222.9
1099930 1222.9
1099940 1221.1
1099950 1219.1
1099960 1219.1
1099970 1215.9
1099980 1213.2
1099990 1213.2
