1080000 1359.6
1080010 1366.8
1080020 1366.8
1080030 1372.5
1080040 1377.4
1080050 1377.4
1080060 1382.8
1080070 1387.5
1080080 1387.5
1080090 1386.5
1080100 1393.8
1080110 1393.8
1080120 1402.6
1080130 1411.6
1080140 1411.6
1080150 1419.7
1080160 1428.3
1080170 1438.4
1080180 1438.4
1080190 1447.2
1080200 1452.6
1080210 1452.6
1080220 1457.2
1080230 1463.7
1080240 1463.7
1080250 1468.8
1080260 1473.3
1080270 1473.3
1080280 1478.0
1080290 1482.3
1080300 1482.3
1080310 1486.6
1080320 1490.8
1080330 1490.8
1080340 1495.0
1080350 1501.0
1080360 1501.0
1080370 1506.9
1080380 1510.7
1080390 1510.7
1080400 1514.5
1080410 1516.9
1080420 1523.6
1080430 1523.6
1080440 1531.2
1080450 1539.0
1080460 1539.0
1080470 1546.9
1080480 1555.1
1080490 1555.1
1080500 1563.6
1080510 1572.6
1080520 1572.6
1080530 1581.9
1080540 1589.8
1080550 1589.8
1080560 1594.4
1080570 1594.5
1080580 1594.5
1080590 1593.9
1080600 1592.7
1080610 1592.7
1080620 1591.0
1080630 1589.0
1080640 1589.0
1080650 1586.4
1080660 1583.4
1080670 1583.4
1080680 1580.2
1080690 1577.3
1080700 1573.9
1080710 1573.9
1080720 1571.1
1080730 1567.5
1080740 1567.5
1080750 1564.2
1080760 1561.0
1080770 1561.0
1080780 1557.5
1080790 1553.4
1080800 1553.4
1080810 1548.9
1080820 1544.5
1080830 1544.5
1080840 1540.9
1080850 1537.2
1080860 1537.2
1080870 1533.2
1080880 1528.7
1080890 1528.7
1080900 1523.9
1080910 1519.0
1080920 1519.0
1080930 1513.6
1080940 1507.5
1080950 1507.5
1080960 1501.6
1080970 1495.4
1080980 1488.8
1080990 1488.8
1081000 1481.9
1081010 1475.6
1081020 1475.6
1081030 1469.4
1081040 1465.1
1081050 1465.1
1081060 1458.9
1081070 1452.7
1081080 1452.7
1081090 1446.7
1081100 1441.4
1081110 1441.4
1081120 1435.6
1081130 1429.4
1081140 1429.4
1081150 1423.5
1081160 1417.2
1081170 1417.2
1081180 1409.7
1081190 1403.2
1081200 1403.2
1081210 1397.9
1081220 1395.6
1081230 1400.3
1081240 1400.3
1081250 1401.2
1081260 1406.1
1081270 1406.1
1081280 1407.8
1081290 1408.0
1081300 1408.0
1081310 1410.1
1081320 1414.2
1081330 1414.2
1081340 1416.8
1081350 1423.9
1081360 1423.9
1081370 1426.0
1081380 1428.8
1081390 1428.8
1081400 1430.4
1081410 1435.1
1081420 1435.1
1081430 1438.8
1081440 1445.2
1081450 1445.2
1081460 1450.4
1081470 1455.1
1081480 1455.1
1081490 1459.5
1081500 1463.6
1081510 1468.1
1081520 1468.1
1081530 1472.0
1081540 1476.2
1081550 1476.2
1081560 1482.3
1081570 1488.6
1081580 1488.6
1081590 1494.3
1081600 1500.5
1081610 1500.5
1081620 1507.1
1081630 1513.2
1081640 1513.2
1081650 1519.8
1081660 1526.1
1081670 1526.0
1081680 1532.5
1081690 1538.7
1081700 1538.7
1081710 1544.9
1081720 1550.8
1081730 1550.8
1081740 1556.5
1081750 1562.2
1081760 1567.5
1081770 1567.5
1081780 1572.9
1081790 1577.4
1081800 1577.4
1081810 1582.5
1081820 1586.7
1081830 1586.7
1081840 1590.6
1081850 1594.7
1081860 1594.7
1081870 1598.4
1081880 1601.6
1081890 1601.6
1081900 1603.3
1081910 1601.1
1081920 1601.1
1081930 1595.9
1081940 1590.0
1081950 1590.0
1081960 1583.8
1081970 1577.1
1081980 1582.6
1081990 1576.6
1082000 1570.9
1082010 1570.9
1082020 1565.7
1082030 1560.7
1082040 1555.6
1082050 1555.6
1082060 1551.2
1082070 1548.2
1082080 1548.2
1082090 1545.3
1082100 1540.5
1082110 1540.5
1082120 1536.2
1082130 1533.0
1082140 1533.0
1082150 1526.4
1082160 1521.0
1082170 1521.0
1082180 1515.0
1082190 1508.4
1082200 1508.4
1082210 1501.9
1082220 1495.6
1082230 1495.6
1082240 1489.7
1082250 1482.8
1082260 1482.8
1082270 1477.1
1082280 1471.0
1082290 1465.3
1082300 1467.7
1082310 1462.2
1082320 1456.1
1082330 1456.1
1082340 1451.5
1082350 1448.6
1082360 1448.6
1082370 1444.2
1082380 1440.2
1082390 1440.2
1082400 1436.2
1082410 1431.6
1082420 1431.6
1082430 1427.8
1082440 1425.0
1082450 1425.0
1082460 1420.7
1082470 1416.9
1082480 1416.9
1082490 1414.2
1082500 1412.1
1082510 1412.1
1082520 1408.2
1082530 1404.7
1082540 1404.7
1082550 1399.2
1082560 1392.1
1082570 1396.3
1082580 1396.3
1082590 1404.3
1082600 1411.9
1082610 1411.9
1082620 1420.3
1082630 1425.9
1082640 1425.9
1082650 1430.3
1082660 1437.2
1082670 1437.2
1082680 1443.2
1082690 1448.7
1082700 1448.7
1082710 1452.3
1082720 1457.7
1082730 1457.7
1082740 1463.2
1082750 1469.3
1082760 1469.3
1082770 1474.6
1082780 1479.9
1082790 1479.9
1082800 1485.1
1082810 1490.4
1082820 1496.0
1082830 1496.0
1082840 1501.7
1082850 1507.2
1082860 1507.2
1082870 1513.5
1082880 1519.9
1082890 1519.9
1082900 1526.8
1082910 1532.4
1082920 1532.4
1082930 1541.1
1082940 1547.6
1082950 1547.6
1082960 1554.3
1082970 1560.4
1082980 1560.4
1082990 1566.2
1083000 1572.1
1083010 1572.1
1083020 1577.9
1083030 1585.0
1083040 1585.0
1083050 1592.2
1083060 1598.6
1083070 1598.6
1083080 1604.8
1083090 1611.4
1083100 1617.4
1083110 1617.4
1083120 1622.4
1083130 1626.6
1083140 1626.6
1083150 1630.2
1083160 1633.8
1083170 1633.8
1083180 1636.7
1083190 1639.2
1083200 1639.2
1083210 1641.4
1083220 1642.3
1083230 1642.3
1083240 1643.6
1083250 1652.3
1083260 1652.3
1083270 1652.3
1083280 1653.1
1083290 1653.1
1083300 1654.1
1083310 1654.2
1083320 1654.2
1083330 1654.5
1083340 1654.7
1083350 1654.7
1083360 1655.1
1083370 1654.9
1083380 1654.6
1083390 1654.6
1083400 1654.2
1083410 1652.3
1083420 1652.3
1083430 1648.3
1083440 1644.3
1083450 1644.3
1083460 1640.2
1083470 1637.1
1083480 1637.1
1083490 1635.7
1083500 1634.9
1083510 1634.9
1083520 1634.3
1083530 1635.2
1083540 1635.2
1083550 1635.5
1083560 1635.1
1083570 1643.0
1083580 1642.3
1083590 1641.1
1083600 1641.1
1083610 1636.5
1083620 1626.7
1083630 1615.6
1083640 1615.6
1083650 1611.1
1083660 1619.8
1083670 1619.8
1083680 1631.5
1083690 1635.0
1083700 1635.0
1083710 1636.6
1083720 1639.3
1083730 1639.3
1083740 1641.4
1083750 1643.5
1083760 1643.5
1083770 1645.4
1083780 1645.4
1083790 1645.4
1083800 1639.8
1083810 1630.9
1083820 1630.9
1083830 1621.7
1083840 1612.0
1083850 1612.0
1083860 1603.5
1083870 1596.6
1083880 1592.8
1083890 1586.2
1083900 1579.7
1083910 1573.0
1083920 1573.0
1083930 1566.3
1083940 1558.2
1083950 1558.2
1083960 1547.8
1083970 1538.3
1083980 1538.3
1083990 1529.9
1084000 1522.8
1084010 1522.8
1084020 1517.0
1084030 1514.9
1084040 1514.9
1084050 1506.7
1084060 1497.8
1084070 1497.8
1084080 1490.4
1084090 1483.3
1084100 1483.3
1084110 1476.4
1084120 1470.3
1084130 1470.3
1084140 1464.8
1084150 1462.3
1084160 1458.7
1084170 1458.7
1084180 1453.2
1084190 1447.7
1084200 1450.3
1084210 1445.1
1084220 1440.2
1084230 1440.2
1084240 1434.2
1084250 1428.0
1084260 1428.0
1084270 1423.6
1084280 1418.6
1084290 1418.6
1084300 1417.0
1084310 1414.9
1084320 1414.9
1084330 1412.9
1084340 1416.5
1084350 1416.5
1084360 1417.9
1084370 1417.9
1084380 1417.9
1084390 1416.8
1084400 1416.2
1084410 1416.2
1084420 1417.2
1084430 1416.7
1084440 1415.8
1084450 1415.8
1084460 1418.5
1084470 1418.7
1084480 1418.7
1084490 1419.6
1084500 1418.9
1084510 1418.9
1084520 1426.0
1084530 1429.8
1084540 1429.8
1084550 1434.5
1084560 1438.0
1084570 1438.0
1084580 1443.2
1084590 1447.9
1084600 1447.9
1084610 1453.7
1084620 1458.9
1084630 1458.9
1084640 1461.4
1084650 1463.5
1084660 1463.5
1084670 1468.1
1084680 1473.2
1084690 1479.2
1084700 1479.2
1084710 1484.7
1084720 1490.4
1084730 1490.4
1084740 1496.3
1084750 1501.5
1084760 1501.5
1084770 1506.7
1084780 1513.3
1084790 1513.3
1084800 1518.7
1084810 1523.3
1084820 1523.3
1084830 1526.4
1084840 1535.4
1084850 1535.4
1084860 1533.9
1084870 1526.2
1084880 1526.2
1084890 1518.2
1084900 1510.6
1084910 1510.6
1084920 1503.2
1084930 1498.7
1084940 1498.7
1084950 1495.7
1084960 1494.0
1084970 1491.7
1084980 1491.7
1084990 1489.8
1085000 1489.7
1085010 1489.7
1085020 1486.1
1085030 1482.3
1085040 1482.3
1085050 1487.5
1085060 1490.9
1085070 1490.9
1085080 1491.3
1085090 1492.6
1085100 1492.6
1085110 1493.9
1085120 1495.6
1085130 1495.6
1085140 1497.9
1085150 1499.0
1085160 1504.1
1085170 1504.7
1085180 1502.1
1085190 1502.1
1085200 1496.5
1085210 1502.2
1085220 1505.3
1085230 1505.3
1085240 1504.5
1085250 1501.6
1085260 1501.6
1085270 1507.4
1085280 1509.4
1085290 1509.4
1085300 1509.6
1085310 1511.4
1085320 1511.4
1085330 1514.0
1085340 1517.0
1085350 1517.0
1085360 1519.3
1085370 1520.8
1085380 1520.8
1085390 1519.3
1085400 1522.2
1085410 1522.2
1085420 1529.3
1085430 1533.3
1085440 1533.3
1085450 1536.3
1085460 1539.3
1085470 1544.3
1085480 1547.2
1085490 1549.6
1085500 1552.7
1085510 1552.7
1085520 1554.7
1085530 1557.0
1085540 1557.0
1085550 1560.5
1085560 1565.4
1085570 1565.4
1085580 1571.0
1085590 1577.5
1085600 1577.5
1085610 1580.5
1085620 1576.1
1085630 1576.1
1085640 1570.2
1085650 1565.5
1085660 1565.5
1085670 1564.2
1085680 1564.9
1085690 1564.9
1085700 1564.9
1085710 1563.8
1085720 1563.8
1085730 1561.3
1085740 1565.2
1085750 1568.4
1085760 1568.4
1085770 1570.9
1085780 1571.8
1085790 1578.5
1085800 1578.0
1085810 1577.2
1085820 1577.2
1085830 1577.0
1085840 1575.5
1085850 1575.5
1085860 1578.3
1085870 1585.2
1085880 1585.2
1085890 1588.3
1085900 1590.7
1085910 1590.7
1085920 1591.8
1085930 1592.9
1085940 1592.9
1085950 1594.1
1085960 1593.7
1085970 1593.7
1085980 1591.8
1085990 1595.9
1086000 1595.9
1086010 1599.4
1086020 1601.2
1086030 1601.5
1086040 1601.5
1086050 1600.7
1086060 1603.4
1086070 1603.4
1086080 1608.3
1086090 1614.2
1086100 1614.2
1086110 1627.7
1086120 1637.1
1086130 1637.1
1086140 1646.2
1086150 1655.6
1086160 1655.6
1086170 1663.7
1086180 1670.7
1086190 1670.7
1086200 1676.3
1086210 1685.1
1086220 1685.1
1086230 1690.8
1086240 1682.8
1086250 1682.8
1086260 1668.3
1086270 1649.4
1086280 1649.4
1086290 1636.6
1086300 1628.8
1086310 1621.3
1086320 1621.3
1086330 1614.8
1086340 1609.0
1086350 1609.0
1086360 1603.3
1086370 1597.6
1086380 1597.6
1086390 1591.7
1086400 1584.5
1086410 1584.5
1086420 1577.2
1086430 1571.2
1086440 1571.2
1086450 1564.0
1086460 1557.6
1086470 1557.6
1086480 1551.4
1086490 1544.9
1086500 1544.9
1086510 1538.5
1086520 1533.3
1086530 1533.3
1086540 1528.3
1086550 1522.4
1086560 1516.5
1086570 1516.5
1086580 1510.6
1086590 1505.2
1086600 1505.2
1086610 1500.6
1086620 1495.6
1086630 1495.6
1086640 1489.8
1086650 1484.7
1086660 1484.7
1086670 1478.8
1086680 1473.3
1086690 1473.3
1086700 1467.5
1086710 1462.7
1086720 1462.7
1086730 1458.1
1086740 1452.6
1086750 1451.1
1086760 1449.3
1086770 1447.7
1086780 1447.7
1086790 1443.8
1086800 1441.0
1086810 1441.0
1086820 1439.2
1086830 1436.8
1086840 1433.7
1086850 1433.7
1086860 1430.3
1086870 1426.9
1086880 1426.9
1086890 1423.9
1086900 1420.6
1086910 1420.6
1086920 1417.0
1086930 1413.7
1086940 1413.7
1086950 1410.7
1086960 1408.2
1086970 1408.2
1086980 1406.2
1086990 1403.9
1087000 1403.9
1087010 1401.5
1087020 1398.8
1087030 1398.8
1087040 1396.2
1087050 1394.2
1087060 1394.2
1087070 1393.4
1087080 1391.3
1087090 1390.4
1087100 1390.4
1087110 1390.0
1087120 1389.0
1087130 1389.0
1087140 1387.7
1087150 1387.7
1087160 1387.7
1087170 1388.7
1087180 1389.6
1087190 1389.6
1087200 1391.0
1087210 1390.8
1087220 1390.8
1087230 1392.4
1087240 1395.4
1087250 1395.4
1087260 1398.4
1087270 1401.3
1087280 1401.3
1087290 1404.2
1087300 1407.7
1087310 1407.7
1087320 1410.5
1087330 1413.4
1087340 1413.4
1087350 1416.2
1087360 1419.2
1087370 1422.3
1087380 1422.3
1087390 1429.7
1087400 1432.8
1087410 1432.8
1087420 1436.7
1087430 1441.2
1087440 1441.2
1087450 1440.3
1087460 1439.9
1087470 1439.9
1087480 1446.2
1087490 1452.1
1087500 1452.1
1087510 1458.3
1087520 1465.2
1087530 1465.2
1087540 1472.6
1087550 1480.3
1087560 1480.3
1087570 1487.3
1087580 1494.2
1087590 1494.2
1087600 1500.7
1087610 1507.4
1087620 1513.7
1087630 1513.7
1087640 1517.5
1087650 1515.2
1087660 1515.2
1087670 1513.7
1087680 1516.1
1087690 1516.1
1087700 1515.9
1087710 1523.4
1087720 1523.4
1087730 1525.4
1087740 1527.4
1087750 1527.4
1087760 1528.1
1087770 1530.6
1087780 1530.6
1087790 1538.6
1087800 1546.2
1087810 1546.2
1087820 1553.4
1087830 1560.2
1087840 1560.2
1087850 1564.6
1087860 1568.0
1087870 1568.0
1087880 1571.6
1087890 1575.3
1087900 1578.9
1087910 1578.9
1087920 1582.7
1087930 1585.1
1087940 1585.1
1087950 1586.3
1087960 1587.8
1087970 1587.8
1087980 1589.3
1087990 1592.0
1088000 1592.0
1088010 1597.6
1088020 1606.2
1088030 1604.5
1088040 1612.1
1088050 1621.1
1088060 1621.1
1088070 1629.3
1088080 1636.1
1088090 1636.1
1088100 1641.2
1088110 1645.7
1088120 1645.7
1088130 1651.9
1088140 1657.6
1088150 1662.5
1088160 1662.5
1088170 1667.3
1088180 1673.2
1088190 1673.2
1088200 1681.9
1088210 1691.8
1088220 1691.8
1088230 1701.2
1088240 1712.5
1088250 1712.5
1088260 1717.5
1088270 1730.1
1088280 1730.1
1088290 1747.3
1088300 1758.5
1088310 1758.5
1088320 1766.0
1088330 1772.0
1088340 1772.0
1088350 1784.0
1088360 1787.1
1088370 1787.1
1088380 1790.9
1088390 1797.6
1088400 1797.6
1088410 1807.3
1088420 1816.4
1088430 1822.7
1088440 1822.7
1088450 1828.4
1088460 1835.9
1088470 1835.9
1088480 1845.2
1088490 1853.6
1088500 1853.6
1088510 1861.8
1088520 1871.1
1088530 1871.1
1088540 1876.1
1088550 1867.1
1088560 1867.1
1088570 1857.2
1088580 1850.9
1088590 1850.9
1088600 1848.8
1088610 1837.9
1088620 1837.9
1088630 1822.5
1088640 1818.3
1088650 1818.3
1088660 1813.1
1088670 1808.6
1088680 1813.1
1088690 1813.1
1088700 1807.9
1088710 1807.5
1088720 1807.5
1088730 1801.2
1088740 1785.8
1088750 1785.8
1088760 1772.2
1088770 1753.9
1088780 1753.9
1088790 1745.0
1088800 1745.8
1088810 1745.8
1088820 1745.2
1088830 1733.0
1088840 1733.0
1088850 1728.9
1088860 1726.3
1088870 1726.3
1088880 1726.0
1088890 1724.8
1088900 1724.8
1088910 1723.9
1088920 1720.9
1088930 1720.9
1088940 1718.6
1088950 1717.2
1088960 1715.7
1088970 1715.7
1088980 1713.3
1088990 1709.5
1089000 1716.2
1089010 1714.0
1089020 1710.4
1089030 1710.4
1089040 1709.0
1089050 1706.3
1089060 1706.3
1089070 1706.0
1089080 1707.0
1089090 1707.0
1089100 1707.9
1089110 1708.0
1089120 1708.0
1089130 1707.8
1089140 1706.6
1089150 1706.6
1089160 1704.1
1089170 1698.9
1089180 1698.9
1089190 1696.5
1089200 1695.1
1089210 1692.9
1089220 1692.9
1089230 1693.1
1089240 1694.3
1089250 1694.3
1089260 1695.7
1089270 1695.4
1089280 1695.4
1089290 1692.1
1089300 1688.1
1089310 1688.1
1089320 1695.5
1089330 1694.4
1089340 1694.4
1089350 1695.6
1089360 1700.2
1089370 1700.2
1089380 1702.7
1089390 1704.0
1089400 1704.0
1089410 1703.3
1089420 1702.0
1089430 1702.0
1089440 1702.3
1089450 1701.3
1089460 1701.3
1089470 1702.5
1089480 1705.4
1089490 1710.2
1089500 1710.2
1089510 1712.5
1089520 1713.1
1089530 1713.1
1089540 1715.3
1089550 1717.9
1089560 1717.9
1089570 1721.4
1089580 1724.1
1089590 1724.1
1089600 1727.6
1089610 1729.7
1089620 1729.7
1089630 1729.9
1089640 1746.8
1089650 1746.8
1089660 1751.7
1089670 1754.0
1089680 1754.0
1089690 1759.0
1089700 1768.7
1089710 1768.7
1089720 1773.1
1089730 1776.4
1089740 1776.4
1089750 1777.4
1089760 1777.7
1089770 1776.5
1089780 1776.5
1089790 1770.9
1089800 1771.8
1089810 1771.8
1089820 1786.0
1089830 1805.8
1089840 1805.8
1089850 1812.7
1089860 1820.8
1089870 1820.8
1089880 1825.6
1089890 1824.3
1089900 1824.3
1089910 1828.5
1089920 1841.9
1089930 1841.9
1089940 1853.5
1089950 1858.2
1089960 1868.5
1089970 1866.7
1089980 1866.4
1089990 1866.4
1090000 1868.4
1090010 1871.9
1090020 1873.3
1090030 1873.3
1090040 1875.7
1090050 1885.4
1090060 1885.4
1090070 1895.9
1090080 1903.6
1090090 1903.6
1090100 1910.8
1090110 1917.3
1090120 1917.3
1090130 1915.6
1090140 1910.5
1090150 1910.5
1090160 1908.2
1090170 1906.5
1090180 1906.5
1090190 1901.2
1090200 1897.6
1090210 1897.6
1090220 1899.2
1090230 1899.8
1090240 1899.8
1090250 1893.9
1090260 1886.2
1090270 1886.2
1090280 1879.8
1090290 1873.3
1090300 1867.0
1090310 1867.0
1090320 1860.3
1090330 1853.7
1090340 1853.7
1090350 1847.7
1090360 1842.2
1090370 1842.2
1090380 1836.9
1090390 1831.6
1090400 1831.6
1090410 1826.5
1090420 1821.6
1090430 1821.6
1090440 1815.7
1090450 1809.5
1090460 1809.5
1090470 1800.6
1090480 1790.8
1090490 1790.8
1090500 1780.7
1090510 1770.5
1090520 1770.5
1090530 1759.6
1090540 1750.9
1090550 1743.6
1090560 1743.6
1090570 1737.4
1090580 1732.6
1090590 1732.6
1090600 1727.5
1090610 1719.0
1090620 1719.0
1090630 1713.9
1090640 1708.4
1090650 1708.4
1090660 1704.2
1090670 1697.8
1090680 1697.8
1090690 1685.7
1090700 1675.9
1090710 1675.9
1090720 1669.6
1090730 1664.8
1090740 1664.8
1090750 1659.2
1090760 1653.6
1090770 1653.6
1090780 1648.4
1090790 1644.0
1090800 1644.0
1090810 1639.1
1090820 1634.4
1090830 1628.6
1090840 1628.6
1090850 1623.2
1090860 1620.9
1090870 1620.9
1090880 1617.1
1090890 1613.7
1090900 1613.7
1090910 1609.9
1090920 1608.4
1090930 1604.1
1090940 1606.3
1090950 1606.6
1090960 1606.6
1090970 1603.1
1090980 1602.6
1090990 1602.6
1091000 1603.7
1091010 1605.2
1091020 1605.2
1091030 1606.1
1091040 1607.3
1091050 1607.3
1091060 1609.9
1091070 1612.4
1091080 1616.4
1091090 1616.4
1091100 1620.4
1091110 1625.5
1091120 1625.5
1091130 1631.4
1091140 1638.1
1091150 1638.1
1091160 1641.6
1091170 1644.9
1091180 1644.9
1091190 1648.8
1091200 1652.9
1091210 1652.9
1091220 1657.2
1091230 1662.0
1091240 1662.0
1091250 1664.9
1091260 1669.9
1091270 1669.9
1091280 1675.3
1091290 1681.0
1091300 1681.0
1091310 1686.3
1091320 1691.1
1091330 1691.1
1091340 1694.3
1091350 1697.5
1091360 1703.7
1091370 1703.7
1091380 1710.3
1091390 1717.1
1091400 1717.1
1091410 1725.1
1091420 1734.6
1091430 1734.6
1091440 1744.1
1091450 1752.3
1091460 1752.3
1091470 1760.0
1091480 1771.4
1091490 1771.4
1091500 1785.3
1091510 1793.6
1091520 1793.6
1091530 1797.7
1091540 1802.5
1091550 1802.5
1091560 1810.4
1091570 1820.4
1091580 1815.0
1091590 1815.6
1091600 1818.6
1091610 1823.8
1091620 1823.8
1091630 1828.9
1091640 1833.2
1091650 1833.2
1091660 1836.9
1091670 1840.3
1091680 1840.3
1091690 1842.9
1091700 1844.7
1091710 1844.7
1091720 1846.4
1091730 1846.1
1091740 1846.1
1091750 1838.6
1091760 1827.8
1091770 1827.8
1091780 1820.5
1091790 1813.9
1091800 1813.9
1091810 1808.3
1091820 1802.7
1091830 1802.7
1091840 1796.9
1091850 1791.8
1091860 1791.8
1091870 1786.4
1091880 1781.3
1091890 1775.7
1091900 1775.1
1091910 1767.6
1091920 1756.8
1091930 1756.8
1091940 1749.3
1091950 1742.8
1091960 1742.8
1091970 1737.0
1091980 1731.3
1091990 1731.3
1092000 1726.3
1092010 1722.7
1092020 1722.7
1092030 1718.4
1092040 1712.9
1092050 1712.9
1092060 1707.7
1092070 1704.1
1092080 1704.1
1092090 1699.9
1092100 1695.5
1092110 1695.5
1092120 1691.0
1092130 1686.3
1092140 1680.6
1092150 1680.6
1092160 1674.1
1092170 1668.2
1092180 1668.2
1092190 1659.9
1092200 1648.6
1092210 1648.6
1092220 1639.3
1092230 1625.4
1092240 1625.4
1092250 1616.5
1092260 1606.2
1092270 1606.2
1092280 1595.7
1092290 1585.6
1092300 1585.6
1092310 1577.1
1092320 1570.1
1092330 1570.1
1092340 1562.0
1092350 1555.1
1092360 1555.1
1092370 1548.5
1092380 1542.4
1092390 1542.4
1092400 1536.6
1092410 1530.2
1092420 1524.0
1092430 1524.0
1092440 1518.3
1092450 1512.5
1092460 1512.5
1092470 1506.2
1092480 1500.1
1092490 1500.1
1092500 1494.4
1092510 1488.6
1092520 1488.6
1092530 1484.4
1092540 1479.6
1092550 1472.0
1092560 1467.1
1092570 1462.4
1092580 1462.4
1092590 1456.6
1092600 1450.9
1092610 1450.9
1092620 1444.7
1092630 1438.3
1092640 1438.3
1092650 1431.0
1092660 1435.7
1092670 1437.6
1092680 1437.6
1092690 1435.9
1092700 1439.2
1092710 1439.2
1092720 1441.7
1092730 1443.4
1092740 1443.4
1092750 1445.1
1092760 1449.0
1092770 1449.0
1092780 1453.1
1092790 1455.3
1092800 1455.3
1092810 1458.9
1092820 1462.5
1092830 1462.5
1092840 1466.6
1092850 1470.8
1092860 1470.8
1092870 1474.5
1092880 1472.8
1092890 1472.8
1092900 1476.5
1092910 1479.8
1092920 1479.8
1092930 1482.1
1092940 1486.4
1092950 1491.0
1092960 1491.0
1092970 1495.4
1092980 1500.2
1092990 1500.2
1093000 1506.0
1093010 1512.1
1093020 1512.1
1093030 1517.2
1093040 1523.4
1093050 1523.4
1093060 1528.4
1093070 1534.5
1093080 1534.5
1093090 1539.6
1093100 1543.8
1093110 1543.8
1093120 1547.6
1093130 1551.6
1093140 1551.6
1093150 1554.8
1093160 1557.2
1093170 1557.2
1093180 1560.0
1093190 1562.4
1093200 1556.7
1093210 1561.4
1093220 1565.2
1093230 1568.9
1093240 1568.9
1093250 1573.3
1093260 1577.0
1093270 1577.0
1093280 1580.7
1093290 1583.7
1093300 1583.7
1093310 1586.0
1093320 1588.1
1093330 1588.1
1093340 1590.0
1093350 1592.3
1093360 1592.3
1093370 1594.1
1093380 1596.8
1093390 1596.8
1093400 1599.6
1093410 1602.7
1093420 1602.7
1093430 1604.4
1093440 1606.5
1093450 1606.5
1093460 1608.4
1093470 1610.3
1093480 1613.3
1093490 1613.3
1093500 1617.8
1093510 1622.7
1093520 1622.7
1093530 1623.6
1093540 1629.2
1093550 1629.2
1093560 1634.2
1093570 1638.7
1093580 1638.7
1093590 1641.2
1093600 1641.1
1093610 1641.1
1093620 1638.6
1093630 1631.5
1093640 1631.5
1093650 1623.2
1093660 1615.7
1093670 1615.7
1093680 1609.1
1093690 1604.6
1093700 1604.6
1093710 1601.8
1093720 1599.0
1093730 1599.0
1093740 1596.9
1093750 1593.8
1093760 1590.5
1093770 1590.5
1093780 1586.5
1093790 1582.8
1093800 1582.8
1093810 1578.7
1093820 1575.0
1093830 1575.0
1093840 1570.9
1093850 1562.9
1093860 1562.9
1093870 1556.4
1093880 1549.2
1093890 1549.2
1093900 1543.3
1093910 1537.4
1093920 1537.4
1093930 1531.9
1093940 1526.8
1093950 1526.8
1093960 1521.1
1093970 1514.9
1093980 1514.9
1093990 1513.6
1094000 1512.1
1094010 1508.3
1094020 1508.3
1094030 1504.2
1094040 1499.2
1094050 1499.2
1094060 1492.8
1094070 1487.2
1094080 1487.2
1094090 1483.0
1094100 1478.7
1094110 1478.7
1094120 1472.8
1094130 1465.8
1094140 1465.8
1094150 1462.3
1094160 1468.8
1094170 1468.8
1094180 1464.4
1094190 1464.7
1094200 1464.7
1094210 1464.2
1094220 1465.9
1094230 1465.9
1094240 1467.2
1094250 1472.5
1094260 1472.5
1094270 1476.8
1094280 1479.5
1094290 1482.6
1094300 1482.6
1094310 1488.8
1094320 1494.6
1094330 1494.6
1094340 1499.3
1094350 1503.8
1094360 1503.8
1094370 1509.9
1094380 1515.3
1094390 1515.3
1094400 1521.6
1094410 1529.5
1094420 1529.5
1094430 1534.1
1094440 1542.3
1094450 1542.3
1094460 1550.1
1094470 1555.4
1094480 1555.4
1094490 1559.3
1094500 1566.5
1094510 1566.5
1094520 1572.8
1094530 1577.7
1094540 1583.6
1094550 1583.6
1094560 1590.1
1094570 1595.6
1094580 1595.6
1094590 1600.1
1094600 1602.0
1094610 1602.0
1094620 1604.4
1094630 1607.8
1094640 1607.8
1094650 1611.7
1094660 1614.5
1094670 1614.5
1094680 1620.3
1094690 1624.4
1094700 1624.4
1094710 1628.1
1094720 1632.3
1094730 1632.3
1094740 1636.3
1094750 1642.1
1094760 1642.1
1094770 1648.4
1094780 1653.5
1094790 1653.5
1094800 1657.3
1094810 1661.7
1094820 1668.3
1094830 1663.7
1094840 1670.6
1094850 1675.9
1094860 1675.9
1094870 1680.3
1094880 1688.3
1094890 1688.3
1094900 1696.5
1094910 1702.6
1094920 1702.6
1094930 1709.2
1094940 1715.2
1094950 1715.2
1094960 1720.5
1094970 1726.5
1094980 1726.5
1094990 1731.5
1095000 1735.6
1095010 1735.6
1095020 1738.8
1095030 1744.0
1095040 1744.0
1095050 1753.3
1095060 1762.3
1095070 1767.4
1095080 1767.4
1095090 1772.0
1095100 1775.8
1095110 1775.8
1095120 1776.2
1095130 1771.2
1095140 1771.2
1095150 1766.1
1095160 1757.6
1095170 1757.6
1095180 1754.1
1095190 1751.3
1095200 1751.3
1095210 1748.4
1095220 1745.2
1095230 1745.2
1095240 1742.4
1095250 1740.2
1095260 1740.2
1095270 1737.9
1095280 1735.9
1095290 1735.9
1095300 1734.5
1095310 1734.8
1095320 1734.8
1095330 1734.9
1095340 1735.2
1095350 1735.5
1095360 1735.5
1095370 1737.5
1095380 1739.6
1095390 1739.6
1095400 1742.0
1095410 1744.7
1095420 1744.7
1095430 1748.4
1095440 1752.9
1095450 1752.9
1095460 1757.0
1095470 1760.3
1095480 1754.6
1095490 1759.4
1095500 1763.9
1095510 1763.9
1095520 1768.3
1095530 1773.1
1095540 1773.1
1095550 1777.6
1095560 1780.2
1095570 1780.2
1095580 1785.5
1095590 1792.0
1095600 1797.0
1095610 1797.0
1095620 1801.9
1095630 1807.7
1095640 1807.7
1095650 1812.3
1095660 1816.3
1095670 1816.3
1095680 1819.6
1095690 1822.4
1095700 1822.4
1095710 1824.7
1095720 1826.8
1095730 1826.8
1095740 1828.5
1095750 1830.1
1095760 1830.1
1095770 1831.7
1095780 1833.5
1095790 1833.5
1095800 1835.6
1095810 1835.4
1095820 1835.4
1095830 1837.8
1095840 1840.4
1095850 1840.4
1095860 1843.3
1095870 1846.0
1095880 1848.5
1095890 1848.5
1095900 1849.3
1095910 1846.5
1095920 1846.5
1095930 1839.5
1095940 1832.3
1095950 1832.3
1095960 1826.2
1095970 1818.2
1095980 1818.2
1095990 1810.0
1096000 1800.9
1096010 1800.9
1096020 1793.4
1096030 1788.1
1096040 1788.1
1096050 1782.1
1096060 1774.3
1096070 1774.3
1096080 1767.7
1096090 1760.1
1096100 1760.1
1096110 1755.9
1096120 1753.0
1096130 1751.7
1096140 1760.2
1096150 1758.6
1096160 1758.2
1096170 1758.2
1096180 1759.7
1096190 1763.9
1096200 1763.9
1096210 1766.4
1096220 1766.4
1096230 1766.4
1096240 1763.6
1096250 1768.0
1096260 1768.0
1096270 1765.5
1096280 1760.8
1096290 1760.8
1096300 1757.1
1096310 1756.8
1096320 1756.8
1096330 1759.8
1096340 1764.3
1096350 1764.3
1096360 1768.3
1096370 1767.6
1096380 1767.6
1096390 1767.5
1096400 1765.1
1096410 1761.5
1096420 1761.5
1096430 1756.4
1096440 1747.7
1096450 1747.7
1096460 1737.6
1096470 1725.5
1096480 1725.5
1096490 1717.2
1096500 1708.2
1096510 1708.2
1096520 1701.0
1096530 1693.8
1096540 1693.8
1096550 1686.3
1096560 1678.2
1096570 1678.2
1096580 1671.1
1096590 1666.0
1096600 1666.0
1096610 1660.9
1096620 1655.5
1096630 1655.5
1096640 1649.2
1096650 1642.3
1096660 1635.5
1096670 1635.5
1096680 1628.3
1096690 1622.1
1096700 1622.1
1096710 1616.2
1096720 1610.8
1096730 1610.8
1096740 1605.6
1096750 1599.9
1096760 1599.9
1096770 1593.7
1096780 1587.3
1096790 1590.7
1096800 1583.6
1096810 1576.4
1096820 1576.4
1096830 1569.8
1096840 1563.3
1096850 1563.3
1096860 1555.0
1096870 1546.9
1096880 1546.9
1096890 1538.7
1096900 1531.8
1096910 1531.8
1096920 1524.2
1096930 1516.3
1096940 1508.1
1096950 1508.1
1096960 1500.2
1096970 1492.8
1096980 1492.8
1096990 1485.2
1097000 1478.6
1097010 1478.6
1097020 1472.2
1097030 1465.6
1097040 1465.6
1097050 1458.7
1097060 1450.0
1097070 1450.0
1097080 1441.9
1097090 1434.1
1097100 1434.1
1097110 1424.8
1097120 1418.8
1097130 1418.8
1097140 1410.2
1097150 1402.3
1097160 1402.3
1097170 1394.0
1097180 1384.1
1097190 1371.2
1097200 1371.2
1097210 1353.4
1097220 1335.1
1097230 1335.1
1097240 1324.9
1097250 1317.6
1097260 1317.6
1097270 1311.3
1097280 1304.5
1097290 1304.5
1097300 1296.0
1097310 1285.5
1097320 1285.5
1097330 1274.6
1097340 1261.4
1097350 1261.4
1097360 1247.0
1097370 1235.6
1097380 1235.6
1097390 1223.1
1097400 1209.7
1097410 1209.7
1097420 1197.3
1097430 1185.1
1097440 1185.1
1097450 1186.0
1097460 1169.4
1097470 1154.3
1097480 1154.3
1097490 1144.0
1097500 1135.3
1097510 1135.3
1097520 1122.9
1097530 1108.6
1097540 1108.6
1097550 1097.6
1097560 1092.9
1097570 1092.9
1097580 1089.4
1097590 1083.3
1097600 1083.3
1097610 1073.2
1097620 1060.1
1097630 1060.1
1097640 1043.5
1097650 1037.0
1097660 1037.0
1097670 1027.8
1097680 1015.7
1097690 1015.7
1097700 1004.7
1097710 997.1
1097720 988.6
1097730 988.6
1097740 979.1
1097750 971.0
1097760 971.0
1097770 964.6
1097780 971.7
1097790 971.7
1097800 962.7
1097810 953.5
1097820 953.5
1097830 945.6
1097840 938.8
1097850 938.8
1097860 932.9
1097870 927.4
1097880 927.4
1097890 916.3
1097900 907.1
1097910 907.1
1097920 898.8
1097930 892.5
1097940 892.5
1097950 887.8
1097960 887.2
1097970 887.2
1097980 894.4
1097990 903.7
1098000 917.5
1098010 917.5
1098020 922.3
1098030 929.5
1098040 929.5
1098050 935.7
1098060 939.4
1098070 939.4
1098080 942.7
1098090 949.7
1098100 949.7
1098110 947.3
1098120 953.2
1098130 953.2
1098140 958.3
1098150 969.5
1098160 969.5
1098170 980.2
1098180 988.7
1098190 988.7
1098200 995.8
1098210 999.9
1098220 999.9
1098230 1000.7
1098240 1000.6
1098250 1001.8
1098260 1001.8
1098270 1003.8
1098280 1011.4
1098290 1011.4
1098300 1018.5
1098310 1023.7
1098320 1023.7
1098330 1027.7
1098340 1029.3
1098350 1029.3
1098360 1029.4
1098370 1031.7
1098380 1031.7
1098390 1036.6
1098400 1039.9
1098410 1039.9
1098420 1042.0
1098430 1045.4
1098440 1044.5
1098450 1050.6
1098460 1057.0
1098470 1057.0
1098480 1064.6
1098490 1071.4
1098500 1071.4
1098510 1078.3
1098520 1083.2
1098530 1086.9
1098540 1086.9
1098550 1091.2
1098560 1094.9
1098570 1094.9
1098580 1099.1
1098590 1103.0
1098600 1103.0
1098610 1106.7
1098620 1110.9
1098630 1110.9
1098640 1115.3
1098650 1120.1
1098660 1120.1
1098670 1124.5
1098680 1129.3
1098690 1129.3
1098700 1134.1
1098710 1138.8
1098720 1138.8
1098730 1143.6
1098740 1148.4
1098750 1148.4
1098760 1152.0
1098770 1147.4
1098780 1143.8
1098790 1143.8
1098800 1143.0
1098810 1148.1
1098820 1148.1
1098830 1153.1
1098840 1160.0
1098850 1160.0
1098860 1167.7
1098870 1175.8
1098880 1175.8
1098890 1181.8
1098900 1186.2
1098910 1186.2
1098920 1189.8
1098930 1192.1
1098940 1192.1
1098950 1197.7
1098960 1204.8
1098970 1204.8
1098980 1213.2
1098990 1222.3
1099000 1222.3
1099010 1232.8
1099020 1242.3
1099030 1242.3
1099040 1252.2
1099050 1260.4
1099060 1267.6
1099070 1267.6
1099080 1274.8
1099090 1280.9
1099100 1276.4
1099110 1283.8
1099120 1291.3
1099130 1291.3
1099140 1299.4
1099150 1306.4
1099160 1306.4
1099170 1312.5
1099180 1317.5
1099190 1317.5
1099200 1323.3
1099210 1330.8
1099220 1330.8
1099230 1338.7
1099240 1346.3
1099250 1346.3
1099260 1353.9
1099270 1361.0
1099280 1361.0
1099290 1368.9
1099300 1375.7
1099310 1375.7
1099320 1382.6
1099330 1389.5
1099340 1396.2
1099350 1396.2
1099360 1403.0
1099370 1409.2
1099380 1409.2
1099390 1415.2
1099400 1420.7
1099410 1420.7
1099420 1425.8
1099430 1426.5
1099440 1426.5
1099450 1431.0
1099460 1434.8
1099470 1434.8
1099480 1437.6
1099490 1436.0
1099500 1436.0
1099510 1425.4
1099520 1416.0
1099530 1416.0
1099540 1409.2
1099550 1402.5
1099560 1402.5
1099570 1395.9
1099580 1389.6
1099590 1384.3
1099600 1384.3
1099610 1382.0
1099620 1379.9
1099630 1379.9
1099640 1378.0
1099650 1377.0
1099660 1377.0
1099670 1375.9
1099680 1374.5
1099690 1374.5
1099700 1373.5
1099710 1372.4
1099720 1372.4
1099730 1371.2
1099740 1369.0
1099750 1369.0
1099760 1361.6
1099770 1357.7
1099780 1357.7
1099790 1354.1
1099800 1351.6
1099810 1351.6
1099820 1348.7
1099830 1344.9
1099840 1344.9
1099850 1340.9
1099860 1336.7
1099870 1332.1
1099880 1332.1
1099890 1327.3
1099900 1322.2
1099910 1322.2
1099920 1318.0
1099930 1315.2
1099940 1315.2
1099950 1312.6
1099960 1309.2
1099970 1309.2
1099980 1305.5
1099990 1301.4
