1080000 1241.5
1080010 1239.4
1080020 1236.9
1080030 1236.9
1080040 1235.0
1080050 1233.0
1080060 1233.0
1080070 1232.2
1080080 1233.5
1080090 1233.5
1080100 1234.2
1080110 1234.5
1080120 1234.5
1080130 1239.2
1080140 1242.7
1080150 1242.7
1080160 1244.8
1080170 1249.7
1080180 1249.7
1080190 1254.9
1080200 1257.8
1080210 1260.8
1080220 1261.8
1080230 1263.5
1080240 1263.5
1080250 1265.0
1080260 1267.9
1080270 1273.0
1080280 1273.0
1080290 1279.2
1080300 1285.4
1080310 1285.4
1080320 1290.6
1080330 1294.1
1080340 1294.1
1080350 1296.3
1080360 1297.7
1080370 1297.7
1080380 1297.7
1080390 1296.4
1080400 1296.4
1080410 1291.1
1080420 1287.1
1080430 1287.1
1080440 1286.6
1080450 1287.7
1080460 1287.7
1080470 1286.2
1080480 1283.3
1080490 1283.3
1080500 1283.5
1080510 1285.4
1080520 1291.2
1080530 1292.2
1080540 1294.7
1080550 1297.5
1080560 1297.5
1080570 1294.3
1080580 1292.3
1080590 1292.3
1080600 1292.2
1080610 1289.8
1080620 1289.8
1080630 1289.4
1080640 1287.9
1080650 1287.9
1080660 1286.2
1080670 1284.5
1080680 1284.5
1080690 1283.0
1080700 1281.1
1080710 1281.1
1080720 1279.2
1080730 1277.9
1080740 1277.9
1080750 1276.8
1080760 1275.3
1080770 1275.3
1080780 1274.5
1080790 1272.4
1080800 1272.1
1080810 1272.1
1080820 1271.3
1080830 1270.2
1080840 1275.2
1080850 1274.7
1080860 1273.8
1080870 1273.8
1080880 1273.2
1080890 1272.2
1080900 1272.2
1080910 1271.2
1080920 1269.8
1080930 1269.8
1080940 1268.1
1080950 1266.0
1080960 1266.0
1080970 1263.1
1080980 1259.7
1080990 1259.7
1081000 1256.3
1081010 1252.9
1081020 1252.9
1081030 1249.7
1081040 1246.5
1081050 1246.5
1081060 1243.0
1081070 1239.4
1081080 1237.8
1081090 1237.8
1081100 1237.0
1081110 1233.4
1081120 1233.4
1081130 1226.9
1081140 1219.9
1081150 1219.9
1081160 1214.4
1081170 1208.2
1081180 1208.2
1081190 1200.1
1081200 1191.6
1081210 1191.6
1081220 1190.6
1081230 1193.0
1081240 1193.0
1081250 1188.9
1081260 1184.2
1081270 1184.2
1081280 1180.4
1081290 1178.2
1081300 1178.2
1081310 1177.4
1081320 1176.7
1081330 1176.7
1081340 1174.7
1081350 1167.1
1081360 1158.5
1081370 1158.5
1081380 1151.1
1081390 1145.3
1081400 1145.3
1081410 1148.1
1081420 1155.9
1081430 1155.9
1081440 1163.6
1081450 1168.2
1081460 1168.2
1081470 1179.5
1081480 1184.0
1081490 1184.0
1081500 1188.8
1081510 1193.0
1081520 1193.0
1081530 1197.0
1081540 1201.1
1081550 1201.1
1081560 1205.9
1081570 1207.1
1081580 1207.1
1081590 1206.4
1081600 1207.3
1081610 1210.3
1081620 1210.3
1081630 1213.4
1081640 1216.4
1081650 1216.4
1081660 1217.7
1081670 1221.2
1081680 1221.2
1081690 1222.6
1081700 1222.8
1081710 1222.8
1081720 1224.4
1081730 1225.0
1081740 1225.0
1081750 1225.1
1081760 1226.4
1081770 1226.4
1081780 1226.9
1081790 1233.9
1081800 1233.9
1081810 1234.1
1081820 1233.7
1081830 1233.7
1081840 1233.2
1081850 1232.4
1081860 1232.4
1081870 1231.9
1081880 1231.3
1081890 1230.8
1081900 1230.8
1081910 1229.9
1081920 1228.8
1081930 1228.8
1081940 1227.7
1081950 1224.8
1081960 1224.8
1081970 1223.6
1081980 1224.1
1081990 1224.1
1082000 1222.7
1082010 1217.5
1082020 1217.5
1082030 1211.7
1082040 1203.8
1082050 1203.8
1082060 1194.8
1082070 1188.7
1082080 1188.7
1082090 1182.2
1082100 1179.0
1082110 1179.0
1082120 1170.7
1082130 1162.0
1082140 1154.0
1082150 1154.0
1082160 1147.2
1082170 1140.1
1082180 1140.1
1082190 1131.7
1082200 1124.1
1082210 1124.1
1082220 1125.5
1082230 1134.4
1082240 1134.4
1082250 1141.8
1082260 1149.7
1082270 1149.7
1082280 1157.2
1082290 1164.2
1082300 1164.2
1082310 1170.5
1082320 1176.8
1082330 1176.8
1082340 1183.4
1082350 1189.4
1082360 1189.4
1082370 1196.1
1082380 1202.5
1082390 1202.5
1082400 1209.4
1082410 1214.7
1082420 1224.9
1082430 1224.9
1082440 1232.5
1082450 1236.1
1082460 1236.1
1082470 1236.3
1082480 1235.9
1082490 1235.9
1082500 1234.0
1082510 1233.7
1082520 1233.7
1082530 1235.3
1082540 1235.7
1082550 1235.7
1082560 1235.3
1082570 1234.7
1082580 1234.7
1082590 1234.2
1082600 1234.0
1082610 1234.0
1082620 1234.1
1082630 1233.3
1082640 1233.3
1082650 1233.0
1082660 1232.9
1082670 1232.9
1082680 1232.1
1082690 1232.1
1082700 1232.1
1082710 1232.1
1082720 1232.0
1082730 1231.8
1082740 1237.0
1082750 1237.3
1082760 1236.1
1082770 1236.1
1082780 1233.9
1082790 1230.4
1082800 1230.4
1082810 1232.3
1082820 1230.1
1082830 1230.1
1082840 1227.7
1082850 1224.5
1082860 1224.5
1082870 1221.6
1082880 1217.8
1082890 1217.8
1082900 1219.7
1082910 1222.7
1082920 1222.7
1082930 1223.5
1082940 1224.2
1082950 1224.1
1082960 1224.1
1082970 1224.4
1082980 1225.6
1082990 1225.6
1083000 1225.6
1083010 1226.1
1083020 1226.1
1083030 1226.5
1083040 1226.5
1083050 1232.3
1083060 1231.0
1083070 1228.9
1083080 1228.9
1083090 1228.2
1083100 1228.0
1083110 1228.0
1083120 1225.6
1083130 1219.4
1083140 1219.4
1083150 1212.3
1083160 1205.5
1083170 1205.5
1083180 1198.7
1083190 1191.5
1083200 1191.5
1083210 1194.6
1083220 1203.8
1083230 1210.0
1083240 1210.0
1083250 1215.4
1083260 1214.2
1083270 1214.2
1083280 1207.8
1083290 1202.8
1083300 1202.8
1083310 1198.8
1083320 1194.7
1083330 1194.7
1083340 1192.2
1083350 1188.2
1083360 1188.2
1083370 1186.8
1083380 1177.5
1083390 1177.5
1083400 1168.7
1083410 1165.6
1083420 1165.6
1083430 1169.9
1083440 1179.0
1083450 1179.0
1083460 1186.7
1083470 1193.7
1083480 1199.9
1083490 1199.9
1083500 1205.0
1083510 1204.8
1083520 1204.8
1083530 1197.0
1083540 1197.8
1083550 1197.8
1083560 1204.1
1083570 1206.4
1083580 1206.4
1083590 1207.5
1083600 1202.2
1083610 1202.2
1083620 1194.3
1083630 1187.8
1083640 1187.8
1083650 1194.2
1083660 1199.8
1083670 1199.8
1083680 1204.6
1083690 1217.3
1083700 1217.3
1083710 1221.3
1083720 1223.8
1083730 1223.8
1083740 1230.1
1083750 1236.5
1083760 1241.0
1083770 1241.0
1083780 1242.4
1083790 1242.2
1083800 1242.2
1083810 1240.0
1083820 1238.7
1083830 1238.7
1083840 1240.0
1083850 1239.2
1083860 1239.2
1083870 1237.6
1083880 1238.3
1083890 1238.3
1083900 1239.4
1083910 1239.7
1083920 1239.7
1083930 1238.2
1083940 1239.0
1083950 1239.0
1083960 1238.5
1083970 1237.2
1083980 1237.2
1083990 1238.0
1084000 1244.4
1084010 1244.4
1084020 1243.3
1084030 1243.6
1084040 1244.6
1084050 1244.6
1084060 1243.8
1084070 1244.0
1084080 1244.0
1084090 1243.9
1084100 1242.3
1084110 1242.3
1084120 1240.5
1084130 1238.8
1084140 1238.8
1084150 1236.9
1084160 1234.6
1084170 1234.6
1084180 1234.3
1084190 1232.3
1084200 1232.3
1084210 1230.6
1084220 1229.3
1084230 1229.3
1084240 1227.0
1084250 1225.4
1084260 1225.4
1084270 1222.9
1084280 1222.9
1084290 1221.3
1084300 1221.3
1084310 1218.5
1084320 1218.2
1084330 1218.2
1084340 1215.8
1084350 1215.9
1084360 1215.9
1084370 1213.0
1084380 1210.9
1084390 1210.9
1084400 1206.9
1084410 1200.9
1084420 1200.9
1084430 1194.0
1084440 1186.6
1084450 1186.6
1084460 1183.5
1084470 1179.3
1084480 1179.3
1084490 1174.8
1084500 1172.7
1084510 1172.7
1084520 1170.8
1084530 1164.5
1084540 1164.5
1084550 1161.3
1084560 1169.4
1084570 1177.5
1084580 1177.5
1084590 1184.1
1084600 1190.1
1084610 1190.1
1084620 1195.4
1084630 1199.1
1084640 1202.7
1084650 1205.5
1084660 1206.0
1084670 1206.0
1084680 1206.5
1084690 1207.9
1084700 1207.9
1084710 1207.1
1084720 1201.3
1084730 1201.3
1084740 1194.9
1084750 1187.5
1084760 1187.5
1084770 1190.5
1084780 1198.6
1084790 1198.6
1084800 1201.4
1084810 1195.6
1084820 1189.6
1084830 1189.6
1084840 1182.6
1084850 1173.5
1084860 1173.5
1084870 1165.5
1084880 1158.4
1084890 1158.4
1084900 1148.7
1084910 1146.7
1084920 1146.7
1084930 1156.3
1084940 1165.6
1084950 1165.6
1084960 1175.2
1084970 1182.2
1084980 1182.2
1084990 1188.4
1085000 1194.4
1085010 1194.4
1085020 1196.4
1085030 1195.0
1085040 1195.0
1085050 1194.3
1085060 1188.5
1085070 1188.5
1085080 1183.2
1085090 1179.5
1085100 1179.5
1085110 1179.5
1085120 1187.8
1085130 1195.7
1085140 1195.7
1085150 1201.0
1085160 1207.6
1085170 1207.6
1085180 1215.2
1085190 1219.2
1085200 1219.2
1085210 1223.3
1085220 1229.4
1085230 1229.4
1085240 1236.7
1085250 1244.3
1085260 1244.3
1085270 1251.9
1085280 1258.6
1085290 1258.6
1085300 1268.1
1085310 1275.5
1085320 1275.5
1085330 1282.9
1085340 1290.4
1085350 1290.4
1085360 1294.5
1085370 1295.8
1085380 1297.1
1085390 1297.1
1085400 1299.4
1085410 1301.0
1085420 1301.0
1085430 1301.2
1085440 1301.1
1085450 1301.1
1085460 1301.6
1085470 1303.0
1085480 1303.0
1085490 1305.6
1085500 1307.9
1085510 1307.9
1085520 1311.2
1085530 1314.9
1085540 1314.9
1085550 1319.4
1085560 1320.6
1085570 1320.6
1085580 1318.1
1085590 1316.5
1085600 1322.0
1085610 1321.1
1085620 1318.2
1085630 1317.2
1085640 1317.2
1085650 1318.2
1085660 1318.2
1085670 1318.2
1085680 1314.6
1085690 1308.3
1085700 1308.3
1085710 1300.8
1085720 1293.6
1085730 1293.6
1085740 1288.7
1085750 1281.0
1085760 1281.0
1085770 1271.1
1085780 1263.9
1085790 1263.9
1085800 1258.3
1085810 1252.7
1085820 1252.7
1085830 1245.7
1085840 1238.9
1085850 1238.9
1085860 1250.4
1085870 1260.7
1085880 1260.7
1085890 1267.5
1085900 1273.0
1085910 1282.2
1085920 1282.2
1085930 1287.3
1085940 1290.2
1085950 1290.2
1085960 1293.8
1085970 1295.1
1085980 1295.1
1085990 1291.1
1086000 1286.7
1086010 1286.7
1086020 1291.3
1086030 1293.8
1086040 1293.8
1086050 1300.4
1086060 1304.2
1086070 1304.2
1086080 1305.4
1086090 1308.7
1086100 1308.7
1086110 1312.6
1086120 1318.6
1086130 1318.6
1086140 1325.5
1086150 1332.5
1086160 1339.0
1086170 1339.0
1086180 1347.3
1086190 1354.1
1086200 1354.1
1086210 1355.3
1086220 1355.6
1086230 1363.9
1086240 1366.2
1086250 1366.4
1086260 1366.4
1086270 1365.7
1086280 1366.3
1086290 1366.3
1086300 1366.9
1086310 1366.6
1086320 1366.6
1086330 1367.3
1086340 1367.3
1086350 1367.3
1086360 1367.3
1086370 1367.8
1086380 1367.8
1086390 1368.0
1086400 1368.6
1086410 1368.6
1086420 1368.4
1086430 1367.9
1086440 1367.2
1086450 1367.2
1086460 1366.5
1086470 1366.1
1086480 1366.1
1086490 1365.6
1086500 1365.3
1086510 1365.3
1086520 1364.3
1086530 1362.7
1086540 1362.7
1086550 1366.7
1086560 1366.3
1086570 1366.3
1086580 1365.7
1086590 1365.3
1086600 1365.3
1086610 1364.9
1086620 1363.3
1086630 1363.3
1086640 1362.2
1086650 1360.5
1086660 1360.5
1086670 1359.1
1086680 1358.2
1086690 1358.2
1086700 1356.5
1086710 1356.5
1086720 1355.4
1086730 1355.4
1086740 1352.8
1086750 1349.1
1086760 1349.1
1086770 1346.3
1086780 1345.1
1086790 1345.1
1086800 1343.5
1086810 1341.4
1086820 1341.4
1086830 1338.5
1086840 1334.5
1086850 1334.5
1086860 1332.2
1086870 1332.5
1086880 1332.5
1086890 1329.9
1086900 1327.0
1086910 1327.0
1086920 1324.4
1086930 1322.5
1086940 1322.5
1086950 1321.8
1086960 1320.6
1086970 1319.4
1086980 1319.4
1086990 1316.3
1087000 1312.8
1087010 1312.8
1087020 1310.8
1087030 1303.9
1087040 1303.9
1087050 1296.8
1087060 1289.7
1087070 1289.7
1087080 1282.9
1087090 1277.0
1087100 1277.0
1087110 1270.8
1087120 1264.3
1087130 1264.3
1087140 1258.0
1087150 1252.6
1087160 1252.6
1087170 1247.5
1087180 1241.9
1087190 1247.0
1087200 1240.9
1087210 1234.6
1087220 1234.6
1087230 1228.5
1087240 1221.9
1087250 1216.2
1087260 1216.2
1087270 1212.1
1087280 1209.0
1087290 1209.0
1087300 1206.1
1087310 1203.8
1087320 1203.8
1087330 1208.9
1087340 1217.3
1087350 1217.3
1087360 1223.1
1087370 1226.1
1087380 1226.1
1087390 1228.2
1087400 1230.5
1087410 1230.5
1087420 1232.6
1087430 1235.8
1087440 1235.8
1087450 1241.3
1087460 1247.0
1087470 1247.0
1087480 1252.1
1087490 1257.4
1087500 1262.7
1087510 1263.7
1087520 1268.9
1087530 1275.9
1087540 1275.9
1087550 1283.3
1087560 1291.3
1087570 1291.3
1087580 1299.3
1087590 1306.8
1087600 1306.8
1087610 1314.7
1087620 1323.0
1087630 1323.0
1087640 1330.3
1087650 1338.3
1087660 1338.3
1087670 1346.4
1087680 1354.1
1087690 1354.1
1087700 1361.3
1087710 1368.3
1087720 1368.3
1087730 1372.8
1087740 1380.1
1087750 1380.1
1087760 1386.2
1087770 1391.5
1087780 1398.6
1087790 1398.6
1087800 1407.1
1087810 1414.5
1087820 1414.5
1087830 1418.5
1087840 1425.8
1087850 1425.8
1087860 1432.4
1087870 1438.5
1087880 1438.5
1087890 1445.0
1087900 1450.8
1087910 1450.8
1087920 1453.7
1087930 1451.1
1087940 1451.1
1087950 1443.8
1087960 1438.5
1087970 1438.5
1087980 1436.5
1087990 1434.8
1088000 1434.8
1088010 1432.6
1088020 1433.7
1088030 1433.7
1088040 1436.0
1088050 1436.7
1088060 1433.4
1088070 1433.4
1088080 1429.7
1088090 1427.3
1088100 1427.3
1088110 1427.2
1088120 1428.2
1088130 1428.2
1088140 1429.9
1088150 1429.9
1088160 1436.4
1088170 1436.3
1088180 1436.7
1088190 1436.7
1088200 1432.9
1088210 1429.5
1088220 1429.5
1088230 1428.8
1088240 1428.1
1088250 1428.1
1088260 1424.9
1088270 1423.7
1088280 1423.7
1088290 1424.4
1088300 1418.7
1088310 1408.4
1088320 1408.4
1088330 1403.7
1088340 1412.8
1088350 1412.8
1088360 1423.3
1088370 1429.5
1088380 1429.5
1088390 1435.7
1088400 1443.2
1088410 1443.2
1088420 1450.0
1088430 1456.8
1088440 1456.8
1088450 1457.8
1088460 1453.0
1088470 1453.0
1088480 1452.9
1088490 1450.7
1088500 1450.7
1088510 1450.4
1088520 1449.6
1088530 1449.6
1088540 1448.2
1088550 1447.5
1088560 1447.5
1088570 1445.2
1088580 1445.9
1088590 1446.1
1088600 1446.1
1088610 1444.1
1088620 1448.8
1088630 1448.8
1088640 1453.1
1088650 1456.1
1088660 1456.1
1088670 1461.5
1088680 1467.2
1088690 1467.2
1088700 1468.6
1088710 1470.2
1088720 1470.2
1088730 1477.4
1088740 1485.1
1088750 1485.1
1088760 1492.2
1088770 1496.4
1088780 1496.4
1088790 1496.4
1088800 1504.2
1088810 1504.2
1088820 1504.5
1088830 1504.7
1088840 1504.9
1088850 1504.9
1088860 1504.6
1088870 1504.2
1088880 1504.2
1088890 1504.1
1088900 1503.9
1088910 1503.9
1088920 1502.8
1088930 1500.3
1088940 1500.3
1088950 1496.1
1088960 1492.5
1088970 1492.5
1088980 1489.9
1088990 1486.8
1089000 1486.8
1089010 1483.9
1089020 1481.4
1089030 1481.4
1089040 1478.3
1089050 1473.3
1089060 1473.3
1089070 1464.5
1089080 1454.9
1089090 1454.9
1089100 1444.6
1089110 1434.0
1089120 1424.5
1089130 1424.5
1089140 1416.5
1089150 1407.4
1089160 1407.4
1089170 1398.5
1089180 1390.7
1089190 1390.7
1089200 1383.7
1089210 1376.0
1089220 1376.0
1089230 1369.1
1089240 1362.9
1089250 1362.9
1089260 1356.6
1089270 1352.4
1089280 1352.4
1089290 1346.7
1089300 1341.0
1089310 1341.0
1089320 1335.6
1089330 1329.3
1089340 1329.3
1089350 1322.9
1089360 1316.4
1089370 1316.4
1089380 1317.4
1089390 1312.5
1089400 1303.6
1089410 1303.6
1089420 1307.9
1089430 1317.4
1089440 1321.5
1089450 1327.7
1089460 1327.6
1089470 1327.6
1089480 1326.9
1089490 1324.2
1089500 1324.2
1089510 1320.7
1089520 1313.8
1089530 1313.8
1089540 1322.6
1089550 1332.3
1089560 1332.3
1089570 1337.2
1089580 1341.0
1089590 1341.0
1089600 1346.2
1089610 1351.8
1089620 1351.8
1089630 1358.0
1089640 1364.0
1089650 1370.1
1089660 1370.1
1089670 1377.0
1089680 1384.0
1089690 1384.0
1089700 1391.1
1089710 1397.5
1089720 1397.5
1089730 1402.3
1089740 1409.1
1089750 1409.1
1089760 1417.1
1089770 1423.3
1089780 1423.3
1089790 1430.2
1089800 1437.7
1089810 1437.7
1089820 1445.6
1089830 1454.2
1089840 1454.2
1089850 1462.3
1089860 1472.3
1089870 1472.3
1089880 1483.3
1089890 1493.3
1089900 1493.3
1089910 1502.9
1089920 1512.2
1089930 1520.0
1089940 1520.0
1089950 1525.1
1089960 1529.0
1089970 1529.0
1089980 1530.7
1089990 1528.2
1090000 1528.2
1090010 1528.3
1090020 1530.7
1090030 1530.7
1090040 1533.9
1090050 1534.4
1090060 1534.4
1090070 1532.7
1090080 1535.1
1090090 1542.3
1090100 1544.5
1090110 1544.1
1090120 1544.1
1090130 1545.1
1090140 1545.4
1090150 1545.4
1090160 1547.3
1090170 1549.5
1090180 1552.5
1090190 1552.5
1090200 1555.3
1090210 1557.0
1090220 1557.0
1090230 1555.9
1090240 1554.8
1090250 1554.8
1090260 1556.3
1090270 1559.9
1090280 1559.9
1090290 1559.2
1090300 1557.2
1090310 1557.2
1090320 1567.1
1090330 1572.1
1090340 1572.1
1090350 1576.1
1090360 1578.3
1090370 1578.3
1090380 1575.8
1090390 1568.1
1090400 1568.1
1090410 1569.8
1090420 1560.9
1090430 1560.9
1090440 1560.6
1090450 1572.0
1090460 1582.4
1090470 1582.4
1090480 1580.6
1090490 1582.1
1090500 1582.1
1090510 1588.6
1090520 1596.4
1090530 1596.4
1090540 1604.9
1090550 1613.1
1090560 1613.1
1090570 1621.2
1090580 1628.2
1090590 1628.2
1090600 1634.9
1090610 1641.0
1090620 1641.0
1090630 1648.4
1090640 1656.2
1090650 1656.2
1090660 1664.3
1090670 1672.8
1090680 1672.8
1090690 1681.8
1090700 1688.7
1090710 1688.7
1090720 1692.8
1090730 1698.8
1090740 1708.1
1090750 1708.1
1090760 1716.6
1090770 1725.9
1090780 1725.9
1090790 1735.8
1090800 1745.2
1090810 1745.2
1090820 1752.0
1090830 1759.0
1090840 1759.0
1090850 1765.8
1090860 1771.7
1090870 1771.7
1090880 1779.5
1090890 1786.2
1090900 1786.2
1090910 1795.0
1090920 1809.3
1090930 1809.3
1090940 1825.1
1090950 1838.7
1090960 1838.7
1090970 1848.2
1090980 1855.5
1090990 1861.8
1091000 1861.8
1091010 1866.3
1091020 1868.0
1091030 1868.0
1091040 1867.6
1091050 1867.3
1091060 1861.6
1091070 1861.5
1091080 1861.6
1091090 1861.6
1091100 1861.9
1091110 1862.8
1091120 1862.8
1091130 1863.4
1091140 1863.5
1091150 1863.5
1091160 1864.0
1091170 1864.2
1091180 1864.2
1091190 1864.4
1091200 1864.7
1091210 1864.7
1091220 1865.8
1091230 1867.3
1091240 1867.3
1091250 1869.1
1091260 1870.9
1091270 1872.1
1091280 1872.1
1091290 1873.0
1091300 1874.1
1091310 1874.1
1091320 1874.9
1091330 1875.2
1091340 1875.2
1091350 1875.0
1091360 1872.4
1091370 1872.4
1091380 1865.1
1091390 1858.2
1091400 1858.2
1091410 1852.0
1091420 1845.3
1091430 1845.3
1091440 1837.5
1091450 1829.9
1091460 1829.9
1091470 1823.9
1091480 1819.9
1091490 1819.9
1091500 1814.8
1091510 1808.3
1091520 1803.2
1091530 1803.2
1091540 1799.5
1091550 1796.8
1091560 1796.8
1091570 1793.5
1091580 1787.2
1091590 1787.2
1091600 1779.7
1091610 1774.0
1091620 1774.0
1091630 1770.6
1091640 1766.4
1091650 1766.4
1091660 1763.4
1091670 1761.1
1091680 1761.1
1091690 1758.5
1091700 1753.1
1091710 1753.1
1091720 1749.5
1091730 1747.6
1091740 1747.6
1091750 1746.3
1091760 1745.4
1091770 1745.4
1091780 1746.7
1091790 1746.8
1091800 1745.6
1091810 1745.6
1091820 1744.5
1091830 1742.2
1091840 1742.2
1091850 1740.8
1091860 1738.8
1091870 1738.8
1091880 1736.0
1091890 1732.3
1091900 1732.3
1091910 1728.8
1091920 1727.2
1091930 1727.2
1091940 1728.0
1091950 1729.8
1091960 1729.8
1091970 1730.1
1091980 1730.3
1091990 1730.3
1092000 1731.5
1092010 1732.3
1092020 1732.3
1092030 1729.3
1092040 1729.9
1092050 1729.9
1092060 1730.6
1092070 1732.2
1092080 1734.3
1092090 1734.3
1092100 1737.0
1092110 1738.8
1092120 1738.8
1092130 1739.2
1092140 1737.9
1092150 1737.9
1092160 1732.7
1092170 1726.8
1092180 1726.8
1092190 1725.5
1092200 1726.5
1092210 1726.5
1092220 1729.1
1092230 1732.4
1092240 1732.4
1092250 1735.4
1092260 1738.0
1092270 1738.0
1092280 1741.0
1092290 1742.8
1092300 1742.8
1092310 1746.1
1092320 1749.3
1092330 1754.6
1092340 1754.6
1092350 1753.4
1092360 1757.4
1092370 1757.4
1092380 1761.1
1092390 1764.8
1092400 1764.8
1092410 1768.3
1092420 1771.7
1092430 1771.7
1092440 1775.6
1092450 1776.9
1092460 1776.9
1092470 1779.9
1092480 1784.8
1092490 1784.8
1092500 1792.8
1092510 1804.2
1092520 1804.2
1092530 1804.8
1092540 1805.0
1092550 1805.0
1092560 1809.9
1092570 1816.6
1092580 1816.6
1092590 1822.0
1092600 1825.5
1092610 1835.0
1092620 1835.0
1092630 1840.1
1092640 1836.5
1092650 1836.5
1092660 1831.1
1092670 1823.8
1092680 1819.3
1092690 1813.9
1092700 1810.2
1092710 1810.2
1092720 1805.6
1092730 1801.9
1092740 1801.9
1092750 1798.0
1092760 1796.0
1092770 1796.0
1092780 1794.2
1092790 1791.0
1092800 1791.0
1092810 1788.0
1092820 1785.7
1092830 1785.7
1092840 1785.6
1092850 1787.7
1092860 1790.4
1092870 1790.4
1092880 1792.5
1092890 1797.5
1092900 1797.5
1092910 1801.3
1092920 1801.6
1092930 1801.6
1092940 1804.1
1092950 1807.2
1092960 1807.2
1092970 1812.1
1092980 1816.1
1092990 1816.1
1093000 1816.3
1093010 1820.7
1093020 1820.7
1093030 1825.9
1093040 1831.4
1093050 1831.4
1093060 1835.7
1093070 1840.3
1093080 1840.3
1093090 1845.8
1093100 1849.6
1093110 1849.6
1093120 1854.4
1093130 1858.9
1093140 1864.7
1093150 1864.7
1093160 1869.9
1093170 1873.7
1093180 1873.7
1093190 1875.1
1093200 1873.3
1093210 1873.3
1093220 1869.4
1093230 1858.9
1093240 1858.9
1093250 1849.1
1093260 1839.6
1093270 1839.6
1093280 1832.9
1093290 1828.4
1093300 1828.4
1093310 1823.2
1093320 1818.2
1093330 1813.4
1093340 1808.8
1093350 1804.5
1093360 1804.5
1093370 1800.2
1093380 1795.2
1093390 1790.0
1093400 1790.0
1093410 1785.4
1093420 1781.0
1093430 1781.0
1093440 1777.4
1093450 1774.2
1093460 1774.2
1093470 1769.7
1093480 1765.1
1093490 1765.1
1093500 1760.4
1093510 1756.6
1093520 1756.6
1093530 1754.1
1093540 1751.2
1093550 1751.2
1093560 1748.4
1093570 1745.3
1093580 1745.3
1093590 1743.0
1093600 1740.2
1093610 1740.2
1093620 1736.7
1093630 1735.5
1093640 1735.5
1093650 1729.8
1093660 1729.7
1093670 1730.0
1093680 1730.0
1093690 1730.4
1093700 1730.2
1093710 1730.2
1093720 1730.4
1093730 1729.8
1093740 1729.8
1093750 1725.5
1093760 1724.1
1093770 1724.1
1093780 1724.3
1093790 1722.5
1093800 1722.5
1093810 1719.8
1093820 1718.3
1093830 1718.3
1093840 1717.8
1093850 1717.4
1093860 1717.4
1093870 1717.3
1093880 1717.6
1093890 1717.6
1093900 1717.7
1093910 1718.0
1093920 1718.0
1093930 1718.2
1093940 1718.5
1093950 1715.6
1093960 1715.6
1093970 1710.6
1093980 1707.0
1093990 1707.0
1094000 1710.0
1094010 1709.3
1094020 1709.3
1094030 1709.8
1094040 1711.1
1094050 1711.1
1094060 1711.3
1094070 1711.4
1094080 1711.4
1094090 1714.1
1094100 1716.4
1094110 1716.4
1094120 1718.3
1094130 1718.8
1094140 1718.8
1094150 1718.7
1094160 1719.9
1094170 1719.9
1094180 1721.7
1094190 1723.7
1094200 1726.0
1094210 1726.0
1094220 1727.6
1094230 1728.1
1094240 1728.1
1094250 1730.2
1094260 1734.6
1094270 1734.6
1094280 1736.9
1094290 1739.9
1094300 1736.8
1094310 1740.2
1094320 1744.1
1094330 1744.1
1094340 1747.8
1094350 1751.9
1094360 1751.9
1094370 1756.0
1094380 1761.5
1094390 1761.5
1094400 1767.5
1094410 1773.0
1094420 1773.0
1094430 1779.9
1094440 1787.5
1094450 1787.5
1094460 1794.1
1094470 1801.4
1094480 1807.3
1094490 1807.3
1094500 1816.4
1094510 1822.5
1094520 1822.5
1094530 1830.2
1094540 1837.8
1094550 1837.8
1094560 1841.9
1094570 1846.0
1094580 1846.0
1094590 1851.6
1094600 1855.2
1094610 1855.2
1094620 1861.1
1094630 1866.2
1094640 1866.2
1094650 1873.1
1094660 1876.9
1094670 1876.9
1094680 1875.0
1094690 1864.8
1094700 1864.8
1094710 1858.7
1094720 1855.6
1094730 1850.4
1094740 1850.4
1094750 1846.2
1094760 1841.4
1094770 1841.4
1094780 1836.0
1094790 1830.2
1094800 1830.2
1094810 1822.9
1094820 1815.5
1094830 1815.5
1094840 1809.3
1094850 1803.4
1094860 1803.4
1094870 1797.0
1094880 1790.8
1094890 1790.8
1094900 1784.6
1094910 1777.9
1094920 1777.9
1094930 1772.0
1094940 1766.5
1094950 1766.5
1094960 1761.0
1094970 1757.1
1094980 1757.1
1094990 1751.3
1095000 1746.5
1095010 1742.4
1095020 1742.4
1095030 1738.7
1095040 1735.0
1095050 1735.0
1095060 1731.5
1095070 1728.0
1095080 1728.0
1095090 1723.9
1095100 1720.0
1095110 1720.0
1095120 1716.2
1095130 1713.3
1095140 1713.3
1095150 1710.5
1095160 1707.6
1095170 1707.6
1095180 1704.7
1095190 1701.7
1095200 1701.7
1095210 1698.3
1095220 1695.2
1095230 1695.2
1095240 1692.3
1095250 1689.1
1095260 1689.1
1095270 1685.2
1095280 1678.8
1095290 1673.9
1095300 1673.9
1095310 1669.0
1095320 1664.4
1095330 1664.4
1095340 1659.9
1095350 1655.2
1095360 1655.2
1095370 1651.2
1095380 1648.4
1095390 1648.4
1095400 1645.5
1095410 1641.8
1095420 1641.8
1095430 1637.3
1095440 1631.2
1095450 1631.2
1095460 1626.4
1095470 1622.2
1095480 1622.2
1095490 1617.7
1095500 1613.3
1095510 1613.3
1095520 1608.7
1095530 1603.4
1095540 1600.1
1095550 1600.1
1095560 1596.8
1095570 1592.9
1095580 1592.9
1095590 1588.9
1095600 1584.8
1095610 1581.9
1095620 1577.4
1095630 1572.4
1095640 1572.4
1095650 1568.1
1095660 1564.7
1095670 1564.7
1095680 1561.3
1095690 1557.6
1095700 1557.6
1095710 1554.0
1095720 1549.7
1095730 1549.7
1095740 1546.0
1095750 1543.0
1095760 1543.0
1095770 1540.3
1095780 1538.1
1095790 1538.1
1095800 1535.4
1095810 1533.1
1095820 1530.9
1095830 1530.9
1095840 1528.4
1095850 1526.0
1095860 1526.0
1095870 1523.4
1095880 1521.0
1095890 1521.0
1095900 1518.5
1095910 1516.5
1095920 1516.5
1095930 1513.4
1095940 1505.1
1095950 1505.1
1095960 1502.0
1095970 1498.7
1095980 1498.7
1095990 1495.5
1096000 1492.4
1096010 1492.4
1096020 1488.2
1096030 1482.7
1096040 1482.7
1096050 1478.7
1096060 1475.3
1096070 1472.7
1096080 1472.7
1096090 1471.2
1096100 1469.6
1096110 1469.6
1096120 1464.0
1096130 1458.4
1096140 1458.4
1096150 1455.8
1096160 1450.7
1096170 1450.7
1096180 1445.7
1096190 1441.1
1096200 1441.1
1096210 1438.4
1096220 1432.0
1096230 1432.0
1096240 1428.3
1096250 1425.5
1096260 1418.4
1096270 1416.0
1096280 1412.6
1096290 1412.6
1096300 1405.4
1096310 1401.3
1096320 1401.3
1096330 1399.1
1096340 1395.1
1096350 1390.7
1096360 1390.7
1096370 1383.1
1096380 1371.6
1096390 1371.6
1096400 1367.0
1096410 1362.0
1096420 1362.0
1096430 1355.5
1096440 1347.5
1096450 1347.5
1096460 1345.3
1096470 1343.4
1096480 1343.4
1096490 1339.4
1096500 1337.7
1096510 1337.7
1096520 1332.2
1096530 1324.9
1096540 1324.9
1096550 1315.3
1096560 1309.2
1096570 1309.2
1096580 1306.6
1096590 1291.6
1096600 1287.6
1096610 1287.6
1096620 1282.9
1096630 1278.9
1096640 1278.9
1096650 1279.7
1096660 1281.7
1096670 1281.7
1096680 1288.0
1096690 1293.2
1096700 1293.2
1096710 1298.5
1096720 1299.2
1096730 1299.2
1096740 1297.2
1096750 1293.5
1096760 1293.5
1096770 1291.1
1096780 1283.2
1096790 1283.2
1096800 1275.0
1096810 1270.1
1096820 1270.1
1096830 1266.9
1096840 1263.6
1096850 1263.6
1096860 1259.6
1096870 1258.6
1096880 1258.0
1096890 1258.0
1096900 1256.1
1096910 1255.6
1096920 1263.0
1096930 1260.3
1096940 1254.4
1096950 1254.4
1096960 1250.9
1096970 1248.0
1096980 1248.0
1096990 1244.1
1097000 1243.4
1097010 1243.4
1097020 1245.0
1097030 1240.3
1097040 1240.3
1097050 1233.5
1097060 1227.5
1097070 1227.5
1097080 1219.6
1097090 1209.7
1097100 1209.7
1097110 1200.1
1097120 1190.8
1097130 1190.8
1097140 1181.7
1097150 1171.6
1097160 1162.3
1097170 1162.3
1097180 1155.2
1097190 1149.4
1097200 1149.4
1097210 1144.2
1097220 1138.1
1097230 1138.1
1097240 1131.9
1097250 1131.1
1097260 1131.1
1097270 1125.6
1097280 1121.3
1097290 1121.3
1097300 1116.6
1097310 1110.9
1097320 1110.9
1097330 1104.8
1097340 1099.0
1097350 1099.0
1097360 1094.9
1097370 1091.5
1097380 1091.5
1097390 1086.3
1097400 1079.8
1097410 1073.9
1097420 1073.9
1097430 1067.9
1097440 1062.6
1097450 1062.6
1097460 1058.1
1097470 1053.2
1097480 1053.2
1097490 1046.9
1097500 1041.8
1097510 1041.8
1097520 1034.2
1097530 1022.8
1097540 1022.8
1097550 1014.7
1097560 1004.7
1097570 1004.7
1097580 999.0
1097590 984.8
1097600 984.8
1097610 970.4
1097620 960.3
1097630 960.3
1097640 959.7
1097650 972.3
1097660 972.3
1097670 983.6
1097680 994.3
1097690 1008.5
1097700 1008.5
1097710 1021.9
1097720 1034.4
1097730 1034.4
1097740 1043.1
1097750 1047.7
1097760 1047.7
1097770 1052.0
1097780 1056.7
1097790 1056.7
1097800 1061.5
1097810 1065.6
1097820 1065.6
1097830 1070.1
1097840 1075.5
1097850 1075.5
1097860 1080.8
1097870 1085.5
1097880 1085.5
1097890 1087.7
1097900 1088.2
1097910 1083.1
1097920 1088.2
1097930 1094.2
1097940 1100.2
1097950 1100.2
1097960 1106.2
1097970 1111.0
1097980 1111.0
1097990 1116.1
1098000 1121.1
1098010 1121.1
1098020 1125.6
1098030 1130.0
1098040 1130.0
1098050 1133.9
1098060 1137.1
1098070 1137.1
1098080 1140.2
1098090 1145.9
1098100 1145.9
1098110 1151.6
1098120 1154.3
1098130 1154.3
1098140 1156.0
1098150 1156.6
1098160 1156.6
1098170 1160.6
1098180 1166.9
1098190 1166.9
1098200 1173.2
1098210 1179.2
1098220 1182.0
1098230 1182.0
1098240 1183.4
1098250 1192.0
1098260 1192.0
1098270 1197.6
1098280 1201.8
1098290 1201.8
1098300 1207.2
1098310 1212.4
1098320 1212.4
1098330 1217.3
1098340 1221.8
1098350 1221.8
1098360 1224.8
1098370 1226.7
1098380 1226.7
1098390 1227.7
1098400 1229.8
1098410 1229.8
1098420 1232.5
1098430 1236.2
1098440 1236.2
1098450 1239.2
1098460 1244.6
1098470 1244.6
1098480 1251.8
1098490 1259.9
1098500 1267.9
1098510 1267.9
1098520 1275.0
1098530 1280.8
1098540 1280.8
1098550 1287.0
1098560 1294.4
1098570 1293.3
1098580 1298.0
1098590 1303.1
1098600 1303.1
1098610 1306.8
1098620 1308.7
1098630 1308.7
1098640 1312.5
1098650 1316.6
1098660 1316.6
1098670 1321.3
1098680 1327.1
1098690 1327.1
1098700 1332.0
1098710 1336.3
1098720 1336.3
1098730 1340.8
1098740 1347.4
1098750 1355.4
1098760 1355.4
1098770 1363.3
1098780 1371.3
1098790 1371.3
1098800 1378.2
1098810 1384.4
1098820 1384.4
1098830 1388.4
1098840 1391.2
1098850 1391.2
1098860 1393.7
1098870 1396.2
1098880 1396.2
1098890 1399.7
1098900 1401.3
1098910 1401.3
1098920 1404.9
1098930 1410.2
1098940 1410.2
1098950 1415.2
1098960 1419.3
1098970 1419.3
1098980 1422.3
1098990 1423.8
1099000 1423.8
1099010 1428.0
1099020 1434.4
1099030 1441.6
1099040 1441.6
1099050 1448.2
1099060 1453.2
1099070 1453.2
1099080 1458.0
1099090 1463.5
1099100 1463.5
1099110 1469.4
1099120 1475.2
1099130 1475.2
1099140 1480.7
1099150 1486.4
1099160 1486.4
1099170 1492.5
1099180 1499.9
1099190 1499.9
1099200 1507.4
1099210 1514.5
1099220 1514.5
1099230 1519.7
1099240 1526.6
1099250 1526.6
1099260 1533.6
1099270 1540.3
1099280 1546.4
1099290 1546.4
1099300 1552.6
1099310 1559.7
1099320 1559.7
1099330 1566.2
1099340 1573.5
1099350 1573.5
1099360 1580.2
1099370 1587.0
1099380 1587.0
1099390 1594.0
1099400 1600.7
1099410 1600.7
1099420 1607.0
1099430 1613.4
1099440 1613.4
1099450 1620.4
1099460 1627.1
1099470 1627.1
1099480 1634.2
1099490 1641.1
1099500 1641.1
1099510 1648.2
1099520 1654.9
1099530 1654.9
1099540 1660.4
1099550 1662.3
1099560 1658.7
1099570 1658.7
1099580 1640.0
1099590 1628.4
1099600 1628.4
1099610 1620.8
1099620 1612.7
1099630 1612.7
1099640 1606.7
1099650 1601.4
1099660 1601.4
1099670 1597.2
1099680 1596.2
1099690 1596.2
1099700 1596.2
1099710 1595.3
1099720 1595.3
1099730 1594.0
1099740 1592.7
1099750 1592.7
1099760 1592.7
1099770 1594.9
1099780 1594.9
1099790 1596.8
1099800 1596.5
1099810 1594.6
1099820 1594.6
1099830 1593.7
1099840 1593.0
1099850 1593.0
1099860 1590.6
1099870 1587.7
1099880 1587.7
1099890 1579.5
1099900 1575.8
1099910 1575.8
1099920 1572.3
1099930 1568.4
1099940 1568.4
1099950 1564.7
1099960 1561.4
1099970 1561.4
1099980 1558.1
1099990 1553.5
