1080000 818.3
1080010 818.3
1080020 805.0
1080030 810.0
1080040 810.0
1080050 822.0
1080060 828.7
1080070 828.7
1080080 837.4
1080090 841.2
1080100 841.2
1080110 841.4
1080120 841.1
1080130 843.0
1080140 843.0
1080150 840.6
1080160 827.3
1080170 827.3
1080180 822.8
1080190 818.6
1080200 818.6
1080210 812.2
1080220 809.0
1080230 809.0
1080240 805.4
1080250 801.9
1080260 801.9
1080270 796.6
1080280 792.3
1080290 792.3
1080300 787.8
1080310 782.7
1080320 782.7
1080330 781.6
1080340 785.1
1080350 785.1
1080360 792.4
1080370 797.8
1080380 797.8
1080390 799.6
1080400 800.7
1080410 801.3
1080420 801.3
1080430 801.7
1080440 802.4
1080450 802.4
1080460 803.7
1080470 804.9
1080480 804.9
1080490 806.0
1080500 802.0
1080510 802.0
1080520 800.9
1080530 804.2
1080540 804.2
1080550 811.6
1080560 819.9
1080570 819.9
1080580 827.3
1080590 830.8
1080600 830.8
1080610 830.5
1080620 829.6
1080630 829.6
1080640 830.0
1080650 837.2
1080660 836.4
1080670 841.1
1080680 846.8
1080690 853.0
1080700 853.0
1080710 857.1
1080720 853.2
1080730 853.2
1080740 846.6
1080750 839.0
1080760 839.0
1080770 844.2
1080780 856.1
1080790 856.1
1080800 864.9
1080810 871.7
1080820 871.7
1080830 877.0
1080840 881.2
1080850 881.2
1080860 882.5
1080870 879.9
1080880 879.9
1080890 878.2
1080900 877.5
1080910 877.5
1080920 873.1
1080930 872.0
1080940 869.4
1080950 869.4
1080960 867.9
1080970 874.9
1080980 874.9
1080990 880.9
1081000 881.8
1081010 881.8
1081020 881.5
1081030 879.7
1081040 879.7
1081050 882.0
1081060 877.9
1081070 877.9
1081080 874.7
1081090 873.2
1081100 873.2
1081110 878.2
1081120 886.0
1081130 886.0
1081140 890.5
1081150 894.0
1081160 894.0
1081170 895.4
1081180 893.8
1081190 893.8
1081200 892.4
1081210 890.2
1081220 890.5
1081230 890.5
1081240 893.6
1081250 894.8
1081260 894.8
1081270 894.9
1081280 894.6
1081290 888.6
1081300 889.2
1081310 892.2
1081320 892.2
1081330 896.1
1081340 898.7
1081350 898.7
1081360 898.4
1081370 901.3
1081380 901.3
1081390 905.8
1081400 909.1
1081410 909.1
1081420 913.4
1081430 919.9
1081440 919.9
1081450 924.8
1081460 928.7
1081470 928.7
1081480 933.3
1081490 936.6
1081500 937.3
1081510 937.3
1081520 939.4
1081530 941.6
1081540 941.6
1081550 945.0
1081560 946.8
1081570 946.8
1081580 948.3
1081590 949.7
1081600 946.6
1081610 948.2
1081620 950.0
1081630 950.0
1081640 951.8
1081650 953.5
1081660 953.5
1081670 955.2
1081680 956.9
1081690 956.9
1081700 958.6
1081710 960.5
1081720 960.5
1081730 962.8
1081740 965.5
1081750 965.5
1081760 969.3
1081770 972.5
1081780 976.8
1081790 976.8
1081800 977.5
1081810 976.3
1081820 976.3
1081830 974.2
1081840 972.0
1081850 972.0
1081860 970.1
1081870 964.3
1081880 964.3
1081890 956.5
1081900 955.5
1081910 955.5
1081920 951.6
1081930 943.7
1081940 943.7
1081950 935.4
1081960 926.3
1081970 926.3
1081980 917.0
1081990 916.5
1082000 916.5
1082010 923.3
1082020 930.6
1082030 941.4
1082040 941.4
1082050 950.1
1082060 958.0
1082070 958.0
1082080 966.4
1082090 974.2
1082100 974.2
1082110 982.0
1082120 990.1
1082130 990.1
1082140 996.2
1082150 1002.8
1082160 1002.8
1082170 1009.4
1082180 1014.8
1082190 1014.8
1082200 1020.3
1082210 1023.7
1082220 1023.7
1082230 1025.6
1082240 1024.8
1082250 1024.8
1082260 1026.9
1082270 1029.3
1082280 1029.3
1082290 1032.1
1082300 1035.0
1082310 1038.1
1082320 1038.1
1082330 1040.2
1082340 1040.6
1082350 1040.6
1082360 1039.9
1082370 1038.4
1082380 1038.4
1082390 1037.8
1082400 1037.6
1082410 1037.6
1082420 1038.0
1082430 1039.2
1082440 1039.2
1082450 1040.0
1082460 1040.1
1082470 1040.1
1082480 1039.7
1082490 1039.5
1082500 1039.5
1082510 1039.3
1082520 1038.8
1082530 1038.8
1082540 1038.0
1082550 1033.4
1082560 1033.4
1082570 1033.7
1082580 1033.8
1082590 1033.2
1082600 1033.2
1082610 1032.4
1082620 1031.5
1082630 1031.5
1082640 1031.0
1082650 1031.0
1082660 1031.0
1082670 1031.0
1082680 1031.4
1082690 1031.4
1082700 1031.1
1082710 1030.5
1082720 1030.5
1082730 1030.3
1082740 1029.0
1082750 1029.0
1082760 1028.3
1082770 1027.6
1082780 1027.6
1082790 1024.1
1082800 1018.8
1082810 1018.8
1082820 1011.5
1082830 1006.6
1082840 1006.6
1082850 1010.4
1082860 1015.4
1082870 1011.7
1082880 1011.7
1082890 1015.3
1082900 1018.3
1082910 1018.3
1082920 1016.9
1082930 1012.0
1082940 1012.0
1082950 1016.7
1082960 1022.6
1082970 1022.6
1082980 1025.2
1082990 1025.1
1083000 1025.1
1083010 1023.8
1083020 1020.7
1083030 1020.7
1083040 1016.1
1083050 1010.9
1083060 1010.9
1083070 1005.9
1083080 1003.5
1083090 1003.5
1083100 1002.2
1083110 998.1
1083120 993.5
1083130 993.5
1083140 991.9
1083150 991.1
1083160 991.1
1083170 990.8
1083180 990.4
1083190 983.5
1083200 981.9
1083210 980.6
1083220 980.6
1083230 979.2
1083240 976.7
1083250 976.7
1083260 974.9
1083270 973.0
1083280 973.0
1083290 968.8
1083300 965.7
1083310 965.7
1083320 971.2
1083330 975.9
1083340 975.9
1083350 980.6
1083360 986.5
1083370 986.5
1083380 992.0
1083390 1001.1
1083400 1012.0
1083410 1012.0
1083420 1015.0
1083430 1018.8
1083440 1018.8
1083450 1026.1
1083460 1032.9
1083470 1032.9
1083480 1037.4
1083490 1041.6
1083500 1036.9
1083510 1032.7
1083520 1026.7
1083530 1026.7
1083540 1023.2
1083550 1019.8
1083560 1019.8
1083570 1018.8
1083580 1020.4
1083590 1020.4
1083600 1026.4
1083610 1035.0
1083620 1035.0
1083630 1043.3
1083640 1049.9
1083650 1049.9
1083660 1054.4
1083670 1061.1
1083680 1064.4
1083690 1064.4
1083700 1066.2
1083710 1067.5
1083720 1067.5
1083730 1067.1
1083740 1061.1
1083750 1061.1
1083760 1055.9
1083770 1056.6
1083780 1056.6
1083790 1062.5
1083800 1060.5
1083810 1060.5
1083820 1050.4
1083830 1050.1
1083840 1050.1
1083850 1045.4
1083860 1038.4
1083870 1038.4
1083880 1033.3
1083890 1028.7
1083900 1028.7
1083910 1025.1
1083920 1024.9
1083930 1024.9
1083940 1030.6
1083950 1038.4
1083960 1046.7
1083970 1046.7
1083980 1055.7
1083990 1063.5
1084000 1063.5
1084010 1069.7
1084020 1074.8
1084030 1074.8
1084040 1079.2
1084050 1083.6
1084060 1083.6
1084070 1088.9
1084080 1093.8
1084090 1093.8
1084100 1097.5
1084110 1101.0
1084120 1101.0
1084130 1107.3
1084140 1114.5
1084150 1114.5
1084160 1118.3
1084170 1122.8
1084180 1122.8
1084190 1129.1
1084200 1135.5
1084210 1142.1
1084220 1142.1
1084230 1146.0
1084240 1149.4
1084250 1149.4
1084260 1154.2
1084270 1155.8
1084280 1155.8
1084290 1157.6
1084300 1157.9
1084310 1157.9
1084320 1159.4
1084330 1163.4
1084340 1163.4
1084350 1167.8
1084360 1171.4
1084370 1171.4
1084380 1175.1
1084390 1177.7
1084400 1177.7
1084410 1180.6
1084420 1182.9
1084430 1182.9
1084440 1184.9
1084450 1187.2
1084460 1186.5
1084470 1188.3
1084480 1189.4
1084490 1190.1
1084500 1190.1
1084510 1190.3
1084520 1190.8
1084530 1190.8
1084540 1190.6
1084550 1189.9
1084560 1189.9
1084570 1189.7
1084580 1189.7
1084590 1189.7
1084600 1190.0
1084610 1190.5
1084620 1190.5
1084630 1191.4
1084640 1193.0
1084650 1193.0
1084660 1194.8
1084670 1196.8
1084680 1196.8
1084690 1198.9
1084700 1200.2
1084710 1200.2
1084720 1201.5
1084730 1203.6
1084740 1203.6
1084750 1204.6
1084760 1205.4
1084770 1205.8
1084780 1205.8
1084790 1208.8
1084800 1211.2
1084810 1211.2
1084820 1213.0
1084830 1214.3
1084840 1214.3
1084850 1214.9
1084860 1215.7
1084870 1215.7
1084880 1215.8
1084890 1218.1
1084900 1218.1
1084910 1221.0
1084920 1222.6
1084930 1222.6
1084940 1224.0
1084950 1226.4
1084960 1226.4
1084970 1227.7
1084980 1228.3
1084990 1228.3
1085000 1229.4
1085010 1230.9
1085020 1232.2
1085030 1232.2
1085040 1233.5
1085050 1234.4
1085060 1234.4
1085070 1235.1
1085080 1236.7
1085090 1236.4
1085100 1238.0
1085110 1238.7
1085120 1238.7
1085130 1238.1
1085140 1236.9
1085150 1236.9
1085160 1237.1
1085170 1238.0
1085180 1238.0
1085190 1238.3
1085200 1238.7
1085210 1238.7
1085220 1237.8
1085230 1236.9
1085240 1236.9
1085250 1237.8
1085260 1238.3
1085270 1238.3
1085280 1238.7
1085290 1239.0
1085300 1239.1
1085310 1239.1
1085320 1239.4
1085330 1241.3
1085340 1241.3
1085350 1242.7
1085360 1244.5
1085370 1244.5
1085380 1245.4
1085390 1246.1
1085400 1246.1
1085410 1245.8
1085420 1246.6
1085430 1246.6
1085440 1247.4
1085450 1248.0
1085460 1248.0
1085470 1248.3
1085480 1248.2
1085490 1248.2
1085500 1248.1
1085510 1247.9
1085520 1247.9
1085530 1247.6
1085540 1245.6
1085550 1245.6
1085560 1239.5
1085570 1236.9
1085580 1239.3
1085590 1239.3
1085600 1243.3
1085610 1243.8
1085620 1243.8
1085630 1243.8
1085640 1243.9
1085650 1243.9
1085660 1244.0
1085670 1244.2
1085680 1244.2
1085690 1244.3
1085700 1244.8
1085710 1244.8
1085720 1246.3
1085730 1245.9
1085740 1245.9
1085750 1248.0
1085760 1250.4
1085770 1250.4
1085780 1253.0
1085790 1255.9
1085800 1255.9
1085810 1255.2
1085820 1254.0
1085830 1254.0
1085840 1257.8
1085850 1263.6
1085860 1266.5
1085870 1266.5
1085880 1269.3
1085890 1270.8
1085900 1270.8
1085910 1270.6
1085920 1272.0
1085930 1272.0
1085940 1273.7
1085950 1275.6
1085960 1275.6
1085970 1278.1
1085980 1280.9
1085990 1280.9
1086000 1283.6
1086010 1285.6
1086020 1285.6
1086030 1287.2
1086040 1288.8
1086050 1287.0
1086060 1289.2
1086070 1292.2
1086080 1292.2
1086090 1295.8
1086100 1298.8
1086110 1302.1
1086120 1302.1
1086130 1304.2
1086140 1305.9
1086150 1305.9
1086160 1307.8
1086170 1309.1
1086180 1309.1
1086190 1310.0
1086200 1310.6
1086210 1310.6
1086220 1310.9
1086230 1311.9
1086240 1311.9
1086250 1312.6
1086260 1312.9
1086270 1312.9
1086280 1312.6
1086290 1312.5
1086300 1312.5
1086310 1311.7
1086320 1311.6
1086330 1311.6
1086340 1311.9
1086350 1312.4
1086360 1312.4
1086370 1310.0
1086380 1309.3
1086390 1310.2
1086400 1310.2
1086410 1311.4
1086420 1312.9
1086430 1312.9
1086440 1314.2
1086450 1315.6
1086460 1315.6
1086470 1315.7
1086480 1315.7
1086490 1315.7
1086500 1316.8
1086510 1320.0
1086520 1320.0
1086530 1322.2
1086540 1327.6
1086550 1327.6
1086560 1334.1
1086570 1337.0
1086580 1337.0
1086590 1339.8
1086600 1342.5
1086610 1342.5
1086620 1344.3
1086630 1345.7
1086640 1345.7
1086650 1348.0
1086660 1350.9
1086670 1353.5
1086680 1353.5
1086690 1354.0
1086700 1357.1
1086710 1357.1
1086720 1360.7
1086730 1364.2
1086740 1364.2
1086750 1368.1
1086760 1371.4
1086770 1371.4
1086780 1374.5
1086790 1377.5
1086800 1377.5
1086810 1381.0
1086820 1385.8
1086830 1385.8
1086840 1390.5
1086850 1394.4
1086860 1394.4
1086870 1398.6
1086880 1403.0
1086890 1403.0
1086900 1406.6
1086910 1410.6
1086920 1410.6
1086930 1414.4
1086940 1418.3
1086950 1422.0
1086960 1422.0
1086970 1424.5
1086980 1425.6
1086990 1425.6
1087000 1427.5
1087010 1427.2
1087020 1427.2
1087030 1430.1
1087040 1432.4
1087050 1432.4
1087060 1433.6
1087070 1433.9
1087080 1433.9
1087090 1433.9
1087100 1433.4
1087110 1433.4
1087120 1432.5
1087130 1431.8
1087140 1431.8
1087150 1431.6
1087160 1432.4
1087170 1432.4
1087180 1432.7
1087190 1432.6
1087200 1432.4
1087210 1432.4
1087220 1431.7
1087230 1430.9
1087240 1430.9
1087250 1430.8
1087260 1430.2
1087270 1430.2
1087280 1430.8
1087290 1430.5
1087300 1430.5
1087310 1429.5
1087320 1426.1
1087330 1418.7
1087340 1415.9
1087350 1418.2
1087360 1418.2
1087370 1418.8
1087380 1421.1
1087390 1421.1
1087400 1421.9
1087410 1426.4
1087420 1426.4
1087430 1429.5
1087440 1431.0
1087450 1431.0
1087460 1432.3
1087470 1432.7
1087480 1433.1
1087490 1433.1
1087500 1433.2
1087510 1432.6
1087520 1432.6
1087530 1432.9
1087540 1432.4
1087550 1432.4
1087560 1430.9
1087570 1429.6
1087580 1429.6
1087590 1428.3
1087600 1426.8
1087610 1426.8
1087620 1425.6
1087630 1425.2
1087640 1425.2
1087650 1420.5
1087660 1420.8
1087670 1420.8
1087680 1421.5
1087690 1422.1
1087700 1422.1
1087710 1422.9
1087720 1424.2
1087730 1424.2
1087740 1425.2
1087750 1425.8
1087760 1426.3
1087770 1426.3
1087780 1426.7
1087790 1427.0
1087800 1427.0
1087810 1427.0
1087820 1427.2
1087830 1427.2
1087840 1427.9
1087850 1428.7
1087860 1428.7
1087870 1429.6
1087880 1430.6
1087890 1430.6
1087900 1431.3
1087910 1432.2
1087920 1432.2
1087930 1433.1
1087940 1433.4
1087950 1433.4
1087960 1433.0
1087970 1427.5
1087980 1427.5
1087990 1427.2
1088000 1426.6
1088010 1425.7
1088020 1425.7
1088030 1424.8
1088040 1421.8
1088050 1421.8
1088060 1417.6
1088070 1414.6
1088080 1414.6
1088090 1412.9
1088100 1410.2
1088110 1410.2
1088120 1407.1
1088130 1405.7
1088140 1405.7
1088150 1404.7
1088160 1404.1
1088170 1404.1
1088180 1402.3
1088190 1400.0
1088200 1400.0
1088210 1398.1
1088220 1396.6
1088230 1396.6
1088240 1395.6
1088250 1396.0
1088260 1396.0
1088270 1396.2
1088280 1397.0
1088290 1391.2
1088300 1391.2
1088310 1393.4
1088320 1393.9
1088330 1393.9
1088340 1393.6
1088350 1392.5
1088360 1392.5
1088370 1390.8
1088380 1389.9
1088390 1389.9
1088400 1388.7
1088410 1387.9
1088420 1387.9
1088430 1387.6
1088440 1387.4
1088450 1387.4
1088460 1386.5
1088470 1385.9
1088480 1385.9
1088490 1385.4
1088500 1384.9
1088510 1384.9
1088520 1384.0
1088530 1382.8
1088540 1382.8
1088550 1381.8
1088560 1380.2
1088570 1378.6
1088580 1378.6
1088590 1377.8
1088600 1377.4
1088610 1370.8
1088620 1370.3
1088630 1369.3
1088640 1369.3
1088650 1367.1
1088660 1365.4
1088670 1365.4
1088680 1364.7
1088690 1364.3
1088700 1364.3
1088710 1363.1
1088720 1362.6
1088730 1362.6
1088740 1362.4
1088750 1361.7
1088760 1361.7
1088770 1360.8
1088780 1359.3
1088790 1359.3
1088800 1357.9
1088810 1356.4
1088820 1356.4
1088830 1354.7
1088840 1352.8
1088850 1350.8
1088860 1350.8
1088870 1349.1
1088880 1348.1
1088890 1348.1
1088900 1347.2
1088910 1347.7
1088920 1347.7
1088930 1348.4
1088940 1342.1
1088950 1342.1
1088960 1342.2
1088970 1342.6
1088980 1342.6
1088990 1342.3
1089000 1341.9
1089010 1341.9
1089020 1340.9
1089030 1338.6
1089040 1338.6
1089050 1333.8
1089060 1329.2
1089070 1329.2
1089080 1326.2
1089090 1323.1
1089100 1319.9
1089110 1319.9
1089120 1317.0
1089130 1314.3
1089140 1314.3
1089150 1311.1
1089160 1307.0
1089170 1307.0
1089180 1302.8
1089190 1298.4
1089200 1298.4
1089210 1295.8
1089220 1294.5
1089230 1294.5
1089240 1293.3
1089250 1291.5
1089260 1288.7
1089270 1288.1
1089280 1287.4
1089290 1287.4
1089300 1286.3
1089310 1285.1
1089320 1285.1
1089330 1284.6
1089340 1282.6
1089350 1282.6
1089360 1276.7
1089370 1271.1
1089380 1265.2
1089390 1265.2
1089400 1260.5
1089410 1255.1
1089420 1255.1
1089430 1249.4
1089440 1242.2
1089450 1242.2
1089460 1235.2
1089470 1229.3
1089480 1229.3
1089490 1225.2
1089500 1219.2
1089510 1219.2
1089520 1212.2
1089530 1205.0
1089540 1205.0
1089550 1200.3
1089560 1197.6
1089570 1197.6
1089580 1191.0
1089590 1189.2
1089600 1189.2
1089610 1185.8
1089620 1181.0
1089630 1181.0
1089640 1174.7
1089650 1170.0
1089660 1167.4
1089670 1167.4
1089680 1163.8
1089690 1160.8
1089700 1160.8
1089710 1157.7
1089720 1154.6
1089730 1154.6
1089740 1151.9
1089750 1149.9
1089760 1149.9
1089770 1148.2
1089780 1146.2
1089790 1146.2
1089800 1144.9
1089810 1144.2
1089820 1144.2
1089830 1143.4
1089840 1142.1
1089850 1142.1
1089860 1140.6
1089870 1138.4
1089880 1138.4
1089890 1134.7
1089900 1129.5
1089910 1129.5
1089920 1128.9
1089930 1129.3
1089940 1129.7
1089950 1129.7
1089960 1130.6
1089970 1131.4
1089980 1131.4
1089990 1132.3
1090000 1133.4
1090010 1133.4
1090020 1133.3
1090030 1132.6
1090040 1132.6
1090050 1132.7
1090060 1133.5
1090070 1133.5
1090080 1133.9
1090090 1136.8
1090100 1136.8
1090110 1143.4
1090120 1149.3
1090130 1149.3
1090140 1152.1
1090150 1155.2
1090160 1155.2
1090170 1157.5
1090180 1159.8
1090190 1163.8
1090200 1163.8
1090210 1169.1
1090220 1176.6
1090230 1176.6
1090240 1179.7
1090250 1182.2
1090260 1182.2
1090270 1184.7
1090280 1186.8
1090290 1186.8
1090300 1189.1
1090310 1190.9
1090320 1190.9
1090330 1191.8
1090340 1191.5
1090350 1191.5
1090360 1187.4
1090370 1184.0
1090380 1184.0
1090390 1180.1
1090400 1178.0
1090410 1178.0
1090420 1175.6
1090430 1174.9
1090440 1174.9
1090450 1173.1
1090460 1170.8
1090470 1165.2
1090480 1165.2
1090490 1162.4
1090500 1158.1
1090510 1158.1
1090520 1154.2
1090530 1153.5
1090540 1153.5
1090550 1151.6
1090560 1152.9
1090570 1152.9
1090580 1153.5
1090590 1154.0
1090600 1154.0
1090610 1154.5
1090620 1155.0
1090630 1155.0
1090640 1155.9
1090650 1157.0
1090660 1157.0
1090670 1157.5
1090680 1158.4
1090690 1158.4
1090700 1160.2
1090710 1161.1
1090720 1161.1
1090730 1161.2
1090740 1161.2
1090750 1161.3
1090760 1161.3
1090770 1161.5
1090780 1162.0
1090790 1162.0
1090800 1162.9
1090810 1163.3
1090820 1163.3
1090830 1163.9
1090840 1165.2
1090850 1165.2
1090860 1166.1
1090870 1166.6
1090880 1166.6
1090890 1167.0
1090900 1167.7
1090910 1167.7
1090920 1168.8
1090930 1170.5
1090940 1170.5
1090950 1172.0
1090960 1174.0
1090970 1174.0
1090980 1176.4
1090990 1178.4
1091000 1178.4
1091010 1180.5
1091020 1182.0
1091030 1183.1
1091040 1183.1
1091050 1183.6
1091060 1184.5
1091070 1184.5
1091080 1185.8
1091090 1186.7
1091100 1186.7
1091110 1188.4
1091120 1190.5
1091130 1190.5
1091140 1192.1
1091150 1193.1
1091160 1193.1
1091170 1193.4
1091180 1194.6
1091190 1199.7
1091200 1203.2
1091210 1206.0
1091220 1206.0
1091230 1206.5
1091240 1205.2
1091250 1205.2
1091260 1207.0
1091270 1206.2
1091280 1205.0
1091290 1205.0
1091300 1203.7
1091310 1203.2
1091320 1203.2
1091330 1203.2
1091340 1202.4
1091350 1202.4
1091360 1200.8
1091370 1200.3
1091380 1200.3
1091390 1199.3
1091400 1198.8
1091410 1198.8
1091420 1199.2
1091430 1200.9
1091440 1200.9
1091450 1202.6
1091460 1200.6
1091470 1200.6
1091480 1199.3
1091490 1198.9
1091500 1198.9
1091510 1198.5
1091520 1205.6
1091530 1205.6
1091540 1205.4
1091550 1204.9
1091560 1203.7
1091570 1203.7
1091580 1202.9
1091590 1203.4
1091600 1203.4
1091610 1205.1
1091620 1207.8
1091630 1207.8
1091640 1210.8
1091650 1210.3
1091660 1210.3
1091670 1210.4
1091680 1208.7
1091690 1208.7
1091700 1208.1
1091710 1209.3
1091720 1209.3
1091730 1209.2
1091740 1209.8
1091750 1209.8
1091760 1214.5
1091770 1220.0
1091780 1220.0
1091790 1223.3
1091800 1225.4
1091810 1225.4
1091820 1226.6
1091830 1227.2
1091840 1231.4
1091850 1231.4
1091860 1231.6
1091870 1229.4
1091880 1229.4
1091890 1230.8
1091900 1231.2
1091910 1231.2
1091920 1231.5
1091930 1230.4
1091940 1230.4
1091950 1231.9
1091960 1232.2
1091970 1232.2
1091980 1232.8
1091990 1233.6
1092000 1233.6
1092010 1234.4
1092020 1235.3
1092030 1235.3
1092040 1236.1
1092050 1236.5
1092060 1236.5
1092070 1237.3
1092080 1238.3
1092090 1238.6
1092100 1238.6
1092110 1238.1
1092120 1238.7
1092130 1238.7
1092140 1239.6
1092150 1239.5
1092160 1239.5
1092170 1241.3
1092180 1241.6
1092190 1241.6
1092200 1240.3
1092210 1241.2
1092220 1241.2
1092230 1241.9
1092240 1241.2
1092250 1241.2
1092260 1241.0
1092270 1238.4
1092280 1238.4
1092290 1237.6
1092300 1237.2
1092310 1237.2
1092320 1238.9
1092330 1239.1
1092340 1239.1
1092350 1240.7
1092360 1246.0
1092370 1252.1
1092380 1252.1
1092390 1254.7
1092400 1259.6
1092410 1259.6
1092420 1263.0
1092430 1266.0
1092440 1266.0
1092450 1267.7
1092460 1269.4
1092470 1269.4
1092480 1270.9
1092490 1272.0
1092500 1272.0
1092510 1275.4
1092520 1279.1
1092530 1279.1
1092540 1281.0
1092550 1283.5
1092560 1283.5
1092570 1285.9
1092580 1288.3
1092590 1288.3
1092600 1291.8
1092610 1295.5
1092620 1295.5
1092630 1296.8
1092640 1298.3
1092650 1300.8
1092660 1300.8
1092670 1303.9
1092680 1307.0
1092690 1307.0
1092700 1310.3
1092710 1313.5
1092720 1313.5
1092730 1316.5
1092740 1320.4
1092750 1320.4
1092760 1324.6
1092770 1328.5
1092780 1328.5
1092790 1332.4
1092800 1336.4
1092810 1336.4
1092820 1335.5
1092830 1338.7
1092840 1338.7
1092850 1339.8
1092860 1342.5
1092870 1342.5
1092880 1349.1
1092890 1355.1
1092900 1355.1
1092910 1360.0
1092920 1365.2
1092930 1369.4
1092940 1369.4
1092950 1373.9
1092960 1377.9
1092970 1377.9
1092980 1382.1
1092990 1387.1
1093000 1387.1
1093010 1392.4
1093020 1396.5
1093030 1396.5
1093040 1399.3
1093050 1404.7
1093060 1404.7
1093070 1410.8
1093080 1416.6
1093090 1416.6
1093100 1422.6
1093110 1428.3
1093120 1428.3
1093130 1433.9
1093140 1433.7
1093150 1433.7
1093160 1436.1
1093170 1440.1
1093180 1444.3
1093190 1444.3
1093200 1448.4
1093210 1453.0
1093220 1453.0
1093230 1459.0
1093240 1464.5
1093250 1464.5
1093260 1467.7
1093270 1468.4
1093280 1468.4
1093290 1471.6
1093300 1474.8
1093310 1474.8
1093320 1478.5
1093330 1482.3
1093340 1482.3
1093350 1489.2
1093360 1494.9
1093370 1494.9
1093380 1497.1
1093390 1497.1
1093400 1497.1
1093410 1497.7
1093420 1499.1
1093430 1499.1
1093440 1498.7
1093450 1500.1
1093460 1508.6
1093470 1506.2
1093480 1509.5
1093490 1512.6
1093500 1512.6
1093510 1516.0
1093520 1522.3
1093530 1522.3
1093540 1528.6
1093550 1531.3
1093560 1531.3
1093570 1533.6
1093580 1534.7
1093590 1534.7
1093600 1535.6
1093610 1535.1
1093620 1535.1
1093630 1535.4
1093640 1541.7
1093650 1541.7
1093660 1546.4
1093670 1549.2
1093680 1549.2
1093690 1552.4
1093700 1554.8
1093710 1554.8
1093720 1557.4
1093730 1559.4
1093740 1560.5
1093750 1560.5
1093760 1563.5
1093770 1565.8
1093780 1565.8
1093790 1565.8
1093800 1567.0
1093810 1567.0
1093820 1564.8
1093830 1563.0
1093840 1563.0
1093850 1561.5
1093860 1560.1
1093870 1560.1
1093880 1556.8
1093890 1561.5
1093900 1561.5
1093910 1569.0
1093920 1577.4
1093930 1577.4
1093940 1583.9
1093950 1588.0
1093960 1588.0
1093970 1590.3
1093980 1592.1
1093990 1594.0
1094000 1594.0
1094010 1598.6
1094020 1601.7
1094030 1601.7
1094040 1604.5
1094050 1607.4
1094060 1607.4
1094070 1609.8
1094080 1612.7
1094090 1612.7
1094100 1616.0
1094110 1619.8
1094120 1620.0
1094130 1622.7
1094140 1626.0
1094150 1626.0
1094160 1629.7
1094170 1634.3
1094180 1634.3
1094190 1638.0
1094200 1640.9
1094210 1640.9
1094220 1644.9
1094230 1648.3
1094240 1648.3
1094250 1650.4
1094260 1654.4
1094270 1659.1
1094280 1659.1
1094290 1665.1
1094300 1671.0
1094310 1671.0
1094320 1677.3
1094330 1683.5
1094340 1683.5
1094350 1690.2
1094360 1696.8
1094370 1696.8
1094380 1700.4
1094390 1699.9
1094400 1699.9
1094410 1697.0
1094420 1698.5
1094430 1698.5
1094440 1701.7
1094450 1704.8
1094460 1704.8
1094470 1707.8
1094480 1711.6
1094490 1711.6
1094500 1717.1
1094510 1723.5
1094520 1723.5
1094530 1731.3
1094540 1737.0
1094550 1741.5
1094560 1741.5
1094570 1745.7
1094580 1749.1
1094590 1749.1
1094600 1753.6
1094610 1760.1
1094620 1760.1
1094630 1765.7
1094640 1770.7
1094650 1770.7
1094660 1774.9
1094670 1780.9
1094680 1780.9
1094690 1786.7
1094700 1792.6
1094710 1792.6
1094720 1800.3
1094730 1808.5
1094740 1808.5
1094750 1817.1
1094760 1823.1
1094770 1828.1
1094780 1837.6
1094790 1846.3
1094800 1846.3
1094810 1852.8
1094820 1857.4
1094830 1856.7
1094840 1856.7
1094850 1852.7
1094860 1849.0
1094870 1849.0
1094880 1844.2
1094890 1840.7
1094900 1840.7
1094910 1838.8
1094920 1837.6
1094930 1837.6
1094940 1836.7
1094950 1837.0
1094960 1837.0
1094970 1837.0
1094980 1835.3
1094990 1835.3
1095000 1834.3
1095010 1833.8
1095020 1833.8
1095030 1833.3
1095040 1832.2
1095050 1832.2
1095060 1831.0
1095070 1829.7
1095080 1829.4
1095090 1829.4
1095100 1823.3
1095110 1823.9
1095120 1823.9
1095130 1827.0
1095140 1831.5
1095150 1831.5
1095160 1836.1
1095170 1840.4
1095180 1840.4
1095190 1843.8
1095200 1847.2
1095210 1847.2
1095220 1850.9
1095230 1854.1
1095240 1854.1
1095250 1857.9
1095260 1861.8
1095270 1861.8
1095280 1865.2
1095290 1869.7
1095300 1869.7
1095310 1874.5
1095320 1877.7
1095330 1877.7
1095340 1881.9
1095350 1888.3
1095360 1893.2
1095370 1893.2
1095380 1899.3
1095390 1902.8
1095400 1902.8
1095410 1905.0
1095420 1905.2
1095430 1905.2
1095440 1913.1
1095450 1921.9
1095460 1921.9
1095470 1931.0
1095480 1936.6
1095490 1936.6
1095500 1939.7
1095510 1940.8
1095520 1940.8
1095530 1943.0
1095540 1945.4
1095550 1945.4
1095560 1946.1
1095570 1943.1
1095580 1943.1
1095590 1940.2
1095600 1938.9
1095610 1938.9
1095620 1939.9
1095630 1939.8
1095640 1938.1
1095650 1938.1
1095660 1936.8
1095670 1934.9
1095680 1934.9
1095690 1928.0
1095700 1920.1
1095710 1920.1
1095720 1911.2
1095730 1901.8
1095740 1901.8
1095750 1901.3
1095760 1892.4
1095770 1892.4
1095780 1882.5
1095790 1872.9
1095800 1872.9
1095810 1865.7
1095820 1855.2
1095830 1855.2
1095840 1849.8
1095850 1845.8
1095860 1845.8
1095870 1836.7
1095880 1825.1
1095890 1825.1
1095900 1813.7
1095910 1806.8
1095920 1796.9
1095930 1796.9
1095940 1784.5
1095950 1774.6
1095960 1774.6
1095970 1763.1
1095980 1753.4
1095990 1753.4
1096000 1746.5
1096010 1741.6
1096020 1741.6
1096030 1730.7
1096040 1725.1
1096050 1725.1
1096060 1723.2
1096070 1718.2
1096080 1725.9
1096090 1713.6
1096100 1707.5
1096110 1707.5
1096120 1702.5
1096130 1697.8
1096140 1697.8
1096150 1692.5
1096160 1686.9
1096170 1680.8
1096180 1680.8
1096190 1674.0
1096200 1665.7
1096210 1665.7
1096220 1657.7
1096230 1651.0
1096240 1651.0
1096250 1647.3
1096260 1643.3
1096270 1643.3
1096280 1638.0
1096290 1632.2
1096300 1632.2
1096310 1626.0
1096320 1620.4
1096330 1620.4
1096340 1614.4
1096350 1607.6
1096360 1607.6
1096370 1600.8
1096380 1594.0
1096390 1594.0
1096400 1586.0
1096410 1583.7
1096420 1583.7
1096430 1577.2
1096440 1570.3
1096450 1564.0
1096460 1564.0
1096470 1560.0
1096480 1555.1
1096490 1555.1
1096500 1550.7
1096510 1545.2
1096520 1545.2
1096530 1535.9
1096540 1530.8
1096550 1530.8
1096560 1530.8
1096570 1528.0
1096580 1528.0
1096590 1524.2
1096600 1519.7
1096610 1519.7
1096620 1515.8
1096630 1512.2
1096640 1512.2
1096650 1508.9
1096660 1504.2
1096670 1504.2
1096680 1499.3
1096690 1494.8
1096700 1494.8
1096710 1490.3
1096720 1486.4
1096730 1482.6
1096740 1485.7
1096750 1481.0
1096760 1477.1
1096770 1477.1
1096780 1473.3
1096790 1468.5
1096800 1468.5
1096810 1453.0
1096820 1435.3
1096830 1435.3
1096840 1430.9
1096850 1441.5
1096860 1441.5
1096870 1438.8
1096880 1432.5
1096890 1432.5
1096900 1425.9
1096910 1419.8
1096920 1419.8
1096930 1414.1
1096940 1408.6
1096950 1408.6
1096960 1403.4
1096970 1398.8
1096980 1394.2
1096990 1394.2
1097000 1390.1
1097010 1386.1
1097020 1386.1
1097030 1384.1
1097040 1380.6
1097050 1380.6
1097060 1380.0
1097070 1376.4
1097080 1376.4
1097090 1372.4
1097100 1366.2
1097110 1366.2
1097120 1349.9
1097130 1336.0
1097140 1336.0
1097150 1326.4
1097160 1319.4
1097170 1319.4
1097180 1312.3
1097190 1305.6
1097200 1305.6
1097210 1298.0
1097220 1289.9
1097230 1289.9
1097240 1287.3
1097250 1283.8
1097260 1279.8
1097270 1279.8
1097280 1277.0
1097290 1273.7
1097300 1273.7
1097310 1270.0
1097320 1266.7
1097330 1266.7
1097340 1263.0
1097350 1258.5
1097360 1258.5
1097370 1253.2
1097380 1247.3
1097390 1251.4
1097400 1244.0
1097410 1233.5
1097420 1233.5
1097430 1222.7
1097440 1211.2
1097450 1211.2
1097460 1203.4
1097470 1196.3
1097480 1196.3
1097490 1193.9
1097500 1192.3
1097510 1192.3
1097520 1194.8
1097530 1200.2
1097540 1206.6
1097550 1206.6
1097560 1213.3
1097570 1220.7
1097580 1220.7
1097590 1227.7
1097600 1235.5
1097610 1235.5
1097620 1243.6
1097630 1252.1
1097640 1252.1
1097650 1261.1
1097660 1269.0
1097670 1269.0
1097680 1274.6
1097690 1280.7
1097700 1280.7
1097710 1287.1
1097720 1291.7
1097730 1291.7
1097740 1297.7
1097750 1303.1
1097760 1303.1
1097770 1309.3
1097780 1313.2
1097790 1313.2
1097800 1315.3
1097810 1318.4
1097820 1321.2
1097830 1321.2
1097840 1322.7
1097850 1323.9
1097860 1323.9
1097870 1325.1
1097880 1330.4
1097890 1330.4
1097900 1337.9
1097910 1343.5
1097920 1343.5
1097930 1347.1
1097940 1346.0
1097950 1346.0
1097960 1346.3
1097970 1347.6
1097980 1347.6
1097990 1350.3
1098000 1351.4
1098010 1351.4
1098020 1353.4
1098030 1356.3
1098040 1356.3
1098050 1356.3
1098060 1365.7
1098070 1373.4
1098080 1373.4
1098090 1378.6
1098100 1382.7
1098110 1382.7
1098120 1386.1
1098130 1389.5
1098140 1389.5
1098150 1392.0
1098160 1391.2
1098170 1391.2
1098180 1391.1
1098190 1398.1
1098200 1398.1
1098210 1397.4
1098220 1399.5
1098230 1399.5
1098240 1410.3
1098250 1419.3
1098260 1419.3
1098270 1428.2
1098280 1436.4
1098290 1436.4
1098300 1444.3
1098310 1451.7
1098320 1451.7
1098330 1458.3
1098340 1465.6
1098350 1472.2
1098360 1472.2
1098370 1480.8
1098380 1487.8
1098390 1487.8
1098400 1495.1
1098410 1504.9
1098420 1504.9
1098430 1516.5
1098440 1529.0
1098450 1529.0
1098460 1539.5
1098470 1550.6
1098480 1550.6
1098490 1560.3
1098500 1566.7
1098510 1566.7
1098520 1572.0
1098530 1579.1
1098540 1579.1
1098550 1586.9
1098560 1591.7
1098570 1591.7
1098580 1594.3
1098590 1596.5
1098600 1596.5
1098610 1598.8
1098620 1606.0
1098630 1610.3
1098640 1610.3
1098650 1613.8
1098660 1616.2
1098670 1616.2
1098680 1619.7
1098690 1624.5
1098700 1624.5
1098710 1625.2
1098720 1628.9
1098730 1628.9
1098740 1633.2
1098750 1638.5
1098760 1638.5
1098770 1643.9
1098780 1649.9
1098790 1649.9
1098800 1655.1
1098810 1659.5
1098820 1659.5
1098830 1663.9
1098840 1667.8
1098850 1667.8
1098860 1670.8
1098870 1674.7
1098880 1678.6
1098890 1678.6
1098900 1682.3
1098910 1686.2
1098920 1686.2
1098930 1690.0
1098940 1694.4
1098950 1694.4
1098960 1698.7
1098970 1703.1
1098980 1703.1
1098990 1707.3
1099000 1711.5
1099010 1711.5
1099020 1716.0
1099030 1720.3
1099040 1718.6
1099050 1722.7
1099060 1726.4
1099070 1726.4
1099080 1730.5
1099090 1734.6
1099100 1734.6
1099110 1738.9
1099120 1743.2
1099130 1743.2
1099140 1747.3
1099150 1751.7
1099160 1756.3
1099170 1756.3
1099180 1760.9
1099190 1765.7
1099200 1765.7
1099210 1770.6
1099220 1775.4
1099230 1775.4
1099240 1780.3
1099250 1785.2
1099260 1785.2
1099270 1790.2
1099280 1794.9
1099290 1794.9
1099300 1799.8
1099310 1805.4
1099320 1805.4
1099330 1810.3
1099340 1815.1
1099350 1815.1
1099360 1821.0
1099370 1821.4
1099380 1821.4
1099390 1827.5
1099400 1834.1
1099410 1834.1
1099420 1840.7
1099430 1847.5
1099440 1854.7
1099450 1854.7
1099460 1862.1
1099470 1868.4
1099480 1868.4
1099490 1874.5
1099500 1882.8
1099510 1882.8
1099520 1890.7
1099530 1895.3
1099540 1895.3
1099550 1901.2
1099560 1909.5
1099570 1909.5
1099580 1920.3
1099590 1931.5
1099600 1931.5
1099610 1938.9
1099620 1944.2
1099630 1944.2
1099640 1952.8
1099650 1964.2
1099660 1964.2
1099670 1974.6
1099680 1983.9
1099690 1993.1
1099700 1987.2
1099710 1998.2
1099720 2007.3
1099730 2007.3
1099740 2011.6
1099750 2007.6
1099760 2007.6
1099770 1998.6
1099780 1991.3
1099790 1991.3
1099800 1985.7
1099810 1979.5
1099820 1979.5
1099830 1971.5
1099840 1963.9
1099850 1963.9
1099860 1957.4
1099870 1951.5
1099880 1951.5
1099890 1945.7
1099900 1939.9
1099910 1939.9
1099920 1934.4
1099930 1930.4
1099940 1930.4
1099950 1927.9
1099960 1925.0
1099970 1920.3
1099980 1920.3
1099990 1916.6
