1080000 1021.7
1080010 1024.4
1080020 1025.5
1080030 1025.5
1080040 1024.4
1080050 1026.3
1080060 1026.3
1080070 1030.5
1080080 1032.6
1080090 1032.6
1080100 1033.2
1080110 1035.4
1080120 1035.4
1080130 1038.5
1080140 1039.0
1080150 1041.9
1080160 1041.9
1080170 1044.8
1080180 1046.9
1080190 1046.9
1080200 1048.5
1080210 1049.5
1080220 1049.5
1080230 1051.4
1080240 1053.1
1080250 1053.1
1080260 1053.9
1080270 1053.8
1080280 1053.8
1080290 1047.5
1080300 1041.9
1080310 1041.9
1080320 1036.7
1080330 1042.5
1080340 1042.5
1080350 1047.9
1080360 1051.2
1080370 1051.2
1080380 1048.5
1080390 1045.4
1080400 1045.4
1080410 1045.8
1080420 1045.2
1080430 1046.2
1080440 1046.2
1080450 1051.2
1080460 1053.1
1080470 1053.1
1080480 1054.1
1080490 1055.0
1080500 1055.0
1080510 1055.6
1080520 1055.5
1080530 1055.5
1080540 1055.7
1080550 1053.4
1080560 1053.4
1080570 1052.5
1080580 1054.2
1080590 1054.2
1080600 1050.0
1080610 1051.1
1080620 1051.1
1080630 1059.3
1080640 1064.8
1080650 1064.8
1080660 1068.7
1080670 1071.3
1080680 1071.3
1080690 1073.4
1080700 1072.2
1080710 1073.9
1080720 1073.9
1080730 1080.5
1080740 1085.7
1080750 1085.7
1080760 1091.0
1080770 1096.9
1080780 1096.9
1080790 1102.9
1080800 1108.4
1080810 1108.4
1080820 1114.5
1080830 1119.9
1080840 1119.9
1080850 1125.3
1080860 1129.2
1080870 1129.2
1080880 1130.3
1080890 1129.0
1080900 1129.0
1080910 1127.0
1080920 1121.0
1080930 1121.0
1080940 1120.8
1080950 1119.8
1080960 1119.8
1080970 1124.8
1080980 1135.2
1080990 1143.4
1081000 1143.4
1081010 1150.1
1081020 1157.7
1081030 1157.7
1081040 1165.3
1081050 1172.3
1081060 1172.3
1081070 1176.9
1081080 1182.0
1081090 1182.0
1081100 1186.7
1081110 1191.2
1081120 1191.2
1081130 1196.8
1081140 1200.2
1081150 1200.2
1081160 1201.2
1081170 1204.4
1081180 1204.4
1081190 1209.7
1081200 1215.6
1081210 1215.6
1081220 1222.2
1081230 1223.2
1081240 1227.8
1081250 1227.8
1081260 1234.0
1081270 1239.1
1081280 1239.1
1081290 1242.7
1081300 1247.7
1081310 1247.7
1081320 1252.6
1081330 1256.8
1081340 1256.8
1081350 1260.3
1081360 1266.6
1081370 1266.6
1081380 1272.1
1081390 1273.7
1081400 1273.7
1081410 1275.3
1081420 1277.6
1081430 1277.6
1081440 1279.7
1081450 1281.9
1081460 1281.9
1081470 1284.1
1081480 1286.3
1081490 1286.3
1081500 1287.4
1081510 1286.8
1081520 1285.0
1081530 1285.0
1081540 1284.1
1081550 1278.5
1081560 1278.5
1081570 1275.5
1081580 1272.3
1081590 1272.3
1081600 1269.8
1081610 1267.4
1081620 1267.4
1081630 1266.2
1081640 1262.9
1081650 1262.9
1081660 1256.9
1081670 1251.2
1081680 1251.2
1081690 1246.2
1081700 1242.9
1081710 1242.9
1081720 1241.2
1081730 1237.1
1081740 1237.1
1081750 1231.9
1081760 1226.8
1081770 1226.8
1081780 1224.1
1081790 1220.8
1081800 1217.8
1081810 1217.8
1081820 1215.9
1081830 1213.7
1081840 1213.7
1081850 1213.3
1081860 1213.6
1081870 1211.0
1081880 1210.1
1081890 1209.0
1081900 1209.0
1081910 1205.7
1081920 1201.9
1081930 1201.9
1081940 1204.6
1081950 1203.5
1081960 1203.5
1081970 1201.9
1081980 1201.7
1081990 1201.7
1082000 1202.0
1082010 1201.2
1082020 1201.2
1082030 1200.3
1082040 1200.4
1082050 1200.4
1082060 1203.3
1082070 1201.8
1082080 1198.8
1082090 1198.8
1082100 1194.8
1082110 1192.5
1082120 1192.5
1082130 1190.9
1082140 1190.9
1082150 1190.9
1082160 1197.2
1082170 1199.5
1082180 1192.4
1082190 1195.5
1082200 1200.0
1082210 1200.0
1082220 1203.6
1082230 1207.0
1082240 1207.0
1082250 1210.0
1082260 1211.9
1082270 1211.9
1082280 1218.1
1082290 1229.4
1082300 1229.4
1082310 1237.8
1082320 1242.9
1082330 1242.9
1082340 1245.4
1082350 1248.2
1082360 1250.8
1082370 1250.8
1082380 1253.2
1082390 1257.4
1082400 1257.4
1082410 1263.5
1082420 1268.8
1082430 1268.8
1082440 1274.3
1082450 1277.4
1082460 1277.4
1082470 1277.9
1082480 1278.2
1082490 1278.2
1082500 1276.4
1082510 1278.2
1082520 1278.2
1082530 1279.2
1082540 1279.6
1082550 1279.6
1082560 1280.4
1082570 1280.8
1082580 1280.8
1082590 1281.8
1082600 1283.3
1082610 1284.3
1082620 1284.3
1082630 1285.3
1082640 1287.3
1082650 1287.3
1082660 1289.2
1082670 1290.9
1082680 1290.9
1082690 1292.4
1082700 1293.3
1082710 1293.3
1082720 1293.4
1082730 1292.9
1082740 1292.9
1082750 1291.9
1082760 1290.4
1082770 1290.4
1082780 1288.0
1082790 1285.0
1082800 1285.0
1082810 1279.9
1082820 1277.5
1082830 1277.5
1082840 1275.7
1082850 1272.8
1082860 1272.8
1082870 1269.3
1082880 1265.7
1082890 1262.1
1082900 1262.1
1082910 1259.5
1082920 1258.2
1082930 1258.2
1082940 1257.6
1082950 1256.7
1082960 1256.7
1082970 1255.8
1082980 1255.8
1082990 1255.8
1083000 1254.7
1083010 1252.5
1083020 1252.5
1083030 1249.9
1083040 1247.6
1083050 1247.6
1083060 1245.1
1083070 1245.1
1083080 1245.1
1083090 1245.1
1083100 1243.8
1083110 1243.8
1083120 1239.6
1083130 1228.5
1083140 1228.5
1083150 1221.7
1083160 1220.3
1083170 1228.5
1083180 1228.5
1083190 1235.4
1083200 1239.8
1083210 1239.8
1083220 1242.3
1083230 1242.9
1083240 1242.9
1083250 1243.0
1083260 1243.0
1083270 1243.0
1083280 1242.9
1083290 1242.9
1083300 1242.9
1083310 1241.8
1083320 1238.0
1083330 1238.0
1083340 1235.1
1083350 1234.5
1083360 1234.5
1083370 1233.9
1083380 1232.8
1083390 1232.8
1083400 1229.8
1083410 1224.5
1083420 1224.5
1083430 1219.1
1083440 1222.1
1083450 1218.6
1083460 1218.6
1083470 1224.9
1083480 1231.3
1083490 1231.3
1083500 1234.7
1083510 1237.9
1083520 1237.9
1083530 1241.2
1083540 1244.4
1083550 1244.4
1083560 1248.4
1083570 1252.7
1083580 1252.7
1083590 1257.4
1083600 1261.9
1083610 1261.9
1083620 1266.1
1083630 1269.0
1083640 1269.0
1083650 1270.0
1083660 1271.6
1083670 1271.6
1083680 1274.5
1083690 1278.1
1083700 1278.1
1083710 1280.1
1083720 1282.6
1083730 1286.2
1083740 1286.2
1083750 1289.8
1083760 1292.4
1083770 1289.5
1083780 1291.8
1083790 1296.3
1083800 1296.3
1083810 1300.2
1083820 1303.9
1083830 1303.9
1083840 1307.5
1083850 1310.1
1083860 1310.1
1083870 1311.6
1083880 1314.5
1083890 1314.5
1083900 1317.3
1083910 1320.0
1083920 1320.0
1083930 1321.2
1083940 1322.7
1083950 1322.7
1083960 1325.9
1083970 1328.6
1083980 1329.8
1083990 1329.8
1084000 1330.6
1084010 1332.8
1084020 1332.8
1084030 1334.4
1084040 1335.0
1084050 1335.0
1084060 1335.2
1084070 1335.3
1084080 1331.7
1084090 1331.9
1084100 1331.7
1084110 1331.7
1084120 1331.3
1084130 1330.8
1084140 1330.8
1084150 1331.1
1084160 1331.3
1084170 1331.3
1084180 1330.9
1084190 1330.2
1084200 1330.2
1084210 1329.1
1084220 1327.5
1084230 1327.5
1084240 1325.8
1084250 1323.8
1084260 1321.6
1084270 1321.6
1084280 1319.4
1084290 1319.0
1084300 1319.0
1084310 1318.3
1084320 1315.3
1084330 1315.3
1084340 1314.0
1084350 1312.3
1084360 1312.3
1084370 1305.8
1084380 1301.7
1084390 1301.7
1084400 1295.9
1084410 1291.4
1084420 1291.4
1084430 1289.3
1084440 1290.1
1084450 1290.1
1084460 1290.0
1084470 1287.0
1084480 1287.0
1084490 1283.0
1084500 1276.2
1084510 1276.2
1084520 1269.6
1084530 1264.9
1084540 1261.6
1084550 1261.6
1084560 1256.8
1084570 1253.0
1084580 1253.0
1084590 1248.2
1084600 1245.8
1084610 1245.8
1084620 1246.1
1084630 1243.2
1084640 1243.2
1084650 1244.6
1084660 1251.8
1084670 1251.8
1084680 1256.1
1084690 1260.0
1084700 1260.0
1084710 1265.5
1084720 1267.8
1084730 1267.8
1084740 1276.6
1084750 1282.4
1084760 1282.4
1084770 1287.7
1084780 1295.1
1084790 1295.1
1084800 1288.7
1084810 1289.0
1084820 1295.4
1084830 1295.4
1084840 1302.8
1084850 1308.0
1084860 1308.0
1084870 1312.0
1084880 1312.8
1084890 1312.8
1084900 1311.6
1084910 1311.0
1084920 1311.0
1084930 1311.4
1084940 1311.7
1084950 1311.7
1084960 1312.4
1084970 1312.6
1084980 1312.6
1084990 1312.6
1085000 1313.4
1085010 1313.4
1085020 1316.0
1085030 1319.8
1085040 1319.0
1085050 1320.5
1085060 1321.1
1085070 1321.1
1085080 1321.9
1085090 1324.2
1085100 1326.1
1085110 1326.1
1085120 1326.8
1085130 1327.0
1085140 1327.0
1085150 1327.3
1085160 1327.9
1085170 1327.9
1085180 1324.6
1085190 1324.1
1085200 1324.1
1085210 1326.7
1085220 1329.8
1085230 1329.8
1085240 1330.6
1085250 1331.3
1085260 1331.3
1085270 1332.5
1085280 1334.5
1085290 1334.5
1085300 1337.2
1085310 1340.7
1085320 1340.7
1085330 1345.0
1085340 1349.1
1085350 1352.7
1085360 1349.9
1085370 1354.2
1085380 1357.0
1085390 1357.0
1085400 1359.4
1085410 1361.6
1085420 1361.6
1085430 1363.3
1085440 1365.9
1085450 1365.9
1085460 1370.6
1085470 1371.6
1085480 1371.6
1085490 1371.5
1085500 1371.4
1085510 1371.4
1085520 1371.1
1085530 1370.7
1085540 1370.7
1085550 1369.7
1085560 1370.4
1085570 1370.4
1085580 1371.4
1085590 1372.1
1085600 1372.1
1085610 1373.2
1085620 1374.5
1085630 1376.8
1085640 1376.8
1085650 1379.9
1085660 1382.7
1085670 1382.7
1085680 1385.3
1085690 1387.4
1085700 1387.4
1085710 1389.5
1085720 1391.7
1085730 1391.7
1085740 1394.1
1085750 1396.5
1085760 1396.5
1085770 1398.4
1085780 1400.5
1085790 1400.5
1085800 1402.7
1085810 1405.1
1085820 1405.1
1085830 1406.6
1085840 1407.9
1085850 1407.9
1085860 1409.5
1085870 1411.5
1085880 1411.5
1085890 1413.9
1085900 1417.1
1085910 1421.0
1085920 1421.0
1085930 1423.5
1085940 1425.6
1085950 1425.6
1085960 1427.4
1085970 1428.8
1085980 1428.8
1085990 1429.9
1086000 1429.9
1086010 1429.9
1086020 1431.2
1086030 1432.5
1086040 1432.5
1086050 1433.5
1086060 1434.4
1086070 1434.4
1086080 1435.0
1086090 1435.1
1086100 1435.1
1086110 1434.7
1086120 1436.1
1086130 1436.1
1086140 1437.6
1086150 1439.5
1086160 1439.5
1086170 1440.7
1086180 1442.5
1086190 1443.5
1086200 1443.5
1086210 1444.4
1086220 1445.4
1086230 1445.4
1086240 1446.7
1086250 1448.1
1086260 1448.1
1086270 1449.6
1086280 1451.1
1086290 1451.1
1086300 1452.8
1086310 1454.6
1086320 1454.6
1086330 1455.5
1086340 1456.3
1086350 1456.3
1086360 1457.3
1086370 1459.1
1086380 1459.1
1086390 1460.6
1086400 1460.8
1086410 1460.8
1086420 1461.3
1086430 1461.8
1086440 1461.8
1086450 1462.0
1086460 1461.4
1086470 1461.3
1086480 1461.3
1086490 1461.7
1086500 1461.1
1086510 1461.1
1086520 1460.4
1086530 1460.4
1086540 1460.4
1086550 1460.8
1086560 1461.4
1086570 1461.4
1086580 1461.9
1086590 1462.8
1086600 1462.8
1086610 1464.8
1086620 1467.1
1086630 1466.8
1086640 1469.3
1086650 1471.9
1086660 1471.9
1086670 1474.6
1086680 1476.9
1086690 1476.9
1086700 1479.1
1086710 1480.8
1086720 1482.2
1086730 1482.2
1086740 1484.7
1086750 1488.7
1086760 1488.7
1086770 1494.6
1086780 1501.1
1086790 1501.1
1086800 1504.9
1086810 1508.1
1086820 1508.1
1086830 1511.0
1086840 1514.5
1086850 1514.5
1086860 1518.7
1086870 1526.0
1086880 1526.0
1086890 1536.4
1086900 1543.9
1086910 1543.9
1086920 1547.2
1086930 1550.8
1086940 1550.8
1086950 1554.6
1086960 1558.6
1086970 1558.6
1086980 1563.1
1086990 1568.5
1087000 1575.6
1087010 1575.6
1087020 1584.2
1087030 1593.1
1087040 1593.1
1087050 1600.4
1087060 1606.3
1087070 1606.3
1087080 1612.1
1087090 1619.1
1087100 1619.1
1087110 1624.3
1087120 1630.9
1087130 1630.9
1087140 1636.7
1087150 1644.0
1087160 1644.0
1087170 1651.1
1087180 1656.7
1087190 1656.7
1087200 1660.3
1087210 1664.3
1087220 1664.3
1087230 1668.2
1087240 1676.3
1087250 1676.3
1087260 1680.2
1087270 1685.9
1087280 1693.0
1087290 1693.0
1087300 1697.9
1087310 1702.2
1087320 1702.2
1087330 1708.0
1087340 1713.7
1087350 1713.7
1087360 1717.2
1087370 1719.6
1087380 1719.6
1087390 1723.3
1087400 1726.9
1087410 1726.9
1087420 1730.3
1087430 1734.2
1087440 1734.2
1087450 1737.3
1087460 1740.5
1087470 1740.5
1087480 1744.4
1087490 1748.3
1087500 1748.3
1087510 1751.5
1087520 1754.5
1087530 1754.5
1087540 1757.1
1087550 1758.5
1087560 1759.7
1087570 1759.7
1087580 1761.6
1087590 1762.6
1087600 1760.2
1087610 1761.0
1087620 1760.5
1087630 1760.5
1087640 1757.5
1087650 1752.9
1087660 1752.9
1087670 1747.2
1087680 1741.4
1087690 1741.4
1087700 1736.5
1087710 1732.3
1087720 1732.3
1087730 1728.1
1087740 1723.2
1087750 1723.2
1087760 1718.0
1087770 1713.5
1087780 1713.5
1087790 1709.1
1087800 1704.9
1087810 1704.9
1087820 1701.1
1087830 1697.8
1087840 1694.9
1087850 1694.9
1087860 1692.4
1087870 1690.0
1087880 1690.0
1087890 1688.0
1087900 1685.5
1087910 1685.5
1087920 1686.9
1087930 1685.0
1087940 1685.0
1087950 1683.8
1087960 1682.7
1087970 1682.7
1087980 1682.3
1087990 1682.6
1088000 1682.6
1088010 1682.9
1088020 1683.0
1088030 1683.0
1088040 1682.2
1088050 1681.4
1088060 1681.4
1088070 1681.0
1088080 1679.1
1088090 1676.5
1088100 1676.5
1088110 1673.9
1088120 1670.9
1088130 1670.9
1088140 1668.3
1088150 1666.4
1088160 1666.4
1088170 1664.8
1088180 1665.0
1088190 1665.0
1088200 1665.9
1088210 1665.9
1088220 1665.9
1088230 1664.8
1088240 1663.7
1088250 1663.7
1088260 1661.0
1088270 1659.7
1088280 1659.7
1088290 1659.7
1088300 1659.7
1088310 1659.7
1088320 1659.2
1088330 1655.2
1088340 1655.2
1088350 1651.7
1088360 1652.1
1088370 1652.4
1088380 1652.4
1088390 1651.7
1088400 1649.7
1088410 1649.7
1088420 1647.2
1088430 1644.0
1088440 1644.0
1088450 1640.1
1088460 1638.6
1088470 1638.6
1088480 1636.1
1088490 1633.7
1088500 1633.7
1088510 1631.4
1088520 1628.9
1088530 1628.9
1088540 1625.0
1088550 1620.0
1088560 1622.1
1088570 1616.9
1088580 1611.3
1088590 1611.3
1088600 1603.1
1088610 1596.4
1088620 1596.4
1088630 1590.5
1088640 1583.9
1088650 1576.8
1088660 1576.8
1088670 1570.3
1088680 1564.5
1088690 1564.5
1088700 1559.0
1088710 1555.3
1088720 1555.3
1088730 1553.6
1088740 1551.5
1088750 1551.5
1088760 1549.1
1088770 1547.3
1088780 1547.3
1088790 1547.0
1088800 1546.6
1088810 1546.6
1088820 1545.9
1088830 1545.1
1088840 1545.1
1088850 1544.1
1088860 1540.9
1088870 1540.9
1088880 1537.0
1088890 1531.9
1088900 1531.9
1088910 1528.1
1088920 1525.1
1088930 1521.9
1088940 1521.9
1088950 1516.8
1088960 1511.9
1088970 1511.9
1088980 1507.3
1088990 1503.8
1089000 1503.8
1089010 1499.3
1089020 1494.2
1089030 1494.2
1089040 1490.3
1089050 1486.4
1089060 1486.4
1089070 1481.2
1089080 1475.1
1089090 1475.1
1089100 1470.0
1089110 1464.6
1089120 1464.6
1089130 1457.8
1089140 1451.6
1089150 1451.6
1089160 1445.5
1089170 1439.9
1089180 1439.9
1089190 1434.2
1089200 1434.1
1089210 1429.1
1089220 1429.1
1089230 1421.7
1089240 1414.2
1089250 1414.2
1089260 1407.7
1089270 1402.1
1089280 1402.1
1089290 1397.1
1089300 1392.6
1089310 1392.6
1089320 1388.1
1089330 1383.5
1089340 1383.5
1089350 1379.5
1089360 1375.8
1089370 1375.8
1089380 1371.6
1089390 1367.3
1089400 1367.3
1089410 1363.4
1089420 1359.1
1089430 1359.1
1089440 1354.1
1089450 1348.6
1089460 1343.7
1089470 1343.7
1089480 1339.0
1089490 1333.8
1089500 1333.8
1089510 1326.7
1089520 1322.3
1089530 1322.3
1089540 1315.2
1089550 1308.1
1089560 1308.1
1089570 1302.0
1089580 1293.5
1089590 1293.5
1089600 1285.2
1089610 1276.0
1089620 1276.0
1089630 1267.0
1089640 1258.9
1089650 1258.9
1089660 1251.3
1089670 1244.7
1089680 1244.7
1089690 1238.8
1089700 1234.9
1089710 1234.9
1089720 1239.0
1089730 1242.2
1089740 1247.1
1089750 1247.1
1089760 1250.6
1089770 1253.8
1089780 1253.8
1089790 1260.2
1089800 1267.5
1089810 1267.5
1089820 1271.1
1089830 1274.0
1089840 1274.0
1089850 1273.6
1089860 1274.9
1089870 1274.9
1089880 1274.9
1089890 1275.2
1089900 1275.2
1089910 1275.5
1089920 1274.9
1089930 1274.9
1089940 1274.0
1089950 1273.0
1089960 1273.0
1089970 1272.7
1089980 1272.9
1089990 1272.9
1090000 1273.3
1090010 1273.7
1090020 1274.3
1090030 1274.3
1090040 1275.0
1090050 1275.4
1090060 1275.4
1090070 1275.6
1090080 1275.8
1090090 1275.8
1090100 1275.9
1090110 1276.2
1090120 1276.2
1090130 1277.2
1090140 1279.1
1090150 1279.1
1090160 1281.6
1090170 1281.3
1090180 1281.3
1090190 1283.2
1090200 1284.7
1090210 1284.7
1090220 1286.0
1090230 1286.3
1090240 1286.3
1090250 1286.4
1090260 1287.1
1090270 1287.1
1090280 1289.0
1090290 1291.1
1090300 1293.0
1090310 1293.0
1090320 1296.0
1090330 1298.7
1090340 1298.7
1090350 1300.3
1090360 1301.6
1090370 1301.6
1090380 1302.7
1090390 1304.1
1090400 1304.1
1090410 1305.2
1090420 1306.3
1090430 1306.3
1090440 1308.0
1090450 1312.0
1090460 1312.0
1090470 1315.9
1090480 1320.3
1090490 1317.9
1090500 1321.9
1090510 1325.3
1090520 1325.3
1090530 1329.1
1090540 1333.7
1090550 1333.7
1090560 1338.4
1090570 1345.4
1090580 1351.4
1090590 1351.4
1090600 1357.6
1090610 1363.3
1090620 1363.3
1090630 1368.3
1090640 1374.2
1090650 1374.2
1090660 1382.2
1090670 1390.8
1090680 1390.8
1090690 1398.2
1090700 1404.6
1090710 1404.6
1090720 1410.9
1090730 1416.7
1090740 1416.7
1090750 1422.5
1090760 1429.3
1090770 1429.3
1090780 1434.6
1090790 1439.5
1090800 1439.5
1090810 1446.4
1090820 1459.8
1090830 1467.4
1090840 1467.4
1090850 1475.5
1090860 1483.2
1090870 1483.2
1090880 1488.7
1090890 1495.3
1090900 1495.3
1090910 1501.5
1090920 1507.5
1090930 1507.5
1090940 1513.1
1090950 1518.8
1090960 1518.8
1090970 1523.1
1090980 1528.4
1090990 1528.4
1091000 1532.1
1091010 1535.0
1091020 1535.0
1091030 1538.3
1091040 1541.2
1091050 1541.2
1091060 1545.7
1091070 1547.7
1091080 1547.7
1091090 1547.4
1091100 1545.6
1091110 1545.5
1091120 1545.5
1091130 1545.3
1091140 1536.2
1091150 1536.2
1091160 1536.3
1091170 1536.4
1091180 1536.4
1091190 1536.2
1091200 1537.0
1091210 1537.0
1091220 1539.3
1091230 1541.1
1091240 1541.1
1091250 1541.2
1091260 1540.2
1091270 1540.2
1091280 1539.5
1091290 1539.7
1091300 1539.7
1091310 1539.2
1091320 1538.8
1091330 1538.8
1091340 1538.3
1091350 1538.7
1091360 1538.7
1091370 1539.7
1091380 1540.5
1091390 1541.6
1091400 1541.6
1091410 1543.5
1091420 1544.2
1091430 1544.2
1091440 1544.4
1091450 1543.8
1091460 1538.2
1091470 1538.3
1091480 1538.4
1091490 1538.4
1091500 1538.2
1091510 1537.5
1091520 1537.5
1091530 1537.1
1091540 1537.3
1091550 1537.3
1091560 1538.3
1091570 1539.3
1091580 1539.3
1091590 1539.9
1091600 1539.7
1091610 1539.7
1091620 1539.1
1091630 1538.1
1091640 1538.1
1091650 1536.2
1091660 1534.5
1091670 1533.0
1091680 1533.0
1091690 1531.6
1091700 1529.7
1091710 1529.7
1091720 1528.7
1091730 1527.4
1091740 1527.4
1091750 1525.9
1091760 1525.2
1091770 1525.2
1091780 1524.2
1091790 1520.6
1091800 1520.6
1091810 1518.9
1091820 1517.5
1091830 1517.5
1091840 1516.5
1091850 1516.0
1091860 1516.0
1091870 1514.3
1091880 1512.3
1091890 1512.3
1091900 1510.3
1091910 1508.5
1091920 1508.5
1091930 1506.9
1091940 1505.7
1091950 1504.5
1091960 1504.5
1091970 1503.4
1091980 1502.3
1091990 1502.3
1092000 1501.0
1092010 1500.3
1092020 1500.3
1092030 1499.9
1092040 1496.0
1092050 1496.0
1092060 1491.9
1092070 1486.4
1092080 1486.4
1092090 1479.4
1092100 1471.4
1092110 1469.6
1092120 1462.1
1092130 1463.8
1092140 1463.8
1092150 1469.0
1092160 1476.2
1092170 1476.2
1092180 1479.5
1092190 1480.8
1092200 1481.1
1092210 1481.1
1092220 1480.6
1092230 1484.2
1092240 1484.2
1092250 1483.1
1092260 1483.1
1092270 1483.1
1092280 1484.4
1092290 1485.5
1092300 1485.5
1092310 1485.1
1092320 1484.5
1092330 1484.5
1092340 1483.8
1092350 1483.6
1092360 1483.6
1092370 1484.2
1092380 1484.2
1092390 1484.2
1092400 1484.6
1092410 1485.8
1092420 1485.8
1092430 1486.9
1092440 1487.7
1092450 1487.7
1092460 1491.0
1092470 1493.8
1092480 1495.9
1092490 1495.9
1092500 1497.5
1092510 1498.0
1092520 1498.0
1092530 1497.7
1092540 1496.6
1092550 1496.6
1092560 1495.5
1092570 1494.4
1092580 1494.4
1092590 1492.8
1092600 1492.2
1092610 1492.2
1092620 1491.3
1092630 1490.9
1092640 1490.9
1092650 1490.2
1092660 1487.4
1092670 1487.4
1092680 1487.1
1092690 1488.0
1092700 1488.0
1092710 1487.4
1092720 1490.9
1092730 1490.9
1092740 1496.9
1092750 1499.2
1092760 1498.8
1092770 1498.8
1092780 1498.8
1092790 1499.2
1092800 1499.2
1092810 1498.6
1092820 1500.2
1092830 1500.2
1092840 1502.6
1092850 1504.8
1092860 1504.8
1092870 1505.6
1092880 1505.3
1092890 1505.3
1092900 1505.9
1092910 1506.1
1092920 1506.1
1092930 1505.8
1092940 1508.5
1092950 1508.5
1092960 1510.8
1092970 1512.2
1092980 1512.2
1092990 1515.1
1093000 1517.5
1093010 1517.5
1093020 1519.7
1093030 1520.8
1093040 1522.7
1093050 1522.7
1093060 1524.5
1093070 1527.5
1093080 1527.5
1093090 1530.6
1093100 1532.5
1093110 1532.5
1093120 1535.3
1093130 1537.5
1093140 1537.5
1093150 1539.5
1093160 1542.0
1093170 1542.0
1093180 1545.2
1093190 1548.2
1093200 1548.2
1093210 1551.3
1093220 1554.8
1093230 1554.8
1093240 1558.5
1093250 1562.8
1093260 1562.8
1093270 1566.7
1093280 1570.4
1093290 1570.4
1093300 1574.8
1093310 1579.5
1093320 1583.7
1093330 1583.7
1093340 1587.4
1093350 1592.1
1093360 1592.1
1093370 1596.3
1093380 1598.3
1093390 1598.3
1093400 1603.2
1093410 1612.5
1093420 1612.5
1093430 1616.5
1093440 1620.6
1093450 1620.6
1093460 1624.2
1093470 1628.2
1093480 1628.2
1093490 1632.8
1093500 1637.6
1093510 1637.6
1093520 1641.9
1093530 1646.1
1093540 1646.1
1093550 1650.5
1093560 1654.5
1093570 1658.9
1093580 1658.9
1093590 1662.8
1093600 1667.4
1093610 1667.4
1093620 1672.1
1093630 1676.6
1093640 1676.6
1093650 1681.9
1093660 1687.5
1093670 1687.5
1093680 1693.2
1093690 1698.6
1093700 1698.6
1093710 1703.1
1093720 1707.2
1093730 1707.2
1093740 1717.3
1093750 1722.0
1093760 1722.0
1093770 1726.4
1093780 1731.2
1093790 1731.2
1093800 1737.8
1093810 1744.7
1093820 1744.7
1093830 1749.4
1093840 1755.7
1093850 1760.3
1093860 1760.3
1093870 1762.1
1093880 1764.6
1093890 1764.6
1093900 1767.7
1093910 1773.6
1093920 1773.6
1093930 1782.1
1093940 1790.2
1093950 1790.2
1093960 1793.0
1093970 1794.7
1093980 1794.7
1093990 1796.4
1094000 1797.5
1094010 1797.5
1094020 1800.1
1094030 1802.3
1094040 1802.3
1094050 1805.0
1094060 1818.7
1094070 1818.7
1094080 1824.2
1094090 1828.4
1094100 1828.4
1094110 1833.2
1094120 1838.4
1094130 1841.6
1094140 1841.6
1094150 1845.3
1094160 1848.2
1094170 1848.2
1094180 1852.5
1094190 1859.8
1094200 1859.8
1094210 1866.9
1094220 1872.5
1094230 1872.5
1094240 1877.7
1094250 1884.8
1094260 1884.8
1094270 1892.0
1094280 1898.9
1094290 1898.9
1094300 1901.6
1094310 1898.9
1094320 1898.9
1094330 1892.9
1094340 1889.6
1094350 1889.6
1094360 1889.6
1094370 1887.1
1094380 1887.1
1094390 1885.1
1094400 1877.8
1094410 1869.5
1094420 1869.5
1094430 1861.8
1094440 1854.3
1094450 1854.3
1094460 1847.2
1094470 1841.1
1094480 1841.1
1094490 1834.8
1094500 1828.6
1094510 1828.6
1094520 1822.1
1094530 1815.2
1094540 1815.2
1094550 1808.6
1094560 1802.5
1094570 1802.5
1094580 1796.5
1094590 1791.6
1094600 1791.6
1094610 1782.8
1094620 1770.6
1094630 1770.6
1094640 1762.3
1094650 1755.3
1094660 1748.6
1094670 1748.6
1094680 1742.3
1094690 1734.9
1094700 1734.9
1094710 1730.5
1094720 1723.9
1094730 1723.9
1094740 1718.4
1094750 1713.3
1094760 1713.3
1094770 1709.1
1094780 1705.6
1094790 1705.6
1094800 1703.6
1094810 1701.3
1094820 1701.3
1094830 1698.8
1094840 1695.9
1094850 1695.9
1094860 1692.9
1094870 1689.6
1094880 1689.6
1094890 1686.4
1094900 1683.7
1094910 1683.7
1094920 1681.3
1094930 1679.0
1094940 1677.6
1094950 1677.6
1094960 1676.3
1094970 1674.6
1094980 1674.6
1094990 1672.2
1095000 1669.9
1095010 1669.9
1095020 1668.9
1095030 1666.8
1095040 1663.2
1095050 1661.5
1095060 1662.5
1095070 1662.5
1095080 1662.2
1095090 1658.4
1095100 1658.4
1095110 1653.1
1095120 1648.9
1095130 1648.9
1095140 1644.7
1095150 1640.5
1095160 1640.5
1095170 1635.9
1095180 1631.7
1095190 1631.7
1095200 1627.7
1095210 1623.2
1095220 1617.5
1095230 1617.5
1095240 1612.9
1095250 1608.5
1095260 1608.5
1095270 1608.4
1095280 1607.3
1095290 1607.3
1095300 1602.9
1095310 1600.6
1095320 1600.6
1095330 1598.2
1095340 1593.5
1095350 1593.5
1095360 1591.1
1095370 1584.2
1095380 1584.2
1095390 1581.2
1095400 1577.1
1095410 1577.1
1095420 1572.4
1095430 1568.1
1095440 1568.1
1095450 1564.0
1095460 1559.5
1095470 1559.5
1095480 1555.4
1095490 1550.6
1095500 1545.5
1095510 1545.5
1095520 1541.3
1095530 1537.1
1095540 1537.1
1095550 1532.2
1095560 1527.6
1095570 1527.6
1095580 1523.4
1095590 1519.8
1095600 1519.8
1095610 1516.5
1095620 1513.7
1095630 1513.7
1095640 1511.6
1095650 1508.8
1095660 1508.8
1095670 1505.2
1095680 1502.1
1095690 1502.1
1095700 1494.4
1095710 1491.5
1095720 1491.5
1095730 1488.2
1095740 1484.4
1095750 1484.4
1095760 1482.0
1095770 1477.8
1095780 1470.9
1095790 1470.9
1095800 1465.1
1095810 1458.3
1095820 1458.3
1095830 1451.4
1095840 1447.8
1095850 1447.8
1095860 1444.8
1095870 1438.2
1095880 1438.2
1095890 1434.6
1095900 1430.9
1095910 1430.9
1095920 1428.6
1095930 1430.9
1095940 1430.9
1095950 1434.6
1095960 1437.1
1095970 1437.1
1095980 1435.0
1095990 1431.3
1096000 1431.3
1096010 1430.2
1096020 1425.1
1096030 1423.8
1096040 1423.8
1096050 1422.4
1096060 1420.4
1096070 1420.4
1096080 1417.8
1096090 1414.6
1096100 1414.6
1096110 1412.5
1096120 1410.3
1096130 1410.3
1096140 1408.0
1096150 1406.7
1096160 1406.7
1096170 1404.5
1096180 1400.3
1096190 1400.3
1096200 1400.5
1096210 1401.3
1096220 1401.3
1096230 1400.9
1096240 1400.5
1096250 1400.5
1096260 1398.9
1096270 1396.8
1096280 1396.8
1096290 1396.3
1096300 1394.6
1096310 1391.7
1096320 1391.7
1096330 1387.9
1096340 1382.7
1096350 1382.3
1096360 1377.9
1096370 1373.5
1096380 1373.5
1096390 1367.2
1096400 1359.9
1096410 1359.9
1096420 1353.6
1096430 1347.4
1096440 1347.4
1096450 1343.0
1096460 1339.3
1096470 1339.3
1096480 1336.7
1096490 1335.9
1096500 1335.9
1096510 1336.0
1096520 1338.3
1096530 1338.3
1096540 1339.0
1096550 1338.4
1096560 1338.4
1096570 1337.2
1096580 1335.6
1096590 1333.6
1096600 1333.6
1096610 1331.3
1096620 1328.8
1096630 1328.8
1096640 1326.9
1096650 1325.2
1096660 1325.2
1096670 1323.8
1096680 1319.8
1096690 1319.8
1096700 1315.9
1096710 1309.4
1096720 1309.4
1096730 1307.2
1096740 1306.9
1096750 1306.9
1096760 1306.3
1096770 1309.1
1096780 1309.1
1096790 1311.5
1096800 1314.8
1096810 1314.8
1096820 1317.8
1096830 1321.0
1096840 1321.0
1096850 1324.5
1096860 1327.0
1096870 1330.4
1096880 1330.4
1096890 1335.2
1096900 1340.3
1096910 1340.3
1096920 1345.7
1096930 1351.0
1096940 1351.0
1096950 1356.9
1096960 1362.5
1096970 1362.5
1096980 1368.3
1096990 1372.8
1097000 1372.8
1097010 1374.2
1097020 1379.6
1097030 1379.6
1097040 1386.9
1097050 1394.7
1097060 1394.7
1097070 1402.3
1097080 1409.6
1097090 1409.6
1097100 1415.8
1097110 1421.6
1097120 1421.6
1097130 1426.2
1097140 1430.8
1097150 1434.6
1097160 1434.6
1097170 1437.3
1097180 1440.3
1097190 1440.3
1097200 1442.8
1097210 1446.1
1097220 1446.1
1097230 1448.9
1097240 1450.8
1097250 1450.8
1097260 1454.1
1097270 1458.0
1097280 1458.0
1097290 1459.7
1097300 1460.5
1097310 1460.5
1097320 1460.8
1097330 1461.0
1097340 1458.0
1097350 1458.6
1097360 1458.5
1097370 1458.5
1097380 1458.4
1097390 1458.2
1097400 1459.2
1097410 1459.2
1097420 1460.6
1097430 1462.2
1097440 1462.2
1097450 1462.9
1097460 1462.5
1097470 1462.5
1097480 1463.3
1097490 1465.6
1097500 1465.6
1097510 1470.1
1097520 1474.5
1097530 1474.5
1097540 1477.7
1097550 1480.7
1097560 1480.7
1097570 1485.1
1097580 1491.5
1097590 1491.5
1097600 1495.9
1097610 1498.9
1097620 1498.9
1097630 1504.1
1097640 1510.8
1097650 1510.8
1097660 1517.8
1097670 1523.6
1097680 1526.7
1097690 1526.7
1097700 1529.8
1097710 1533.9
1097720 1533.9
1097730 1537.7
1097740 1541.2
1097750 1541.2
1097760 1544.4
1097770 1546.6
1097780 1546.6
1097790 1548.4
1097800 1549.4
1097810 1549.4
1097820 1552.0
1097830 1556.8
1097840 1556.8
1097850 1560.9
1097860 1564.2
1097870 1564.2
1097880 1568.9
1097890 1574.0
1097900 1574.0
1097910 1579.3
1097920 1584.7
1097930 1584.7
1097940 1590.4
1097950 1595.6
1097960 1600.2
1097970 1600.2
1097980 1603.2
1097990 1605.0
1098000 1603.9
1098010 1606.4
1098020 1609.8
1098030 1609.8
1098040 1614.7
1098050 1619.9
1098060 1619.9
1098070 1626.1
1098080 1632.3
1098090 1632.3
1098100 1637.5
1098110 1641.9
1098120 1641.9
1098130 1646.5
1098140 1652.6
1098150 1652.6
1098160 1660.5
1098170 1668.6
1098180 1668.6
1098190 1676.6
1098200 1685.1
1098210 1685.1
1098220 1693.2
1098230 1701.6
1098240 1710.3
1098250 1710.3
1098260 1717.4
1098270 1720.4
1098280 1720.4
1098290 1720.2
1098300 1722.2
1098310 1722.2
1098320 1724.1
1098330 1730.4
1098340 1730.4
1098350 1733.5
1098360 1737.6
1098370 1737.6
1098380 1742.3
1098390 1748.6
1098400 1748.6
1098410 1756.6
1098420 1764.8
1098430 1764.8
1098440 1771.5
1098450 1778.0
1098460 1778.0
1098470 1784.7
1098480 1791.1
1098490 1797.0
1098500 1797.0
1098510 1802.9
1098520 1816.7
1098530 1816.7
1098540 1829.4
1098550 1840.0
1098560 1840.0
1098570 1851.1
1098580 1867.2
1098590 1867.2
1098600 1880.6
1098610 1890.9
1098620 1890.9
1098630 1896.9
1098640 1893.3
1098650 1891.6
1098660 1884.8
1098670 1877.9
1098680 1877.9
1098690 1871.4
1098700 1865.6
1098710 1865.6
1098720 1859.4
1098730 1854.1
1098740 1854.1
1098750 1849.7
1098760 1844.5
1098770 1838.7
1098780 1838.7
1098790 1833.5
1098800 1830.0
1098810 1830.0
1098820 1827.1
1098830 1824.6
1098840 1824.6
1098850 1823.2
1098860 1822.3
1098870 1822.3
1098880 1822.0
1098890 1821.9
1098900 1821.9
1098910 1821.3
1098920 1820.0
1098930 1820.0
1098940 1818.1
1098950 1815.7
1098960 1815.7
1098970 1814.7
1098980 1817.3
1098990 1817.3
1099000 1816.2
1099010 1815.7
1099020 1815.7
1099030 1815.3
1099040 1814.9
1099050 1814.3
1099060 1814.3
1099070 1812.0
1099080 1811.0
1099090 1811.0
1099100 1810.6
1099110 1810.0
1099120 1810.0
1099130 1809.3
1099140 1807.9
1099150 1807.9
1099160 1806.5
1099170 1804.7
1099180 1804.7
1099190 1803.0
1099200 1802.4
1099210 1802.4
1099220 1801.9
1099230 1802.6
1099240 1802.6
1099250 1803.8
1099260 1806.5
1099270 1806.5
1099280 1809.0
1099290 1811.9
1099300 1811.9
1099310 1819.6
1099320 1823.1
1099330 1824.5
1099340 1824.5
1099350 1826.4
1099360 1830.6
1099370 1830.6
1099380 1834.4
1099390 1838.2
1099400 1838.2
1099410 1842.4
1099420 1844.9
1099430 1844.9
1099440 1841.7
1099450 1844.6
1099460 1844.6
1099470 1846.1
1099480 1850.0
1099490 1850.0
1099500 1855.2
1099510 1860.6
1099520 1860.6
1099530 1866.7
1099540 1873.1
1099550 1873.1
1099560 1877.6
1099570 1880.8
1099580 1880.8
1099590 1891.1
1099600 1902.6
1099610 1911.9
1099620 1911.9
1099630 1920.4
1099640 1924.4
1099650 1924.4
1099660 1931.6
1099670 1939.5
1099680 1939.5
1099690 1948.2
1099700 1959.2
1099710 1959.2
1099720 1971.8
1099730 1971.8
1099740 1971.8
1099750 1965.1
1099760 1960.0
1099770 1960.0
1099780 1957.4
1099790 1955.1
1099800 1955.1
1099810 1949.1
1099820 1944.1
1099830 1944.1
1099840 1941.9
1099850 1940.1
1099860 1935.2
1099870 1935.2
1099880 1929.6
1099890 1927.5
1099900 1927.5
1099910 1926.6
1099920 1924.1
1099930 1924.1
1099940 1920.1
1099950 1914.9
1099960 1914.9
1099970 1910.2
1099980 1902.7
1099990 1902.7
