1080000 1103.2
1080010 1098.3
1080020 1095.2
1080030 1095.2
1080040 1098.4
1080050 1106.7
1080060 1106.7
1080070 1114.6
1080080 1121.8
1080090 1121.8
1080100 1126.7
1080110 1132.2
1080120 1132.2
1080130 1139.0
1080140 1146.1
1080150 1147.4
1080160 1153.1
1080170 1157.4
1080180 1157.4
1080190 1159.7
1080200 1162.3
1080210 1165.5
1080220 1165.5
1080230 1168.6
1080240 1172.3
1080250 1172.3
1080260 1175.6
1080270 1178.2
1080280 1178.2
1080290 1179.3
1080300 1179.3
1080310 1179.3
1080320 1178.4
1080330 1176.0
1080340 1176.0
1080350 1173.0
1080360 1170.7
1080370 1170.7
1080380 1169.9
1080390 1168.7
1080400 1168.7
1080410 1167.2
1080420 1165.3
1080430 1165.3
1080440 1162.7
1080450 1160.2
1080460 1165.1
1080470 1161.0
1080480 1157.4
1080490 1154.1
1080500 1154.1
1080510 1154.1
1080520 1153.0
1080530 1153.0
1080540 1148.0
1080550 1144.0
1080560 1144.0
1080570 1138.2
1080580 1137.6
1080590 1137.6
1080600 1138.1
1080610 1134.0
1080620 1134.0
1080630 1130.0
1080640 1125.7
1080650 1125.7
1080660 1120.3
1080670 1126.4
1080680 1126.4
1080690 1132.2
1080700 1137.4
1080710 1137.4
1080720 1139.7
1080730 1147.4
1080740 1147.4
1080750 1155.0
1080760 1161.3
1080770 1166.8
1080780 1167.1
1080790 1173.0
1080800 1177.3
1080810 1177.3
1080820 1179.6
1080830 1181.4
1080840 1181.4
1080850 1182.8
1080860 1184.0
1080870 1184.0
1080880 1185.8
1080890 1188.1
1080900 1188.1
1080910 1189.7
1080920 1190.9
1080930 1190.9
1080940 1192.0
1080950 1193.1
1080960 1193.1
1080970 1194.2
1080980 1194.9
1080990 1194.9
1081000 1195.1
1081010 1194.9
1081020 1194.9
1081030 1194.5
1081040 1193.9
1081050 1193.0
1081060 1193.0
1081070 1192.4
1081080 1191.5
1081090 1194.8
1081100 1193.6
1081110 1192.8
1081120 1192.8
1081130 1192.2
1081140 1191.3
1081150 1191.3
1081160 1189.3
1081170 1186.5
1081180 1186.5
1081190 1185.0
1081200 1180.0
1081210 1180.0
1081220 1174.0
1081230 1167.8
1081240 1167.8
1081250 1164.9
1081260 1161.1
1081270 1161.1
1081280 1153.5
1081290 1144.4
1081300 1144.4
1081310 1136.3
1081320 1136.0
1081330 1142.8
1081340 1142.8
1081350 1147.3
1081360 1152.0
1081370 1152.0
1081380 1158.6
1081390 1165.6
1081400 1165.6
1081410 1166.7
1081420 1163.3
1081430 1163.3
1081440 1162.9
1081450 1154.9
1081460 1154.9
1081470 1146.3
1081480 1142.4
1081490 1142.4
1081500 1144.0
1081510 1148.1
1081520 1148.1
1081530 1146.4
1081540 1143.8
1081550 1143.8
1081560 1138.9
1081570 1129.6
1081580 1126.5
1081590 1126.5
1081600 1125.4
1081610 1125.3
1081620 1125.3
1081630 1128.0
1081640 1130.9
1081650 1130.9
1081660 1135.6
1081670 1139.2
1081680 1139.2
1081690 1143.2
1081700 1146.6
1081710 1146.6
1081720 1149.1
1081730 1155.8
1081740 1155.8
1081750 1159.3
1081760 1164.8
1081770 1164.8
1081780 1172.9
1081790 1181.6
1081800 1181.6
1081810 1189.1
1081820 1193.7
1081830 1193.7
1081840 1196.9
1081850 1200.0
1081860 1203.1
1081870 1203.1
1081880 1206.5
1081890 1209.7
1081900 1209.7
1081910 1213.0
1081920 1215.9
1081930 1215.9
1081940 1217.8
1081950 1220.4
1081960 1220.4
1081970 1223.0
1081980 1224.6
1081990 1224.6
1082000 1226.4
1082010 1229.4
1082020 1229.4
1082030 1233.6
1082040 1235.9
1082050 1235.9
1082060 1240.8
1082070 1246.0
1082080 1246.0
1082090 1249.9
1082100 1253.2
1082110 1253.2
1082120 1256.1
1082130 1259.1
1082140 1262.4
1082150 1262.4
1082160 1265.0
1082170 1267.7
1082180 1267.7
1082190 1269.3
1082200 1270.5
1082210 1270.5
1082220 1272.5
1082230 1273.1
1082240 1273.1
1082250 1274.1
1082260 1274.4
1082270 1274.4
1082280 1274.0
1082290 1276.1
1082300 1276.1
1082310 1276.5
1082320 1274.8
1082330 1274.8
1082340 1273.4
1082350 1272.1
1082360 1277.9
1082370 1277.0
1082380 1278.5
1082390 1278.5
1082400 1280.5
1082410 1282.8
1082420 1284.1
1082430 1284.1
1082440 1285.2
1082450 1285.3
1082460 1285.3
1082470 1285.1
1082480 1283.9
1082490 1283.9
1082500 1282.5
1082510 1277.2
1082520 1277.2
1082530 1275.7
1082540 1280.4
1082550 1280.4
1082560 1277.8
1082570 1272.2
1082580 1272.2
1082590 1267.7
1082600 1268.0
1082610 1268.0
1082620 1274.5
1082630 1278.9
1082640 1278.9
1082650 1282.9
1082660 1286.8
1082670 1286.5
1082680 1290.3
1082690 1294.8
1082700 1300.2
1082710 1300.2
1082720 1304.7
1082730 1308.1
1082740 1308.1
1082750 1312.0
1082760 1316.6
1082770 1316.6
1082780 1323.0
1082790 1327.7
1082800 1327.7
1082810 1331.6
1082820 1339.3
1082830 1339.3
1082840 1345.6
1082850 1350.4
1082860 1350.4
1082870 1355.5
1082880 1360.5
1082890 1360.5
1082900 1367.0
1082910 1373.4
1082920 1373.4
1082930 1377.3
1082940 1382.1
1082950 1382.1
1082960 1387.5
1082970 1391.4
1082980 1393.8
1082990 1395.8
1083000 1398.3
1083010 1399.9
1083020 1399.9
1083030 1401.3
1083040 1402.2
1083050 1402.2
1083060 1402.3
1083070 1402.9
1083080 1402.9
1083090 1404.3
1083100 1405.3
1083110 1405.3
1083120 1405.7
1083130 1406.1
1083140 1406.1
1083150 1408.8
1083160 1410.5
1083170 1410.5
1083180 1412.5
1083190 1415.7
1083200 1415.7
1083210 1418.1
1083220 1419.3
1083230 1419.3
1083240 1418.2
1083250 1419.1
1083260 1418.5
1083270 1418.5
1083280 1417.6
1083290 1422.3
1083300 1422.3
1083310 1428.2
1083320 1427.2
1083330 1427.2
1083340 1431.3
1083350 1434.0
1083360 1434.0
1083370 1435.7
1083380 1440.1
1083390 1440.1
1083400 1444.4
1083410 1447.5
1083420 1447.5
1083430 1450.8
1083440 1454.1
1083450 1454.1
1083460 1456.2
1083470 1458.6
1083480 1458.6
1083490 1463.2
1083500 1466.4
1083510 1466.4
1083520 1469.9
1083530 1473.3
1083540 1476.2
1083550 1476.2
1083560 1478.8
1083570 1479.0
1083580 1479.0
1083590 1474.4
1083600 1463.6
1083610 1463.6
1083620 1447.9
1083630 1439.1
1083640 1439.1
1083650 1430.6
1083660 1421.1
1083670 1421.1
1083680 1412.9
1083690 1406.5
1083700 1406.5
1083710 1401.4
1083720 1397.2
1083730 1397.2
1083740 1393.5
1083750 1390.3
1083760 1390.3
1083770 1388.1
1083780 1385.3
1083790 1385.3
1083800 1382.2
1083810 1378.8
1083820 1376.5
1083830 1376.5
1083840 1375.5
1083850 1373.8
1083860 1373.8
1083870 1370.5
1083880 1366.6
1083890 1366.6
1083900 1363.8
1083910 1361.2
1083920 1361.2
1083930 1358.4
1083940 1360.1
1083950 1360.1
1083960 1358.7
1083970 1356.2
1083980 1356.2
1083990 1357.8
1084000 1365.6
1084010 1365.6
1084020 1363.6
1084030 1364.7
1084040 1364.7
1084050 1373.1
1084060 1378.5
1084070 1385.2
1084080 1385.2
1084090 1389.6
1084100 1393.8
1084110 1393.8
1084120 1398.3
1084130 1401.3
1084140 1401.3
1084150 1402.3
1084160 1401.8
1084170 1401.8
1084180 1403.4
1084190 1404.0
1084200 1404.0
1084210 1405.9
1084220 1408.8
1084230 1408.8
1084240 1409.9
1084250 1410.6
1084260 1415.4
1084270 1419.4
1084280 1423.3
1084290 1423.3
1084300 1426.8
1084310 1429.5
1084320 1429.5
1084330 1434.2
1084340 1437.4
1084350 1439.8
1084360 1439.8
1084370 1443.5
1084380 1445.0
1084390 1445.0
1084400 1446.4
1084410 1452.0
1084420 1452.0
1084430 1456.0
1084440 1459.9
1084450 1459.9
1084460 1464.2
1084470 1468.5
1084480 1468.5
1084490 1472.6
1084500 1477.2
1084510 1477.2
1084520 1480.0
1084530 1483.3
1084540 1483.3
1084550 1486.4
1084560 1487.5
1084570 1487.5
1084580 1494.3
1084590 1494.4
1084600 1494.4
1084610 1494.3
1084620 1494.1
1084630 1494.2
1084640 1494.2
1084650 1493.8
1084660 1493.3
1084670 1493.3
1084680 1493.2
1084690 1492.8
1084700 1492.8
1084710 1491.9
1084720 1491.7
1084730 1491.7
1084740 1492.2
1084750 1493.0
1084760 1493.0
1084770 1493.8
1084780 1493.7
1084790 1493.7
1084800 1497.9
1084810 1500.1
1084820 1500.1
1084830 1503.5
1084840 1507.5
1084850 1507.5
1084860 1511.4
1084870 1514.1
1084880 1514.1
1084890 1515.6
1084900 1520.0
1084910 1522.6
1084920 1522.6
1084930 1524.6
1084940 1528.1
1084950 1528.1
1084960 1533.7
1084970 1539.4
1084980 1539.4
1084990 1543.5
1085000 1546.3
1085010 1546.3
1085020 1549.3
1085030 1552.8
1085040 1552.8
1085050 1555.6
1085060 1556.7
1085070 1556.7
1085080 1556.5
1085090 1556.6
1085100 1556.6
1085110 1556.6
1085120 1555.7
1085130 1555.7
1085140 1554.7
1085150 1554.2
1085160 1554.2
1085170 1554.3
1085180 1554.5
1085190 1555.0
1085200 1555.0
1085210 1555.3
1085220 1552.1
1085230 1552.1
1085240 1550.8
1085250 1549.7
1085260 1549.7
1085270 1548.7
1085280 1548.5
1085290 1548.5
1085300 1547.5
1085310 1546.3
1085320 1546.3
1085330 1547.6
1085340 1549.6
1085350 1549.6
1085360 1550.9
1085370 1551.9
1085380 1551.9
1085390 1553.2
1085400 1555.0
1085410 1555.0
1085420 1555.3
1085430 1555.7
1085440 1555.7
1085450 1556.4
1085460 1557.9
1085470 1559.0
1085480 1559.0
1085490 1559.3
1085500 1560.4
1085510 1560.4
1085520 1562.4
1085530 1563.7
1085540 1560.5
1085550 1561.0
1085560 1561.3
1085570 1561.3
1085580 1563.6
1085590 1565.4
1085600 1565.4
1085610 1566.1
1085620 1566.8
1085630 1566.8
1085640 1567.2
1085650 1568.2
1085660 1568.2
1085670 1568.7
1085680 1568.2
1085690 1568.2
1085700 1567.5
1085710 1565.5
1085720 1565.5
1085730 1562.7
1085740 1560.5
1085750 1559.4
1085760 1559.4
1085770 1561.6
1085780 1562.6
1085790 1562.6
1085800 1565.8
1085810 1573.9
1085820 1573.9
1085830 1579.7
1085840 1583.8
1085850 1582.9
1085860 1586.3
1085870 1588.4
1085880 1588.4
1085890 1591.2
1085900 1595.5
1085910 1595.5
1085920 1599.7
1085930 1603.0
1085940 1603.0
1085950 1605.3
1085960 1608.0
1085970 1608.0
1085980 1610.2
1085990 1612.2
1086000 1612.2
1086010 1612.3
1086020 1609.3
1086030 1606.4
1086040 1606.4
1086050 1600.9
1086060 1595.2
1086070 1595.2
1086080 1592.7
1086090 1597.1
1086100 1597.1
1086110 1602.4
1086120 1605.9
1086130 1605.9
1086140 1610.5
1086150 1619.1
1086160 1619.1
1086170 1624.0
1086180 1629.3
1086190 1629.3
1086200 1634.6
1086210 1639.3
1086220 1639.3
1086230 1643.3
1086240 1646.3
1086250 1646.3
1086260 1651.0
1086270 1654.8
1086280 1654.8
1086290 1657.9
1086300 1661.3
1086310 1664.3
1086320 1664.3
1086330 1666.9
1086340 1669.4
1086350 1669.4
1086360 1671.4
1086370 1674.4
1086380 1674.4
1086390 1676.8
1086400 1678.1
1086410 1678.1
1086420 1679.8
1086430 1682.5
1086440 1682.5
1086450 1684.7
1086460 1686.9
1086470 1686.9
1086480 1689.2
1086490 1687.3
1086500 1687.3
1086510 1687.9
1086520 1690.0
1086530 1690.0
1086540 1692.0
1086550 1694.0
1086560 1694.7
1086570 1694.7
1086580 1694.9
1086590 1695.7
1086600 1695.7
1086610 1696.5
1086620 1696.3
1086630 1696.3
1086640 1698.1
1086650 1699.2
1086660 1699.2
1086670 1701.6
1086680 1704.2
1086690 1704.2
1086700 1705.1
1086710 1704.6
1086720 1704.6
1086730 1705.0
1086740 1705.5
1086750 1705.5
1086760 1706.7
1086770 1708.2
1086780 1708.2
1086790 1710.2
1086800 1712.6
1086810 1707.9
1086820 1708.7
1086830 1710.3
1086840 1712.1
1086850 1712.1
1086860 1713.3
1086870 1714.7
1086880 1714.7
1086890 1716.4
1086900 1718.3
1086910 1718.3
1086920 1721.4
1086930 1724.7
1086940 1724.7
1086950 1727.6
1086960 1729.0
1086970 1729.0
1086980 1728.3
1086990 1729.0
1087000 1729.0
1087010 1729.8
1087020 1730.7
1087030 1730.7
1087040 1732.0
1087050 1733.2
1087060 1733.2
1087070 1734.3
1087080 1735.7
1087090 1735.7
1087100 1734.0
1087110 1733.6
1087120 1731.4
1087130 1732.3
1087140 1727.2
1087150 1720.2
1087160 1720.2
1087170 1713.2
1087180 1706.2
1087190 1706.2
1087200 1699.8
1087210 1694.8
1087220 1694.8
1087230 1690.3
1087240 1686.1
1087250 1686.1
1087260 1681.0
1087270 1677.3
1087280 1677.3
1087290 1673.3
1087300 1669.4
1087310 1669.4
1087320 1665.5
1087330 1662.2
1087340 1662.2
1087350 1659.1
1087360 1656.0
1087370 1656.0
1087380 1652.3
1087390 1647.5
1087400 1643.6
1087410 1643.6
1087420 1641.8
1087430 1639.6
1087440 1639.6
1087450 1637.1
1087460 1634.6
1087470 1634.6
1087480 1631.9
1087490 1628.9
1087500 1628.9
1087510 1626.1
1087520 1623.7
1087530 1623.7
1087540 1621.2
1087550 1618.7
1087560 1618.7
1087570 1615.7
1087580 1614.3
1087590 1614.3
1087600 1613.3
1087610 1612.5
1087620 1612.5
1087630 1611.1
1087640 1609.5
1087650 1609.5
1087660 1607.6
1087670 1605.4
1087680 1603.5
1087690 1603.5
1087700 1600.8
1087710 1598.9
1087720 1598.9
1087730 1597.9
1087740 1596.8
1087750 1596.8
1087760 1594.3
1087770 1592.4
1087780 1592.7
1087790 1591.1
1087800 1589.2
1087810 1589.2
1087820 1587.3
1087830 1585.3
1087840 1585.3
1087850 1583.7
1087860 1583.2
1087870 1583.2
1087880 1582.1
1087890 1581.6
1087900 1581.6
1087910 1580.5
1087920 1579.1
1087930 1579.1
1087940 1578.5
1087950 1577.1
1087960 1574.9
1087970 1574.9
1087980 1572.2
1087990 1568.0
1088000 1568.0
1088010 1561.6
1088020 1554.8
1088030 1554.8
1088040 1549.7
1088050 1545.5
1088060 1545.5
1088070 1541.5
1088080 1539.1
1088090 1539.1
1088100 1534.3
1088110 1532.4
1088120 1532.4
1088130 1530.0
1088140 1525.5
1088150 1525.5
1088160 1523.3
1088170 1522.9
1088180 1522.9
1088190 1521.3
1088200 1518.7
1088210 1518.7
1088220 1517.9
1088230 1517.0
1088240 1516.3
1088250 1516.3
1088260 1515.0
1088270 1512.9
1088280 1512.9
1088290 1510.0
1088300 1503.2
1088310 1503.2
1088320 1479.2
1088330 1460.0
1088340 1460.0
1088350 1450.4
1088360 1443.4
1088370 1443.4
1088380 1435.8
1088390 1428.0
1088400 1428.0
1088410 1421.6
1088420 1414.0
1088430 1414.0
1088440 1408.6
1088450 1403.0
1088460 1403.0
1088470 1397.1
1088480 1391.0
1088490 1391.0
1088500 1384.7
1088510 1379.3
1088520 1373.9
1088530 1373.9
1088540 1368.2
1088550 1363.0
1088560 1363.0
1088570 1357.4
1088580 1351.6
1088590 1351.6
1088600 1346.1
1088610 1340.3
1088620 1340.3
1088630 1334.6
1088640 1328.1
1088650 1328.1
1088660 1322.0
1088670 1316.2
1088680 1316.2
1088690 1310.9
1088700 1306.1
1088710 1306.1
1088720 1301.0
1088730 1297.6
1088740 1302.9
1088750 1298.4
1088760 1293.9
1088770 1293.9
1088780 1290.7
1088790 1288.5
1088800 1287.1
1088810 1287.1
1088820 1282.9
1088830 1277.8
1088840 1277.8
1088850 1276.6
1088860 1276.1
1088870 1276.1
1088880 1275.9
1088890 1275.3
1088900 1275.3
1088910 1274.7
1088920 1273.6
1088930 1273.6
1088940 1272.3
1088950 1272.1
1088960 1272.1
1088970 1272.1
1088980 1272.7
1088990 1272.7
1089000 1273.2
1089010 1273.2
1089020 1273.2
1089030 1273.4
1089040 1273.7
1089050 1274.6
1089060 1273.0
1089070 1273.7
1089080 1274.7
1089090 1274.7
1089100 1274.4
1089110 1277.9
1089120 1277.9
1089130 1280.2
1089140 1282.4
1089150 1282.4
1089160 1284.8
1089170 1286.3
1089180 1286.3
1089190 1286.9
1089200 1289.4
1089210 1289.4
1089220 1290.4
1089230 1291.2
1089240 1291.2
1089250 1292.6
1089260 1295.5
1089270 1295.5
1089280 1298.4
1089290 1300.5
1089300 1300.5
1089310 1301.9
1089320 1305.2
1089330 1308.2
1089340 1308.2
1089350 1312.3
1089360 1317.8
1089370 1317.8
1089380 1316.7
1089390 1317.2
1089400 1317.2
1089410 1319.5
1089420 1320.5
1089430 1320.5
1089440 1322.6
1089450 1325.2
1089460 1325.2
1089470 1326.9
1089480 1330.3
1089490 1330.3
1089500 1336.9
1089510 1343.1
1089520 1343.1
1089530 1347.3
1089540 1351.0
1089550 1351.0
1089560 1355.2
1089570 1359.7
1089580 1359.7
1089590 1366.9
1089600 1373.4
1089610 1374.0
1089620 1374.0
1089630 1370.3
1089640 1366.9
1089650 1366.9
1089660 1362.8
1089670 1359.9
1089680 1359.9
1089690 1357.4
1089700 1353.8
1089710 1349.8
1089720 1348.5
1089730 1346.9
1089740 1346.9
1089750 1344.2
1089760 1343.4
1089770 1343.4
1089780 1340.0
1089790 1334.9
1089800 1334.9
1089810 1332.8
1089820 1335.7
1089830 1335.7
1089840 1342.6
1089850 1352.9
1089860 1352.9
1089870 1366.2
1089880 1381.7
1089890 1398.2
1089900 1398.2
1089910 1407.1
1089920 1412.8
1089930 1412.8
1089940 1416.8
1089950 1420.6
1089960 1420.6
1089970 1424.7
1089980 1429.2
1089990 1429.2
1090000 1433.4
1090010 1438.2
1090020 1438.2
1090030 1441.1
1090040 1443.6
1090050 1443.6
1090060 1448.3
1090070 1455.0
1090080 1455.0
1090090 1462.0
1090100 1469.7
1090110 1469.7
1090120 1477.2
1090130 1483.5
1090140 1483.5
1090150 1489.8
1090160 1496.4
1090170 1503.9
1090180 1503.9
1090190 1510.9
1090200 1516.6
1090210 1516.6
1090220 1522.3
1090230 1527.7
1090240 1527.7
1090250 1533.2
1090260 1537.1
1090270 1537.1
1090280 1539.5
1090290 1541.6
1090300 1541.6
1090310 1545.2
1090320 1547.9
1090330 1547.9
1090340 1549.4
1090350 1545.1
1090360 1545.1
1090370 1545.0
1090380 1545.9
1090390 1545.9
1090400 1547.1
1090410 1549.0
1090420 1549.0
1090430 1551.1
1090440 1551.8
1090450 1553.0
1090460 1553.0
1090470 1555.5
1090480 1557.5
1090490 1557.5
1090500 1558.8
1090510 1559.5
1090520 1559.5
1090530 1559.8
1090540 1560.4
1090550 1560.4
1090560 1560.8
1090570 1560.7
1090580 1560.7
1090590 1561.6
1090600 1562.8
1090610 1562.8
1090620 1564.5
1090630 1567.3
1090640 1567.3
1090650 1569.9
1090660 1571.8
1090670 1568.1
1090680 1569.3
1090690 1568.8
1090700 1568.8
1090710 1569.3
1090720 1571.3
1090730 1573.9
1090740 1573.9
1090750 1576.1
1090760 1577.6
1090770 1577.6
1090780 1579.3
1090790 1583.3
1090800 1583.3
1090810 1587.0
1090820 1590.3
1090830 1590.3
1090840 1592.6
1090850 1594.9
1090860 1594.9
1090870 1598.5
1090880 1602.3
1090890 1602.3
1090900 1605.0
1090910 1607.8
1090920 1607.8
1090930 1610.6
1090940 1612.9
1090950 1612.9
1090960 1614.4
1090970 1615.6
1090980 1615.6
1090990 1616.7
1091000 1613.7
1091010 1613.4
1091020 1613.4
1091030 1612.1
1091040 1611.2
1091050 1611.2
1091060 1612.2
1091070 1614.7
1091080 1614.7
1091090 1617.0
1091100 1622.5
1091110 1622.5
1091120 1629.0
1091130 1631.6
1091140 1631.6
1091150 1627.2
1091160 1628.0
1091170 1628.0
1091180 1633.2
1091190 1638.8
1091200 1638.8
1091210 1643.2
1091220 1641.3
1091230 1641.3
1091240 1639.9
1091250 1642.1
1091260 1642.1
1091270 1643.3
1091280 1645.4
1091290 1648.7
1091300 1648.7
1091310 1651.3
1091320 1651.9
1091330 1651.9
1091340 1657.1
1091350 1662.9
1091360 1662.9
1091370 1668.0
1091380 1671.1
1091390 1671.1
1091400 1672.6
1091410 1675.8
1091420 1675.8
1091430 1680.0
1091440 1683.5
1091450 1683.5
1091460 1688.2
1091470 1693.1
1091480 1693.1
1091490 1695.2
1091500 1696.4
1091510 1696.4
1091520 1699.9
1091530 1702.4
1091540 1704.0
1091550 1704.0
1091560 1707.5
1091570 1709.8
1091580 1709.8
1091590 1711.1
1091600 1714.2
1091610 1714.2
1091620 1720.5
1091630 1727.8
1091640 1727.8
1091650 1736.8
1091660 1745.4
1091670 1745.4
1091680 1752.6
1091690 1759.7
1091700 1759.7
1091710 1768.8
1091720 1776.5
1091730 1776.5
1091740 1783.9
1091750 1793.0
1091760 1793.0
1091770 1802.4
1091780 1805.0
1091790 1805.0
1091800 1804.7
1091810 1803.4
1091820 1802.4
1091830 1802.4
1091840 1802.0
1091850 1802.6
1091860 1802.6
1091870 1802.8
1091880 1803.4
1091890 1803.4
1091900 1805.7
1091910 1808.3
1091920 1808.3
1091930 1810.7
1091940 1812.7
1091950 1812.7
1091960 1814.9
1091970 1812.8
1091980 1812.8
1091990 1816.8
1092000 1819.6
1092010 1819.6
1092020 1822.7
1092030 1826.1
1092040 1826.1
1092050 1829.8
1092060 1833.5
1092070 1833.5
1092080 1835.9
1092090 1837.8
1092100 1840.0
1092110 1840.0
1092120 1841.1
1092130 1841.5
1092140 1841.5
1092150 1842.3
1092160 1844.0
1092170 1844.0
1092180 1844.9
1092190 1846.1
1092200 1846.1
1092210 1846.7
1092220 1845.7
1092230 1845.7
1092240 1845.0
1092250 1844.9
1092260 1844.9
1092270 1846.8
1092280 1850.7
1092290 1848.7
1092300 1852.5
1092310 1856.6
1092320 1856.6
1092330 1860.7
1092340 1866.2
1092350 1866.2
1092360 1870.0
1092370 1875.0
1092380 1880.6
1092390 1880.6
1092400 1887.0
1092410 1894.4
1092420 1894.4
1092430 1901.0
1092440 1904.6
1092450 1904.6
1092460 1907.0
1092470 1905.8
1092480 1905.8
1092490 1904.3
1092500 1902.0
1092510 1902.0
1092520 1899.8
1092530 1897.2
1092540 1897.2
1092550 1893.1
1092560 1888.3
1092570 1888.3
1092580 1883.6
1092590 1881.7
1092600 1881.7
1092610 1881.0
1092620 1874.6
1092630 1874.6
1092640 1869.0
1092650 1863.6
1092660 1859.7
1092670 1859.7
1092680 1856.7
1092690 1855.0
1092700 1855.0
1092710 1852.3
1092720 1850.4
1092730 1850.4
1092740 1851.1
1092750 1852.0
1092760 1852.0
1092770 1851.7
1092780 1852.9
1092790 1852.9
1092800 1853.9
1092810 1855.5
1092820 1855.5
1092830 1856.8
1092840 1859.6
1092850 1859.6
1092860 1862.7
1092870 1866.1
1092880 1866.1
1092890 1870.6
1092900 1873.9
1092910 1873.9
1092920 1879.5
1092930 1886.3
1092940 1886.5
1092950 1886.5
1092960 1896.8
1092970 1904.8
1092980 1904.8
1092990 1909.3
1093000 1914.0
1093010 1914.0
1093020 1919.5
1093030 1923.2
1093040 1923.2
1093050 1927.7
1093060 1930.7
1093070 1930.7
1093080 1932.8
1093090 1934.5
1093100 1934.5
1093110 1939.1
1093120 1946.1
1093130 1946.1
1093140 1954.5
1093150 1960.1
1093160 1960.1
1093170 1960.6
1093180 1957.5
1093190 1957.5
1093200 1956.8
1093210 1952.9
1093220 1950.1
1093230 1950.1
1093240 1946.2
1093250 1940.7
1093260 1940.7
1093270 1931.2
1093280 1928.4
1093290 1928.4
1093300 1927.7
1093310 1927.4
1093320 1927.4
1093330 1925.6
1093340 1921.4
1093350 1921.4
1093360 1919.6
1093370 1918.7
1093380 1918.7
1093390 1917.0
1093400 1916.8
1093410 1916.8
1093420 1916.1
1093430 1914.8
1093440 1914.8
1093450 1912.7
1093460 1910.7
1093470 1910.7
1093480 1909.6
1093490 1908.5
1093500 1908.9
1093510 1908.9
1093520 1910.1
1093530 1910.8
1093540 1910.8
1093550 1910.2
1093560 1912.6
1093570 1912.6
1093580 1914.3
1093590 1916.9
1093600 1910.5
1093610 1914.2
1093620 1917.2
1093630 1917.2
1093640 1921.6
1093650 1926.0
1093660 1926.0
1093670 1930.0
1093680 1934.7
1093690 1934.7
1093700 1938.3
1093710 1941.5
1093720 1941.5
1093730 1945.1
1093740 1946.9
1093750 1946.9
1093760 1945.1
1093770 1940.7
1093780 1936.2
1093790 1936.2
1093800 1930.2
1093810 1925.4
1093820 1925.4
1093830 1923.7
1093840 1923.9
1093850 1923.9
1093860 1926.2
1093870 1926.8
1093880 1926.8
1093890 1927.4
1093900 1929.1
1093910 1929.1
1093920 1933.3
1093930 1933.4
1093940 1933.4
1093950 1932.1
1093960 1931.0
1093970 1931.0
1093980 1929.9
1093990 1927.7
1094000 1927.7
1094010 1926.3
1094020 1925.0
1094030 1922.4
1094040 1922.4
1094050 1917.3
1094060 1912.3
1094070 1912.3
1094080 1907.6
1094090 1903.3
1094100 1903.3
1094110 1899.1
1094120 1895.8
1094130 1895.8
1094140 1890.3
1094150 1883.0
1094160 1883.0
1094170 1879.2
1094180 1877.9
1094190 1877.9
1094200 1874.7
1094210 1870.1
1094220 1870.1
1094230 1867.3
1094240 1863.5
1094250 1875.1
1094260 1870.0
1094270 1869.6
1094280 1869.6
1094290 1869.2
1094300 1870.0
1094310 1871.4
1094320 1871.4
1094330 1868.2
1094340 1863.8
1094350 1863.8
1094360 1857.0
1094370 1850.5
1094380 1850.5
1094390 1849.1
1094400 1848.0
1094410 1848.0
1094420 1846.6
1094430 1845.9
1094440 1845.9
1094450 1846.7
1094460 1848.5
1094470 1848.5
1094480 1850.6
1094490 1854.1
1094500 1854.1
1094510 1857.4
1094520 1861.5
1094530 1861.5
1094540 1865.7
1094550 1869.2
1094560 1869.2
1094570 1875.1
1094580 1870.7
1094590 1867.2
1094600 1867.2
1094610 1864.5
1094620 1860.3
1094630 1860.3
1094640 1856.0
1094650 1851.6
1094660 1851.6
1094670 1847.1
1094680 1842.8
1094690 1842.8
1094700 1837.6
1094710 1832.6
1094720 1832.6
1094730 1829.3
1094740 1825.0
1094750 1825.0
1094760 1820.9
1094770 1815.8
1094780 1815.8
1094790 1812.2
1094800 1808.6
1094810 1808.6
1094820 1806.1
1094830 1804.6
1094840 1804.6
1094850 1803.4
1094860 1801.6
1094870 1798.7
1094880 1798.7
1094890 1795.3
1094900 1789.1
1094910 1789.1
1094920 1785.7
1094930 1782.7
1094940 1782.7
1094950 1778.6
1094960 1774.7
1094970 1774.7
1094980 1769.7
1094990 1764.9
1095000 1764.9
1095010 1761.5
1095020 1758.2
1095030 1758.2
1095040 1752.8
1095050 1747.6
1095060 1747.6
1095070 1740.8
1095080 1734.4
1095090 1734.4
1095100 1730.8
1095110 1729.3
1095120 1729.3
1095130 1726.8
1095140 1722.5
1095150 1718.6
1095160 1718.6
1095170 1716.5
1095180 1715.8
1095190 1715.8
1095200 1714.9
1095210 1714.9
1095220 1714.9
1095230 1711.2
1095240 1712.2
1095250 1712.2
1095260 1714.1
1095270 1714.6
1095280 1714.6
1095290 1711.1
1095300 1707.9
1095310 1707.9
1095320 1707.5
1095330 1707.4
1095340 1707.4
1095350 1708.2
1095360 1707.8
1095370 1707.8
1095380 1708.8
1095390 1712.9
1095400 1712.9
1095410 1716.4
1095420 1720.4
1095430 1723.8
1095440 1723.8
1095450 1727.5
1095460 1731.0
1095470 1731.0
1095480 1732.7
1095490 1733.9
1095500 1733.9
1095510 1737.3
1095520 1742.0
1095530 1742.0
1095540 1745.1
1095550 1739.5
1095560 1739.5
1095570 1740.8
1095580 1743.7
1095590 1743.7
1095600 1748.6
1095610 1753.6
1095620 1753.6
1095630 1757.6
1095640 1760.7
1095650 1760.7
1095660 1760.8
1095670 1759.5
1095680 1759.5
1095690 1761.4
1095700 1764.3
1095710 1767.1
1095720 1767.1
1095730 1768.8
1095740 1769.5
1095750 1769.5
1095760 1770.3
1095770 1771.9
1095780 1771.9
1095790 1773.3
1095800 1775.6
1095810 1775.6
1095820 1777.7
1095830 1780.4
1095840 1780.4
1095850 1782.7
1095860 1784.0
1095870 1784.0
1095880 1778.2
1095890 1778.9
1095900 1778.9
1095910 1778.9
1095920 1778.1
1095930 1778.1
1095940 1779.0
1095950 1778.8
1095960 1778.8
1095970 1777.0
1095980 1773.5
1095990 1770.7
1096000 1770.7
1096010 1768.5
1096020 1767.1
1096030 1767.1
1096040 1765.8
1096050 1764.1
1096060 1764.1
1096070 1761.8
1096080 1758.4
1096090 1758.4
1096100 1753.6
1096110 1748.8
1096120 1748.8
1096130 1745.8
1096140 1742.2
1096150 1742.2
1096160 1736.9
1096170 1732.0
1096180 1732.0
1096190 1726.3
1096200 1721.0
1096210 1716.3
1096220 1712.3
1096230 1708.0
1096240 1702.9
1096250 1702.9
1096260 1698.3
1096270 1693.3
1096280 1693.3
1096290 1687.0
1096300 1680.8
1096310 1680.8
1096320 1675.8
1096330 1671.5
1096340 1671.5
1096350 1667.3
1096360 1663.1
1096370 1663.1
1096380 1658.4
1096390 1655.7
1096400 1655.7
1096410 1652.7
1096420 1649.4
1096430 1649.4
1096440 1647.3
1096450 1645.0
1096460 1645.0
1096470 1640.6
1096480 1636.2
1096490 1636.2
1096500 1631.4
1096510 1626.5
1096520 1621.6
1096530 1621.6
1096540 1616.7
1096550 1612.9
1096560 1612.9
1096570 1609.4
1096580 1606.5
1096590 1606.5
1096600 1603.6
1096610 1600.8
1096620 1600.8
1096630 1597.2
1096640 1593.6
1096650 1593.6
1096660 1590.5
1096670 1584.3
1096680 1584.3
1096690 1576.4
1096700 1581.5
1096710 1581.5
1096720 1591.0
1096730 1593.8
1096740 1593.8
1096750 1595.5
1096760 1596.4
1096770 1596.4
1096780 1596.2
1096790 1599.2
1096800 1602.1
1096810 1602.1
1096820 1605.0
1096830 1608.8
1096840 1608.8
1096850 1613.2
1096860 1616.0
1096870 1613.8
1096880 1616.0
1096890 1616.3
1096900 1616.3
1096910 1619.0
1096920 1621.7
1096930 1621.7
1096940 1624.2
1096950 1626.1
1096960 1626.1
1096970 1627.8
1096980 1629.1
1096990 1629.1
1097000 1630.2
1097010 1630.9
1097020 1630.9
1097030 1631.5
1097040 1632.0
1097050 1632.0
1097060 1632.6
1097070 1632.9
1097080 1632.8
1097090 1632.8
1097100 1632.8
1097110 1632.6
1097120 1632.6
1097130 1632.1
1097140 1630.7
1097150 1630.7
1097160 1628.9
1097170 1627.9
1097180 1627.9
1097190 1621.0
1097200 1619.9
1097210 1619.9
1097220 1618.5
1097230 1617.6
1097240 1617.6
1097250 1617.4
1097260 1616.8
1097270 1616.8
1097280 1616.7
1097290 1616.2
1097300 1616.2
1097310 1615.2
1097320 1614.3
1097330 1614.3
1097340 1613.5
1097350 1613.2
1097360 1613.7
1097370 1613.7
1097380 1613.3
1097390 1612.7
1097400 1612.7
1097410 1611.2
1097420 1610.8
1097430 1610.8
1097440 1610.3
1097450 1610.2
1097460 1610.2
1097470 1609.7
1097480 1609.6
1097490 1609.6
1097500 1610.1
1097510 1611.7
1097520 1607.2
1097530 1608.6
1097540 1609.2
1097550 1609.2
1097560 1608.9
1097570 1608.3
1097580 1608.3
1097590 1608.1
1097600 1607.8
1097610 1607.8
1097620 1607.6
1097630 1606.9
1097640 1605.6
1097650 1605.6
1097660 1604.1
1097670 1603.1
1097680 1603.1
1097690 1601.4
1097700 1599.6
1097710 1599.6
1097720 1598.3
1097730 1598.3
1097740 1598.3
1097750 1599.4
1097760 1600.1
1097770 1600.1
1097780 1599.5
1097790 1599.1
1097800 1599.1
1097810 1598.9
1097820 1598.4
1097830 1598.4
1097840 1598.2
1097850 1594.9
1097860 1594.9
1097870 1595.6
1097880 1596.4
1097890 1596.4
1097900 1596.8
1097910 1597.0
1097920 1597.2
1097930 1597.2
1097940 1597.4
1097950 1597.5
1097960 1597.5
1097970 1597.3
1097980 1598.3
1097990 1598.3
1098000 1599.5
1098010 1600.3
1098020 1600.3
1098030 1601.4
1098040 1602.2
1098050 1602.2
1098060 1602.5
1098070 1602.1
1098080 1602.1
1098090 1601.5
1098100 1601.2
1098110 1601.2
1098120 1601.2
1098130 1600.8
1098140 1600.8
1098150 1600.6
1098160 1600.9
1098170 1600.9
1098180 1597.9
1098190 1597.5
1098200 1596.3
1098210 1596.3
1098220 1594.5
1098230 1592.6
1098240 1592.6
1098250 1591.5
1098260 1590.5
1098270 1590.5
1098280 1589.2
1098290 1588.0
1098300 1588.0
1098310 1586.7
1098320 1585.3
1098330 1585.3
1098340 1584.4
1098350 1583.8
1098360 1583.8
1098370 1583.7
1098380 1583.3
1098390 1583.3
1098400 1582.6
1098410 1581.9
1098420 1581.9
1098430 1581.2
1098440 1580.2
1098450 1576.8
1098460 1576.8
1098470 1573.2
1098480 1569.2
1098490 1569.2
1098500 1565.9
1098510 1553.9
1098520 1553.9
1098530 1546.4
1098540 1543.3
1098550 1543.3
1098560 1546.6
1098570 1555.6
1098580 1555.6
1098590 1557.5
1098600 1559.4
1098610 1559.4
1098620 1560.4
1098630 1561.5
1098640 1561.5
1098650 1563.8
1098660 1564.5
1098670 1564.5
1098680 1563.2
1098690 1559.9
1098700 1559.9
1098710 1559.5
1098720 1558.0
1098730 1555.4
1098740 1555.4
1098750 1554.8
1098760 1556.3
1098770 1556.3
1098780 1557.2
1098790 1553.3
1098800 1553.3
1098810 1550.5
1098820 1549.2
1098830 1549.2
1098840 1543.8
1098850 1544.0
1098860 1544.0
1098870 1540.9
1098880 1538.4
1098890 1538.4
1098900 1539.0
1098910 1537.6
1098920 1537.6
1098930 1537.1
1098940 1534.1
1098950 1534.1
1098960 1531.6
1098970 1532.0
1098980 1532.0
1098990 1528.7
1099000 1527.2
1099010 1525.1
1099020 1525.1
1099030 1521.4
1099040 1516.7
1099050 1516.7
1099060 1513.7
1099070 1518.3
1099080 1518.3
1099090 1519.4
1099100 1517.5
1099110 1517.5
1099120 1515.2
1099130 1512.8
1099140 1512.8
1099150 1512.2
1099160 1509.8
1099170 1503.1
1099180 1501.6
1099190 1499.6
1099200 1499.6
1099210 1499.3
1099220 1497.9
1099230 1497.9
1099240 1494.8
1099250 1492.9
1099260 1492.9
1099270 1493.4
1099280 1491.4
1099290 1488.5
1099300 1488.5
1099310 1487.8
1099320 1487.2
1099330 1487.2
1099340 1485.8
1099350 1483.9
1099360 1483.9
1099370 1483.1
1099380 1482.3
1099390 1482.3
1099400 1482.0
1099410 1478.4
1099420 1478.4
1099430 1478.6
1099440 1479.6
1099450 1479.6
1099460 1478.9
1099470 1476.3
1099480 1476.3
1099490 1473.7
1099500 1465.3
1099510 1465.3
1099520 1464.9
1099530 1464.3
1099540 1464.3
1099550 1463.2
1099560 1463.0
1099570 1463.8
1099580 1463.8
1099590 1464.7
1099600 1464.9
1099610 1464.9
1099620 1464.4
1099630 1463.4
1099640 1463.4
1099650 1462.2
1099660 1459.6
1099670 1459.6
1099680 1457.1
1099690 1456.2
1099700 1456.2
1099710 1456.7
1099720 1456.0
1099730 1456.0
1099740 1455.2
1099750 1454.9
1099760 1454.9
1099770 1452.0
1099780 1452.1
1099790 1452.1
1099800 1454.9
1099810 1457.0
1099820 1457.0
1099830 1455.9
1099840 1456.3
1099850 1459.3
1099860 1459.3
1099870 1458.9
1099880 1457.1
1099890 1457.1
1099900 1456.1
1099910 1454.9
1099920 1454.9
1099930 1454.7
1099940 1454.5
1099950 1454.5
1099960 1454.6
1099970 1454.5
1099980 1454.5
1099990 1454.0
