1080000 1273.2
1080010 1276.2
1080020 1279.0
1080030 1279.0
1080040 1281.5
1080050 1283.7
1080060 1285.4
1080070 1285.4
1080080 1287.7
1080090 1289.3
1080100 1289.3
1080110 1290.1
1080120 1289.9
1080130 1289.9
1080140 1287.1
1080150 1282.3
1080160 1282.3
1080170 1277.7
1080180 1275.9
1080190 1275.9
1080200 1273.1
1080210 1270.0
1080220 1270.0
1080230 1270.5
1080240 1273.9
1080250 1273.9
1080260 1277.1
1080270 1278.4
1080280 1283.6
1080290 1285.7
1080300 1288.6
1080310 1292.9
1080320 1292.9
1080330 1297.2
1080340 1301.5
1080350 1301.5
1080360 1306.2
1080370 1309.3
1080380 1309.3
1080390 1313.1
1080400 1317.1
1080410 1317.1
1080420 1321.0
1080430 1324.6
1080440 1324.6
1080450 1327.8
1080460 1331.2
1080470 1331.2
1080480 1335.3
1080490 1340.0
1080500 1340.0
1080510 1344.3
1080520 1349.4
1080530 1349.4
1080540 1355.4
1080550 1361.4
1080560 1361.4
1080570 1365.8
1080580 1366.2
1080590 1362.9
1080600 1362.1
1080610 1359.8
1080620 1358.0
1080630 1358.0
1080640 1356.6
1080650 1355.3
1080660 1355.3
1080670 1353.7
1080680 1352.1
1080690 1352.1
1080700 1350.9
1080710 1349.8
1080720 1349.8
1080730 1348.2
1080740 1345.7
1080750 1345.7
1080760 1343.9
1080770 1342.1
1080780 1342.1
1080790 1340.5
1080800 1342.1
1080810 1342.1
1080820 1343.4
1080830 1344.0
1080840 1344.0
1080850 1343.9
1080860 1342.9
1080870 1341.6
1080880 1341.6
1080890 1340.4
1080900 1339.7
1080910 1346.2
1080920 1345.6
1080930 1344.9
1080940 1344.9
1080950 1344.2
1080960 1343.7
1080970 1343.7
1080980 1344.3
1080990 1346.0
1081000 1346.0
1081010 1345.5
1081020 1346.1
1081030 1346.1
1081040 1349.2
1081050 1351.8
1081060 1351.8
1081070 1356.0
1081080 1360.1
1081090 1360.1
1081100 1363.7
1081110 1365.5
1081120 1365.5
1081130 1366.4
1081140 1365.9
1081150 1365.7
1081160 1365.7
1081170 1365.9
1081180 1365.7
1081190 1365.7
1081200 1366.3
1081210 1365.9
1081220 1365.9
1081230 1370.6
1081240 1370.4
1081250 1370.4
1081260 1369.9
1081270 1368.9
1081280 1368.9
1081290 1367.8
1081300 1366.1
1081310 1366.1
1081320 1362.2
1081330 1361.9
1081340 1361.9
1081350 1361.7
1081360 1361.3
1081370 1361.3
1081380 1362.3
1081390 1362.0
1081400 1362.0
1081410 1361.2
1081420 1358.2
1081430 1353.1
1081440 1353.1
1081450 1347.4
1081460 1341.2
1081470 1341.2
1081480 1334.1
1081490 1331.5
1081500 1331.5
1081510 1330.4
1081520 1328.9
1081530 1328.9
1081540 1326.4
1081550 1332.5
1081560 1332.5
1081570 1329.8
1081580 1327.0
1081590 1327.0
1081600 1321.6
1081610 1321.0
1081620 1321.0
1081630 1318.7
1081640 1316.4
1081650 1316.4
1081660 1313.4
1081670 1311.6
1081680 1311.6
1081690 1311.3
1081700 1303.4
1081710 1297.6
1081720 1297.6
1081730 1295.3
1081740 1300.7
1081750 1300.7
1081760 1299.2
1081770 1297.1
1081780 1297.1
1081790 1300.5
1081800 1309.8
1081810 1309.8
1081820 1317.0
1081830 1321.3
1081840 1321.3
1081850 1324.8
1081860 1335.6
1081870 1335.6
1081880 1339.7
1081890 1343.3
1081900 1343.3
1081910 1345.2
1081920 1348.7
1081930 1348.7
1081940 1352.6
1081950 1354.3
1081960 1354.3
1081970 1354.5
1081980 1354.7
1081990 1355.1
1082000 1355.1
1082010 1355.5
1082020 1357.1
1082030 1357.1
1082040 1357.8
1082050 1359.5
1082060 1359.5
1082070 1358.0
1082080 1360.5
1082090 1360.5
1082100 1362.6
1082110 1363.5
1082120 1363.5
1082130 1366.0
1082140 1368.2
1082150 1368.2
1082160 1369.2
1082170 1371.2
1082180 1377.0
1082190 1379.9
1082200 1384.0
1082210 1384.0
1082220 1387.6
1082230 1390.9
1082240 1393.9
1082250 1393.9
1082260 1397.9
1082270 1401.7
1082280 1401.7
1082290 1405.6
1082300 1410.8
1082310 1410.8
1082320 1415.3
1082330 1419.7
1082340 1419.7
1082350 1424.8
1082360 1429.3
1082370 1429.3
1082380 1433.8
1082390 1439.0
1082400 1439.0
1082410 1444.0
1082420 1448.4
1082430 1448.4
1082440 1452.4
1082450 1456.6
1082460 1456.6
1082470 1458.7
1082480 1459.8
1082490 1459.7
1082500 1460.3
1082510 1461.2
1082520 1462.7
1082530 1462.7
1082540 1464.5
1082550 1465.3
1082560 1465.3
1082570 1465.0
1082580 1464.6
1082590 1464.6
1082600 1464.2
1082610 1463.3
1082620 1463.3
1082630 1462.5
1082640 1462.9
1082650 1462.9
1082660 1464.1
1082670 1465.6
1082680 1465.6
1082690 1467.2
1082700 1468.5
1082710 1468.5
1082720 1469.7
1082730 1470.5
1082740 1470.5
1082750 1471.2
1082760 1472.0
1082770 1472.0
1082780 1473.3
1082790 1474.2
1082800 1474.7
1082810 1472.4
1082820 1472.7
1082830 1472.7
1082840 1472.7
1082850 1471.8
1082860 1470.2
1082870 1470.2
1082880 1468.8
1082890 1467.1
1082900 1467.1
1082910 1464.6
1082920 1459.9
1082930 1459.9
1082940 1455.7
1082950 1452.8
1082960 1452.8
1082970 1450.1
1082980 1448.0
1082990 1448.0
1083000 1447.3
1083010 1444.1
1083020 1444.1
1083030 1444.2
1083040 1445.3
1083050 1445.3
1083060 1445.1
1083070 1443.7
1083080 1443.5
1083090 1443.5
1083100 1444.2
1083110 1443.2
1083120 1443.2
1083130 1439.0
1083140 1437.7
1083150 1437.7
1083160 1437.1
1083170 1434.6
1083180 1434.6
1083190 1431.4
1083200 1429.8
1083210 1429.8
1083220 1425.2
1083230 1420.7
1083240 1420.7
1083250 1416.2
1083260 1410.9
1083270 1410.9
1083280 1413.6
1083290 1417.5
1083300 1417.5
1083310 1419.8
1083320 1420.9
1083330 1420.9
1083340 1422.0
1083350 1422.3
1083360 1419.3
1083370 1419.3
1083380 1413.7
1083390 1419.3
1083400 1419.3
1083410 1424.5
1083420 1427.7
1083430 1427.7
1083440 1430.4
1083450 1429.0
1083460 1429.0
1083470 1429.9
1083480 1431.1
1083490 1431.1
1083500 1432.4
1083510 1432.7
1083520 1432.7
1083530 1432.0
1083540 1433.2
1083550 1433.2
1083560 1434.7
1083570 1435.3
1083580 1435.3
1083590 1435.5
1083600 1435.5
1083610 1435.5
1083620 1434.9
1083630 1433.5
1083640 1430.8
1083650 1430.8
1083660 1428.3
1083670 1430.2
1083680 1430.2
1083690 1430.1
1083700 1436.3
1083710 1436.3
1083720 1441.5
1083730 1446.3
1083740 1446.3
1083750 1448.7
1083760 1448.1
1083770 1448.1
1083780 1450.2
1083790 1454.2
1083800 1454.2
1083810 1457.8
1083820 1460.4
1083830 1460.4
1083840 1462.7
1083850 1464.9
1083860 1464.9
1083870 1467.3
1083880 1470.8
1083890 1470.8
1083900 1474.0
1083910 1478.0
1083920 1482.1
1083930 1482.1
1083940 1484.7
1083950 1487.2
1083960 1487.2
1083970 1489.0
1083980 1491.3
1083990 1491.3
1084000 1494.1
1084010 1498.3
1084020 1498.3
1084030 1501.1
1084040 1503.5
1084050 1503.5
1084060 1505.1
1084070 1506.9
1084080 1504.3
1084090 1505.8
1084100 1507.3
1084110 1507.3
1084120 1508.3
1084130 1509.0
1084140 1509.0
1084150 1508.9
1084160 1508.3
1084170 1507.0
1084180 1507.0
1084190 1505.5
1084200 1503.8
1084210 1503.8
1084220 1501.7
1084230 1499.0
1084240 1499.0
1084250 1496.4
1084260 1493.4
1084270 1493.4
1084280 1490.9
1084290 1489.0
1084300 1489.0
1084310 1486.9
1084320 1484.9
1084330 1484.9
1084340 1482.8
1084350 1481.7
1084360 1481.7
1084370 1479.6
1084380 1477.2
1084390 1477.2
1084400 1473.6
1084410 1473.7
1084420 1473.7
1084430 1472.6
1084440 1471.6
1084450 1470.7
1084460 1470.7
1084470 1470.0
1084480 1470.8
1084490 1470.8
1084500 1471.4
1084510 1471.8
1084520 1471.8
1084530 1472.1
1084540 1471.6
1084550 1471.6
1084560 1470.4
1084570 1469.2
1084580 1469.2
1084590 1467.5
1084600 1466.7
1084610 1466.7
1084620 1465.6
1084630 1464.6
1084640 1464.6
1084650 1462.9
1084660 1460.2
1084670 1460.2
1084680 1457.1
1084690 1454.3
1084700 1454.3
1084710 1455.9
1084720 1455.4
1084730 1456.1
1084740 1456.1
1084750 1456.2
1084760 1456.5
1084770 1456.5
1084780 1456.5
1084790 1456.0
1084800 1456.0
1084810 1457.1
1084820 1458.0
1084830 1458.0
1084840 1458.1
1084850 1457.6
1084860 1457.6
1084870 1453.9
1084880 1451.7
1084890 1451.7
1084900 1450.8
1084910 1449.7
1084920 1449.7
1084930 1450.4
1084940 1450.2
1084950 1450.2
1084960 1449.7
1084970 1447.3
1084980 1447.3
1084990 1444.3
1085000 1448.7
1085010 1453.8
1085020 1453.8
1085030 1458.7
1085040 1462.1
1085050 1462.1
1085060 1464.8
1085070 1466.8
1085080 1466.8
1085090 1468.1
1085100 1468.7
1085110 1468.7
1085120 1469.2
1085130 1469.6
1085140 1469.6
1085150 1469.8
1085160 1469.8
1085170 1469.8
1085180 1469.7
1085190 1469.2
1085200 1469.2
1085210 1466.6
1085220 1463.4
1085230 1463.4
1085240 1460.1
1085250 1457.0
1085260 1457.0
1085270 1455.1
1085280 1454.2
1085290 1452.4
1085300 1452.4
1085310 1449.8
1085320 1444.1
1085330 1444.1
1085340 1436.6
1085350 1436.6
1085360 1436.6
1085370 1443.8
1085380 1449.0
1085390 1449.0
1085400 1449.4
1085410 1447.5
1085420 1447.5
1085430 1446.8
1085440 1447.9
1085450 1447.9
1085460 1448.6
1085470 1446.9
1085480 1446.9
1085490 1446.0
1085500 1445.1
1085510 1445.1
1085520 1445.1
1085530 1443.8
1085540 1443.8
1085550 1440.6
1085560 1440.1
1085570 1439.6
1085580 1439.6
1085590 1436.9
1085600 1437.0
1085610 1437.0
1085620 1443.4
1085630 1449.6
1085640 1449.6
1085650 1456.1
1085660 1460.4
1085670 1466.4
1085680 1471.7
1085690 1475.8
1085700 1475.8
1085710 1480.4
1085720 1486.2
1085730 1486.2
1085740 1490.0
1085750 1496.1
1085760 1496.1
1085770 1500.3
1085780 1503.0
1085790 1503.0
1085800 1505.7
1085810 1508.2
1085820 1508.2
1085830 1510.8
1085840 1513.0
1085850 1515.3
1085860 1515.3
1085870 1517.6
1085880 1519.8
1085890 1519.8
1085900 1523.3
1085910 1526.9
1085920 1526.9
1085930 1530.3
1085940 1533.5
1085950 1533.5
1085960 1536.7
1085970 1540.1
1085980 1540.1
1085990 1540.4
1086000 1542.7
1086010 1542.7
1086020 1544.2
1086030 1545.6
1086040 1545.6
1086050 1546.4
1086060 1546.9
1086070 1546.9
1086080 1546.9
1086090 1546.7
1086100 1546.3
1086110 1546.3
1086120 1545.8
1086130 1545.4
1086140 1545.4
1086150 1544.4
1086160 1543.7
1086170 1543.7
1086180 1543.8
1086190 1544.4
1086200 1544.4
1086210 1545.5
1086220 1546.5
1086230 1546.5
1086240 1550.2
1086250 1553.9
1086260 1553.9
1086270 1557.2
1086280 1561.2
1086290 1561.2
1086300 1563.4
1086310 1564.7
1086320 1564.7
1086330 1565.9
1086340 1567.0
1086350 1567.0
1086360 1567.9
1086370 1569.0
1086380 1569.7
1086390 1569.7
1086400 1569.6
1086410 1569.1
1086420 1569.1
1086430 1570.8
1086440 1571.2
1086450 1571.2
1086460 1570.7
1086470 1568.8
1086480 1568.8
1086490 1567.5
1086500 1567.3
1086510 1567.3
1086520 1567.0
1086530 1567.0
1086540 1567.0
1086550 1567.8
1086560 1570.5
1086570 1570.5
1086580 1572.9
1086590 1574.9
1086600 1574.9
1086610 1578.2
1086620 1581.7
1086630 1581.3
1086640 1584.5
1086650 1587.0
1086660 1589.3
1086670 1589.3
1086680 1591.9
1086690 1594.4
1086700 1594.4
1086710 1596.8
1086720 1599.1
1086730 1599.1
1086740 1601.0
1086750 1602.3
1086760 1602.3
1086770 1603.7
1086780 1605.6
1086790 1605.6
1086800 1606.8
1086810 1607.8
1086820 1607.8
1086830 1609.7
1086840 1610.4
1086850 1610.4
1086860 1611.7
1086870 1612.3
1086880 1612.3
1086890 1615.1
1086900 1617.6
1086910 1617.6
1086920 1617.4
1086930 1615.9
1086940 1613.8
1086950 1610.6
1086960 1611.9
1086970 1612.8
1086980 1612.8
1086990 1613.0
1087000 1614.0
1087010 1614.0
1087020 1615.5
1087030 1616.8
1087040 1616.8
1087050 1618.1
1087060 1618.4
1087070 1618.4
1087080 1618.9
1087090 1621.0
1087100 1621.0
1087110 1623.4
1087120 1624.8
1087130 1624.8
1087140 1625.2
1087150 1625.6
1087160 1625.6
1087170 1626.1
1087180 1628.8
1087190 1628.8
1087200 1633.8
1087210 1638.5
1087220 1642.7
1087230 1642.7
1087240 1648.0
1087250 1654.6
1087260 1654.6
1087270 1655.1
1087280 1659.7
1087290 1659.7
1087300 1666.1
1087310 1673.7
1087320 1673.7
1087330 1680.4
1087340 1687.5
1087350 1687.5
1087360 1691.1
1087370 1695.6
1087380 1695.6
1087390 1702.5
1087400 1706.2
1087410 1706.2
1087420 1706.2
1087430 1698.4
1087440 1698.4
1087450 1687.7
1087460 1676.4
1087470 1676.4
1087480 1667.8
1087490 1660.5
1087500 1653.1
1087510 1653.1
1087520 1646.3
1087530 1642.2
1087540 1642.2
1087550 1638.6
1087560 1634.2
1087570 1634.2
1087580 1630.1
1087590 1630.7
1087600 1630.7
1087610 1625.7
1087620 1620.5
1087630 1620.5
1087640 1615.9
1087650 1612.9
1087660 1612.9
1087670 1610.0
1087680 1606.3
1087690 1606.3
1087700 1602.7
1087710 1598.0
1087720 1598.0
1087730 1593.9
1087740 1589.5
1087750 1585.4
1087760 1585.4
1087770 1581.5
1087780 1577.6
1087790 1577.6
1087800 1573.8
1087810 1570.0
1087820 1570.0
1087830 1566.5
1087840 1562.4
1087850 1562.4
1087860 1558.7
1087870 1555.6
1087880 1555.6
1087890 1552.9
1087900 1549.2
1087910 1552.6
1087920 1549.4
1087930 1546.8
1087940 1546.8
1087950 1543.5
1087960 1539.8
1087970 1539.8
1087980 1536.8
1087990 1534.5
1088000 1534.5
1088010 1531.9
1088020 1530.0
1088030 1528.1
1088040 1528.1
1088050 1525.1
1088060 1521.7
1088070 1521.7
1088080 1518.8
1088090 1516.4
1088100 1516.4
1088110 1513.4
1088120 1510.3
1088130 1510.3
1088140 1507.9
1088150 1505.3
1088160 1505.3
1088170 1502.9
1088180 1500.5
1088190 1500.5
1088200 1497.0
1088210 1491.7
1088220 1491.7
1088230 1488.4
1088240 1489.7
1088250 1489.7
1088260 1486.2
1088270 1483.9
1088280 1483.9
1088290 1481.8
1088300 1478.3
1088310 1474.0
1088320 1474.0
1088330 1467.9
1088340 1463.0
1088350 1463.0
1088360 1457.2
1088370 1455.5
1088380 1455.5
1088390 1456.1
1088400 1455.4
1088410 1455.4
1088420 1457.4
1088430 1459.9
1088440 1459.9
1088450 1460.1
1088460 1459.2
1088470 1459.2
1088480 1457.6
1088490 1455.7
1088500 1455.7
1088510 1453.1
1088520 1450.1
1088530 1450.1
1088540 1446.6
1088550 1442.5
1088560 1444.3
1088570 1441.5
1088580 1439.2
1088590 1436.3
1088600 1436.3
1088610 1433.0
1088620 1428.3
1088630 1428.3
1088640 1422.5
1088650 1416.9
1088660 1416.9
1088670 1412.0
1088680 1408.3
1088690 1408.3
1088700 1402.3
1088710 1390.5
1088720 1390.5
1088730 1380.8
1088740 1372.8
1088750 1372.8
1088760 1364.8
1088770 1359.5
1088780 1359.5
1088790 1354.8
1088800 1350.0
1088810 1350.0
1088820 1343.4
1088830 1337.0
1088840 1337.0
1088850 1331.1
1088860 1325.2
1088870 1319.0
1088880 1321.0
1088890 1315.1
1088900 1308.7
1088910 1308.7
1088920 1302.6
1088930 1296.6
1088940 1296.6
1088950 1291.1
1088960 1287.8
1088970 1287.8
1088980 1283.0
1088990 1277.0
1089000 1277.0
1089010 1273.1
1089020 1270.0
1089030 1270.0
1089040 1267.1
1089050 1264.7
1089060 1264.7
1089070 1263.4
1089080 1262.5
1089090 1262.5
1089100 1261.9
1089110 1261.1
1089120 1261.1
1089130 1259.9
1089140 1258.7
1089150 1257.7
1089160 1257.7
1089170 1257.7
1089180 1258.1
1089190 1258.1
1089200 1257.7
1089210 1257.5
1089220 1257.5
1089230 1257.5
1089240 1258.0
1089250 1258.0
1089260 1258.2
1089270 1258.3
1089280 1258.3
1089290 1258.3
1089300 1258.6
1089310 1258.6
1089320 1259.2
1089330 1259.7
1089340 1259.7
1089350 1260.1
1089360 1260.5
1089370 1260.5
1089380 1260.8
1089390 1261.0
1089400 1261.0
1089410 1261.5
1089420 1261.6
1089430 1261.4
1089440 1261.4
1089450 1261.8
1089460 1262.4
1089470 1262.4
1089480 1263.0
1089490 1263.5
1089500 1263.5
1089510 1263.8
1089520 1264.0
1089530 1264.0
1089540 1264.9
1089550 1266.1
1089560 1266.1
1089570 1266.8
1089580 1267.6
1089590 1267.6
1089600 1269.0
1089610 1270.8
1089620 1270.8
1089630 1272.9
1089640 1275.7
1089650 1275.7
1089660 1278.2
1089670 1281.0
1089680 1281.0
1089690 1285.6
1089700 1289.9
1089710 1293.4
1089720 1293.4
1089730 1296.8
1089740 1301.4
1089750 1301.4
1089760 1307.3
1089770 1312.6
1089780 1312.6
1089790 1318.4
1089800 1323.1
1089810 1323.1
1089820 1328.7
1089830 1334.8
1089840 1330.8
1089850 1339.1
1089860 1343.9
1089870 1343.9
1089880 1347.1
1089890 1355.1
1089900 1355.1
1089910 1363.0
1089920 1367.8
1089930 1367.8
1089940 1371.2
1089950 1374.0
1089960 1377.6
1089970 1377.6
1089980 1383.3
1089990 1390.4
1090000 1390.4
1090010 1397.5
1090020 1404.9
1090030 1404.9
1090040 1410.7
1090050 1414.5
1090060 1414.5
1090070 1417.7
1090080 1420.4
1090090 1420.4
1090100 1422.1
1090110 1424.0
1090120 1424.0
1090130 1427.5
1090140 1430.6
1090150 1430.6
1090160 1435.3
1090170 1441.3
1090180 1441.3
1090190 1446.7
1090200 1452.8
1090210 1452.8
1090220 1459.6
1090230 1464.9
1090240 1467.3
1090250 1467.3
1090260 1469.2
1090270 1470.3
1090280 1470.3
1090290 1471.4
1090300 1472.8
1090310 1472.8
1090320 1474.7
1090330 1476.2
1090340 1476.2
1090350 1476.7
1090360 1476.6
1090370 1476.6
1090380 1476.8
1090390 1477.3
1090400 1477.3
1090410 1477.7
1090420 1478.9
1090430 1478.9
1090440 1480.9
1090450 1481.6
1090460 1481.6
1090470 1482.9
1090480 1484.5
1090490 1485.1
1090500 1485.7
1090510 1486.4
1090520 1486.7
1090530 1486.7
1090540 1486.0
1090550 1484.8
1090560 1484.8
1090570 1484.3
1090580 1485.7
1090590 1485.7
1090600 1489.2
1090610 1492.5
1090620 1492.5
1090630 1495.4
1090640 1497.9
1090650 1497.9
1090660 1500.1
1090670 1501.9
1090680 1501.9
1090690 1502.5
1090700 1502.4
1090710 1502.4
1090720 1502.6
1090730 1504.3
1090740 1504.3
1090750 1506.7
1090760 1508.5
1090770 1508.5
1090780 1510.0
1090790 1511.4
1090800 1512.4
1090810 1510.8
1090820 1511.4
1090830 1511.7
1090840 1511.7
1090850 1510.9
1090860 1514.6
1090870 1514.6
1090880 1518.4
1090890 1520.4
1090900 1520.4
1090910 1522.7
1090920 1525.1
1090930 1525.1
1090940 1526.1
1090950 1528.0
1090960 1528.0
1090970 1531.6
1090980 1535.0
1090990 1535.0
1091000 1536.9
1091010 1537.4
1091020 1537.4
1091030 1538.1
1091040 1540.5
1091050 1540.5
1091060 1543.7
1091070 1546.7
1091080 1550.0
1091090 1550.0
1091100 1553.9
1091110 1559.0
1091120 1559.0
1091130 1562.8
1091140 1565.5
1091150 1565.5
1091160 1570.2
1091170 1576.8
1091180 1576.8
1091190 1582.2
1091200 1586.4
1091210 1586.4
1091220 1588.7
1091230 1592.2
1091240 1592.2
1091250 1594.9
1091260 1598.2
1091270 1598.2
1091280 1602.4
1091290 1607.5
1091300 1607.5
1091310 1612.1
1091320 1617.7
1091330 1617.7
1091340 1623.0
1091350 1628.1
1091360 1633.6
1091370 1633.6
1091380 1640.1
1091390 1648.0
1091400 1648.0
1091410 1657.6
1091420 1666.5
1091430 1666.5
1091440 1673.8
1091450 1681.2
1091460 1681.8
1091470 1689.7
1091480 1691.5
1091490 1691.5
1091500 1688.4
1091510 1684.2
1091520 1684.2
1091530 1680.1
1091540 1676.0
1091550 1676.0
1091560 1672.2
1091570 1669.5
1091580 1669.5
1091590 1666.8
1091600 1664.4
1091610 1664.4
1091620 1662.4
1091630 1660.5
1091640 1659.3
1091650 1659.3
1091660 1657.7
1091670 1656.9
1091680 1656.9
1091690 1657.9
1091700 1659.2
1091710 1659.2
1091720 1659.4
1091730 1659.4
1091740 1659.4
1091750 1661.6
1091760 1663.7
1091770 1663.7
1091780 1665.1
1091790 1664.1
1091800 1664.1
1091810 1665.4
1091820 1666.6
1091830 1666.6
1091840 1668.3
1091850 1669.3
1091860 1669.3
1091870 1668.1
1091880 1665.5
1091890 1662.6
1091900 1662.6
1091910 1659.2
1091920 1661.8
1091930 1661.8
1091940 1661.7
1091950 1660.6
1091960 1660.6
1091970 1659.2
1091980 1658.1
1091990 1658.1
1092000 1659.5
1092010 1662.7
1092020 1662.7
1092030 1665.9
1092040 1669.7
1092050 1669.7
1092060 1671.1
1092070 1671.1
1092080 1671.1
1092090 1674.1
1092100 1678.2
1092110 1674.1
1092120 1677.3
1092130 1680.6
1092140 1680.6
1092150 1684.6
1092160 1687.7
1092170 1689.1
1092180 1689.1
1092190 1691.1
1092200 1693.4
1092210 1693.4
1092220 1696.6
1092230 1700.0
1092240 1700.0
1092250 1704.0
1092260 1707.2
1092270 1707.2
1092280 1711.9
1092290 1716.7
1092300 1716.7
1092310 1721.9
1092320 1725.9
1092330 1725.9
1092340 1728.1
1092350 1731.1
1092360 1731.1
1092370 1735.5
1092380 1739.9
1092390 1739.9
1092400 1743.3
1092410 1746.3
1092420 1746.3
1092430 1742.4
1092440 1743.5
1092450 1742.2
1092460 1742.2
1092470 1739.4
1092480 1735.7
1092490 1735.7
1092500 1732.9
1092510 1728.7
1092520 1728.7
1092530 1726.3
1092540 1724.8
1092550 1724.8
1092560 1724.1
1092570 1726.6
1092580 1726.6
1092590 1727.0
1092600 1723.9
1092610 1723.9
1092620 1715.2
1092630 1709.3
1092640 1709.3
1092650 1706.1
1092660 1704.5
1092670 1704.5
1092680 1704.7
1092690 1705.8
1092700 1705.8
1092710 1708.5
1092720 1711.3
1092730 1714.3
1092740 1714.3
1092750 1717.2
1092760 1713.3
1092770 1713.3
1092780 1716.6
1092790 1719.3
1092800 1719.3
1092810 1722.0
1092820 1724.4
1092830 1724.4
1092840 1726.5
1092850 1727.8
1092860 1727.8
1092870 1728.2
1092880 1727.2
1092890 1727.2
1092900 1725.0
1092910 1723.3
1092920 1723.3
1092930 1722.0
1092940 1721.2
1092950 1721.2
1092960 1721.4
1092970 1721.6
1092980 1721.6
1092990 1723.8
1093000 1724.5
1093010 1727.9
1093020 1727.9
1093030 1732.9
1093040 1736.8
1093050 1736.8
1093060 1739.8
1093070 1743.2
1093080 1739.8
1093090 1744.6
1093100 1746.7
1093110 1746.7
1093120 1744.7
1093130 1744.0
1093140 1744.0
1093150 1746.2
1093160 1747.7
1093170 1747.7
1093180 1749.3
1093190 1748.7
1093200 1748.7
1093210 1750.8
1093220 1753.2
1093230 1753.2
1093240 1753.1
1093250 1755.2
1093260 1755.2
1093270 1754.9
1093280 1753.4
1093290 1752.7
1093300 1752.7
1093310 1753.2
1093320 1755.1
1093330 1755.1
1093340 1758.2
1093350 1758.6
1093360 1758.6
1093370 1761.3
1093380 1764.0
1093390 1764.0
1093400 1763.0
1093410 1759.3
1093420 1759.3
1093430 1763.1
1093440 1765.0
1093450 1765.0
1093460 1768.1
1093470 1771.5
1093480 1771.5
1093490 1775.0
1093500 1777.0
1093510 1777.0
1093520 1777.3
1093530 1775.7
1093540 1776.8
1093550 1776.8
1093560 1777.6
1093570 1778.8
1093580 1778.8
1093590 1778.5
1093600 1776.6
1093610 1776.6
1093620 1766.4
1093630 1760.7
1093640 1760.7
1093650 1752.9
1093660 1743.3
1093670 1743.3
1093680 1739.6
1093690 1736.2
1093700 1736.2
1093710 1731.9
1093720 1728.8
1093730 1728.8
1093740 1723.6
1093750 1723.8
1093760 1723.8
1093770 1724.0
1093780 1724.0
1093790 1724.0
1093800 1725.7
1093810 1727.3
1093820 1729.4
1093830 1729.4
1093840 1731.7
1093850 1734.5
1093860 1734.5
1093870 1737.8
1093880 1741.1
1093890 1741.1
1093900 1744.9
1093910 1749.8
1093920 1749.8
1093930 1754.5
1093940 1759.3
1093950 1759.3
1093960 1764.9
1093970 1770.3
1093980 1770.3
1093990 1775.6
1094000 1781.4
1094010 1781.4
1094020 1787.4
1094030 1794.8
1094040 1794.8
1094050 1801.4
1094060 1804.5
1094070 1804.5
1094080 1810.1
1094090 1817.8
1094100 1826.9
1094110 1826.9
1094120 1837.3
1094130 1845.0
1094140 1845.0
1094150 1852.6
1094160 1860.9
1094170 1860.9
1094180 1867.4
1094190 1873.1
1094200 1873.1
1094210 1878.6
1094220 1889.6
1094230 1889.6
1094240 1903.1
1094250 1903.9
1094260 1903.9
1094270 1893.3
1094280 1880.4
1094290 1880.4
1094300 1871.7
1094310 1864.2
1094320 1864.2
1094330 1856.8
1094340 1850.7
1094350 1850.7
1094360 1843.7
1094370 1837.9
1094380 1832.5
1094390 1834.2
1094400 1827.0
1094410 1820.1
1094420 1820.1
1094430 1814.0
1094440 1808.2
1094450 1808.2
1094460 1802.2
1094470 1796.2
1094480 1796.2
1094490 1790.4
1094500 1784.5
1094510 1784.5
1094520 1779.1
1094530 1773.6
1094540 1773.6
1094550 1768.0
1094560 1762.5
1094570 1762.5
1094580 1757.4
1094590 1752.7
1094600 1752.7
1094610 1748.9
1094620 1746.2
1094630 1746.2
1094640 1744.6
1094650 1743.0
1094660 1742.2
1094670 1742.2
1094680 1740.3
1094690 1737.5
1094700 1737.5
1094710 1732.9
1094720 1732.9
1094730 1732.9
1094740 1732.6
1094750 1732.4
1094760 1732.4
1094770 1732.6
1094780 1732.0
1094790 1732.0
1094800 1730.5
1094810 1728.0
1094820 1728.0
1094830 1724.3
1094840 1721.1
1094850 1721.1
1094860 1718.8
1094870 1716.5
1094880 1716.5
1094890 1715.3
1094900 1716.4
1094910 1716.4
1094920 1717.4
1094930 1716.2
1094940 1713.1
1094950 1713.1
1094960 1708.7
1094970 1703.2
1094980 1703.2
1094990 1697.6
1095000 1692.3
1095010 1692.3
1095020 1689.6
1095030 1686.8
1095040 1683.2
1095050 1678.9
1095060 1675.2
1095070 1675.2
1095080 1671.2
1095090 1666.7
1095100 1666.7
1095110 1662.1
1095120 1659.1
1095130 1659.1
1095140 1656.4
1095150 1654.7
1095160 1654.7
1095170 1653.3
1095180 1652.3
1095190 1652.3
1095200 1651.2
1095210 1650.0
1095220 1647.8
1095230 1647.8
1095240 1644.7
1095250 1640.8
1095260 1640.8
1095270 1636.0
1095280 1632.1
1095290 1632.1
1095300 1628.3
1095310 1625.3
1095320 1625.3
1095330 1623.6
1095340 1623.3
1095350 1623.3
1095360 1622.5
1095370 1619.5
1095380 1619.5
1095390 1619.8
1095400 1621.6
1095410 1621.6
1095420 1622.6
1095430 1624.4
1095440 1624.4
1095450 1625.9
1095460 1627.0
1095470 1627.0
1095480 1627.0
1095490 1626.3
1095500 1625.6
1095510 1625.6
1095520 1624.6
1095530 1624.1
1095540 1624.1
1095550 1624.2
1095560 1624.4
1095570 1624.4
1095580 1623.8
1095590 1626.1
1095600 1626.1
1095610 1628.9
1095620 1631.3
1095630 1631.3
1095640 1633.8
1095650 1635.1
1095660 1635.1
1095670 1636.7
1095680 1637.7
1095690 1637.7
1095700 1635.3
1095710 1635.3
1095720 1635.3
1095730 1635.4
1095740 1635.7
1095750 1636.7
1095760 1636.7
1095770 1637.7
1095780 1639.2
1095790 1639.2
1095800 1640.8
1095810 1641.6
1095820 1641.6
1095830 1642.9
1095840 1644.2
1095850 1644.2
1095860 1643.5
1095870 1640.3
1095880 1640.3
1095890 1638.4
1095900 1633.5
1095910 1633.5
1095920 1628.5
1095930 1624.8
1095940 1624.8
1095950 1622.0
1095960 1620.2
1095970 1620.2
1095980 1618.6
1095990 1615.7
1096000 1615.7
1096010 1612.0
1096020 1606.2
1096030 1602.6
1096040 1602.6
1096050 1599.5
1096060 1597.1
1096070 1597.1
1096080 1593.6
1096090 1589.2
1096100 1589.2
1096110 1584.5
1096120 1580.5
1096130 1580.5
1096140 1577.4
1096150 1573.5
1096160 1573.5
1096170 1569.7
1096180 1565.9
1096190 1565.9
1096200 1563.1
1096210 1561.0
1096220 1561.0
1096230 1558.4
1096240 1556.1
1096250 1556.1
1096260 1553.7
1096270 1550.1
1096280 1550.1
1096290 1545.9
1096300 1542.0
1096310 1537.1
1096320 1537.1
1096330 1532.4
1096340 1528.8
1096350 1524.5
1096360 1521.8
1096370 1519.2
1096380 1519.2
1096390 1517.7
1096400 1517.1
1096410 1517.1
1096420 1516.0
1096430 1512.9
1096440 1512.9
1096450 1509.7
1096460 1506.3
1096470 1506.3
1096480 1503.9
1096490 1501.8
1096500 1501.8
1096510 1499.9
1096520 1497.9
1096530 1497.9
1096540 1495.9
1096550 1494.2
1096560 1494.2
1096570 1492.8
1096580 1491.9
1096590 1490.4
1096600 1490.4
1096610 1485.2
1096620 1478.9
1096630 1478.9
1096640 1472.1
1096650 1468.9
1096660 1468.9
1096670 1474.0
1096680 1474.8
1096690 1474.8
1096700 1478.5
1096710 1480.7
1096720 1480.7
1096730 1482.0
1096740 1482.6
1096750 1482.6
1096760 1483.2
1096770 1483.4
1096780 1483.4
1096790 1483.4
1096800 1482.8
1096810 1482.8
1096820 1481.9
1096830 1481.2
1096840 1481.2
1096850 1480.7
1096860 1479.9
1096870 1478.9
1096880 1478.9
1096890 1477.9
1096900 1476.9
1096910 1476.9
1096920 1476.3
1096930 1476.2
1096940 1476.2
1096950 1476.3
1096960 1475.9
1096970 1475.9
1096980 1475.4
1096990 1474.2
1097000 1474.2
1097010 1469.5
1097020 1467.5
1097030 1467.5
1097040 1465.9
1097050 1465.3
1097060 1465.3
1097070 1464.7
1097080 1464.2
1097090 1464.2
1097100 1463.8
1097110 1463.7
1097120 1463.6
1097130 1463.6
1097140 1464.2
1097150 1464.9
1097160 1464.9
1097170 1465.3
1097180 1465.8
1097190 1465.8
1097200 1466.5
1097210 1467.4
1097220 1467.4
1097230 1468.4
1097240 1468.9
1097250 1468.9
1097260 1469.7
1097270 1470.8
1097280 1470.8
1097290 1472.3
1097300 1473.6
1097310 1473.6
1097320 1474.7
1097330 1476.1
1097340 1477.0
1097350 1478.4
1097360 1479.8
1097370 1479.8
1097380 1481.4
1097390 1482.5
1097400 1482.7
1097410 1482.7
1097420 1482.8
1097430 1482.9
1097440 1482.9
1097450 1483.2
1097460 1483.5
1097470 1483.5
1097480 1483.9
1097490 1484.1
1097500 1484.1
1097510 1484.6
1097520 1485.1
1097530 1485.1
1097540 1485.3
1097550 1485.6
1097560 1485.6
1097570 1485.7
1097580 1485.2
1097590 1485.2
1097600 1484.6
1097610 1484.2
1097620 1484.2
1097630 1483.7
1097640 1482.8
1097650 1482.8
1097660 1481.0
1097670 1479.4
1097680 1478.0
1097690 1478.0
1097700 1476.8
1097710 1475.6
1097720 1475.6
1097730 1474.9
1097740 1474.4
1097750 1474.4
1097760 1474.2
1097770 1474.2
1097780 1474.2
1097790 1474.0
1097800 1474.1
1097810 1474.1
1097820 1473.3
1097830 1472.5
1097840 1472.5
1097850 1471.8
1097860 1471.3
1097870 1471.3
1097880 1471.0
1097890 1470.7
1097900 1470.7
1097910 1470.7
1097920 1470.4
1097930 1470.4
1097940 1469.8
1097950 1469.6
1097960 1469.1
1097970 1469.1
1097980 1469.0
1097990 1471.9
1098000 1471.9
1098010 1471.4
1098020 1470.8
1098030 1470.8
1098040 1470.3
1098050 1469.8
1098060 1469.8
1098070 1469.6
1098080 1468.7
1098090 1468.7
1098100 1468.1
1098110 1468.1
1098120 1468.1
1098130 1467.4
1098140 1466.8
1098150 1466.8
1098160 1467.6
1098170 1467.9
1098180 1467.9
1098190 1467.9
1098200 1468.9
1098210 1468.9
1098220 1469.0
1098230 1467.9
1098240 1467.3
1098250 1467.3
1098260 1466.1
1098270 1465.2
1098280 1465.2
1098290 1464.4
1098300 1464.1
1098310 1464.1
1098320 1468.9
1098330 1468.1
1098340 1468.1
1098350 1468.3
1098360 1469.5
1098370 1469.5
1098380 1470.0
1098390 1470.6
1098400 1470.6
1098410 1471.1
1098420 1471.7
1098430 1471.7
1098440 1471.9
1098450 1473.0
1098460 1473.0
1098470 1473.5
1098480 1475.6
1098490 1475.6
1098500 1477.6
1098510 1477.9
1098520 1478.2
1098530 1478.2
1098540 1479.0
1098550 1479.9
1098560 1479.9
1098570 1479.4
1098580 1480.2
1098590 1480.2
1098600 1481.0
1098610 1480.9
1098620 1480.9
1098630 1480.7
1098640 1484.0
1098650 1488.7
1098660 1490.8
1098670 1492.1
1098680 1492.1
1098690 1490.9
1098700 1485.3
1098710 1485.3
1098720 1484.3
1098730 1488.1
1098740 1488.1
1098750 1492.2
1098760 1493.1
1098770 1493.5
1098780 1493.5
1098790 1494.7
1098800 1495.1
1098810 1495.1
1098820 1496.0
1098830 1496.8
1098840 1496.8
1098850 1498.4
1098860 1498.3
1098870 1498.3
1098880 1497.4
1098890 1498.9
1098900 1498.9
1098910 1498.4
1098920 1499.5
1098930 1499.5
1098940 1497.8
1098950 1499.7
1098960 1499.7
1098970 1500.6
1098980 1508.8
1098990 1508.8
1099000 1507.8
1099010 1507.6
1099020 1507.6
1099030 1507.3
1099040 1506.1
1099050 1506.7
1099060 1506.7
1099070 1505.8
1099080 1504.6
1099090 1504.6
1099100 1504.9
1099110 1503.8
1099120 1503.8
1099130 1501.7
1099140 1498.0
1099150 1498.0
1099160 1500.3
1099170 1502.2
1099180 1502.2
1099190 1501.8
1099200 1498.2
1099210 1498.2
1099220 1486.8
1099230 1477.0
1099240 1477.0
1099250 1469.9
1099260 1464.8
1099270 1464.8
1099280 1472.1
1099290 1488.4
1099300 1488.4
1099310 1499.5
1099320 1501.6
1099330 1500.5
1099340 1500.5
1099350 1500.8
1099360 1501.0
1099370 1501.0
1099380 1501.1
1099390 1500.5
1099400 1500.5
1099410 1501.3
1099420 1500.9
1099430 1500.9
1099440 1501.4
1099450 1503.0
1099460 1503.0
1099470 1505.4
1099480 1507.9
1099490 1507.9
1099500 1508.2
1099510 1508.9
1099520 1508.9
1099530 1510.3
1099540 1510.1
1099550 1510.1
1099560 1509.4
1099570 1511.2
1099580 1511.2
1099590 1512.7
1099600 1512.1
1099610 1511.5
1099620 1511.5
1099630 1512.1
1099640 1520.9
1099650 1520.9
1099660 1520.3
1099670 1518.3
1099680 1518.3
1099690 1510.7
1099700 1506.0
1099710 1506.0
1099720 1510.8
1099730 1518.5
1099740 1518.5
1099750 1523.1
1099760 1525.7
1099770 1525.7
1099780 1527.8
1099790 1529.6
1099800 1529.6
1099810 1531.0
1099820 1533.3
1099830 1533.3
1099840 1532.8
1099850 1532.9
1099860 1532.9
1099870 1536.8
1099880 1538.2
1099890 1538.3
1099900 1538.3
1099910 1540.2
1099920 1542.3
1099930 1542.3
1099940 1544.5
1099950 1544.9
1099960 1544.9
1099970 1549.3
1099980 1548.0
1099990 1548.0
