1080000 1123.5
1080010 1118.4
1080020 1118.4
1080030 1124.7
1080040 1122.4
1080050 1121.1
1080060 1121.1
1080070 1119.2
1080080 1122.0
1080090 1122.0
1080100 1128.9
1080110 1136.2
1080120 1136.2
1080130 1142.8
1080140 1149.1
1080150 1149.1
1080160 1155.1
1080170 1161.4
1080180 1161.4
1080190 1166.8
1080200 1170.3
1080210 1170.3
1080220 1172.7
1080230 1175.8
1080240 1175.8
1080250 1179.0
1080260 1183.3
1080270 1183.3
1080280 1187.3
1080290 1189.7
1080300 1189.7
1080310 1190.4
1080320 1189.9
1080330 1188.3
1080340 1193.5
1080350 1191.9
1080360 1190.7
1080370 1190.7
1080380 1188.3
1080390 1185.0
1080400 1185.0
1080410 1183.8
1080420 1180.5
1080430 1180.5
1080440 1176.8
1080450 1174.2
1080460 1174.2
1080470 1173.0
1080480 1172.7
1080490 1172.7
1080500 1172.0
1080510 1170.1
1080520 1170.1
1080530 1167.3
1080540 1165.0
1080550 1165.0
1080560 1159.2
1080570 1158.0
1080580 1158.0
1080590 1158.6
1080600 1156.9
1080610 1154.1
1080620 1154.1
1080630 1147.7
1080640 1147.9
1080650 1147.9
1080660 1152.2
1080670 1147.4
1080680 1147.4
1080690 1147.6
1080700 1154.6
1080710 1154.6
1080720 1162.0
1080730 1163.7
1080740 1163.7
1080750 1161.8
1080760 1156.8
1080770 1156.8
1080780 1160.5
1080790 1165.3
1080800 1165.3
1080810 1169.5
1080820 1174.5
1080830 1174.5
1080840 1178.1
1080850 1185.0
1080860 1185.0
1080870 1190.9
1080880 1193.3
1080890 1194.8
1080900 1194.8
1080910 1196.6
1080920 1198.6
1080930 1198.6
1080940 1199.7
1080950 1200.8
1080960 1200.8
1080970 1203.7
1080980 1204.2
1080990 1204.2
1081000 1204.5
1081010 1204.5
1081020 1204.5
1081030 1204.2
1081040 1203.7
1081050 1203.7
1081060 1203.1
1081070 1202.6
1081080 1202.6
1081090 1202.0
1081100 1200.9
1081110 1200.9
1081120 1200.5
1081130 1199.7
1081140 1199.7
1081150 1197.6
1081160 1196.9
1081170 1194.7
1081180 1194.7
1081190 1188.4
1081200 1180.8
1081210 1180.8
1081220 1172.7
1081230 1166.1
1081240 1166.1
1081250 1158.3
1081260 1153.9
1081270 1153.9
1081280 1153.7
1081290 1161.8
1081300 1161.8
1081310 1160.3
1081320 1163.7
1081330 1163.7
1081340 1166.6
1081350 1170.5
1081360 1170.5
1081370 1174.5
1081380 1178.5
1081390 1178.5
1081400 1182.3
1081410 1180.7
1081420 1180.7
1081430 1175.1
1081440 1167.2
1081450 1169.9
1081460 1169.9
1081470 1170.5
1081480 1168.8
1081490 1168.8
1081500 1169.0
1081510 1169.3
1081520 1169.3
1081530 1166.3
1081540 1161.0
1081550 1161.0
1081560 1158.7
1081570 1153.9
1081580 1153.9
1081590 1143.4
1081600 1138.6
1081610 1138.6
1081620 1143.1
1081630 1151.1
1081640 1151.1
1081650 1154.0
1081660 1152.8
1081670 1152.8
1081680 1146.2
1081690 1141.2
1081700 1141.2
1081710 1139.0
1081720 1143.1
1081730 1149.6
1081740 1149.6
1081750 1161.1
1081760 1173.1
1081770 1173.1
1081780 1184.2
1081790 1191.0
1081800 1191.0
1081810 1195.6
1081820 1198.4
1081830 1198.4
1081840 1199.6
1081850 1200.2
1081860 1200.2
1081870 1200.5
1081880 1201.1
1081890 1201.1
1081900 1202.6
1081910 1203.2
1081920 1197.5
1081930 1198.9
1081940 1201.2
1081950 1201.2
1081960 1205.1
1081970 1210.3
1081980 1210.3
1081990 1215.5
1082000 1220.7
1082010 1225.5
1082020 1225.5
1082030 1230.7
1082040 1236.6
1082050 1236.6
1082060 1241.8
1082070 1246.9
1082080 1246.9
1082090 1251.2
1082100 1256.5
1082110 1256.5
1082120 1261.5
1082130 1266.3
1082140 1266.3
1082150 1270.5
1082160 1274.1
1082170 1274.1
1082180 1277.1
1082190 1279.8
1082200 1279.8
1082210 1282.0
1082220 1284.2
1082230 1284.2
1082240 1290.2
1082250 1292.9
1082260 1292.9
1082270 1295.0
1082280 1295.6
1082290 1297.0
1082300 1297.0
1082310 1297.6
1082320 1297.4
1082330 1297.4
1082340 1297.1
1082350 1296.3
1082360 1296.3
1082370 1295.0
1082380 1294.5
1082390 1294.5
1082400 1295.1
1082410 1293.0
1082420 1293.0
1082430 1294.4
1082440 1296.7
1082450 1296.7
1082460 1298.4
1082470 1294.1
1082480 1294.1
1082490 1291.5
1082500 1290.1
1082510 1290.1
1082520 1285.2
1082530 1284.9
1082540 1288.1
1082550 1290.8
1082560 1294.7
1082570 1302.3
1082580 1302.3
1082590 1303.9
1082600 1301.4
1082610 1301.4
1082620 1304.7
1082630 1308.0
1082640 1308.0
1082650 1308.5
1082660 1306.3
1082670 1306.3
1082680 1301.7
1082690 1298.5
1082700 1298.5
1082710 1302.0
1082720 1306.6
1082730 1306.6
1082740 1311.6
1082750 1317.4
1082760 1317.4
1082770 1322.3
1082780 1329.2
1082790 1329.2
1082800 1333.7
1082810 1337.6
1082820 1342.7
1082830 1342.7
1082840 1349.1
1082850 1358.2
1082860 1358.2
1082870 1368.6
1082880 1374.7
1082890 1374.7
1082900 1378.6
1082910 1382.5
1082920 1382.5
1082930 1387.0
1082940 1391.2
1082950 1391.2
1082960 1395.4
1082970 1399.1
1082980 1399.1
1082990 1401.6
1083000 1404.0
1083010 1404.0
1083020 1407.5
1083030 1411.4
1083040 1411.4
1083050 1414.1
1083060 1415.3
1083070 1415.3
1083080 1416.2
1083090 1416.5
1083100 1416.7
1083110 1416.7
1083120 1418.9
1083130 1419.7
1083140 1419.7
1083150 1418.4
1083160 1419.1
1083170 1419.1
1083180 1421.0
1083190 1425.8
1083200 1425.8
1083210 1427.9
1083220 1430.2
1083230 1430.2
1083240 1432.7
1083250 1435.0
1083260 1435.0
1083270 1436.2
1083280 1437.9
1083290 1437.9
1083300 1439.5
1083310 1440.4
1083320 1440.4
1083330 1442.8
1083340 1446.8
1083350 1446.8
1083360 1447.0
1083370 1451.8
1083380 1455.1
1083390 1455.1
1083400 1456.8
1083410 1460.5
1083420 1460.5
1083430 1463.5
1083440 1465.8
1083450 1465.8
1083460 1469.1
1083470 1473.4
1083480 1473.4
1083490 1476.4
1083500 1485.0
1083510 1485.0
1083520 1488.3
1083530 1491.1
1083540 1491.1
1083550 1492.7
1083560 1486.7
1083570 1486.7
1083580 1475.6
1083590 1465.9
1083600 1465.9
1083610 1458.0
1083620 1450.2
1083630 1450.2
1083640 1442.3
1083650 1434.7
1083660 1427.1
1083670 1427.1
1083680 1418.6
1083690 1408.9
1083700 1408.9
1083710 1403.2
1083720 1399.9
1083730 1399.9
1083740 1395.9
1083750 1392.8
1083760 1392.8
1083770 1390.3
1083780 1387.7
1083790 1387.7
1083800 1384.2
1083810 1380.3
1083820 1382.3
1083830 1379.7
1083840 1379.5
1083850 1379.5
1083860 1380.1
1083870 1379.3
1083880 1379.3
1083890 1375.4
1083900 1371.2
1083910 1371.2
1083920 1369.2
1083930 1369.7
1083940 1374.4
1083950 1374.4
1083960 1372.9
1083970 1369.6
1083980 1369.6
1083990 1370.9
1084000 1379.4
1084010 1379.4
1084020 1385.3
1084030 1385.2
1084040 1385.2
1084050 1381.3
1084060 1381.8
1084070 1381.8
1084080 1386.4
1084090 1391.3
1084100 1391.3
1084110 1401.5
1084120 1411.7
1084130 1411.7
1084140 1416.0
1084150 1419.6
1084160 1419.6
1084170 1421.5
1084180 1422.3
1084190 1422.3
1084200 1422.4
1084210 1423.0
1084220 1426.0
1084230 1426.0
1084240 1429.6
1084250 1431.1
1084260 1431.1
1084270 1434.8
1084280 1437.8
1084290 1437.8
1084300 1440.0
1084310 1444.5
1084320 1444.5
1084330 1447.7
1084340 1450.2
1084350 1450.2
1084360 1453.7
1084370 1456.7
1084380 1456.7
1084390 1459.9
1084400 1464.0
1084410 1464.0
1084420 1466.9
1084430 1466.4
1084440 1466.4
1084450 1469.5
1084460 1478.3
1084470 1478.3
1084480 1486.0
1084490 1492.7
1084500 1496.9
1084510 1496.9
1084520 1500.6
1084530 1504.3
1084540 1504.3
1084550 1507.4
1084560 1510.3
1084570 1510.3
1084580 1511.9
1084590 1512.8
1084600 1512.8
1084610 1513.3
1084620 1514.0
1084630 1514.0
1084640 1514.9
1084650 1515.2
1084660 1515.2
1084670 1514.0
1084680 1512.8
1084690 1512.8
1084700 1512.9
1084710 1513.1
1084720 1513.1
1084730 1513.3
1084740 1512.7
1084750 1512.7
1084760 1512.9
1084770 1513.5
1084780 1521.3
1084790 1521.3
1084800 1520.5
1084810 1520.4
1084820 1520.4
1084830 1523.7
1084840 1526.5
1084850 1526.5
1084860 1525.3
1084870 1525.8
1084880 1525.8
1084890 1526.9
1084900 1528.6
1084910 1528.6
1084920 1530.4
1084930 1533.6
1084940 1533.6
1084950 1538.4
1084960 1545.7
1084970 1545.7
1084980 1549.7
1084990 1552.4
1085000 1552.4
1085010 1554.3
1085020 1555.2
1085030 1555.3
1085040 1555.3
1085050 1554.6
1085060 1553.2
1085070 1553.2
1085080 1551.7
1085090 1546.7
1085100 1546.7
1085110 1545.3
1085120 1543.2
1085130 1543.2
1085140 1541.4
1085150 1541.3
1085160 1541.3
1085170 1542.2
1085180 1542.5
1085190 1542.5
1085200 1542.4
1085210 1542.2
1085220 1542.2
1085230 1542.1
1085240 1542.0
1085250 1542.0
1085260 1542.2
1085270 1541.4
1085280 1541.4
1085290 1541.3
1085300 1540.5
1085310 1539.9
1085320 1539.9
1085330 1540.1
1085340 1541.3
1085350 1541.3
1085360 1543.1
1085370 1544.6
1085380 1544.6
1085390 1545.4
1085400 1546.6
1085410 1543.3
1085420 1543.8
1085430 1544.3
1085440 1544.3
1085450 1545.2
1085460 1545.6
1085470 1545.6
1085480 1546.3
1085490 1547.8
1085500 1547.8
1085510 1549.7
1085520 1550.3
1085530 1550.3
1085540 1550.6
1085550 1552.0
1085560 1552.0
1085570 1554.2
1085580 1555.0
1085590 1556.0
1085600 1556.0
1085610 1557.2
1085620 1558.0
1085630 1558.0
1085640 1558.6
1085650 1558.8
1085660 1558.8
1085670 1558.8
1085680 1558.3
1085690 1558.3
1085700 1556.1
1085710 1554.0
1085720 1554.0
1085730 1544.2
1085740 1546.6
1085750 1546.6
1085760 1554.1
1085770 1559.0
1085780 1559.0
1085790 1563.2
1085800 1567.0
1085810 1567.0
1085820 1570.9
1085830 1574.6
1085840 1574.6
1085850 1577.4
1085860 1579.8
1085870 1583.1
1085880 1583.1
1085890 1586.8
1085900 1590.2
1085910 1590.2
1085920 1592.6
1085930 1595.6
1085940 1595.6
1085950 1598.1
1085960 1600.8
1085970 1600.8
1085980 1602.7
1085990 1603.9
1086000 1603.9
1086010 1604.4
1086020 1601.3
1086030 1601.3
1086040 1595.7
1086050 1585.5
1086060 1585.5
1086070 1581.0
1086080 1582.3
1086090 1582.3
1086100 1589.2
1086110 1593.9
1086120 1593.9
1086130 1599.4
1086140 1605.0
1086150 1610.2
1086160 1610.2
1086170 1614.7
1086180 1619.6
1086190 1619.6
1086200 1625.4
1086210 1630.4
1086220 1630.4
1086230 1635.0
1086240 1638.8
1086250 1638.8
1086260 1642.9
1086270 1646.3
1086280 1646.3
1086290 1650.2
1086300 1653.2
1086310 1653.2
1086320 1655.7
1086330 1659.2
1086340 1659.2
1086350 1661.9
1086360 1664.3
1086370 1661.4
1086380 1662.6
1086390 1664.9
1086400 1664.9
1086410 1667.0
1086420 1668.3
1086430 1670.8
1086440 1670.8
1086450 1672.5
1086460 1674.4
1086470 1674.4
1086480 1676.6
1086490 1677.0
1086500 1677.0
1086510 1679.0
1086520 1679.6
1086530 1679.6
1086540 1680.2
1086550 1681.4
1086560 1681.4
1086570 1681.7
1086580 1681.9
1086590 1681.9
1086600 1683.2
1086610 1685.9
1086620 1685.9
1086630 1685.1
1086640 1690.2
1086650 1690.2
1086660 1694.0
1086670 1694.8
1086680 1694.8
1086690 1692.1
1086700 1693.1
1086710 1693.6
1086720 1693.6
1086730 1694.6
1086740 1695.0
1086750 1695.0
1086760 1694.7
1086770 1696.7
1086780 1696.7
1086790 1698.5
1086800 1700.0
1086810 1700.0
1086820 1702.0
1086830 1702.3
1086840 1702.3
1086850 1702.2
1086860 1702.7
1086870 1702.7
1086880 1703.3
1086890 1705.4
1086900 1705.4
1086910 1708.0
1086920 1709.4
1086930 1709.4
1086940 1709.9
1086950 1711.9
1086960 1711.9
1086970 1714.9
1086980 1716.6
1086990 1717.9
1087000 1717.9
1087010 1715.2
1087020 1716.5
1087030 1716.5
1087040 1718.7
1087050 1720.5
1087060 1720.5
1087070 1722.3
1087080 1722.9
1087090 1722.9
1087100 1725.4
1087110 1727.5
1087120 1727.5
1087130 1726.6
1087140 1725.6
1087150 1725.6
1087160 1725.1
1087170 1719.9
1087180 1719.9
1087190 1712.9
1087200 1705.9
1087210 1705.9
1087220 1698.8
1087230 1691.8
1087240 1687.2
1087250 1687.2
1087260 1683.3
1087270 1679.0
1087280 1679.0
1087290 1675.1
1087300 1671.0
1087310 1671.0
1087320 1667.5
1087330 1664.5
1087340 1664.5
1087350 1660.9
1087360 1657.9
1087370 1657.9
1087380 1654.7
1087390 1650.6
1087400 1650.6
1087410 1646.1
1087420 1642.4
1087430 1642.4
1087440 1638.7
1087450 1635.7
1087460 1635.7
1087470 1632.8
1087480 1630.8
1087490 1630.8
1087500 1629.1
1087510 1627.1
1087520 1625.0
1087530 1625.0
1087540 1623.4
1087550 1622.5
1087560 1622.5
1087570 1621.5
1087580 1620.0
1087590 1620.0
1087600 1617.9
1087610 1615.9
1087620 1615.9
1087630 1615.0
1087640 1613.9
1087650 1614.9
1087660 1613.2
1087670 1611.3
1087680 1611.3
1087690 1608.5
1087700 1605.5
1087710 1605.5
1087720 1603.1
1087730 1601.3
1087740 1601.3
1087750 1598.5
1087760 1596.5
1087770 1596.5
1087780 1594.3
1087790 1592.1
1087800 1590.2
1087810 1590.2
1087820 1588.5
1087830 1586.4
1087840 1586.4
1087850 1583.7
1087860 1581.5
1087870 1581.5
1087880 1580.0
1087890 1578.9
1087900 1578.9
1087910 1577.0
1087920 1574.4
1087930 1574.4
1087940 1575.4
1087950 1575.4
1087960 1575.4
1087970 1571.3
1087980 1569.4
1087990 1569.4
1088000 1566.3
1088010 1562.5
1088020 1562.5
1088030 1559.1
1088040 1555.7
1088050 1555.7
1088060 1552.6
1088070 1548.9
1088080 1543.0
1088090 1543.0
1088100 1535.5
1088110 1529.8
1088120 1529.8
1088130 1524.5
1088140 1520.2
1088150 1520.2
1088160 1517.4
1088170 1514.9
1088180 1514.9
1088190 1510.9
1088200 1508.3
1088210 1508.3
1088220 1507.4
1088230 1506.8
1088240 1506.8
1088250 1505.7
1088260 1504.6
1088270 1504.6
1088280 1503.8
1088290 1498.1
1088300 1498.1
1088310 1494.3
1088320 1490.6
1088330 1490.6
1088340 1486.3
1088350 1475.7
1088360 1460.3
1088370 1460.3
1088380 1441.8
1088390 1426.8
1088400 1426.8
1088410 1418.1
1088420 1411.0
1088430 1411.0
1088440 1404.1
1088450 1398.5
1088460 1398.5
1088470 1393.5
1088480 1389.0
1088490 1389.0
1088500 1384.0
1088510 1378.7
1088520 1378.7
1088530 1372.3
1088540 1366.6
1088550 1366.6
1088560 1360.8
1088570 1354.6
1088580 1354.6
1088590 1348.8
1088600 1343.3
1088610 1343.3
1088620 1335.6
1088630 1329.3
1088640 1324.2
1088650 1324.2
1088660 1320.0
1088670 1316.6
1088680 1316.6
1088690 1315.4
1088700 1312.3
1088710 1312.3
1088720 1309.2
1088730 1306.2
1088740 1306.2
1088750 1303.5
1088760 1301.0
1088770 1301.0
1088780 1298.4
1088790 1295.6
1088800 1295.6
1088810 1292.7
1088820 1289.2
1088830 1289.2
1088840 1282.8
1088850 1277.5
1088860 1277.5
1088870 1274.2
1088880 1273.6
1088890 1273.6
1088900 1273.3
1088910 1273.0
1088920 1272.9
1088930 1272.9
1088940 1271.7
1088950 1271.3
1088960 1271.3
1088970 1271.0
1088980 1270.7
1088990 1270.7
1089000 1270.3
1089010 1270.0
1089020 1270.0
1089030 1269.4
1089040 1269.0
1089050 1269.0
1089060 1269.5
1089070 1269.5
1089080 1269.5
1089090 1269.4
1089100 1270.2
1089110 1270.2
1089120 1271.5
1089130 1272.7
1089140 1272.7
1089150 1274.0
1089160 1275.5
1089170 1275.5
1089180 1278.1
1089190 1279.5
1089200 1281.2
1089210 1281.2
1089220 1282.6
1089230 1283.9
1089240 1283.9
1089250 1285.5
1089260 1284.3
1089270 1284.3
1089280 1287.0
1089290 1289.7
1089300 1289.7
1089310 1291.8
1089320 1293.4
1089330 1293.4
1089340 1296.3
1089350 1299.4
1089360 1299.4
1089370 1302.3
1089380 1304.6
1089390 1304.6
1089400 1305.7
1089410 1307.5
1089420 1307.5
1089430 1310.4
1089440 1312.9
1089450 1312.9
1089460 1316.4
1089470 1320.8
1089480 1326.0
1089490 1326.0
1089500 1329.8
1089510 1335.1
1089520 1335.1
1089530 1341.3
1089540 1347.8
1089550 1347.8
1089560 1353.3
1089570 1358.0
1089580 1354.5
1089590 1358.3
1089600 1357.2
1089610 1357.2
1089620 1351.8
1089630 1348.1
1089640 1348.1
1089650 1345.9
1089660 1342.2
1089670 1342.2
1089680 1340.4
1089690 1337.8
1089700 1337.8
1089710 1335.4
1089720 1334.9
1089730 1334.9
1089740 1333.1
1089750 1328.2
1089760 1322.3
1089770 1322.3
1089780 1329.7
1089790 1338.5
1089800 1338.5
1089810 1345.5
1089820 1353.4
1089830 1353.4
1089840 1360.2
1089850 1369.8
1089860 1369.8
1089870 1379.4
1089880 1389.7
1089890 1389.7
1089900 1399.6
1089910 1406.6
1089920 1406.6
1089930 1411.0
1089940 1415.4
1089950 1415.4
1089960 1419.8
1089970 1424.9
1089980 1424.9
1089990 1429.8
1090000 1434.6
1090010 1438.6
1090020 1438.6
1090030 1443.7
1090040 1449.3
1090050 1449.3
1090060 1455.5
1090070 1462.7
1090080 1462.7
1090090 1469.8
1090100 1476.3
1090110 1476.3
1090120 1482.8
1090130 1489.5
1090140 1489.5
1090150 1496.3
1090160 1502.9
1090170 1502.9
1090180 1508.9
1090190 1514.5
1090200 1514.5
1090210 1519.0
1090220 1522.8
1090230 1521.1
1090240 1524.2
1090250 1527.4
1090260 1527.4
1090270 1530.8
1090280 1533.7
1090290 1534.5
1090300 1534.5
1090310 1534.7
1090320 1534.8
1090330 1534.8
1090340 1535.7
1090350 1536.2
1090360 1536.2
1090370 1536.5
1090380 1537.4
1090390 1537.4
1090400 1538.5
1090410 1538.8
1090420 1538.8
1090430 1539.2
1090440 1541.3
1090450 1541.3
1090460 1544.7
1090470 1546.8
1090480 1546.8
1090490 1548.2
1090500 1549.8
1090510 1549.8
1090520 1550.9
1090530 1551.1
1090540 1551.1
1090550 1547.3
1090560 1547.4
1090570 1549.3
1090580 1549.3
1090590 1551.8
1090600 1553.5
1090610 1553.5
1090620 1555.1
1090630 1557.1
1090640 1557.1
1090650 1559.1
1090660 1559.3
1090670 1559.3
1090680 1558.8
1090690 1558.9
1090700 1558.9
1090710 1559.6
1090720 1560.4
1090730 1560.4
1090740 1561.9
1090750 1565.4
1090760 1565.4
1090770 1567.9
1090780 1570.7
1090790 1570.7
1090800 1574.2
1090810 1578.8
1090820 1578.8
1090830 1582.2
1090840 1584.8
1090850 1586.7
1090860 1586.7
1090870 1587.8
1090880 1589.8
1090890 1589.8
1090900 1591.8
1090910 1595.2
1090920 1595.2
1090930 1597.9
1090940 1599.5
1090950 1599.5
1090960 1600.6
1090970 1601.4
1090980 1601.4
1090990 1603.1
1091000 1603.9
1091010 1603.9
1091020 1604.1
1091030 1605.0
1091040 1605.0
1091050 1604.2
1091060 1606.1
1091070 1606.1
1091080 1612.7
1091090 1617.2
1091100 1617.2
1091110 1618.3
1091120 1622.7
1091130 1627.2
1091140 1627.2
1091150 1629.4
1091160 1625.6
1091170 1625.6
1091180 1626.4
1091190 1631.2
1091200 1624.7
1091210 1629.4
1091220 1632.6
1091230 1632.6
1091240 1632.8
1091250 1632.8
1091260 1632.8
1091270 1635.8
1091280 1638.8
1091290 1638.8
1091300 1641.0
1091310 1643.8
1091320 1643.8
1091330 1648.7
1091340 1653.0
1091350 1653.0
1091360 1657.1
1091370 1661.6
1091380 1661.6
1091390 1664.8
1091400 1667.3
1091410 1669.4
1091420 1669.4
1091430 1673.0
1091440 1675.2
1091450 1675.2
1091460 1677.7
1091470 1680.6
1091480 1680.6
1091490 1683.1
1091500 1685.6
1091510 1685.6
1091520 1682.0
1091530 1682.3
1091540 1682.3
1091550 1684.5
1091560 1690.9
1091570 1690.9
1091580 1699.2
1091590 1706.6
1091600 1706.6
1091610 1714.1
1091620 1722.9
1091630 1722.9
1091640 1731.9
1091650 1738.6
1091660 1738.6
1091670 1745.3
1091680 1752.9
1091690 1761.2
1091700 1761.2
1091710 1771.4
1091720 1782.9
1091730 1782.9
1091740 1785.5
1091750 1784.2
1091760 1784.2
1091770 1783.0
1091780 1782.9
1091790 1782.9
1091800 1782.3
1091810 1782.2
1091820 1782.2
1091830 1782.7
1091840 1783.0
1091850 1776.5
1091860 1777.0
1091870 1778.3
1091880 1778.3
1091890 1780.1
1091900 1782.2
1091910 1782.2
1091920 1783.3
1091930 1787.1
1091940 1787.1
1091950 1791.1
1091960 1794.2
1091970 1797.4
1091980 1797.4
1091990 1799.1
1092000 1802.1
1092010 1802.1
1092020 1805.3
1092030 1808.3
1092040 1808.3
1092050 1812.0
1092060 1814.4
1092070 1814.4
1092080 1816.7
1092090 1820.0
1092100 1820.0
1092110 1822.6
1092120 1825.5
1092130 1825.5
1092140 1828.3
1092150 1829.9
1092160 1829.9
1092170 1827.9
1092180 1829.4
1092190 1829.4
1092200 1830.7
1092210 1831.5
1092220 1831.5
1092230 1832.2
1092240 1833.4
1092250 1836.3
1092260 1836.3
1092270 1839.1
1092280 1841.7
1092290 1841.7
1092300 1844.9
1092310 1849.1
1092320 1849.1
1092330 1853.8
1092340 1859.8
1092350 1859.8
1092360 1866.2
1092370 1872.9
1092380 1872.9
1092390 1879.5
1092400 1886.0
1092410 1886.0
1092420 1892.5
1092430 1899.1
1092440 1899.1
1092450 1903.5
1092460 1904.0
1092470 1904.0
1092480 1899.9
1092490 1893.9
1092500 1889.8
1092510 1889.8
1092520 1885.9
1092530 1882.3
1092540 1882.3
1092550 1878.4
1092560 1874.9
1092570 1874.9
1092580 1870.0
1092590 1865.0
1092600 1865.0
1092610 1860.0
1092620 1855.1
1092630 1855.1
1092640 1850.8
1092650 1846.4
1092660 1846.4
1092670 1842.7
1092680 1838.6
1092690 1838.6
1092700 1836.2
1092710 1834.5
1092720 1834.5
1092730 1834.1
1092740 1834.4
1092750 1834.4
1092760 1833.5
1092770 1833.5
1092780 1833.1
1092790 1833.1
1092800 1835.8
1092810 1837.6
1092820 1833.3
1092830 1836.1
1092840 1839.0
1092850 1839.0
1092860 1841.8
1092870 1845.7
1092880 1845.7
1092890 1848.9
1092900 1852.1
1092910 1852.1
1092920 1855.9
1092930 1859.4
1092940 1859.4
1092950 1863.4
1092960 1869.5
1092970 1869.5
1092980 1875.1
1092990 1881.9
1093000 1881.9
1093010 1888.6
1093020 1892.1
1093030 1892.1
1093040 1894.7
1093050 1899.7
1093060 1905.4
1093070 1905.4
1093080 1906.1
1093090 1908.3
1093100 1908.3
1093110 1917.4
1093120 1928.8
1093130 1928.8
1093140 1930.4
1093150 1938.3
1093160 1938.3
1093170 1942.8
1093180 1944.9
1093190 1944.9
1093200 1943.9
1093210 1939.7
1093220 1939.7
1093230 1935.3
1093240 1930.3
1093250 1930.3
1093260 1925.9
1093270 1923.3
1093280 1923.3
1093290 1919.9
1093300 1916.2
1093310 1916.2
1093320 1913.5
1093330 1910.4
1093340 1906.6
1093350 1906.6
1093360 1904.0
1093370 1901.9
1093380 1901.9
1093390 1899.0
1093400 1895.3
1093410 1895.3
1093420 1892.3
1093430 1889.7
1093440 1889.7
1093450 1888.4
1093460 1888.6
1093470 1881.7
1093480 1881.1
1093490 1880.2
1093500 1880.2
1093510 1880.5
1093520 1882.2
1093530 1882.2
1093540 1883.9
1093550 1885.4
1093560 1885.4
1093570 1888.3
1093580 1891.3
1093590 1891.3
1093600 1894.6
1093610 1896.8
1093620 1898.6
1093630 1898.6
1093640 1901.5
1093650 1903.7
1093660 1903.7
1093670 1906.0
1093680 1909.1
1093690 1909.1
1093700 1912.2
1093710 1915.1
1093720 1915.1
1093730 1918.8
1093740 1923.2
1093750 1923.2
1093760 1929.2
1093770 1935.4
1093780 1935.4
1093790 1941.0
1093800 1937.5
1093810 1937.5
1093820 1942.6
1093830 1948.8
1093840 1948.8
1093850 1948.2
1093860 1944.9
1093870 1944.9
1093880 1944.5
1093890 1945.0
1093900 1943.6
1093910 1943.6
1093920 1941.5
1093930 1941.0
1093940 1941.0
1093950 1942.0
1093960 1944.7
1093970 1944.7
1093980 1946.5
1093990 1947.2
1094000 1947.2
1094010 1947.3
1094020 1947.1
1094030 1947.1
1094040 1946.5
1094050 1942.3
1094060 1942.3
1094070 1935.5
1094080 1928.9
1094090 1928.9
1094100 1924.4
1094110 1922.2
1094120 1930.8
1094130 1926.3
1094140 1921.8
1094150 1921.8
1094160 1918.7
1094170 1920.1
1094180 1921.4
1094190 1921.4
1094200 1918.6
1094210 1913.6
1094220 1913.6
1094230 1918.4
1094240 1920.8
1094250 1920.8
1094260 1918.5
1094270 1915.7
1094280 1915.7
1094290 1910.6
1094300 1902.8
1094310 1902.8
1094320 1892.8
1094330 1885.6
1094340 1885.6
1094350 1881.6
1094360 1879.7
1094370 1879.7
1094380 1880.5
1094390 1881.9
1094400 1881.9
1094410 1878.8
1094420 1882.0
1094430 1882.0
1094440 1884.3
1094450 1894.5
1094460 1890.2
1094470 1890.2
1094480 1885.7
1094490 1881.1
1094500 1881.1
1094510 1874.5
1094520 1867.7
1094530 1867.7
1094540 1861.8
1094550 1857.6
1094560 1857.6
1094570 1855.9
1094580 1853.5
1094590 1853.5
1094600 1850.6
1094610 1846.8
1094620 1846.8
1094630 1842.5
1094640 1839.0
1094650 1839.0
1094660 1834.3
1094670 1830.2
1094680 1830.2
1094690 1827.2
1094700 1823.4
1094710 1820.3
1094720 1820.3
1094730 1815.8
1094740 1811.2
1094750 1811.2
1094760 1808.2
1094770 1806.2
1094780 1801.5
1094790 1800.8
1094800 1799.3
1094810 1799.3
1094820 1798.0
1094830 1794.8
1094840 1794.8
1094850 1791.3
1094860 1790.3
1094870 1790.3
1094880 1789.5
1094890 1787.7
1094900 1787.7
1094910 1785.0
1094920 1781.5
1094930 1781.5
1094940 1777.7
1094950 1773.3
1094960 1773.3
1094970 1768.2
1094980 1761.6
1094990 1755.6
1095000 1755.6
1095010 1751.6
1095020 1746.7
1095030 1746.7
1095040 1742.4
1095050 1736.4
1095060 1736.4
1095070 1729.7
1095080 1725.0
1095090 1725.0
1095100 1717.6
1095110 1714.6
1095120 1714.6
1095130 1710.4
1095140 1707.6
1095150 1707.6
1095160 1705.7
1095170 1703.2
1095180 1703.2
1095190 1699.8
1095200 1697.7
1095210 1697.7
1095220 1696.8
1095230 1698.5
1095240 1698.5
1095250 1700.0
1095260 1700.3
1095270 1699.4
1095280 1699.4
1095290 1699.5
1095300 1699.9
1095310 1699.9
1095320 1699.7
1095330 1698.2
1095340 1698.2
1095350 1698.6
1095360 1702.4
1095370 1702.4
1095380 1706.0
1095390 1709.5
1095400 1709.5
1095410 1713.0
1095420 1716.9
1095430 1715.2
1095440 1718.4
1095450 1720.7
1095460 1720.7
1095470 1722.7
1095480 1724.2
1095490 1724.2
1095500 1725.6
1095510 1726.6
1095520 1726.6
1095530 1726.7
1095540 1726.2
1095550 1726.6
1095560 1726.6
1095570 1728.5
1095580 1728.8
1095590 1728.8
1095600 1730.5
1095610 1734.2
1095620 1734.2
1095630 1738.3
1095640 1742.0
1095650 1742.0
1095660 1745.6
1095670 1749.7
1095680 1749.7
1095690 1753.4
1095700 1757.0
1095710 1757.0
1095720 1759.7
1095730 1761.1
1095740 1761.1
1095750 1761.7
1095760 1757.0
1095770 1757.0
1095780 1757.8
1095790 1758.4
1095800 1758.4
1095810 1757.8
1095820 1757.0
1095830 1757.6
1095840 1757.6
1095850 1758.7
1095860 1759.5
1095870 1759.5
1095880 1759.2
1095890 1757.8
1095900 1757.8
1095910 1756.8
1095920 1756.9
1095930 1756.9
1095940 1757.1
1095950 1756.5
1095960 1756.5
1095970 1755.7
1095980 1755.4
1095990 1755.4
1096000 1753.4
1096010 1750.4
1096020 1750.4
1096030 1747.9
1096040 1745.4
1096050 1745.4
1096060 1744.1
1096070 1741.5
1096080 1733.2
1096090 1729.9
1096100 1726.8
1096110 1724.4
1096120 1724.4
1096130 1722.5
1096140 1720.4
1096150 1720.4
1096160 1716.8
1096170 1713.4
1096180 1713.4
1096190 1710.2
1096200 1707.6
1096210 1707.6
1096220 1705.0
1096230 1700.2
1096240 1700.2
1096250 1696.4
1096260 1692.4
1096270 1692.4
1096280 1687.6
1096290 1682.6
1096300 1682.6
1096310 1677.5
1096320 1671.8
1096330 1671.8
1096340 1665.9
1096350 1661.4
1096360 1661.4
1096370 1656.0
1096380 1651.6
1096390 1648.1
1096400 1648.1
1096410 1642.1
1096420 1638.6
1096430 1638.6
1096440 1635.1
1096450 1632.5
1096460 1632.5
1096470 1629.0
1096480 1623.1
1096490 1623.1
1096500 1620.3
1096510 1616.0
1096520 1616.0
1096530 1611.8
1096540 1608.4
1096550 1608.4
1096560 1605.2
1096570 1601.6
1096580 1601.6
1096590 1598.3
1096600 1595.5
1096610 1595.5
1096620 1592.5
1096630 1587.5
1096640 1587.5
1096650 1584.6
1096660 1580.9
1096670 1571.3
1096680 1571.3
1096690 1568.7
1096700 1575.6
1096710 1575.6
1096720 1581.5
1096730 1584.6
1096740 1583.2
1096750 1585.9
1096760 1583.8
1096770 1583.8
1096780 1582.8
1096790 1588.0
1096800 1588.0
1096810 1592.6
1096820 1594.1
1096830 1594.1
1096840 1596.6
1096850 1599.3
1096860 1599.3
1096870 1602.0
1096880 1605.0
1096890 1605.0
1096900 1608.3
1096910 1609.4
1096920 1610.5
1096930 1610.5
1096940 1610.8
1096950 1611.8
1096960 1611.8
1096970 1612.8
1096980 1613.5
1096990 1613.5
1097000 1613.8
1097010 1613.8
1097020 1613.8
1097030 1613.5
1097040 1613.3
1097050 1613.3
1097060 1613.1
1097070 1608.6
1097080 1608.6
1097090 1608.2
1097100 1607.3
1097110 1607.3
1097120 1606.9
1097130 1606.6
1097140 1606.6
1097150 1605.9
1097160 1605.7
1097170 1605.7
1097180 1605.4
1097190 1604.4
1097200 1603.2
1097210 1603.2
1097220 1602.0
1097230 1601.5
1097240 1601.5
1097250 1601.0
1097260 1599.9
1097270 1599.9
1097280 1598.5
1097290 1597.7
1097300 1597.7
1097310 1596.8
1097320 1596.4
1097330 1596.4
1097340 1596.0
1097350 1596.8
1097360 1596.8
1097370 1597.0
1097380 1596.4
1097390 1596.4
1097400 1591.3
1097410 1590.7
1097420 1590.7
1097430 1590.4
1097440 1590.8
1097450 1590.8
1097460 1591.0
1097470 1589.9
1097480 1591.8
1097490 1591.8
1097500 1594.0
1097510 1594.0
1097520 1594.0
1097530 1593.1
1097540 1592.8
1097550 1592.8
1097560 1592.5
1097570 1592.4
1097580 1592.4
1097590 1592.5
1097600 1592.3
1097610 1592.3
1097620 1591.8
1097630 1591.4
1097640 1591.4
1097650 1590.5
1097660 1589.4
1097670 1589.4
1097680 1588.3
1097690 1587.1
1097700 1587.1
1097710 1587.5
1097720 1588.0
1097730 1584.9
1097740 1585.0
1097750 1585.3
1097760 1585.4
1097770 1585.4
1097780 1585.5
1097790 1585.3
1097800 1585.3
1097810 1584.6
1097820 1584.3
1097830 1584.3
1097840 1584.3
1097850 1584.0
1097860 1584.0
1097870 1583.3
1097880 1583.3
1097890 1583.3
1097900 1583.7
1097910 1583.7
1097920 1583.7
1097930 1583.4
1097940 1583.4
1097950 1583.4
1097960 1583.2
1097970 1582.1
1097980 1582.1
1097990 1582.7
1098000 1584.2
1098010 1584.2
1098020 1586.0
1098030 1587.4
1098040 1588.4
1098050 1588.4
1098060 1584.3
1098070 1584.5
1098080 1584.5
1098090 1583.5
1098100 1582.9
1098110 1582.9
1098120 1583.0
1098130 1582.7
1098140 1582.7
1098150 1581.9
1098160 1581.3
1098170 1581.3
1098180 1581.2
1098190 1581.0
1098200 1581.0
1098210 1580.9
1098220 1580.5
1098230 1580.5
1098240 1580.1
1098250 1579.5
1098260 1579.5
1098270 1578.8
1098280 1578.0
1098290 1578.0
1098300 1577.1
1098310 1576.1
1098320 1575.9
1098330 1575.9
1098340 1575.5
1098350 1574.7
1098360 1574.7
1098370 1573.1
1098380 1572.4
1098390 1569.0
1098400 1568.1
1098410 1566.7
1098420 1566.7
1098430 1565.1
1098440 1563.7
1098450 1563.7
1098460 1562.4
1098470 1558.5
1098480 1558.5
1098490 1552.8
1098500 1545.5
1098510 1545.5
1098520 1537.3
1098530 1529.8
1098540 1529.8
1098550 1527.9
1098560 1533.9
1098570 1533.9
1098580 1539.3
1098590 1541.6
1098600 1543.2
1098610 1543.2
1098620 1544.9
1098630 1545.9
1098640 1545.9
1098650 1549.1
1098660 1551.6
1098670 1551.6
1098680 1551.9
1098690 1550.3
1098700 1550.3
1098710 1542.8
1098720 1537.8
1098730 1537.8
1098740 1532.1
1098750 1531.9
1098760 1531.9
1098770 1534.4
1098780 1535.9
1098790 1535.9
1098800 1535.6
1098810 1533.4
1098820 1533.4
1098830 1530.7
1098840 1528.0
1098850 1528.0
1098860 1528.0
1098870 1526.9
1098880 1525.7
1098890 1525.7
1098900 1523.6
1098910 1522.1
1098920 1522.1
1098930 1518.7
1098940 1515.3
1098950 1515.3
1098960 1516.4
1098970 1515.8
1098980 1515.8
1098990 1513.5
1099000 1510.3
1099010 1510.3
1099020 1509.5
1099030 1508.1
1099040 1501.4
1099050 1500.3
1099060 1496.6
1099070 1496.6
1099080 1495.3
1099090 1495.5
1099100 1495.5
1099110 1493.7
1099120 1492.0
1099130 1490.5
1099140 1490.5
1099150 1490.2
1099160 1487.3
1099170 1487.3
1099180 1484.6
1099190 1483.9
1099200 1483.9
1099210 1482.2
1099220 1479.9
1099230 1479.9
1099240 1480.3
1099250 1479.4
1099260 1479.4
1099270 1477.5
1099280 1475.2
1099290 1475.2
1099300 1473.6
1099310 1473.0
1099320 1473.0
1099330 1473.1
1099340 1472.7
1099350 1472.7
1099360 1471.6
1099370 1469.4
1099380 1464.4
1099390 1463.6
1099400 1462.0
1099410 1460.0
1099420 1460.0
1099430 1459.0
1099440 1460.3
1099450 1460.3
1099460 1460.8
1099470 1459.7
1099480 1459.7
1099490 1456.2
1099500 1453.5
1099510 1453.5
1099520 1452.6
1099530 1451.2
1099540 1451.2
1099550 1451.6
1099560 1453.1
1099570 1453.1
1099580 1454.9
1099590 1455.0
1099600 1455.0
1099610 1454.2
1099620 1453.2
1099630 1453.2
1099640 1452.2
1099650 1450.9
1099660 1450.9
1099670 1449.2
1099680 1449.0
1099690 1447.6
1099700 1447.6
1099710 1443.5
1099720 1441.8
1099730 1441.8
1099740 1440.5
1099750 1438.9
1099760 1438.9
1099770 1437.4
1099780 1436.8
1099790 1436.8
1099800 1437.9
1099810 1438.5
1099820 1438.5
1099830 1438.9
1099840 1440.5
1099850 1440.5
1099860 1441.8
1099870 1441.9
1099880 1441.9
1099890 1443.1
1099900 1443.2
1099910 1443.2
1099920 1442.3
1099930 1440.8
1099940 1440.8
1099950 1441.2
1099960 1441.1
1099970 1440.4
1099980 1440.4
1099990 1438.6
