1080000 957.2
1080010 956.2
1080020 956.2
1080030 947.4
1080040 945.2
1080050 945.2
1080060 949.8
1080070 953.5
1080080 953.5
1080090 956.3
1080100 959.4
1080110 959.4
1080120 964.1
1080130 966.0
1080140 966.0
1080150 968.0
1080160 971.3
1080170 974.0
1080180 974.0
1080190 975.6
1080200 971.7
1080210 971.7
1080220 971.4
1080230 972.4
1080240 972.4
1080250 973.2
1080260 973.5
1080270 973.5
1080280 975.1
1080290 976.0
1080300 976.0
1080310 973.6
1080320 972.6
1080330 972.6
1080340 969.0
1080350 967.9
1080360 967.9
1080370 969.2
1080380 971.8
1080390 971.8
1080400 972.6
1080410 974.2
1080420 974.2
1080430 977.0
1080440 982.5
1080450 985.7
1080460 985.7
1080470 988.5
1080480 991.9
1080490 991.9
1080500 995.7
1080510 999.0
1080520 994.6
1080530 998.3
1080540 1003.3
1080550 1003.3
1080560 1007.8
1080570 1011.0
1080580 1011.0
1080590 1014.4
1080600 1017.5
1080610 1017.5
1080620 1020.4
1080630 1022.9
1080640 1022.9
1080650 1023.8
1080660 1023.4
1080670 1023.4
1080680 1023.5
1080690 1024.1
1080700 1024.1
1080710 1026.2
1080720 1027.5
1080730 1029.1
1080740 1029.1
1080750 1030.6
1080760 1032.1
1080770 1032.1
1080780 1034.0
1080790 1036.4
1080800 1036.4
1080810 1037.1
1080820 1035.9
1080830 1034.6
1080840 1036.5
1080850 1039.8
1080860 1039.8
1080870 1045.2
1080880 1048.9
1080890 1048.9
1080900 1053.1
1080910 1058.4
1080920 1058.4
1080930 1063.1
1080940 1064.7
1080950 1064.7
1080960 1067.0
1080970 1072.2
1080980 1072.2
1080990 1077.4
1081000 1081.1
1081010 1082.0
1081020 1082.0
1081030 1079.4
1081040 1076.5
1081050 1076.5
1081060 1074.6
1081070 1072.8
1081080 1072.8
1081090 1080.1
1081100 1087.6
1081110 1087.6
1081120 1094.3
1081130 1101.0
1081140 1101.0
1081150 1106.9
1081160 1108.0
1081170 1108.0
1081180 1107.5
1081190 1108.6
1081200 1108.6
1081210 1109.0
1081220 1114.1
1081230 1114.1
1081240 1120.6
1081250 1122.8
1081260 1123.7
1081270 1123.7
1081280 1125.1
1081290 1128.7
1081300 1128.7
1081310 1131.2
1081320 1131.9
1081330 1131.9
1081340 1131.7
1081350 1132.9
1081360 1132.9
1081370 1134.4
1081380 1134.8
1081390 1134.8
1081400 1134.7
1081410 1134.5
1081420 1134.5
1081430 1136.3
1081440 1135.4
1081450 1135.4
1081460 1132.5
1081470 1125.1
1081480 1125.1
1081490 1123.2
1081500 1120.9
1081510 1120.9
1081520 1120.5
1081530 1122.0
1081540 1119.1
1081550 1119.1
1081560 1113.1
1081570 1107.0
1081580 1107.0
1081590 1100.8
1081600 1100.0
1081610 1100.0
1081620 1108.0
1081630 1113.0
1081640 1113.0
1081650 1114.0
1081660 1112.3
1081670 1112.3
1081680 1113.6
1081690 1116.9
1081700 1116.9
1081710 1117.4
1081720 1117.5
1081730 1117.5
1081740 1115.3
1081750 1106.0
1081760 1106.0
1081770 1098.2
1081780 1097.0
1081790 1097.0
1081800 1105.2
1081810 1111.6
1081820 1114.7
1081830 1114.7
1081840 1113.8
1081850 1111.1
1081860 1111.1
1081870 1112.5
1081880 1111.1
1081890 1111.1
1081900 1111.1
1081910 1108.6
1081920 1108.6
1081930 1109.3
1081940 1115.9
1081950 1115.9
1081960 1112.2
1081970 1103.1
1081980 1103.1
1081990 1098.4
1082000 1102.0
1082010 1102.0
1082020 1108.4
1082030 1109.0
1082040 1109.0
1082050 1113.2
1082060 1118.8
1082070 1118.8
1082080 1120.1
1082090 1121.9
1082100 1115.6
1082110 1115.6
1082120 1117.8
1082130 1119.6
1082140 1119.6
1082150 1121.0
1082160 1122.6
1082170 1122.6
1082180 1124.6
1082190 1131.3
1082200 1131.3
1082210 1138.4
1082220 1145.6
1082230 1145.6
1082240 1150.3
1082250 1153.4
1082260 1153.4
1082270 1156.7
1082280 1158.0
1082290 1158.0
1082300 1159.5
1082310 1163.2
1082320 1163.2
1082330 1166.9
1082340 1170.2
1082350 1170.2
1082360 1170.4
1082370 1171.4
1082380 1174.9
1082390 1174.9
1082400 1180.4
1082410 1184.7
1082420 1180.1
1082430 1180.9
1082440 1187.2
1082450 1187.2
1082460 1192.6
1082470 1196.9
1082480 1196.9
1082490 1200.9
1082500 1204.4
1082510 1204.4
1082520 1207.0
1082530 1208.0
1082540 1208.0
1082550 1207.7
1082560 1209.7
1082570 1209.7
1082580 1214.0
1082590 1217.8
1082600 1217.8
1082610 1219.4
1082620 1219.3
1082630 1219.3
1082640 1224.0
1082650 1230.7
1082660 1236.2
1082670 1236.2
1082680 1240.8
1082690 1245.0
1082700 1245.0
1082710 1247.0
1082720 1247.0
1082730 1242.7
1082740 1245.8
1082750 1249.7
1082760 1249.7
1082770 1254.4
1082780 1259.5
1082790 1259.5
1082800 1264.6
1082810 1270.3
1082820 1270.3
1082830 1276.0
1082840 1281.4
1082850 1281.4
1082860 1285.7
1082870 1288.7
1082880 1288.7
1082890 1290.9
1082900 1293.1
1082910 1293.1
1082920 1296.4
1082930 1300.2
1082940 1302.9
1082950 1302.9
1082960 1304.5
1082970 1305.5
1082980 1305.5
1082990 1305.1
1083000 1305.1
1083010 1305.1
1083020 1307.8
1083030 1311.8
1083040 1311.8
1083050 1318.5
1083060 1321.9
1083070 1321.9
1083080 1324.5
1083090 1325.8
1083100 1325.8
1083110 1326.9
1083120 1328.2
1083130 1328.2
1083140 1329.9
1083150 1331.6
1083160 1331.6
1083170 1332.9
1083180 1334.0
1083190 1334.0
1083200 1335.9
1083210 1336.9
1083220 1337.3
1083230 1337.3
1083240 1338.1
1083250 1338.0
1083260 1338.0
1083270 1337.5
1083280 1336.3
1083290 1336.3
1083300 1336.2
1083310 1336.7
1083320 1336.7
1083330 1337.1
1083340 1336.6
1083350 1336.6
1083360 1332.7
1083370 1332.1
1083380 1332.1
1083390 1335.6
1083400 1337.8
1083410 1337.8
1083420 1337.6
1083430 1329.4
1083440 1329.4
1083450 1324.5
1083460 1325.8
1083470 1325.8
1083480 1331.8
1083490 1335.5
1083500 1338.1
1083510 1338.1
1083520 1339.3
1083530 1340.5
1083540 1340.5
1083550 1341.9
1083560 1342.9
1083570 1342.9
1083580 1344.6
1083590 1347.4
1083600 1347.4
1083610 1349.9
1083620 1352.4
1083630 1352.4
1083640 1354.9
1083650 1357.0
1083660 1357.0
1083670 1358.6
1083680 1368.1
1083690 1368.1
1083700 1368.7
1083710 1368.5
1083720 1368.5
1083730 1368.0
1083740 1367.2
1083750 1367.2
1083760 1365.7
1083770 1363.1
1083780 1358.1
1083790 1358.1
1083800 1352.2
1083810 1346.8
1083820 1346.8
1083830 1341.6
1083840 1336.4
1083850 1336.4
1083860 1331.4
1083870 1326.2
1083880 1326.2
1083890 1321.2
1083900 1319.3
1083910 1319.3
1083920 1316.1
1083930 1313.1
1083940 1313.1
1083950 1312.1
1083960 1310.2
1083970 1310.2
1083980 1306.6
1083990 1302.0
1084000 1298.4
1084010 1292.6
1084020 1291.0
1084030 1291.0
1084040 1289.2
1084050 1285.5
1084060 1281.8
1084070 1281.8
1084080 1277.2
1084090 1272.1
1084100 1272.1
1084110 1266.7
1084120 1262.8
1084130 1262.8
1084140 1259.4
1084150 1253.5
1084160 1253.5
1084170 1245.7
1084180 1240.6
1084190 1240.6
1084200 1236.6
1084210 1230.3
1084220 1230.3
1084230 1224.6
1084240 1220.7
1084250 1220.7
1084260 1216.0
1084270 1211.0
1084280 1211.0
1084290 1205.8
1084300 1200.0
1084310 1200.0
1084320 1192.3
1084330 1185.8
1084340 1179.2
1084350 1179.2
1084360 1171.6
1084370 1172.5
1084380 1172.5
1084390 1181.9
1084400 1186.5
1084410 1186.5
1084420 1186.2
1084430 1178.4
1084440 1178.4
1084450 1177.0
1084460 1185.2
1084470 1185.2
1084480 1191.6
1084490 1195.9
1084500 1195.9
1084510 1199.7
1084520 1205.9
1084530 1205.9
1084540 1212.6
1084550 1218.2
1084560 1218.2
1084570 1223.8
1084580 1230.4
1084590 1230.4
1084600 1236.5
1084610 1241.1
1084620 1244.6
1084630 1244.6
1084640 1251.3
1084650 1254.6
1084660 1254.6
1084670 1257.0
1084680 1259.5
1084690 1259.5
1084700 1262.8
1084710 1264.6
1084720 1264.6
1084730 1265.6
1084740 1265.7
1084750 1265.7
1084760 1265.4
1084770 1263.8
1084780 1263.8
1084790 1260.9
1084800 1256.6
1084810 1256.6
1084820 1251.9
1084830 1249.4
1084840 1249.4
1084850 1248.2
1084860 1250.3
1084870 1250.3
1084880 1246.0
1084890 1245.6
1084900 1244.4
1084910 1244.4
1084920 1242.4
1084930 1247.4
1084940 1247.4
1084950 1244.8
1084960 1251.0
1084970 1251.0
1084980 1248.5
1084990 1250.2
1085000 1250.2
1085010 1250.0
1085020 1242.9
1085030 1242.9
1085040 1238.2
1085050 1241.8
1085060 1241.8
1085070 1239.0
1085080 1231.7
1085090 1231.7
1085100 1227.6
1085110 1223.4
1085120 1223.4
1085130 1220.3
1085140 1222.8
1085150 1222.8
1085160 1231.1
1085170 1240.1
1085180 1249.0
1085190 1249.0
1085200 1255.9
1085210 1261.7
1085220 1261.7
1085230 1267.5
1085240 1272.9
1085250 1272.9
1085260 1278.7
1085270 1287.0
1085280 1286.1
1085290 1293.9
1085300 1301.9
1085310 1301.9
1085320 1309.4
1085330 1316.2
1085340 1316.2
1085350 1322.3
1085360 1328.7
1085370 1328.7
1085380 1334.8
1085390 1341.0
1085400 1341.0
1085410 1348.7
1085420 1355.4
1085430 1355.4
1085440 1361.6
1085450 1367.6
1085460 1373.8
1085470 1373.8
1085480 1381.7
1085490 1389.1
1085500 1389.1
1085510 1396.3
1085520 1403.7
1085530 1403.7
1085540 1411.1
1085550 1418.2
1085560 1418.2
1085570 1425.8
1085580 1434.0
1085590 1436.3
1085600 1443.6
1085610 1449.8
1085620 1449.8
1085630 1455.4
1085640 1461.2
1085650 1461.2
1085660 1467.1
1085670 1473.1
1085680 1473.1
1085690 1479.3
1085700 1485.3
1085710 1485.3
1085720 1492.7
1085730 1500.0
1085740 1506.5
1085750 1506.5
1085760 1512.2
1085770 1516.6
1085780 1516.6
1085790 1518.6
1085800 1513.9
1085810 1513.9
1085820 1506.1
1085830 1500.6
1085840 1500.6
1085850 1493.5
1085860 1484.9
1085870 1484.9
1085880 1479.4
1085890 1474.7
1085900 1474.7
1085910 1473.9
1085920 1464.0
1085930 1464.0
1085940 1462.2
1085950 1468.6
1085960 1468.6
1085970 1471.5
1085980 1470.6
1085990 1470.6
1086000 1460.0
1086010 1454.9
1086020 1458.3
1086030 1458.3
1086040 1469.1
1086050 1485.8
1086060 1485.8
1086070 1493.9
1086080 1497.3
1086090 1497.3
1086100 1497.6
1086110 1497.4
1086120 1497.4
1086130 1502.3
1086140 1497.5
1086150 1497.5
1086160 1487.4
1086170 1480.2
1086180 1480.2
1086190 1481.3
1086200 1489.2
1086210 1489.2
1086220 1504.8
1086230 1518.2
1086240 1518.2
1086250 1518.1
1086260 1514.2
1086270 1510.3
1086280 1510.3
1086290 1512.0
1086300 1518.8
1086310 1518.8
1086320 1522.7
1086330 1525.4
1086340 1525.4
1086350 1523.3
1086360 1518.4
1086370 1518.4
1086380 1528.9
1086390 1533.1
1086400 1533.1
1086410 1537.0
1086420 1544.4
1086430 1544.4
1086440 1549.7
1086450 1552.4
1086460 1552.4
1086470 1552.7
1086480 1549.9
1086490 1549.9
1086500 1546.9
1086510 1545.7
1086520 1545.7
1086530 1544.6
1086540 1541.8
1086550 1536.9
1086560 1536.9
1086570 1539.9
1086580 1550.8
1086590 1550.8
1086600 1558.7
1086610 1562.7
1086620 1562.7
1086630 1567.9
1086640 1571.9
1086650 1571.9
1086660 1574.9
1086670 1579.0
1086680 1579.0
1086690 1584.6
1086700 1588.6
1086710 1588.6
1086720 1590.1
1086730 1590.9
1086740 1590.9
1086750 1592.0
1086760 1593.3
1086770 1593.3
1086780 1595.9
1086790 1598.7
1086800 1598.7
1086810 1603.0
1086820 1607.4
1086830 1611.2
1086840 1611.2
1086850 1617.5
1086860 1625.4
1086870 1630.5
1086880 1639.4
1086890 1649.4
1086900 1649.4
1086910 1659.6
1086920 1674.4
1086930 1674.4
1086940 1688.9
1086950 1701.8
1086960 1701.8
1086970 1710.3
1086980 1715.7
1086990 1715.7
1087000 1718.1
1087010 1706.8
1087020 1706.8
1087030 1697.8
1087040 1690.8
1087050 1690.8
1087060 1683.2
1087070 1677.7
1087080 1677.7
1087090 1673.2
1087100 1666.7
1087110 1658.9
1087120 1658.9
1087130 1649.6
1087140 1646.2
1087150 1646.2
1087160 1640.1
1087170 1630.1
1087180 1630.1
1087190 1620.8
1087200 1612.1
1087210 1612.1
1087220 1605.3
1087230 1599.6
1087240 1599.6
1087250 1595.6
1087260 1591.6
1087270 1591.6
1087280 1588.0
1087290 1584.8
1087300 1584.8
1087310 1581.6
1087320 1578.3
1087330 1578.3
1087340 1575.4
1087350 1572.9
1087360 1572.9
1087370 1571.0
1087380 1569.4
1087390 1567.1
1087400 1567.1
1087410 1565.2
1087420 1563.5
1087430 1563.5
1087440 1561.1
1087450 1558.0
1087460 1558.0
1087470 1555.5
1087480 1553.5
1087490 1553.5
1087500 1550.8
1087510 1549.2
1087520 1549.2
1087530 1548.1
1087540 1545.7
1087550 1545.7
1087560 1543.2
1087570 1540.7
1087580 1540.7
1087590 1539.3
1087600 1538.3
1087610 1538.3
1087620 1538.0
1087630 1538.5
1087640 1538.5
1087650 1540.4
1087660 1543.5
1087670 1546.0
1087680 1546.0
1087690 1549.2
1087700 1552.6
1087710 1552.6
1087720 1556.3
1087730 1558.6
1087740 1558.6
1087750 1560.3
1087760 1562.6
1087770 1562.6
1087780 1566.2
1087790 1570.0
1087800 1570.0
1087810 1572.6
1087820 1573.3
1087830 1571.9
1087840 1571.0
1087850 1569.3
1087860 1569.3
1087870 1566.0
1087880 1561.2
1087890 1561.2
1087900 1556.4
1087910 1551.8
1087920 1551.8
1087930 1547.2
1087940 1543.1
1087950 1538.7
1087960 1538.7
1087970 1534.5
1087980 1531.5
1087990 1531.5
1088000 1530.1
1088010 1527.4
1088020 1527.4
1088030 1523.6
1088040 1520.3
1088050 1520.3
1088060 1515.7
1088070 1512.0
1088080 1512.0
1088090 1508.6
1088100 1505.1
1088110 1505.1
1088120 1502.5
1088130 1500.3
1088140 1500.3
1088150 1496.1
1088160 1489.4
1088170 1489.4
1088180 1484.2
1088190 1478.4
1088200 1478.4
1088210 1472.9
1088220 1467.9
1088230 1464.1
1088240 1464.1
1088250 1459.9
1088260 1456.2
1088270 1456.2
1088280 1452.3
1088290 1451.4
1088300 1451.4
1088310 1452.7
1088320 1452.7
1088330 1452.7
1088340 1451.0
1088350 1451.9
1088360 1451.9
1088370 1452.7
1088380 1454.3
1088390 1454.3
1088400 1455.3
1088410 1454.5
1088420 1454.5
1088430 1455.4
1088440 1458.1
1088450 1458.1
1088460 1455.5
1088470 1458.8
1088480 1456.0
1088490 1460.5
1088500 1463.2
1088510 1465.3
1088520 1465.3
1088530 1468.6
1088540 1471.1
1088550 1471.1
1088560 1471.0
1088570 1468.6
1088580 1468.6
1088590 1469.9
1088600 1477.2
1088610 1477.2
1088620 1481.9
1088630 1485.9
1088640 1485.9
1088650 1492.1
1088660 1497.6
1088670 1497.6
1088680 1502.8
1088690 1512.8
1088700 1512.8
1088710 1520.9
1088720 1526.1
1088730 1526.1
1088740 1532.1
1088750 1541.3
1088760 1541.3
1088770 1544.4
1088780 1542.7
1088790 1547.2
1088800 1543.3
1088810 1551.6
1088820 1560.0
1088830 1560.0
1088840 1573.3
1088850 1589.9
1088860 1589.9
1088870 1598.2
1088880 1599.2
1088890 1599.2
1088900 1601.8
1088910 1605.3
1088920 1605.3
1088930 1607.1
1088940 1607.6
1088950 1607.6
1088960 1608.2
1088970 1607.0
1088980 1607.0
1088990 1605.3
1089000 1602.2
1089010 1602.2
1089020 1597.3
1089030 1591.9
1089040 1591.9
1089050 1588.9
1089060 1585.3
1089070 1578.7
1089080 1578.7
1089090 1576.2
1089100 1574.7
1089110 1574.7
1089120 1579.2
1089130 1578.3
1089140 1578.3
1089150 1575.0
1089160 1575.5
1089170 1575.5
1089180 1573.9
1089190 1576.1
1089200 1576.1
1089210 1579.0
1089220 1578.7
1089230 1578.7
1089240 1579.3
1089250 1580.2
1089260 1580.2
1089270 1582.9
1089280 1583.9
1089290 1583.9
1089300 1584.4
1089310 1584.3
1089320 1584.3
1089330 1589.4
1089340 1592.7
1089350 1596.1
1089360 1596.1
1089370 1601.5
1089380 1609.0
1089390 1609.0
1089400 1615.5
1089410 1621.7
1089420 1621.7
1089430 1630.0
1089440 1635.0
1089450 1635.0
1089460 1640.8
1089470 1644.2
1089480 1644.2
1089490 1644.2
1089500 1641.3
1089510 1641.3
1089520 1637.7
1089530 1634.1
1089540 1634.1
1089550 1630.9
1089560 1627.4
1089570 1627.4
1089580 1624.8
1089590 1622.1
1089600 1622.1
1089610 1620.6
1089620 1617.8
1089630 1616.0
1089640 1616.0
1089650 1615.1
1089660 1615.3
1089670 1615.3
1089680 1614.6
1089690 1613.5
1089700 1613.5
1089710 1612.4
1089720 1610.8
1089730 1610.8
1089740 1610.4
1089750 1611.4
1089760 1611.4
1089770 1607.1
1089780 1607.2
1089790 1607.2
1089800 1607.4
1089810 1607.8
1089820 1607.8
1089830 1608.7
1089840 1609.1
1089850 1609.1
1089860 1608.2
1089870 1607.7
1089880 1607.7
1089890 1607.5
1089900 1607.8
1089910 1608.6
1089920 1608.6
1089930 1608.6
1089940 1608.1
1089950 1608.1
1089960 1606.7
1089970 1604.2
1089980 1604.2
1089990 1602.9
1090000 1601.3
1090010 1601.3
1090020 1598.8
1090030 1595.4
1090040 1595.4
1090050 1592.7
1090060 1590.2
1090070 1590.2
1090080 1587.5
1090090 1579.7
1090100 1579.7
1090110 1576.5
1090120 1572.6
1090130 1572.6
1090140 1569.2
1090150 1566.5
1090160 1566.5
1090170 1564.2
1090180 1564.3
1090190 1566.9
1090200 1566.9
1090210 1567.0
1090220 1567.9
1090230 1567.9
1090240 1567.1
1090250 1564.7
1090260 1564.7
1090270 1569.7
1090280 1572.9
1090290 1572.9
1090300 1575.9
1090310 1579.2
1090320 1579.2
1090330 1581.7
1090340 1583.0
1090350 1583.0
1090360 1582.6
1090370 1582.2
1090380 1582.2
1090390 1586.2
1090400 1588.1
1090410 1585.8
1090420 1583.4
1090430 1585.1
1090440 1585.1
1090450 1589.3
1090460 1592.1
1090470 1596.0
1090480 1596.0
1090490 1602.4
1090500 1608.2
1090510 1608.2
1090520 1614.5
1090530 1620.2
1090540 1620.2
1090550 1625.9
1090560 1630.3
1090570 1630.3
1090580 1631.9
1090590 1631.8
1090600 1631.8
1090610 1632.1
1090620 1631.6
1090630 1631.6
1090640 1633.6
1090650 1635.7
1090660 1635.7
1090670 1636.5
1090680 1633.8
1090690 1633.8
1090700 1627.7
1090710 1622.5
1090720 1622.5
1090730 1627.9
1090740 1630.6
1090750 1630.9
1090760 1630.9
1090770 1631.0
1090780 1630.8
1090790 1630.8
1090800 1630.4
1090810 1629.9
1090820 1629.9
1090830 1629.0
1090840 1628.4
1090850 1628.4
1090860 1630.3
1090870 1632.7
1090880 1632.7
1090890 1634.8
1090900 1638.0
1090910 1638.0
1090920 1640.8
1090930 1643.4
1090940 1643.4
1090950 1647.5
1090960 1653.2
1090970 1653.2
1090980 1657.5
1090990 1661.9
1091000 1661.9
1091010 1666.7
1091020 1671.3
1091030 1676.6
1091040 1676.6
1091050 1681.2
1091060 1683.9
1091070 1683.9
1091080 1685.4
1091090 1687.5
1091100 1687.5
1091110 1691.3
1091120 1696.5
1091130 1696.5
1091140 1700.1
1091150 1704.3
1091160 1704.3
1091170 1706.7
1091180 1711.0
1091190 1711.0
1091200 1716.1
1091210 1719.8
1091220 1719.8
1091230 1724.0
1091240 1727.0
1091250 1727.0
1091260 1729.3
1091270 1730.8
1091280 1732.2
1091290 1732.2
1091300 1733.2
1091310 1735.0
1091320 1735.0
1091330 1736.6
1091340 1738.4
1091350 1738.4
1091360 1740.6
1091370 1742.5
1091380 1742.8
1091390 1745.1
1091400 1746.7
1091410 1746.7
1091420 1746.8
1091430 1744.9
1091440 1744.9
1091450 1745.9
1091460 1748.5
1091470 1748.5
1091480 1750.6
1091490 1751.3
1091500 1751.3
1091510 1751.5
1091520 1747.9
1091530 1747.9
1091540 1745.8
1091550 1745.7
1091560 1748.6
1091570 1748.6
1091580 1753.5
1091590 1758.2
1091600 1758.2
1091610 1761.8
1091620 1766.5
1091630 1766.5
1091640 1770.6
1091650 1774.0
1091660 1774.0
1091670 1777.9
1091680 1784.3
1091690 1784.3
1091700 1791.4
1091710 1796.2
1091720 1796.2
1091730 1800.6
1091740 1805.5
1091750 1805.5
1091760 1809.3
1091770 1812.7
1091780 1812.7
1091790 1817.3
1091800 1822.5
1091810 1822.5
1091820 1830.5
1091830 1841.5
1091840 1851.0
1091850 1851.0
1091860 1857.0
1091870 1857.0
1091880 1857.0
1091890 1854.6
1091900 1849.3
1091910 1849.3
1091920 1842.9
1091930 1836.8
1091940 1836.8
1091950 1831.2
1091960 1827.8
1091970 1827.8
1091980 1826.0
1091990 1824.4
1092000 1824.4
1092010 1821.7
1092020 1819.5
1092030 1816.2
1092040 1815.3
1092050 1814.6
1092060 1814.6
1092070 1815.9
1092080 1816.8
1092090 1816.8
1092100 1816.2
1092110 1811.3
1092120 1799.8
1092130 1799.8
1092140 1790.0
1092150 1781.7
1092160 1781.7
1092170 1775.1
1092180 1770.6
1092190 1770.6
1092200 1766.3
1092210 1762.0
1092220 1762.0
1092230 1758.1
1092240 1753.9
1092250 1753.9
1092260 1749.5
1092270 1745.0
1092280 1745.0
1092290 1742.6
1092300 1741.2
1092310 1741.2
1092320 1740.6
1092330 1740.1
1092340 1740.1
1092350 1738.5
1092360 1738.1
1092370 1738.1
1092380 1737.7
1092390 1737.7
1092400 1737.6
1092410 1737.6
1092420 1737.5
1092430 1737.5
1092440 1737.5
1092450 1737.1
1092460 1736.8
1092470 1736.8
1092480 1737.2
1092490 1737.5
1092500 1737.5
1092510 1736.5
1092520 1734.3
1092530 1734.3
1092540 1732.2
1092550 1730.9
1092560 1730.9
1092570 1730.2
1092580 1729.7
1092590 1729.7
1092600 1730.0
1092610 1730.7
1092620 1730.7
1092630 1729.9
1092640 1728.2
1092650 1728.2
1092660 1727.9
1092670 1727.5
1092680 1726.2
1092690 1726.2
1092700 1725.4
1092710 1723.8
1092720 1723.8
1092730 1721.5
1092740 1718.9
1092750 1718.9
1092760 1715.7
1092770 1712.4
1092780 1712.4
1092790 1709.2
1092800 1706.2
1092810 1706.2
1092820 1703.1
1092830 1700.0
1092840 1700.0
1092850 1696.6
1092860 1693.0
1092870 1693.0
1092880 1690.0
1092890 1687.3
1092900 1687.3
1092910 1684.8
1092920 1682.0
1092930 1682.0
1092940 1679.1
1092950 1676.1
1092960 1674.0
1092970 1674.0
1092980 1673.3
1092990 1672.8
1093000 1672.8
1093010 1672.9
1093020 1673.7
1093030 1673.7
1093040 1674.5
1093050 1674.8
1093060 1674.8
1093070 1675.5
1093080 1675.5
1093090 1675.5
1093100 1675.3
1093110 1675.3
1093120 1675.3
1093130 1677.4
1093140 1681.2
1093150 1681.2
1093160 1684.4
1093170 1686.9
1093180 1686.9
1093190 1688.7
1093200 1689.7
1093210 1689.7
1093220 1691.5
1093230 1693.4
1093240 1696.7
1093250 1696.7
1093260 1700.5
1093270 1703.4
1093280 1703.4
1093290 1706.0
1093300 1709.1
1093310 1709.1
1093320 1711.7
1093330 1716.0
1093340 1716.0
1093350 1718.6
1093360 1720.3
1093370 1720.3
1093380 1722.2
1093390 1723.2
1093400 1723.2
1093410 1723.2
1093420 1723.0
1093430 1723.0
1093440 1723.7
1093450 1723.8
1093460 1723.8
1093470 1722.9
1093480 1719.9
1093490 1719.9
1093500 1718.2
1093510 1717.6
1093520 1715.7
1093530 1715.7
1093540 1713.4
1093550 1711.0
1093560 1711.0
1093570 1707.4
1093580 1703.3
1093590 1703.3
1093600 1699.0
1093610 1696.3
1093620 1696.3
1093630 1695.4
1093640 1693.8
1093650 1693.8
1093660 1698.5
1093670 1696.3
1093680 1696.3
1093690 1694.8
1093700 1693.6
1093710 1693.6
1093720 1691.5
1093730 1687.4
1093740 1687.4
1093750 1680.2
1093760 1674.5
1093770 1674.5
1093780 1672.5
1093790 1669.2
1093800 1668.2
1093810 1668.2
1093820 1666.6
1093830 1664.9
1093840 1664.9
1093850 1663.0
1093860 1662.7
1093870 1662.7
1093880 1660.9
1093890 1660.1
1093900 1660.1
1093910 1659.2
1093920 1658.1
1093930 1658.1
1093940 1656.4
1093950 1655.6
1093960 1655.6
1093970 1655.3
1093980 1658.6
1093990 1658.6
1094000 1659.2
1094010 1659.3
1094020 1659.3
1094030 1658.6
1094040 1658.3
1094050 1658.3
1094060 1657.2
1094070 1656.4
1094080 1654.7
1094090 1654.7
1094100 1652.7
1094110 1650.6
1094120 1650.6
1094130 1648.9
1094140 1647.4
1094150 1647.4
1094160 1645.6
1094170 1644.0
1094180 1644.0
1094190 1642.5
1094200 1640.4
1094210 1640.4
1094220 1637.9
1094230 1635.7
1094240 1635.7
1094250 1633.8
1094260 1631.7
1094270 1631.7
1094280 1629.8
1094290 1628.5
1094300 1628.5
1094310 1630.8
1094320 1631.0
1094330 1631.0
1094340 1631.9
1094350 1632.3
1094360 1633.2
1094370 1633.2
1094380 1632.7
1094390 1632.6
1094400 1632.6
1094410 1633.3
1094420 1633.9
1094430 1633.9
1094440 1638.2
1094450 1644.1
1094460 1644.1
1094470 1647.5
1094480 1650.5
1094490 1650.5
1094500 1654.2
1094510 1657.6
1094520 1657.6
1094530 1660.8
1094540 1664.1
1094550 1664.1
1094560 1667.4
1094570 1670.6
1094580 1670.6
1094590 1673.0
1094600 1675.4
1094610 1675.4
1094620 1677.7
1094630 1679.0
1094640 1678.0
1094650 1678.0
1094660 1678.9
1094670 1679.2
1094680 1679.2
1094690 1679.4
1094700 1680.6
1094710 1680.6
1094720 1682.2
1094730 1682.5
1094740 1682.5
1094750 1683.5
1094760 1685.0
1094770 1685.0
1094780 1686.3
1094790 1687.8
1094800 1687.8
1094810 1690.4
1094820 1693.9
1094830 1693.9
1094840 1697.3
1094850 1701.2
1094860 1701.2
1094870 1704.3
1094880 1706.7
1094890 1706.7
1094900 1708.5
1094910 1709.5
1094920 1709.9
1094930 1709.9
1094940 1709.8
1094950 1708.9
1094960 1709.1
1094970 1708.3
1094980 1706.8
1094990 1706.8
1095000 1705.3
1095010 1705.1
1095020 1705.1
1095030 1706.0
1095040 1706.8
1095050 1706.8
1095060 1707.5
1095070 1708.7
1095080 1708.7
1095090 1709.7
1095100 1711.4
1095110 1711.4
1095120 1712.4
1095130 1713.3
1095140 1713.3
1095150 1714.6
1095160 1716.0
1095170 1716.0
1095180 1717.0
1095190 1718.9
1095200 1720.9
1095210 1720.9
1095220 1722.9
1095230 1725.0
1095240 1725.0
1095250 1727.4
1095260 1729.5
1095270 1729.5
1095280 1732.3
1095290 1735.4
1095300 1735.4
1095310 1738.4
1095320 1741.5
1095330 1741.5
1095340 1744.6
1095350 1748.0
1095360 1748.0
1095370 1751.7
1095380 1755.4
1095390 1755.4
1095400 1759.6
1095410 1763.7
1095420 1763.7
1095430 1766.7
1095440 1768.5
1095450 1770.2
1095460 1770.2
1095470 1772.2
1095480 1774.0
1095490 1774.0
1095500 1776.9
1095510 1780.1
1095520 1780.1
1095530 1784.0
1095540 1787.9
1095550 1787.9
1095560 1792.1
1095570 1796.6
1095580 1796.6
1095590 1801.1
1095600 1806.4
1095610 1806.4
1095620 1812.9
1095630 1817.9
1095640 1817.9
1095650 1825.0
1095660 1832.1
1095670 1832.1
1095680 1839.7
1095690 1847.7
1095700 1847.7
1095710 1855.9
1095720 1864.5
1095730 1872.6
1095740 1872.6
1095750 1879.0
1095760 1880.2
1095770 1880.2
1095780 1875.8
1095790 1870.3
1095800 1870.3
1095810 1866.0
1095820 1862.3
1095830 1862.3
1095840 1859.1
1095850 1857.8
1095860 1857.8
1095870 1856.8
1095880 1854.7
1095890 1854.7
1095900 1851.9
1095910 1848.2
1095920 1848.2
1095930 1846.6
1095940 1838.9
1095950 1838.9
1095960 1835.5
1095970 1832.9
1095980 1832.9
1095990 1831.3
1096000 1828.4
1096010 1826.5
1096020 1826.5
1096030 1824.7
1096040 1823.9
1096050 1823.9
1096060 1822.7
1096070 1821.3
1096080 1821.3
1096090 1819.3
1096100 1817.5
1096110 1817.5
1096120 1815.8
1096130 1814.0
1096140 1814.0
1096150 1813.1
1096160 1811.9
1096170 1811.9
1096180 1810.4
1096190 1809.3
1096200 1809.3
1096210 1808.4
1096220 1807.8
1096230 1807.8
1096240 1806.7
1096250 1804.9
1096260 1804.9
1096270 1796.8
1096280 1796.0
1096290 1795.6
1096300 1795.6
1096310 1794.8
1096320 1793.8
1096330 1793.8
1096340 1792.8
1096350 1791.9
1096360 1791.9
1096370 1791.4
1096380 1791.9
1096390 1791.9
1096400 1792.2
1096410 1792.3
1096420 1792.3
1096430 1792.7
1096440 1793.4
1096450 1793.4
1096460 1793.6
1096470 1794.7
1096480 1794.7
1096490 1796.3
1096500 1798.5
1096510 1798.5
1096520 1799.5
1096530 1799.6
1096540 1799.6
1096550 1799.4
1096560 1798.6
1096570 1797.7
1096580 1797.7
1096590 1798.4
1096600 1797.1
1096610 1797.1
1096620 1798.0
1096630 1798.4
1096640 1798.4
1096650 1798.4
1096660 1798.7
1096670 1798.7
1096680 1799.3
1096690 1799.2
1096700 1799.2
1096710 1798.2
1096720 1798.7
1096730 1798.7
1096740 1800.3
1096750 1803.0
1096760 1803.0
1096770 1804.9
1096780 1805.4
1096790 1805.4
1096800 1805.9
1096810 1807.0
1096820 1807.0
1096830 1807.3
1096840 1807.4
1096850 1808.3
1096860 1808.3
1096870 1808.1
1096880 1808.8
1096890 1808.8
1096900 1811.1
1096910 1812.7
1096920 1812.7
1096930 1810.8
1096940 1810.1
1096950 1810.1
1096960 1808.6
1096970 1807.4
1096980 1807.4
1096990 1807.3
1097000 1807.8
1097010 1807.8
1097020 1809.0
1097030 1810.1
1097040 1810.1
1097050 1810.7
1097060 1810.7
1097070 1810.7
1097080 1810.6
1097090 1810.7
1097100 1810.7
1097110 1811.1
1097120 1812.0
1097130 1813.6
1097140 1813.6
1097150 1815.1
1097160 1817.4
1097170 1817.4
1097180 1818.2
1097190 1819.9
1097200 1819.9
1097210 1823.8
1097220 1829.1
1097230 1829.1
1097240 1834.4
1097250 1839.5
1097260 1836.0
1097270 1840.6
1097280 1845.6
1097290 1845.6
1097300 1851.2
1097310 1856.2
1097320 1856.2
1097330 1860.5
1097340 1863.5
1097350 1863.5
1097360 1864.2
1097370 1863.2
1097380 1863.2
1097390 1859.3
1097400 1851.0
1097410 1842.4
1097420 1842.4
1097430 1834.1
1097440 1826.3
1097450 1826.3
1097460 1819.2
1097470 1812.8
1097480 1812.8
1097490 1807.2
1097500 1802.8
1097510 1802.8
1097520 1797.6
1097530 1792.2
1097540 1792.2
1097550 1786.2
1097560 1780.2
1097570 1780.2
1097580 1774.5
1097590 1770.1
1097600 1770.1
1097610 1766.7
1097620 1763.8
1097630 1763.8
1097640 1762.3
1097650 1761.3
1097660 1761.3
1097670 1761.8
1097680 1761.6
1097690 1759.8
1097700 1759.8
1097710 1757.4
1097720 1755.8
1097730 1755.8
1097740 1755.0
1097750 1754.4
1097760 1754.4
1097770 1753.4
1097780 1750.8
1097790 1750.8
1097800 1748.2
1097810 1745.9
1097820 1745.9
1097830 1740.2
1097840 1733.3
1097850 1733.3
1097860 1726.7
1097870 1720.6
1097880 1720.6
1097890 1715.7
1097900 1712.3
1097910 1712.1
1097920 1709.3
1097930 1706.7
1097940 1706.7
1097950 1704.3
1097960 1702.0
1097970 1699.6
1097980 1699.6
1097990 1697.6
1098000 1695.5
1098010 1695.5
1098020 1693.6
1098030 1691.4
1098040 1691.4
1098050 1689.6
1098060 1688.9
1098070 1688.9
1098080 1688.1
1098090 1687.8
1098100 1687.8
1098110 1687.0
1098120 1686.5
1098130 1686.5
1098140 1686.3
1098150 1685.3
1098160 1685.3
1098170 1683.1
1098180 1681.6
1098190 1681.6
1098200 1679.7
1098210 1677.3
1098220 1677.3
1098230 1675.9
1098240 1674.4
1098250 1673.3
1098260 1673.3
1098270 1673.1
1098280 1673.1
1098290 1673.1
1098300 1672.6
1098310 1671.0
1098320 1671.0
1098330 1669.1
1098340 1668.1
1098350 1668.1
1098360 1667.4
1098370 1666.4
1098380 1666.4
1098390 1665.8
1098400 1665.7
1098410 1665.7
1098420 1665.7
1098430 1665.5
1098440 1665.5
1098450 1665.6
1098460 1665.7
1098470 1665.7
1098480 1665.9
1098490 1666.1
1098500 1666.1
1098510 1666.4
1098520 1666.6
1098530 1666.8
1098540 1666.8
1098550 1666.9
1098560 1667.3
1098570 1667.8
1098580 1668.4
1098590 1668.8
1098600 1668.8
1098610 1669.6
1098620 1672.1
1098630 1672.1
1098640 1673.7
1098650 1675.9
1098660 1675.9
1098670 1678.2
1098680 1680.1
1098690 1680.1
1098700 1682.4
1098710 1683.0
1098720 1683.0
1098730 1682.8
1098740 1684.0
1098750 1684.0
1098760 1684.8
1098770 1687.2
1098780 1687.2
1098790 1690.4
1098800 1693.1
1098810 1694.6
1098820 1694.6
1098830 1696.6
1098840 1699.6
1098850 1699.6
1098860 1703.3
1098870 1706.8
1098880 1706.8
1098890 1709.9
1098900 1711.3
1098910 1711.3
1098920 1713.1
1098930 1716.5
1098940 1716.5
1098950 1721.2
1098960 1725.5
1098970 1725.5
1098980 1728.2
1098990 1729.2
1099000 1729.2
1099010 1730.9
1099020 1733.2
1099030 1733.2
1099040 1734.7
1099050 1735.2
1099060 1735.7
1099070 1735.7
1099080 1736.4
1099090 1736.8
1099100 1736.8
1099110 1737.1
1099120 1736.9
1099130 1736.9
1099140 1735.0
1099150 1732.7
1099160 1732.7
1099170 1731.8
1099180 1730.9
1099190 1730.9
1099200 1729.2
1099210 1726.4
1099220 1726.4
1099230 1720.8
1099240 1718.4
1099250 1718.4
1099260 1715.8
1099270 1712.9
1099280 1712.9
1099290 1710.1
1099300 1707.9
1099310 1707.9
1099320 1706.1
1099330 1704.5
1099340 1703.2
1099350 1703.2
1099360 1701.6
1099370 1699.5
1099380 1699.5
1099390 1696.8
1099400 1693.5
1099410 1693.5
1099420 1689.8
1099430 1685.8
1099440 1685.8
1099450 1684.4
1099460 1683.1
1099470 1683.1
1099480 1681.8
1099490 1679.9
1099500 1679.9
1099510 1677.3
1099520 1674.7
1099530 1674.7
1099540 1672.1
1099550 1669.7
1099560 1669.2
1099570 1666.9
1099580 1665.0
1099590 1665.0
1099600 1663.1
1099610 1661.3
1099620 1659.8
1099630 1659.8
1099640 1657.7
1099650 1654.3
1099660 1654.3
1099670 1650.4
1099680 1646.5
1099690 1646.5
1099700 1642.2
1099710 1637.3
1099720 1637.3
1099730 1631.9
1099740 1626.4
1099750 1626.4
1099760 1621.3
1099770 1616.5
1099780 1616.5
1099790 1613.2
1099800 1610.5
1099810 1610.5
1099820 1607.6
1099830 1604.7
1099840 1604.7
1099850 1601.1
1099860 1597.3
1099870 1597.3
1099880 1593.7
1099890 1591.0
1099900 1588.8
1099910 1588.8
1099920 1587.6
1099930 1586.8
1099940 1586.8
1099950 1586.1
1099960 1585.5
1099970 1585.5
1099980 1585.1
1099990 1585.0
