1080000 932.2
1080010 936.5
1080020 941.8
1080030 941.8
1080040 950.2
1080050 954.5
1080060 954.5
1080070 958.7
1080080 962.1
1080090 962.1
1080100 964.5
1080110 967.3
1080120 967.3
1080130 970.3
1080140 974.8
1080150 974.8
1080160 977.2
1080170 981.3
1080180 981.3
1080190 983.8
1080200 985.6
1080210 985.6
1080220 985.5
1080230 986.2
1080240 986.2
1080250 986.3
1080260 986.8
1080270 987.3
1080280 987.3
1080290 987.8
1080300 988.3
1080310 988.3
1080320 988.4
1080330 987.4
1080340 987.4
1080350 983.6
1080360 985.2
1080370 985.2
1080380 989.2
1080390 992.2
1080400 992.2
1080410 995.3
1080420 997.5
1080430 997.5
1080440 998.0
1080450 996.6
1080460 996.6
1080470 996.8
1080480 997.3
1080490 997.3
1080500 996.3
1080510 994.4
1080520 994.4
1080530 998.0
1080540 1007.4
1080550 1011.9
1080560 1011.9
1080570 1017.9
1080580 1022.9
1080590 1022.9
1080600 1027.6
1080610 1031.9
1080620 1031.9
1080630 1035.0
1080640 1037.9
1080650 1037.9
1080660 1041.3
1080670 1042.6
1080680 1042.6
1080690 1040.8
1080700 1038.3
1080710 1038.3
1080720 1037.0
1080730 1038.0
1080740 1038.0
1080750 1040.4
1080760 1042.5
1080770 1042.5
1080780 1044.8
1080790 1047.3
1080800 1047.3
1080810 1048.5
1080820 1048.7
1080830 1049.4
1080840 1049.4
1080850 1047.8
1080860 1053.1
1080870 1053.1
1080880 1061.4
1080890 1068.4
1080900 1068.4
1080910 1071.4
1080920 1073.6
1080930 1073.6
1080940 1077.0
1080950 1082.7
1080960 1082.7
1080970 1087.3
1080980 1089.3
1080990 1089.3
1081000 1090.7
1081010 1092.1
1081020 1092.1
1081030 1094.1
1081040 1098.2
1081050 1098.2
1081060 1100.2
1081070 1097.6
1081080 1097.6
1081090 1092.7
1081100 1098.8
1081110 1102.0
1081120 1102.0
1081130 1100.8
1081140 1106.0
1081150 1106.0
1081160 1113.1
1081170 1116.7
1081180 1116.7
1081190 1121.2
1081200 1125.8
1081210 1125.8
1081220 1127.8
1081230 1129.4
1081240 1129.4
1081250 1130.9
1081260 1132.3
1081270 1132.3
1081280 1133.4
1081290 1134.7
1081300 1134.7
1081310 1136.0
1081320 1137.1
1081330 1137.1
1081340 1138.3
1081350 1139.6
1081360 1139.6
1081370 1140.4
1081380 1141.6
1081390 1142.9
1081400 1142.9
1081410 1144.0
1081420 1145.1
1081430 1145.1
1081440 1145.8
1081450 1146.9
1081460 1146.9
1081470 1147.7
1081480 1148.1
1081490 1144.6
1081500 1142.9
1081510 1142.4
1081520 1142.4
1081530 1143.7
1081540 1140.9
1081550 1140.9
1081560 1133.9
1081570 1130.3
1081580 1130.3
1081590 1127.2
1081600 1126.0
1081610 1126.0
1081620 1127.9
1081630 1130.4
1081640 1130.4
1081650 1136.7
1081660 1141.7
1081670 1141.7
1081680 1141.7
1081690 1143.2
1081700 1144.7
1081710 1144.7
1081720 1141.0
1081730 1135.7
1081740 1135.7
1081750 1132.4
1081760 1128.9
1081770 1128.9
1081780 1121.0
1081790 1121.1
1081800 1118.3
1081810 1127.6
1081820 1134.6
1081830 1134.6
1081840 1138.5
1081850 1138.7
1081860 1138.7
1081870 1137.0
1081880 1134.0
1081890 1134.0
1081900 1133.2
1081910 1131.2
1081920 1131.2
1081930 1131.1
1081940 1135.5
1081950 1134.9
1081960 1134.9
1081970 1130.5
1081980 1125.6
1081990 1125.6
1082000 1119.6
1082010 1113.3
1082020 1113.3
1082030 1110.0
1082040 1117.0
1082050 1117.0
1082060 1125.8
1082070 1134.6
1082080 1134.6
1082090 1143.1
1082100 1151.7
1082110 1151.7
1082120 1152.8
1082130 1153.6
1082140 1153.6
1082150 1152.6
1082160 1154.4
1082170 1154.4
1082180 1150.3
1082190 1143.6
1082200 1143.6
1082210 1147.8
1082220 1153.9
1082230 1160.0
1082240 1160.0
1082250 1165.4
1082260 1171.4
1082270 1171.4
1082280 1176.9
1082290 1180.6
1082300 1180.6
1082310 1182.6
1082320 1184.7
1082330 1184.7
1082340 1187.9
1082350 1192.0
1082360 1192.0
1082370 1194.3
1082380 1195.3
1082390 1195.3
1082400 1197.4
1082410 1199.3
1082420 1199.3
1082430 1199.0
1082440 1201.0
1082450 1201.0
1082460 1201.1
1082470 1202.7
1082480 1202.7
1082490 1208.1
1082500 1214.3
1082510 1220.2
1082520 1220.2
1082530 1225.2
1082540 1228.1
1082550 1228.1
1082560 1228.6
1082570 1229.3
1082580 1229.3
1082590 1229.9
1082600 1232.7
1082610 1232.7
1082620 1237.7
1082630 1242.2
1082640 1242.2
1082650 1245.1
1082660 1244.7
1082670 1244.7
1082680 1248.0
1082690 1252.1
1082700 1252.1
1082710 1255.6
1082720 1260.8
1082730 1260.8
1082740 1265.9
1082750 1264.4
1082760 1264.4
1082770 1265.0
1082780 1269.0
1082790 1274.3
1082800 1274.3
1082810 1279.2
1082820 1283.5
1082830 1283.5
1082840 1289.7
1082850 1295.7
1082860 1295.7
1082870 1300.7
1082880 1305.0
1082890 1305.0
1082900 1307.3
1082910 1310.2
1082920 1310.2
1082930 1314.2
1082940 1317.0
1082950 1317.0
1082960 1319.1
1082970 1319.8
1082980 1319.8
1082990 1319.8
1083000 1319.8
1083010 1319.8
1083020 1319.9
1083030 1320.7
1083040 1320.7
1083050 1322.4
1083060 1324.3
1083070 1322.8
1083080 1322.8
1083090 1323.6
1083100 1323.6
1083110 1323.6
1083120 1323.5
1083130 1323.3
1083140 1323.3
1083150 1322.7
1083160 1321.4
1083170 1321.4
1083180 1319.5
1083190 1314.6
1083200 1314.6
1083210 1310.0
1083220 1308.7
1083230 1308.7
1083240 1309.8
1083250 1308.7
1083260 1308.7
1083270 1308.0
1083280 1306.6
1083290 1306.6
1083300 1303.3
1083310 1306.3
1083320 1306.3
1083330 1306.8
1083340 1306.7
1083350 1306.3
1083360 1306.3
1083370 1303.9
1083380 1300.3
1083390 1307.9
1083400 1309.0
1083410 1309.1
1083420 1309.1
1083430 1306.7
1083440 1303.5
1083450 1303.5
1083460 1299.5
1083470 1305.1
1083480 1305.1
1083490 1307.8
1083500 1307.9
1083510 1307.9
1083520 1308.8
1083530 1309.3
1083540 1309.3
1083550 1308.4
1083560 1303.9
1083570 1303.9
1083580 1307.9
1083590 1313.1
1083600 1313.1
1083610 1315.0
1083620 1317.7
1083630 1319.2
1083640 1319.2
1083650 1320.1
1083660 1321.9
1083670 1321.9
1083680 1323.9
1083690 1325.1
1083700 1333.8
1083710 1335.5
1083720 1337.5
1083730 1337.5
1083740 1339.2
1083750 1342.2
1083760 1342.2
1083770 1344.8
1083780 1346.2
1083790 1346.2
1083800 1346.2
1083810 1345.7
1083820 1345.7
1083830 1344.8
1083840 1343.6
1083850 1343.6
1083860 1341.3
1083870 1338.7
1083880 1338.7
1083890 1335.8
1083900 1332.8
1083910 1329.2
1083920 1329.2
1083930 1325.9
1083940 1323.1
1083950 1323.1
1083960 1319.6
1083970 1315.7
1083980 1315.7
1083990 1311.4
1084000 1306.9
1084010 1306.9
1084020 1301.7
1084030 1296.2
1084040 1296.2
1084050 1291.3
1084060 1286.2
1084070 1286.2
1084080 1281.1
1084090 1274.3
1084100 1274.3
1084110 1268.3
1084120 1263.1
1084130 1263.1
1084140 1255.8
1084150 1250.9
1084160 1250.9
1084170 1247.7
1084180 1243.0
1084190 1238.1
1084200 1238.1
1084210 1234.6
1084220 1230.2
1084230 1230.2
1084240 1225.6
1084250 1222.2
1084260 1222.2
1084270 1217.9
1084280 1215.3
1084290 1215.3
1084300 1210.6
1084310 1205.4
1084320 1205.4
1084330 1200.7
1084340 1191.7
1084350 1191.7
1084360 1187.4
1084370 1180.7
1084380 1180.7
1084390 1171.5
1084400 1164.9
1084410 1164.9
1084420 1165.5
1084430 1164.7
1084440 1164.7
1084450 1169.3
1084460 1175.6
1084470 1181.9
1084480 1181.9
1084490 1187.6
1084500 1193.3
1084510 1193.3
1084520 1199.1
1084530 1203.6
1084540 1203.6
1084550 1207.7
1084560 1213.3
1084570 1213.3
1084580 1217.8
1084590 1222.9
1084600 1222.9
1084610 1226.7
1084620 1229.8
1084630 1229.8
1084640 1234.1
1084650 1236.8
1084660 1240.3
1084670 1242.0
1084680 1243.0
1084690 1243.0
1084700 1243.7
1084710 1244.8
1084720 1244.8
1084730 1245.9
1084740 1247.7
1084750 1248.1
1084760 1248.1
1084770 1247.4
1084780 1243.8
1084790 1243.8
1084800 1239.7
1084810 1236.1
1084820 1236.1
1084830 1233.1
1084840 1226.6
1084850 1226.6
1084860 1222.8
1084870 1223.9
1084880 1223.9
1084890 1224.3
1084900 1223.4
1084910 1223.4
1084920 1225.6
1084930 1231.6
1084940 1231.6
1084950 1233.4
1084960 1230.1
1084970 1230.1
1084980 1228.7
1084990 1229.3
1085000 1228.6
1085010 1228.6
1085020 1222.5
1085030 1218.1
1085040 1218.1
1085050 1214.6
1085060 1210.9
1085070 1210.9
1085080 1207.4
1085090 1214.8
1085100 1214.8
1085110 1223.5
1085120 1231.7
1085130 1231.7
1085140 1239.6
1085150 1246.0
1085160 1246.0
1085170 1250.0
1085180 1251.8
1085190 1251.8
1085200 1254.9
1085210 1259.3
1085220 1259.3
1085230 1265.2
1085240 1270.9
1085250 1270.9
1085260 1276.2
1085270 1283.0
1085280 1289.7
1085290 1287.5
1085300 1295.7
1085310 1303.4
1085320 1303.4
1085330 1311.1
1085340 1318.8
1085350 1318.8
1085360 1325.4
1085370 1330.9
1085380 1330.9
1085390 1336.6
1085400 1343.1
1085410 1343.1
1085420 1350.6
1085430 1357.6
1085440 1357.6
1085450 1364.2
1085460 1370.7
1085470 1370.7
1085480 1375.8
1085490 1380.7
1085500 1380.7
1085510 1385.2
1085520 1389.6
1085530 1389.6
1085540 1394.8
1085550 1401.8
1085560 1409.5
1085570 1409.5
1085580 1416.1
1085590 1422.9
1085600 1422.9
1085610 1434.8
1085620 1443.1
1085630 1443.1
1085640 1451.1
1085650 1458.0
1085660 1458.0
1085670 1464.1
1085680 1470.0
1085690 1470.0
1085700 1476.8
1085710 1483.4
1085720 1483.4
1085730 1489.2
1085740 1496.0
1085750 1496.0
1085760 1502.3
1085770 1507.2
1085780 1507.2
1085790 1508.9
1085800 1503.6
1085810 1503.6
1085820 1494.8
1085830 1486.3
1085840 1478.6
1085850 1478.6
1085860 1471.9
1085870 1467.3
1085880 1467.3
1085890 1463.0
1085900 1453.6
1085910 1453.6
1085920 1444.3
1085930 1444.3
1085940 1444.3
1085950 1432.4
1085960 1428.8
1085970 1428.8
1085980 1430.2
1085990 1425.0
1086000 1425.0
1086010 1431.0
1086020 1445.5
1086030 1445.5
1086040 1453.7
1086050 1455.1
1086060 1455.1
1086070 1452.9
1086080 1446.2
1086090 1446.2
1086100 1454.9
1086110 1467.2
1086120 1466.0
1086130 1466.0
1086140 1454.7
1086150 1449.6
1086160 1449.6
1086170 1454.7
1086180 1461.9
1086190 1461.9
1086200 1471.4
1086210 1470.2
1086220 1470.2
1086230 1471.7
1086240 1467.8
1086250 1470.5
1086260 1470.0
1086270 1468.1
1086280 1468.1
1086290 1478.1
1086300 1489.2
1086310 1489.2
1086320 1491.9
1086330 1479.4
1086340 1479.4
1086350 1482.6
1086360 1486.8
1086370 1486.8
1086380 1496.0
1086390 1506.7
1086400 1512.8
1086410 1512.8
1086420 1519.1
1086430 1524.8
1086440 1524.8
1086450 1525.2
1086460 1525.7
1086470 1525.7
1086480 1527.2
1086490 1528.3
1086500 1528.3
1086510 1525.9
1086520 1516.7
1086530 1516.7
1086540 1509.8
1086550 1512.1
1086560 1512.1
1086570 1523.6
1086580 1529.9
1086590 1529.9
1086600 1538.7
1086610 1551.0
1086620 1551.0
1086630 1560.1
1086640 1563.4
1086650 1563.4
1086660 1565.5
1086670 1568.1
1086680 1568.6
1086690 1568.6
1086700 1569.3
1086710 1571.0
1086720 1571.0
1086730 1570.8
1086740 1570.0
1086750 1570.0
1086760 1575.0
1086770 1577.6
1086780 1577.6
1086790 1584.8
1086800 1589.3
1086810 1589.3
1086820 1593.9
1086830 1597.7
1086840 1597.7
1086850 1602.9
1086860 1610.3
1086870 1610.3
1086880 1618.1
1086890 1635.6
1086900 1635.6
1086910 1645.4
1086920 1653.3
1086930 1653.3
1086940 1661.0
1086950 1672.7
1086960 1682.9
1086970 1682.9
1086980 1692.6
1086990 1706.6
1087000 1706.6
1087010 1715.9
1087020 1713.3
1087030 1713.3
1087040 1704.7
1087050 1696.6
1087060 1696.6
1087070 1686.4
1087080 1676.8
1087090 1676.8
1087100 1669.6
1087110 1660.4
1087120 1660.4
1087130 1652.4
1087140 1644.6
1087150 1644.6
1087160 1639.1
1087170 1633.1
1087180 1633.1
1087190 1625.5
1087200 1619.0
1087210 1618.4
1087220 1612.0
1087230 1606.2
1087240 1600.8
1087250 1600.8
1087260 1595.9
1087270 1592.1
1087280 1592.1
1087290 1588.8
1087300 1585.0
1087310 1585.0
1087320 1581.5
1087330 1579.7
1087340 1579.7
1087350 1577.0
1087360 1574.3
1087370 1574.3
1087380 1572.2
1087390 1570.2
1087400 1570.2
1087410 1568.0
1087420 1565.5
1087430 1565.5
1087440 1563.7
1087450 1561.0
1087460 1561.0
1087470 1558.2
1087480 1555.6
1087490 1555.6
1087500 1553.1
1087510 1550.3
1087520 1547.4
1087530 1547.0
1087540 1543.8
1087550 1541.0
1087560 1541.0
1087570 1539.8
1087580 1540.1
1087590 1540.1
1087600 1541.2
1087610 1542.2
1087620 1542.2
1087630 1543.3
1087640 1544.9
1087650 1544.9
1087660 1547.0
1087670 1549.3
1087680 1549.3
1087690 1552.0
1087700 1556.3
1087710 1556.3
1087720 1559.7
1087730 1562.5
1087740 1562.5
1087750 1564.9
1087760 1567.1
1087770 1567.1
1087780 1569.1
1087790 1571.1
1087800 1573.3
1087810 1573.3
1087820 1574.8
1087830 1574.8
1087840 1574.8
1087850 1573.3
1087860 1570.6
1087870 1570.6
1087880 1567.5
1087890 1564.1
1087900 1564.1
1087910 1561.2
1087920 1556.8
1087930 1556.8
1087940 1551.2
1087950 1547.2
1087960 1547.2
1087970 1544.7
1087980 1542.5
1087990 1542.5
1088000 1539.5
1088010 1536.7
1088020 1536.7
1088030 1534.5
1088040 1533.8
1088050 1533.8
1088060 1532.1
1088070 1528.5
1088080 1524.6
1088090 1524.6
1088100 1519.7
1088110 1516.7
1088120 1516.7
1088130 1513.3
1088140 1507.5
1088150 1507.5
1088160 1503.0
1088170 1499.2
1088180 1496.1
1088190 1492.5
1088200 1489.0
1088210 1489.0
1088220 1486.1
1088230 1483.2
1088240 1483.2
1088250 1479.8
1088260 1477.1
1088270 1477.1
1088280 1473.4
1088290 1472.9
1088300 1472.9
1088310 1472.5
1088320 1472.2
1088330 1472.2
1088340 1470.8
1088350 1470.3
1088360 1469.9
1088370 1469.9
1088380 1469.8
1088390 1472.1
1088400 1472.1
1088410 1475.0
1088420 1476.2
1088430 1476.2
1088440 1477.3
1088450 1478.6
1088460 1478.6
1088470 1479.9
1088480 1481.7
1088490 1481.7
1088500 1477.6
1088510 1483.6
1088520 1483.6
1088530 1488.5
1088540 1492.1
1088550 1492.1
1088560 1495.4
1088570 1498.0
1088580 1498.0
1088590 1497.2
1088600 1496.3
1088610 1496.3
1088620 1503.9
1088630 1510.0
1088640 1514.3
1088650 1514.3
1088660 1523.2
1088670 1534.5
1088680 1534.5
1088690 1536.7
1088700 1547.9
1088710 1547.9
1088720 1555.7
1088730 1559.1
1088740 1559.1
1088750 1565.4
1088760 1571.4
1088770 1571.4
1088780 1576.3
1088790 1577.9
1088800 1577.9
1088810 1579.6
1088820 1587.6
1088830 1587.6
1088840 1594.3
1088850 1601.1
1088860 1601.1
1088870 1608.7
1088880 1616.9
1088890 1616.9
1088900 1622.3
1088910 1624.1
1088920 1626.3
1088930 1626.3
1088940 1628.2
1088950 1629.1
1088960 1629.1
1088970 1630.5
1088980 1630.8
1088990 1630.8
1089000 1628.5
1089010 1624.2
1089020 1624.2
1089030 1619.8
1089040 1616.0
1089050 1616.0
1089060 1612.7
1089070 1609.9
1089080 1609.9
1089090 1607.1
1089100 1605.1
1089110 1605.1
1089120 1602.9
1089130 1604.4
1089140 1597.9
1089150 1597.5
1089160 1598.3
1089170 1598.3
1089180 1600.4
1089190 1601.0
1089200 1599.8
1089210 1599.8
1089220 1599.7
1089230 1600.3
1089240 1600.3
1089250 1601.3
1089260 1601.8
1089270 1601.8
1089280 1603.3
1089290 1604.8
1089300 1604.8
1089310 1605.8
1089320 1604.9
1089330 1604.9
1089340 1604.1
1089350 1608.5
1089360 1608.5
1089370 1614.3
1089380 1619.5
1089390 1619.5
1089400 1624.9
1089410 1632.8
1089420 1632.8
1089430 1641.5
1089440 1648.5
1089450 1648.5
1089460 1652.5
1089470 1659.6
1089480 1664.2
1089490 1664.2
1089500 1665.3
1089510 1662.2
1089520 1662.2
1089530 1657.7
1089540 1652.6
1089550 1652.6
1089560 1647.6
1089570 1644.0
1089580 1644.0
1089590 1641.4
1089600 1639.3
1089610 1639.3
1089620 1636.7
1089630 1634.4
1089640 1634.4
1089650 1632.3
1089660 1630.6
1089670 1630.6
1089680 1630.5
1089690 1630.2
1089700 1630.2
1089710 1628.7
1089720 1626.3
1089730 1626.3
1089740 1624.6
1089750 1624.9
1089760 1627.0
1089770 1627.0
1089780 1628.1
1089790 1625.4
1089800 1625.4
1089810 1624.6
1089820 1623.2
1089830 1623.2
1089840 1623.3
1089850 1624.4
1089860 1624.4
1089870 1623.7
1089880 1623.0
1089890 1623.0
1089900 1623.0
1089910 1622.7
1089920 1622.7
1089930 1621.8
1089940 1621.1
1089950 1621.1
1089960 1620.3
1089970 1619.2
1089980 1619.2
1089990 1618.7
1090000 1617.7
1090010 1617.7
1090020 1615.4
1090030 1613.0
1090040 1610.8
1090050 1610.8
1090060 1606.7
1090070 1603.8
1090080 1603.8
1090090 1602.7
1090100 1600.7
1090110 1594.6
1090120 1592.0
1090130 1589.1
1090140 1589.1
1090150 1586.1
1090160 1585.3
1090170 1585.3
1090180 1583.3
1090190 1583.5
1090200 1583.5
1090210 1581.9
1090220 1581.5
1090230 1581.5
1090240 1582.9
1090250 1583.4
1090260 1583.4
1090270 1582.4
1090280 1580.5
1090290 1581.7
1090300 1581.7
1090310 1584.9
1090320 1587.9
1090330 1587.9
1090340 1590.5
1090350 1592.9
1090360 1592.9
1090370 1594.6
1090380 1596.8
1090390 1596.8
1090400 1597.6
1090410 1597.6
1090420 1597.6
1090430 1592.4
1090440 1593.9
1090450 1593.9
1090460 1598.4
1090470 1600.5
1090480 1600.5
1090490 1601.8
1090500 1604.5
1090510 1604.5
1090520 1608.0
1090530 1613.1
1090540 1613.1
1090550 1618.4
1090560 1623.8
1090570 1629.7
1090580 1629.7
1090590 1635.2
1090600 1638.9
1090610 1638.9
1090620 1641.1
1090630 1642.0
1090640 1642.0
1090650 1642.4
1090660 1642.4
1090670 1642.4
1090680 1642.0
1090690 1641.1
1090700 1641.1
1090710 1640.4
1090720 1639.9
1090730 1639.9
1090740 1635.8
1090750 1634.5
1090760 1634.5
1090770 1638.4
1090780 1639.0
1090790 1639.0
1090800 1639.8
1090810 1639.5
1090820 1639.5
1090830 1639.0
1090840 1637.8
1090850 1633.4
1090860 1633.4
1090870 1632.7
1090880 1636.5
1090890 1636.5
1090900 1639.1
1090910 1641.3
1090920 1641.3
1090930 1644.9
1090940 1648.2
1090950 1648.2
1090960 1650.8
1090970 1654.0
1090980 1654.0
1090990 1657.3
1091000 1661.4
1091010 1661.4
1091020 1666.3
1091030 1671.8
1091040 1671.8
1091050 1676.9
1091060 1678.8
1091070 1678.8
1091080 1682.4
1091090 1686.3
1091100 1686.3
1091110 1692.1
1091120 1698.9
1091130 1703.6
1091140 1703.6
1091150 1708.3
1091160 1710.9
1091170 1710.9
1091180 1713.0
1091190 1716.5
1091200 1716.5
1091210 1719.9
1091220 1724.1
1091230 1724.1
1091240 1727.7
1091250 1732.0
1091260 1732.0
1091270 1734.0
1091280 1735.0
1091290 1735.0
1091300 1736.2
1091310 1738.2
1091320 1738.2
1091330 1740.1
1091340 1741.4
1091350 1741.4
1091360 1741.8
1091370 1741.9
1091380 1741.9
1091390 1742.9
1091400 1745.9
1091410 1748.9
1091420 1748.9
1091430 1748.9
1091440 1746.5
1091450 1746.5
1091460 1747.3
1091470 1748.7
1091480 1748.7
1091490 1747.8
1091500 1747.6
1091510 1747.6
1091520 1749.5
1091530 1752.7
1091540 1752.7
1091550 1756.7
1091560 1760.1
1091570 1760.1
1091580 1763.7
1091590 1769.0
1091600 1769.0
1091610 1774.3
1091620 1779.0
1091630 1779.0
1091640 1783.6
1091650 1786.9
1091660 1786.9
1091670 1789.0
1091680 1793.1
1091690 1795.3
1091700 1795.3
1091710 1797.8
1091720 1802.4
1091730 1802.1
1091740 1807.3
1091750 1813.2
1091760 1813.2
1091770 1817.0
1091780 1822.1
1091790 1822.1
1091800 1828.7
1091810 1835.2
1091820 1835.2
1091830 1840.6
1091840 1845.3
1091850 1845.3
1091860 1852.3
1091870 1860.2
1091880 1860.2
1091890 1861.3
1091900 1857.6
1091910 1857.6
1091920 1853.1
1091930 1850.2
1091940 1850.2
1091950 1847.9
1091960 1845.7
1091970 1844.3
1091980 1844.3
1091990 1841.4
1092000 1838.4
1092010 1838.4
1092020 1835.5
1092030 1830.8
1092040 1830.8
1092050 1823.5
1092060 1816.4
1092070 1816.4
1092080 1808.3
1092090 1800.2
1092100 1800.2
1092110 1793.2
1092120 1788.5
1092130 1788.5
1092140 1783.6
1092150 1779.0
1092160 1779.0
1092170 1774.3
1092180 1770.5
1092190 1770.5
1092200 1767.1
1092210 1763.3
1092220 1763.3
1092230 1759.6
1092240 1756.6
1092250 1753.4
1092260 1753.4
1092270 1750.9
1092280 1748.7
1092290 1748.7
1092300 1747.1
1092310 1746.3
1092320 1746.3
1092330 1745.1
1092340 1744.0
1092350 1744.0
1092360 1743.4
1092370 1741.1
1092380 1741.1
1092390 1740.9
1092400 1741.8
1092410 1741.8
1092420 1742.8
1092430 1742.9
1092440 1742.9
1092450 1742.6
1092460 1743.4
1092470 1743.4
1092480 1743.8
1092490 1742.9
1092500 1742.9
1092510 1741.3
1092520 1741.2
1092530 1741.1
1092540 1741.1
1092550 1740.1
1092560 1739.5
1092570 1739.5
1092580 1737.8
1092590 1736.7
1092600 1736.7
1092610 1737.2
1092620 1737.4
1092630 1737.4
1092640 1736.5
1092650 1734.7
1092660 1734.7
1092670 1732.4
1092680 1730.3
1092690 1730.3
1092700 1727.5
1092710 1725.5
1092720 1725.5
1092730 1723.9
1092740 1722.6
1092750 1722.6
1092760 1721.2
1092770 1718.9
1092780 1718.9
1092790 1716.2
1092800 1713.9
1092810 1712.1
1092820 1712.1
1092830 1709.9
1092840 1707.7
1092850 1707.7
1092860 1704.9
1092870 1701.6
1092880 1701.6
1092890 1698.0
1092900 1694.9
1092910 1694.9
1092920 1691.5
1092930 1688.1
1092940 1688.1
1092950 1684.8
1092960 1680.8
1092970 1680.8
1092980 1676.6
1092990 1673.7
1093000 1673.7
1093010 1672.5
1093020 1670.8
1093030 1670.8
1093040 1670.3
1093050 1669.3
1093060 1669.3
1093070 1668.8
1093080 1668.5
1093090 1668.8
1093100 1668.8
1093110 1670.8
1093120 1671.5
1093130 1671.5
1093140 1671.6
1093150 1671.7
1093160 1671.7
1093170 1671.4
1093180 1670.5
1093190 1670.5
1093200 1671.0
1093210 1671.8
1093220 1671.8
1093230 1672.5
1093240 1672.5
1093250 1672.5
1093260 1674.4
1093270 1677.0
1093280 1677.0
1093290 1679.3
1093300 1680.3
1093310 1680.3
1093320 1680.3
1093330 1679.7
1093340 1679.7
1093350 1688.0
1093360 1688.3
1093370 1687.8
1093380 1687.8
1093390 1687.0
1093400 1687.0
1093410 1687.0
1093420 1686.6
1093430 1688.1
1093440 1688.1
1093450 1687.8
1093460 1685.5
1093470 1685.5
1093480 1683.5
1093490 1682.0
1093500 1682.0
1093510 1682.0
1093520 1682.5
1093530 1682.5
1093540 1681.7
1093550 1679.8
1093560 1679.8
1093570 1679.1
1093580 1678.2
1093590 1678.2
1093600 1677.8
1093610 1675.5
1093620 1675.5
1093630 1675.2
1093640 1673.6
1093650 1669.8
1093660 1669.8
1093670 1668.0
1093680 1673.0
1093690 1673.0
1093700 1668.4
1093710 1663.5
1093720 1663.5
1093730 1658.8
1093740 1654.5
1093750 1654.5
1093760 1650.2
1093770 1647.0
1093780 1647.0
1093790 1648.0
1093800 1647.5
1093810 1647.5
1093820 1647.2
1093830 1645.7
1093840 1645.7
1093850 1643.0
1093860 1642.2
1093870 1642.2
1093880 1641.0
1093890 1639.9
1093900 1639.9
1093910 1639.9
1093920 1639.7
1093930 1638.3
1093940 1638.3
1093950 1637.3
1093960 1636.6
1093970 1636.6
1093980 1636.7
1093990 1637.0
1094000 1641.5
1094010 1641.1
1094020 1640.5
1094030 1640.5
1094040 1639.9
1094050 1638.7
1094060 1638.7
1094070 1636.7
1094080 1634.6
1094090 1634.6
1094100 1632.7
1094110 1631.2
1094120 1631.2
1094130 1630.4
1094140 1629.9
1094150 1629.9
1094160 1627.8
1094170 1625.0
1094180 1625.0
1094190 1622.3
1094200 1620.8
1094210 1620.3
1094220 1620.3
1094230 1620.4
1094240 1619.7
1094250 1619.7
1094260 1619.5
1094270 1619.9
1094280 1619.9
1094290 1622.0
1094300 1625.1
1094310 1625.1
1094320 1629.1
1094330 1630.2
1094340 1630.2
1094350 1633.6
1094360 1636.8
1094370 1636.8
1094380 1639.9
1094390 1642.9
1094400 1642.9
1094410 1646.0
1094420 1649.2
1094430 1649.2
1094440 1652.3
1094450 1655.6
1094460 1655.6
1094470 1658.8
1094480 1661.9
1094490 1665.4
1094500 1665.4
1094510 1668.7
1094520 1672.0
1094530 1672.0
1094540 1675.2
1094550 1677.7
1094560 1677.7
1094570 1679.5
1094580 1681.0
1094590 1681.0
1094600 1682.0
1094610 1682.7
1094620 1682.7
1094630 1683.4
1094640 1683.7
1094650 1682.8
1094660 1682.9
1094670 1683.1
1094680 1683.1
1094690 1683.6
1094700 1684.1
1094710 1684.1
1094720 1685.0
1094730 1686.2
1094740 1686.2
1094750 1687.9
1094760 1690.0
1094770 1692.1
1094780 1692.1
1094790 1694.0
1094800 1696.3
1094810 1696.3
1094820 1699.2
1094830 1701.8
1094840 1701.8
1094850 1703.9
1094860 1705.5
1094870 1705.5
1094880 1706.9
1094890 1707.8
1094900 1707.8
1094910 1708.4
1094920 1708.6
1094930 1708.6
1094940 1708.3
1094950 1707.8
1094960 1707.8
1094970 1707.7
1094980 1707.2
1094990 1707.2
1095000 1707.0
1095010 1707.6
1095020 1708.2
1095030 1708.2
1095040 1709.0
1095050 1710.0
1095060 1710.0
1095070 1711.0
1095080 1711.9
1095090 1711.9
1095100 1712.7
1095110 1713.6
1095120 1713.6
1095130 1714.4
1095140 1715.2
1095150 1715.2
1095160 1716.6
1095170 1718.5
1095180 1718.5
1095190 1720.5
1095200 1722.7
1095210 1722.7
1095220 1724.7
1095230 1726.2
1095240 1726.2
1095250 1727.9
1095260 1729.5
1095270 1729.5
1095280 1731.1
1095290 1732.8
1095300 1734.5
1095310 1732.1
1095320 1733.3
1095330 1736.4
1095340 1736.4
1095350 1739.5
1095360 1741.1
1095370 1741.1
1095380 1743.4
1095390 1746.1
1095400 1746.1
1095410 1748.7
1095420 1751.5
1095430 1751.5
1095440 1754.8
1095450 1758.5
1095460 1758.5
1095470 1761.7
1095480 1765.5
1095490 1765.5
1095500 1768.7
1095510 1774.4
1095520 1774.4
1095530 1776.8
1095540 1779.1
1095550 1779.1
1095560 1783.5
1095570 1789.6
1095580 1793.2
1095590 1793.2
1095600 1795.1
1095610 1799.0
1095620 1799.0
1095630 1803.2
1095640 1810.6
1095650 1810.6
1095660 1816.7
1095670 1824.4
1095680 1824.4
1095690 1832.4
1095700 1840.7
1095710 1840.7
1095720 1849.5
1095730 1858.1
1095740 1858.1
1095750 1866.5
1095760 1874.5
1095770 1874.5
1095780 1880.9
1095790 1885.4
1095800 1885.4
1095810 1886.4
1095820 1885.3
1095830 1885.3
1095840 1883.2
1095850 1880.3
1095860 1877.4
1095870 1877.4
1095880 1874.6
1095890 1871.7
1095900 1871.7
1095910 1868.3
1095920 1864.0
1095930 1864.0
1095940 1861.1
1095950 1860.3
1095960 1854.2
1095970 1853.5
1095980 1852.2
1095990 1852.2
1096000 1850.1
1096010 1848.8
1096020 1848.8
1096030 1848.2
1096040 1847.3
1096050 1847.3
1096060 1845.9
1096070 1843.5
1096080 1843.5
1096090 1841.4
1096100 1839.9
1096110 1839.9
1096120 1837.7
1096130 1835.4
1096140 1834.9
1096150 1834.9
1096160 1833.9
1096170 1834.7
1096180 1834.7
1096190 1834.7
1096200 1834.4
1096210 1834.4
1096220 1833.5
1096230 1831.8
1096240 1831.8
1096250 1829.3
1096260 1826.5
1096270 1826.5
1096280 1823.7
1096290 1815.8
1096300 1815.8
1096310 1813.7
1096320 1811.8
1096330 1811.8
1096340 1810.8
1096350 1811.7
1096360 1811.7
1096370 1811.4
1096380 1811.4
1096390 1811.4
1096400 1811.7
1096410 1811.7
1096420 1811.7
1096430 1811.7
1096440 1812.8
1096450 1814.0
1096460 1814.0
1096470 1814.8
1096480 1814.9
1096490 1814.9
1096500 1814.7
1096510 1813.9
1096520 1813.9
1096530 1811.8
1096540 1809.9
1096550 1809.9
1096560 1809.4
1096570 1809.5
1096580 1809.5
1096590 1809.1
1096600 1809.8
1096610 1809.8
1096620 1806.3
1096630 1806.4
1096640 1806.4
1096650 1807.9
1096660 1808.7
1096670 1808.7
1096680 1809.1
1096690 1809.8
1096700 1811.5
1096710 1811.5
1096720 1813.1
1096730 1814.0
1096740 1814.0
1096750 1814.5
1096760 1815.4
1096770 1815.4
1096780 1816.3
1096790 1818.9
1096800 1818.9
1096810 1821.1
1096820 1822.8
1096830 1822.8
1096840 1823.4
1096850 1822.9
1096860 1822.9
1096870 1821.5
1096880 1820.7
1096890 1820.7
1096900 1822.0
1096910 1823.5
1096920 1823.5
1096930 1824.4
1096940 1824.5
1096950 1820.7
1096960 1820.9
1096970 1820.7
1096980 1819.8
1096990 1819.8
1097000 1820.1
1097010 1820.9
1097020 1820.9
1097030 1819.8
1097040 1818.8
1097050 1818.8
1097060 1818.3
1097070 1818.7
1097080 1818.7
1097090 1819.4
1097100 1820.0
1097110 1820.0
1097120 1820.9
1097130 1822.2
1097140 1822.2
1097150 1824.7
1097160 1828.0
1097170 1828.0
1097180 1830.0
1097190 1832.7
1097200 1832.7
1097210 1836.5
1097220 1841.9
1097230 1841.9
1097240 1847.3
1097250 1852.6
1097260 1860.1
1097270 1860.1
1097280 1863.6
1097290 1869.3
1097300 1869.3
1097310 1869.9
1097320 1863.8
1097330 1863.8
1097340 1856.3
1097350 1850.5
1097360 1850.5
1097370 1844.7
1097380 1840.1
1097390 1840.1
1097400 1835.6
1097410 1829.4
1097420 1829.4
1097430 1822.9
1097440 1815.7
1097450 1815.7
1097460 1809.1
1097470 1802.7
1097480 1802.7
1097490 1798.0
1097500 1794.0
1097510 1794.0
1097520 1789.6
1097530 1784.9
1097540 1781.2
1097550 1781.2
1097560 1776.5
1097570 1772.6
1097580 1772.6
1097590 1769.0
1097600 1764.0
1097610 1765.3
1097620 1761.7
1097630 1758.4
1097640 1758.4
1097650 1755.7
1097660 1753.9
1097670 1753.9
1097680 1752.2
1097690 1751.7
1097700 1751.7
1097710 1750.4
1097720 1749.0
1097730 1749.0
1097740 1748.2
1097750 1747.7
1097760 1747.7
1097770 1747.3
1097780 1746.5
1097790 1746.5
1097800 1744.9
1097810 1742.9
1097820 1740.0
1097830 1740.0
1097840 1734.0
1097850 1726.6
1097860 1726.6
1097870 1720.9
1097880 1716.9
1097890 1716.9
1097900 1713.9
1097910 1711.5
1097920 1711.5
1097930 1708.5
1097940 1706.3
1097950 1706.3
1097960 1703.9
1097970 1701.9
1097980 1701.9
1097990 1699.6
1098000 1697.2
1098010 1697.2
1098020 1695.1
1098030 1692.6
1098040 1692.6
1098050 1691.2
1098060 1690.4
1098070 1690.4
1098080 1690.1
1098090 1689.7
1098100 1689.3
1098110 1689.3
1098120 1688.5
1098130 1687.5
1098140 1687.5
1098150 1685.4
1098160 1682.4
1098170 1682.4
1098180 1680.3
1098190 1679.5
1098200 1679.5
1098210 1677.6
1098220 1675.3
1098230 1675.3
1098240 1673.3
1098250 1672.5
1098260 1672.8
1098270 1672.2
1098280 1671.5
1098290 1671.5
1098300 1670.9
1098310 1670.4
1098320 1670.4
1098330 1669.5
1098340 1668.6
1098350 1668.6
1098360 1667.9
1098370 1667.4
1098380 1667.0
1098390 1667.0
1098400 1666.3
1098410 1666.1
1098420 1666.1
1098430 1666.3
1098440 1666.3
1098450 1666.3
1098460 1666.3
1098470 1666.2
1098480 1666.2
1098490 1666.1
1098500 1666.1
1098510 1666.1
1098520 1666.7
1098530 1667.1
1098540 1667.1
1098550 1667.5
1098560 1668.1
1098570 1668.1
1098580 1668.7
1098590 1669.1
1098600 1669.1
1098610 1670.6
1098620 1672.0
1098630 1672.7
1098640 1672.7
1098650 1673.8
1098660 1674.0
1098670 1674.0
1098680 1675.8
1098690 1677.1
1098700 1677.1
1098710 1677.6
1098720 1678.3
1098730 1678.3
1098740 1679.0
1098750 1681.2
1098760 1681.2
1098770 1684.7
1098780 1689.5
1098790 1689.5
1098800 1693.9
1098810 1698.0
1098820 1698.0
1098830 1701.8
1098840 1705.4
1098850 1705.4
1098860 1708.6
1098870 1712.2
1098880 1712.2
1098890 1715.5
1098900 1718.7
1098910 1721.4
1098920 1719.7
1098930 1722.1
1098940 1724.1
1098950 1724.1
1098960 1725.8
1098970 1728.1
1098980 1728.1
1098990 1730.0
1099000 1730.9
1099010 1730.9
1099020 1731.7
1099030 1732.3
1099040 1732.3
1099050 1732.7
1099060 1733.5
1099070 1733.5
1099080 1734.4
1099090 1734.5
1099100 1734.5
1099110 1734.3
1099120 1734.1
1099130 1734.1
1099140 1733.6
1099150 1733.0
1099160 1733.0
1099170 1732.1
1099180 1730.7
1099190 1729.0
1099200 1729.0
1099210 1726.3
1099220 1722.9
1099230 1722.9
1099240 1719.8
1099250 1718.2
1099260 1718.2
1099270 1715.3
1099280 1712.8
1099290 1712.8
1099300 1710.5
1099310 1708.7
1099320 1708.7
1099330 1707.2
1099340 1705.6
1099350 1705.6
1099360 1704.0
1099370 1702.5
1099380 1702.5
1099390 1701.4
1099400 1699.6
1099410 1699.6
1099420 1696.2
1099430 1692.5
1099440 1692.5
1099450 1688.8
1099460 1686.5
1099470 1684.3
1099480 1684.3
1099490 1682.1
1099500 1679.9
1099510 1679.9
1099520 1677.1
1099530 1674.4
1099540 1674.4
1099550 1671.7
1099560 1668.6
1099570 1668.6
1099580 1665.5
1099590 1662.2
1099600 1662.2
1099610 1659.2
1099620 1656.3
1099630 1656.3
1099640 1653.1
1099650 1649.2
1099660 1649.2
1099670 1645.8
1099680 1643.0
1099690 1643.0
1099700 1640.6
1099710 1638.0
1099720 1638.0
1099730 1634.0
1099740 1630.1
1099750 1627.6
1099760 1627.6
1099770 1625.7
1099780 1623.1
1099790 1623.1
1099800 1619.1
1099810 1614.3
1099820 1614.3
1099830 1610.3
1099840 1608.3
1099850 1608.3
1099860 1606.8
1099870 1605.3
1099880 1605.3
1099890 1603.1
1099900 1600.1
1099910 1600.1
1099920 1595.1
1099930 1593.7
1099940 1593.7
1099950 1592.1
1099960 1589.3
1099970 1589.3
1099980 1585.2
1099990 1582.4
