1080000 1021.6
1080010 1024.4
1080020 1029.0
1080030 1030.9
1080040 1030.9
1080050 1033.8
1080060 1036.8
1080070 1036.8
1080080 1039.4
1080090 1041.8
1080100 1041.8
1080110 1045.2
1080120 1048.3
1080130 1048.3
1080140 1051.0
1080150 1052.6
1080160 1052.6
1080170 1055.1
1080180 1058.1
1080190 1058.1
1080200 1059.9
1080210 1061.4
1080220 1061.4
1080230 1062.9
1080240 1065.1
1080250 1065.1
1080260 1068.1
1080270 1070.8
1080280 1070.8
1080290 1074.3
1080300 1077.2
1080310 1080.3
1080320 1080.3
1080330 1083.3
1080340 1082.2
1080350 1082.2
1080360 1085.2
1080370 1089.8
1080380 1089.8
1080390 1093.0
1080400 1097.2
1080410 1097.2
1080420 1099.9
1080430 1102.3
1080440 1102.3
1080450 1105.7
1080460 1108.6
1080470 1108.6
1080480 1111.8
1080490 1114.6
1080500 1114.6
1080510 1115.7
1080520 1116.2
1080530 1116.2
1080540 1114.7
1080550 1114.6
1080560 1114.6
1080570 1115.4
1080580 1116.8
1080590 1118.5
1080600 1118.5
1080610 1119.8
1080620 1120.2
1080630 1120.2
1080640 1120.5
1080650 1120.9
1080660 1118.9
1080670 1120.0
1080680 1121.3
1080690 1121.3
1080700 1123.1
1080710 1125.0
1080720 1125.0
1080730 1128.2
1080740 1131.1
1080750 1131.1
1080760 1133.0
1080770 1135.6
1080780 1135.6
1080790 1141.6
1080800 1147.9
1080810 1147.9
1080820 1154.4
1080830 1158.2
1080840 1158.2
1080850 1164.3
1080860 1168.0
1080870 1171.2
1080880 1171.2
1080890 1175.3
1080900 1178.2
1080910 1178.2
1080920 1180.6
1080930 1184.7
1080940 1184.7
1080950 1188.7
1080960 1192.6
1080970 1189.5
1080980 1193.2
1080990 1197.5
1081000 1197.5
1081010 1199.6
1081020 1201.5
1081030 1201.5
1081040 1204.2
1081050 1206.6
1081060 1206.6
1081070 1210.9
1081080 1214.2
1081090 1214.2
1081100 1216.9
1081110 1219.6
1081120 1219.6
1081130 1222.2
1081140 1225.2
1081150 1228.0
1081160 1228.0
1081170 1230.2
1081180 1232.7
1081190 1232.7
1081200 1236.1
1081210 1238.8
1081220 1238.8
1081230 1240.5
1081240 1241.4
1081250 1241.4
1081260 1241.9
1081270 1241.5
1081280 1241.5
1081290 1238.1
1081300 1238.7
1081310 1238.7
1081320 1239.9
1081330 1241.1
1081340 1241.1
1081350 1243.3
1081360 1248.8
1081370 1248.8
1081380 1252.9
1081390 1255.9
1081400 1255.9
1081410 1259.8
1081420 1262.5
1081430 1264.1
1081440 1264.1
1081450 1265.8
1081460 1267.6
1081470 1267.6
1081480 1269.5
1081490 1270.0
1081500 1270.0
1081510 1270.9
1081520 1274.6
1081530 1274.6
1081540 1276.8
1081550 1278.2
1081560 1278.2
1081570 1280.0
1081580 1282.0
1081590 1282.0
1081600 1286.9
1081610 1290.5
1081620 1290.5
1081630 1293.5
1081640 1296.7
1081650 1296.7
1081660 1299.6
1081670 1302.4
1081680 1302.4
1081690 1305.6
1081700 1308.7
1081710 1311.6
1081720 1311.6
1081730 1314.6
1081740 1317.3
1081750 1317.3
1081760 1319.6
1081770 1322.0
1081780 1322.0
1081790 1324.3
1081800 1326.5
1081810 1326.5
1081820 1328.4
1081830 1329.7
1081840 1329.7
1081850 1330.5
1081860 1331.1
1081870 1331.1
1081880 1331.3
1081890 1331.0
1081900 1331.0
1081910 1331.0
1081920 1326.1
1081930 1326.1
1081940 1325.3
1081950 1327.3
1081960 1327.3
1081970 1329.2
1081980 1328.1
1081990 1326.9
1082000 1326.9
1082010 1329.2
1082020 1334.1
1082030 1334.1
1082040 1336.6
1082050 1339.1
1082060 1339.1
1082070 1342.1
1082080 1346.0
1082090 1346.0
1082100 1351.2
1082110 1357.0
1082120 1357.0
1082130 1363.3
1082140 1370.1
1082150 1370.1
1082160 1376.1
1082170 1381.9
1082180 1381.9
1082190 1387.5
1082200 1392.8
1082210 1392.8
1082220 1398.4
1082230 1404.2
1082240 1401.6
1082250 1406.3
1082260 1410.0
1082270 1413.9
1082280 1413.9
1082290 1417.6
1082300 1420.7
1082310 1420.7
1082320 1422.8
1082330 1424.4
1082340 1424.4
1082350 1425.1
1082360 1425.2
1082370 1425.2
1082380 1424.2
1082390 1422.4
1082400 1422.4
1082410 1420.4
1082420 1418.4
1082430 1418.4
1082440 1416.6
1082450 1414.3
1082460 1414.3
1082470 1412.2
1082480 1410.6
1082490 1410.6
1082500 1409.3
1082510 1410.1
1082520 1410.1
1082530 1412.9
1082540 1416.0
1082550 1417.9
1082560 1415.9
1082570 1417.3
1082580 1418.2
1082590 1418.2
1082600 1418.9
1082610 1419.2
1082620 1419.2
1082630 1419.4
1082640 1420.2
1082650 1420.2
1082660 1421.0
1082670 1421.5
1082680 1421.5
1082690 1421.9
1082700 1422.3
1082710 1422.3
1082720 1423.1
1082730 1424.7
1082740 1424.7
1082750 1426.2
1082760 1427.3
1082770 1427.3
1082780 1428.2
1082790 1429.0
1082800 1429.0
1082810 1429.8
1082820 1429.8
1082830 1429.1
1082840 1429.1
1082850 1428.3
1082860 1427.6
1082870 1426.6
1082880 1426.0
1082890 1425.2
1082900 1425.2
1082910 1424.3
1082920 1423.1
1082930 1423.1
1082940 1421.4
1082950 1419.2
1082960 1419.2
1082970 1417.1
1082980 1414.2
1082990 1414.2
1083000 1411.8
1083010 1410.8
1083020 1410.8
1083030 1406.1
1083040 1396.3
1083050 1396.3
1083060 1386.8
1083070 1377.4
1083080 1377.4
1083090 1368.6
1083100 1359.9
1083110 1349.0
1083120 1349.0
1083130 1336.8
1083140 1326.0
1083150 1326.0
1083160 1318.0
1083170 1310.7
1083180 1310.7
1083190 1301.8
1083200 1294.8
1083210 1294.8
1083220 1287.2
1083230 1279.9
1083240 1279.9
1083250 1273.6
1083260 1267.3
1083270 1267.3
1083280 1261.5
1083290 1256.1
1083300 1256.1
1083310 1250.3
1083320 1244.6
1083330 1244.6
1083340 1238.4
1083350 1232.6
1083360 1232.6
1083370 1226.6
1083380 1220.8
1083390 1214.7
1083400 1214.7
1083410 1208.8
1083420 1202.5
1083430 1202.5
1083440 1195.0
1083450 1188.4
1083460 1188.4
1083470 1183.8
1083480 1180.4
1083490 1180.4
1083500 1176.9
1083510 1168.5
1083520 1168.5
1083530 1164.3
1083540 1158.6
1083550 1158.6
1083560 1151.8
1083570 1144.5
1083580 1144.5
1083590 1138.7
1083600 1133.9
1083610 1133.9
1083620 1128.7
1083630 1125.8
1083640 1125.8
1083650 1122.5
1083660 1119.6
1083670 1115.2
1083680 1115.2
1083690 1111.8
1083700 1109.3
1083710 1109.3
1083720 1108.5
1083730 1107.8
1083740 1107.8
1083750 1102.1
1083760 1096.4
1083770 1096.4
1083780 1090.7
1083790 1084.4
1083800 1084.4
1083810 1078.6
1083820 1065.7
1083830 1065.7
1083840 1062.8
1083850 1069.7
1083860 1069.7
1083870 1077.1
1083880 1082.3
1083890 1082.3
1083900 1088.4
1083910 1094.5
1083920 1094.5
1083930 1096.4
1083940 1094.3
1083950 1100.8
1083960 1100.8
1083970 1102.3
1083980 1105.1
1083990 1105.1
1084000 1110.3
1084010 1112.6
1084020 1112.6
1084030 1115.3
1084040 1116.7
1084050 1116.7
1084060 1116.1
1084070 1116.8
1084080 1116.8
1084090 1115.1
1084100 1117.4
1084110 1117.4
1084120 1118.0
1084130 1119.0
1084140 1122.4
1084150 1123.8
1084160 1125.6
1084170 1125.6
1084180 1128.2
1084190 1130.0
1084200 1130.0
1084210 1131.1
1084220 1131.5
1084230 1131.1
1084240 1131.1
1084250 1129.8
1084260 1126.5
1084270 1126.5
1084280 1116.9
1084290 1098.9
1084300 1098.9
1084310 1087.3
1084320 1069.2
1084330 1069.2
1084340 1056.0
1084350 1048.1
1084360 1048.1
1084370 1041.9
1084380 1032.0
1084390 1032.0
1084400 1023.1
1084410 1022.3
1084420 1022.3
1084430 1030.0
1084440 1038.5
1084450 1038.5
1084460 1054.3
1084470 1062.3
1084480 1062.3
1084490 1069.5
1084500 1074.8
1084510 1079.8
1084520 1079.8
1084530 1081.8
1084540 1079.8
1084550 1079.8
1084560 1075.3
1084570 1073.6
1084580 1073.6
1084590 1074.9
1084600 1076.6
1084610 1076.6
1084620 1083.6
1084630 1091.7
1084640 1091.7
1084650 1100.0
1084660 1108.9
1084670 1108.9
1084680 1116.6
1084690 1122.8
1084700 1122.8
1084710 1127.3
1084720 1131.7
1084730 1131.7
1084740 1135.7
1084750 1139.5
1084760 1139.5
1084770 1142.2
1084780 1146.2
1084790 1148.8
1084800 1148.8
1084810 1152.0
1084820 1155.1
1084830 1155.1
1084840 1158.6
1084850 1161.2
1084860 1161.2
1084870 1163.9
1084880 1166.0
1084890 1166.0
1084900 1167.8
1084910 1169.0
1084920 1169.0
1084930 1170.1
1084940 1171.0
1084950 1171.0
1084960 1171.5
1084970 1171.9
1084980 1171.9
1084990 1173.6
1085000 1175.4
1085010 1175.4
1085020 1177.0
1085030 1178.0
1085040 1178.0
1085050 1179.6
1085060 1181.8
1085070 1184.8
1085080 1184.8
1085090 1188.2
1085100 1191.5
1085110 1191.5
1085120 1195.2
1085130 1198.2
1085140 1198.2
1085150 1198.5
1085160 1201.0
1085170 1201.0
1085180 1206.5
1085190 1209.3
1085200 1209.3
1085210 1211.5
1085220 1213.8
1085230 1213.8
1085240 1215.7
1085250 1216.8
1085260 1216.8
1085270 1215.1
1085280 1222.2
1085290 1222.2
1085300 1225.0
1085310 1225.8
1085320 1225.8
1085330 1225.2
1085340 1224.1
1085350 1222.0
1085360 1222.0
1085370 1218.7
1085380 1217.4
1085390 1217.4
1085400 1215.3
1085410 1212.8
1085420 1217.4
1085430 1215.6
1085440 1215.0
1085450 1215.0
1085460 1212.6
1085470 1208.8
1085480 1208.8
1085490 1207.2
1085500 1213.3
1085510 1213.3
1085520 1214.4
1085530 1212.9
1085540 1212.9
1085550 1207.8
1085560 1205.5
1085570 1205.5
1085580 1210.6
1085590 1211.3
1085600 1211.3
1085610 1208.6
1085620 1203.0
1085630 1205.4
1085640 1205.4
1085650 1208.3
1085660 1209.5
1085670 1209.5
1085680 1215.2
1085690 1215.5
1085700 1215.5
1085710 1212.5
1085720 1210.6
1085730 1210.6
1085740 1216.2
1085750 1215.4
1085760 1215.4
1085770 1215.1
1085780 1214.1
1085790 1214.1
1085800 1210.5
1085810 1205.9
1085820 1205.9
1085830 1208.6
1085840 1202.9
1085850 1202.9
1085860 1195.2
1085870 1193.8
1085880 1193.8
1085890 1190.5
1085900 1189.0
1085910 1191.1
1085920 1191.1
1085930 1194.7
1085940 1198.5
1085950 1198.5
1085960 1198.9
1085970 1199.2
1085980 1199.2
1085990 1203.3
1086000 1211.6
1086010 1211.6
1086020 1218.5
1086030 1219.2
1086040 1219.2
1086050 1222.5
1086060 1226.7
1086070 1226.7
1086080 1233.4
1086090 1239.4
1086100 1239.4
1086110 1244.7
1086120 1250.0
1086130 1250.0
1086140 1256.3
1086150 1263.2
1086160 1263.2
1086170 1269.1
1086180 1274.0
1086190 1275.3
1086200 1275.3
1086210 1272.5
1086220 1271.5
1086230 1271.5
1086240 1278.7
1086250 1288.1
1086260 1288.1
1086270 1294.1
1086280 1299.9
1086290 1299.9
1086300 1305.0
1086310 1308.9
1086320 1308.9
1086330 1313.8
1086340 1319.9
1086350 1319.9
1086360 1327.9
1086370 1335.3
1086380 1335.8
1086390 1340.4
1086400 1345.3
1086410 1345.3
1086420 1351.2
1086430 1358.7
1086440 1358.7
1086450 1365.3
1086460 1370.5
1086470 1376.5
1086480 1376.5
1086490 1381.1
1086500 1385.2
1086510 1385.2
1086520 1391.7
1086530 1397.8
1086540 1397.8
1086550 1404.4
1086560 1411.7
1086570 1411.7
1086580 1418.9
1086590 1424.9
1086600 1424.9
1086610 1429.5
1086620 1433.6
1086630 1433.6
1086640 1438.4
1086650 1443.8
1086660 1443.8
1086670 1450.1
1086680 1457.7
1086690 1456.9
1086700 1463.9
1086710 1471.0
1086720 1471.0
1086730 1477.8
1086740 1484.9
1086750 1492.1
1086760 1492.1
1086770 1499.5
1086780 1506.4
1086790 1506.4
1086800 1515.6
1086810 1524.9
1086820 1524.9
1086830 1533.5
1086840 1539.4
1086850 1539.4
1086860 1543.6
1086870 1545.8
1086880 1545.8
1086890 1548.1
1086900 1552.2
1086910 1552.2
1086920 1557.2
1086930 1561.2
1086940 1561.2
1086950 1563.8
1086960 1565.7
1086970 1565.7
1086980 1567.5
1086990 1570.5
1087000 1574.8
1087010 1574.8
1087020 1575.7
1087030 1579.1
1087040 1579.1
1087050 1581.4
1087060 1581.9
1087070 1581.9
1087080 1581.4
1087090 1582.3
1087100 1582.3
1087110 1584.5
1087120 1587.2
1087130 1587.2
1087140 1590.7
1087150 1593.8
1087160 1593.8
1087170 1596.9
1087180 1600.4
1087190 1600.4
1087200 1603.4
1087210 1605.5
1087220 1605.5
1087230 1607.0
1087240 1607.4
1087250 1607.4
1087260 1606.3
1087270 1604.6
1087280 1604.1
1087290 1604.1
1087300 1604.0
1087310 1604.7
1087320 1604.7
1087330 1605.6
1087340 1601.5
1087350 1601.5
1087360 1602.9
1087370 1604.7
1087380 1604.7
1087390 1606.2
1087400 1606.1
1087410 1606.1
1087420 1603.3
1087430 1600.5
1087440 1600.5
1087450 1598.0
1087460 1596.1
1087470 1596.1
1087480 1594.7
1087490 1593.9
1087500 1593.9
1087510 1592.4
1087520 1593.0
1087530 1593.0
1087540 1593.6
1087550 1594.0
1087560 1593.7
1087570 1593.7
1087580 1591.8
1087590 1591.7
1087600 1591.7
1087610 1591.1
1087620 1589.7
1087630 1589.7
1087640 1585.4
1087650 1587.5
1087660 1585.0
1087670 1586.8
1087680 1588.6
1087690 1588.6
1087700 1590.6
1087710 1592.2
1087720 1592.2
1087730 1593.8
1087740 1598.0
1087750 1598.0
1087760 1604.1
1087770 1611.5
1087780 1611.5
1087790 1619.0
1087800 1626.6
1087810 1626.6
1087820 1632.5
1087830 1636.8
1087840 1643.0
1087850 1643.0
1087860 1650.1
1087870 1654.2
1087880 1654.2
1087890 1657.5
1087900 1660.7
1087910 1660.7
1087920 1662.9
1087930 1663.6
1087940 1663.6
1087950 1664.8
1087960 1665.7
1087970 1665.7
1087980 1665.9
1087990 1666.2
1088000 1666.2
1088010 1666.0
1088020 1665.7
1088030 1665.7
1088040 1665.0
1088050 1664.4
1088060 1664.4
1088070 1663.4
1088080 1661.5
1088090 1661.5
1088100 1661.2
1088110 1661.6
1088120 1661.5
1088130 1661.5
1088140 1661.0
1088150 1660.4
1088160 1660.4
1088170 1659.2
1088180 1658.5
1088190 1658.5
1088200 1658.0
1088210 1656.1
1088220 1656.1
1088230 1657.5
1088240 1660.4
1088250 1660.4
1088260 1664.6
1088270 1670.7
1088280 1670.7
1088290 1675.8
1088300 1679.3
1088310 1679.3
1088320 1684.3
1088330 1688.7
1088340 1688.7
1088350 1692.0
1088360 1693.5
1088370 1693.5
1088380 1696.2
1088390 1699.8
1088400 1703.4
1088410 1703.4
1088420 1707.6
1088430 1713.1
1088440 1713.1
1088450 1720.0
1088460 1726.1
1088470 1726.1
1088480 1730.8
1088490 1736.5
1088500 1736.5
1088510 1741.9
1088520 1746.3
1088530 1746.3
1088540 1748.7
1088550 1751.2
1088560 1751.2
1088570 1755.4
1088580 1761.1
1088590 1761.1
1088600 1767.8
1088610 1774.9
1088620 1776.6
1088630 1784.2
1088640 1791.0
1088650 1791.0
1088660 1793.9
1088670 1793.1
1088680 1791.9
1088690 1791.9
1088700 1788.3
1088710 1781.2
1088720 1781.2
1088730 1775.2
1088740 1772.5
1088750 1772.5
1088760 1772.0
1088770 1771.4
1088780 1771.4
1088790 1769.7
1088800 1767.2
1088810 1767.2
1088820 1765.8
1088830 1764.1
1088840 1764.1
1088850 1762.7
1088860 1762.0
1088870 1762.0
1088880 1759.8
1088890 1759.0
1088900 1759.0
1088910 1757.8
1088920 1756.9
1088930 1756.9
1088940 1750.9
1088950 1751.1
1088960 1749.6
1088970 1749.6
1088980 1746.7
1088990 1745.2
1089000 1745.2
1089010 1744.7
1089020 1744.5
1089030 1744.5
1089040 1743.3
1089050 1742.4
1089060 1742.4
1089070 1741.8
1089080 1741.1
1089090 1741.1
1089100 1740.4
1089110 1740.6
1089120 1740.6
1089130 1741.1
1089140 1740.2
1089150 1740.2
1089160 1737.6
1089170 1737.9
1089180 1737.9
1089190 1738.3
1089200 1739.3
1089210 1739.3
1089220 1740.4
1089230 1739.5
1089240 1737.8
1089250 1737.8
1089260 1735.4
1089270 1738.3
1089280 1738.3
1089290 1739.7
1089300 1740.7
1089310 1740.7
1089320 1742.4
1089330 1743.7
1089340 1743.7
1089350 1744.6
1089360 1745.2
1089370 1745.2
1089380 1745.7
1089390 1747.9
1089400 1747.9
1089410 1751.0
1089420 1753.5
1089430 1753.5
1089440 1754.2
1089450 1754.9
1089460 1754.9
1089470 1755.7
1089480 1756.5
1089490 1756.5
1089500 1758.3
1089510 1760.9
1089520 1762.4
1089530 1762.4
1089540 1764.9
1089550 1767.7
1089560 1767.7
1089570 1769.1
1089580 1770.0
1089590 1765.5
1089600 1764.7
1089610 1763.1
1089620 1763.1
1089630 1761.8
1089640 1760.0
1089650 1760.0
1089660 1757.9
1089670 1755.7
1089680 1755.7
1089690 1753.0
1089700 1750.3
1089710 1750.3
1089720 1747.5
1089730 1744.8
1089740 1744.8
1089750 1741.6
1089760 1738.7
1089770 1738.7
1089780 1739.0
1089790 1739.4
1089800 1738.5
1089810 1738.5
1089820 1735.7
1089830 1733.9
1089840 1733.9
1089850 1732.6
1089860 1729.7
1089870 1729.7
1089880 1726.3
1089890 1724.0
1089900 1724.0
1089910 1717.6
1089920 1715.9
1089930 1715.9
1089940 1715.8
1089950 1716.6
1089960 1716.6
1089970 1717.3
1089980 1717.5
1089990 1717.5
1090000 1717.9
1090010 1718.4
1090020 1718.4
1090030 1719.2
1090040 1720.6
1090050 1720.6
1090060 1722.3
1090070 1724.9
1090080 1728.4
1090090 1728.4
1090100 1732.1
1090110 1735.3
1090120 1735.3
1090130 1736.9
1090140 1739.5
1090150 1739.5
1090160 1742.4
1090170 1744.6
1090180 1744.6
1090190 1747.0
1090200 1748.0
1090210 1748.0
1090220 1746.6
1090230 1744.2
1090240 1744.2
1090250 1744.7
1090260 1746.4
1090270 1746.4
1090280 1747.4
1090290 1747.8
1090300 1747.8
1090310 1748.4
1090320 1748.1
1090330 1748.1
1090340 1748.2
1090350 1748.7
1090360 1749.2
1090370 1749.2
1090380 1750.8
1090390 1751.4
1090400 1751.4
1090410 1751.2
1090420 1752.2
1090430 1752.2
1090440 1752.9
1090450 1751.8
1090460 1751.8
1090470 1750.3
1090480 1750.5
1090490 1750.5
1090500 1748.3
1090510 1746.5
1090520 1746.5
1090530 1744.0
1090540 1741.0
1090550 1741.0
1090560 1734.4
1090570 1731.9
1090580 1731.9
1090590 1730.2
1090600 1727.6
1090610 1727.6
1090620 1725.2
1090630 1722.6
1090640 1722.3
1090650 1722.3
1090660 1723.9
1090670 1724.7
1090680 1724.7
1090690 1721.7
1090700 1719.6
1090710 1719.6
1090720 1720.7
1090730 1722.3
1090740 1722.3
1090750 1724.4
1090760 1726.0
1090770 1726.0
1090780 1725.3
1090790 1722.9
1090800 1722.9
1090810 1721.8
1090820 1722.1
1090830 1722.1
1090840 1722.3
1090850 1722.5
1090860 1722.5
1090870 1723.5
1090880 1726.3
1090890 1726.3
1090900 1725.8
1090910 1725.9
1090920 1726.9
1090930 1726.9
1090940 1726.6
1090950 1728.7
1090960 1728.7
1090970 1731.5
1090980 1735.9
1090990 1735.9
1091000 1742.5
1091010 1747.2
1091020 1747.2
1091030 1752.2
1091040 1756.9
1091050 1756.9
1091060 1762.2
1091070 1767.2
1091080 1767.2
1091090 1771.0
1091100 1775.1
1091110 1775.1
1091120 1778.5
1091130 1781.7
1091140 1781.7
1091150 1784.4
1091160 1788.5
1091170 1788.5
1091180 1792.3
1091190 1795.4
1091200 1794.0
1091210 1794.0
1091220 1797.1
1091230 1798.8
1091240 1798.8
1091250 1798.8
1091260 1797.5
1091270 1797.5
1091280 1795.4
1091290 1792.9
1091300 1792.9
1091310 1791.1
1091320 1789.5
1091330 1789.5
1091340 1787.8
1091350 1786.5
1091360 1786.5
1091370 1784.6
1091380 1783.6
1091390 1783.6
1091400 1781.8
1091410 1780.3
1091420 1780.3
1091430 1778.6
1091440 1777.1
1091450 1777.1
1091460 1775.1
1091470 1771.6
1091480 1766.8
1091490 1766.8
1091500 1763.0
1091510 1759.7
1091520 1759.7
1091530 1756.1
1091540 1751.2
1091550 1751.2
1091560 1745.1
1091570 1739.9
1091580 1739.9
1091590 1736.1
1091600 1733.0
1091610 1733.0
1091620 1730.3
1091630 1726.9
1091640 1726.9
1091650 1723.6
1091660 1719.9
1091670 1719.9
1091680 1717.5
1091690 1715.1
1091700 1715.1
1091710 1711.5
1091720 1707.6
1091730 1707.6
1091740 1704.7
1091750 1703.6
1091760 1702.6
1091770 1702.6
1091780 1700.5
1091790 1698.3
1091800 1698.3
1091810 1701.5
1091820 1702.5
1091830 1702.5
1091840 1702.1
1091850 1704.8
1091860 1704.8
1091870 1704.2
1091880 1705.1
1091890 1705.1
1091900 1705.2
1091910 1705.0
1091920 1705.0
1091930 1704.9
1091940 1705.8
1091950 1705.8
1091960 1706.9
1091970 1706.6
1091980 1706.6
1091990 1709.0
1092000 1712.0
1092010 1712.0
1092020 1716.1
1092030 1719.8
1092040 1722.2
1092050 1722.2
1092060 1723.2
1092070 1722.3
1092080 1722.3
1092090 1719.8
1092100 1717.4
1092110 1717.4
1092120 1716.0
1092130 1716.5
1092140 1716.5
1092150 1715.7
1092160 1713.4
1092170 1711.3
1092180 1709.3
1092190 1708.8
1092200 1708.8
1092210 1709.3
1092220 1709.1
1092230 1709.1
1092240 1706.8
1092250 1702.4
1092260 1702.4
1092270 1700.1
1092280 1699.8
1092290 1699.8
1092300 1698.6
1092310 1696.1
1092320 1693.3
1092330 1693.3
1092340 1692.2
1092350 1691.6
1092360 1691.6
1092370 1690.7
1092380 1690.3
1092390 1690.3
1092400 1690.7
1092410 1692.6
1092420 1692.6
1092430 1695.3
1092440 1697.7
1092450 1697.7
1092460 1699.0
1092470 1699.7
1092480 1699.7
1092490 1699.8
1092500 1697.7
1092510 1697.7
1092520 1696.9
1092530 1697.3
1092540 1697.3
1092550 1697.7
1092560 1697.4
1092570 1697.4
1092580 1697.8
1092590 1699.0
1092600 1700.0
1092610 1700.0
1092620 1700.9
1092630 1701.3
1092640 1701.3
1092650 1700.8
1092660 1699.8
1092670 1699.8
1092680 1697.4
1092690 1697.4
1092700 1697.4
1092710 1696.8
1092720 1696.4
1092730 1696.4
1092740 1695.1
1092750 1693.6
1092760 1693.6
1092770 1693.2
1092780 1693.3
1092790 1693.3
1092800 1693.9
1092810 1694.7
1092820 1692.6
1092830 1693.1
1092840 1694.5
1092850 1694.5
1092860 1697.1
1092870 1699.9
1092880 1702.4
1092890 1702.4
1092900 1704.6
1092910 1706.5
1092920 1706.5
1092930 1707.6
1092940 1708.1
1092950 1708.1
1092960 1708.4
1092970 1707.9
1092980 1707.9
1092990 1706.4
1093000 1704.8
1093010 1704.8
1093020 1704.4
1093030 1704.9
1093040 1704.9
1093050 1704.8
1093060 1704.4
1093070 1704.4
1093080 1704.2
1093090 1704.7
1093100 1704.7
1093110 1704.7
1093120 1704.5
1093130 1704.5
1093140 1704.4
1093150 1700.9
1093160 1699.3
1093170 1699.3
1093180 1696.7
1093190 1695.3
1093200 1695.3
1093210 1694.1
1093220 1693.3
1093230 1693.3
1093240 1693.1
1093250 1691.3
1093260 1691.3
1093270 1687.5
1093280 1683.3
1093290 1683.3
1093300 1679.1
1093310 1674.8
1093320 1674.8
1093330 1671.9
1093340 1662.4
1093350 1662.4
1093360 1643.9
1093370 1629.6
1093380 1629.6
1093390 1618.6
1093400 1611.5
1093410 1611.5
1093420 1607.3
1093430 1603.4
1093440 1597.4
1093450 1597.4
1093460 1592.5
1093470 1588.9
1093480 1594.8
1093490 1592.2
1093500 1587.9
1093510 1587.9
1093520 1582.1
1093530 1578.1
1093540 1578.1
1093550 1574.2
1093560 1570.4
1093570 1570.4
1093580 1566.8
1093590 1564.1
1093600 1564.1
1093610 1558.5
1093620 1549.9
1093630 1549.9
1093640 1538.6
1093650 1536.1
1093660 1536.1
1093670 1537.4
1093680 1533.2
1093690 1533.2
1093700 1520.7
1093710 1512.5
1093720 1503.9
1093730 1503.9
1093740 1501.2
1093750 1505.3
1093760 1505.3
1093770 1512.8
1093780 1518.4
1093790 1518.4
1093800 1528.7
1093810 1537.2
1093820 1537.2
1093830 1544.9
1093840 1559.0
1093850 1559.0
1093860 1568.1
1093870 1573.0
1093880 1573.0
1093890 1577.0
1093900 1581.5
1093910 1581.5
1093920 1587.5
1093930 1593.1
1093940 1593.1
1093950 1599.8
1093960 1604.4
1093970 1604.4
1093980 1604.6
1093990 1603.7
1094000 1605.3
1094010 1605.3
1094020 1607.0
1094030 1608.7
1094040 1608.7
1094050 1611.0
1094060 1615.2
1094070 1615.2
1094080 1619.0
1094090 1622.4
1094100 1622.4
1094110 1623.6
1094120 1623.0
1094130 1625.7
1094140 1624.6
1094150 1625.4
1094160 1625.4
1094170 1627.6
1094180 1631.6
1094190 1631.6
1094200 1637.6
1094210 1644.4
1094220 1644.4
1094230 1650.0
1094240 1654.2
1094250 1654.2
1094260 1657.5
1094270 1660.1
1094280 1661.6
1094290 1661.6
1094300 1662.9
1094310 1664.6
1094320 1664.6
1094330 1666.8
1094340 1669.5
1094350 1669.5
1094360 1671.2
1094370 1672.8
1094380 1672.8
1094390 1674.6
1094400 1676.1
1094410 1676.1
1094420 1677.9
1094430 1680.3
1094440 1680.3
1094450 1678.4
1094460 1680.6
1094470 1680.6
1094480 1682.3
1094490 1684.0
1094500 1684.0
1094510 1686.4
1094520 1689.0
1094530 1689.0
1094540 1689.7
1094550 1689.8
1094560 1690.0
1094570 1690.0
1094580 1690.1
1094590 1688.9
1094600 1688.9
1094610 1686.9
1094620 1686.0
1094630 1686.0
1094640 1685.7
1094650 1684.6
1094660 1684.6
1094670 1679.9
1094680 1673.7
1094690 1673.7
1094700 1680.0
1094710 1681.5
1094720 1681.5
1094730 1685.8
1094740 1690.0
1094750 1690.0
1094760 1693.9
1094770 1696.5
1094780 1694.2
1094790 1695.2
1094800 1696.2
1094810 1696.2
1094820 1697.9
1094830 1700.3
1094840 1702.7
1094850 1702.7
1094860 1703.5
1094870 1701.2
1094880 1701.2
1094890 1700.6
1094900 1700.7
1094910 1700.7
1094920 1701.4
1094930 1702.6
1094940 1702.6
1094950 1705.6
1094960 1712.5
1094970 1712.5
1094980 1716.1
1094990 1719.3
1095000 1719.3
1095010 1722.6
1095020 1726.3
1095030 1726.3
1095040 1728.0
1095050 1728.8
1095060 1728.8
1095070 1730.5
1095080 1732.5
1095090 1732.5
1095100 1734.3
1095110 1733.7
1095120 1734.2
1095130 1734.2
1095140 1733.9
1095150 1733.1
1095160 1733.1
1095170 1732.4
1095180 1731.2
1095190 1731.2
1095200 1729.9
1095210 1729.1
1095220 1729.1
1095230 1727.9
1095240 1726.5
1095250 1726.5
1095260 1725.2
1095270 1724.2
1095280 1724.2
1095290 1722.6
1095300 1721.4
1095310 1721.4
1095320 1720.7
1095330 1720.0
1095340 1720.0
1095350 1714.8
1095360 1713.0
1095370 1713.0
1095380 1715.7
1095390 1719.1
1095400 1721.9
1095410 1721.9
1095420 1724.2
1095430 1726.2
1095440 1724.8
1095450 1727.0
1095460 1729.0
1095470 1729.0
1095480 1731.4
1095490 1734.1
1095500 1734.1
1095510 1738.8
1095520 1744.3
1095530 1744.3
1095540 1749.3
1095550 1752.0
1095560 1752.0
1095570 1754.5
1095580 1757.6
1095590 1757.6
1095600 1761.1
1095610 1764.3
1095620 1764.3
1095630 1767.0
1095640 1769.3
1095650 1769.3
1095660 1771.1
1095670 1774.1
1095680 1777.1
1095690 1777.1
1095700 1779.6
1095710 1782.1
1095720 1782.1
1095730 1784.1
1095740 1787.3
1095750 1787.3
1095760 1790.3
1095770 1794.9
1095780 1794.9
1095790 1798.4
1095800 1802.6
1095810 1802.6
1095820 1806.7
1095830 1810.5
1095840 1810.5
1095850 1815.2
1095860 1819.5
1095870 1819.5
1095880 1823.1
1095890 1826.8
1095900 1826.8
1095910 1830.0
1095920 1833.3
1095930 1833.3
1095940 1835.1
1095950 1837.9
1095960 1842.1
1095970 1842.1
1095980 1845.8
1095990 1850.1
1096000 1850.1
1096010 1853.5
1096020 1857.4
1096030 1857.4
1096040 1860.8
1096050 1863.6
1096060 1863.6
1096070 1865.8
1096080 1867.6
1096090 1866.9
1096100 1868.8
1096110 1871.7
1096120 1871.7
1096130 1875.6
1096140 1876.8
1096150 1876.8
1096160 1878.3
1096170 1881.2
1096180 1881.2
1096190 1884.7
1096200 1888.4
1096210 1888.4
1096220 1893.4
1096230 1899.0
1096240 1903.9
1096250 1903.9
1096260 1907.6
1096270 1911.3
1096280 1911.3
1096290 1916.6
1096300 1923.2
1096310 1923.2
1096320 1932.5
1096330 1942.6
1096340 1942.6
1096350 1952.2
1096360 1960.5
1096370 1960.5
1096380 1970.1
1096390 1978.4
1096400 1978.4
1096410 1985.2
1096420 1992.0
1096430 1992.0
1096440 1993.2
1096450 1992.3
1096460 1992.3
1096470 1990.2
1096480 1988.8
1096490 1988.8
1096500 1989.2
1096510 1991.6
1096520 1992.9
1096530 1992.9
1096540 1992.2
1096550 1989.4
1096560 1989.4
1096570 1986.2
1096580 1981.6
1096590 1981.6
1096600 1975.2
1096610 1969.5
1096620 1969.5
1096630 1964.5
1096640 1961.4
1096650 1961.4
1096660 1960.2
1096670 1958.9
1096680 1958.9
1096690 1956.9
1096700 1956.1
1096710 1956.1
1096720 1954.3
1096730 1951.2
1096740 1951.2
1096750 1944.3
1096760 1935.3
1096770 1935.3
1096780 1924.0
1096790 1916.4
1096800 1908.1
1096810 1908.1
1096820 1899.3
1096830 1890.8
1096840 1890.8
1096850 1882.4
1096860 1874.6
1096870 1874.6
1096880 1866.8
1096890 1860.5
1096900 1860.5
1096910 1855.0
1096920 1848.2
1096930 1848.2
1096940 1841.8
1096950 1836.0
1096960 1836.0
1096970 1829.5
1096980 1823.3
1096990 1823.3
1097000 1816.8
1097010 1811.4
1097020 1811.4
1097030 1805.3
1097040 1799.2
1097050 1799.2
1097060 1794.0
1097070 1788.6
1097080 1783.1
1097090 1783.1
1097100 1778.8
1097110 1775.5
1097120 1775.5
1097130 1771.9
1097140 1769.2
1097150 1769.2
1097160 1766.8
1097170 1764.8
1097180 1764.8
1097190 1763.8
1097200 1763.4
1097210 1763.4
1097220 1763.5
1097230 1763.6
1097240 1763.6
1097250 1764.2
1097260 1766.1
1097270 1766.1
1097280 1766.8
1097290 1767.4
1097300 1767.4
1097310 1768.2
1097320 1769.6
1097330 1769.6
1097340 1771.8
1097350 1773.9
1097360 1776.3
1097370 1776.3
1097380 1780.2
1097390 1784.4
1097400 1778.5
1097410 1782.3
1097420 1785.1
1097430 1785.1
1097440 1786.9
1097450 1788.0
1097460 1788.0
1097470 1788.4
1097480 1788.3
1097490 1788.3
1097500 1786.9
1097510 1783.6
1097520 1783.6
1097530 1781.2
1097540 1780.8
1097550 1780.8
1097560 1781.2
1097570 1782.4
1097580 1782.4
1097590 1783.7
1097600 1784.3
1097610 1784.3
1097620 1784.3
1097630 1784.1
1097640 1783.6
1097650 1783.6
1097660 1782.9
1097670 1781.7
1097680 1781.7
1097690 1779.4
1097700 1775.8
1097710 1775.8
1097720 1769.2
1097730 1761.4
1097740 1761.4
1097750 1758.0
1097760 1758.4
1097770 1758.4
1097780 1759.9
1097790 1761.4
1097800 1761.4
1097810 1762.6
1097820 1763.6
1097830 1763.6
1097840 1763.2
1097850 1763.6
1097860 1763.6
1097870 1765.8
1097880 1768.5
1097890 1768.5
1097900 1769.9
1097910 1769.9
1097920 1769.4
1097930 1769.4
1097940 1770.3
1097950 1770.8
1097960 1770.8
1097970 1771.4
1097980 1773.6
1097990 1773.6
1098000 1775.2
1098010 1775.8
1098020 1775.8
1098030 1775.1
1098040 1774.6
1098050 1774.6
1098060 1769.7
1098070 1768.4
1098080 1768.4
1098090 1766.6
1098100 1764.8
1098110 1764.8
1098120 1763.2
1098130 1762.2
1098140 1762.2
1098150 1762.0
1098160 1760.6
1098170 1760.6
1098180 1758.9
1098190 1757.7
1098200 1758.2
1098210 1758.2
1098220 1758.5
1098230 1759.0
1098240 1759.0
1098250 1759.6
1098260 1760.6
1098270 1760.6
1098280 1761.3
1098290 1762.0
1098300 1762.0
1098310 1762.7
1098320 1763.6
1098330 1763.6
1098340 1765.1
1098350 1767.1
1098360 1767.1
1098370 1768.9
1098380 1770.7
1098390 1767.3
1098400 1769.4
1098410 1771.9
1098420 1771.9
1098430 1773.2
1098440 1774.2
1098450 1774.2
1098460 1775.7
1098470 1777.0
1098480 1777.6
1098490 1777.6
1098500 1777.7
1098510 1776.6
1098520 1776.6
1098530 1774.5
1098540 1772.6
1098550 1772.6
1098560 1770.6
1098570 1768.6
1098580 1768.6
1098590 1766.0
1098600 1763.4
1098610 1763.4
1098620 1761.0
1098630 1758.9
1098640 1758.9
1098650 1756.5
1098660 1753.6
1098670 1753.6
1098680 1750.7
1098690 1747.9
1098700 1747.9
1098710 1745.0
1098720 1743.5
1098730 1743.5
1098740 1740.4
1098750 1738.2
1098760 1736.6
1098770 1736.6
1098780 1735.3
1098790 1733.9
1098800 1733.9
1098810 1734.1
1098820 1734.6
1098830 1734.6
1098840 1733.7
1098850 1731.3
1098860 1731.3
1098870 1728.4
1098880 1725.4
1098890 1725.4
1098900 1722.8
1098910 1720.5
1098920 1720.5
1098930 1717.9
1098940 1715.3
1098950 1715.3
1098960 1712.1
1098970 1709.8
1098980 1709.8
1098990 1706.4
1099000 1702.6
1099010 1702.6
1099020 1700.0
1099030 1697.2
1099040 1693.9
1099050 1696.2
1099060 1692.5
1099070 1688.4
1099080 1688.4
1099090 1682.9
1099100 1676.6
1099110 1676.6
1099120 1671.8
1099130 1667.7
1099140 1667.7
1099150 1663.2
1099160 1659.5
1099170 1659.5
1099180 1655.8
1099190 1651.0
1099200 1651.0
1099210 1646.3
1099220 1641.8
1099230 1641.8
1099240 1638.1
1099250 1634.2
1099260 1634.2
1099270 1629.5
1099280 1623.9
1099290 1623.9
1099300 1619.1
1099310 1614.6
1099320 1610.2
1099330 1610.2
1099340 1605.1
1099350 1600.6
1099360 1600.6
1099370 1596.3
1099380 1594.6
1099390 1594.6
1099400 1590.1
1099410 1585.3
1099420 1585.3
1099430 1580.4
1099440 1575.5
1099450 1575.5
1099460 1569.9
1099470 1566.2
1099480 1566.2
1099490 1561.2
1099500 1555.7
1099510 1555.7
1099520 1552.9
1099530 1549.1
1099540 1549.1
1099550 1543.9
1099560 1537.8
1099570 1537.8
1099580 1532.7
1099590 1528.2
1099600 1523.0
1099610 1523.0
1099620 1517.6
1099630 1513.5
1099640 1513.5
1099650 1510.1
1099660 1505.5
1099670 1505.5
1099680 1500.1
1099690 1494.9
1099700 1494.9
1099710 1494.2
1099720 1490.7
1099730 1490.7
1099740 1486.7
1099750 1481.5
1099760 1481.5
1099770 1475.7
1099780 1470.6
1099790 1470.6
1099800 1465.7
1099810 1463.3
1099820 1463.3
1099830 1462.5
1099840 1460.7
1099850 1460.7
1099860 1458.0
1099870 1455.7
1099880 1452.0
1099890 1452.0
1099900 1446.1
1099910 1442.1
1099920 1442.1
1099930 1439.1
1099940 1436.2
1099950 1436.2
1099960 1435.7
1099970 1434.0
1099980 1434.0
1099990 1431.0
