1080000 1025.7
1080010 1025.7
1080020 1029.8
1080030 1032.6
1080040 1032.6
1080050 1035.6
1080060 1038.3
1080070 1038.3
1080080 1040.3
1080090 1042.7
1080100 1042.7
1080110 1045.3
1080120 1049.1
1080130 1049.1
1080140 1052.6
1080150 1055.1
1080160 1055.1
1080170 1057.5
1080180 1060.0
1080190 1060.0
1080200 1062.1
1080210 1063.2
1080220 1063.2
1080230 1064.8
1080240 1067.1
1080250 1069.5
1080260 1069.5
1080270 1071.7
1080280 1075.1
1080290 1075.1
1080300 1078.8
1080310 1082.5
1080320 1082.5
1080330 1085.4
1080340 1087.9
1080350 1087.9
1080360 1090.8
1080370 1093.5
1080380 1093.5
1080390 1094.9
1080400 1098.0
1080410 1098.0
1080420 1102.1
1080430 1105.6
1080440 1105.6
1080450 1108.6
1080460 1110.5
1080470 1110.5
1080480 1113.7
1080490 1116.4
1080500 1116.4
1080510 1118.4
1080520 1119.0
1080530 1118.2
1080540 1118.2
1080550 1117.6
1080560 1118.8
1080570 1118.8
1080580 1120.4
1080590 1121.4
1080600 1121.4
1080610 1122.5
1080620 1123.1
1080630 1123.1
1080640 1123.1
1080650 1123.6
1080660 1123.6
1080670 1125.4
1080680 1127.0
1080690 1127.0
1080700 1128.3
1080710 1130.6
1080720 1130.6
1080730 1133.1
1080740 1135.3
1080750 1135.3
1080760 1137.9
1080770 1138.4
1080780 1138.4
1080790 1143.1
1080800 1149.2
1080810 1154.5
1080820 1154.5
1080830 1160.0
1080840 1165.4
1080850 1165.4
1080860 1170.6
1080870 1173.9
1080880 1173.9
1080890 1176.8
1080900 1179.3
1080910 1179.3
1080920 1181.6
1080930 1186.6
1080940 1186.6
1080950 1193.4
1080960 1197.1
1080970 1197.1
1080980 1200.3
1080990 1204.0
1081000 1204.0
1081010 1206.9
1081020 1210.0
1081030 1210.0
1081040 1212.5
1081050 1214.6
1081060 1214.6
1081070 1217.2
1081080 1221.3
1081090 1220.7
1081100 1220.7
1081110 1223.1
1081120 1224.3
1081130 1224.3
1081140 1228.0
1081150 1231.0
1081160 1231.0
1081170 1233.8
1081180 1236.6
1081190 1236.6
1081200 1239.6
1081210 1242.0
1081220 1242.0
1081230 1244.6
1081240 1245.8
1081250 1245.8
1081260 1246.0
1081270 1245.1
1081280 1245.1
1081290 1246.0
1081300 1246.8
1081310 1246.8
1081320 1249.3
1081330 1251.4
1081340 1251.4
1081350 1252.8
1081360 1253.9
1081370 1257.8
1081380 1257.8
1081390 1261.6
1081400 1263.8
1081410 1263.8
1081420 1267.2
1081430 1269.2
1081440 1269.2
1081450 1269.5
1081460 1271.1
1081470 1271.1
1081480 1271.6
1081490 1272.3
1081500 1272.3
1081510 1273.4
1081520 1277.2
1081530 1277.2
1081540 1280.4
1081550 1282.0
1081560 1282.0
1081570 1284.5
1081580 1285.9
1081590 1285.9
1081600 1289.6
1081610 1292.4
1081620 1292.4
1081630 1296.2
1081640 1301.1
1081650 1305.2
1081660 1305.2
1081670 1309.0
1081680 1312.1
1081690 1312.1
1081700 1314.7
1081710 1317.4
1081720 1314.6
1081730 1317.5
1081740 1320.2
1081750 1320.2
1081760 1322.7
1081770 1325.2
1081780 1325.2
1081790 1327.5
1081800 1329.3
1081810 1329.3
1081820 1331.1
1081830 1333.1
1081840 1333.1
1081850 1334.1
1081860 1335.2
1081870 1335.2
1081880 1336.0
1081890 1336.4
1081900 1336.4
1081910 1336.5
1081920 1336.3
1081930 1335.3
1081940 1335.3
1081950 1336.2
1081960 1336.1
1081970 1336.1
1081980 1338.0
1081990 1337.7
1082000 1337.7
1082010 1337.9
1082020 1340.5
1082030 1337.9
1082040 1342.4
1082050 1345.0
1082060 1345.0
1082070 1347.7
1082080 1351.3
1082090 1351.3
1082100 1355.7
1082110 1360.5
1082120 1360.5
1082130 1365.3
1082140 1370.6
1082150 1370.6
1082160 1375.9
1082170 1382.1
1082180 1382.1
1082190 1387.8
1082200 1393.2
1082210 1398.9
1082220 1398.9
1082230 1404.7
1082240 1410.3
1082250 1410.3
1082260 1415.7
1082270 1420.7
1082280 1420.7
1082290 1425.1
1082300 1429.5
1082310 1429.5
1082320 1433.1
1082330 1435.3
1082340 1435.3
1082350 1431.4
1082360 1430.6
1082370 1430.6
1082380 1429.0
1082390 1427.2
1082400 1427.2
1082410 1425.5
1082420 1423.6
1082430 1423.6
1082440 1421.7
1082450 1419.5
1082460 1419.5
1082470 1416.9
1082480 1415.1
1082490 1413.8
1082500 1413.8
1082510 1413.5
1082520 1415.3
1082530 1415.3
1082540 1417.6
1082550 1419.8
1082560 1419.8
1082570 1421.1
1082580 1422.2
1082590 1422.2
1082600 1422.6
1082610 1422.6
1082620 1422.6
1082630 1422.6
1082640 1422.9
1082650 1422.9
1082660 1423.9
1082670 1423.7
1082680 1423.7
1082690 1424.3
1082700 1424.6
1082710 1424.6
1082720 1424.9
1082730 1425.5
1082740 1425.5
1082750 1426.3
1082760 1427.2
1082770 1427.7
1082780 1427.7
1082790 1428.3
1082800 1429.1
1082810 1429.1
1082820 1429.4
1082830 1429.2
1082840 1429.2
1082850 1428.3
1082860 1427.3
1082870 1427.3
1082880 1425.5
1082890 1423.5
1082900 1423.5
1082910 1421.0
1082920 1418.0
1082930 1418.0
1082940 1415.0
1082950 1413.2
1082960 1413.2
1082970 1412.1
1082980 1413.1
1082990 1413.1
1083000 1411.6
1083010 1411.4
1083020 1411.4
1083030 1408.6
1083040 1400.0
1083050 1389.9
1083060 1389.9
1083070 1379.0
1083080 1368.4
1083090 1368.4
1083100 1358.4
1083110 1349.4
1083120 1349.4
1083130 1340.8
1083140 1329.0
1083150 1329.0
1083160 1320.6
1083170 1313.7
1083180 1313.7
1083190 1307.2
1083200 1300.3
1083210 1300.3
1083220 1292.7
1083230 1285.8
1083240 1285.8
1083250 1279.8
1083260 1273.7
1083270 1273.7
1083280 1267.1
1083290 1260.4
1083300 1258.7
1083310 1251.9
1083320 1245.5
1083330 1239.0
1083340 1239.0
1083350 1232.9
1083360 1226.7
1083370 1226.7
1083380 1219.9
1083390 1213.0
1083400 1213.0
1083410 1207.5
1083420 1202.2
1083430 1202.2
1083440 1197.0
1083450 1192.9
1083460 1192.9
1083470 1188.8
1083480 1183.8
1083490 1183.8
1083500 1178.2
1083510 1171.2
1083520 1171.2
1083530 1163.6
1083540 1158.8
1083550 1158.8
1083560 1155.6
1083570 1152.2
1083580 1152.2
1083590 1148.2
1083600 1144.5
1083610 1140.9
1083620 1135.2
1083630 1133.0
1083640 1131.0
1083650 1131.0
1083660 1127.0
1083670 1122.7
1083680 1122.7
1083690 1120.2
1083700 1117.8
1083710 1117.8
1083720 1116.6
1083730 1112.1
1083740 1112.1
1083750 1104.6
1083760 1097.3
1083770 1097.3
1083780 1092.3
1083790 1088.8
1083800 1088.8
1083810 1082.4
1083820 1073.3
1083830 1073.3
1083840 1064.9
1083850 1060.0
1083860 1060.0
1083870 1062.1
1083880 1069.6
1083890 1078.6
1083900 1078.6
1083910 1084.0
1083920 1081.3
1083930 1081.3
1083940 1089.6
1083950 1096.3
1083960 1096.3
1083970 1096.7
1083980 1101.1
1083990 1101.1
1084000 1105.0
1084010 1106.9
1084020 1106.9
1084030 1112.2
1084040 1112.8
1084050 1112.8
1084060 1111.9
1084070 1111.5
1084080 1111.5
1084090 1112.0
1084100 1113.9
1084110 1113.9
1084120 1114.4
1084130 1115.2
1084140 1115.2
1084150 1117.8
1084160 1120.2
1084170 1122.5
1084180 1122.5
1084190 1124.0
1084200 1125.1
1084210 1125.1
1084220 1125.7
1084230 1125.3
1084240 1125.3
1084250 1127.1
1084260 1123.9
1084270 1123.9
1084280 1109.7
1084290 1091.2
1084300 1091.2
1084310 1081.8
1084320 1071.7
1084330 1071.7
1084340 1063.3
1084350 1056.5
1084360 1056.5
1084370 1045.6
1084380 1035.0
1084390 1035.0
1084400 1027.3
1084410 1022.3
1084420 1022.3
1084430 1022.1
1084440 1030.0
1084450 1038.1
1084460 1038.1
1084470 1047.4
1084480 1055.1
1084490 1055.1
1084500 1060.8
1084510 1064.7
1084520 1064.7
1084530 1065.0
1084540 1059.7
1084550 1059.7
1084560 1056.1
1084570 1064.8
1084580 1064.8
1084590 1067.5
1084600 1073.6
1084610 1073.6
1084620 1082.2
1084630 1090.6
1084640 1090.6
1084650 1100.5
1084660 1109.4
1084670 1109.4
1084680 1116.2
1084690 1121.7
1084700 1121.7
1084710 1125.5
1084720 1129.1
1084730 1133.1
1084740 1133.1
1084750 1136.9
1084760 1140.6
1084770 1140.6
1084780 1144.2
1084790 1147.3
1084800 1147.3
1084810 1150.4
1084820 1153.8
1084830 1153.8
1084840 1157.2
1084850 1159.6
1084860 1159.6
1084870 1161.8
1084880 1163.7
1084890 1165.3
1084900 1166.6
1084910 1167.7
1084920 1167.7
1084930 1168.6
1084940 1169.3
1084950 1169.3
1084960 1169.3
1084970 1170.0
1084980 1170.0
1084990 1171.6
1085000 1173.8
1085010 1174.6
1085020 1174.6
1085030 1175.8
1085040 1178.2
1085050 1178.2
1085060 1181.8
1085070 1185.5
1085080 1185.5
1085090 1188.7
1085100 1191.5
1085110 1191.5
1085120 1192.2
1085130 1191.2
1085140 1191.2
1085150 1194.1
1085160 1196.3
1085170 1196.3
1085180 1196.1
1085190 1195.9
1085200 1195.9
1085210 1204.0
1085220 1206.0
1085230 1206.0
1085240 1207.4
1085250 1206.9
1085260 1206.9
1085270 1210.1
1085280 1216.6
1085290 1218.8
1085300 1218.8
1085310 1219.1
1085320 1218.3
1085330 1218.3
1085340 1216.6
1085350 1215.0
1085360 1215.0
1085370 1212.6
1085380 1210.3
1085390 1210.3
1085400 1209.0
1085410 1206.8
1085420 1206.8
1085430 1204.0
1085440 1203.3
1085450 1203.3
1085460 1203.3
1085470 1199.3
1085480 1199.3
1085490 1200.3
1085500 1203.0
1085510 1203.0
1085520 1204.8
1085530 1208.7
1085540 1208.7
1085550 1205.3
1085560 1201.3
1085570 1205.2
1085580 1205.2
1085590 1206.4
1085600 1202.7
1085610 1202.7
1085620 1199.0
1085630 1202.7
1085640 1202.7
1085650 1204.7
1085660 1205.2
1085670 1205.2
1085680 1209.2
1085690 1210.0
1085700 1210.0
1085710 1208.3
1085720 1207.0
1085730 1207.0
1085740 1208.2
1085750 1207.7
1085760 1207.7
1085770 1207.2
1085780 1205.4
1085790 1205.4
1085800 1200.3
1085810 1197.9
1085820 1197.9
1085830 1197.9
1085840 1189.9
1085850 1188.8
1085860 1188.8
1085870 1185.5
1085880 1185.8
1085890 1185.8
1085900 1191.0
1085910 1195.0
1085920 1195.0
1085930 1197.7
1085940 1195.8
1085950 1195.8
1085960 1196.6
1085970 1201.8
1085980 1201.8
1085990 1208.9
1086000 1213.7
1086010 1213.7
1086020 1215.6
1086030 1216.4
1086040 1216.4
1086050 1223.3
1086060 1229.4
1086070 1229.4
1086080 1235.2
1086090 1242.0
1086100 1242.0
1086110 1249.0
1086120 1255.1
1086130 1260.3
1086140 1260.3
1086150 1267.3
1086160 1275.1
1086170 1272.6
1086180 1277.5
1086190 1280.8
1086200 1280.8
1086210 1280.8
1086220 1279.2
1086230 1279.2
1086240 1277.8
1086250 1285.1
1086260 1285.1
1086270 1292.2
1086280 1297.2
1086290 1297.2
1086300 1302.7
1086310 1307.2
1086320 1307.2
1086330 1313.4
1086340 1319.3
1086350 1319.3
1086360 1326.3
1086370 1333.5
1086380 1333.5
1086390 1341.0
1086400 1348.7
1086410 1355.1
1086420 1355.1
1086430 1362.0
1086440 1368.6
1086450 1368.6
1086460 1374.0
1086470 1380.4
1086480 1380.4
1086490 1385.5
1086500 1389.2
1086510 1389.2
1086520 1393.2
1086530 1397.8
1086540 1397.8
1086550 1403.1
1086560 1409.4
1086570 1409.4
1086580 1416.6
1086590 1425.2
1086600 1425.2
1086610 1431.4
1086620 1436.4
1086630 1436.4
1086640 1442.0
1086650 1447.9
1086660 1447.9
1086670 1453.4
1086680 1459.1
1086690 1466.0
1086700 1466.0
1086710 1473.5
1086720 1480.7
1086730 1480.7
1086740 1487.8
1086750 1495.6
1086760 1495.6
1086770 1503.6
1086780 1511.0
1086790 1511.0
1086800 1520.1
1086810 1528.3
1086820 1528.3
1086830 1536.1
1086840 1541.9
1086850 1541.9
1086860 1545.6
1086870 1548.5
1086880 1548.5
1086890 1551.0
1086900 1554.3
1086910 1554.3
1086920 1559.3
1086930 1563.7
1086940 1563.7
1086950 1567.2
1086960 1569.4
1086970 1570.9
1086980 1570.9
1086990 1573.2
1087000 1576.9
1087010 1576.9
1087020 1581.2
1087030 1584.4
1087040 1584.4
1087050 1585.7
1087060 1586.6
1087070 1586.6
1087080 1588.1
1087090 1588.9
1087100 1588.9
1087110 1589.2
1087120 1589.9
1087130 1588.9
1087140 1591.7
1087150 1593.9
1087160 1593.9
1087170 1597.2
1087180 1600.2
1087190 1600.2
1087200 1604.1
1087210 1607.2
1087220 1607.2
1087230 1609.1
1087240 1610.4
1087250 1610.4
1087260 1610.4
1087270 1609.0
1087280 1607.8
1087290 1607.8
1087300 1607.4
1087310 1608.1
1087320 1608.1
1087330 1608.9
1087340 1608.8
1087350 1608.8
1087360 1608.5
1087370 1608.3
1087380 1608.3
1087390 1607.7
1087400 1606.8
1087410 1606.8
1087420 1605.3
1087430 1603.6
1087440 1603.6
1087450 1600.0
1087460 1598.3
1087470 1598.3
1087480 1596.2
1087490 1595.1
1087500 1595.1
1087510 1593.4
1087520 1594.3
1087530 1595.4
1087540 1595.4
1087550 1595.8
1087560 1595.4
1087570 1595.4
1087580 1594.7
1087590 1594.6
1087600 1594.6
1087610 1594.3
1087620 1593.1
1087630 1593.1
1087640 1589.0
1087650 1589.3
1087660 1589.3
1087670 1593.0
1087680 1595.7
1087690 1595.7
1087700 1598.3
1087710 1601.3
1087720 1601.3
1087730 1603.3
1087740 1604.3
1087750 1604.3
1087760 1605.0
1087770 1609.7
1087780 1609.7
1087790 1617.0
1087800 1623.5
1087810 1628.9
1087820 1628.9
1087830 1633.5
1087840 1640.0
1087850 1640.0
1087860 1648.3
1087870 1654.8
1087880 1654.8
1087890 1656.9
1087900 1659.1
1087910 1659.1
1087920 1661.6
1087930 1662.4
1087940 1662.4
1087950 1662.6
1087960 1663.2
1087970 1663.2
1087980 1664.4
1087990 1665.4
1088000 1665.4
1088010 1666.4
1088020 1666.9
1088030 1666.9
1088040 1666.5
1088050 1665.7
1088060 1665.7
1088070 1664.7
1088080 1664.2
1088090 1663.1
1088100 1663.1
1088110 1663.1
1088120 1663.3
1088130 1663.3
1088140 1662.3
1088150 1661.9
1088160 1661.9
1088170 1662.1
1088180 1661.9
1088190 1661.9
1088200 1661.5
1088210 1659.9
1088220 1659.9
1088230 1659.7
1088240 1661.3
1088250 1661.3
1088260 1665.0
1088270 1672.4
1088280 1672.4
1088290 1677.0
1088300 1680.9
1088310 1680.9
1088320 1685.0
1088330 1690.0
1088340 1690.0
1088350 1695.2
1088360 1698.2
1088370 1698.7
1088380 1698.7
1088390 1700.9
1088400 1703.3
1088410 1702.2
1088420 1705.8
1088430 1709.9
1088440 1709.9
1088450 1715.6
1088460 1723.1
1088470 1723.1
1088480 1729.0
1088490 1734.5
1088500 1734.5
1088510 1740.5
1088520 1746.1
1088530 1746.1
1088540 1748.8
1088550 1751.1
1088560 1751.1
1088570 1754.9
1088580 1760.2
1088590 1760.2
1088600 1766.0
1088610 1772.7
1088620 1772.7
1088630 1780.1
1088640 1787.1
1088650 1793.1
1088660 1793.1
1088670 1797.7
1088680 1800.1
1088690 1800.1
1088700 1800.4
1088710 1796.7
1088720 1796.7
1088730 1781.8
1088740 1779.4
1088750 1779.4
1088760 1778.1
1088770 1776.8
1088780 1776.8
1088790 1775.2
1088800 1772.1
1088810 1772.1
1088820 1770.9
1088830 1769.5
1088840 1769.5
1088850 1767.5
1088860 1766.6
1088870 1766.6
1088880 1764.9
1088890 1764.1
1088900 1764.1
1088910 1762.6
1088920 1762.0
1088930 1760.4
1088940 1760.4
1088950 1759.4
1088960 1757.2
1088970 1757.2
1088980 1754.3
1088990 1753.0
1089000 1753.0
1089010 1751.8
1089020 1751.1
1089030 1751.1
1089040 1750.6
1089050 1750.2
1089060 1746.2
1089070 1745.5
1089080 1744.8
1089090 1744.8
1089100 1743.6
1089110 1743.3
1089120 1743.3
1089130 1743.0
1089140 1742.3
1089150 1742.3
1089160 1740.5
1089170 1739.4
1089180 1739.4
1089190 1740.2
1089200 1740.9
1089210 1742.3
1089220 1742.3
1089230 1741.1
1089240 1739.3
1089250 1739.3
1089260 1738.8
1089270 1739.0
1089280 1739.0
1089290 1742.2
1089300 1744.8
1089310 1744.8
1089320 1745.7
1089330 1746.1
1089340 1746.1
1089350 1747.0
1089360 1748.9
1089370 1748.9
1089380 1748.1
1089390 1749.8
1089400 1749.8
1089410 1753.2
1089420 1756.6
1089430 1756.6
1089440 1757.6
1089450 1758.0
1089460 1758.0
1089470 1758.1
1089480 1758.3
1089490 1760.4
1089500 1760.4
1089510 1763.5
1089520 1764.9
1089530 1764.9
1089540 1766.8
1089550 1769.1
1089560 1769.1
1089570 1770.9
1089580 1772.5
1089590 1772.5
1089600 1773.7
1089610 1774.4
1089620 1774.4
1089630 1773.6
1089640 1770.1
1089650 1770.1
1089660 1766.1
1089670 1763.5
1089680 1763.5
1089690 1761.6
1089700 1755.2
1089710 1755.2
1089720 1753.3
1089730 1750.9
1089740 1750.9
1089750 1747.2
1089760 1744.7
1089770 1744.8
1089780 1744.8
1089790 1744.7
1089800 1743.3
1089810 1743.3
1089820 1741.7
1089830 1739.9
1089840 1739.9
1089850 1737.9
1089860 1734.3
1089870 1734.3
1089880 1730.7
1089890 1728.4
1089900 1728.4
1089910 1727.0
1089920 1725.1
1089930 1725.1
1089940 1723.0
1089950 1721.8
1089960 1721.8
1089970 1720.4
1089980 1719.4
1089990 1719.4
1090000 1719.8
1090010 1720.6
1090020 1719.5
1090030 1720.3
1090040 1722.1
1090050 1724.4
1090060 1724.4
1090070 1727.2
1090080 1730.2
1090090 1730.2
1090100 1733.4
1090110 1736.3
1090120 1736.3
1090130 1738.9
1090140 1741.7
1090150 1741.7
1090160 1744.5
1090170 1746.5
1090180 1746.5
1090190 1748.6
1090200 1750.0
1090210 1750.0
1090220 1749.8
1090230 1750.5
1090240 1750.5
1090250 1751.5
1090260 1753.2
1090270 1753.2
1090280 1753.7
1090290 1753.9
1090300 1753.9
1090310 1754.6
1090320 1756.1
1090330 1756.4
1090340 1756.4
1090350 1752.0
1090360 1752.5
1090370 1752.5
1090380 1754.3
1090390 1755.8
1090400 1755.8
1090410 1756.1
1090420 1755.7
1090430 1755.7
1090440 1756.0
1090450 1755.5
1090460 1755.5
1090470 1753.8
1090480 1752.5
1090490 1752.5
1090500 1750.6
1090510 1749.2
1090520 1749.2
1090530 1748.1
1090540 1745.0
1090550 1745.0
1090560 1740.8
1090570 1739.0
1090580 1739.0
1090590 1735.8
1090600 1731.8
1090610 1729.3
1090620 1729.3
1090630 1727.1
1090640 1726.4
1090650 1726.4
1090660 1726.6
1090670 1725.2
1090680 1725.2
1090690 1722.3
1090700 1720.5
1090710 1720.5
1090720 1720.6
1090730 1721.6
1090740 1721.6
1090750 1722.5
1090760 1724.1
1090770 1724.1
1090780 1723.5
1090790 1722.6
1090800 1722.6
1090810 1722.8
1090820 1723.7
1090830 1723.7
1090840 1725.4
1090850 1725.8
1090860 1725.8
1090870 1725.2
1090880 1726.2
1090890 1726.8
1090900 1726.8
1090910 1728.1
1090920 1730.6
1090930 1730.6
1090940 1732.3
1090950 1734.4
1090960 1734.4
1090970 1737.6
1090980 1741.3
1090990 1738.6
1091000 1744.5
1091010 1749.9
1091020 1749.9
1091030 1755.5
1091040 1760.4
1091050 1760.4
1091060 1766.1
1091070 1771.6
1091080 1771.6
1091090 1776.4
1091100 1780.6
1091110 1780.6
1091120 1783.8
1091130 1787.1
1091140 1787.1
1091150 1789.5
1091160 1792.5
1091170 1796.1
1091180 1796.1
1091190 1799.2
1091200 1801.5
1091210 1801.5
1091220 1802.1
1091230 1801.2
1091240 1801.2
1091250 1799.0
1091260 1796.3
1091270 1796.3
1091280 1793.9
1091290 1792.0
1091300 1792.0
1091310 1789.6
1091320 1788.5
1091330 1788.5
1091340 1786.9
1091350 1785.0
1091360 1785.0
1091370 1782.4
1091380 1781.5
1091390 1781.5
1091400 1780.9
1091410 1778.9
1091420 1778.9
1091430 1777.4
1091440 1775.1
1091450 1774.2
1091460 1774.2
1091470 1771.1
1091480 1766.5
1091490 1766.5
1091500 1763.0
1091510 1757.4
1091520 1757.4
1091530 1749.6
1091540 1742.6
1091550 1742.6
1091560 1737.1
1091570 1732.2
1091580 1732.2
1091590 1728.6
1091600 1726.2
1091610 1726.2
1091620 1722.7
1091630 1721.0
1091640 1723.9
1091650 1721.1
1091660 1717.2
1091670 1717.2
1091680 1714.6
1091690 1712.6
1091700 1712.6
1091710 1709.6
1091720 1706.2
1091730 1703.8
1091740 1703.8
1091750 1702.4
1091760 1700.4
1091770 1700.4
1091780 1698.3
1091790 1696.4
1091800 1696.4
1091810 1698.2
1091820 1699.6
1091830 1699.6
1091840 1699.2
1091850 1698.5
1091860 1698.5
1091870 1697.2
1091880 1697.9
1091890 1697.9
1091900 1698.3
1091910 1698.7
1091920 1698.7
1091930 1698.6
1091940 1699.3
1091950 1699.3
1091960 1703.8
1091970 1703.7
1091980 1703.7
1091990 1705.8
1092000 1707.9
1092010 1711.1
1092020 1711.1
1092030 1716.1
1092040 1720.5
1092050 1720.5
1092060 1723.0
1092070 1723.1
1092080 1723.1
1092090 1722.5
1092100 1721.1
1092110 1721.1
1092120 1719.5
1092130 1718.9
1092140 1718.9
1092150 1716.8
1092160 1713.3
1092170 1713.3
1092180 1709.9
1092190 1708.3
1092200 1708.3
1092210 1709.7
1092220 1706.8
1092230 1706.8
1092240 1705.2
1092250 1701.7
1092260 1701.7
1092270 1699.9
1092280 1698.7
1092290 1695.9
1092300 1695.9
1092310 1694.0
1092320 1693.2
1092330 1693.2
1092340 1694.4
1092350 1692.6
1092360 1692.6
1092370 1691.2
1092380 1691.1
1092390 1691.1
1092400 1692.2
1092410 1694.8
1092420 1694.8
1092430 1697.5
1092440 1700.2
1092450 1700.2
1092460 1701.6
1092470 1702.1
1092480 1702.1
1092490 1701.5
1092500 1700.6
1092510 1700.6
1092520 1700.1
1092530 1700.2
1092540 1700.2
1092550 1699.8
1092560 1698.5
1092570 1698.8
1092580 1698.8
1092590 1700.8
1092600 1701.9
1092610 1700.4
1092620 1701.4
1092630 1702.3
1092640 1702.3
1092650 1702.4
1092660 1701.8
1092670 1701.8
1092680 1699.6
1092690 1699.3
1092700 1699.3
1092710 1698.8
1092720 1698.1
1092730 1698.1
1092740 1696.1
1092750 1694.8
1092760 1694.8
1092770 1694.4
1092780 1694.5
1092790 1694.5
1092800 1695.4
1092810 1696.6
1092820 1696.6
1092830 1698.0
1092840 1700.9
1092850 1703.3
1092860 1703.3
1092870 1705.1
1092880 1707.5
1092890 1707.5
1092900 1708.8
1092910 1710.5
1092920 1710.5
1092930 1711.2
1092940 1710.3
1092950 1710.3
1092960 1710.8
1092970 1710.6
1092980 1710.6
1092990 1709.8
1093000 1708.2
1093010 1708.2
1093020 1707.2
1093030 1706.7
1093040 1706.7
1093050 1706.8
1093060 1707.0
1093070 1707.0
1093080 1706.7
1093090 1707.0
1093100 1707.0
1093110 1707.2
1093120 1706.5
1093130 1706.1
1093140 1706.1
1093150 1705.2
1093160 1702.9
1093170 1702.9
1093180 1700.9
1093190 1700.1
1093200 1700.1
1093210 1698.8
1093220 1696.0
1093230 1696.0
1093240 1693.7
1093250 1692.3
1093260 1692.3
1093270 1688.8
1093280 1684.5
1093290 1684.5
1093300 1681.3
1093310 1677.1
1093320 1677.1
1093330 1672.8
1093340 1661.4
1093350 1661.4
1093360 1644.3
1093370 1628.6
1093380 1628.6
1093390 1618.0
1093400 1609.5
1093410 1601.0
1093420 1601.0
1093430 1596.7
1093440 1590.7
1093450 1590.7
1093460 1587.0
1093470 1584.3
1093480 1584.3
1093490 1580.0
1093500 1575.4
1093510 1575.4
1093520 1571.6
1093530 1567.9
1093540 1567.9
1093550 1563.6
1093560 1559.7
1093570 1559.7
1093580 1556.9
1093590 1557.4
1093600 1557.4
1093610 1552.9
1093620 1546.8
1093630 1546.8
1093640 1538.2
1093650 1526.2
1093660 1526.2
1093670 1520.9
1093680 1515.3
1093690 1507.2
1093700 1507.2
1093710 1502.3
1093720 1499.9
1093730 1499.9
1093740 1503.4
1093750 1507.2
1093760 1507.2
1093770 1513.5
1093780 1520.8
1093790 1520.8
1093800 1530.0
1093810 1540.5
1093820 1540.5
1093830 1552.4
1093840 1560.7
1093850 1560.7
1093860 1566.6
1093870 1572.4
1093880 1572.4
1093890 1576.1
1093900 1579.3
1093910 1579.3
1093920 1584.3
1093930 1589.4
1093940 1589.4
1093950 1594.0
1093960 1597.3
1093970 1598.9
1093980 1598.9
1093990 1601.8
1094000 1604.7
1094010 1604.7
1094020 1606.4
1094030 1608.2
1094040 1608.2
1094050 1610.4
1094060 1612.8
1094070 1612.8
1094080 1615.9
1094090 1618.9
1094100 1618.9
1094110 1619.7
1094120 1620.2
1094130 1620.2
1094140 1621.9
1094150 1624.4
1094160 1624.4
1094170 1628.4
1094180 1634.2
1094190 1634.2
1094200 1641.9
1094210 1647.8
1094220 1653.9
1094230 1653.9
1094240 1656.8
1094250 1660.2
1094260 1660.2
1094270 1663.3
1094280 1665.9
1094290 1665.9
1094300 1667.8
1094310 1669.5
1094320 1669.5
1094330 1670.8
1094340 1671.5
1094350 1671.5
1094360 1672.9
1094370 1674.5
1094380 1674.5
1094390 1677.4
1094400 1679.9
1094410 1679.9
1094420 1681.8
1094430 1684.3
1094440 1684.3
1094450 1685.8
1094460 1687.9
1094470 1687.9
1094480 1689.6
1094490 1690.7
1094500 1695.1
1094510 1695.1
1094520 1698.2
1094530 1700.2
1094540 1700.2
1094550 1701.1
1094560 1700.8
1094570 1695.5
1094580 1694.9
1094590 1694.1
1094600 1694.1
1094610 1692.9
1094620 1691.7
1094630 1691.7
1094640 1690.4
1094650 1688.0
1094660 1688.0
1094670 1680.5
1094680 1677.5
1094690 1677.5
1094700 1683.3
1094710 1685.9
1094720 1685.9
1094730 1687.2
1094740 1689.5
1094750 1689.5
1094760 1693.6
1094770 1698.6
1094780 1701.9
1094790 1701.9
1094800 1704.7
1094810 1706.7
1094820 1706.7
1094830 1708.3
1094840 1710.6
1094850 1710.6
1094860 1711.5
1094870 1710.1
1094880 1710.1
1094890 1710.5
1094900 1705.7
1094910 1705.7
1094920 1706.2
1094930 1704.6
1094940 1704.6
1094950 1703.5
1094960 1707.4
1094970 1707.4
1094980 1713.1
1094990 1716.7
1095000 1716.7
1095010 1720.0
1095020 1724.3
1095030 1724.3
1095040 1727.8
1095050 1730.3
1095060 1732.2
1095070 1732.2
1095080 1734.0
1095090 1736.0
1095100 1736.0
1095110 1738.3
1095120 1740.0
1095130 1740.0
1095140 1739.6
1095150 1738.2
1095160 1738.2
1095170 1737.3
1095180 1736.5
1095190 1736.5
1095200 1735.8
1095210 1734.8
1095220 1731.6
1095230 1730.2
1095240 1728.7
1095250 1728.7
1095260 1727.1
1095270 1725.8
1095280 1725.8
1095290 1724.6
1095300 1723.7
1095310 1723.7
1095320 1722.9
1095330 1722.6
1095340 1718.9
1095350 1718.9
1095360 1715.1
1095370 1716.4
1095380 1716.4
1095390 1719.2
1095400 1721.9
1095410 1721.9
1095420 1724.4
1095430 1726.3
1095440 1726.3
1095450 1728.0
1095460 1731.3
1095470 1731.3
1095480 1735.6
1095490 1740.4
1095500 1740.4
1095510 1743.7
1095520 1747.1
1095530 1747.1
1095540 1751.8
1095550 1754.8
1095560 1754.8
1095570 1757.0
1095580 1759.0
1095590 1759.0
1095600 1761.6
1095610 1764.7
1095620 1767.6
1095630 1767.6
1095640 1770.0
1095650 1772.3
1095660 1772.3
1095670 1775.1
1095680 1778.3
1095690 1778.3
1095700 1780.8
1095710 1783.0
1095720 1783.0
1095730 1784.9
1095740 1787.0
1095750 1787.0
1095760 1789.7
1095770 1793.0
1095780 1793.0
1095790 1796.4
1095800 1799.7
1095810 1799.7
1095820 1803.5
1095830 1806.9
1095840 1806.9
1095850 1811.0
1095860 1815.5
1095870 1815.5
1095880 1820.9
1095890 1824.7
1095900 1829.9
1095910 1829.9
1095920 1833.4
1095930 1835.0
1095940 1835.0
1095950 1838.6
1095960 1843.1
1095970 1843.1
1095980 1847.5
1095990 1851.1
1096000 1851.1
1096010 1854.6
1096020 1858.4
1096030 1858.4
1096040 1861.5
1096050 1864.7
1096060 1864.7
1096070 1866.5
1096080 1868.7
1096090 1868.7
1096100 1871.6
1096110 1873.5
1096120 1873.5
1096130 1875.0
1096140 1875.9
1096150 1875.9
1096160 1877.4
1096170 1879.2
1096180 1881.7
1096190 1881.7
1096200 1884.6
1096210 1890.2
1096220 1890.2
1096230 1895.7
1096240 1900.2
1096250 1900.2
1096260 1905.0
1096270 1909.6
1096280 1909.6
1096290 1913.9
1096300 1920.1
1096310 1920.1
1096320 1929.4
1096330 1939.8
1096340 1939.8
1096350 1949.2
1096360 1957.8
1096370 1957.8
1096380 1966.3
1096390 1974.6
1096400 1974.6
1096410 1982.2
1096420 1989.0
1096430 1989.0
1096440 1994.3
1096450 1997.4
1096460 1995.9
1096470 1995.9
1096480 1994.2
1096490 1993.6
1096500 1993.6
1096510 1993.9
1096520 1994.7
1096530 1994.4
1096540 1993.8
1096550 1991.5
1096560 1991.5
1096570 1987.7
1096580 1982.4
1096590 1982.4
1096600 1976.1
1096610 1970.5
1096620 1970.5
1096630 1966.3
1096640 1965.1
1096650 1965.1
1096660 1964.1
1096670 1962.0
1096680 1962.0
1096690 1960.3
1096700 1958.6
1096710 1958.6
1096720 1956.3
1096730 1952.7
1096740 1946.8
1096750 1946.8
1096760 1934.7
1096770 1918.9
1096780 1918.9
1096790 1907.3
1096800 1899.3
1096810 1899.3
1096820 1891.4
1096830 1883.3
1096840 1883.3
1096850 1876.1
1096860 1871.7
1096870 1871.7
1096880 1865.6
1096890 1861.2
1096900 1861.2
1096910 1855.0
1096920 1848.5
1096930 1848.5
1096940 1841.4
1096950 1835.1
1096960 1835.1
1096970 1828.4
1096980 1822.3
1096990 1822.3
1097000 1815.6
1097010 1809.7
1097020 1804.1
1097030 1804.1
1097040 1799.3
1097050 1793.6
1097060 1793.6
1097070 1788.1
1097080 1783.2
1097090 1783.2
1097100 1779.4
1097110 1776.2
1097120 1776.2
1097130 1774.0
1097140 1773.0
1097150 1773.0
1097160 1771.7
1097170 1772.2
1097180 1772.2
1097190 1767.5
1097200 1767.0
1097210 1767.0
1097220 1767.1
1097230 1767.2
1097240 1767.2
1097250 1767.3
1097260 1768.8
1097270 1768.8
1097280 1769.5
1097290 1770.1
1097300 1771.8
1097310 1771.8
1097320 1773.7
1097330 1776.0
1097340 1776.0
1097350 1778.2
1097360 1780.9
1097370 1780.9
1097380 1785.0
1097390 1789.1
1097400 1789.1
1097410 1792.2
1097420 1794.7
1097430 1794.7
1097440 1797.0
1097450 1797.8
1097460 1797.8
1097470 1797.7
1097480 1796.9
1097490 1796.9
1097500 1794.6
1097510 1793.0
1097520 1788.1
1097530 1786.5
1097540 1786.4
1097550 1786.4
1097560 1786.7
1097570 1787.0
1097580 1787.6
1097590 1787.6
1097600 1788.0
1097610 1787.5
1097620 1787.5
1097630 1786.5
1097640 1785.0
1097650 1785.0
1097660 1783.8
1097670 1782.1
1097680 1782.1
1097690 1779.3
1097700 1775.1
1097710 1775.1
1097720 1770.2
1097730 1767.0
1097740 1767.0
1097750 1766.1
1097760 1767.2
1097770 1767.2
1097780 1767.4
1097790 1767.5
1097800 1767.5
1097810 1768.7
1097820 1770.4
1097830 1770.4
1097840 1772.4
1097850 1768.9
1097860 1770.0
1097870 1770.0
1097880 1772.5
1097890 1774.0
1097900 1774.0
1097910 1774.3
1097920 1774.0
1097930 1774.0
1097940 1773.7
1097950 1775.2
1097960 1775.2
1097970 1777.3
1097980 1779.5
1097990 1779.5
1098000 1780.7
1098010 1781.7
1098020 1781.7
1098030 1781.6
1098040 1781.1
1098050 1781.1
1098060 1779.8
1098070 1777.7
1098080 1777.7
1098090 1776.7
1098100 1775.2
1098110 1775.2
1098120 1773.3
1098130 1771.7
1098140 1770.2
1098150 1770.2
1098160 1769.8
1098170 1769.2
1098180 1764.2
1098190 1762.9
1098200 1762.0
1098210 1762.0
1098220 1761.9
1098230 1763.0
1098240 1763.0
1098250 1764.2
1098260 1764.5
1098270 1764.5
1098280 1765.2
1098290 1766.4
1098300 1766.4
1098310 1767.1
1098320 1766.6
1098330 1766.6
1098340 1767.6
1098350 1770.3
1098360 1770.3
1098370 1772.5
1098380 1774.3
1098390 1774.3
1098400 1776.0
1098410 1777.5
1098420 1778.3
1098430 1778.3
1098440 1779.1
1098450 1779.9
1098460 1779.9
1098470 1780.7
1098480 1781.0
1098490 1781.0
1098500 1780.3
1098510 1777.8
1098520 1777.8
1098530 1776.2
1098540 1774.6
1098550 1774.6
1098560 1772.0
1098570 1769.3
1098580 1769.3
1098590 1766.9
1098600 1764.4
1098610 1764.4
1098620 1762.2
1098630 1760.1
1098640 1760.1
1098650 1757.7
1098660 1754.3
1098670 1754.3
1098680 1751.2
1098690 1749.0
1098700 1746.8
1098710 1746.8
1098720 1744.2
1098730 1741.2
1098740 1741.2
1098750 1738.8
1098760 1736.9
1098770 1736.9
1098780 1734.9
1098790 1733.5
1098800 1733.5
1098810 1732.3
1098820 1729.8
1098830 1729.8
1098840 1730.0
1098850 1728.2
1098860 1728.2
1098870 1725.4
1098880 1722.6
1098890 1722.6
1098900 1720.2
1098910 1717.6
1098920 1717.6
1098930 1714.7
1098940 1711.8
1098950 1711.8
1098960 1709.4
1098970 1706.5
1098980 1703.4
1098990 1703.4
1099000 1700.9
1099010 1698.3
1099020 1698.3
1099030 1695.6
1099040 1691.6
1099050 1691.6
1099060 1685.7
1099070 1680.6
1099080 1680.6
1099090 1675.2
1099100 1669.5
1099110 1669.5
1099120 1664.7
1099130 1661.5
1099140 1661.5
1099150 1657.9
1099160 1654.3
1099170 1656.6
1099180 1652.3
1099190 1647.7
1099200 1647.7
1099210 1644.0
1099220 1639.9
1099230 1639.9
1099240 1636.6
1099250 1632.5
1099260 1627.2
1099270 1627.2
1099280 1622.6
1099290 1618.7
1099300 1618.7
1099310 1614.6
1099320 1610.0
1099330 1610.0
1099340 1605.1
1099350 1599.4
1099360 1599.4
1099370 1593.4
1099380 1588.1
1099390 1588.1
1099400 1583.8
1099410 1579.2
1099420 1579.2
1099430 1574.3
1099440 1570.8
1099450 1570.8
1099460 1565.4
1099470 1561.0
1099480 1561.0
1099490 1556.4
1099500 1552.6
1099510 1552.6
1099520 1547.3
1099530 1543.4
1099540 1538.2
1099550 1538.2
1099560 1532.9
1099570 1527.1
1099580 1527.1
1099590 1522.4
1099600 1518.0
1099610 1518.0
1099620 1513.6
1099630 1510.3
1099640 1510.3
1099650 1506.4
1099660 1502.1
1099670 1502.1
1099680 1497.4
1099690 1492.3
1099700 1492.3
1099710 1488.0
1099720 1484.1
1099730 1484.1
1099740 1479.8
1099750 1476.3
1099760 1476.3
1099770 1470.9
1099780 1467.4
1099790 1467.4
1099800 1464.7
1099810 1461.4
1099820 1457.4
1099830 1458.8
1099840 1457.1
1099850 1454.8
1099860 1454.8
1099870 1452.5
1099880 1450.7
1099890 1450.7
1099900 1445.7
1099910 1440.1
1099920 1440.1
1099930 1435.2
1099940 1431.3
1099950 1431.3
1099960 1429.0
1099970 1428.2
1099980 1428.2
1099990 1425.8
