1080000 1001.6
1080010 1004.6
1080020 1004.6
1080030 1006.5
1080040 1009.0
1080050 1009.0
1080060 1013.2
1080070 1016.1
1080080 1016.1
1080090 1019.3
1080100 1022.3
1080110 1022.3
1080120 1022.9
1080130 1023.5
1080140 1023.5
1080150 1026.0
1080160 1029.0
1080170 1029.0
1080180 1029.2
1080190 1033.3
1080200 1033.3
1080210 1036.7
1080220 1040.4
1080230 1040.4
1080240 1043.6
1080250 1046.5
1080260 1048.8
1080270 1048.8
1080280 1050.5
1080290 1053.5
1080300 1053.5
1080310 1056.6
1080320 1058.6
1080330 1058.6
1080340 1061.1
1080350 1063.8
1080360 1063.8
1080370 1066.1
1080380 1068.2
1080390 1068.2
1080400 1070.1
1080410 1073.2
1080420 1073.2
1080430 1078.2
1080440 1081.4
1080450 1081.4
1080460 1081.1
1080470 1080.0
1080480 1080.0
1080490 1076.8
1080500 1077.8
1080510 1077.8
1080520 1080.2
1080530 1082.8
1080540 1085.3
1080550 1085.3
1080560 1088.0
1080570 1089.8
1080580 1089.8
1080590 1090.8
1080600 1091.6
1080610 1091.6
1080620 1092.2
1080630 1093.7
1080640 1093.7
1080650 1095.4
1080660 1095.9
1080670 1095.9
1080680 1096.7
1080690 1098.3
1080700 1098.3
1080710 1100.0
1080720 1102.3
1080730 1102.3
1080740 1105.5
1080750 1110.9
1080760 1110.9
1080770 1117.1
1080780 1121.4
1080790 1121.4
1080800 1125.3
1080810 1127.3
1080820 1129.7
1080830 1129.7
1080840 1132.5
1080850 1133.9
1080860 1133.9
1080870 1135.6
1080880 1138.5
1080890 1138.5
1080900 1141.2
1080910 1143.2
1080920 1143.2
1080930 1144.4
1080940 1145.1
1080950 1145.1
1080960 1148.3
1080970 1151.0
1080980 1151.0
1080990 1152.7
1081000 1156.3
1081010 1156.3
1081020 1160.9
1081030 1163.9
1081040 1163.9
1081050 1165.4
1081060 1167.5
1081070 1167.5
1081080 1171.4
1081090 1174.7
1081100 1177.1
1081110 1177.1
1081120 1173.9
1081130 1173.7
1081140 1173.7
1081150 1176.3
1081160 1180.3
1081170 1180.3
1081180 1181.7
1081190 1185.5
1081200 1185.5
1081210 1187.3
1081220 1187.7
1081230 1187.7
1081240 1191.2
1081250 1195.1
1081260 1195.1
1081270 1199.2
1081280 1202.2
1081290 1202.2
1081300 1204.4
1081310 1205.5
1081320 1205.5
1081330 1207.1
1081340 1207.3
1081350 1207.3
1081360 1209.3
1081370 1212.2
1081380 1213.6
1081390 1213.6
1081400 1213.5
1081410 1212.8
1081420 1212.8
1081430 1212.4
1081440 1211.3
1081450 1211.3
1081460 1214.8
1081470 1219.6
1081480 1219.6
1081490 1224.9
1081500 1229.8
1081510 1229.8
1081520 1234.6
1081530 1238.8
1081540 1238.8
1081550 1242.4
1081560 1245.8
1081570 1245.8
1081580 1249.2
1081590 1252.3
1081600 1252.3
1081610 1254.8
1081620 1257.1
1081630 1257.1
1081640 1259.7
1081650 1262.6
1081660 1265.1
1081670 1265.1
1081680 1266.8
1081690 1267.8
1081700 1267.8
1081710 1268.9
1081720 1270.8
1081730 1270.8
1081740 1273.1
1081750 1271.4
1081760 1271.4
1081770 1272.1
1081780 1272.3
1081790 1272.3
1081800 1272.4
1081810 1271.3
1081820 1271.3
1081830 1268.2
1081840 1265.3
1081850 1265.3
1081860 1262.5
1081870 1259.5
1081880 1259.5
1081890 1255.7
1081900 1253.6
1081910 1253.6
1081920 1259.5
1081930 1266.8
1081940 1273.0
1081950 1273.0
1081960 1277.7
1081970 1282.1
1081980 1282.1
1081990 1286.2
1082000 1291.0
1082010 1291.0
1082020 1296.7
1082030 1303.9
1082040 1303.9
1082050 1310.8
1082060 1316.3
1082070 1313.4
1082080 1318.2
1082090 1322.4
1082100 1322.4
1082110 1326.3
1082120 1330.0
1082130 1330.0
1082140 1332.4
1082150 1333.1
1082160 1333.1
1082170 1332.7
1082180 1332.6
1082190 1332.6
1082200 1333.6
1082210 1334.3
1082220 1334.2
1082230 1334.2
1082240 1333.9
1082250 1335.4
1082260 1335.4
1082270 1337.9
1082280 1339.7
1082290 1339.7
1082300 1339.3
1082310 1335.9
1082320 1335.9
1082330 1334.4
1082340 1335.4
1082350 1335.4
1082360 1336.3
1082370 1337.3
1082380 1337.3
1082390 1328.6
1082400 1329.2
1082410 1329.2
1082420 1334.0
1082430 1339.1
1082440 1339.1
1082450 1344.7
1082460 1351.1
1082470 1351.1
1082480 1357.1
1082490 1361.5
1082500 1365.5
1082510 1365.5
1082520 1368.6
1082530 1370.3
1082540 1370.3
1082550 1369.6
1082560 1366.9
1082570 1366.9
1082580 1368.7
1082590 1372.2
1082600 1372.2
1082610 1375.4
1082620 1376.7
1082630 1376.7
1082640 1377.0
1082650 1378.5
1082660 1378.5
1082670 1381.7
1082680 1384.0
1082690 1384.0
1082700 1381.8
1082710 1382.5
1082720 1382.5
1082730 1382.9
1082740 1382.9
1082750 1382.9
1082760 1383.2
1082770 1383.7
1082780 1383.8
1082790 1383.8
1082800 1383.7
1082810 1384.2
1082820 1384.2
1082830 1384.9
1082840 1385.0
1082850 1385.0
1082860 1384.2
1082870 1383.3
1082880 1383.3
1082890 1383.3
1082900 1383.6
1082910 1383.6
1082920 1383.6
1082930 1383.8
1082940 1383.8
1082950 1385.5
1082960 1386.4
1082970 1386.4
1082980 1386.7
1082990 1386.8
1083000 1386.8
1083010 1386.2
1083020 1378.5
1083030 1378.5
1083040 1371.3
1083050 1363.0
1083060 1355.4
1083070 1355.4
1083080 1346.5
1083090 1334.5
1083100 1334.5
1083110 1324.2
1083120 1316.3
1083130 1316.3
1083140 1308.7
1083150 1301.0
1083160 1301.0
1083170 1293.6
1083180 1286.2
1083190 1286.2
1083200 1278.9
1083210 1271.7
1083220 1271.7
1083230 1264.5
1083240 1257.6
1083250 1257.6
1083260 1250.9
1083270 1243.9
1083280 1243.9
1083290 1237.4
1083300 1231.9
1083310 1231.9
1083320 1226.5
1083330 1221.9
1083340 1212.3
1083350 1212.3
1083360 1206.6
1083370 1201.2
1083380 1201.2
1083390 1195.8
1083400 1190.1
1083410 1190.1
1083420 1184.9
1083430 1179.6
1083440 1179.6
1083450 1175.4
1083460 1170.1
1083470 1170.1
1083480 1164.0
1083490 1157.5
1083500 1157.5
1083510 1150.2
1083520 1143.3
1083530 1143.3
1083540 1137.6
1083550 1131.3
1083560 1131.3
1083570 1124.0
1083580 1116.9
1083590 1116.9
1083600 1113.1
1083610 1109.9
1083620 1104.6
1083630 1104.6
1083640 1100.0
1083650 1099.5
1083660 1104.7
1083670 1108.4
1083680 1114.9
1083690 1114.9
1083700 1115.8
1083710 1122.2
1083720 1122.2
1083730 1126.7
1083740 1123.6
1083750 1123.6
1083760 1120.2
1083770 1123.3
1083780 1123.3
1083790 1120.1
1083800 1119.1
1083810 1119.1
1083820 1127.6
1083830 1135.1
1083840 1135.1
1083850 1140.0
1083860 1143.7
1083870 1143.7
1083880 1144.6
1083890 1142.5
1083900 1147.1
1083910 1147.1
1083920 1144.1
1083930 1147.6
1083940 1147.6
1083950 1155.3
1083960 1161.3
1083970 1163.8
1083980 1168.2
1083990 1168.9
1084000 1168.9
1084010 1170.1
1084020 1172.4
1084030 1172.4
1084040 1174.3
1084050 1177.8
1084060 1177.8
1084070 1179.3
1084080 1179.9
1084090 1179.9
1084100 1180.5
1084110 1181.6
1084120 1181.6
1084130 1181.8
1084140 1181.5
1084150 1181.5
1084160 1180.7
1084170 1178.7
1084180 1175.5
1084190 1175.5
1084200 1171.2
1084210 1163.8
1084220 1163.8
1084230 1153.3
1084240 1141.9
1084250 1141.9
1084260 1131.5
1084270 1123.3
1084280 1123.3
1084290 1110.8
1084300 1100.0
1084310 1100.0
1084320 1092.7
1084330 1090.3
1084340 1090.3
1084350 1088.6
1084360 1086.0
1084370 1086.0
1084380 1088.4
1084390 1093.9
1084400 1093.9
1084410 1098.2
1084420 1103.0
1084430 1103.0
1084440 1108.1
1084450 1112.9
1084460 1119.1
1084470 1119.1
1084480 1124.9
1084490 1128.7
1084500 1128.7
1084510 1125.1
1084520 1114.8
1084530 1114.8
1084540 1117.5
1084550 1122.2
1084560 1122.2
1084570 1124.5
1084580 1126.1
1084590 1126.1
1084600 1127.7
1084610 1129.1
1084620 1129.1
1084630 1131.1
1084640 1133.3
1084650 1133.3
1084660 1136.1
1084670 1138.8
1084680 1138.8
1084690 1141.7
1084700 1145.0
1084710 1145.0
1084720 1148.8
1084730 1151.9
1084740 1153.1
1084750 1153.1
1084760 1152.9
1084770 1153.6
1084780 1153.6
1084790 1155.4
1084800 1157.8
1084810 1157.8
1084820 1160.4
1084830 1163.5
1084840 1163.5
1084850 1167.1
1084860 1172.4
1084870 1172.4
1084880 1175.5
1084890 1179.6
1084900 1179.6
1084910 1182.9
1084920 1186.0
1084930 1187.9
1084940 1192.0
1084950 1195.6
1084960 1195.6
1084970 1199.8
1084980 1204.5
1084990 1204.5
1085000 1208.1
1085010 1210.6
1085020 1213.9
1085030 1213.9
1085040 1218.4
1085050 1223.8
1085060 1223.8
1085070 1228.3
1085080 1232.2
1085090 1232.2
1085100 1235.5
1085110 1238.8
1085120 1238.8
1085130 1242.1
1085140 1244.0
1085150 1244.0
1085160 1244.7
1085170 1246.9
1085180 1246.9
1085190 1252.1
1085200 1258.3
1085210 1258.3
1085220 1262.9
1085230 1263.8
1085240 1263.8
1085250 1270.1
1085260 1275.1
1085270 1275.1
1085280 1274.4
1085290 1278.3
1085300 1281.8
1085310 1281.8
1085320 1285.1
1085330 1283.3
1085340 1283.3
1085350 1285.0
1085360 1287.0
1085370 1287.0
1085380 1290.2
1085390 1290.6
1085400 1290.6
1085410 1291.1
1085420 1291.0
1085430 1291.0
1085440 1291.1
1085450 1290.1
1085460 1290.1
1085470 1287.3
1085480 1282.0
1085490 1282.0
1085500 1282.0
1085510 1285.9
1085520 1285.9
1085530 1284.8
1085540 1282.9
1085550 1282.9
1085560 1284.0
1085570 1289.5
1085580 1288.2
1085590 1288.2
1085600 1285.9
1085610 1286.5
1085620 1286.5
1085630 1285.0
1085640 1281.4
1085650 1281.4
1085660 1285.5
1085670 1287.9
1085680 1287.9
1085690 1286.1
1085700 1287.9
1085710 1287.9
1085720 1288.8
1085730 1287.8
1085740 1287.8
1085750 1280.5
1085760 1277.2
1085770 1277.2
1085780 1280.9
1085790 1281.1
1085800 1281.1
1085810 1277.6
1085820 1275.5
1085830 1275.5
1085840 1271.1
1085850 1272.5
1085860 1269.5
1085870 1269.5
1085880 1270.7
1085890 1273.1
1085900 1273.1
1085910 1269.0
1085920 1269.8
1085930 1269.8
1085940 1268.1
1085950 1261.7
1085960 1261.7
1085970 1259.6
1085980 1257.0
1085990 1257.0
1086000 1256.2
1086010 1248.8
1086020 1248.8
1086030 1244.7
1086040 1238.8
1086050 1238.8
1086060 1236.4
1086070 1238.3
1086080 1238.3
1086090 1244.6
1086100 1252.7
1086110 1252.7
1086120 1259.7
1086130 1266.5
1086140 1271.0
1086150 1271.0
1086160 1268.3
1086170 1265.0
1086180 1265.0
1086190 1271.0
1086200 1276.5
1086210 1278.9
1086220 1285.8
1086230 1292.7
1086240 1292.7
1086250 1300.1
1086260 1306.0
1086270 1306.0
1086280 1308.8
1086290 1311.7
1086300 1311.7
1086310 1318.6
1086320 1326.9
1086330 1326.9
1086340 1329.4
1086350 1331.0
1086360 1331.0
1086370 1335.3
1086380 1338.3
1086390 1338.3
1086400 1343.7
1086410 1348.8
1086420 1356.0
1086430 1356.0
1086440 1360.5
1086450 1359.4
1086460 1359.4
1086470 1362.9
1086480 1372.6
1086490 1372.6
1086500 1381.7
1086510 1388.1
1086520 1388.1
1086530 1395.4
1086540 1398.6
1086550 1398.6
1086560 1398.2
1086570 1398.7
1086580 1398.7
1086590 1402.2
1086600 1407.6
1086610 1407.6
1086620 1413.3
1086630 1418.3
1086640 1418.3
1086650 1427.5
1086660 1438.0
1086670 1438.0
1086680 1444.9
1086690 1451.0
1086700 1456.7
1086710 1456.7
1086720 1459.2
1086730 1458.0
1086740 1458.0
1086750 1463.7
1086760 1469.6
1086770 1469.6
1086780 1479.4
1086790 1486.9
1086800 1486.9
1086810 1487.7
1086820 1489.2
1086830 1489.2
1086840 1495.1
1086850 1505.2
1086860 1505.2
1086870 1508.9
1086880 1515.2
1086890 1515.2
1086900 1519.4
1086910 1522.2
1086920 1522.2
1086930 1524.6
1086940 1527.3
1086950 1527.3
1086960 1530.4
1086970 1536.2
1086980 1544.8
1086990 1544.8
1087000 1552.6
1087010 1557.6
1087020 1557.6
1087030 1561.5
1087040 1566.2
1087050 1566.2
1087060 1568.9
1087070 1570.1
1087080 1570.1
1087090 1571.5
1087100 1574.0
1087110 1574.0
1087120 1575.7
1087130 1577.7
1087140 1577.7
1087150 1580.9
1087160 1583.3
1087170 1587.1
1087180 1588.9
1087190 1590.6
1087200 1590.6
1087210 1593.6
1087220 1597.5
1087230 1597.5
1087240 1600.7
1087250 1603.8
1087260 1605.6
1087270 1605.6
1087280 1607.0
1087290 1608.1
1087300 1608.1
1087310 1609.3
1087320 1610.0
1087330 1610.0
1087340 1609.8
1087350 1608.5
1087360 1608.5
1087370 1607.4
1087380 1606.9
1087390 1606.9
1087400 1605.9
1087410 1604.1
1087420 1604.1
1087430 1600.8
1087440 1593.9
1087450 1593.9
1087460 1588.6
1087470 1585.8
1087480 1585.8
1087490 1579.7
1087500 1576.2
1087510 1576.2
1087520 1573.5
1087530 1571.4
1087540 1569.8
1087550 1569.8
1087560 1568.0
1087570 1566.1
1087580 1566.1
1087590 1564.7
1087600 1564.5
1087610 1564.5
1087620 1564.6
1087630 1564.8
1087640 1564.8
1087650 1565.2
1087660 1564.9
1087670 1564.9
1087680 1564.6
1087690 1565.0
1087700 1565.0
1087710 1567.7
1087720 1570.1
1087730 1570.1
1087740 1570.6
1087750 1570.3
1087760 1570.3
1087770 1571.2
1087780 1572.5
1087790 1572.5
1087800 1573.6
1087810 1574.1
1087820 1575.2
1087830 1575.2
1087840 1576.9
1087850 1578.0
1087860 1578.0
1087870 1578.8
1087880 1580.1
1087890 1580.1
1087900 1581.5
1087910 1583.6
1087920 1583.6
1087930 1585.5
1087940 1587.0
1087950 1587.0
1087960 1588.9
1087970 1589.7
1087980 1589.7
1087990 1591.5
1088000 1595.1
1088010 1595.1
1088020 1599.0
1088030 1604.0
1088040 1604.0
1088050 1609.0
1088060 1612.9
1088070 1612.9
1088080 1616.1
1088090 1618.0
1088100 1621.0
1088110 1621.0
1088120 1626.3
1088130 1632.4
1088140 1632.4
1088150 1637.7
1088160 1642.4
1088170 1642.4
1088180 1646.2
1088190 1649.1
1088200 1649.1
1088210 1651.4
1088220 1654.7
1088230 1654.7
1088240 1659.7
1088250 1665.5
1088260 1665.5
1088270 1670.8
1088280 1677.1
1088290 1677.1
1088300 1683.9
1088310 1691.0
1088320 1691.0
1088330 1698.2
1088340 1704.7
1088350 1704.7
1088360 1710.1
1088370 1712.8
1088380 1713.1
1088390 1713.1
1088400 1714.2
1088410 1716.6
1088420 1716.6
1088430 1719.6
1088440 1722.9
1088450 1722.2
1088460 1725.4
1088470 1728.2
1088480 1728.2
1088490 1730.5
1088500 1731.1
1088510 1731.1
1088520 1730.2
1088530 1728.7
1088540 1728.7
1088550 1726.7
1088560 1724.1
1088570 1724.1
1088580 1721.5
1088590 1719.3
1088600 1719.3
1088610 1716.8
1088620 1715.1
1088630 1715.1
1088640 1713.5
1088650 1711.9
1088660 1710.8
1088670 1710.8
1088680 1710.3
1088690 1710.3
1088700 1710.3
1088710 1710.5
1088720 1709.9
1088730 1709.9
1088740 1709.8
1088750 1710.4
1088760 1710.4
1088770 1707.6
1088780 1707.5
1088790 1707.5
1088800 1707.6
1088810 1708.0
1088820 1708.0
1088830 1709.0
1088840 1710.0
1088850 1710.0
1088860 1710.9
1088870 1711.9
1088880 1711.9
1088890 1713.8
1088900 1716.9
1088910 1716.9
1088920 1718.9
1088930 1720.1
1088940 1720.9
1088950 1720.9
1088960 1720.0
1088970 1718.6
1088980 1718.6
1088990 1719.7
1089000 1720.3
1089010 1720.3
1089020 1720.6
1089030 1722.7
1089040 1722.7
1089050 1724.6
1089060 1725.6
1089070 1725.6
1089080 1726.2
1089090 1725.9
1089100 1725.9
1089110 1724.6
1089120 1723.3
1089130 1723.3
1089140 1722.6
1089150 1721.8
1089160 1721.8
1089170 1722.2
1089180 1722.2
1089190 1722.2
1089200 1720.1
1089210 1721.9
1089220 1724.2
1089230 1724.2
1089240 1724.8
1089250 1724.8
1089260 1724.8
1089270 1725.8
1089280 1727.5
1089290 1727.5
1089300 1727.7
1089310 1726.8
1089320 1726.8
1089330 1726.8
1089340 1726.7
1089350 1726.7
1089360 1726.1
1089370 1726.6
1089380 1726.6
1089390 1725.9
1089400 1724.5
1089410 1724.5
1089420 1719.3
1089430 1718.7
1089440 1718.7
1089450 1718.9
1089460 1718.4
1089470 1718.4
1089480 1716.9
1089490 1712.9
1089500 1710.1
1089510 1710.1
1089520 1708.6
1089530 1707.9
1089540 1707.9
1089550 1707.3
1089560 1706.3
1089570 1706.3
1089580 1705.0
1089590 1704.0
1089600 1704.0
1089610 1703.1
1089620 1702.6
1089630 1702.6
1089640 1702.4
1089650 1702.1
1089660 1702.1
1089670 1702.1
1089680 1702.0
1089690 1702.0
1089700 1701.7
1089710 1700.9
1089720 1700.9
1089730 1700.1
1089740 1700.5
1089750 1700.5
1089760 1701.4
1089770 1702.9
1089780 1704.4
1089790 1704.4
1089800 1704.9
1089810 1705.1
1089820 1705.1
1089830 1705.8
1089840 1707.2
1089850 1707.2
1089860 1707.2
1089870 1706.5
1089880 1706.5
1089890 1706.0
1089900 1705.4
1089910 1705.4
1089920 1705.2
1089930 1705.4
1089940 1705.4
1089950 1705.8
1089960 1705.0
1089970 1705.0
1089980 1704.5
1089990 1705.8
1090000 1705.8
1090010 1707.1
1090020 1709.2
1090030 1709.2
1090040 1712.2
1090050 1714.7
1090060 1717.7
1090070 1717.7
1090080 1719.1
1090090 1720.4
1090100 1720.4
1090110 1720.8
1090120 1720.9
1090130 1720.9
1090140 1721.6
1090150 1722.4
1090160 1722.4
1090170 1723.4
1090180 1724.4
1090190 1724.4
1090200 1725.1
1090210 1725.8
1090220 1725.8
1090230 1726.0
1090240 1724.6
1090250 1724.6
1090260 1723.3
1090270 1722.4
1090280 1722.4
1090290 1719.5
1090300 1717.4
1090310 1717.4
1090320 1716.4
1090330 1716.1
1090340 1716.9
1090350 1716.9
1090360 1717.7
1090370 1717.3
1090380 1711.9
1090390 1708.6
1090400 1706.3
1090410 1706.3
1090420 1705.1
1090430 1705.2
1090440 1705.2
1090450 1705.5
1090460 1705.5
1090470 1705.5
1090480 1705.5
1090490 1705.0
1090500 1705.0
1090510 1702.3
1090520 1699.6
1090530 1699.6
1090540 1698.4
1090550 1698.1
1090560 1698.1
1090570 1697.9
1090580 1697.8
1090590 1697.8
1090600 1696.6
1090610 1700.4
1090620 1702.0
1090630 1702.0
1090640 1701.5
1090650 1701.0
1090660 1701.0
1090670 1699.6
1090680 1697.4
1090690 1697.4
1090700 1696.2
1090710 1693.6
1090720 1693.6
1090730 1692.4
1090740 1693.0
1090750 1693.0
1090760 1694.8
1090770 1696.4
1090780 1696.4
1090790 1697.3
1090800 1697.6
1090810 1697.6
1090820 1697.3
1090830 1696.6
1090840 1696.6
1090850 1695.0
1090860 1691.8
1090870 1691.8
1090880 1695.8
1090890 1700.9
1090900 1704.1
1090910 1704.1
1090920 1704.5
1090930 1704.4
1090940 1704.4
1090950 1705.2
1090960 1706.3
1090970 1706.3
1090980 1707.6
1090990 1709.6
1091000 1709.6
1091010 1710.1
1091020 1709.7
1091030 1707.1
1091040 1707.7
1091050 1708.6
1091060 1708.6
1091070 1710.6
1091080 1712.9
1091090 1712.9
1091100 1715.2
1091110 1717.7
1091120 1717.7
1091130 1719.8
1091140 1721.7
1091150 1721.7
1091160 1722.5
1091170 1723.7
1091180 1727.9
1091190 1727.9
1091200 1731.5
1091210 1734.3
1091220 1734.3
1091230 1739.3
1091240 1746.1
1091250 1746.1
1091260 1751.9
1091270 1757.2
1091280 1757.2
1091290 1762.8
1091300 1768.3
1091310 1768.3
1091320 1772.9
1091330 1777.1
1091340 1777.1
1091350 1778.1
1091360 1780.8
1091370 1780.8
1091380 1782.7
1091390 1784.8
1091400 1784.8
1091410 1786.4
1091420 1787.5
1091430 1787.5
1091440 1787.7
1091450 1787.2
1091460 1784.7
1091470 1784.7
1091480 1782.6
1091490 1780.9
1091500 1780.9
1091510 1779.6
1091520 1777.9
1091530 1777.9
1091540 1775.9
1091550 1773.8
1091560 1773.8
1091570 1771.4
1091580 1767.9
1091590 1767.9
1091600 1764.6
1091610 1761.0
1091620 1761.0
1091630 1757.2
1091640 1753.1
1091650 1753.1
1091660 1749.4
1091670 1747.1
1091680 1749.0
1091690 1747.0
1091700 1745.1
1091710 1745.1
1091720 1743.4
1091730 1741.8
1091740 1740.4
1091750 1740.4
1091760 1738.7
1091770 1737.2
1091780 1737.2
1091790 1736.2
1091800 1735.6
1091810 1735.6
1091820 1735.5
1091830 1735.9
1091840 1735.9
1091850 1736.9
1091860 1736.1
1091870 1736.1
1091880 1735.2
1091890 1734.2
1091900 1734.2
1091910 1732.4
1091920 1730.8
1091930 1730.8
1091940 1729.4
1091950 1728.1
1091960 1728.1
1091970 1727.4
1091980 1728.3
1091990 1728.3
1092000 1727.7
1092010 1726.6
1092020 1725.1
1092030 1725.1
1092040 1723.5
1092050 1722.3
1092060 1722.3
1092070 1721.8
1092080 1720.6
1092090 1720.6
1092100 1719.7
1092110 1718.9
1092120 1718.9
1092130 1717.5
1092140 1715.9
1092150 1715.9
1092160 1713.4
1092170 1711.4
1092180 1711.4
1092190 1710.0
1092200 1708.1
1092210 1708.1
1092220 1706.0
1092230 1704.7
1092240 1704.7
1092250 1702.9
1092260 1700.2
1092270 1700.2
1092280 1697.4
1092290 1694.5
1092300 1692.6
1092310 1692.6
1092320 1690.8
1092330 1688.1
1092340 1688.1
1092350 1686.9
1092360 1685.2
1092370 1685.2
1092380 1684.3
1092390 1683.7
1092400 1683.7
1092410 1683.1
1092420 1682.3
1092430 1682.3
1092440 1681.5
1092450 1680.8
1092460 1680.8
1092470 1680.6
1092480 1681.4
1092490 1681.4
1092500 1681.7
1092510 1681.7
1092520 1681.7
1092530 1681.6
1092540 1680.9
1092550 1680.4
1092560 1680.4
1092570 1680.3
1092580 1681.0
1092590 1681.0
1092600 1682.5
1092610 1683.8
1092620 1683.8
1092630 1683.5
1092640 1681.7
1092650 1679.9
1092660 1678.0
1092670 1673.3
1092680 1673.3
1092690 1669.0
1092700 1664.4
1092710 1664.4
1092720 1660.4
1092730 1658.2
1092740 1658.2
1092750 1657.3
1092760 1656.9
1092770 1656.9
1092780 1657.0
1092790 1658.4
1092800 1658.4
1092810 1658.2
1092820 1657.9
1092830 1657.3
1092840 1657.3
1092850 1656.4
1092860 1655.2
1092870 1655.2
1092880 1655.9
1092890 1657.1
1092900 1657.1
1092910 1658.0
1092920 1661.0
1092930 1661.0
1092940 1664.4
1092950 1666.4
1092960 1666.4
1092970 1667.9
1092980 1664.7
1092990 1664.7
1093000 1665.9
1093010 1667.2
1093020 1667.2
1093030 1667.5
1093040 1667.4
1093050 1667.4
1093060 1667.0
1093070 1666.7
1093080 1666.7
1093090 1666.1
1093100 1664.6
1093110 1663.5
1093120 1663.5
1093130 1663.3
1093140 1662.7
1093150 1662.7
1093160 1661.7
1093170 1660.2
1093180 1660.2
1093190 1659.0
1093200 1659.0
1093210 1659.0
1093220 1658.5
1093230 1657.3
1093240 1657.3
1093250 1656.4
1093260 1655.6
1093270 1655.6
1093280 1654.5
1093290 1653.9
1093300 1651.6
1093310 1651.5
1093320 1651.3
1093330 1651.3
1093340 1650.9
1093350 1650.7
1093360 1650.7
1093370 1650.2
1093380 1649.1
1093390 1647.0
1093400 1647.0
1093410 1644.1
1093420 1640.8
1093430 1640.8
1093440 1636.6
1093450 1632.3
1093460 1632.3
1093470 1628.8
1093480 1625.6
1093490 1625.6
1093500 1622.4
1093510 1619.1
1093520 1619.1
1093530 1616.3
1093540 1614.4
1093550 1614.4
1093560 1612.2
1093570 1611.0
1093580 1611.0
1093590 1610.3
1093600 1608.4
1093610 1608.4
1093620 1605.4
1093630 1596.7
1093640 1596.7
1093650 1592.8
1093660 1588.1
1093670 1583.4
1093680 1583.4
1093690 1579.4
1093700 1574.1
1093710 1574.1
1093720 1569.0
1093730 1566.4
1093740 1566.4
1093750 1565.0
1093760 1562.8
1093770 1562.8
1093780 1558.9
1093790 1551.9
1093800 1551.9
1093810 1536.9
1093820 1524.8
1093830 1524.8
1093840 1529.8
1093850 1543.8
1093860 1543.8
1093870 1554.9
1093880 1567.1
1093890 1567.1
1093900 1574.7
1093910 1579.2
1093920 1579.2
1093930 1582.5
1093940 1587.4
1093950 1590.7
1093960 1590.7
1093970 1594.4
1093980 1593.2
1093990 1593.2
1094000 1589.2
1094010 1585.3
1094020 1585.3
1094030 1584.3
1094040 1581.1
1094050 1581.1
1094060 1583.5
1094070 1587.4
1094080 1587.4
1094090 1591.0
1094100 1590.3
1094110 1590.3
1094120 1589.0
1094130 1589.5
1094140 1589.5
1094150 1593.1
1094160 1604.2
1094170 1604.2
1094180 1610.1
1094190 1612.1
1094200 1612.1
1094210 1613.8
1094220 1617.6
1094230 1621.4
1094240 1621.4
1094250 1623.3
1094260 1623.9
1094270 1623.9
1094280 1619.9
1094290 1621.5
1094300 1621.5
1094310 1623.6
1094320 1625.4
1094330 1625.4
1094340 1627.4
1094350 1628.5
1094360 1628.5
1094370 1630.3
1094380 1631.4
1094390 1631.4
1094400 1631.9
1094410 1631.4
1094420 1631.4
1094430 1630.9
1094440 1630.0
1094450 1630.0
1094460 1627.4
1094470 1626.7
1094480 1626.7
1094490 1629.4
1094500 1636.4
1094510 1642.4
1094520 1642.4
1094530 1641.9
1094540 1635.4
1094550 1635.4
1094560 1627.6
1094570 1632.3
1094580 1632.3
1094590 1640.8
1094600 1639.7
1094610 1631.4
1094620 1632.2
1094630 1640.5
1094640 1640.5
1094650 1646.5
1094660 1652.8
1094670 1652.8
1094680 1656.8
1094690 1657.6
1094700 1657.6
1094710 1659.7
1094720 1661.4
1094730 1661.4
1094740 1662.0
1094750 1663.6
1094760 1663.6
1094770 1667.8
1094780 1675.9
1094790 1683.6
1094800 1683.6
1094810 1685.1
1094820 1686.1
1094830 1686.1
1094840 1689.2
1094850 1692.4
1094860 1692.4
1094870 1695.5
1094880 1699.2
1094890 1699.2
1094900 1703.4
1094910 1707.0
1094920 1707.0
1094930 1703.3
1094940 1705.0
1094950 1705.0
1094960 1706.8
1094970 1708.6
1094980 1708.6
1094990 1710.9
1095000 1713.2
1095010 1713.2
1095020 1714.5
1095030 1715.1
1095040 1715.1
1095050 1714.9
1095060 1714.0
1095070 1712.8
1095080 1712.8
1095090 1711.3
1095100 1710.0
1095110 1710.0
1095120 1706.8
1095130 1703.4
1095140 1703.4
1095150 1702.7
1095160 1706.6
1095170 1706.6
1095180 1710.8
1095190 1712.0
1095200 1712.0
1095210 1713.6
1095220 1715.3
1095230 1715.3
1095240 1718.0
1095250 1720.7
1095260 1723.2
1095270 1725.6
1095280 1727.2
1095290 1727.2
1095300 1728.9
1095310 1730.6
1095320 1730.6
1095330 1732.9
1095340 1735.2
1095350 1736.8
1095360 1736.8
1095370 1738.0
1095380 1739.1
1095390 1739.1
1095400 1740.2
1095410 1741.4
1095420 1741.4
1095430 1743.2
1095440 1745.2
1095450 1745.2
1095460 1746.8
1095470 1748.3
1095480 1748.3
1095490 1750.0
1095500 1751.6
1095510 1751.6
1095520 1753.5
1095530 1754.8
1095540 1754.8
1095550 1756.0
1095560 1757.4
1095570 1757.4
1095580 1758.3
1095590 1761.5
1095600 1761.5
1095610 1761.8
1095620 1763.2
1095630 1764.1
1095640 1764.1
1095650 1764.7
1095660 1766.3
1095670 1766.3
1095680 1768.0
1095690 1769.2
1095700 1769.2
1095710 1770.6
1095720 1772.1
1095730 1772.1
1095740 1773.9
1095750 1775.9
1095760 1775.9
1095770 1778.2
1095780 1781.3
1095790 1781.3
1095800 1786.6
1095810 1791.6
1095820 1791.6
1095830 1796.5
1095840 1800.0
1095850 1800.0
1095860 1802.3
1095870 1805.2
1095880 1805.2
1095890 1808.4
1095900 1812.6
1095910 1816.9
1095920 1819.9
1095930 1825.0
1095940 1830.2
1095950 1830.2
1095960 1834.2
1095970 1838.3
1095980 1838.3
1095990 1843.9
1096000 1848.4
1096010 1848.4
1096020 1853.1
1096030 1857.9
1096040 1857.9
1096050 1863.3
1096060 1868.5
1096070 1868.5
1096080 1874.0
1096090 1879.8
1096100 1879.8
1096110 1885.9
1096120 1891.5
1096130 1891.5
1096140 1897.1
1096150 1902.9
1096160 1902.9
1096170 1910.0
1096180 1917.9
1096190 1925.6
1096200 1925.6
1096210 1932.9
1096220 1939.2
1096230 1939.2
1096240 1950.2
1096250 1957.4
1096260 1957.4
1096270 1964.4
1096280 1971.3
1096290 1971.3
1096300 1978.6
1096310 1985.5
1096320 1985.5
1096330 1991.1
1096340 1995.2
1096350 1995.2
1096360 1996.4
1096370 1996.4
1096380 1996.4
1096390 1992.0
1096400 1987.4
1096410 1987.4
1096420 1984.5
1096430 1981.0
1096440 1981.0
1096450 1977.7
1096460 1974.2
1096470 1971.2
1096480 1971.2
1096490 1967.7
1096500 1961.8
1096510 1961.8
1096520 1958.3
1096530 1956.1
1096540 1956.1
1096550 1953.2
1096560 1949.8
1096570 1951.2
1096580 1947.1
1096590 1945.5
1096600 1945.5
1096610 1946.4
1096620 1945.8
1096630 1945.8
1096640 1944.7
1096650 1944.0
1096660 1944.0
1096670 1942.9
1096680 1941.0
1096690 1941.0
1096700 1937.4
1096710 1934.2
1096720 1934.2
1096730 1931.6
1096740 1929.4
1096750 1928.9
1096760 1928.9
1096770 1929.2
1096780 1929.6
1096790 1929.6
1096800 1929.8
1096810 1928.8
1096820 1928.8
1096830 1925.8
1096840 1922.9
1096850 1922.9
1096860 1920.6
1096870 1917.7
1096880 1917.7
1096890 1913.5
1096900 1908.7
1096910 1908.7
1096920 1904.6
1096930 1898.3
1096940 1898.3
1096950 1891.7
1096960 1888.8
1096970 1888.8
1096980 1887.1
1096990 1883.8
1097000 1883.8
1097010 1879.1
1097020 1872.3
1097030 1865.2
1097040 1865.2
1097050 1858.5
1097060 1850.0
1097070 1850.0
1097080 1839.2
1097090 1830.5
1097100 1830.5
1097110 1819.4
1097120 1804.0
1097130 1804.0
1097140 1794.6
1097150 1788.1
1097160 1788.1
1097170 1783.7
1097180 1779.0
1097190 1779.0
1097200 1772.5
1097210 1766.3
1097220 1766.3
1097230 1762.9
1097240 1758.0
1097250 1758.0
1097260 1754.0
1097270 1749.9
1097280 1749.9
1097290 1745.9
1097300 1742.7
1097310 1739.5
1097320 1739.5
1097330 1735.9
1097340 1732.2
1097350 1732.2
1097360 1728.9
1097370 1726.1
1097380 1726.1
1097390 1723.8
1097400 1721.6
1097410 1721.6
1097420 1720.0
1097430 1718.7
1097440 1718.7
1097450 1717.1
1097460 1716.7
1097470 1716.7
1097480 1716.3
1097490 1714.9
1097500 1714.9
1097510 1715.1
1097520 1715.6
1097530 1715.6
1097540 1715.7
1097550 1715.6
1097560 1713.4
1097570 1714.4
1097580 1714.9
1097590 1714.2
1097600 1714.2
1097610 1713.3
1097620 1713.6
1097630 1713.6
1097640 1714.9
1097650 1716.9
1097660 1716.9
1097670 1718.4
1097680 1717.8
1097690 1717.8
1097700 1717.2
1097710 1717.4
1097720 1717.4
1097730 1717.3
1097740 1717.2
1097750 1717.2
1097760 1717.6
1097770 1718.1
1097780 1718.1
1097790 1718.9
1097800 1719.7
1097810 1719.7
1097820 1721.4
1097830 1722.3
1097840 1722.3
1097850 1722.3
1097860 1721.6
1097870 1723.3
1097880 1723.3
1097890 1723.6
1097900 1726.9
1097910 1726.9
1097920 1728.5
1097930 1729.0
1097940 1729.0
1097950 1729.1
1097960 1728.6
1097970 1728.6
1097980 1727.7
1097990 1727.4
1098000 1727.4
1098010 1727.1
1098020 1727.9
1098030 1727.9
1098040 1729.0
1098050 1729.9
1098060 1729.9
1098070 1730.6
1098080 1731.0
1098090 1731.0
1098100 1731.1
1098110 1731.1
1098120 1731.1
1098130 1731.9
1098140 1733.2
1098150 1733.5
1098160 1733.5
1098170 1733.2
1098180 1733.4
1098190 1733.4
1098200 1733.9
1098210 1733.8
1098220 1728.4
1098230 1729.2
1098240 1729.9
1098250 1729.9
1098260 1730.0
1098270 1729.7
1098280 1729.7
1098290 1729.9
1098300 1729.8
1098310 1729.8
1098320 1729.1
1098330 1727.8
1098340 1727.8
1098350 1726.5
1098360 1726.7
1098370 1726.7
1098380 1728.1
1098390 1730.2
1098400 1730.2
1098410 1731.8
1098420 1733.2
1098430 1734.0
1098440 1734.0
1098450 1734.9
1098460 1737.2
1098470 1737.2
1098480 1740.3
1098490 1744.0
1098500 1744.0
1098510 1748.6
1098520 1752.2
1098530 1752.2
1098540 1754.1
1098550 1753.8
1098560 1753.8
1098570 1754.2
1098580 1756.3
1098590 1756.3
1098600 1757.3
1098610 1757.5
1098620 1757.5
1098630 1757.2
1098640 1756.5
1098650 1756.5
1098660 1755.7
1098670 1754.8
1098680 1754.8
1098690 1753.3
1098700 1752.8
1098710 1752.7
1098720 1752.7
1098730 1753.1
1098740 1753.1
1098750 1753.1
1098760 1752.9
1098770 1752.6
1098780 1752.6
1098790 1752.6
1098800 1752.4
1098810 1752.4
1098820 1751.6
1098830 1749.8
1098840 1749.8
1098850 1747.5
1098860 1745.0
1098870 1745.0
1098880 1742.7
1098890 1740.1
1098900 1740.1
1098910 1737.8
1098920 1735.8
1098930 1735.8
1098940 1733.1
1098950 1730.7
1098960 1730.7
1098970 1729.7
1098980 1729.4
1098990 1727.9
1099000 1727.9
1099010 1725.7
1099020 1723.5
1099030 1723.5
1099040 1721.5
1099050 1718.6
1099060 1718.6
1099070 1715.2
1099080 1712.6
1099090 1712.6
1099100 1710.8
1099110 1709.0
1099120 1709.0
1099130 1707.6
1099140 1706.5
1099150 1706.5
1099160 1705.5
1099170 1704.8
1099180 1704.8
1099190 1703.0
1099200 1700.8
1099210 1699.7
1099220 1696.4
1099230 1692.7
1099240 1692.7
1099250 1689.3
1099260 1686.2
1099270 1682.8
1099280 1682.8
1099290 1677.3
1099300 1673.6
1099310 1673.6
1099320 1670.8
1099330 1666.7
1099340 1666.7
1099350 1662.2
1099360 1657.5
1099370 1657.5
1099380 1652.5
1099390 1648.6
1099400 1648.6
1099410 1644.7
1099420 1641.0
1099430 1641.0
1099440 1637.4
1099450 1633.6
1099460 1633.6
1099470 1629.7
1099480 1624.9
1099490 1624.9
1099500 1619.3
1099510 1613.1
1099520 1607.7
1099530 1607.7
1099540 1608.0
1099550 1603.9
1099560 1603.9
1099570 1600.4
1099580 1595.1
1099590 1595.1
1099600 1589.7
1099610 1584.7
1099620 1584.7
1099630 1580.0
1099640 1574.7
1099650 1574.7
1099660 1569.0
1099670 1562.0
1099680 1562.0
1099690 1556.6
1099700 1550.5
1099710 1550.5
1099720 1543.9
1099730 1537.0
1099740 1537.0
1099750 1530.9
1099760 1525.9
1099770 1525.9
1099780 1522.1
1099790 1517.6
1099800 1512.5
1099810 1512.5
1099820 1506.8
1099830 1500.9
1099840 1500.9
1099850 1495.2
1099860 1491.1
1099870 1493.3
1099880 1488.3
1099890 1484.0
1099900 1484.0
1099910 1480.7
1099920 1478.4
1099930 1478.4
1099940 1478.5
1099950 1477.8
1099960 1477.8
1099970 1476.7
1099980 1476.7
1099990 1476.7
