1080000 972.4
1080010 971.3
1080020 971.3
1080030 969.9
1080040 972.5
1080050 972.5
1080060 971.9
1080070 970.4
1080080 970.4
1080090 968.7
1080100 965.6
1080110 965.6
1080120 962.4
1080130 960.4
1080140 960.4
1080150 956.4
1080160 949.7
1080170 940.7
1080180 940.7
1080190 932.7
1080200 922.5
1080210 922.5
1080220 914.3
1080230 915.2
1080240 915.2
1080250 915.6
1080260 912.5
1080270 912.5
1080280 902.1
1080290 904.6
1080300 904.6
1080310 916.7
1080320 925.4
1080330 925.4
1080340 933.2
1080350 940.2
1080360 943.2
1080370 950.2
1080380 957.2
1080390 957.2
1080400 963.9
1080410 971.0
1080420 971.0
1080430 978.8
1080440 989.2
1080450 996.9
1080460 996.9
1080470 1002.1
1080480 1007.4
1080490 1007.4
1080500 1014.8
1080510 1022.7
1080520 1022.7
1080530 1029.4
1080540 1036.1
1080550 1036.1
1080560 1042.7
1080570 1048.8
1080580 1048.8
1080590 1055.5
1080600 1061.7
1080610 1061.7
1080620 1066.7
1080630 1072.3
1080640 1072.3
1080650 1077.6
1080660 1083.2
1080670 1085.2
1080680 1091.0
1080690 1095.6
1080700 1095.6
1080710 1099.7
1080720 1105.1
1080730 1109.5
1080740 1109.5
1080750 1113.6
1080760 1117.4
1080770 1117.4
1080780 1121.0
1080790 1124.6
1080800 1124.6
1080810 1128.4
1080820 1132.1
1080830 1132.1
1080840 1136.7
1080850 1141.3
1080860 1141.3
1080870 1145.8
1080880 1150.5
1080890 1150.5
1080900 1155.5
1080910 1160.5
1080920 1160.5
1080930 1163.9
1080940 1167.4
1080950 1167.4
1080960 1171.0
1080970 1174.4
1080980 1174.4
1080990 1185.4
1081000 1188.3
1081010 1190.6
1081020 1190.6
1081030 1191.6
1081040 1190.5
1081050 1190.5
1081060 1185.9
1081070 1179.5
1081080 1179.5
1081090 1176.1
1081100 1174.3
1081110 1174.3
1081120 1172.4
1081130 1172.0
1081140 1172.0
1081150 1171.4
1081160 1169.2
1081170 1169.2
1081180 1166.7
1081190 1163.9
1081200 1163.9
1081210 1160.7
1081220 1156.7
1081230 1156.7
1081240 1152.1
1081250 1146.2
1081260 1146.2
1081270 1140.1
1081280 1132.9
1081290 1124.7
1081300 1124.7
1081310 1135.5
1081320 1132.5
1081330 1132.5
1081340 1123.1
1081350 1122.8
1081360 1122.8
1081370 1126.3
1081380 1126.7
1081390 1126.7
1081400 1125.4
1081410 1124.2
1081420 1124.2
1081430 1123.9
1081440 1123.3
1081450 1123.3
1081460 1120.8
1081470 1117.9
1081480 1117.9
1081490 1114.8
1081500 1107.9
1081510 1107.9
1081520 1103.6
1081530 1101.5
1081540 1101.5
1081550 1109.1
1081560 1117.6
1081570 1118.5
1081580 1118.5
1081590 1119.8
1081600 1119.2
1081610 1119.2
1081620 1126.2
1081630 1126.1
1081640 1126.1
1081650 1125.9
1081660 1125.4
1081670 1125.4
1081680 1124.6
1081690 1123.6
1081700 1123.6
1081710 1121.7
1081720 1120.3
1081730 1120.3
1081740 1116.1
1081750 1112.7
1081760 1112.7
1081770 1116.3
1081780 1115.8
1081790 1115.8
1081800 1114.1
1081810 1112.3
1081820 1112.3
1081830 1108.7
1081840 1108.4
1081850 1106.3
1081860 1106.3
1081870 1103.7
1081880 1100.8
1081890 1100.8
1081900 1097.8
1081910 1095.6
1081920 1095.6
1081930 1091.8
1081940 1083.0
1081950 1083.0
1081960 1083.0
1081970 1089.5
1081980 1089.5
1081990 1090.0
1082000 1088.1
1082010 1088.1
1082020 1085.1
1082030 1083.3
1082040 1083.3
1082050 1081.0
1082060 1079.0
1082070 1079.0
1082080 1077.4
1082090 1075.2
1082100 1075.2
1082110 1073.5
1082120 1072.2
1082130 1069.8
1082140 1069.8
1082150 1067.6
1082160 1065.8
1082170 1065.8
1082180 1064.2
1082190 1060.0
1082200 1060.0
1082210 1053.7
1082220 1058.5
1082230 1058.5
1082240 1061.9
1082250 1065.1
1082260 1065.1
1082270 1061.7
1082280 1060.2
1082290 1060.2
1082300 1065.7
1082310 1065.6
1082320 1065.6
1082330 1064.4
1082340 1063.1
1082350 1063.1
1082360 1061.7
1082370 1057.7
1082380 1057.7
1082390 1053.1
1082400 1045.9
1082410 1045.9
1082420 1037.7
1082430 1036.6
1082440 1044.4
1082450 1044.4
1082460 1050.2
1082470 1050.8
1082480 1050.8
1082490 1050.9
1082500 1046.2
1082510 1046.2
1082520 1039.6
1082530 1032.3
1082540 1032.3
1082550 1025.1
1082560 1016.9
1082570 1014.9
1082580 1017.1
1082590 1020.9
1082600 1020.9
1082610 1026.6
1082620 1032.7
1082630 1032.7
1082640 1038.4
1082650 1044.3
1082660 1044.3
1082670 1048.8
1082680 1052.1
1082690 1052.1
1082700 1052.7
1082710 1053.0
1082720 1052.7
1082730 1052.7
1082740 1052.1
1082750 1051.6
1082760 1051.6
1082770 1051.8
1082780 1052.2
1082790 1052.2
1082800 1052.7
1082810 1052.9
1082820 1052.9
1082830 1053.5
1082840 1054.2
1082850 1054.2
1082860 1054.4
1082870 1053.4
1082880 1053.4
1082890 1055.1
1082900 1054.3
1082910 1054.3
1082920 1054.1
1082930 1053.3
1082940 1053.3
1082950 1052.0
1082960 1050.9
1082970 1050.9
1082980 1049.4
1082990 1048.0
1083000 1046.6
1083010 1046.6
1083020 1045.0
1083030 1043.5
1083040 1043.5
1083050 1041.7
1083060 1040.0
1083070 1040.0
1083080 1038.3
1083090 1035.7
1083100 1035.7
1083110 1032.4
1083120 1027.8
1083130 1027.8
1083140 1023.7
1083150 1023.0
1083160 1023.0
1083170 1025.0
1083180 1025.1
1083190 1025.1
1083200 1023.7
1083210 1022.3
1083220 1022.3
1083230 1015.7
1083240 1005.9
1083250 1005.9
1083260 995.8
1083270 984.2
1083280 971.8
1083290 971.8
1083300 960.0
1083310 944.8
1083320 944.8
1083330 943.4
1083340 956.2
1083350 956.2
1083360 964.8
1083370 976.8
1083380 976.8
1083390 983.1
1083400 983.0
1083410 983.0
1083420 978.4
1083430 966.0
1083440 966.0
1083450 952.6
1083460 938.8
1083470 938.8
1083480 925.4
1083490 923.8
1083500 923.8
1083510 925.3
1083520 951.6
1083530 951.6
1083540 955.9
1083550 949.3
1083560 936.6
1083570 936.6
1083580 921.6
1083590 911.2
1083600 911.2
1083610 909.5
1083620 909.1
1083630 909.1
1083640 911.5
1083650 918.2
1083660 918.2
1083670 923.5
1083680 927.5
1083690 927.5
1083700 926.0
1083710 924.3
1083720 924.3
1083730 924.8
1083740 924.4
1083750 924.4
1083760 925.1
1083770 925.8
1083780 925.8
1083790 925.2
1083800 925.2
1083810 925.2
1083820 923.7
1083830 922.1
1083840 915.5
1083850 915.5
1083860 915.6
1083870 915.7
1083880 915.7
1083890 916.4
1083900 916.8
1083910 916.8
1083920 917.5
1083930 918.0
1083940 918.0
1083950 919.8
1083960 927.6
1083970 927.6
1083980 953.4
1083990 974.3
1084000 974.3
1084010 979.5
1084020 983.5
1084030 983.5
1084040 986.5
1084050 991.8
1084060 991.8
1084070 997.4
1084080 1007.3
1084090 1007.3
1084100 1014.7
1084110 1019.3
1084120 1022.3
1084130 1022.3
1084140 1025.5
1084150 1028.8
1084160 1029.1
1084170 1031.3
1084180 1032.9
1084190 1032.9
1084200 1034.6
1084210 1036.4
1084220 1036.4
1084230 1038.0
1084240 1039.3
1084250 1039.3
1084260 1039.6
1084270 1038.7
1084280 1038.7
1084290 1038.2
1084300 1038.2
1084310 1038.2
1084320 1037.0
1084330 1037.1
1084340 1037.1
1084350 1040.4
1084360 1042.4
1084370 1042.4
1084380 1044.8
1084390 1048.9
1084400 1052.5
1084410 1052.5
1084420 1055.6
1084430 1058.3
1084440 1058.3
1084450 1060.5
1084460 1063.9
1084470 1063.9
1084480 1070.0
1084490 1072.9
1084500 1072.9
1084510 1075.4
1084520 1077.7
1084530 1077.7
1084540 1079.8
1084550 1082.2
1084560 1082.2
1084570 1084.6
1084580 1087.2
1084590 1087.2
1084600 1089.5
1084610 1091.4
1084620 1091.4
1084630 1093.8
1084640 1096.3
1084650 1096.3
1084660 1098.8
1084670 1101.3
1084680 1104.0
1084690 1104.0
1084700 1106.2
1084710 1108.0
1084720 1108.0
1084730 1110.5
1084740 1112.8
1084750 1112.8
1084760 1115.1
1084770 1117.2
1084780 1117.2
1084790 1119.3
1084800 1123.7
1084810 1123.7
1084820 1126.4
1084830 1129.2
1084840 1129.2
1084850 1131.7
1084860 1134.2
1084870 1134.2
1084880 1137.2
1084890 1139.6
1084900 1139.6
1084910 1142.5
1084920 1145.7
1084930 1145.7
1084940 1149.9
1084950 1152.4
1084960 1154.1
1084970 1154.1
1084980 1157.8
1084990 1159.8
1085000 1159.8
1085010 1160.8
1085020 1161.5
1085030 1161.5
1085040 1165.6
1085050 1170.3
1085060 1170.3
1085070 1174.4
1085080 1177.9
1085090 1177.9
1085100 1181.3
1085110 1182.0
1085120 1182.0
1085130 1185.2
1085140 1189.4
1085150 1189.4
1085160 1193.0
1085170 1194.0
1085180 1194.0
1085190 1194.1
1085200 1193.4
1085210 1193.4
1085220 1191.8
1085230 1188.9
1085240 1184.9
1085250 1184.9
1085260 1179.4
1085270 1175.1
1085280 1175.1
1085290 1173.5
1085300 1173.5
1085310 1173.5
1085320 1172.3
1085330 1168.9
1085340 1168.9
1085350 1164.1
1085360 1160.4
1085370 1160.4
1085380 1156.3
1085390 1148.9
1085400 1148.9
1085410 1143.5
1085420 1137.9
1085430 1132.8
1085440 1127.1
1085450 1119.4
1085460 1119.4
1085470 1110.3
1085480 1098.8
1085490 1098.8
1085500 1086.4
1085510 1077.1
1085520 1071.7
1085530 1071.7
1085540 1067.7
1085550 1064.4
1085560 1064.4
1085570 1060.3
1085580 1060.8
1085590 1060.8
1085600 1064.2
1085610 1074.0
1085620 1074.0
1085630 1084.2
1085640 1090.9
1085650 1090.9
1085660 1093.4
1085670 1088.7
1085680 1088.7
1085690 1088.0
1085700 1092.2
1085710 1092.2
1085720 1097.9
1085730 1107.2
1085740 1107.2
1085750 1116.3
1085760 1120.3
1085770 1120.3
1085780 1121.8
1085790 1122.6
1085800 1126.4
1085810 1126.4
1085820 1123.8
1085830 1120.9
1085840 1120.9
1085850 1122.7
1085860 1123.2
1085870 1123.2
1085880 1128.7
1085890 1132.1
1085900 1132.1
1085910 1145.7
1085920 1157.1
1085930 1157.1
1085940 1164.3
1085950 1170.9
1085960 1170.9
1085970 1180.4
1085980 1178.4
1085990 1178.4
1086000 1174.6
1086010 1172.9
1086020 1172.9
1086030 1172.2
1086040 1174.8
1086050 1174.8
1086060 1179.0
1086070 1186.7
1086080 1186.7
1086090 1189.5
1086100 1193.0
1086110 1197.9
1086120 1197.9
1086130 1199.5
1086140 1202.9
1086150 1202.9
1086160 1210.0
1086170 1216.4
1086180 1216.4
1086190 1222.4
1086200 1230.3
1086210 1230.3
1086220 1236.7
1086230 1240.2
1086240 1240.2
1086250 1243.0
1086260 1246.8
1086270 1246.8
1086280 1246.9
1086290 1244.5
1086300 1244.5
1086310 1240.6
1086320 1238.9
1086330 1238.9
1086340 1242.0
1086350 1242.8
1086360 1242.8
1086370 1239.4
1086380 1236.8
1086390 1244.7
1086400 1244.7
1086410 1246.1
1086420 1247.4
1086430 1247.4
1086440 1250.0
1086450 1253.5
1086460 1253.5
1086470 1253.3
1086480 1260.2
1086490 1260.2
1086500 1269.7
1086510 1272.3
1086520 1272.3
1086530 1280.1
1086540 1281.2
1086550 1281.2
1086560 1282.8
1086570 1291.2
1086580 1291.2
1086590 1297.6
1086600 1305.1
1086610 1305.1
1086620 1313.6
1086630 1320.4
1086640 1320.4
1086650 1326.4
1086660 1332.5
1086670 1339.4
1086680 1339.4
1086690 1348.0
1086700 1355.9
1086710 1359.1
1086720 1365.5
1086730 1371.4
1086740 1371.4
1086750 1375.9
1086760 1380.3
1086770 1380.3
1086780 1384.6
1086790 1388.0
1086800 1388.0
1086810 1391.0
1086820 1394.8
1086830 1394.8
1086840 1398.4
1086850 1402.3
1086860 1402.3
1086870 1405.6
1086880 1410.1
1086890 1410.1
1086900 1416.4
1086910 1421.0
1086920 1421.0
1086930 1425.7
1086940 1431.0
1086950 1437.0
1086960 1437.0
1086970 1439.9
1086980 1444.9
1086990 1444.9
1087000 1447.9
1087010 1448.9
1087020 1448.9
1087030 1458.8
1087040 1464.0
1087050 1464.0
1087060 1469.5
1087070 1473.8
1087080 1473.8
1087090 1481.3
1087100 1488.0
1087110 1488.0
1087120 1492.3
1087130 1495.1
1087140 1495.1
1087150 1501.1
1087160 1505.3
1087170 1505.3
1087180 1509.6
1087190 1513.9
1087200 1513.9
1087210 1519.4
1087220 1524.1
1087230 1529.0
1087240 1529.0
1087250 1534.5
1087260 1540.6
1087270 1540.6
1087280 1544.8
1087290 1542.7
1087300 1542.7
1087310 1540.3
1087320 1545.3
1087330 1545.3
1087340 1545.7
1087350 1553.7
1087360 1553.7
1087370 1559.9
1087380 1567.6
1087390 1567.6
1087400 1576.9
1087410 1584.4
1087420 1584.4
1087430 1592.1
1087440 1598.9
1087450 1598.9
1087460 1603.9
1087470 1607.5
1087480 1607.5
1087490 1607.5
1087500 1601.4
1087510 1604.3
1087520 1604.3
1087530 1610.4
1087540 1615.8
1087550 1615.8
1087560 1622.8
1087570 1629.3
1087580 1629.3
1087590 1635.5
1087600 1641.6
1087610 1641.6
1087620 1648.3
1087630 1654.5
1087640 1654.5
1087650 1661.4
1087660 1668.6
1087670 1667.8
1087680 1675.0
1087690 1682.4
1087700 1682.4
1087710 1691.1
1087720 1699.9
1087730 1699.9
1087740 1708.7
1087750 1717.8
1087760 1717.8
1087770 1727.9
1087780 1741.1
1087790 1758.7
1087800 1758.7
1087810 1769.3
1087820 1776.9
1087830 1776.9
1087840 1783.6
1087850 1789.3
1087860 1789.3
1087870 1792.8
1087880 1791.4
1087890 1791.4
1087900 1786.8
1087910 1782.2
1087920 1782.2
1087930 1779.1
1087940 1778.7
1087950 1778.7
1087960 1778.7
1087970 1779.1
1087980 1779.1
1087990 1782.4
1088000 1783.7
1088010 1783.7
1088020 1784.8
1088030 1785.3
1088040 1785.3
1088050 1785.3
1088060 1786.4
1088070 1787.0
1088080 1787.0
1088090 1786.8
1088100 1786.7
1088110 1786.7
1088120 1786.9
1088130 1787.5
1088140 1787.5
1088150 1788.0
1088160 1788.2
1088170 1788.2
1088180 1788.3
1088190 1789.0
1088200 1789.0
1088210 1790.3
1088220 1794.2
1088230 1794.2
1088240 1797.8
1088250 1802.5
1088260 1802.5
1088270 1807.6
1088280 1811.5
1088290 1811.5
1088300 1812.9
1088310 1815.2
1088320 1817.7
1088330 1819.6
1088340 1821.4
1088350 1823.2
1088360 1823.2
1088370 1826.1
1088380 1828.4
1088390 1828.4
1088400 1830.4
1088410 1833.0
1088420 1833.0
1088430 1835.7
1088440 1837.7
1088450 1837.7
1088460 1839.3
1088470 1840.3
1088480 1840.3
1088490 1841.0
1088500 1842.1
1088510 1842.1
1088520 1843.7
1088530 1845.8
1088540 1845.8
1088550 1848.0
1088560 1850.5
1088570 1850.5
1088580 1852.8
1088590 1853.9
1088600 1853.9
1088610 1856.5
1088620 1859.4
1088630 1859.3
1088640 1855.0
1088650 1853.3
1088660 1850.1
1088670 1850.1
1088680 1846.5
1088690 1844.0
1088700 1844.0
1088710 1841.0
1088720 1839.0
1088730 1839.0
1088740 1837.3
1088750 1836.3
1088760 1836.3
1088770 1837.1
1088780 1837.5
1088790 1837.5
1088800 1833.9
1088810 1830.7
1088820 1830.7
1088830 1830.0
1088840 1829.9
1088850 1829.9
1088860 1829.4
1088870 1828.7
1088880 1828.7
1088890 1827.6
1088900 1826.2
1088910 1825.7
1088920 1825.7
1088930 1825.5
1088940 1826.6
1088950 1826.6
1088960 1828.0
1088970 1829.7
1088980 1829.7
1088990 1830.6
1089000 1833.0
1089010 1833.0
1089020 1835.4
1089030 1837.5
1089040 1837.5
1089050 1840.1
1089060 1842.9
1089070 1842.9
1089080 1846.1
1089090 1845.3
1089100 1845.3
1089110 1841.7
1089120 1839.1
1089130 1839.1
1089140 1839.7
1089150 1842.3
1089160 1842.3
1089170 1844.5
1089180 1845.9
1089190 1847.7
1089200 1847.7
1089210 1850.1
1089220 1852.6
1089230 1852.6
1089240 1855.8
1089250 1858.9
1089260 1858.9
1089270 1862.1
1089280 1863.1
1089290 1863.1
1089300 1865.4
1089310 1867.9
1089320 1867.9
1089330 1870.9
1089340 1874.5
1089350 1874.5
1089360 1878.3
1089370 1881.9
1089380 1881.9
1089390 1884.7
1089400 1888.6
1089410 1888.6
1089420 1896.6
1089430 1905.2
1089440 1905.2
1089450 1913.2
1089460 1917.0
1089470 1921.0
1089480 1921.0
1089490 1925.5
1089500 1929.9
1089510 1929.9
1089520 1934.1
1089530 1937.2
1089540 1937.2
1089550 1941.5
1089560 1942.2
1089570 1942.2
1089580 1938.5
1089590 1936.2
1089600 1930.2
1089610 1927.6
1089620 1924.7
1089630 1924.7
1089640 1921.0
1089650 1915.8
1089660 1915.8
1089670 1906.1
1089680 1866.2
1089690 1866.2
1089700 1837.8
1089710 1827.3
1089720 1827.3
1089730 1819.5
1089740 1812.4
1089750 1812.4
1089760 1804.5
1089770 1792.6
1089780 1774.8
1089790 1774.8
1089800 1759.9
1089810 1746.3
1089820 1746.3
1089830 1727.9
1089840 1714.3
1089850 1714.3
1089860 1706.6
1089870 1697.8
1089880 1697.8
1089890 1688.2
1089900 1680.1
1089910 1680.1
1089920 1671.6
1089930 1670.2
1089940 1670.2
1089950 1665.1
1089960 1659.6
1089970 1659.6
1089980 1654.1
1089990 1648.5
1090000 1648.5
1090010 1642.8
1090020 1637.3
1090030 1637.3
1090040 1631.7
1090050 1626.2
1090060 1620.7
1090070 1620.7
1090080 1615.3
1090090 1609.9
1090100 1609.9
1090110 1604.5
1090120 1599.2
1090130 1599.2
1090140 1593.9
1090150 1588.7
1090160 1588.7
1090170 1583.7
1090180 1578.8
1090190 1578.8
1090200 1574.0
1090210 1569.3
1090220 1569.3
1090230 1564.7
1090240 1560.3
1090250 1560.0
1090260 1556.0
1090270 1552.3
1090280 1552.3
1090290 1548.6
1090300 1544.6
1090310 1544.6
1090320 1540.9
1090330 1537.2
1090340 1533.6
1090350 1533.6
1090360 1530.5
1090370 1527.2
1090380 1527.2
1090390 1524.1
1090400 1521.0
1090410 1521.0
1090420 1517.7
1090430 1515.0
1090440 1515.0
1090450 1512.0
1090460 1509.2
1090470 1509.2
1090480 1506.2
1090490 1503.4
1090500 1503.4
1090510 1501.2
1090520 1498.5
1090530 1498.5
1090540 1496.9
1090550 1495.7
1090560 1495.7
1090570 1495.5
1090580 1494.4
1090590 1494.4
1090600 1492.3
1090610 1489.9
1090620 1488.5
1090630 1488.5
1090640 1487.6
1090650 1483.9
1090660 1483.9
1090670 1480.5
1090680 1479.8
1090690 1479.8
1090700 1479.7
1090710 1479.2
1090720 1479.2
1090730 1480.2
1090740 1479.5
1090750 1479.5
1090760 1478.9
1090770 1479.5
1090780 1479.5
1090790 1480.0
1090800 1481.2
1090810 1481.2
1090820 1482.9
1090830 1483.5
1090840 1483.5
1090850 1481.8
1090860 1478.9
1090870 1478.9
1090880 1476.2
1090890 1476.3
1090900 1476.1
1090910 1476.1
1090920 1476.8
1090930 1477.4
1090940 1477.4
1090950 1477.2
1090960 1476.6
1090970 1476.6
1090980 1475.7
1090990 1474.2
1091000 1474.2
1091010 1472.6
1091020 1470.9
1091030 1470.9
1091040 1469.1
1091050 1466.7
1091060 1466.7
1091070 1464.7
1091080 1464.7
1091090 1464.7
1091100 1464.8
1091110 1464.7
1091120 1464.7
1091130 1463.7
1091140 1462.0
1091150 1462.0
1091160 1459.3
1091170 1457.3
1091180 1455.6
1091190 1455.6
1091200 1453.9
1091210 1451.3
1091220 1445.4
1091230 1441.9
1091240 1439.2
1091250 1439.2
1091260 1437.1
1091270 1436.1
1091280 1436.1
1091290 1435.0
1091300 1434.2
1091310 1434.2
1091320 1433.6
1091330 1433.4
1091340 1433.4
1091350 1432.7
1091360 1432.2
1091370 1432.2
1091380 1432.0
1091390 1432.7
1091400 1432.7
1091410 1432.0
1091420 1430.0
1091430 1430.0
1091440 1430.3
1091450 1431.3
1091460 1431.3
1091470 1431.3
1091480 1429.4
1091490 1428.0
1091500 1428.0
1091510 1428.6
1091520 1429.5
1091530 1429.5
1091540 1430.3
1091550 1431.6
1091560 1431.6
1091570 1432.7
1091580 1433.7
1091590 1433.7
1091600 1434.8
1091610 1436.4
1091620 1436.4
1091630 1438.4
1091640 1440.9
1091650 1440.9
1091660 1443.9
1091670 1446.9
1091680 1446.9
1091690 1451.5
1091700 1455.5
1091710 1455.5
1091720 1457.6
1091730 1458.8
1091740 1458.9
1091750 1458.9
1091760 1459.2
1091770 1459.7
1091780 1459.7
1091790 1459.8
1091800 1459.3
1091810 1459.3
1091820 1457.1
1091830 1453.8
1091840 1453.8
1091850 1448.0
1091860 1444.9
1091870 1445.7
1091880 1444.2
1091890 1443.0
1091900 1443.0
1091910 1444.0
1091920 1442.3
1091930 1442.3
1091940 1440.4
1091950 1439.6
1091960 1439.6
1091970 1438.2
1091980 1435.4
1091990 1435.4
1092000 1433.0
1092010 1429.4
1092020 1425.5
1092030 1425.5
1092040 1423.0
1092050 1419.1
1092060 1419.1
1092070 1413.2
1092080 1408.5
1092090 1408.5
1092100 1405.3
1092110 1401.8
1092120 1401.8
1092130 1393.5
1092140 1380.8
1092150 1380.8
1092160 1366.6
1092170 1358.3
1092180 1358.3
1092190 1351.8
1092200 1346.3
1092210 1346.3
1092220 1342.0
1092230 1342.4
1092240 1342.4
1092250 1343.5
1092260 1344.0
1092270 1344.0
1092280 1343.5
1092290 1343.3
1092300 1343.4
1092310 1343.4
1092320 1344.1
1092330 1345.0
1092340 1345.0
1092350 1346.5
1092360 1349.2
1092370 1349.2
1092380 1351.9
1092390 1354.0
1092400 1354.0
1092410 1357.3
1092420 1361.4
1092430 1361.4
1092440 1365.9
1092450 1371.8
1092460 1371.8
1092470 1377.0
1092480 1380.6
1092490 1380.6
1092500 1383.6
1092510 1385.4
1092520 1382.1
1092530 1383.2
1092540 1384.6
1092550 1384.6
1092560 1388.4
1092570 1393.5
1092580 1399.1
1092590 1399.1
1092600 1404.1
1092610 1409.7
1092620 1409.7
1092630 1418.5
1092640 1423.6
1092650 1423.6
1092660 1428.5
1092670 1432.1
1092680 1432.1
1092690 1435.3
1092700 1437.1
1092710 1437.1
1092720 1437.7
1092730 1439.4
1092740 1439.4
1092750 1441.1
1092760 1444.3
1092770 1444.3
1092780 1448.0
1092790 1448.1
1092800 1448.1
1092810 1446.0
1092820 1445.1
1092830 1445.1
1092840 1452.7
1092850 1452.5
1092860 1450.9
1092870 1450.9
1092880 1448.7
1092890 1450.2
1092900 1450.2
1092910 1455.6
1092920 1462.4
1092930 1462.4
1092940 1471.9
1092950 1482.1
1092960 1482.1
1092970 1488.8
1092980 1494.0
1092990 1494.0
1093000 1499.2
1093010 1504.3
1093020 1504.3
1093030 1509.1
1093040 1513.0
1093050 1513.0
1093060 1517.5
1093070 1523.8
1093080 1523.8
1093090 1530.9
1093100 1537.6
1093110 1537.6
1093120 1543.7
1093130 1551.6
1093140 1555.6
1093150 1555.6
1093160 1556.8
1093170 1557.4
1093180 1557.4
1093190 1554.7
1093200 1553.3
1093210 1553.3
1093220 1553.6
1093230 1557.8
1093240 1557.8
1093250 1560.3
1093260 1561.0
1093270 1561.0
1093280 1563.8
1093290 1565.2
1093300 1565.2
1093310 1566.2
1093320 1566.9
1093330 1566.9
1093340 1568.3
1093350 1571.4
1093360 1571.4
1093370 1575.2
1093380 1577.2
1093390 1577.2
1093400 1579.1
1093410 1580.9
1093420 1580.9
1093430 1582.6
1093440 1584.7
1093450 1586.8
1093460 1586.8
1093470 1588.6
1093480 1590.5
1093490 1588.7
1093500 1590.5
1093510 1593.1
1093520 1593.1
1093530 1597.3
1093540 1603.7
1093550 1603.7
1093560 1611.7
1093570 1619.6
1093580 1619.6
1093590 1628.5
1093600 1634.7
1093610 1634.7
1093620 1640.7
1093630 1646.7
1093640 1646.7
1093650 1651.2
1093660 1653.6
1093670 1653.6
1093680 1655.0
1093690 1655.8
1093700 1655.8
1093710 1658.9
1093720 1663.3
1093730 1667.7
1093740 1667.7
1093750 1672.5
1093760 1676.0
1093770 1676.0
1093780 1678.9
1093790 1681.4
1093800 1681.4
1093810 1683.2
1093820 1682.4
1093830 1682.4
1093840 1683.8
1093850 1685.4
1093860 1685.4
1093870 1687.3
1093880 1691.2
1093890 1691.2
1093900 1696.5
1093910 1700.7
1093920 1700.7
1093930 1703.0
1093940 1704.2
1093950 1704.2
1093960 1704.1
1093970 1703.4
1093980 1703.4
1093990 1703.7
1094000 1704.3
1094010 1706.1
1094020 1706.1
1094030 1707.7
1094040 1708.4
1094050 1708.4
1094060 1711.2
1094070 1714.5
1094080 1714.5
1094090 1720.9
1094100 1729.7
1094110 1729.7
1094120 1745.0
1094130 1753.6
1094140 1753.6
1094150 1752.2
1094160 1756.4
1094170 1756.4
1094180 1763.8
1094190 1772.1
1094200 1772.1
1094210 1782.1
1094220 1792.5
1094230 1792.5
1094240 1805.5
1094250 1824.7
1094260 1824.7
1094270 1837.8
1094280 1849.6
1094290 1862.1
1094300 1862.1
1094310 1871.3
1094320 1880.2
1094330 1880.2
1094340 1889.0
1094350 1898.3
1094360 1898.3
1094370 1905.9
1094380 1906.8
1094390 1906.8
1094400 1906.1
1094410 1903.1
1094420 1903.1
1094430 1899.9
1094440 1895.9
1094450 1895.9
1094460 1891.8
1094470 1884.4
1094480 1884.4
1094490 1879.8
1094500 1876.6
1094510 1876.6
1094520 1874.3
1094530 1872.3
1094540 1872.3
1094550 1870.8
1094560 1869.9
1094570 1869.9
1094580 1869.9
1094590 1869.3
1094600 1868.4
1094610 1868.4
1094620 1869.1
1094630 1868.7
1094640 1868.7
1094650 1865.0
1094660 1861.6
1094670 1861.6
1094680 1859.4
1094690 1857.3
1094700 1857.3
1094710 1855.5
1094720 1853.9
1094730 1853.9
1094740 1852.6
1094750 1851.6
1094760 1851.6
1094770 1850.1
1094780 1848.9
1094790 1848.9
1094800 1847.2
1094810 1846.0
1094820 1846.0
1094830 1845.3
1094840 1845.0
1094850 1844.5
1094860 1844.5
1094870 1844.4
1094880 1843.6
1094890 1843.6
1094900 1842.4
1094910 1841.7
1094920 1841.7
1094930 1839.6
1094940 1836.9
1094950 1836.9
1094960 1836.3
1094970 1835.7
1094980 1835.7
1094990 1834.0
1095000 1832.7
1095010 1832.7
1095020 1832.2
1095030 1830.5
1095040 1830.5
1095050 1828.9
1095060 1825.7
1095070 1825.7
1095080 1822.6
1095090 1820.1
1095100 1820.1
1095110 1816.1
1095120 1814.6
1095130 1813.2
1095140 1813.2
1095150 1812.3
1095160 1811.3
1095170 1811.3
1095180 1810.5
1095190 1809.9
1095200 1809.9
1095210 1809.6
1095220 1809.4
1095230 1809.4
1095240 1809.3
1095250 1809.3
1095260 1809.3
1095270 1809.3
1095280 1809.4
1095290 1809.4
1095300 1809.6
1095310 1809.7
1095320 1809.7
1095330 1809.7
1095340 1809.7
1095350 1809.7
1095360 1809.8
1095370 1809.9
1095380 1809.9
1095390 1809.7
1095400 1809.6
1095410 1809.7
1095420 1809.7
1095430 1810.2
1095440 1810.6
1095450 1812.3
1095460 1810.9
1095470 1812.7
1095480 1812.7
1095490 1813.4
1095500 1813.5
1095510 1813.5
1095520 1814.6
1095530 1816.1
1095540 1816.1
1095550 1817.6
1095560 1819.9
1095570 1819.9
1095580 1821.4
1095590 1822.8
1095600 1822.8
1095610 1824.6
1095620 1826.4
1095630 1826.4
1095640 1828.7
1095650 1831.5
1095660 1831.5
1095670 1835.1
1095680 1838.3
1095690 1840.3
1095700 1840.3
1095710 1841.8
1095720 1843.6
1095730 1843.6
1095740 1845.1
1095750 1846.4
1095760 1846.4
1095770 1848.8
1095780 1851.2
1095790 1851.2
1095800 1854.3
1095810 1857.1
1095820 1857.1
1095830 1858.6
1095840 1857.4
1095850 1857.4
1095860 1858.4
1095870 1861.8
1095880 1861.8
1095890 1865.5
1095900 1869.2
1095910 1869.2
1095920 1872.5
1095930 1874.5
1095940 1874.5
1095950 1875.2
1095960 1875.6
1095970 1875.8
1095980 1875.8
1095990 1877.3
1096000 1879.6
1096010 1879.6
1096020 1881.4
1096030 1886.2
1096040 1886.2
1096050 1890.5
1096060 1893.5
1096070 1893.5
1096080 1897.6
1096090 1901.2
1096100 1901.2
1096110 1903.2
1096120 1903.9
1096130 1903.9
1096140 1902.9
1096150 1901.6
1096160 1901.6
1096170 1900.5
1096180 1898.8
1096190 1898.8
1096200 1897.1
1096210 1894.9
1096220 1894.9
1096230 1892.6
1096240 1890.9
1096250 1889.5
1096260 1889.5
1096270 1887.6
1096280 1886.2
1096290 1886.2
1096300 1886.6
1096310 1886.3
1096320 1886.3
1096330 1885.9
1096340 1885.5
1096350 1885.5
1096360 1884.8
1096370 1884.2
1096380 1884.2
1096390 1882.7
1096400 1879.1
1096410 1879.1
1096420 1874.6
1096430 1870.6
1096440 1873.4
1096450 1868.3
1096460 1863.4
1096470 1863.4
1096480 1858.8
1096490 1853.4
1096500 1853.4
1096510 1848.3
1096520 1843.4
1096530 1838.2
1096540 1838.2
1096550 1835.7
1096560 1833.3
1096570 1833.3
1096580 1831.5
1096590 1830.4
1096600 1830.4
1096610 1828.2
1096620 1827.6
1096630 1827.6
1096640 1828.0
1096650 1828.0
1096660 1828.0
1096670 1827.6
1096680 1826.4
1096690 1826.4
1096700 1825.3
1096710 1824.1
1096720 1824.1
1096730 1822.7
1096740 1819.4
1096750 1819.4
1096760 1817.3
1096770 1811.9
1096780 1811.9
1096790 1809.2
1096800 1806.1
1096810 1802.0
1096820 1802.0
1096830 1797.4
1096840 1792.9
1096850 1792.9
1096860 1789.0
1096870 1787.1
1096880 1787.1
1096890 1787.9
1096900 1787.6
1096910 1787.6
1096920 1784.8
1096930 1779.9
1096940 1779.9
1096950 1780.0
1096960 1781.6
1096970 1781.6
1096980 1780.1
1096990 1781.0
1097000 1781.0
1097010 1784.3
1097020 1785.9
1097030 1785.9
1097040 1787.3
1097050 1788.2
1097060 1788.2
1097070 1789.2
1097080 1789.9
1097090 1787.6
1097100 1787.6
1097110 1787.6
1097120 1787.6
1097130 1787.6
1097140 1789.1
1097150 1790.0
1097160 1790.0
1097170 1790.8
1097180 1791.0
1097190 1791.0
1097200 1790.7
1097210 1790.7
1097220 1790.7
1097230 1786.9
1097240 1779.2
1097250 1779.2
1097260 1775.0
1097270 1772.3
1097280 1772.3
1097290 1770.0
1097300 1765.7
1097310 1765.7
1097320 1760.0
1097330 1756.0
1097340 1756.0
1097350 1752.5
1097360 1747.4
1097370 1742.2
1097380 1742.2
1097390 1739.9
1097400 1738.6
1097410 1738.6
1097420 1737.2
1097430 1738.7
1097440 1738.7
1097450 1738.8
1097460 1739.6
1097470 1739.6
1097480 1740.6
1097490 1740.4
1097500 1740.4
1097510 1738.7
1097520 1735.9
1097530 1735.9
1097540 1734.7
1097550 1734.5
1097560 1734.5
1097570 1734.6
1097580 1735.4
1097590 1735.4
1097600 1734.2
1097610 1730.2
1097620 1730.2
1097630 1727.4
1097640 1728.2
1097650 1728.3
1097660 1728.3
1097670 1730.4
1097680 1732.6
1097690 1732.6
1097700 1731.7
1097710 1732.6
1097720 1732.6
1097730 1735.7
1097740 1737.4
1097750 1733.7
1097760 1734.8
1097770 1735.9
1097780 1735.9
1097790 1736.1
1097800 1734.0
1097810 1734.0
1097820 1733.9
1097830 1735.6
1097840 1735.6
1097850 1735.9
1097860 1737.0
1097870 1737.0
1097880 1739.1
1097890 1740.4
1097900 1740.4
1097910 1741.2
1097920 1741.9
1097930 1741.9
1097940 1742.5
1097950 1743.2
1097960 1743.3
1097970 1743.3
1097980 1742.6
1097990 1742.5
1098000 1742.5
1098010 1741.5
1098020 1741.7
1098030 1741.7
1098040 1742.5
1098050 1743.7
1098060 1743.7
1098070 1744.7
1098080 1741.0
1098090 1741.0
1098100 1741.1
1098110 1740.7
1098120 1740.7
1098130 1738.3
1098140 1737.8
1098150 1737.8
1098160 1739.1
1098170 1739.6
1098180 1739.6
1098190 1740.9
1098200 1741.5
1098210 1741.5
1098220 1741.8
1098230 1742.0
1098240 1742.6
1098250 1742.6
1098260 1743.7
1098270 1744.3
1098280 1744.3
1098290 1743.0
1098300 1742.9
1098310 1742.9
1098320 1744.3
1098330 1745.5
1098340 1745.5
1098350 1745.5
1098360 1744.0
1098370 1744.0
1098380 1744.1
1098390 1742.7
1098400 1742.7
1098410 1736.9
1098420 1733.4
1098430 1733.4
1098440 1730.7
1098450 1727.4
1098460 1727.4
1098470 1723.4
1098480 1719.6
1098490 1719.6
1098500 1716.2
1098510 1713.7
1098520 1710.7
1098530 1710.7
1098540 1706.7
1098550 1702.0
1098560 1702.0
1098570 1697.7
1098580 1692.3
1098590 1692.3
1098600 1687.0
1098610 1682.4
1098620 1682.4
1098630 1676.5
1098640 1670.5
1098650 1670.5
1098660 1663.5
1098670 1653.0
1098680 1653.0
1098690 1644.3
1098700 1635.7
1098710 1635.7
1098720 1627.2
1098730 1620.3
1098740 1622.5
1098750 1614.4
1098760 1607.0
1098770 1607.0
1098780 1602.0
1098790 1597.3
1098800 1591.8
1098810 1591.8
1098820 1586.0
1098830 1580.3
1098840 1580.3
1098850 1574.7
1098860 1568.9
1098870 1568.9
1098880 1564.4
1098890 1560.2
1098900 1560.2
1098910 1555.0
1098920 1551.1
1098930 1551.1
1098940 1546.1
1098950 1542.1
1098960 1542.1
1098970 1538.8
1098980 1534.6
1098990 1534.6
1099000 1530.4
1099010 1525.1
1099020 1525.1
1099030 1521.3
1099040 1517.2
1099050 1517.2
1099060 1515.3
1099070 1512.2
1099080 1509.4
1099090 1509.4
1099100 1501.8
1099110 1496.4
1099120 1496.4
1099130 1495.0
1099140 1500.2
1099150 1500.2
1099160 1505.5
1099170 1509.0
1099180 1509.0
1099190 1509.5
1099200 1508.8
1099210 1508.8
1099220 1507.7
1099230 1509.4
1099240 1509.4
1099250 1512.0
1099260 1514.0
1099270 1514.0
1099280 1514.3
1099290 1513.9
1099300 1513.9
1099310 1516.2
1099320 1519.5
1099330 1519.5
1099340 1523.3
1099350 1527.3
1099360 1532.0
1099370 1532.0
1099380 1535.8
1099390 1539.0
1099400 1536.6
1099410 1536.5
1099420 1536.0
1099430 1536.0
1099440 1535.3
1099450 1533.6
1099460 1533.6
1099470 1532.7
1099480 1530.4
1099490 1530.4
1099500 1532.7
1099510 1536.2
1099520 1536.2
1099530 1537.1
1099540 1539.5
1099550 1539.5
1099560 1540.9
1099570 1541.7
1099580 1541.7
1099590 1542.9
1099600 1544.3
1099610 1544.3
1099620 1545.8
1099630 1547.9
1099640 1550.5
1099650 1550.5
1099660 1552.9
1099670 1556.8
1099680 1556.8
1099690 1564.3
1099700 1568.6
1099710 1568.6
1099720 1571.0
1099730 1567.8
1099740 1567.8
1099750 1567.3
1099760 1566.8
1099770 1566.8
1099780 1567.0
1099790 1566.4
1099800 1566.4
1099810 1567.7
1099820 1571.6
1099830 1571.6
1099840 1573.1
1099850 1573.7
1099860 1573.7
1099870 1577.8
1099880 1579.6
1099890 1579.6
1099900 1578.5
1099910 1585.7
1099920 1592.0
1099930 1592.0
1099940 1595.4
1099950 1599.1
1099960 1599.1
1099970 1601.2
1099980 1603.7
1099990 1603.7
