1080000 1153.1
1080010 1158.3
1080020 1158.3
1080030 1163.5
1080040 1167.0
1080050 1167.0
1080060 1169.2
1080070 1173.2
1080080 1173.2
1080090 1177.6
1080100 1180.0
1080110 1180.0
1080120 1182.2
1080130 1183.2
1080140 1183.2
1080150 1185.1
1080160 1186.4
1080170 1186.4
1080180 1185.0
1080190 1182.2
1080200 1178.6
1080210 1178.6
1080220 1175.5
1080230 1173.2
1080240 1173.2
1080250 1171.5
1080260 1170.3
1080270 1170.3
1080280 1167.8
1080290 1165.4
1080300 1165.4
1080310 1162.0
1080320 1158.2
1080330 1158.2
1080340 1155.5
1080350 1153.7
1080360 1153.7
1080370 1159.7
1080380 1159.8
1080390 1159.8
1080400 1158.9
1080410 1160.7
1080420 1160.7
1080430 1163.0
1080440 1163.6
1080450 1163.6
1080460 1162.6
1080470 1160.6
1080480 1157.4
1080490 1157.4
1080500 1150.6
1080510 1144.4
1080520 1144.4
1080530 1137.2
1080540 1125.1
1080550 1125.1
1080560 1120.9
1080570 1128.3
1080580 1128.3
1080590 1137.3
1080600 1147.0
1080610 1147.0
1080620 1155.1
1080630 1160.7
1080640 1160.7
1080650 1165.7
1080660 1170.3
1080670 1170.3
1080680 1174.9
1080690 1180.8
1080700 1180.8
1080710 1185.7
1080720 1190.1
1080730 1190.1
1080740 1193.4
1080750 1195.7
1080760 1197.2
1080770 1197.2
1080780 1198.9
1080790 1201.7
1080800 1201.7
1080810 1205.5
1080820 1210.1
1080830 1210.1
1080840 1214.5
1080850 1219.5
1080860 1219.5
1080870 1222.1
1080880 1223.3
1080890 1223.3
1080900 1224.9
1080910 1226.4
1080920 1226.4
1080930 1228.3
1080940 1231.6
1080950 1231.6
1080960 1234.3
1080970 1235.9
1080980 1235.9
1080990 1238.2
1081000 1239.9
1081010 1239.9
1081020 1241.7
1081030 1243.2
1081040 1243.2
1081050 1245.4
1081060 1249.3
1081070 1252.1
1081080 1252.1
1081090 1254.1
1081100 1256.3
1081110 1256.3
1081120 1258.4
1081130 1261.1
1081140 1261.1
1081150 1264.9
1081160 1269.8
1081170 1269.8
1081180 1274.0
1081190 1279.4
1081200 1279.4
1081210 1286.3
1081220 1292.5
1081230 1292.5
1081240 1297.8
1081250 1302.6
1081260 1302.6
1081270 1306.7
1081280 1310.4
1081290 1310.4
1081300 1313.3
1081310 1316.1
1081320 1315.8
1081330 1318.4
1081340 1320.6
1081350 1322.6
1081360 1322.6
1081370 1325.8
1081380 1330.8
1081390 1330.8
1081400 1335.1
1081410 1340.5
1081420 1340.5
1081430 1345.9
1081440 1351.0
1081450 1351.0
1081460 1355.5
1081470 1358.9
1081480 1358.9
1081490 1361.4
1081500 1364.2
1081510 1364.2
1081520 1366.8
1081530 1368.9
1081540 1368.9
1081550 1371.0
1081560 1373.0
1081570 1373.0
1081580 1374.9
1081590 1377.6
1081600 1377.6
1081610 1379.9
1081620 1382.1
1081630 1382.0
1081640 1382.0
1081650 1384.3
1081660 1386.1
1081670 1386.1
1081680 1388.0
1081690 1389.7
1081700 1389.7
1081710 1391.0
1081720 1392.0
1081730 1392.0
1081740 1392.9
1081750 1393.4
1081760 1393.4
1081770 1393.5
1081780 1393.1
1081790 1393.1
1081800 1392.0
1081810 1390.4
1081820 1390.4
1081830 1388.4
1081840 1386.0
1081850 1386.0
1081860 1382.8
1081870 1378.2
1081880 1378.2
1081890 1373.2
1081900 1367.3
1081910 1360.1
1081920 1360.1
1081930 1352.9
1081940 1345.0
1081950 1345.5
1081960 1336.9
1081970 1327.4
1081980 1327.4
1081990 1325.4
1082000 1326.9
1082010 1326.9
1082020 1326.6
1082030 1323.7
1082040 1323.7
1082050 1319.8
1082060 1313.9
1082070 1313.9
1082080 1305.8
1082090 1310.1
1082100 1310.1
1082110 1309.1
1082120 1306.4
1082130 1306.4
1082140 1310.1
1082150 1310.7
1082160 1310.7
1082170 1311.1
1082180 1310.5
1082190 1308.7
1082200 1308.7
1082210 1305.2
1082220 1300.4
1082230 1300.4
1082240 1300.5
1082250 1300.9
1082260 1300.9
1082270 1308.4
1082280 1305.9
1082290 1305.9
1082300 1302.2
1082310 1298.3
1082320 1298.3
1082330 1292.9
1082340 1292.0
1082350 1292.0
1082360 1291.2
1082370 1289.6
1082380 1289.6
1082390 1288.3
1082400 1287.6
1082410 1287.6
1082420 1286.8
1082430 1288.0
1082440 1288.0
1082450 1289.7
1082460 1290.3
1082470 1289.7
1082480 1289.7
1082490 1288.8
1082500 1288.6
1082510 1288.6
1082520 1288.4
1082530 1288.6
1082540 1288.6
1082550 1289.2
1082560 1290.4
1082570 1290.4
1082580 1299.4
1082590 1299.8
1082600 1299.8
1082610 1298.9
1082620 1296.9
1082630 1296.9
1082640 1294.6
1082650 1290.4
1082660 1290.4
1082670 1284.5
1082680 1278.3
1082690 1278.3
1082700 1272.2
1082710 1265.2
1082720 1265.2
1082730 1257.5
1082740 1249.7
1082750 1242.4
1082760 1242.4
1082770 1235.0
1082780 1228.5
1082790 1228.5
1082800 1222.3
1082810 1215.7
1082820 1215.7
1082830 1209.1
1082840 1201.8
1082850 1201.8
1082860 1194.8
1082870 1186.7
1082880 1186.7
1082890 1177.8
1082900 1164.6
1082910 1164.6
1082920 1149.1
1082930 1131.6
1082940 1131.6
1082950 1119.7
1082960 1111.3
1082970 1111.3
1082980 1111.2
1082990 1115.7
1083000 1115.7
1083010 1113.6
1083020 1121.5
1083030 1130.9
1083040 1130.9
1083050 1135.7
1083060 1134.5
1083070 1134.5
1083080 1137.1
1083090 1146.0
1083100 1146.0
1083110 1150.3
1083120 1151.8
1083130 1151.8
1083140 1155.8
1083150 1161.9
1083160 1161.9
1083170 1166.9
1083180 1164.3
1083190 1164.3
1083200 1159.7
1083210 1158.3
1083220 1164.2
1083230 1167.6
1083240 1168.9
1083250 1168.9
1083260 1168.1
1083270 1164.9
1083280 1164.9
1083290 1160.0
1083300 1164.3
1083310 1165.4
1083320 1165.4
1083330 1165.8
1083340 1165.3
1083350 1165.3
1083360 1165.0
1083370 1164.5
1083380 1164.5
1083390 1163.9
1083400 1163.0
1083410 1163.0
1083420 1161.8
1083430 1159.8
1083440 1159.8
1083450 1156.7
1083460 1155.9
1083470 1155.9
1083480 1153.8
1083490 1151.5
1083500 1151.5
1083510 1148.3
1083520 1144.4
1083530 1149.6
1083540 1148.9
1083550 1146.3
1083560 1146.3
1083570 1142.7
1083580 1140.1
1083590 1137.3
1083600 1137.3
1083610 1134.6
1083620 1131.3
1083630 1131.3
1083640 1126.2
1083650 1122.6
1083660 1122.6
1083670 1119.3
1083680 1115.8
1083690 1115.8
1083700 1111.6
1083710 1107.7
1083720 1107.7
1083730 1105.1
1083740 1101.6
1083750 1101.6
1083760 1098.2
1083770 1095.0
1083780 1095.0
1083790 1091.4
1083800 1088.6
1083810 1088.6
1083820 1086.1
1083830 1082.8
1083840 1082.8
1083850 1077.5
1083860 1073.4
1083870 1068.7
1083880 1068.7
1083890 1066.0
1083900 1064.4
1083910 1064.4
1083920 1058.7
1083930 1053.7
1083940 1053.7
1083950 1049.3
1083960 1043.8
1083970 1043.8
1083980 1038.2
1083990 1032.7
1084000 1032.7
1084010 1028.2
1084020 1025.0
1084030 1025.0
1084040 1022.7
1084050 1017.1
1084060 1017.1
1084070 1014.8
1084080 1014.8
1084090 1014.8
1084100 1010.2
1084110 1002.6
1084120 1002.6
1084130 994.1
1084140 986.0
1084150 981.3
1084160 981.3
1084170 990.2
1084180 988.0
1084190 988.0
1084200 988.5
1084210 992.7
1084220 992.7
1084230 994.0
1084240 992.8
1084250 992.8
1084260 992.1
1084270 987.3
1084280 987.3
1084290 972.8
1084300 959.2
1084310 959.2
1084320 946.5
1084330 939.7
1084340 939.7
1084350 941.0
1084360 940.9
1084370 940.9
1084380 942.4
1084390 942.9
1084400 942.9
1084410 943.1
1084420 943.3
1084430 945.0
1084440 945.0
1084450 946.6
1084460 950.9
1084470 950.9
1084480 957.7
1084490 991.6
1084500 991.6
1084510 1003.5
1084520 1007.2
1084530 1007.2
1084540 1007.7
1084550 1010.5
1084560 1010.5
1084570 1006.4
1084580 1000.9
1084590 1000.9
1084600 998.2
1084610 995.2
1084620 995.2
1084630 995.9
1084640 990.5
1084650 990.5
1084660 991.0
1084670 1000.6
1084680 1000.6
1084690 1000.9
1084700 1000.3
1084710 1000.6
1084720 1000.6
1084730 1005.1
1084740 1004.5
1084750 1004.5
1084760 1008.2
1084770 1011.8
1084780 1011.8
1084790 1014.1
1084800 1016.1
1084810 1020.0
1084820 1024.4
1084830 1027.3
1084840 1027.3
1084850 1030.7
1084860 1034.4
1084870 1034.4
1084880 1036.6
1084890 1036.8
1084900 1036.8
1084910 1035.5
1084920 1035.2
1084930 1035.2
1084940 1034.6
1084950 1033.4
1084960 1033.4
1084970 1026.9
1084980 1014.2
1084990 1004.3
1085000 1004.3
1085010 1002.7
1085020 1004.0
1085030 1004.0
1085040 1004.4
1085050 1004.6
1085060 1004.6
1085070 1006.0
1085080 1006.8
1085090 1006.8
1085100 1007.1
1085110 1007.8
1085120 1007.8
1085130 1008.2
1085140 1013.1
1085150 1013.1
1085160 1014.0
1085170 1012.5
1085180 1012.5
1085190 1011.2
1085200 1013.6
1085210 1013.6
1085220 1018.4
1085230 1020.9
1085240 1020.9
1085250 1025.6
1085260 1031.5
1085270 1035.8
1085280 1035.8
1085290 1041.9
1085300 1049.0
1085310 1049.0
1085320 1054.6
1085330 1061.3
1085340 1061.3
1085350 1069.1
1085360 1075.5
1085370 1075.5
1085380 1083.2
1085390 1092.2
1085400 1092.2
1085410 1098.0
1085420 1102.4
1085430 1102.4
1085440 1113.4
1085450 1117.9
1085460 1117.9
1085470 1122.6
1085480 1127.2
1085490 1127.2
1085500 1130.6
1085510 1133.6
1085520 1133.6
1085530 1136.1
1085540 1138.6
1085550 1141.3
1085560 1141.3
1085570 1144.0
1085580 1146.0
1085590 1146.0
1085600 1147.7
1085610 1146.3
1085620 1146.3
1085630 1144.1
1085640 1144.6
1085650 1144.6
1085660 1146.7
1085670 1150.7
1085680 1150.7
1085690 1154.5
1085700 1157.7
1085710 1157.7
1085720 1157.6
1085730 1158.0
1085740 1158.0
1085750 1159.4
1085760 1163.3
1085770 1163.3
1085780 1159.8
1085790 1163.0
1085800 1163.0
1085810 1160.7
1085820 1158.6
1085830 1160.1
1085840 1160.1
1085850 1160.0
1085860 1162.1
1085870 1162.1
1085880 1161.5
1085890 1160.7
1085900 1160.7
1085910 1163.3
1085920 1163.3
1085930 1163.3
1085940 1163.6
1085950 1166.7
1085960 1166.7
1085970 1166.3
1085980 1168.4
1085990 1168.4
1086000 1172.0
1086010 1179.6
1086020 1179.6
1086030 1187.4
1086040 1193.0
1086050 1193.0
1086060 1198.7
1086070 1205.5
1086080 1201.0
1086090 1205.4
1086100 1208.4
1086110 1212.8
1086120 1212.8
1086130 1217.8
1086140 1222.6
1086150 1222.6
1086160 1227.3
1086170 1232.7
1086180 1232.7
1086190 1237.2
1086200 1242.3
1086210 1242.3
1086220 1247.4
1086230 1252.1
1086240 1252.1
1086250 1256.3
1086260 1260.6
1086270 1260.6
1086280 1266.3
1086290 1273.2
1086300 1273.2
1086310 1280.0
1086320 1285.0
1086330 1285.0
1086340 1289.0
1086350 1291.3
1086360 1291.3
1086370 1289.3
1086380 1287.0
1086390 1289.5
1086400 1293.6
1086410 1296.4
1086420 1300.6
1086430 1300.6
1086440 1304.6
1086450 1308.8
1086460 1308.8
1086470 1311.4
1086480 1310.9
1086490 1310.9
1086500 1315.7
1086510 1320.1
1086520 1320.1
1086530 1322.2
1086540 1325.5
1086550 1325.5
1086560 1325.7
1086570 1323.4
1086580 1323.4
1086590 1326.6
1086600 1332.7
1086610 1332.7
1086620 1340.5
1086630 1347.9
1086640 1347.9
1086650 1353.8
1086660 1358.6
1086670 1363.3
1086680 1363.3
1086690 1369.5
1086700 1375.7
1086710 1375.7
1086720 1383.5
1086730 1391.1
1086740 1391.1
1086750 1399.0
1086760 1404.1
1086770 1404.1
1086780 1409.7
1086790 1414.3
1086800 1414.3
1086810 1418.8
1086820 1421.5
1086830 1421.5
1086840 1422.2
1086850 1426.8
1086860 1426.8
1086870 1430.2
1086880 1435.2
1086890 1435.2
1086900 1439.9
1086910 1443.3
1086920 1443.3
1086930 1442.3
1086940 1444.9
1086950 1451.5
1086960 1451.5
1086970 1458.3
1086980 1465.6
1086990 1465.6
1087000 1469.0
1087010 1473.3
1087020 1473.3
1087030 1480.1
1087040 1486.6
1087050 1486.6
1087060 1492.0
1087070 1497.0
1087080 1497.0
1087090 1501.7
1087100 1508.2
1087110 1508.2
1087120 1514.1
1087130 1519.0
1087140 1519.0
1087150 1523.3
1087160 1528.1
1087170 1528.1
1087180 1533.9
1087190 1540.3
1087200 1540.3
1087210 1546.8
1087220 1553.0
1087230 1558.6
1087240 1558.6
1087250 1563.7
1087260 1571.0
1087270 1571.0
1087280 1577.6
1087290 1583.9
1087300 1583.9
1087310 1589.8
1087320 1594.2
1087330 1594.2
1087340 1598.4
1087350 1604.1
1087360 1611.3
1087370 1617.2
1087380 1621.5
1087390 1621.5
1087400 1626.1
1087410 1632.6
1087420 1632.6
1087430 1639.5
1087440 1646.8
1087450 1646.8
1087460 1654.8
1087470 1663.7
1087480 1663.7
1087490 1672.7
1087500 1682.8
1087510 1692.6
1087520 1692.6
1087530 1702.6
1087540 1712.6
1087550 1712.6
1087560 1722.3
1087570 1731.3
1087580 1731.3
1087590 1738.3
1087600 1742.8
1087610 1742.8
1087620 1741.5
1087630 1737.3
1087640 1737.3
1087650 1732.6
1087660 1729.6
1087670 1729.6
1087680 1721.8
1087690 1719.2
1087700 1719.2
1087710 1716.4
1087720 1713.7
1087730 1713.7
1087740 1712.4
1087750 1712.2
1087760 1712.2
1087770 1712.8
1087780 1712.6
1087790 1712.6
1087800 1711.7
1087810 1711.3
1087820 1711.3
1087830 1711.3
1087840 1711.3
1087850 1710.8
1087860 1710.8
1087870 1710.1
1087880 1709.3
1087890 1709.3
1087900 1708.5
1087910 1707.7
1087920 1707.7
1087930 1708.2
1087940 1708.2
1087950 1708.2
1087960 1707.9
1087970 1708.6
1087980 1708.6
1087990 1710.2
1088000 1710.4
1088010 1706.0
1088020 1706.3
1088030 1707.7
1088040 1707.7
1088050 1708.6
1088060 1708.4
1088070 1708.4
1088080 1708.8
1088090 1709.6
1088100 1709.9
1088110 1709.9
1088120 1710.8
1088130 1711.7
1088140 1711.7
1088150 1712.2
1088160 1713.3
1088170 1713.3
1088180 1714.5
1088190 1715.9
1088200 1715.9
1088210 1716.6
1088220 1717.8
1088230 1717.8
1088240 1719.7
1088250 1721.3
1088260 1721.3
1088270 1723.1
1088280 1725.9
1088290 1725.9
1088300 1728.7
1088310 1730.9
1088320 1730.9
1088330 1730.5
1088340 1732.5
1088350 1732.5
1088360 1733.7
1088370 1735.2
1088380 1735.9
1088390 1735.9
1088400 1736.1
1088410 1735.4
1088420 1735.4
1088430 1739.8
1088440 1742.7
1088450 1742.7
1088460 1744.6
1088470 1746.6
1088480 1746.6
1088490 1747.9
1088500 1749.2
1088510 1749.2
1088520 1750.2
1088530 1750.5
1088540 1750.5
1088550 1751.3
1088560 1752.5
1088570 1752.5
1088580 1753.4
1088590 1754.3
1088600 1754.3
1088610 1755.5
1088620 1757.5
1088630 1757.5
1088640 1759.6
1088650 1759.1
1088660 1760.6
1088670 1760.6
1088680 1762.6
1088690 1764.5
1088700 1764.5
1088710 1764.6
1088720 1763.6
1088730 1763.6
1088740 1763.5
1088750 1763.2
1088760 1763.2
1088770 1761.5
1088780 1760.6
1088790 1760.6
1088800 1761.9
1088810 1762.9
1088820 1762.9
1088830 1764.0
1088840 1765.2
1088850 1765.2
1088860 1767.0
1088870 1769.9
1088880 1769.9
1088890 1772.8
1088900 1775.9
1088910 1775.9
1088920 1779.1
1088930 1783.1
1088940 1789.2
1088950 1789.2
1088960 1794.8
1088970 1802.2
1088980 1802.2
1088990 1807.5
1089000 1813.2
1089010 1813.2
1089020 1820.3
1089030 1825.7
1089040 1825.7
1089050 1829.8
1089060 1833.8
1089070 1833.8
1089080 1838.2
1089090 1844.9
1089100 1844.9
1089110 1852.8
1089120 1863.0
1089130 1863.0
1089140 1870.9
1089150 1875.4
1089160 1875.4
1089170 1878.9
1089180 1882.4
1089190 1882.4
1089200 1886.5
1089210 1891.8
1089220 1897.1
1089230 1897.1
1089240 1902.7
1089250 1908.3
1089260 1908.3
1089270 1913.7
1089280 1919.1
1089290 1925.2
1089300 1923.3
1089310 1917.4
1089320 1917.4
1089330 1907.5
1089340 1898.6
1089350 1898.6
1089360 1898.2
1089370 1898.5
1089380 1898.5
1089390 1892.6
1089400 1888.1
1089410 1888.1
1089420 1884.6
1089430 1881.4
1089440 1881.4
1089450 1879.0
1089460 1876.4
1089470 1876.4
1089480 1872.0
1089490 1867.8
1089500 1866.1
1089510 1866.1
1089520 1863.6
1089530 1861.3
1089540 1861.3
1089550 1859.4
1089560 1857.3
1089570 1857.3
1089580 1856.9
1089590 1855.9
1089600 1855.9
1089610 1853.1
1089620 1847.8
1089630 1847.8
1089640 1847.2
1089650 1846.9
1089660 1846.9
1089670 1846.9
1089680 1846.8
1089690 1846.8
1089700 1846.5
1089710 1846.5
1089720 1846.5
1089730 1847.1
1089740 1847.8
1089750 1847.8
1089760 1848.2
1089770 1850.6
1089780 1853.0
1089790 1853.0
1089800 1856.2
1089810 1858.2
1089820 1858.2
1089830 1860.5
1089840 1862.5
1089850 1862.5
1089860 1864.6
1089870 1865.9
1089880 1865.9
1089890 1867.1
1089900 1868.6
1089910 1868.6
1089920 1869.0
1089930 1870.1
1089940 1868.2
1089950 1870.6
1089960 1870.3
1089970 1870.3
1089980 1869.2
1089990 1868.2
1090000 1868.2
1090010 1871.4
1090020 1870.0
1090030 1870.0
1090040 1870.7
1090050 1864.7
1090060 1858.7
1090070 1858.7
1090080 1848.3
1090090 1834.4
1090100 1834.4
1090110 1817.7
1090120 1806.1
1090130 1806.1
1090140 1797.6
1090150 1789.0
1090160 1789.0
1090170 1782.8
1090180 1776.9
1090190 1776.9
1090200 1767.8
1090210 1756.3
1090220 1756.3
1090230 1745.9
1090240 1735.4
1090250 1735.4
1090260 1724.4
1090270 1704.5
1090280 1704.5
1090290 1689.9
1090300 1679.2
1090310 1679.2
1090320 1672.6
1090330 1670.0
1090340 1665.4
1090350 1665.4
1090360 1659.1
1090370 1654.1
1090380 1654.1
1090390 1653.1
1090400 1650.6
1090410 1650.6
1090420 1647.0
1090430 1643.1
1090440 1643.1
1090450 1639.4
1090460 1635.2
1090470 1635.2
1090480 1631.0
1090490 1628.1
1090500 1628.1
1090510 1624.3
1090520 1620.2
1090530 1620.2
1090540 1616.0
1090550 1611.6
1090560 1611.6
1090570 1607.4
1090580 1606.3
1090590 1606.3
1090600 1604.5
1090610 1603.7
1090620 1600.6
1090630 1600.6
1090640 1600.5
1090650 1599.3
1090660 1599.3
1090670 1597.2
1090680 1595.1
1090690 1595.1
1090700 1593.5
1090710 1591.4
1090720 1591.4
1090730 1588.9
1090740 1585.9
1090750 1585.9
1090760 1582.5
1090770 1579.3
1090780 1579.3
1090790 1576.8
1090800 1574.4
1090810 1574.4
1090820 1571.2
1090830 1569.1
1090840 1569.1
1090850 1569.8
1090860 1569.1
1090870 1569.1
1090880 1569.6
1090890 1569.8
1090900 1569.6
1090910 1575.9
1090920 1575.0
1090930 1573.6
1090940 1573.6
1090950 1571.6
1090960 1569.4
1090970 1569.4
1090980 1567.5
1090990 1567.1
1091000 1567.1
1091010 1572.9
1091020 1579.4
1091030 1579.4
1091040 1581.7
1091050 1582.3
1091060 1582.3
1091070 1581.1
1091080 1579.1
1091090 1579.1
1091100 1575.5
1091110 1571.5
1091120 1571.5
1091130 1563.4
1091140 1548.5
1091150 1548.5
1091160 1542.2
1091170 1538.6
1091180 1535.4
1091190 1535.4
1091200 1533.4
1091210 1532.5
1091220 1532.5
1091230 1535.2
1091240 1532.3
1091250 1532.3
1091260 1527.5
1091270 1524.9
1091280 1524.9
1091290 1522.7
1091300 1519.8
1091310 1519.8
1091320 1517.4
1091330 1514.6
1091340 1514.6
1091350 1512.2
1091360 1508.5
1091370 1508.5
1091380 1507.0
1091390 1506.1
1091400 1506.1
1091410 1505.3
1091420 1504.2
1091430 1504.2
1091440 1503.4
1091450 1502.2
1091460 1501.1
1091470 1501.1
1091480 1498.9
1091490 1497.2
1091500 1497.2
1091510 1495.0
1091520 1492.9
1091530 1492.9
1091540 1490.9
1091550 1493.6
1091560 1493.6
1091570 1492.0
1091580 1489.9
1091590 1489.9
1091600 1486.4
1091610 1483.0
1091620 1483.0
1091630 1479.6
1091640 1476.0
1091650 1476.0
1091660 1472.9
1091670 1469.4
1091680 1469.4
1091690 1466.2
1091700 1463.1
1091710 1463.1
1091720 1459.6
1091730 1456.7
1091740 1453.4
1091750 1453.4
1091760 1449.9
1091770 1447.2
1091780 1447.2
1091790 1444.2
1091800 1442.7
1091810 1442.7
1091820 1441.5
1091830 1441.4
1091840 1441.4
1091850 1441.1
1091860 1440.1
1091870 1440.1
1091880 1442.8
1091890 1443.0
1091900 1443.0
1091910 1443.1
1091920 1442.0
1091930 1442.0
1091940 1443.2
1091950 1445.1
1091960 1445.1
1091970 1446.3
1091980 1447.5
1091990 1447.5
1092000 1447.9
1092010 1448.1
1092020 1447.5
1092030 1447.5
1092040 1446.3
1092050 1444.8
1092060 1444.8
1092070 1443.2
1092080 1441.5
1092090 1441.5
1092100 1440.5
1092110 1439.2
1092120 1439.2
1092130 1437.1
1092140 1434.5
1092150 1434.5
1092160 1432.2
1092170 1429.6
1092180 1429.6
1092190 1427.3
1092200 1432.0
1092210 1432.0
1092220 1432.3
1092230 1427.8
1092240 1427.8
1092250 1420.4
1092260 1418.1
1092270 1418.1
1092280 1418.8
1092290 1419.4
1092300 1419.7
1092310 1419.7
1092320 1419.9
1092330 1420.0
1092340 1420.0
1092350 1420.4
1092360 1421.0
1092370 1421.0
1092380 1424.0
1092390 1427.0
1092400 1427.0
1092410 1429.2
1092420 1430.4
1092430 1430.4
1092440 1432.1
1092450 1434.0
1092460 1434.0
1092470 1437.0
1092480 1440.2
1092490 1440.2
1092500 1442.7
1092510 1444.1
1092520 1444.1
1092530 1441.3
1092540 1440.7
1092550 1440.7
1092560 1439.9
1092570 1438.9
1092580 1437.9
1092590 1437.9
1092600 1437.4
1092610 1440.3
1092620 1440.3
1092630 1444.7
1092640 1445.9
1092650 1445.9
1092660 1446.5
1092670 1446.9
1092680 1446.9
1092690 1447.6
1092700 1448.4
1092710 1448.4
1092720 1449.6
1092730 1451.1
1092740 1451.1
1092750 1452.3
1092760 1453.1
1092770 1453.1
1092780 1453.1
1092790 1452.4
1092800 1452.4
1092810 1451.2
1092820 1449.2
1092830 1449.2
1092840 1447.3
1092850 1446.0
1092860 1443.2
1092870 1443.2
1092880 1441.2
1092890 1440.4
1092900 1440.4
1092910 1440.2
1092920 1440.0
1092930 1440.0
1092940 1440.2
1092950 1440.8
1092960 1440.8
1092970 1441.1
1092980 1441.6
1092990 1441.6
1093000 1442.0
1093010 1442.4
1093020 1442.4
1093030 1443.0
1093040 1444.9
1093050 1444.9
1093060 1446.5
1093070 1446.6
1093080 1446.6
1093090 1447.3
1093100 1448.6
1093110 1448.6
1093120 1451.1
1093130 1456.5
1093140 1464.3
1093150 1464.3
1093160 1469.4
1093170 1473.8
1093180 1469.1
1093190 1473.9
1093200 1481.2
1093210 1481.2
1093220 1483.6
1093230 1483.9
1093240 1483.9
1093250 1483.9
1093260 1483.7
1093270 1483.7
1093280 1482.6
1093290 1481.2
1093300 1481.2
1093310 1479.9
1093320 1479.6
1093330 1479.6
1093340 1479.8
1093350 1479.8
1093360 1479.8
1093370 1480.7
1093380 1482.0
1093390 1482.0
1093400 1485.1
1093410 1488.8
1093420 1492.2
1093430 1492.2
1093440 1495.3
1093450 1498.5
1093460 1498.5
1093470 1501.7
1093480 1504.6
1093490 1504.6
1093500 1505.4
1093510 1508.4
1093520 1508.4
1093530 1511.1
1093540 1513.1
1093550 1513.1
1093560 1514.9
1093570 1516.4
1093580 1516.4
1093590 1517.4
1093600 1518.1
1093610 1518.1
1093620 1516.5
1093630 1519.3
1093640 1519.3
1093650 1521.0
1093660 1522.4
1093670 1522.4
1093680 1524.7
1093690 1527.4
1093700 1529.7
1093710 1529.7
1093720 1532.3
1093730 1536.1
1093740 1536.1
1093750 1540.7
1093760 1545.6
1093770 1545.6
1093780 1551.1
1093790 1557.1
1093800 1557.1
1093810 1563.4
1093820 1569.8
1093830 1568.0
1093840 1574.3
1093850 1581.1
1093860 1581.1
1093870 1588.2
1093880 1594.8
1093890 1594.8
1093900 1601.2
1093910 1607.2
1093920 1607.2
1093930 1612.4
1093940 1618.8
1093950 1618.8
1093960 1625.4
1093970 1631.5
1093980 1638.6
1093990 1638.6
1094000 1644.3
1094010 1651.8
1094020 1651.8
1094030 1658.1
1094040 1664.5
1094050 1664.5
1094060 1671.9
1094070 1678.2
1094080 1678.2
1094090 1684.6
1094100 1692.8
1094110 1692.8
1094120 1705.9
1094130 1727.2
1094140 1727.2
1094150 1750.5
1094160 1756.1
1094170 1756.1
1094180 1758.6
1094190 1760.6
1094200 1760.6
1094210 1762.1
1094220 1762.8
1094230 1762.8
1094240 1762.7
1094250 1763.0
1094260 1764.4
1094270 1764.4
1094280 1767.2
1094290 1768.7
1094300 1768.7
1094310 1769.2
1094320 1770.5
1094330 1770.5
1094340 1771.6
1094350 1773.3
1094360 1773.3
1094370 1775.7
1094380 1777.8
1094390 1777.8
1094400 1780.5
1094410 1783.3
1094420 1783.3
1094430 1786.4
1094440 1789.5
1094450 1789.5
1094460 1792.5
1094470 1795.4
1094480 1795.3
1094490 1798.1
1094500 1801.3
1094510 1801.3
1094520 1803.8
1094530 1806.0
1094540 1808.6
1094550 1808.6
1094560 1810.7
1094570 1811.8
1094580 1811.8
1094590 1811.7
1094600 1811.6
1094610 1811.6
1094620 1811.9
1094630 1811.0
1094640 1811.0
1094650 1809.1
1094660 1806.2
1094670 1806.2
1094680 1804.6
1094690 1803.9
1094700 1803.9
1094710 1803.9
1094720 1803.9
1094730 1803.9
1094740 1803.3
1094750 1803.6
1094760 1803.6
1094770 1805.2
1094780 1807.4
1094790 1807.4
1094800 1808.5
1094810 1809.0
1094820 1809.8
1094830 1809.8
1094840 1810.2
1094850 1811.1
1094860 1811.1
1094870 1811.6
1094880 1811.6
1094890 1811.6
1094900 1811.4
1094910 1810.8
1094920 1810.8
1094930 1809.0
1094940 1807.8
1094950 1807.8
1094960 1806.7
1094970 1804.9
1094980 1804.9
1094990 1803.0
1095000 1801.2
1095010 1801.2
1095020 1799.6
1095030 1799.7
1095040 1799.7
1095050 1799.1
1095060 1797.4
1095070 1797.4
1095080 1795.0
1095090 1791.9
1095100 1790.7
1095110 1790.7
1095120 1793.9
1095130 1795.8
1095140 1791.5
1095150 1792.4
1095160 1793.1
1095170 1793.1
1095180 1793.7
1095190 1792.8
1095200 1792.8
1095210 1791.5
1095220 1790.7
1095230 1790.7
1095240 1789.9
1095250 1789.5
1095260 1789.5
1095270 1789.4
1095280 1789.1
1095290 1789.1
1095300 1788.6
1095310 1788.5
1095320 1788.5
1095330 1788.6
1095340 1787.9
1095350 1787.9
1095360 1787.1
1095370 1784.8
1095380 1781.9
1095390 1781.9
1095400 1779.9
1095410 1776.8
1095420 1776.8
1095430 1775.0
1095440 1773.7
1095450 1773.7
1095460 1773.9
1095470 1774.2
1095480 1774.2
1095490 1773.7
1095500 1772.1
1095510 1772.1
1095520 1770.5
1095530 1769.0
1095540 1769.0
1095550 1766.0
1095560 1764.9
1095570 1764.9
1095580 1769.2
1095590 1771.5
1095600 1771.5
1095610 1772.2
1095620 1773.2
1095630 1773.2
1095640 1774.3
1095650 1774.6
1095660 1774.2
1095670 1774.2
1095680 1775.4
1095690 1777.4
1095700 1777.4
1095710 1779.7
1095720 1783.9
1095730 1783.9
1095740 1787.1
1095750 1789.2
1095760 1789.2
1095770 1791.2
1095780 1792.7
1095790 1791.0
1095800 1791.6
1095810 1790.7
1095820 1790.7
1095830 1793.0
1095840 1796.1
1095850 1796.1
1095860 1799.7
1095870 1804.1
1095880 1804.1
1095890 1808.8
1095900 1813.8
1095910 1813.8
1095920 1818.3
1095930 1822.4
1095940 1826.0
1095950 1826.0
1095960 1828.5
1095970 1830.1
1095980 1830.1
1095990 1832.1
1096000 1834.2
1096010 1834.2
1096020 1837.9
1096030 1842.0
1096040 1842.0
1096050 1848.2
1096060 1854.6
1096070 1854.6
1096080 1860.8
1096090 1867.1
1096100 1867.1
1096110 1873.6
1096120 1881.3
1096130 1881.3
1096140 1889.1
1096150 1896.5
1096160 1896.5
1096170 1903.7
1096180 1909.7
1096190 1909.7
1096200 1915.2
1096210 1919.8
1096220 1919.8
1096230 1923.1
1096240 1926.1
1096250 1930.1
1096260 1930.1
1096270 1934.6
1096280 1936.3
1096290 1936.3
1096300 1934.6
1096310 1933.2
1096320 1933.2
1096330 1923.9
1096340 1914.0
1096350 1914.0
1096360 1907.9
1096370 1900.8
1096380 1900.8
1096390 1894.4
1096400 1890.2
1096410 1890.2
1096420 1885.1
1096430 1879.8
1096440 1879.8
1096450 1881.5
1096460 1877.4
1096470 1877.4
1096480 1873.8
1096490 1869.2
1096500 1869.2
1096510 1863.9
1096520 1859.9
1096530 1856.7
1096540 1856.7
1096550 1854.1
1096560 1850.8
1096570 1850.8
1096580 1847.7
1096590 1844.5
1096600 1844.5
1096610 1841.8
1096620 1839.3
1096630 1839.3
1096640 1837.5
1096650 1836.1
1096660 1836.1
1096670 1834.3
1096680 1833.2
1096690 1833.2
1096700 1830.4
1096710 1824.8
1096720 1824.8
1096730 1817.4
1096740 1815.8
1096750 1815.8
1096760 1815.9
1096770 1814.2
1096780 1819.9
1096790 1814.6
1096800 1812.4
1096810 1810.5
1096820 1810.5
1096830 1808.4
1096840 1806.7
1096850 1806.7
1096860 1804.0
1096870 1800.5
1096880 1800.5
1096890 1796.5
1096900 1791.7
1096910 1791.7
1096920 1788.4
1096930 1784.8
1096940 1784.8
1096950 1782.2
1096960 1780.3
1096970 1780.3
1096980 1779.1
1096990 1778.7
1097000 1778.7
1097010 1778.3
1097020 1777.3
1097030 1777.3
1097040 1775.0
1097050 1771.7
1097060 1771.7
1097070 1771.1
1097080 1768.8
1097090 1768.2
1097100 1773.3
1097110 1769.7
1097120 1769.1
1097130 1769.1
1097140 1768.5
1097150 1767.5
1097160 1767.5
1097170 1766.2
1097180 1764.4
1097190 1764.4
1097200 1762.4
1097210 1760.4
1097220 1760.4
1097230 1759.4
1097240 1757.6
1097250 1757.6
1097260 1756.1
1097270 1755.4
1097280 1755.4
1097290 1755.5
1097300 1755.3
1097310 1755.3
1097320 1754.5
1097330 1753.1
1097340 1753.1
1097350 1751.2
1097360 1749.1
1097370 1746.7
1097380 1746.7
1097390 1744.2
1097400 1742.2
1097410 1742.2
1097420 1741.1
1097430 1738.6
1097440 1738.6
1097450 1736.2
1097460 1732.8
1097470 1732.8
1097480 1729.0
1097490 1726.5
1097500 1726.5
1097510 1725.7
1097520 1724.9
1097530 1724.9
1097540 1723.1
1097550 1721.0
1097560 1721.0
1097570 1719.5
1097580 1717.4
1097590 1717.4
1097600 1713.1
1097610 1709.8
1097620 1709.8
1097630 1705.0
1097640 1701.5
1097650 1699.7
1097660 1699.7
1097670 1695.9
1097680 1693.0
1097690 1693.0
1097700 1692.1
1097710 1688.8
1097720 1688.8
1097730 1684.2
1097740 1680.3
1097750 1680.3
1097760 1682.7
1097770 1680.3
1097780 1680.3
1097790 1676.8
1097800 1675.3
1097810 1675.3
1097820 1673.9
1097830 1672.2
1097840 1672.2
1097850 1670.3
1097860 1668.5
1097870 1668.5
1097880 1667.7
1097890 1666.2
1097900 1666.2
1097910 1665.0
1097920 1663.5
1097930 1662.6
1097940 1662.6
1097950 1662.2
1097960 1661.3
1097970 1661.3
1097980 1660.0
1097990 1658.4
1098000 1658.4
1098010 1657.1
1098020 1655.8
1098030 1655.8
1098040 1654.1
1098050 1652.2
1098060 1652.2
1098070 1650.2
1098080 1648.1
1098090 1648.5
1098100 1646.2
1098110 1644.1
1098120 1644.1
1098130 1642.3
1098140 1641.1
1098150 1641.1
1098160 1639.3
1098170 1637.4
1098180 1637.4
1098190 1635.9
1098200 1634.0
1098210 1632.4
1098220 1632.4
1098230 1630.9
1098240 1629.0
1098250 1629.0
1098260 1627.6
1098270 1626.2
1098280 1626.2
1098290 1624.6
1098300 1621.8
1098310 1621.8
1098320 1618.6
1098330 1619.1
1098340 1619.1
1098350 1617.4
1098360 1616.9
1098370 1616.9
1098380 1618.2
1098390 1619.2
1098400 1619.2
1098410 1619.1
1098420 1620.4
1098430 1620.4
1098440 1618.0
1098450 1614.4
1098460 1614.4
1098470 1611.6
1098480 1609.2
1098490 1605.6
1098500 1605.6
1098510 1603.2
1098520 1601.2
1098530 1601.2
1098540 1595.8
1098550 1588.7
1098560 1588.7
1098570 1581.0
1098580 1574.5
1098590 1574.5
1098600 1569.3
1098610 1564.4
1098620 1564.4
1098630 1561.8
1098640 1562.1
1098650 1562.1
1098660 1560.3
1098670 1557.6
1098680 1557.6
1098690 1561.4
1098700 1564.6
1098710 1564.6
1098720 1559.6
1098730 1551.2
1098740 1551.2
1098750 1538.4
1098760 1535.2
1098770 1534.2
1098780 1534.2
1098790 1535.3
1098800 1531.0
1098810 1531.0
1098820 1533.2
1098830 1534.9
1098840 1534.9
1098850 1533.3
1098860 1529.6
1098870 1529.6
1098880 1525.2
1098890 1520.3
1098900 1520.3
1098910 1514.0
1098920 1509.1
1098930 1509.1
1098940 1506.0
1098950 1505.1
1098960 1505.1
1098970 1504.6
1098980 1504.0
1098990 1504.0
1099000 1502.7
1099010 1501.3
1099020 1501.3
1099030 1500.4
1099040 1499.9
1099050 1499.6
1099060 1499.6
1099070 1498.9
1099080 1502.4
1099090 1502.4
1099100 1499.7
1099110 1496.8
1099120 1496.8
1099130 1491.9
1099140 1487.5
1099150 1487.5
1099160 1482.4
1099170 1478.0
1099180 1478.0
1099190 1476.0
1099200 1475.3
1099210 1475.3
1099220 1473.8
1099230 1472.0
1099240 1472.0
1099250 1470.4
1099260 1469.2
1099270 1469.2
1099280 1467.5
1099290 1466.0
1099300 1466.0
1099310 1464.2
1099320 1462.7
1099330 1460.2
1099340 1460.2
1099350 1458.9
1099360 1458.2
1099370 1458.2
1099380 1457.4
1099390 1455.7
1099400 1455.7
1099410 1455.3
1099420 1454.2
1099430 1454.2
1099440 1452.1
1099450 1450.7
1099460 1450.7
1099470 1449.6
1099480 1448.6
1099490 1448.6
1099500 1447.0
1099510 1445.7
1099520 1445.7
1099530 1448.1
1099540 1449.6
1099550 1449.6
1099560 1453.6
1099570 1455.7
1099580 1455.7
1099590 1456.5
1099600 1458.3
1099610 1460.3
1099620 1460.3
1099630 1461.7
1099640 1464.5
1099650 1464.5
1099660 1466.6
1099670 1469.1
1099680 1469.1
1099690 1472.3
1099700 1474.8
1099710 1474.8
1099720 1476.5
1099730 1477.8
1099740 1473.9
1099750 1474.0
1099760 1473.6
1099770 1473.6
1099780 1472.7
1099790 1470.8
1099800 1470.8
1099810 1469.6
1099820 1468.6
1099830 1468.6
1099840 1467.0
1099850 1465.5
1099860 1465.5
1099870 1463.8
1099880 1465.3
1099890 1467.3
1099900 1467.3
1099910 1469.9
1099920 1472.6
1099930 1472.6
1099940 1476.2
1099950 1481.2
1099960 1481.2
1099970 1485.5
1099980 1488.7
1099990 1488.7
