1080000 743.9
1080010 743.9
1080020 741.8
1080030 739.8
1080040 739.8
1080050 741.8
1080060 743.5
1080070 743.5
1080080 743.9
1080090 746.5
1080100 747.8
1080110 747.8
1080120 747.1
1080130 746.2
1080140 746.2
1080150 740.5
1080160 731.7
1080170 731.7
1080180 726.4
1080190 722.1
1080200 722.1
1080210 717.3
1080220 707.9
1080230 707.9
1080240 701.2
1080250 707.5
1080260 707.5
1080270 720.0
1080280 727.0
1080290 727.0
1080300 733.5
1080310 739.5
1080320 739.5
1080330 744.4
1080340 747.7
1080350 747.7
1080360 754.1
1080370 760.7
1080380 764.9
1080390 764.9
1080400 769.1
1080410 775.0
1080420 775.0
1080430 777.6
1080440 775.6
1080450 775.6
1080460 772.8
1080470 770.4
1080480 770.4
1080490 767.2
1080500 767.8
1080510 767.8
1080520 767.6
1080530 769.3
1080540 769.3
1080550 777.8
1080560 785.4
1080570 785.4
1080580 792.0
1080590 797.8
1080600 797.8
1080610 800.2
1080620 805.9
1080630 805.9
1080640 800.8
1080650 795.9
1080660 804.8
1080670 804.8
1080680 808.3
1080690 809.4
1080700 809.4
1080710 810.8
1080720 809.0
1080730 809.0
1080740 801.0
1080750 796.5
1080760 796.5
1080770 804.7
1080780 814.6
1080790 814.6
1080800 819.2
1080810 823.5
1080820 823.5
1080830 830.5
1080840 835.8
1080850 835.8
1080860 841.4
1080870 843.8
1080880 843.8
1080890 843.7
1080900 843.6
1080910 843.6
1080920 839.7
1080930 838.8
1080940 841.2
1080950 841.2
1080960 835.0
1080970 830.1
1080980 830.1
1080990 839.1
1081000 841.8
1081010 841.8
1081020 836.4
1081030 828.1
1081040 828.1
1081050 817.9
1081060 815.2
1081070 815.2
1081080 824.0
1081090 836.0
1081100 836.0
1081110 839.8
1081120 839.5
1081130 839.5
1081140 844.4
1081150 846.8
1081160 846.8
1081170 845.3
1081180 841.0
1081190 841.0
1081200 835.3
1081210 830.7
1081220 827.4
1081230 827.4
1081240 828.4
1081250 840.2
1081260 840.2
1081270 844.5
1081280 844.0
1081290 844.0
1081300 844.8
1081310 846.4
1081320 846.4
1081330 846.2
1081340 843.0
1081350 843.0
1081360 836.4
1081370 830.4
1081380 830.4
1081390 823.6
1081400 814.5
1081410 814.5
1081420 809.0
1081430 815.0
1081440 815.0
1081450 816.6
1081460 817.7
1081470 817.7
1081480 821.7
1081490 828.0
1081500 832.0
1081510 832.0
1081520 834.4
1081530 835.8
1081540 835.8
1081550 836.8
1081560 838.1
1081570 845.4
1081580 845.0
1081590 840.0
1081600 840.0
1081610 838.6
1081620 836.0
1081630 836.0
1081640 831.0
1081650 832.3
1081660 832.3
1081670 838.8
1081680 844.9
1081690 844.9
1081700 851.6
1081710 857.9
1081720 857.9
1081730 865.4
1081740 870.8
1081750 870.8
1081760 876.5
1081770 876.1
1081780 876.1
1081790 873.0
1081800 870.5
1081810 869.3
1081820 869.3
1081830 868.7
1081840 868.4
1081850 868.4
1081860 868.8
1081870 867.4
1081880 867.4
1081890 862.5
1081900 855.3
1081910 855.3
1081920 848.7
1081930 841.2
1081940 841.2
1081950 835.3
1081960 840.8
1081970 840.8
1081980 848.5
1081990 854.9
1082000 854.9
1082010 861.7
1082020 867.3
1082030 867.3
1082040 869.7
1082050 872.5
1082060 872.5
1082070 877.2
1082080 882.1
1082090 884.4
1082100 884.4
1082110 889.2
1082120 893.6
1082130 893.6
1082140 896.9
1082150 901.1
1082160 901.1
1082170 905.6
1082180 909.2
1082190 909.2
1082200 917.4
1082210 919.4
1082220 919.4
1082230 918.7
1082240 915.9
1082250 915.9
1082260 911.4
1082270 906.2
1082280 906.2
1082290 901.2
1082300 895.5
1082310 895.5
1082320 891.3
1082330 892.3
1082340 892.3
1082350 893.7
1082360 890.1
1082370 878.7
1082380 878.7
1082390 868.1
1082400 858.0
1082410 858.0
1082420 849.3
1082430 852.9
1082440 852.9
1082450 861.1
1082460 867.7
1082470 867.7
1082480 866.1
1082490 873.1
1082500 873.1
1082510 889.0
1082520 891.8
1082530 891.8
1082540 899.6
1082550 908.1
1082560 908.1
1082570 914.9
1082580 920.3
1082590 920.3
1082600 924.4
1082610 928.0
1082620 928.0
1082630 931.1
1082640 934.6
1082650 938.6
1082660 938.6
1082670 942.7
1082680 946.8
1082690 946.8
1082700 949.7
1082710 952.0
1082720 952.0
1082730 952.8
1082740 952.0
1082750 952.0
1082760 951.7
1082770 951.9
1082780 951.9
1082790 952.1
1082800 952.8
1082810 952.8
1082820 954.0
1082830 954.8
1082840 954.3
1082850 953.3
1082860 954.3
1082870 954.3
1082880 955.7
1082890 956.7
1082900 956.7
1082910 957.9
1082920 961.9
1082930 966.5
1082940 966.5
1082950 968.8
1082960 970.5
1082970 970.5
1082980 972.0
1082990 974.0
1083000 974.0
1083010 975.8
1083020 977.5
1083030 977.5
1083040 979.3
1083050 981.4
1083060 981.4
1083070 983.3
1083080 982.4
1083090 982.4
1083100 978.7
1083110 975.3
1083120 975.3
1083130 972.5
1083140 971.0
1083150 965.1
1083160 965.6
1083170 962.7
1083180 962.7
1083190 958.4
1083200 953.7
1083210 946.5
1083220 946.5
1083230 937.3
1083240 935.3
1083250 935.3
1083260 943.5
1083270 950.4
1083280 950.4
1083290 956.5
1083300 962.6
1083310 962.6
1083320 967.8
1083330 970.6
1083340 970.6
1083350 973.3
1083360 979.8
1083370 979.8
1083380 985.8
1083390 991.1
1083400 991.1
1083410 996.6
1083420 1000.0
1083430 1000.0
1083440 1004.4
1083450 1010.3
1083460 1010.3
1083470 1016.0
1083480 1020.4
1083490 1024.1
1083500 1024.1
1083510 1028.0
1083520 1031.6
1083530 1031.6
1083540 1035.6
1083550 1039.4
1083560 1039.4
1083570 1044.0
1083580 1048.0
1083590 1048.0
1083600 1052.2
1083610 1056.4
1083620 1056.4
1083630 1060.6
1083640 1065.2
1083650 1065.2
1083660 1070.4
1083670 1075.6
1083680 1075.6
1083690 1080.5
1083700 1084.2
1083710 1084.2
1083720 1087.5
1083730 1090.3
1083740 1090.3
1083750 1092.6
1083760 1094.4
1083770 1094.4
1083780 1095.8
1083790 1093.0
1083800 1094.5
1083810 1094.5
1083820 1096.3
1083830 1098.4
1083840 1098.4
1083850 1100.8
1083860 1103.5
1083870 1103.5
1083880 1105.5
1083890 1107.1
1083900 1107.1
1083910 1108.9
1083920 1110.8
1083930 1110.8
1083940 1110.6
1083950 1108.9
1083960 1108.9
1083970 1108.3
1083980 1109.0
1083990 1109.0
1084000 1110.4
1084010 1111.5
1084020 1111.5
1084030 1112.3
1084040 1111.9
1084050 1111.9
1084060 1112.1
1084070 1114.8
1084080 1116.7
1084090 1116.7
1084100 1116.6
1084110 1110.3
1084120 1110.3
1084130 1108.5
1084140 1106.6
1084150 1106.6
1084160 1105.9
1084170 1105.2
1084180 1105.2
1084190 1105.1
1084200 1105.3
1084210 1105.3
1084220 1104.6
1084230 1104.6
1084240 1104.6
1084250 1104.3
1084260 1103.5
1084270 1103.5
1084280 1102.8
1084290 1103.0
1084300 1103.0
1084310 1102.4
1084320 1103.5
1084330 1103.5
1084340 1103.6
1084350 1102.5
1084360 1102.8
1084370 1102.8
1084380 1105.3
1084390 1107.7
1084400 1107.7
1084410 1106.9
1084420 1106.2
1084430 1100.5
1084440 1100.4
1084450 1098.0
1084460 1098.0
1084470 1094.8
1084480 1090.2
1084490 1090.2
1084500 1083.0
1084510 1076.7
1084520 1076.7
1084530 1072.6
1084540 1069.8
1084550 1069.8
1084560 1065.2
1084570 1061.0
1084580 1061.0
1084590 1057.0
1084600 1060.0
1084610 1060.0
1084620 1064.1
1084630 1065.9
1084640 1067.9
1084650 1067.9
1084660 1070.4
1084670 1072.8
1084680 1072.8
1084690 1073.7
1084700 1073.8
1084710 1073.8
1084720 1075.0
1084730 1077.2
1084740 1079.6
1084750 1084.0
1084760 1090.2
1084770 1090.2
1084780 1098.7
1084790 1104.2
1084800 1104.2
1084810 1107.5
1084820 1112.1
1084830 1112.1
1084840 1117.6
1084850 1123.5
1084860 1123.5
1084870 1130.8
1084880 1136.6
1084890 1136.6
1084900 1144.1
1084910 1152.1
1084920 1160.0
1084930 1160.0
1084940 1167.2
1084950 1174.6
1084960 1174.6
1084970 1181.0
1084980 1187.0
1084990 1187.0
1085000 1193.9
1085010 1200.8
1085020 1200.8
1085030 1208.4
1085040 1215.2
1085050 1215.2
1085060 1226.0
1085070 1233.8
1085080 1233.8
1085090 1240.8
1085100 1247.1
1085110 1247.1
1085120 1253.2
1085130 1258.6
1085140 1258.6
1085150 1265.2
1085160 1270.7
1085170 1270.7
1085180 1275.3
1085190 1281.9
1085200 1288.5
1085210 1288.5
1085220 1291.9
1085230 1297.2
1085240 1297.2
1085250 1303.4
1085260 1308.7
1085270 1308.7
1085280 1313.3
1085290 1317.9
1085300 1317.9
1085310 1322.6
1085320 1327.8
1085330 1327.8
1085340 1334.5
1085350 1339.7
1085360 1339.7
1085370 1344.5
1085380 1351.4
1085390 1351.4
1085400 1354.9
1085410 1356.6
1085420 1356.6
1085430 1355.6
1085440 1355.3
1085450 1355.3
1085460 1354.6
1085470 1351.2
1085480 1346.7
1085490 1346.7
1085500 1341.5
1085510 1336.7
1085520 1336.7
1085530 1331.7
1085540 1326.2
1085550 1326.2
1085560 1321.5
1085570 1319.3
1085580 1319.3
1085590 1316.3
1085600 1314.8
1085610 1314.8
1085620 1313.3
1085630 1311.9
1085640 1311.9
1085650 1311.9
1085660 1308.7
1085670 1308.7
1085680 1304.3
1085690 1303.2
1085700 1296.2
1085710 1294.7
1085720 1292.2
1085730 1292.2
1085740 1288.3
1085750 1286.2
1085760 1284.5
1085770 1284.5
1085780 1278.0
1085790 1269.8
1085800 1269.8
1085810 1265.2
1085820 1260.1
1085830 1260.1
1085840 1251.0
1085850 1246.0
1085860 1246.0
1085870 1245.6
1085880 1242.6
1085890 1242.6
1085900 1233.3
1085910 1226.0
1085920 1226.0
1085930 1226.2
1085940 1236.4
1085950 1236.4
1085960 1244.3
1085970 1242.3
1085980 1242.3
1085990 1245.1
1086000 1248.3
1086010 1248.3
1086020 1244.1
1086030 1250.9
1086040 1250.9
1086050 1258.0
1086060 1265.2
1086070 1272.1
1086080 1272.1
1086090 1277.1
1086100 1283.4
1086110 1283.4
1086120 1290.5
1086130 1297.7
1086140 1297.7
1086150 1305.4
1086160 1312.4
1086170 1312.4
1086180 1320.7
1086190 1330.0
1086200 1330.0
1086210 1340.0
1086220 1353.1
1086230 1353.1
1086240 1363.5
1086250 1370.8
1086260 1370.8
1086270 1377.1
1086280 1383.2
1086290 1383.2
1086300 1389.0
1086310 1392.9
1086320 1392.9
1086330 1396.9
1086340 1394.0
1086350 1393.3
1086360 1393.3
1086370 1391.5
1086380 1392.1
1086390 1392.1
1086400 1392.1
1086410 1391.8
1086420 1391.8
1086430 1390.6
1086440 1390.3
1086450 1390.3
1086460 1391.0
1086470 1391.5
1086480 1391.5
1086490 1390.7
1086500 1389.3
1086510 1389.3
1086520 1389.9
1086530 1392.9
1086540 1392.9
1086550 1393.3
1086560 1388.3
1086570 1388.3
1086580 1391.6
1086590 1397.7
1086600 1397.7
1086610 1401.3
1086620 1401.7
1086630 1399.5
1086640 1399.5
1086650 1396.3
1086660 1386.2
1086670 1386.2
1086680 1386.0
1086690 1389.9
1086700 1389.9
1086710 1383.4
1086720 1374.8
1086730 1374.8
1086740 1371.3
1086750 1376.1
1086760 1376.1
1086770 1381.6
1086780 1385.7
1086790 1385.7
1086800 1390.9
1086810 1396.1
1086820 1396.1
1086830 1396.3
1086840 1393.1
1086850 1393.1
1086860 1396.0
1086870 1396.2
1086880 1396.2
1086890 1396.8
1086900 1397.4
1086910 1391.5
1086920 1391.5
1086930 1385.7
1086940 1379.7
1086950 1379.7
1086960 1379.1
1086970 1383.4
1086980 1375.3
1086990 1378.8
1087000 1365.6
1087010 1365.6
1087020 1355.4
1087030 1350.6
1087040 1350.6
1087050 1347.7
1087060 1353.2
1087070 1353.2
1087080 1364.2
1087090 1368.3
1087100 1368.3
1087110 1370.3
1087120 1375.3
1087130 1375.3
1087140 1378.6
1087150 1379.9
1087160 1379.9
1087170 1380.6
1087180 1381.0
1087190 1381.7
1087200 1381.7
1087210 1381.9
1087220 1381.0
1087230 1381.0
1087240 1379.6
1087250 1378.7
1087260 1378.7
1087270 1376.1
1087280 1374.5
1087290 1374.5
1087300 1365.3
1087310 1363.1
1087320 1363.1
1087330 1361.2
1087340 1359.9
1087350 1359.9
1087360 1359.6
1087370 1356.9
1087380 1356.9
1087390 1357.6
1087400 1359.7
1087410 1359.7
1087420 1361.0
1087430 1365.6
1087440 1365.6
1087450 1373.0
1087460 1379.7
1087470 1379.6
1087480 1379.6
1087490 1376.0
1087500 1374.6
1087510 1374.6
1087520 1371.2
1087530 1369.5
1087540 1369.5
1087550 1377.2
1087560 1383.9
1087570 1383.9
1087580 1384.0
1087590 1379.8
1087600 1379.8
1087610 1376.2
1087620 1364.7
1087630 1364.7
1087640 1360.5
1087650 1356.7
1087660 1356.7
1087670 1361.2
1087680 1371.4
1087690 1371.4
1087700 1382.1
1087710 1392.0
1087720 1392.0
1087730 1400.2
1087740 1409.5
1087750 1415.1
1087760 1415.1
1087770 1419.8
1087780 1423.0
1087790 1423.0
1087800 1429.1
1087810 1436.4
1087820 1436.4
1087830 1444.0
1087840 1450.8
1087850 1450.8
1087860 1458.5
1087870 1485.3
1087880 1485.3
1087890 1499.6
1087900 1508.4
1087910 1508.4
1087920 1529.0
1087930 1538.7
1087940 1529.9
1087950 1537.0
1087960 1544.4
1087970 1544.4
1087980 1550.0
1087990 1557.9
1088000 1557.9
1088010 1566.4
1088020 1576.0
1088030 1576.0
1088040 1592.5
1088050 1633.8
1088060 1650.5
1088070 1650.5
1088080 1658.2
1088090 1663.5
1088100 1663.5
1088110 1668.9
1088120 1676.5
1088130 1676.5
1088140 1686.3
1088150 1697.6
1088160 1697.6
1088170 1704.9
1088180 1711.5
1088190 1711.5
1088200 1720.6
1088210 1730.5
1088220 1730.5
1088230 1738.9
1088240 1747.3
1088250 1747.3
1088260 1754.0
1088270 1758.5
1088280 1758.5
1088290 1766.8
1088300 1776.1
1088310 1776.1
1088320 1787.3
1088330 1802.0
1088340 1813.8
1088350 1813.8
1088360 1823.3
1088370 1829.9
1088380 1829.9
1088390 1834.8
1088400 1840.6
1088410 1840.6
1088420 1846.5
1088430 1851.8
1088440 1851.8
1088450 1857.1
1088460 1862.2
1088470 1862.2
1088480 1865.3
1088490 1865.3
1088500 1865.3
1088510 1866.5
1088520 1871.4
1088530 1871.4
1088540 1878.2
1088550 1885.0
1088560 1885.0
1088570 1892.3
1088580 1901.4
1088590 1896.6
1088600 1902.5
1088610 1907.2
1088620 1909.6
1088630 1909.6
1088640 1911.1
1088650 1913.2
1088660 1913.2
1088670 1916.2
1088680 1918.0
1088690 1918.0
1088700 1917.9
1088710 1916.3
1088720 1916.3
1088730 1919.4
1088740 1924.0
1088750 1924.0
1088760 1926.7
1088770 1927.7
1088780 1927.7
1088790 1928.1
1088800 1927.2
1088810 1927.2
1088820 1928.3
1088830 1931.7
1088840 1931.7
1088850 1933.8
1088860 1935.0
1088870 1935.0
1088880 1935.7
1088890 1935.6
1088900 1935.5
1088910 1928.1
1088920 1929.6
1088930 1931.2
1088940 1931.2
1088950 1932.9
1088960 1935.4
1088970 1935.4
1088980 1936.9
1088990 1937.9
1089000 1937.9
1089010 1938.3
1089020 1938.5
1089030 1938.5
1089040 1938.4
1089050 1937.8
1089060 1937.8
1089070 1937.5
1089080 1937.5
1089090 1937.5
1089100 1937.7
1089110 1936.7
1089120 1936.7
1089130 1934.6
1089140 1931.1
1089150 1931.1
1089160 1927.7
1089170 1923.3
1089180 1919.4
1089190 1919.4
1089200 1914.9
1089210 1911.6
1089220 1911.6
1089230 1906.2
1089240 1898.6
1089250 1898.6
1089260 1890.5
1089270 1889.3
1089280 1889.3
1089290 1886.7
1089300 1885.0
1089310 1885.0
1089320 1883.1
1089330 1880.2
1089340 1880.2
1089350 1879.1
1089360 1877.7
1089370 1877.7
1089380 1875.5
1089390 1874.5
1089400 1874.5
1089410 1873.1
1089420 1871.9
1089430 1871.9
1089440 1870.5
1089450 1868.5
1089460 1867.3
1089470 1867.3
1089480 1868.2
1089490 1868.6
1089500 1868.6
1089510 1868.7
1089520 1869.2
1089530 1869.2
1089540 1867.1
1089550 1859.4
1089560 1859.4
1089570 1855.0
1089580 1849.4
1089590 1849.4
1089600 1842.7
1089610 1837.7
1089620 1837.7
1089630 1831.4
1089640 1826.2
1089650 1826.2
1089660 1820.1
1089670 1814.3
1089680 1814.3
1089690 1809.2
1089700 1802.7
1089710 1802.7
1089720 1796.1
1089730 1789.9
1089740 1783.3
1089750 1783.3
1089760 1777.0
1089770 1771.4
1089780 1771.4
1089790 1762.9
1089800 1759.1
1089810 1759.1
1089820 1758.5
1089830 1756.1
1089840 1756.1
1089850 1751.3
1089860 1745.4
1089870 1745.4
1089880 1737.4
1089890 1732.3
1089900 1732.3
1089910 1727.8
1089920 1725.4
1089930 1725.4
1089940 1722.3
1089950 1720.2
1089960 1720.2
1089970 1715.9
1089980 1710.9
1089990 1710.9
1090000 1708.5
1090010 1706.9
1090020 1704.3
1090030 1704.3
1090040 1700.4
1090050 1697.2
1090060 1697.2
1090070 1696.4
1090080 1696.8
1090090 1696.8
1090100 1695.6
1090110 1693.2
1090120 1693.2
1090130 1689.5
1090140 1688.9
1090150 1688.9
1090160 1688.1
1090170 1686.0
1090180 1686.0
1090190 1683.6
1090200 1676.5
1090210 1676.5
1090220 1675.1
1090230 1675.2
1090240 1675.2
1090250 1674.6
1090260 1674.6
1090270 1674.6
1090280 1674.9
1090290 1675.1
1090300 1675.1
1090310 1675.5
1090320 1675.8
1090330 1676.0
1090340 1676.0
1090350 1676.6
1090360 1676.4
1090370 1676.4
1090380 1675.2
1090390 1675.2
1090400 1675.2
1090410 1676.8
1090420 1679.6
1090430 1679.6
1090440 1679.5
1090450 1675.4
1090460 1675.4
1090470 1674.7
1090480 1674.7
1090490 1674.7
1090500 1672.5
1090510 1670.8
1090520 1666.3
1090530 1666.6
1090540 1664.2
1090550 1664.2
1090560 1662.3
1090570 1662.5
1090580 1662.5
1090590 1663.5
1090600 1664.9
1090610 1663.3
1090620 1663.3
1090630 1666.9
1090640 1668.2
1090650 1668.2
1090660 1667.8
1090670 1669.1
1090680 1669.1
1090690 1670.1
1090700 1673.0
1090710 1673.0
1090720 1672.5
1090730 1671.5
1090740 1671.5
1090750 1670.6
1090760 1668.4
1090770 1668.4
1090780 1668.9
1090790 1669.2
1090800 1669.2
1090810 1670.7
1090820 1671.1
1090830 1671.1
1090840 1669.6
1090850 1663.9
1090860 1663.9
1090870 1664.1
1090880 1662.5
1090890 1661.7
1090900 1661.7
1090910 1658.5
1090920 1656.6
1090930 1656.6
1090940 1655.8
1090950 1654.9
1090960 1654.9
1090970 1657.7
1090980 1659.1
1090990 1659.1
1091000 1658.3
1091010 1652.9
1091020 1652.9
1091030 1645.5
1091040 1638.7
1091050 1638.7
1091060 1631.8
1091070 1630.5
1091080 1630.5
1091090 1629.3
1091100 1626.5
1091110 1626.5
1091120 1622.8
1091130 1619.1
1091140 1619.1
1091150 1617.1
1091160 1613.4
1091170 1605.6
1091180 1605.6
1091190 1603.2
1091200 1600.3
1091210 1600.3
1091220 1598.2
1091230 1594.8
1091240 1594.8
1091250 1590.5
1091260 1585.9
1091270 1585.9
1091280 1582.8
1091290 1579.4
1091300 1579.4
1091310 1575.6
1091320 1572.9
1091330 1572.9
1091340 1570.4
1091350 1567.6
1091360 1567.6
1091370 1565.3
1091380 1562.8
1091390 1562.8
1091400 1560.2
1091410 1557.1
1091420 1557.1
1091430 1554.3
1091440 1550.6
1091450 1546.7
1091460 1546.7
1091470 1545.7
1091480 1544.6
1091490 1539.1
1091500 1537.5
1091510 1535.5
1091520 1535.5
1091530 1531.7
1091540 1526.5
1091550 1526.5
1091560 1519.5
1091570 1511.6
1091580 1511.6
1091590 1505.2
1091600 1499.3
1091610 1499.3
1091620 1496.2
1091630 1495.4
1091640 1495.4
1091650 1491.7
1091660 1486.1
1091670 1486.1
1091680 1480.5
1091690 1475.2
1091700 1475.2
1091710 1472.2
1091720 1471.4
1091730 1470.1
1091740 1470.1
1091750 1468.1
1091760 1465.5
1091770 1465.5
1091780 1461.7
1091790 1457.7
1091800 1457.7
1091810 1455.2
1091820 1449.9
1091830 1449.9
1091840 1450.1
1091850 1450.4
1091860 1450.4
1091870 1450.8
1091880 1451.5
1091890 1451.5
1091900 1452.8
1091910 1453.9
1091920 1453.9
1091930 1455.0
1091940 1455.1
1091950 1455.1
1091960 1454.4
1091970 1453.6
1091980 1453.6
1091990 1451.2
1092000 1447.7
1092010 1442.5
1092020 1442.5
1092030 1434.4
1092040 1419.2
1092050 1419.2
1092060 1403.6
1092070 1393.2
1092080 1393.2
1092090 1378.5
1092100 1357.8
1092110 1357.8
1092120 1336.4
1092130 1313.5
1092140 1325.0
1092150 1302.4
1092160 1286.1
1092170 1286.1
1092180 1278.9
1092190 1273.3
1092200 1273.3
1092210 1265.8
1092220 1259.2
1092230 1259.2
1092240 1252.4
1092250 1244.8
1092260 1244.8
1092270 1237.6
1092280 1230.6
1092290 1224.6
1092300 1224.6
1092310 1217.8
1092320 1211.9
1092330 1211.9
1092340 1206.1
1092350 1200.2
1092360 1200.2
1092370 1194.7
1092380 1189.6
1092390 1189.6
1092400 1184.9
1092410 1181.0
1092420 1181.0
1092430 1177.6
1092440 1173.9
1092450 1173.9
1092460 1169.9
1092470 1175.1
1092480 1175.1
1092490 1172.5
1092500 1169.6
1092510 1169.6
1092520 1165.6
1092530 1162.3
1092540 1162.3
1092550 1159.9
1092560 1156.2
1092570 1156.2
1092580 1152.5
1092590 1150.2
1092600 1147.1
1092610 1147.1
1092620 1143.0
1092630 1139.7
1092640 1139.7
1092650 1137.2
1092660 1134.9
1092670 1134.9
1092680 1132.2
1092690 1130.0
1092700 1130.0
1092710 1125.3
1092720 1119.1
1092730 1119.1
1092740 1114.5
1092750 1111.5
1092760 1111.5
1092770 1111.3
1092780 1111.0
1092790 1112.5
1092800 1112.8
1092810 1115.1
1092820 1115.1
1092830 1116.0
1092840 1114.4
1092850 1114.4
1092860 1115.1
1092870 1122.5
1092880 1131.9
1092890 1131.9
1092900 1141.5
1092910 1150.6
1092920 1150.6
1092930 1171.4
1092940 1209.1
1092950 1209.1
1092960 1221.5
1092970 1230.3
1092980 1230.3
1092990 1242.3
1093000 1255.0
1093010 1255.0
1093020 1265.9
1093030 1272.6
1093040 1272.6
1093050 1277.3
1093060 1282.5
1093070 1282.5
1093080 1289.4
1093090 1296.7
1093100 1296.7
1093110 1302.6
1093120 1307.5
1093130 1307.5
1093140 1319.3
1093150 1330.1
1093160 1338.6
1093170 1338.6
1093180 1350.6
1093190 1360.4
1093200 1360.4
1093210 1370.3
1093220 1378.5
1093230 1378.5
1093240 1384.8
1093250 1393.4
1093260 1393.4
1093270 1400.2
1093280 1407.6
1093290 1407.6
1093300 1417.0
1093310 1425.4
1093320 1425.4
1093330 1432.0
1093340 1437.2
1093350 1437.2
1093360 1442.7
1093370 1448.5
1093380 1448.5
1093390 1454.1
1093400 1464.6
1093410 1464.6
1093420 1475.1
1093430 1487.7
1093440 1496.5
1093450 1496.5
1093460 1509.4
1093470 1522.6
1093480 1522.6
1093490 1530.3
1093500 1535.7
1093510 1535.7
1093520 1543.8
1093530 1552.3
1093540 1552.3
1093550 1564.1
1093560 1576.7
1093570 1576.7
1093580 1586.0
1093590 1595.0
1093600 1595.0
1093610 1604.2
1093620 1614.1
1093630 1614.1
1093640 1625.8
1093650 1635.8
1093660 1635.8
1093670 1643.0
1093680 1650.1
1093690 1650.1
1093700 1658.5
1093710 1666.9
1093720 1679.4
1093730 1679.4
1093740 1695.2
1093750 1712.7
1093760 1712.7
1093770 1741.2
1093780 1749.1
1093790 1749.1
1093800 1756.2
1093810 1764.1
1093820 1764.1
1093830 1771.9
1093840 1777.4
1093850 1777.4
1093860 1780.9
1093870 1786.0
1093880 1786.0
1093890 1790.9
1093900 1798.3
1093910 1798.3
1093920 1804.0
1093930 1807.9
1093940 1807.9
1093950 1810.7
1093960 1814.2
1093970 1814.2
1093980 1817.4
1093990 1820.5
1094000 1823.4
1094010 1823.4
1094020 1826.0
1094030 1828.6
1094040 1828.6
1094050 1831.3
1094060 1834.1
1094070 1834.1
1094080 1836.6
1094090 1840.2
1094100 1840.2
1094110 1843.7
1094120 1847.7
1094130 1847.7
1094140 1852.1
1094150 1856.2
1094160 1856.2
1094170 1860.8
1094180 1865.1
1094190 1865.1
1094200 1869.4
1094210 1873.4
1094220 1873.4
1094230 1877.2
1094240 1880.9
1094250 1880.9
1094260 1883.3
1094270 1884.5
1094280 1885.9
1094290 1885.9
1094300 1888.3
1094310 1892.1
1094320 1892.1
1094330 1896.5
1094340 1901.4
1094350 1901.4
1094360 1906.4
1094370 1910.6
1094380 1910.6
1094390 1914.3
1094400 1918.4
1094410 1918.4
1094420 1927.5
1094430 1930.4
1094440 1930.4
1094450 1934.1
1094460 1938.2
1094470 1938.2
1094480 1942.5
1094490 1947.2
1094500 1947.2
1094510 1953.3
1094520 1959.3
1094530 1959.3
1094540 1964.3
1094550 1969.2
1094560 1974.8
1094570 1974.8
1094580 1979.8
1094590 1984.9
1094600 1984.9
1094610 1989.8
1094620 1995.0
1094630 1995.0
1094640 2000.6
1094650 2006.1
1094660 2006.1
1094670 2011.4
1094680 2017.0
1094690 2017.0
1094700 2022.2
1094710 2027.9
1094720 2027.9
1094730 2033.3
1094740 2039.1
1094750 2042.3
1094760 2048.9
1094770 2055.3
1094780 2055.3
1094790 2058.6
1094800 2058.9
1094810 2058.9
1094820 2057.2
1094830 2053.8
1094840 2053.8
1094850 2049.5
1094860 2045.2
1094870 2040.6
1094880 2040.6
1094890 2035.9
1094900 2032.2
1094910 2032.2
1094920 2029.5
1094930 2027.7
1094940 2027.7
1094950 2027.0
1094960 2027.4
1094970 2027.4
1094980 2028.2
1094990 2028.4
1095000 2028.4
1095010 2028.7
1095020 2029.1
1095030 2029.1
1095040 2029.4
1095050 2031.5
1095060 2031.5
1095070 2033.6
1095080 2027.0
1095090 2027.0
1095100 2027.6
1095110 2028.3
1095120 2028.3
1095130 2028.8
1095140 2028.6
1095150 2027.4
1095160 2027.4
1095170 2026.8
1095180 2026.6
1095190 2026.6
1095200 2026.7
1095210 2027.1
1095220 2027.1
1095230 2025.7
1095240 2017.1
1095250 2017.1
1095260 2007.0
1095270 2013.0
1095280 2013.0
1095290 2018.8
1095300 2020.3
1095310 2020.3
1095320 2018.5
1095330 2006.3
1095340 2006.3
1095350 1979.8
1095360 1944.6
1095370 1944.6
1095380 1919.9
1095390 1913.7
1095400 1944.5
1095410 1928.7
1095420 1919.5
1095430 1916.8
1095440 1916.8
1095450 1919.7
1095460 1925.0
1095470 1925.0
1095480 1931.9
1095490 1935.4
1095500 1935.4
1095510 1933.0
1095520 1926.0
1095530 1926.0
1095540 1921.3
1095550 1907.4
1095560 1907.4
1095570 1893.5
1095580 1891.6
1095590 1891.6
1095600 1894.6
1095610 1890.9
1095620 1890.9
1095630 1891.4
1095640 1890.8
1095650 1890.8
1095660 1889.4
1095670 1891.7
1095680 1891.7
1095690 1892.1
1095700 1893.8
1095710 1898.4
1095720 1898.4
1095730 1919.4
1095740 1918.3
1095750 1918.3
1095760 1923.3
1095770 1928.5
1095780 1928.5
1095790 1929.9
1095800 1931.2
1095810 1931.2
1095820 1933.5
1095830 1932.8
1095840 1932.8
1095850 1932.6
1095860 1932.0
1095870 1932.0
1095880 1934.7
1095890 1937.1
1095900 1937.1
1095910 1941.5
1095920 1947.5
1095930 1947.5
1095940 1952.3
1095950 1952.6
1095960 1952.6
1095970 1950.1
1095980 1948.7
1095990 1948.3
1096000 1948.3
1096010 1947.6
1096020 1947.4
1096030 1947.4
1096040 1946.9
1096050 1945.2
1096060 1947.1
1096070 1945.2
1096080 1943.4
1096090 1943.4
1096100 1942.8
1096110 1942.2
1096120 1942.2
1096130 1942.6
1096140 1942.4
1096150 1942.4
1096160 1942.2
1096170 1941.9
1096180 1941.9
1096190 1941.3
1096200 1940.9
1096210 1940.9
1096220 1942.0
1096230 1942.9
1096240 1942.9
1096250 1943.1
1096260 1945.1
1096270 1946.6
1096280 1946.6
1096290 1945.8
1096300 1943.5
1096310 1943.5
1096320 1943.1
1096330 1946.3
1096340 1946.3
1096350 1951.3
1096360 1961.2
1096370 1961.2
1096380 1990.7
1096390 2000.1
1096400 2000.1
1096410 1997.5
1096420 1996.4
1096430 1996.4
1096440 1996.0
1096450 1996.2
1096460 1996.2
1096470 1996.4
1096480 1994.6
1096490 1994.6
1096500 1991.7
1096510 1991.2
1096520 1991.2
1096530 1990.0
1096540 1989.2
1096550 1987.6
1096560 1987.6
1096570 1986.3
1096580 1984.7
1096590 1984.7
1096600 1982.9
1096610 1980.2
1096620 1980.2
1096630 1977.7
1096640 1976.0
1096650 1976.0
1096660 1973.7
1096670 1971.7
1096680 1971.7
1096690 1968.8
1096700 1965.9
1096710 1963.6
1096720 1961.9
1096730 1963.5
1096740 1963.5
1096750 1962.9
1096760 1962.2
1096770 1962.2
1096780 1960.9
1096790 1957.9
1096800 1957.9
1096810 1956.7
1096820 1956.3
1096830 1956.8
1096840 1956.8
1096850 1957.8
1096860 1957.0
1096870 1957.0
1096880 1956.4
1096890 1955.1
1096900 1955.1
1096910 1954.4
1096920 1953.5
1096930 1953.5
1096940 1952.5
1096950 1952.8
1096960 1952.8
1096970 1955.2
1096980 1957.0
1096990 1957.0
1097000 1956.8
1097010 1955.9
1097020 1955.9
1097030 1956.1
1097040 1951.7
1097050 1951.7
1097060 1952.8
1097070 1953.6
1097080 1953.6
1097090 1953.8
1097100 1953.5
1097110 1953.5
1097120 1953.8
1097130 1955.0
1097140 1955.8
1097150 1955.8
1097160 1957.1
1097170 1958.2
1097180 1958.2
1097190 1958.1
1097200 1957.8
1097210 1957.8
1097220 1957.1
1097230 1957.8
1097240 1957.8
1097250 1958.7
1097260 1959.0
1097270 1959.0
1097280 1958.8
1097290 1958.8
1097300 1958.8
1097310 1959.1
1097320 1960.2
1097330 1960.2
1097340 1960.9
1097350 1961.0
1097360 1961.0
1097370 1957.8
1097380 1957.9
1097390 1957.9
1097400 1958.0
1097410 1957.5
1097420 1956.8
1097430 1956.8
1097440 1956.5
1097450 1955.8
1097460 1955.8
1097470 1955.4
1097480 1954.7
1097490 1954.7
1097500 1953.4
1097510 1952.5
1097520 1952.5
1097530 1951.2
1097540 1949.9
1097550 1949.9
1097560 1949.4
1097570 1948.0
1097580 1948.0
1097590 1947.0
1097600 1946.5
1097610 1946.5
1097620 1945.5
1097630 1943.6
1097640 1943.6
1097650 1941.7
1097660 1937.5
1097670 1937.5
1097680 1934.9
1097690 1932.9
1097700 1931.1
1097710 1931.1
1097720 1929.9
1097730 1928.6
1097740 1928.6
1097750 1927.5
1097760 1925.6
1097770 1925.6
1097780 1925.5
1097790 1924.8
1097800 1924.8
1097810 1923.4
1097820 1922.5
1097830 1922.5
1097840 1920.2
1097850 1917.9
1097860 1917.9
1097870 1915.8
1097880 1914.4
1097890 1914.4
1097900 1913.3
1097910 1911.9
1097920 1911.9
1097930 1910.6
1097940 1909.9
1097950 1909.9
1097960 1909.3
1097970 1907.8
1097980 1906.0
1097990 1906.0
1098000 1904.5
1098010 1902.8
1098020 1902.8
1098030 1899.4
1098040 1897.4
1098050 1897.4
1098060 1895.2
1098070 1893.5
1098080 1893.5
1098090 1891.4
1098100 1889.4
1098110 1889.4
1098120 1889.0
1098130 1889.5
1098140 1889.5
1098150 1889.8
1098160 1890.0
1098170 1890.0
1098180 1890.3
1098190 1890.4
1098200 1890.4
1098210 1890.4
1098220 1890.0
1098230 1890.0
1098240 1889.0
1098250 1888.0
1098260 1887.6
1098270 1887.6
1098280 1887.4
1098290 1887.5
1098300 1887.5
1098310 1887.6
1098320 1887.0
1098330 1887.0
1098340 1886.2
1098350 1886.5
1098360 1882.4
1098370 1881.8
1098380 1881.4
1098390 1881.4
1098400 1881.0
1098410 1880.8
1098420 1880.8
1098430 1881.0
1098440 1880.3
1098450 1880.3
1098460 1880.0
1098470 1880.2
1098480 1880.2
1098490 1879.5
1098500 1878.0
1098510 1878.0
1098520 1876.9
1098530 1876.4
1098540 1875.5
1098550 1875.5
1098560 1873.7
1098570 1871.7
1098580 1871.7
1098590 1869.8
1098600 1863.8
1098610 1863.8
1098620 1854.1
1098630 1831.4
1098640 1831.4
1098650 1819.1
1098660 1822.7
1098670 1822.7
1098680 1821.7
1098690 1801.2
1098700 1801.2
1098710 1798.2
1098720 1792.6
1098730 1792.6
1098740 1779.0
1098750 1771.6
1098760 1771.6
1098770 1766.6
1098780 1759.6
1098790 1759.6
1098800 1752.1
1098810 1744.5
1098820 1737.4
1098830 1737.4
1098840 1734.2
1098850 1731.0
1098860 1731.0
1098870 1726.9
1098880 1725.0
1098890 1725.0
1098900 1724.8
1098910 1722.8
1098920 1722.8
1098930 1718.5
1098940 1715.5
1098950 1715.5
1098960 1712.5
1098970 1707.8
1098980 1707.8
1098990 1703.0
1099000 1700.5
1099010 1700.5
1099020 1694.2
1099030 1691.8
1099040 1691.8
1099050 1688.6
1099060 1685.1
1099070 1685.1
1099080 1681.5
1099090 1678.3
1099100 1674.8
1099110 1674.8
1099120 1671.7
1099130 1669.8
1099140 1669.8
1099150 1668.8
1099160 1667.4
1099170 1667.4
1099180 1666.2
1099190 1664.8
1099200 1664.8
1099210 1662.4
1099220 1660.7
1099230 1660.7
1099240 1658.5
1099250 1657.0
1099260 1657.0
1099270 1657.2
1099280 1660.2
1099290 1660.2
1099300 1661.5
1099310 1666.0
1099320 1666.0
1099330 1669.6
1099340 1672.9
1099350 1676.3
1099360 1684.4
1099370 1689.2
1099380 1698.2
1099390 1698.2
1099400 1702.7
1099410 1703.5
1099420 1703.5
1099430 1705.1
1099440 1707.6
1099450 1707.6
1099460 1710.8
1099470 1714.0
1099480 1714.0
1099490 1718.0
1099500 1723.0
1099510 1723.0
1099520 1729.5
1099530 1735.5
1099540 1735.5
1099550 1739.3
1099560 1741.2
1099570 1741.2
1099580 1742.7
1099590 1744.6
1099600 1744.6
1099610 1745.0
1099620 1744.5
1099630 1744.5
1099640 1743.2
1099650 1741.5
1099660 1741.9
1099670 1741.9
1099680 1742.7
1099690 1745.8
1099700 1745.8
1099710 1748.4
1099720 1751.3
1099730 1751.3
1099740 1753.9
1099750 1755.7
1099760 1755.7
1099770 1757.4
1099780 1758.8
1099790 1758.8
1099800 1759.8
1099810 1760.6
1099820 1760.6
1099830 1761.6
1099840 1763.6
1099850 1763.6
1099860 1765.6
1099870 1767.6
1099880 1767.6
1099890 1769.8
1099900 1772.9
1099910 1772.9
1099920 1775.3
1099930 1776.0
1099940 1776.0
1099950 1778.1
1099960 1782.2
1099970 1786.7
1099980 1786.7
1099990 1790.8
