1080000 1063.1
1080010 1069.5
1080020 1069.5
1080030 1076.8
1080040 1085.6
1080050 1085.6
1080060 1098.0
1080070 1116.5
1080080 1116.5
1080090 1126.9
1080100 1134.4
1080110 1134.4
1080120 1141.8
1080130 1149.2
1080140 1149.2
1080150 1156.5
1080160 1164.2
1080170 1164.2
1080180 1172.5
1080190 1180.4
1080200 1180.4
1080210 1188.5
1080220 1199.0
1080230 1199.0
1080240 1208.9
1080250 1211.9
1080260 1211.9
1080270 1212.8
1080280 1213.1
1080290 1213.1
1080300 1213.1
1080310 1213.1
1080320 1212.8
1080330 1212.8
1080340 1212.1
1080350 1211.3
1080360 1211.3
1080370 1210.4
1080380 1208.6
1080390 1208.6
1080400 1205.4
1080410 1202.2
1080420 1202.2
1080430 1199.4
1080440 1197.0
1080450 1197.0
1080460 1194.8
1080470 1193.1
1080480 1193.1
1080490 1194.2
1080500 1203.7
1080510 1203.7
1080520 1209.9
1080530 1212.4
1080540 1214.4
1080550 1218.2
1080560 1220.9
1080570 1218.2
1080580 1218.2
1080590 1218.2
1080600 1219.5
1080610 1219.5
1080620 1223.2
1080630 1229.0
1080640 1229.0
1080650 1232.5
1080660 1231.8
1080670 1231.8
1080680 1232.5
1080690 1235.1
1080700 1235.1
1080710 1237.6
1080720 1240.6
1080730 1240.6
1080740 1244.2
1080750 1247.0
1080760 1247.0
1080770 1250.3
1080780 1253.8
1080790 1253.8
1080800 1256.4
1080810 1260.4
1080820 1260.4
1080830 1264.5
1080840 1268.3
1080850 1274.6
1080860 1274.6
1080870 1276.6
1080880 1277.9
1080890 1277.9
1080900 1281.6
1080910 1287.8
1080920 1287.8
1080930 1294.6
1080940 1303.5
1080950 1303.5
1080960 1321.0
1080970 1329.8
1080980 1329.8
1080990 1336.4
1081000 1343.1
1081010 1343.1
1081020 1349.7
1081030 1355.7
1081040 1355.7
1081050 1361.1
1081060 1366.8
1081070 1366.8
1081080 1372.5
1081090 1377.5
1081100 1377.5
1081110 1383.3
1081120 1388.6
1081130 1388.6
1081140 1392.9
1081150 1397.3
1081160 1401.6
1081170 1405.9
1081180 1411.0
1081190 1416.5
1081200 1416.5
1081210 1420.7
1081220 1424.6
1081230 1424.6
1081240 1428.7
1081250 1433.4
1081260 1433.4
1081270 1438.2
1081280 1443.0
1081290 1443.0
1081300 1447.2
1081310 1451.2
1081320 1451.2
1081330 1455.5
1081340 1459.5
1081350 1459.5
1081360 1463.5
1081370 1467.1
1081380 1467.1
1081390 1470.1
1081400 1472.4
1081410 1472.4
1081420 1473.5
1081430 1474.2
1081440 1475.0
1081450 1475.0
1081460 1476.4
1081470 1478.7
1081480 1478.7
1081490 1476.8
1081500 1477.8
1081510 1477.8
1081520 1480.4
1081530 1484.1
1081540 1484.1
1081550 1487.1
1081560 1488.9
1081570 1488.9
1081580 1488.6
1081590 1487.9
1081600 1487.9
1081610 1486.9
1081620 1486.5
1081630 1486.5
1081640 1485.8
1081650 1485.2
1081660 1485.2
1081670 1484.4
1081680 1483.9
1081690 1483.9
1081700 1483.3
1081710 1482.6
1081720 1482.1
1081730 1482.1
1081740 1482.6
1081750 1483.7
1081760 1483.7
1081770 1484.5
1081780 1484.8
1081790 1484.8
1081800 1477.9
1081810 1476.4
1081820 1476.4
1081830 1474.3
1081840 1472.7
1081850 1472.7
1081860 1472.8
1081870 1472.9
1081880 1472.9
1081890 1472.1
1081900 1471.2
1081910 1471.2
1081920 1470.3
1081930 1470.1
1081940 1470.1
1081950 1470.4
1081960 1469.4
1081970 1469.4
1081980 1468.9
1081990 1467.4
1082000 1467.4
1082010 1467.8
1082020 1469.8
1082030 1470.2
1082040 1470.2
1082050 1469.3
1082060 1468.8
1082070 1468.8
1082080 1466.9
1082090 1465.5
1082100 1465.5
1082110 1463.5
1082120 1454.5
1082130 1454.5
1082140 1450.1
1082150 1446.9
1082160 1446.9
1082170 1443.9
1082180 1440.9
1082190 1440.9
1082200 1438.4
1082210 1435.4
1082220 1435.4
1082230 1433.2
1082240 1430.0
1082250 1430.0
1082260 1426.6
1082270 1422.9
1082280 1422.9
1082290 1419.1
1082300 1415.0
1082310 1411.1
1082320 1411.1
1082330 1406.1
1082340 1399.5
1082350 1399.5
1082360 1395.7
1082370 1393.8
1082380 1393.8
1082390 1390.4
1082400 1387.2
1082410 1387.2
1082420 1385.5
1082430 1382.9
1082440 1379.2
1082450 1377.5
1082460 1376.4
1082470 1376.4
1082480 1375.1
1082490 1373.3
1082500 1373.3
1082510 1371.9
1082520 1369.8
1082530 1369.8
1082540 1367.1
1082550 1363.6
1082560 1363.6
1082570 1359.6
1082580 1356.6
1082590 1356.1
1082600 1356.1
1082610 1356.5
1082620 1359.0
1082630 1359.0
1082640 1360.8
1082650 1361.3
1082660 1361.3
1082670 1361.6
1082680 1362.5
1082690 1362.5
1082700 1363.5
1082710 1363.5
1082720 1363.5
1082730 1361.1
1082740 1361.0
1082750 1355.1
1082760 1355.9
1082770 1352.8
1082780 1352.8
1082790 1348.5
1082800 1344.5
1082810 1344.5
1082820 1340.2
1082830 1335.0
1082840 1335.0
1082850 1329.3
1082860 1323.4
1082870 1323.4
1082880 1317.2
1082890 1311.6
1082900 1309.5
1082910 1309.5
1082920 1308.9
1082930 1308.3
1082940 1308.3
1082950 1306.8
1082960 1305.3
1082970 1305.3
1082980 1302.9
1082990 1296.4
1083000 1296.4
1083010 1290.4
1083020 1285.0
1083030 1285.0
1083040 1277.5
1083050 1269.9
1083060 1269.9
1083070 1260.2
1083080 1252.0
1083090 1252.0
1083100 1247.6
1083110 1239.2
1083120 1239.2
1083130 1236.7
1083140 1246.0
1083150 1246.0
1083160 1253.2
1083170 1257.1
1083180 1260.7
1083190 1260.7
1083200 1263.5
1083210 1265.5
1083220 1265.5
1083230 1269.0
1083240 1270.9
1083250 1270.9
1083260 1269.5
1083270 1275.3
1083280 1275.3
1083290 1282.5
1083300 1284.5
1083310 1284.5
1083320 1289.7
1083330 1294.3
1083340 1294.3
1083350 1296.3
1083360 1296.2
1083370 1296.2
1083380 1297.0
1083390 1294.1
1083400 1294.1
1083410 1293.5
1083420 1295.3
1083430 1295.3
1083440 1295.7
1083450 1294.4
1083460 1293.0
1083470 1293.0
1083480 1291.8
1083490 1290.9
1083500 1290.9
1083510 1290.7
1083520 1291.7
1083530 1291.7
1083540 1292.4
1083550 1295.1
1083560 1295.1
1083570 1295.6
1083580 1294.8
1083590 1294.8
1083600 1297.0
1083610 1298.9
1083620 1298.9
1083630 1300.8
1083640 1302.5
1083650 1302.5
1083660 1303.9
1083670 1304.2
1083680 1304.2
1083690 1305.9
1083700 1306.7
1083710 1304.1
1083720 1308.0
1083730 1311.6
1083740 1311.6
1083750 1316.4
1083760 1320.6
1083770 1325.2
1083780 1325.2
1083790 1331.8
1083800 1338.7
1083810 1338.7
1083820 1345.0
1083830 1351.0
1083840 1351.0
1083850 1356.8
1083860 1363.6
1083870 1363.6
1083880 1370.3
1083890 1375.8
1083900 1375.8
1083910 1381.2
1083920 1389.4
1083930 1389.4
1083940 1397.1
1083950 1405.0
1083960 1405.0
1083970 1411.2
1083980 1418.8
1083990 1418.8
1084000 1426.8
1084010 1435.9
1084020 1435.9
1084030 1445.4
1084040 1452.2
1084050 1459.9
1084060 1459.9
1084070 1468.3
1084080 1476.8
1084090 1476.8
1084100 1484.6
1084110 1492.2
1084120 1492.2
1084130 1500.1
1084140 1508.0
1084150 1508.0
1084160 1515.9
1084170 1523.5
1084180 1523.5
1084190 1526.8
1084200 1527.5
1084210 1527.5
1084220 1530.0
1084230 1534.4
1084240 1534.4
1084250 1542.1
1084260 1552.8
1084270 1552.8
1084280 1555.7
1084290 1545.5
1084300 1545.5
1084310 1537.4
1084320 1530.3
1084330 1525.1
1084340 1533.7
1084350 1531.5
1084360 1529.8
1084370 1529.8
1084380 1524.0
1084390 1516.8
1084400 1516.8
1084410 1510.4
1084420 1509.7
1084430 1509.7
1084440 1507.9
1084450 1501.8
1084460 1501.8
1084470 1506.3
1084480 1503.4
1084490 1503.4
1084500 1500.0
1084510 1496.2
1084520 1496.2
1084530 1490.5
1084540 1484.0
1084550 1484.0
1084560 1476.6
1084570 1468.2
1084580 1468.2
1084590 1460.7
1084600 1453.7
1084610 1453.7
1084620 1447.0
1084630 1440.8
1084640 1433.3
1084650 1433.3
1084660 1424.2
1084670 1414.3
1084680 1414.3
1084690 1404.8
1084700 1399.5
1084710 1399.5
1084720 1394.7
1084730 1387.3
1084740 1387.3
1084750 1379.5
1084760 1371.6
1084770 1371.6
1084780 1364.1
1084790 1357.5
1084800 1357.5
1084810 1351.6
1084820 1344.6
1084830 1344.6
1084840 1340.7
1084850 1335.1
1084860 1335.1
1084870 1329.6
1084880 1326.9
1084890 1326.9
1084900 1323.1
1084910 1320.7
1084920 1318.6
1084930 1318.6
1084940 1315.9
1084950 1314.1
1084960 1314.1
1084970 1308.9
1084980 1307.3
1084990 1307.3
1085000 1309.1
1085010 1308.2
1085020 1308.2
1085030 1305.4
1085040 1301.2
1085050 1301.2
1085060 1297.2
1085070 1292.6
1085080 1292.6
1085090 1287.1
1085100 1281.5
1085110 1281.5
1085120 1276.0
1085130 1270.7
1085140 1270.7
1085150 1265.2
1085160 1259.5
1085170 1259.5
1085180 1256.4
1085190 1251.0
1085200 1242.7
1085210 1242.7
1085220 1234.7
1085230 1232.5
1085240 1232.5
1085250 1231.7
1085260 1230.8
1085270 1230.8
1085280 1228.4
1085290 1224.8
1085300 1231.9
1085310 1232.6
1085320 1232.8
1085330 1232.8
1085340 1229.9
1085350 1225.4
1085360 1225.4
1085370 1219.7
1085380 1213.8
1085390 1213.8
1085400 1207.6
1085410 1204.3
1085420 1204.3
1085430 1202.5
1085440 1198.8
1085450 1198.8
1085460 1195.4
1085470 1192.1
1085480 1192.1
1085490 1189.5
1085500 1185.2
1085510 1180.0
1085520 1180.0
1085530 1173.9
1085540 1166.4
1085550 1166.4
1085560 1157.2
1085570 1149.3
1085580 1149.3
1085590 1140.5
1085600 1132.4
1085610 1132.4
1085620 1126.6
1085630 1120.8
1085640 1120.8
1085650 1116.3
1085660 1113.3
1085670 1113.3
1085680 1110.2
1085690 1108.6
1085700 1108.6
1085710 1106.5
1085720 1104.3
1085730 1104.3
1085740 1103.0
1085750 1101.6
1085760 1101.6
1085770 1100.6
1085780 1103.9
1085790 1109.5
1085800 1109.5
1085810 1115.4
1085820 1124.0
1085830 1124.0
1085840 1130.6
1085850 1133.0
1085860 1133.0
1085870 1135.6
1085880 1138.8
1085890 1138.8
1085900 1141.2
1085910 1143.6
1085920 1143.6
1085930 1146.0
1085940 1148.4
1085950 1148.4
1085960 1152.2
1085970 1156.1
1085980 1156.1
1085990 1160.4
1086000 1165.2
1086010 1165.2
1086020 1171.0
1086030 1176.2
1086040 1176.2
1086050 1180.2
1086060 1184.7
1086070 1191.7
1086080 1191.7
1086090 1200.2
1086100 1207.6
1086110 1207.6
1086120 1214.3
1086130 1221.0
1086140 1221.0
1086150 1228.2
1086160 1235.7
1086170 1235.7
1086180 1243.7
1086190 1250.9
1086200 1250.9
1086210 1259.2
1086220 1266.3
1086230 1266.3
1086240 1271.1
1086250 1273.7
1086260 1278.3
1086270 1279.3
1086280 1278.2
1086290 1278.2
1086300 1275.3
1086310 1272.5
1086320 1272.5
1086330 1270.3
1086340 1267.7
1086350 1267.7
1086360 1264.5
1086370 1263.7
1086380 1263.4
1086390 1263.4
1086400 1262.7
1086410 1262.6
1086420 1262.6
1086430 1264.8
1086440 1263.6
1086450 1263.6
1086460 1264.5
1086470 1265.9
1086480 1265.9
1086490 1267.0
1086500 1266.8
1086510 1266.8
1086520 1271.5
1086530 1274.8
1086540 1274.8
1086550 1275.4
1086560 1277.0
1086570 1277.0
1086580 1284.6
1086590 1285.7
1086600 1285.7
1086610 1286.2
1086620 1285.8
1086630 1285.8
1086640 1287.2
1086650 1290.1
1086660 1289.8
1086670 1289.8
1086680 1288.1
1086690 1289.9
1086700 1289.9
1086710 1290.8
1086720 1292.3
1086730 1292.3
1086740 1295.0
1086750 1294.5
1086760 1294.5
1086770 1292.0
1086780 1293.3
1086790 1293.3
1086800 1294.0
1086810 1297.0
1086820 1297.0
1086830 1299.1
1086840 1302.1
1086850 1302.1
1086860 1305.1
1086870 1308.8
1086880 1308.8
1086890 1311.2
1086900 1318.3
1086910 1318.3
1086920 1323.2
1086930 1328.7
1086940 1335.1
1086950 1335.1
1086960 1337.6
1086970 1341.1
1086980 1341.1
1086990 1345.3
1087000 1351.3
1087010 1351.3
1087020 1357.2
1087030 1357.7
1087040 1357.7
1087050 1360.8
1087060 1363.3
1087070 1363.3
1087080 1369.7
1087090 1373.9
1087100 1373.9
1087110 1378.7
1087120 1383.3
1087130 1383.3
1087140 1390.3
1087150 1396.3
1087160 1396.3
1087170 1400.3
1087180 1398.8
1087190 1398.8
1087200 1393.4
1087210 1391.9
1087220 1397.0
1087230 1401.0
1087240 1410.4
1087250 1415.8
1087260 1415.8
1087270 1417.1
1087280 1419.2
1087290 1419.2
1087300 1420.9
1087310 1419.2
1087320 1419.2
1087330 1416.9
1087340 1415.6
1087350 1415.6
1087360 1415.6
1087370 1415.7
1087380 1415.7
1087390 1415.5
1087400 1418.5
1087410 1418.5
1087420 1425.1
1087430 1432.4
1087440 1432.4
1087450 1439.2
1087460 1445.8
1087470 1445.8
1087480 1451.4
1087490 1455.9
1087500 1455.9
1087510 1457.5
1087520 1459.5
1087530 1462.7
1087540 1465.8
1087550 1471.0
1087560 1473.7
1087570 1473.7
1087580 1477.5
1087590 1482.7
1087600 1482.7
1087610 1489.0
1087620 1496.4
1087630 1496.4
1087640 1503.7
1087650 1509.5
1087660 1509.5
1087670 1516.4
1087680 1524.2
1087690 1524.2
1087700 1531.0
1087710 1536.7
1087720 1536.7
1087730 1541.8
1087740 1550.6
1087750 1550.6
1087760 1561.5
1087770 1574.1
1087780 1574.1
1087790 1582.3
1087800 1589.0
1087810 1593.7
1087820 1593.7
1087830 1598.9
1087840 1604.8
1087850 1604.8
1087860 1612.1
1087870 1617.3
1087880 1617.3
1087890 1623.6
1087900 1628.8
1087910 1628.8
1087920 1631.9
1087930 1635.5
1087940 1635.5
1087950 1642.7
1087960 1655.1
1087970 1655.1
1087980 1664.0
1087990 1670.8
1088000 1670.8
1088010 1678.0
1088020 1685.2
1088030 1685.2
1088040 1692.1
1088050 1698.7
1088060 1698.7
1088070 1704.8
1088080 1709.9
1088090 1714.6
1088100 1714.6
1088110 1718.7
1088120 1721.8
1088130 1721.8
1088140 1723.8
1088150 1720.9
1088160 1720.9
1088170 1707.6
1088180 1700.9
1088190 1700.9
1088200 1693.6
1088210 1687.4
1088220 1687.4
1088230 1682.1
1088240 1678.0
1088250 1678.0
1088260 1674.3
1088270 1670.4
1088280 1670.4
1088290 1666.6
1088300 1663.3
1088310 1663.3
1088320 1660.1
1088330 1657.2
1088340 1657.2
1088350 1654.4
1088360 1651.8
1088370 1651.8
1088380 1649.3
1088390 1647.5
1088400 1645.8
1088410 1645.8
1088420 1644.7
1088430 1645.3
1088440 1645.3
1088450 1645.3
1088460 1644.1
1088470 1644.1
1088480 1641.7
1088490 1638.7
1088500 1640.0
1088510 1636.4
1088520 1632.3
1088530 1632.3
1088540 1626.8
1088550 1618.4
1088560 1618.4
1088570 1608.5
1088580 1598.1
1088590 1598.1
1088600 1585.5
1088610 1576.1
1088620 1576.1
1088630 1568.4
1088640 1561.9
1088650 1561.9
1088660 1556.1
1088670 1551.7
1088680 1549.3
1088690 1549.3
1088700 1547.6
1088710 1545.6
1088720 1545.6
1088730 1543.7
1088740 1540.7
1088750 1540.7
1088760 1538.7
1088770 1536.7
1088780 1536.7
1088790 1535.0
1088800 1533.2
1088810 1533.2
1088820 1530.7
1088830 1526.7
1088840 1526.7
1088850 1524.3
1088860 1522.6
1088870 1522.6
1088880 1523.0
1088890 1521.4
1088900 1521.4
1088910 1519.8
1088920 1519.0
1088930 1519.0
1088940 1516.6
1088950 1513.6
1088960 1510.0
1088970 1510.0
1088980 1506.1
1088990 1503.2
1089000 1503.2
1089010 1501.8
1089020 1499.5
1089030 1499.5
1089040 1493.6
1089050 1489.3
1089060 1489.3
1089070 1486.7
1089080 1483.9
1089090 1483.9
1089100 1482.4
1089110 1479.4
1089120 1479.4
1089130 1475.8
1089140 1474.9
1089150 1469.4
1089160 1467.8
1089170 1466.2
1089180 1466.2
1089190 1464.6
1089200 1463.9
1089210 1463.9
1089220 1462.4
1089230 1460.6
1089240 1460.6
1089250 1459.1
1089260 1456.9
1089270 1455.6
1089280 1455.6
1089290 1452.4
1089300 1448.4
1089310 1448.4
1089320 1450.4
1089330 1453.6
1089340 1453.6
1089350 1452.8
1089360 1450.9
1089370 1450.9
1089380 1449.8
1089390 1449.3
1089400 1449.3
1089410 1448.1
1089420 1449.1
1089430 1449.1
1089440 1449.4
1089450 1447.8
1089460 1447.8
1089470 1443.5
1089480 1444.1
1089490 1444.1
1089500 1443.4
1089510 1441.6
1089520 1441.6
1089530 1440.3
1089540 1440.4
1089550 1440.3
1089560 1440.3
1089570 1440.8
1089580 1440.2
1089590 1440.2
1089600 1439.1
1089610 1439.0
1089620 1439.0
1089630 1437.6
1089640 1435.9
1089650 1435.9
1089660 1434.6
1089670 1431.4
1089680 1431.4
1089690 1430.4
1089700 1428.0
1089710 1428.0
1089720 1425.6
1089730 1423.1
1089740 1423.1
1089750 1418.5
1089760 1412.9
1089770 1412.9
1089780 1408.9
1089790 1404.3
1089800 1404.3
1089810 1402.8
1089820 1401.4
1089830 1400.0
1089840 1400.0
1089850 1398.3
1089860 1397.2
1089870 1397.2
1089880 1395.4
1089890 1393.7
1089900 1393.7
1089910 1390.9
1089920 1386.8
1089930 1386.8
1089940 1382.2
1089950 1379.2
1089960 1379.2
1089970 1377.0
1089980 1376.8
1089990 1376.8
1090000 1373.5
1090010 1370.0
1090020 1370.0
1090030 1368.7
1090040 1364.3
1090050 1364.3
1090060 1356.1
1090070 1348.7
1090080 1348.7
1090090 1346.6
1090100 1355.1
1090110 1355.1
1090120 1375.0
1090130 1383.5
1090140 1387.7
1090150 1387.7
1090160 1393.0
1090170 1396.6
1090180 1396.6
1090190 1400.5
1090200 1405.3
1090210 1405.3
1090220 1410.0
1090230 1414.1
1090240 1414.1
1090250 1418.1
1090260 1422.3
1090270 1422.3
1090280 1427.5
1090290 1432.2
1090300 1432.2
1090310 1437.7
1090320 1444.7
1090330 1444.7
1090340 1450.7
1090350 1456.4
1090360 1456.4
1090370 1462.0
1090380 1466.4
1090390 1466.4
1090400 1471.4
1090410 1478.6
1090420 1484.6
1090430 1484.6
1090440 1492.2
1090450 1498.7
1090460 1498.7
1090470 1505.1
1090480 1511.3
1090490 1511.3
1090500 1516.6
1090510 1520.9
1090520 1520.9
1090530 1523.9
1090540 1525.7
1090550 1525.7
1090560 1526.1
1090570 1524.5
1090580 1524.5
1090590 1521.6
1090600 1519.1
1090610 1519.1
1090620 1520.9
1090630 1522.4
1090640 1522.4
1090650 1522.3
1090660 1521.6
1090670 1521.6
1090680 1521.1
1090690 1519.6
1090700 1516.0
1090710 1516.0
1090720 1509.9
1090730 1504.3
1090740 1504.3
1090750 1499.8
1090760 1494.7
1090770 1494.7
1090780 1493.2
1090790 1490.8
1090800 1490.8
1090810 1488.0
1090820 1484.5
1090830 1484.5
1090840 1482.1
1090850 1480.0
1090860 1480.0
1090870 1473.6
1090880 1469.4
1090890 1469.4
1090900 1472.5
1090910 1473.6
1090920 1473.6
1090930 1476.1
1090940 1478.3
1090950 1478.3
1090960 1479.8
1090970 1481.0
1090980 1481.0
1090990 1482.4
1091000 1482.9
1091010 1483.2
1091020 1483.2
1091030 1483.0
1091040 1482.0
1091050 1482.0
1091060 1480.5
1091070 1477.9
1091080 1477.9
1091090 1469.8
1091100 1468.3
1091110 1468.3
1091120 1465.0
1091130 1462.8
1091140 1462.8
1091150 1455.4
1091160 1448.4
1091170 1448.4
1091180 1446.7
1091190 1442.9
1091200 1442.9
1091210 1437.7
1091220 1434.7
1091230 1434.7
1091240 1431.6
1091250 1428.4
1091260 1428.4
1091270 1426.8
1091280 1423.0
1091290 1416.7
1091300 1416.7
1091310 1407.9
1091320 1399.8
1091330 1399.8
1091340 1393.5
1091350 1388.3
1091360 1388.3
1091370 1383.7
1091380 1381.0
1091390 1381.0
1091400 1380.1
1091410 1370.7
1091420 1370.7
1091430 1364.5
1091440 1355.0
1091450 1355.0
1091460 1356.7
1091470 1359.3
1091480 1359.3
1091490 1359.1
1091500 1359.3
1091510 1359.3
1091520 1365.4
1091530 1366.8
1091540 1366.8
1091550 1366.5
1091560 1365.5
1091570 1369.6
1091580 1369.6
1091590 1375.3
1091600 1376.3
1091610 1376.3
1091620 1377.4
1091630 1378.6
1091640 1378.6
1091650 1377.5
1091660 1379.4
1091670 1379.4
1091680 1379.3
1091690 1375.4
1091700 1375.4
1091710 1371.2
1091720 1366.1
1091730 1366.1
1091740 1351.0
1091750 1346.4
1091760 1346.4
1091770 1341.3
1091780 1335.3
1091790 1335.3
1091800 1327.4
1091810 1324.0
1091820 1324.0
1091830 1329.1
1091840 1335.3
1091850 1335.3
1091860 1342.0
1091870 1345.1
1091880 1344.5
1091890 1344.5
1091900 1343.4
1091910 1342.8
1091920 1342.8
1091930 1341.0
1091940 1339.8
1091950 1339.8
1091960 1339.9
1091970 1340.3
1091980 1340.3
1091990 1339.1
1092000 1337.2
1092010 1337.2
1092020 1334.7
1092030 1332.5
1092040 1332.5
1092050 1330.4
1092060 1319.9
1092070 1319.9
1092080 1318.8
1092090 1317.6
1092100 1317.6
1092110 1316.3
1092120 1314.3
1092130 1314.3
1092140 1312.3
1092150 1309.5
1092160 1306.1
1092170 1306.1
1092180 1302.7
1092190 1300.3
1092200 1300.3
1092210 1297.6
1092220 1294.0
1092230 1294.0
1092240 1289.7
1092250 1284.5
1092260 1284.5
1092270 1282.0
1092280 1282.5
1092290 1282.5
1092300 1283.2
1092310 1283.2
1092320 1283.2
1092330 1283.0
1092340 1282.1
1092350 1282.1
1092360 1280.7
1092370 1280.0
1092380 1271.3
1092390 1269.9
1092400 1268.6
1092410 1268.6
1092420 1267.7
1092430 1267.8
1092440 1268.2
1092450 1268.2
1092460 1268.0
1092470 1266.8
1092480 1266.8
1092490 1264.3
1092500 1262.8
1092510 1262.8
1092520 1264.0
1092530 1264.2
1092540 1264.2
1092550 1262.9
1092560 1261.2
1092570 1261.2
1092580 1256.9
1092590 1250.2
1092600 1250.2
1092610 1243.8
1092620 1235.2
1092630 1235.2
1092640 1226.3
1092650 1219.7
1092660 1219.7
1092670 1212.6
1092680 1205.4
1092690 1205.4
1092700 1199.8
1092710 1186.4
1092720 1186.4
1092730 1181.9
1092740 1177.6
1092750 1173.5
1092760 1173.5
1092770 1169.8
1092780 1165.5
1092790 1165.5
1092800 1161.8
1092810 1159.0
1092820 1159.0
1092830 1154.4
1092840 1149.1
1092850 1149.1
1092860 1143.7
1092870 1139.0
1092880 1139.0
1092890 1134.8
1092900 1130.9
1092910 1130.9
1092920 1127.6
1092930 1124.0
1092940 1124.0
1092950 1119.3
1092960 1113.4
1092970 1113.4
1092980 1106.3
1092990 1095.3
1093000 1095.3
1093010 1081.7
1093020 1071.8
1093030 1065.6
1093040 1062.7
1093050 1059.2
1093060 1057.1
1093070 1057.1
1093080 1055.0
1093090 1053.8
1093100 1053.8
1093110 1053.2
1093120 1049.6
1093130 1049.6
1093140 1046.3
1093150 1045.0
1093160 1045.0
1093170 1043.5
1093180 1042.2
1093190 1042.2
1093200 1040.1
1093210 1038.0
1093220 1038.0
1093230 1035.4
1093240 1033.0
1093250 1033.0
1093260 1029.6
1093270 1024.8
1093280 1024.8
1093290 1020.6
1093300 1016.2
1093310 1012.3
1093320 1012.3
1093330 1009.2
1093340 1006.1
1093350 1006.1
1093360 993.4
1093370 991.4
1093380 991.4
1093390 990.2
1093400 989.5
1093410 989.5
1093420 989.1
1093430 989.9
1093440 989.9
1093450 991.6
1093460 988.1
1093470 988.1
1093480 983.7
1093490 984.8
1093500 984.8
1093510 988.3
1093520 993.1
1093530 993.1
1093540 995.4
1093550 996.8
1093560 996.8
1093570 1000.2
1093580 1002.9
1093590 1004.3
1093600 1004.3
1093610 1004.7
1093620 1005.3
1093630 1005.3
1093640 1006.8
1093650 1008.4
1093660 1008.4
1093670 1010.6
1093680 1011.6
1093690 1016.9
1093700 1014.6
1093710 1012.6
1093720 1012.6
1093730 1018.4
1093740 1024.8
1093750 1024.8
1093760 1030.8
1093770 1036.7
1093780 1036.7
1093790 1043.2
1093800 1049.3
1093810 1049.3
1093820 1052.4
1093830 1055.1
1093840 1055.1
1093850 1058.5
1093860 1061.6
1093870 1061.6
1093880 1064.1
1093890 1067.8
1093900 1071.3
1093910 1071.3
1093920 1074.2
1093930 1076.4
1093940 1076.4
1093950 1077.3
1093960 1078.1
1093970 1078.1
1093980 1079.9
1093990 1082.6
1094000 1082.6
1094010 1090.1
1094020 1093.0
1094030 1093.0
1094040 1097.3
1094050 1100.5
1094060 1100.5
1094070 1103.6
1094080 1106.4
1094090 1106.4
1094100 1107.9
1094110 1109.3
1094120 1109.3
1094130 1110.1
1094140 1111.2
1094150 1111.2
1094160 1113.8
1094170 1116.0
1094180 1117.9
1094190 1117.9
1094200 1120.7
1094210 1122.6
1094220 1122.6
1094230 1124.6
1094240 1126.9
1094250 1126.9
1094260 1129.2
1094270 1132.4
1094280 1132.4
1094290 1136.5
1094300 1142.0
1094310 1142.0
1094320 1146.4
1094330 1151.2
1094340 1151.7
1094350 1154.5
1094360 1157.3
1094370 1157.3
1094380 1161.2
1094390 1167.0
1094400 1167.0
1094410 1173.4
1094420 1176.9
1094430 1176.9
1094440 1180.7
1094450 1186.6
1094460 1193.4
1094470 1193.4
1094480 1199.7
1094490 1205.9
1094500 1205.9
1094510 1212.8
1094520 1220.8
1094530 1220.8
1094540 1228.3
1094550 1234.6
1094560 1234.6
1094570 1240.3
1094580 1244.7
1094590 1244.7
1094600 1248.0
1094610 1248.8
1094620 1248.8
1094630 1248.6
1094640 1249.3
1094650 1249.3
1094660 1252.0
1094670 1259.5
1094680 1259.5
1094690 1264.3
1094700 1273.8
1094710 1273.8
1094720 1285.7
1094730 1290.2
1094740 1290.2
1094750 1292.4
1094760 1294.6
1094770 1294.8
1094780 1294.8
1094790 1295.4
1094800 1296.4
1094810 1296.4
1094820 1296.9
1094830 1297.3
1094840 1297.3
1094850 1297.6
1094860 1298.4
1094870 1298.4
1094880 1299.3
1094890 1300.9
1094900 1300.9
1094910 1302.5
1094920 1304.0
1094930 1304.0
1094940 1305.9
1094950 1308.1
1094960 1308.1
1094970 1309.7
1094980 1310.6
1094990 1313.7
1095000 1313.0
1095010 1312.9
1095020 1312.9
1095030 1313.1
1095040 1312.7
1095050 1313.5
1095060 1313.5
1095070 1315.3
1095080 1316.5
1095090 1316.5
1095100 1318.0
1095110 1319.5
1095120 1319.5
1095130 1320.5
1095140 1320.8
1095150 1320.8
1095160 1318.3
1095170 1321.3
1095180 1321.3
1095190 1324.2
1095200 1324.8
1095210 1324.8
1095220 1324.8
1095230 1325.1
1095240 1325.1
1095250 1325.7
1095260 1325.9
1095270 1325.9
1095280 1325.6
1095290 1325.0
1095300 1325.0
1095310 1323.9
1095320 1324.1
1095330 1323.4
1095340 1323.4
1095350 1322.5
1095360 1322.0
1095370 1322.0
1095380 1321.7
1095390 1321.1
1095400 1321.1
1095410 1319.5
1095420 1316.5
1095430 1316.5
1095440 1312.6
1095450 1308.3
1095460 1308.3
1095470 1303.8
1095480 1298.7
1095490 1298.7
1095500 1296.8
1095510 1301.0
1095520 1301.0
1095530 1304.1
1095540 1304.4
1095550 1304.4
1095560 1302.6
1095570 1301.1
1095580 1301.1
1095590 1300.9
1095600 1301.1
1095610 1301.1
1095620 1299.6
1095630 1298.8
1095640 1301.4
1095650 1306.1
1095660 1310.4
1095670 1314.3
1095680 1314.3
1095690 1317.6
1095700 1319.5
1095710 1319.5
1095720 1321.1
1095730 1322.1
1095740 1322.1
1095750 1323.8
1095760 1326.8
1095770 1326.8
1095780 1327.4
1095790 1330.0
1095800 1330.0
1095810 1335.7
1095820 1341.0
1095830 1341.0
1095840 1346.7
1095850 1351.6
1095860 1351.6
1095870 1355.9
1095880 1359.4
1095890 1359.4
1095900 1358.9
1095910 1355.2
1095920 1350.2
1095930 1350.2
1095940 1346.1
1095950 1342.7
1095960 1342.7
1095970 1340.1
1095980 1342.8
1095990 1342.8
1096000 1339.7
1096010 1336.1
1096020 1336.1
1096030 1332.2
1096040 1330.6
1096050 1330.6
1096060 1330.1
1096070 1325.6
1096080 1325.6
1096090 1321.6
1096100 1317.4
1096110 1317.4
1096120 1314.3
1096130 1312.1
1096140 1312.1
1096150 1310.2
1096160 1308.9
1096170 1308.9
1096180 1307.6
1096190 1306.7
1096200 1306.2
1096210 1306.2
1096220 1304.8
1096230 1303.0
1096240 1303.0
1096250 1297.3
1096260 1287.6
1096270 1287.6
1096280 1281.1
1096290 1274.4
1096300 1281.4
1096310 1273.7
1096320 1266.0
1096330 1266.0
1096340 1261.9
1096350 1262.1
1096360 1262.1
1096370 1261.0
1096380 1264.9
1096390 1264.9
1096400 1272.5
1096410 1280.5
1096420 1280.5
1096430 1287.6
1096440 1289.6
1096450 1289.6
1096460 1291.3
1096470 1293.2
1096480 1291.6
1096490 1291.6
1096500 1292.9
1096510 1296.0
1096520 1296.0
1096530 1302.9
1096540 1306.8
1096550 1306.8
1096560 1310.4
1096570 1313.7
1096580 1313.7
1096590 1317.9
1096600 1321.4
1096610 1321.4
1096620 1324.3
1096630 1328.5
1096640 1328.5
1096650 1332.4
1096660 1337.1
1096670 1337.1
1096680 1342.7
1096690 1349.0
1096700 1349.0
1096710 1356.0
1096720 1362.1
1096730 1362.1
1096740 1365.5
1096750 1368.4
1096760 1368.4
1096770 1371.6
1096780 1376.0
1096790 1379.8
1096800 1379.8
1096810 1383.8
1096820 1387.9
1096830 1387.9
1096840 1392.2
1096850 1397.7
1096860 1397.7
1096870 1402.8
1096880 1404.5
1096890 1404.5
1096900 1406.1
1096910 1409.7
1096920 1409.7
1096930 1414.5
1096940 1417.8
1096950 1417.8
1096960 1421.0
1096970 1423.2
1096980 1423.2
1096990 1425.4
1097000 1427.2
1097010 1427.2
1097020 1428.7
1097030 1430.2
1097040 1430.2
1097050 1432.1
1097060 1434.1
1097070 1435.8
1097080 1435.8
1097090 1437.6
1097100 1439.4
1097110 1439.4
1097120 1441.8
1097130 1444.9
1097140 1444.9
1097150 1447.1
1097160 1448.4
1097170 1448.4
1097180 1449.6
1097190 1450.9
1097200 1450.9
1097210 1452.2
1097220 1456.2
1097230 1456.2
1097240 1462.3
1097250 1468.4
1097260 1468.4
1097270 1473.0
1097280 1477.1
1097290 1476.0
1097300 1478.1
1097310 1480.5
1097320 1480.5
1097330 1483.6
1097340 1487.1
1097350 1490.2
1097360 1490.2
1097370 1493.0
1097380 1495.2
1097390 1495.2
1097400 1496.8
1097410 1498.9
1097420 1498.9
1097430 1501.3
1097440 1503.8
1097450 1503.8
1097460 1506.3
1097470 1510.7
1097480 1510.7
1097490 1515.3
1097500 1519.7
1097510 1519.7
1097520 1522.8
1097530 1525.4
1097540 1525.4
1097550 1528.4
1097560 1531.3
1097570 1531.3
1097580 1533.8
1097590 1537.2
1097600 1537.2
1097610 1540.6
1097620 1540.4
1097630 1540.4
1097640 1544.3
1097650 1547.4
1097660 1550.0
1097670 1550.0
1097680 1552.3
1097690 1554.8
1097700 1554.8
1097710 1557.2
1097720 1559.6
1097730 1559.6
1097740 1564.0
1097750 1568.4
1097760 1568.4
1097770 1570.6
1097780 1572.1
1097790 1572.1
1097800 1573.5
1097810 1576.3
1097820 1576.3
1097830 1579.9
1097840 1582.6
1097850 1582.6
1097860 1584.9
1097870 1587.6
1097880 1587.6
1097890 1590.2
1097900 1593.4
1097910 1593.4
1097920 1596.4
1097930 1599.3
1097940 1602.5
1097950 1600.7
1097960 1603.8
1097970 1606.8
1097980 1606.8
1097990 1610.4
1098000 1614.2
1098010 1614.2
1098020 1620.8
1098030 1626.0
1098040 1626.0
1098050 1631.4
1098060 1635.5
1098070 1635.5
1098080 1640.1
1098090 1645.4
1098100 1645.4
1098110 1651.1
1098120 1656.0
1098130 1656.0
1098140 1658.9
1098150 1662.1
1098160 1662.1
1098170 1664.4
1098180 1665.1
1098190 1665.1
1098200 1669.6
1098210 1674.7
1098220 1680.3
1098230 1680.3
1098240 1684.9
1098250 1689.2
1098260 1689.2
1098270 1693.2
1098280 1695.7
1098290 1695.7
1098300 1698.3
1098310 1702.1
1098320 1702.1
1098330 1706.4
1098340 1708.3
1098350 1708.3
1098360 1707.3
1098370 1707.4
1098380 1707.4
1098390 1704.6
1098400 1699.7
1098410 1699.7
1098420 1694.0
1098430 1688.8
1098440 1688.8
1098450 1683.6
1098460 1679.1
1098470 1679.1
1098480 1677.1
1098490 1674.1
1098500 1674.1
1098510 1669.5
1098520 1666.2
1098530 1663.5
1098540 1663.5
1098550 1660.5
1098560 1657.8
1098570 1657.8
1098580 1655.6
1098590 1652.4
1098600 1652.4
1098610 1646.8
1098620 1644.1
1098630 1644.1
1098640 1640.5
1098650 1637.4
1098660 1637.4
1098670 1635.3
1098680 1633.3
1098690 1633.3
1098700 1630.8
1098710 1629.0
1098720 1629.0
1098730 1627.9
1098740 1626.5
1098750 1626.5
1098760 1624.6
1098770 1622.8
1098780 1622.8
1098790 1621.3
1098800 1619.7
1098810 1616.6
1098820 1616.6
1098830 1612.6
1098840 1609.1
1098850 1609.1
1098860 1604.4
1098870 1597.9
1098880 1597.9
1098890 1589.3
1098900 1582.1
1098910 1582.1
1098920 1573.2
1098930 1564.9
1098940 1563.3
1098950 1557.1
1098960 1555.3
1098970 1555.3
1098980 1554.6
1098990 1552.8
1099000 1552.8
1099010 1550.4
1099020 1550.4
1099030 1550.4
1099040 1550.9
1099050 1549.2
1099060 1549.2
1099070 1543.7
1099080 1538.3
1099090 1534.1
1099100 1534.1
1099110 1530.2
1099120 1525.4
1099130 1525.4
1099140 1521.4
1099150 1517.6
1099160 1517.6
1099170 1513.3
1099180 1508.6
1099190 1508.6
1099200 1503.6
1099210 1499.9
1099220 1499.9
1099230 1496.1
1099240 1491.0
1099250 1491.0
1099260 1485.0
1099270 1479.1
1099280 1479.1
1099290 1475.9
1099300 1474.3
1099310 1474.3
1099320 1473.0
1099330 1472.1
1099340 1472.1
1099350 1470.6
1099360 1468.4
1099370 1466.2
1099380 1466.2
1099390 1464.5
1099400 1462.7
1099410 1462.7
1099420 1460.2
1099430 1457.7
1099440 1457.7
1099450 1456.0
1099460 1454.7
1099470 1454.7
1099480 1453.2
1099490 1452.5
1099500 1452.5
1099510 1451.7
1099520 1450.4
1099530 1450.4
1099540 1449.5
1099550 1448.1
1099560 1448.1
1099570 1447.1
1099580 1446.2
1099590 1446.2
1099600 1445.3
1099610 1444.7
1099620 1444.7
1099630 1445.9
1099640 1446.6
1099650 1446.6
1099660 1446.4
1099670 1446.4
1099680 1445.6
1099690 1445.6
1099700 1444.1
1099710 1443.5
1099720 1443.5
1099730 1444.4
1099740 1446.5
1099750 1446.5
1099760 1448.8
1099770 1450.9
1099780 1450.9
1099790 1453.0
1099800 1455.1
1099810 1455.1
1099820 1457.3
1099830 1459.2
1099840 1459.2
1099850 1460.8
1099860 1461.9
1099870 1461.9
1099880 1463.4
1099890 1464.7
1099900 1464.7
1099910 1466.9
1099920 1470.2
1099930 1472.4
1099940 1476.0
1099950 1477.4
1099960 1478.8
1099970 1478.8
1099980 1481.2
1099990 1484.6
