1080000 1064.4
1080010 1070.1
1080020 1070.1
1080030 1081.5
1080040 1089.4
1080050 1089.4
1080060 1097.4
1080070 1106.1
1080080 1115.5
1080090 1115.5
1080100 1126.3
1080110 1138.6
1080120 1138.6
1080130 1152.5
1080140 1164.8
1080150 1162.4
1080160 1164.8
1080170 1165.2
1080180 1165.2
1080190 1165.0
1080200 1164.3
1080210 1164.3
1080220 1163.7
1080230 1163.4
1080240 1163.4
1080250 1163.1
1080260 1162.5
1080270 1162.5
1080280 1162.0
1080290 1161.6
1080300 1161.6
1080310 1163.2
1080320 1165.3
1080330 1165.3
1080340 1166.5
1080350 1167.6
1080360 1167.8
1080370 1167.8
1080380 1168.5
1080390 1172.0
1080400 1172.0
1080410 1177.3
1080420 1181.1
1080430 1181.1
1080440 1183.3
1080450 1187.1
1080460 1187.1
1080470 1190.0
1080480 1193.2
1080490 1193.2
1080500 1197.0
1080510 1201.1
1080520 1201.1
1080530 1205.2
1080540 1208.8
1080550 1208.8
1080560 1212.5
1080570 1216.2
1080580 1216.2
1080590 1221.0
1080600 1225.4
1080610 1225.4
1080620 1230.2
1080630 1235.1
1080640 1239.1
1080650 1239.1
1080660 1244.2
1080670 1251.0
1080680 1251.0
1080690 1257.7
1080700 1262.9
1080710 1262.9
1080720 1266.7
1080730 1272.6
1080740 1272.6
1080750 1276.9
1080760 1280.2
1080770 1280.2
1080780 1288.4
1080790 1294.8
1080800 1294.8
1080810 1302.7
1080820 1313.1
1080830 1313.1
1080840 1322.9
1080850 1330.1
1080860 1330.1
1080870 1337.0
1080880 1344.0
1080890 1344.0
1080900 1350.6
1080910 1356.8
1080920 1356.8
1080930 1362.8
1080940 1368.4
1080950 1373.1
1080960 1373.1
1080970 1377.4
1080980 1381.4
1080990 1381.4
1081000 1385.2
1081010 1389.0
1081020 1389.0
1081030 1392.2
1081040 1395.6
1081050 1395.6
1081060 1400.0
1081070 1404.9
1081080 1404.9
1081090 1407.9
1081100 1417.6
1081110 1417.6
1081120 1421.9
1081130 1426.2
1081140 1426.2
1081150 1428.5
1081160 1429.9
1081170 1429.9
1081180 1432.0
1081190 1434.2
1081200 1434.2
1081210 1435.3
1081220 1436.6
1081230 1439.6
1081240 1439.6
1081250 1442.2
1081260 1444.7
1081270 1444.7
1081280 1450.3
1081290 1456.4
1081300 1456.4
1081310 1461.1
1081320 1463.2
1081330 1463.2
1081340 1465.0
1081350 1465.6
1081360 1465.6
1081370 1464.5
1081380 1462.5
1081390 1462.5
1081400 1460.3
1081410 1458.4
1081420 1455.0
1081430 1452.9
1081440 1450.1
1081450 1450.1
1081460 1446.8
1081470 1443.3
1081480 1443.3
1081490 1439.5
1081500 1435.8
1081510 1432.8
1081520 1432.8
1081530 1429.8
1081540 1426.6
1081550 1426.6
1081560 1423.2
1081570 1420.1
1081580 1420.1
1081590 1417.1
1081600 1414.8
1081610 1414.8
1081620 1412.1
1081630 1409.2
1081640 1409.2
1081650 1406.6
1081660 1405.6
1081670 1405.6
1081680 1406.5
1081690 1406.3
1081700 1406.3
1081710 1404.4
1081720 1403.2
1081730 1396.7
1081740 1395.0
1081750 1392.3
1081760 1392.3
1081770 1390.1
1081780 1388.4
1081790 1387.4
1081800 1387.4
1081810 1387.7
1081820 1388.7
1081830 1388.7
1081840 1389.0
1081850 1389.7
1081860 1389.7
1081870 1390.0
1081880 1391.2
1081890 1391.2
1081900 1393.0
1081910 1393.1
1081920 1393.1
1081930 1392.2
1081940 1393.7
1081950 1393.7
1081960 1395.1
1081970 1394.3
1081980 1394.3
1081990 1393.1
1082000 1390.5
1082010 1390.5
1082020 1389.0
1082030 1389.3
1082040 1389.3
1082050 1383.2
1082060 1382.5
1082070 1382.5
1082080 1381.5
1082090 1377.6
1082100 1375.5
1082110 1375.5
1082120 1374.9
1082130 1374.5
1082140 1374.5
1082150 1373.6
1082160 1371.3
1082170 1371.3
1082180 1368.6
1082190 1366.0
1082200 1366.0
1082210 1362.0
1082220 1356.5
1082230 1356.5
1082240 1352.2
1082250 1350.3
1082260 1350.3
1082270 1349.2
1082280 1347.5
1082290 1347.5
1082300 1344.5
1082310 1342.9
1082320 1342.9
1082330 1341.9
1082340 1340.6
1082350 1340.6
1082360 1338.1
1082370 1331.8
1082380 1330.1
1082390 1330.1
1082400 1331.0
1082410 1330.4
1082420 1330.4
1082430 1328.5
1082440 1325.5
1082450 1325.5
1082460 1323.5
1082470 1322.6
1082480 1322.6
1082490 1320.2
1082500 1317.8
1082510 1317.8
1082520 1315.0
1082530 1311.4
1082540 1311.4
1082550 1309.1
1082560 1306.6
1082570 1306.6
1082580 1304.7
1082590 1304.5
1082600 1304.5
1082610 1305.3
1082620 1303.9
1082630 1303.9
1082640 1301.2
1082650 1298.8
1082660 1296.2
1082670 1296.2
1082680 1287.0
1082690 1283.5
1082700 1283.5
1082710 1280.7
1082720 1278.6
1082730 1278.6
1082740 1278.6
1082750 1277.4
1082760 1277.4
1082770 1275.7
1082780 1273.0
1082790 1273.0
1082800 1270.6
1082810 1268.5
1082820 1268.5
1082830 1267.0
1082840 1265.9
1082850 1265.9
1082860 1266.3
1082870 1266.3
1082880 1266.3
1082890 1266.9
1082900 1267.4
1082910 1267.4
1082920 1266.9
1082930 1265.9
1082940 1265.9
1082950 1264.1
1082960 1260.9
1082970 1257.3
1082980 1257.3
1082990 1252.0
1083000 1244.5
1083010 1244.5
1083020 1241.2
1083030 1237.8
1083040 1237.8
1083050 1234.5
1083060 1230.8
1083070 1230.8
1083080 1226.4
1083090 1222.6
1083100 1222.6
1083110 1218.4
1083120 1213.1
1083130 1213.1
1083140 1207.9
1083150 1202.4
1083160 1202.4
1083170 1196.9
1083180 1191.3
1083190 1191.3
1083200 1182.3
1083210 1186.7
1083220 1186.7
1083230 1191.1
1083240 1193.9
1083250 1198.4
1083260 1198.4
1083270 1202.3
1083280 1205.0
1083290 1205.0
1083300 1208.2
1083310 1208.6
1083320 1202.3
1083330 1208.5
1083340 1212.2
1083350 1212.2
1083360 1217.4
1083370 1219.6
1083380 1219.6
1083390 1218.9
1083400 1221.3
1083410 1221.3
1083420 1222.6
1083430 1221.7
1083440 1221.7
1083450 1221.7
1083460 1229.4
1083470 1229.4
1083480 1235.0
1083490 1235.9
1083500 1235.9
1083510 1235.1
1083520 1234.3
1083530 1232.7
1083540 1232.7
1083550 1231.1
1083560 1229.7
1083570 1229.7
1083580 1228.9
1083590 1236.2
1083600 1236.2
1083610 1243.2
1083620 1248.3
1083630 1248.3
1083640 1253.1
1083650 1256.6
1083660 1256.6
1083670 1260.7
1083680 1267.1
1083690 1267.1
1083700 1273.4
1083710 1279.4
1083720 1279.4
1083730 1286.0
1083740 1291.9
1083750 1291.9
1083760 1296.9
1083770 1300.0
1083780 1300.0
1083790 1300.5
1083800 1303.8
1083810 1303.8
1083820 1309.3
1083830 1313.5
1083840 1320.7
1083850 1320.7
1083860 1324.8
1083870 1329.5
1083880 1329.5
1083890 1336.1
1083900 1345.8
1083910 1345.8
1083920 1354.9
1083930 1365.7
1083940 1365.7
1083950 1385.1
1083960 1389.3
1083970 1389.3
1083980 1398.6
1083990 1407.4
1084000 1407.4
1084010 1414.6
1084020 1422.6
1084030 1422.6
1084040 1430.8
1084050 1439.1
1084060 1439.1
1084070 1446.5
1084080 1454.3
1084090 1454.3
1084100 1462.4
1084110 1469.2
1084120 1475.8
1084130 1475.8
1084140 1482.7
1084150 1489.5
1084160 1489.5
1084170 1497.2
1084180 1506.6
1084190 1506.6
1084200 1515.5
1084210 1523.3
1084220 1523.3
1084230 1531.7
1084240 1538.7
1084250 1538.7
1084260 1546.3
1084270 1559.5
1084280 1559.5
1084290 1565.8
1084300 1571.5
1084310 1571.5
1084320 1576.1
1084330 1571.0
1084340 1571.0
1084350 1559.5
1084360 1550.9
1084370 1550.9
1084380 1543.9
1084390 1537.0
1084400 1533.2
1084410 1533.2
1084420 1527.2
1084430 1522.2
1084440 1522.2
1084450 1515.6
1084460 1508.9
1084470 1508.9
1084480 1501.1
1084490 1490.8
1084500 1490.8
1084510 1484.1
1084520 1480.5
1084530 1480.5
1084540 1476.9
1084550 1472.3
1084560 1472.3
1084570 1468.6
1084580 1463.1
1084590 1457.3
1084600 1452.9
1084610 1447.6
1084620 1447.6
1084630 1441.5
1084640 1436.0
1084650 1436.0
1084660 1430.7
1084670 1426.2
1084680 1426.2
1084690 1422.0
1084700 1418.4
1084710 1415.8
1084720 1415.8
1084730 1414.0
1084740 1406.8
1084750 1406.8
1084760 1399.7
1084770 1390.2
1084780 1390.2
1084790 1379.8
1084800 1369.7
1084810 1369.7
1084820 1361.8
1084830 1361.1
1084840 1361.1
1084850 1360.9
1084860 1362.4
1084870 1362.4
1084880 1363.7
1084890 1363.8
1084900 1363.8
1084910 1359.5
1084920 1359.0
1084930 1359.0
1084940 1356.0
1084950 1350.5
1084960 1350.5
1084970 1345.9
1084980 1342.8
1084990 1339.1
1085000 1339.1
1085010 1335.7
1085020 1333.6
1085030 1333.6
1085040 1333.1
1085050 1331.4
1085060 1331.4
1085070 1323.4
1085080 1314.9
1085090 1314.9
1085100 1307.3
1085110 1300.6
1085120 1300.6
1085130 1294.8
1085140 1288.2
1085150 1288.2
1085160 1282.2
1085170 1278.0
1085180 1278.0
1085190 1272.4
1085200 1264.4
1085210 1264.4
1085220 1259.3
1085230 1250.5
1085240 1250.5
1085250 1248.1
1085260 1246.3
1085270 1243.5
1085280 1243.5
1085290 1238.6
1085300 1234.1
1085310 1234.1
1085320 1231.6
1085330 1227.5
1085340 1227.5
1085350 1223.3
1085360 1218.1
1085370 1218.1
1085380 1214.1
1085390 1209.4
1085400 1209.4
1085410 1204.5
1085420 1200.6
1085430 1200.6
1085440 1195.7
1085450 1192.0
1085460 1192.0
1085470 1187.7
1085480 1183.1
1085490 1183.1
1085500 1179.1
1085510 1172.2
1085520 1172.2
1085530 1166.0
1085540 1162.1
1085550 1161.8
1085560 1158.3
1085570 1153.7
1085580 1148.1
1085590 1148.1
1085600 1142.7
1085610 1139.6
1085620 1139.6
1085630 1136.8
1085640 1132.9
1085650 1132.9
1085660 1129.3
1085670 1125.1
1085680 1125.1
1085690 1120.5
1085700 1116.3
1085710 1116.3
1085720 1112.7
1085730 1109.4
1085740 1109.4
1085750 1110.0
1085760 1109.8
1085770 1109.8
1085780 1111.0
1085790 1111.5
1085800 1111.5
1085810 1113.6
1085820 1120.0
1085830 1120.0
1085840 1125.4
1085850 1128.5
1085860 1134.5
1085870 1137.0
1085880 1141.7
1085890 1145.0
1085900 1145.0
1085910 1147.5
1085920 1150.2
1085930 1150.2
1085940 1153.1
1085950 1156.5
1085960 1156.5
1085970 1159.1
1085980 1162.4
1085990 1162.4
1086000 1167.1
1086010 1172.5
1086020 1172.5
1086030 1177.8
1086040 1184.7
1086050 1184.7
1086060 1192.1
1086070 1198.4
1086080 1198.4
1086090 1204.9
1086100 1210.6
1086110 1210.6
1086120 1215.2
1086130 1220.0
1086140 1227.0
1086150 1227.0
1086160 1234.6
1086170 1242.7
1086180 1242.7
1086190 1253.7
1086200 1262.7
1086210 1262.7
1086220 1270.3
1086230 1277.2
1086240 1277.2
1086250 1283.7
1086260 1289.3
1086270 1289.3
1086280 1294.3
1086290 1299.4
1086300 1299.4
1086310 1306.5
1086320 1314.8
1086330 1314.8
1086340 1321.9
1086350 1326.1
1086360 1326.1
1086370 1333.4
1086380 1339.0
1086390 1339.0
1086400 1343.4
1086410 1345.1
1086420 1345.1
1086430 1346.6
1086440 1347.8
1086450 1349.6
1086460 1349.6
1086470 1352.1
1086480 1354.5
1086490 1354.5
1086500 1357.1
1086510 1358.3
1086520 1358.3
1086530 1361.8
1086540 1365.2
1086550 1365.2
1086560 1368.4
1086570 1371.4
1086580 1371.4
1086590 1374.0
1086600 1376.2
1086610 1376.2
1086620 1378.7
1086630 1381.1
1086640 1381.1
1086650 1383.9
1086660 1386.8
1086670 1386.8
1086680 1390.1
1086690 1394.4
1086700 1394.4
1086710 1398.9
1086720 1403.7
1086730 1409.1
1086740 1409.1
1086750 1412.4
1086760 1413.3
1086770 1413.3
1086780 1412.0
1086790 1409.0
1086800 1409.0
1086810 1403.7
1086820 1399.3
1086830 1408.0
1086840 1407.3
1086850 1407.6
1086860 1407.6
1086870 1406.8
1086880 1407.9
1086890 1407.9
1086900 1410.2
1086910 1415.0
1086920 1415.0
1086930 1421.0
1086940 1424.8
1086950 1424.8
1086960 1427.1
1086970 1432.7
1086980 1432.7
1086990 1433.4
1087000 1438.5
1087010 1446.4
1087020 1446.4
1087030 1453.9
1087040 1456.9
1087050 1456.9
1087060 1460.0
1087070 1463.0
1087080 1463.0
1087090 1464.7
1087100 1466.1
1087110 1466.1
1087120 1467.8
1087130 1470.9
1087140 1470.9
1087150 1480.3
1087160 1484.1
1087170 1484.1
1087180 1488.2
1087190 1494.7
1087200 1494.7
1087210 1498.8
1087220 1501.4
1087230 1501.4
1087240 1499.8
1087250 1496.2
1087260 1496.2
1087270 1496.8
1087280 1497.4
1087290 1498.8
1087300 1498.8
1087310 1502.4
1087320 1504.8
1087330 1504.8
1087340 1507.0
1087350 1508.6
1087360 1508.6
1087370 1510.4
1087380 1512.6
1087390 1512.6
1087400 1513.5
1087410 1514.5
1087420 1514.5
1087430 1516.1
1087440 1517.0
1087450 1517.0
1087460 1515.0
1087470 1513.6
1087480 1513.6
1087490 1517.3
1087500 1513.1
1087510 1513.1
1087520 1514.5
1087530 1515.8
1087540 1515.8
1087550 1523.3
1087560 1526.2
1087570 1526.2
1087580 1524.8
1087590 1530.7
1087600 1530.9
1087610 1530.9
1087620 1529.8
1087630 1529.8
1087640 1529.8
1087650 1531.3
1087660 1533.0
1087670 1533.0
1087680 1532.7
1087690 1534.2
1087700 1534.2
1087710 1539.8
1087720 1546.4
1087730 1546.4
1087740 1554.3
1087750 1562.7
1087760 1562.7
1087770 1567.8
1087780 1572.3
1087790 1574.5
1087800 1576.7
1087810 1581.6
1087820 1581.6
1087830 1589.1
1087840 1597.9
1087850 1597.9
1087860 1603.7
1087870 1610.4
1087880 1619.2
1087890 1619.2
1087900 1626.6
1087910 1632.6
1087920 1632.6
1087930 1640.5
1087940 1648.2
1087950 1648.2
1087960 1655.9
1087970 1663.1
1087980 1663.1
1087990 1670.7
1088000 1677.9
1088010 1677.9
1088020 1684.7
1088030 1691.5
1088040 1691.5
1088050 1697.7
1088060 1703.4
1088070 1703.4
1088080 1709.6
1088090 1715.6
1088100 1715.6
1088110 1719.6
1088120 1724.3
1088130 1724.3
1088140 1728.1
1088150 1732.7
1088160 1736.3
1088170 1736.3
1088180 1739.5
1088190 1742.7
1088200 1742.7
1088210 1746.0
1088220 1749.3
1088230 1749.3
1088240 1751.2
1088250 1751.9
1088260 1751.9
1088270 1747.7
1088280 1739.2
1088290 1739.2
1088300 1733.3
1088310 1728.3
1088320 1728.3
1088330 1721.9
1088340 1708.4
1088350 1708.4
1088360 1685.6
1088370 1674.6
1088380 1674.6
1088390 1667.8
1088400 1660.7
1088410 1660.7
1088420 1655.1
1088430 1651.6
1088440 1651.6
1088450 1646.2
1088460 1641.2
1088470 1636.6
1088480 1636.6
1088490 1631.9
1088500 1625.5
1088510 1625.5
1088520 1616.8
1088530 1611.5
1088540 1611.5
1088550 1607.6
1088560 1602.8
1088570 1602.8
1088580 1597.6
1088590 1592.6
1088600 1592.6
1088610 1587.5
1088620 1582.4
1088630 1582.4
1088640 1577.1
1088650 1572.8
1088660 1572.8
1088670 1568.7
1088680 1563.8
1088690 1563.8
1088700 1559.4
1088710 1555.6
1088720 1555.6
1088730 1552.8
1088740 1548.9
1088750 1548.1
1088760 1548.1
1088770 1549.0
1088780 1549.2
1088790 1549.2
1088800 1550.5
1088810 1553.0
1088820 1553.0
1088830 1554.7
1088840 1553.9
1088850 1553.9
1088860 1540.8
1088870 1530.4
1088880 1530.4
1088890 1522.3
1088900 1516.8
1088910 1516.8
1088920 1510.4
1088930 1503.5
1088940 1503.5
1088950 1497.1
1088960 1491.0
1088970 1491.0
1088980 1485.3
1088990 1480.0
1089000 1480.0
1089010 1475.6
1089020 1471.4
1089030 1467.0
1089040 1467.0
1089050 1461.6
1089060 1459.1
1089070 1459.1
1089080 1464.4
1089090 1463.1
1089100 1463.1
1089110 1461.1
1089120 1459.6
1089130 1459.6
1089140 1457.0
1089150 1454.5
1089160 1454.5
1089170 1452.1
1089180 1449.8
1089190 1449.8
1089200 1447.8
1089210 1445.5
1089220 1445.5
1089230 1442.6
1089240 1440.5
1089250 1440.5
1089260 1441.0
1089270 1440.4
1089280 1440.4
1089290 1439.4
1089300 1438.4
1089310 1438.4
1089320 1437.2
1089330 1434.5
1089340 1432.6
1089350 1432.6
1089360 1431.0
1089370 1429.2
1089380 1429.2
1089390 1427.6
1089400 1425.5
1089410 1425.5
1089420 1424.1
1089430 1423.3
1089440 1423.3
1089450 1423.3
1089460 1422.1
1089470 1422.1
1089480 1420.7
1089490 1419.0
1089500 1419.0
1089510 1416.9
1089520 1415.1
1089530 1415.1
1089540 1413.4
1089550 1411.4
1089560 1411.4
1089570 1408.0
1089580 1404.4
1089590 1404.4
1089600 1401.0
1089610 1397.1
1089620 1393.4
1089630 1393.4
1089640 1390.3
1089650 1387.1
1089660 1387.1
1089670 1384.3
1089680 1381.8
1089690 1381.8
1089700 1378.4
1089710 1375.6
1089720 1374.9
1089730 1372.2
1089740 1362.9
1089750 1362.9
1089760 1343.5
1089770 1332.3
1089780 1332.3
1089790 1324.9
1089800 1333.2
1089810 1333.2
1089820 1346.1
1089830 1355.0
1089840 1355.0
1089850 1357.0
1089860 1360.7
1089870 1360.7
1089880 1367.0
1089890 1368.0
1089900 1368.7
1089910 1368.7
1089920 1369.5
1089930 1369.5
1089940 1369.5
1089950 1369.5
1089960 1367.7
1089970 1367.7
1089980 1359.2
1089990 1351.3
1090000 1351.3
1090010 1342.3
1090020 1328.7
1090030 1328.7
1090040 1308.7
1090050 1313.9
1090060 1313.9
1090070 1324.1
1090080 1338.6
1090090 1338.6
1090100 1347.1
1090110 1350.8
1090120 1350.8
1090130 1356.0
1090140 1360.9
1090150 1360.9
1090160 1366.1
1090170 1371.9
1090180 1377.2
1090190 1377.2
1090200 1381.9
1090210 1385.0
1090220 1385.0
1090230 1388.1
1090240 1391.0
1090250 1391.0
1090260 1393.6
1090270 1395.9
1090280 1395.9
1090290 1399.8
1090300 1404.5
1090310 1404.5
1090320 1409.0
1090330 1413.4
1090340 1413.4
1090350 1417.2
1090360 1420.2
1090370 1412.8
1090380 1415.2
1090390 1420.4
1090400 1420.4
1090410 1425.3
1090420 1429.8
1090430 1429.8
1090440 1432.8
1090450 1435.8
1090460 1435.8
1090470 1438.5
1090480 1440.7
1090490 1443.3
1090500 1443.3
1090510 1445.5
1090520 1447.2
1090530 1447.2
1090540 1448.2
1090550 1448.1
1090560 1448.1
1090570 1448.0
1090580 1447.7
1090590 1447.7
1090600 1447.1
1090610 1445.8
1090620 1445.8
1090630 1445.6
1090640 1444.8
1090650 1444.8
1090660 1444.4
1090670 1443.9
1090680 1443.9
1090690 1437.6
1090700 1435.7
1090710 1435.7
1090720 1435.0
1090730 1433.4
1090740 1433.4
1090750 1432.2
1090760 1430.3
1090770 1428.5
1090780 1428.5
1090790 1426.9
1090800 1425.3
1090810 1425.3
1090820 1423.4
1090830 1420.7
1090840 1420.7
1090850 1417.6
1090860 1415.7
1090870 1415.7
1090880 1413.5
1090890 1405.4
1090900 1405.4
1090910 1392.7
1090920 1384.3
1090930 1384.3
1090940 1389.1
1090950 1395.7
1090960 1395.7
1090970 1394.3
1090980 1387.5
1090990 1387.5
1091000 1381.6
1091010 1371.2
1091020 1371.2
1091030 1376.2
1091040 1375.6
1091050 1365.3
1091060 1365.3
1091070 1356.2
1091080 1350.1
1091090 1350.1
1091100 1348.0
1091110 1348.6
1091120 1348.6
1091130 1349.1
1091140 1349.7
1091150 1349.7
1091160 1347.1
1091170 1343.5
1091180 1343.5
1091190 1341.2
1091200 1344.8
1091210 1344.8
1091220 1346.5
1091230 1346.0
1091240 1346.0
1091250 1342.5
1091260 1339.9
1091270 1339.9
1091280 1337.9
1091290 1333.2
1091300 1333.2
1091310 1335.1
1091320 1336.5
1091330 1336.5
1091340 1332.6
1091350 1333.7
1091360 1331.2
1091370 1331.2
1091380 1324.9
1091390 1319.6
1091400 1319.6
1091410 1312.9
1091420 1307.4
1091430 1307.4
1091440 1304.9
1091450 1294.5
1091460 1294.5
1091470 1283.5
1091480 1274.5
1091490 1274.5
1091500 1272.5
1091510 1273.3
1091520 1273.3
1091530 1270.0
1091540 1260.6
1091550 1260.6
1091560 1250.3
1091570 1245.8
1091580 1245.8
1091590 1248.7
1091600 1251.0
1091610 1251.0
1091620 1255.7
1091630 1256.4
1091640 1250.8
1091650 1250.8
1091660 1235.8
1091670 1233.3
1091680 1233.3
1091690 1230.3
1091700 1218.5
1091710 1218.5
1091720 1207.2
1091730 1207.7
1091740 1207.7
1091750 1200.6
1091760 1198.5
1091770 1198.5
1091780 1197.7
1091790 1195.6
1091800 1195.6
1091810 1192.0
1091820 1191.4
1091830 1191.4
1091840 1195.4
1091850 1196.9
1091860 1196.9
1091870 1196.3
1091880 1196.1
1091890 1196.1
1091900 1193.1
1091910 1188.2
1091920 1187.5
1091930 1187.5
1091940 1187.0
1091950 1186.4
1091960 1186.4
1091970 1184.0
1091980 1182.1
1091990 1173.3
1092000 1168.4
1092010 1164.7
1092020 1164.7
1092030 1162.9
1092040 1161.0
1092050 1161.0
1092060 1160.2
1092070 1159.7
1092080 1159.7
1092090 1160.1
1092100 1161.7
1092110 1161.7
1092120 1162.1
1092130 1158.9
1092140 1158.9
1092150 1152.9
1092160 1148.8
1092170 1148.8
1092180 1147.9
1092190 1146.9
1092200 1146.9
1092210 1146.2
1092220 1146.7
1092230 1146.8
1092240 1146.8
1092250 1147.0
1092260 1147.0
1092270 1147.0
1092280 1147.9
1092290 1154.6
1092300 1154.6
1092310 1155.9
1092320 1162.2
1092330 1162.2
1092340 1165.1
1092350 1165.3
1092360 1165.3
1092370 1162.1
1092380 1159.1
1092390 1159.1
1092400 1156.2
1092410 1154.0
1092420 1154.0
1092430 1148.5
1092440 1145.3
1092450 1145.3
1092460 1145.6
1092470 1145.2
1092480 1145.2
1092490 1143.8
1092500 1141.8
1092510 1139.5
1092520 1139.5
1092530 1135.8
1092540 1131.5
1092550 1131.5
1092560 1128.0
1092570 1125.5
1092580 1125.5
1092590 1123.3
1092600 1121.1
1092610 1121.1
1092620 1119.0
1092630 1116.0
1092640 1113.9
1092650 1111.5
1092660 1108.2
1092670 1108.2
1092680 1105.0
1092690 1101.9
1092700 1101.9
1092710 1100.6
1092720 1100.7
1092730 1100.7
1092740 1098.8
1092750 1094.9
1092760 1094.9
1092770 1090.0
1092780 1086.9
1092790 1083.2
1092800 1083.2
1092810 1079.9
1092820 1077.6
1092830 1077.6
1092840 1075.6
1092850 1072.3
1092860 1072.3
1092870 1068.9
1092880 1066.4
1092890 1066.4
1092900 1065.3
1092910 1063.6
1092920 1063.6
1092930 1060.3
1092940 1054.5
1092950 1054.5
1092960 1047.5
1092970 1044.2
1092980 1044.2
1092990 1041.4
1093000 1039.4
1093010 1039.4
1093020 1036.4
1093030 1030.5
1093040 1030.5
1093050 1025.3
1093060 1025.2
1093070 1021.1
1093080 1021.1
1093090 1013.1
1093100 1004.8
1093110 1004.8
1093120 1001.2
1093130 999.5
1093140 999.5
1093150 998.1
1093160 997.6
1093170 997.6
1093180 997.6
1093190 998.0
1093200 998.0
1093210 998.0
1093220 997.8
1093230 997.8
1093240 997.5
1093250 997.2
1093260 997.2
1093270 997.1
1093280 996.8
1093290 997.9
1093300 1000.2
1093310 1004.2
1093320 1004.2
1093330 1009.3
1093340 1011.6
1093350 1011.6
1093360 1013.0
1093370 1018.1
1093380 1022.3
1093390 1022.3
1093400 1025.6
1093410 1028.6
1093420 1028.6
1093430 1033.8
1093440 1039.1
1093450 1039.1
1093460 1046.6
1093470 1051.7
1093480 1051.7
1093490 1052.2
1093500 1052.5
1093510 1052.5
1093520 1053.6
1093530 1057.2
1093540 1057.2
1093550 1061.8
1093560 1063.3
1093570 1063.3
1093580 1063.8
1093590 1065.0
1093600 1065.0
1093610 1070.8
1093620 1073.3
1093630 1073.3
1093640 1075.3
1093650 1077.4
1093660 1079.8
1093670 1079.8
1093680 1081.9
1093690 1085.3
1093700 1085.3
1093710 1086.4
1093720 1085.7
1093730 1085.7
1093740 1087.2
1093750 1089.4
1093760 1089.4
1093770 1092.1
1093780 1093.8
1093790 1093.8
1093800 1095.1
1093810 1095.5
1093820 1095.5
1093830 1095.4
1093840 1095.4
1093850 1095.4
1093860 1097.3
1093870 1098.9
1093880 1098.9
1093890 1096.5
1093900 1096.7
1093910 1096.7
1093920 1099.6
1093930 1102.1
1093940 1109.1
1093950 1109.1
1093960 1112.1
1093970 1114.3
1093980 1114.3
1093990 1120.3
1094000 1122.9
1094010 1122.9
1094020 1123.9
1094030 1126.0
1094040 1126.0
1094050 1121.7
1094060 1122.1
1094070 1122.1
1094080 1126.9
1094090 1133.9
1094100 1133.9
1094110 1139.1
1094120 1144.8
1094130 1144.8
1094140 1149.8
1094150 1153.7
1094160 1153.7
1094170 1157.1
1094180 1159.5
1094190 1159.5
1094200 1162.4
1094210 1164.9
1094220 1164.9
1094230 1168.1
1094240 1171.2
1094250 1175.7
1094260 1175.7
1094270 1185.2
1094280 1186.5
1094290 1186.5
1094300 1188.6
1094310 1192.0
1094320 1192.0
1094330 1195.1
1094340 1198.5
1094350 1198.5
1094360 1202.2
1094370 1206.8
1094380 1206.8
1094390 1211.8
1094400 1217.0
1094410 1217.0
1094420 1223.9
1094430 1229.1
1094440 1229.1
1094450 1233.0
1094460 1238.0
1094470 1238.0
1094480 1243.4
1094490 1249.8
1094500 1249.8
1094510 1257.5
1094520 1261.8
1094530 1265.6
1094540 1265.6
1094550 1269.6
1094560 1275.8
1094570 1275.8
1094580 1282.3
1094590 1295.6
1094600 1295.6
1094610 1301.2
1094620 1304.1
1094630 1304.1
1094640 1305.9
1094650 1307.6
1094660 1307.6
1094670 1308.8
1094680 1309.6
1094690 1309.6
1094700 1310.0
1094710 1311.2
1094720 1311.2
1094730 1312.7
1094740 1314.5
1094750 1314.5
1094760 1316.7
1094770 1317.6
1094780 1317.6
1094790 1319.2
1094800 1320.8
1094810 1322.8
1094820 1322.8
1094830 1324.2
1094840 1324.3
1094850 1324.3
1094860 1324.5
1094870 1326.6
1094880 1326.6
1094890 1327.4
1094900 1327.8
1094910 1327.8
1094920 1329.4
1094930 1329.6
1094940 1329.6
1094950 1329.7
1094960 1330.3
1094970 1330.3
1094980 1331.0
1094990 1334.2
1095000 1334.2
1095010 1338.2
1095020 1341.5
1095030 1341.5
1095040 1345.3
1095050 1348.1
1095060 1348.1
1095070 1349.5
1095080 1353.3
1095090 1360.5
1095100 1360.5
1095110 1364.7
1095120 1366.1
1095130 1366.1
1095140 1364.9
1095150 1360.0
1095160 1360.0
1095170 1354.5
1095180 1350.3
1095190 1350.3
1095200 1352.0
1095210 1353.1
1095220 1353.1
1095230 1353.3
1095240 1354.1
1095250 1357.1
1095260 1357.5
1095270 1357.4
1095280 1357.4
1095290 1357.2
1095300 1356.6
1095310 1356.6
1095320 1354.6
1095330 1352.9
1095340 1352.9
1095350 1352.7
1095360 1351.3
1095370 1351.3
1095380 1349.7
1095390 1347.0
1095400 1343.8
1095410 1343.8
1095420 1342.5
1095430 1344.6
1095440 1344.6
1095450 1345.8
1095460 1346.9
1095470 1346.9
1095480 1346.6
1095490 1345.1
1095500 1345.1
1095510 1342.3
1095520 1344.6
1095530 1344.6
1095540 1349.2
1095550 1353.9
1095560 1353.9
1095570 1363.2
1095580 1367.6
1095590 1367.6
1095600 1372.1
1095610 1376.4
1095620 1376.4
1095630 1380.0
1095640 1384.3
1095650 1384.3
1095660 1389.8
1095670 1394.5
1095680 1398.1
1095690 1398.1
1095700 1400.6
1095710 1401.9
1095720 1401.9
1095730 1402.2
1095740 1401.8
1095750 1401.8
1095760 1403.5
1095770 1406.8
1095780 1406.8
1095790 1407.3
1095800 1409.1
1095810 1409.1
1095820 1412.6
1095830 1416.2
1095840 1416.2
1095850 1418.5
1095860 1420.3
1095870 1420.3
1095880 1423.3
1095890 1425.0
1095900 1426.8
1095910 1424.6
1095920 1421.3
1095930 1421.3
1095940 1418.8
1095950 1416.3
1095960 1412.9
1095970 1412.9
1095980 1408.8
1095990 1403.4
1096000 1403.4
1096010 1396.6
1096020 1390.3
1096030 1390.3
1096040 1385.7
1096050 1381.5
1096060 1381.5
1096070 1377.4
1096080 1374.7
1096090 1374.7
1096100 1372.8
1096110 1370.5
1096120 1370.5
1096130 1369.0
1096140 1367.8
1096150 1367.8
1096160 1365.1
1096170 1360.4
1096180 1360.4
1096190 1356.9
1096200 1354.3
1096210 1354.3
1096220 1351.2
1096230 1351.6
1096240 1351.6
1096250 1346.6
1096260 1342.4
1096270 1338.9
1096280 1338.9
1096290 1334.6
1096300 1329.5
1096310 1329.5
1096320 1323.6
1096330 1316.9
1096340 1316.9
1096350 1308.6
1096360 1301.0
1096370 1301.0
1096380 1295.0
1096390 1289.2
1096400 1289.2
1096410 1283.4
1096420 1281.8
1096430 1281.8
1096440 1287.2
1096450 1294.2
1096460 1294.2
1096470 1295.8
1096480 1296.7
1096490 1296.7
1096500 1298.4
1096510 1299.3
1096520 1299.3
1096530 1299.9
1096540 1302.2
1096550 1305.0
1096560 1309.8
1096570 1312.3
1096580 1314.3
1096590 1314.3
1096600 1318.4
1096610 1322.5
1096620 1322.5
1096630 1325.4
1096640 1328.3
1096650 1328.3
1096660 1331.7
1096670 1335.0
1096680 1335.0
1096690 1339.1
1096700 1343.0
1096710 1343.0
1096720 1345.2
1096730 1345.6
1096740 1345.6
1096750 1346.3
1096760 1348.7
1096770 1348.7
1096780 1351.6
1096790 1355.3
1096800 1355.3
1096810 1358.4
1096820 1363.2
1096830 1367.5
1096840 1367.5
1096850 1373.0
1096860 1380.5
1096870 1380.5
1096880 1389.5
1096890 1393.4
1096900 1393.4
1096910 1398.7
1096920 1402.9
1096930 1402.9
1096940 1407.9
1096950 1413.3
1096960 1413.3
1096970 1416.2
1096980 1419.2
1096990 1419.2
1097000 1421.5
1097010 1423.3
1097020 1423.3
1097030 1425.2
1097040 1427.3
1097050 1427.3
1097060 1429.7
1097070 1432.0
1097080 1432.0
1097090 1433.9
1097100 1435.3
1097110 1436.7
1097120 1436.7
1097130 1438.0
1097140 1439.7
1097150 1439.7
1097160 1441.6
1097170 1443.9
1097180 1443.9
1097190 1446.3
1097200 1448.7
1097210 1451.1
1097220 1455.7
1097230 1459.4
1097240 1459.4
1097250 1463.7
1097260 1467.1
1097270 1467.1
1097280 1469.9
1097290 1472.3
1097300 1472.3
1097310 1474.7
1097320 1477.0
1097330 1477.0
1097340 1479.4
1097350 1481.9
1097360 1481.9
1097370 1484.2
1097380 1487.0
1097390 1487.0
1097400 1490.3
1097410 1494.3
1097420 1498.1
1097430 1498.1
1097440 1500.5
1097450 1502.7
1097460 1502.7
1097470 1504.4
1097480 1506.0
1097490 1506.0
1097500 1507.8
1097510 1509.4
1097520 1509.4
1097530 1511.9
1097540 1518.5
1097550 1518.5
1097560 1521.9
1097570 1524.9
1097580 1524.9
1097590 1528.1
1097600 1532.5
1097610 1532.5
1097620 1536.5
1097630 1539.9
1097640 1539.9
1097650 1543.3
1097660 1546.1
1097670 1546.1
1097680 1548.8
1097690 1552.3
1097700 1556.9
1097710 1556.9
1097720 1562.1
1097730 1565.6
1097740 1565.6
1097750 1568.6
1097760 1570.8
1097770 1570.8
1097780 1573.2
1097790 1575.5
1097800 1575.5
1097810 1577.7
1097820 1579.9
1097830 1579.9
1097840 1583.1
1097850 1584.2
1097860 1584.2
1097870 1592.0
1097880 1594.6
1097890 1594.6
1097900 1597.4
1097910 1600.6
1097920 1600.6
1097930 1600.4
1097940 1600.9
1097950 1600.9
1097960 1602.9
1097970 1606.1
1097980 1608.8
1097990 1608.8
1098000 1611.5
1098010 1615.1
1098020 1615.1
1098030 1619.9
1098040 1623.7
1098050 1623.7
1098060 1627.7
1098070 1631.8
1098080 1631.8
1098090 1635.4
1098100 1639.1
1098110 1639.1
1098120 1642.3
1098130 1645.4
1098140 1645.4
1098150 1648.7
1098160 1651.5
1098170 1651.5
1098180 1654.9
1098190 1658.9
1098200 1660.7
1098210 1663.4
1098220 1665.7
1098230 1665.7
1098240 1667.8
1098250 1669.9
1098260 1669.9
1098270 1671.7
1098280 1673.4
1098290 1674.7
1098300 1674.7
1098310 1675.6
1098320 1673.8
1098330 1673.8
1098340 1668.9
1098350 1664.0
1098360 1664.0
1098370 1659.8
1098380 1655.5
1098390 1655.5
1098400 1652.5
1098410 1650.2
1098420 1650.2
1098430 1647.5
1098440 1644.3
1098450 1644.3
1098460 1641.6
1098470 1639.4
1098480 1639.4
1098490 1637.2
1098500 1635.5
1098510 1635.5
1098520 1634.3
1098530 1631.4
1098540 1631.4
1098550 1629.6
1098560 1627.9
1098570 1625.5
1098580 1625.5
1098590 1622.4
1098600 1620.4
1098610 1620.4
1098620 1618.6
1098630 1616.7
1098640 1616.7
1098650 1614.9
1098660 1614.2
1098670 1614.2
1098680 1612.5
1098690 1609.5
1098700 1609.5
1098710 1606.5
1098720 1603.3
1098730 1603.3
1098740 1599.9
1098750 1597.1
1098760 1597.1
1098770 1594.1
1098780 1591.0
1098790 1591.0
1098800 1588.1
1098810 1585.1
1098820 1585.1
1098830 1582.4
1098840 1580.2
1098850 1577.9
1098860 1577.4
1098870 1574.7
1098880 1573.0
1098890 1573.0
1098900 1571.4
1098910 1569.0
1098920 1569.0
1098930 1566.7
1098940 1564.9
1098950 1564.9
1098960 1562.7
1098970 1556.8
1098980 1556.8
1098990 1548.5
1099000 1540.5
1099010 1540.5
1099020 1533.7
1099030 1528.2
1099040 1528.2
1099050 1524.1
1099060 1520.1
1099070 1520.1
1099080 1516.5
1099090 1513.1
1099100 1513.1
1099110 1511.6
1099120 1510.2
1099130 1508.1
1099140 1508.1
1099150 1505.4
1099160 1503.9
1099170 1503.9
1099180 1502.0
1099190 1499.6
1099200 1499.6
1099210 1497.8
1099220 1495.3
1099230 1495.3
1099240 1493.2
1099250 1491.5
1099260 1491.5
1099270 1489.3
1099280 1487.7
1099290 1487.7
1099300 1484.6
1099310 1482.1
1099320 1482.1
1099330 1479.8
1099340 1477.6
1099350 1477.6
1099360 1474.8
1099370 1473.2
1099380 1473.2
1099390 1471.8
1099400 1470.0
1099410 1470.0
1099420 1468.4
1099430 1466.9
1099440 1464.8
1099450 1464.8
1099460 1462.7
1099470 1460.6
1099480 1460.6
1099490 1459.7
1099500 1459.5
1099510 1459.5
1099520 1457.4
1099530 1455.2
1099540 1455.2
1099550 1454.0
1099560 1453.3
1099570 1453.3
1099580 1452.8
1099590 1452.3
1099600 1452.3
1099610 1452.0
1099620 1451.6
1099630 1451.6
1099640 1451.4
1099650 1450.7
1099660 1450.7
1099670 1450.4
1099680 1450.4
1099690 1450.4
1099700 1451.4
1099710 1453.6
1099720 1454.7
1099730 1454.7
1099740 1455.1
1099750 1456.0
1099760 1456.0
1099770 1457.4
1099780 1459.6
1099790 1459.6
1099800 1461.2
1099810 1462.6
1099820 1462.6
1099830 1464.5
1099840 1466.4
1099850 1466.4
1099860 1466.0
1099870 1467.1
1099880 1467.1
1099890 1469.8
1099900 1473.0
1099910 1473.0
1099920 1476.9
1099930 1480.7
1099940 1480.7
1099950 1483.8
1099960 1485.8
1099970 1485.8
1099980 1488.6
1099990 1492.8
