1080000 1103.3
1080010 1103.3
1080020 1103.9
1080030 1109.1
1080040 1114.1
1080050 1114.1
1080060 1117.0
1080070 1119.8
1080080 1119.8
1080090 1122.7
1080100 1125.4
1080110 1125.4
1080120 1127.8
1080130 1131.0
1080140 1131.0
1080150 1134.7
1080160 1139.0
1080170 1139.0
1080180 1142.7
1080190 1145.9
1080200 1145.9
1080210 1148.8
1080220 1150.7
1080230 1150.7
1080240 1151.0
1080250 1151.9
1080260 1151.9
1080270 1152.6
1080280 1152.1
1080290 1152.1
1080300 1154.8
1080310 1158.9
1080320 1163.6
1080330 1163.6
1080340 1169.2
1080350 1174.4
1080360 1174.4
1080370 1184.6
1080380 1196.4
1080390 1196.4
1080400 1210.2
1080410 1223.2
1080420 1223.2
1080430 1232.8
1080440 1241.9
1080450 1241.9
1080460 1249.1
1080470 1252.5
1080480 1252.5
1080490 1254.3
1080500 1256.2
1080510 1256.2
1080520 1257.8
1080530 1258.9
1080540 1258.9
1080550 1259.3
1080560 1259.0
1080570 1259.0
1080580 1258.4
1080590 1258.5
1080600 1259.3
1080610 1259.3
1080620 1259.2
1080630 1257.1
1080640 1257.1
1080650 1256.1
1080660 1255.5
1080670 1255.5
1080680 1253.9
1080690 1251.0
1080700 1251.0
1080710 1247.9
1080720 1244.4
1080730 1244.4
1080740 1243.2
1080750 1243.2
1080760 1243.2
1080770 1242.7
1080780 1242.0
1080790 1242.0
1080800 1241.3
1080810 1240.5
1080820 1240.5
1080830 1242.2
1080840 1244.1
1080850 1244.1
1080860 1246.9
1080870 1248.8
1080880 1248.8
1080890 1253.0
1080900 1257.3
1080910 1260.6
1080920 1260.6
1080930 1265.0
1080940 1271.7
1080950 1271.7
1080960 1276.7
1080970 1278.2
1080980 1278.2
1080990 1279.5
1081000 1284.7
1081010 1284.7
1081020 1288.3
1081030 1289.6
1081040 1289.6
1081050 1291.6
1081060 1292.7
1081070 1292.7
1081080 1298.2
1081090 1301.2
1081100 1301.2
1081110 1305.2
1081120 1307.7
1081130 1307.7
1081140 1310.9
1081150 1315.2
1081160 1315.2
1081170 1318.3
1081180 1320.6
1081190 1323.4
1081200 1323.4
1081210 1324.8
1081220 1328.3
1081230 1328.3
1081240 1333.3
1081250 1337.6
1081260 1340.2
1081270 1345.0
1081280 1347.8
1081290 1347.8
1081300 1351.2
1081310 1354.1
1081320 1354.1
1081330 1355.9
1081340 1358.1
1081350 1358.1
1081360 1364.5
1081370 1373.4
1081380 1373.4
1081390 1381.3
1081400 1388.1
1081410 1388.1
1081420 1394.9
1081430 1401.0
1081440 1401.0
1081450 1407.4
1081460 1413.6
1081470 1419.5
1081480 1419.5
1081490 1425.0
1081500 1430.2
1081510 1430.2
1081520 1435.5
1081530 1440.0
1081540 1440.0
1081550 1444.3
1081560 1447.6
1081570 1447.6
1081580 1455.2
1081590 1458.7
1081600 1458.7
1081610 1462.0
1081620 1465.4
1081630 1465.4
1081640 1468.7
1081650 1471.6
1081660 1471.6
1081670 1471.7
1081680 1474.2
1081690 1474.2
1081700 1478.7
1081710 1484.3
1081720 1484.3
1081730 1489.9
1081740 1496.4
1081750 1496.4
1081760 1502.9
1081770 1508.2
1081780 1513.3
1081790 1513.3
1081800 1518.2
1081810 1522.9
1081820 1522.9
1081830 1527.7
1081840 1532.3
1081850 1532.3
1081860 1536.6
1081870 1540.8
1081880 1540.8
1081890 1551.2
1081900 1554.7
1081910 1554.7
1081920 1558.5
1081930 1561.6
1081940 1561.6
1081950 1564.2
1081960 1565.6
1081970 1565.6
1081980 1566.6
1081990 1568.3
1082000 1568.3
1082010 1569.8
1082020 1570.2
1082030 1570.2
1082040 1570.1
1082050 1569.6
1082060 1569.3
1082070 1569.3
1082080 1569.8
1082090 1570.0
1082100 1570.0
1082110 1569.8
1082120 1571.0
1082130 1571.0
1082140 1572.8
1082150 1573.8
1082160 1573.8
1082170 1575.2
1082180 1576.1
1082190 1576.1
1082200 1575.3
1082210 1569.4
1082220 1569.4
1082230 1565.9
1082240 1559.5
1082250 1559.5
1082260 1552.2
1082270 1546.2
1082280 1546.2
1082290 1540.2
1082300 1533.9
1082310 1533.9
1082320 1528.7
1082330 1521.9
1082340 1521.9
1082350 1512.9
1082360 1506.1
1082370 1500.2
1082380 1500.2
1082390 1496.0
1082400 1491.7
1082410 1491.7
1082420 1487.8
1082430 1485.9
1082440 1485.9
1082450 1484.5
1082460 1482.4
1082470 1482.4
1082480 1480.6
1082490 1479.0
1082500 1479.0
1082510 1476.7
1082520 1473.9
1082530 1468.0
1082540 1465.8
1082550 1462.7
1082560 1462.7
1082570 1458.5
1082580 1456.1
1082590 1456.1
1082600 1453.2
1082610 1449.7
1082620 1449.7
1082630 1445.7
1082640 1441.6
1082650 1435.3
1082660 1435.3
1082670 1427.5
1082680 1423.3
1082690 1423.3
1082700 1419.5
1082710 1414.3
1082720 1414.3
1082730 1409.6
1082740 1405.6
1082750 1405.6
1082760 1403.6
1082770 1399.0
1082780 1399.0
1082790 1393.4
1082800 1388.2
1082810 1388.2
1082820 1383.4
1082830 1379.3
1082840 1374.9
1082850 1373.1
1082860 1369.1
1082870 1369.1
1082880 1360.5
1082890 1351.2
1082900 1351.2
1082910 1343.9
1082920 1342.7
1082930 1345.6
1082940 1345.6
1082950 1349.0
1082960 1351.5
1082970 1351.5
1082980 1346.4
1082990 1336.8
1083000 1336.8
1083010 1328.9
1083020 1321.0
1083030 1321.0
1083040 1321.2
1083050 1332.5
1083060 1332.5
1083070 1341.2
1083080 1346.2
1083090 1346.2
1083100 1346.5
1083110 1345.1
1083120 1345.1
1083130 1344.2
1083140 1341.3
1083150 1341.3
1083160 1329.7
1083170 1325.2
1083180 1325.2
1083190 1321.0
1083200 1321.3
1083210 1321.3
1083220 1328.0
1083230 1335.4
1083240 1340.5
1083250 1340.5
1083260 1346.4
1083270 1349.6
1083280 1349.6
1083290 1353.8
1083300 1358.2
1083310 1358.2
1083320 1357.7
1083330 1357.5
1083340 1357.5
1083350 1358.3
1083360 1360.2
1083370 1360.2
1083380 1363.5
1083390 1365.8
1083400 1365.8
1083410 1366.2
1083420 1367.2
1083430 1367.2
1083440 1371.9
1083450 1371.7
1083460 1371.7
1083470 1372.8
1083480 1370.2
1083490 1370.2
1083500 1374.2
1083510 1376.6
1083520 1377.8
1083530 1377.8
1083540 1377.9
1083550 1378.4
1083560 1378.4
1083570 1379.0
1083580 1380.6
1083590 1380.6
1083600 1382.3
1083610 1386.8
1083620 1386.8
1083630 1386.5
1083640 1389.6
1083650 1389.6
1083660 1394.2
1083670 1399.5
1083680 1399.5
1083690 1402.8
1083700 1405.4
1083710 1405.4
1083720 1407.5
1083730 1411.9
1083740 1411.9
1083750 1416.1
1083760 1419.3
1083770 1419.3
1083780 1421.9
1083790 1425.2
1083800 1424.2
1083810 1424.2
1083820 1429.0
1083830 1431.2
1083840 1431.2
1083850 1433.3
1083860 1435.7
1083870 1435.7
1083880 1439.5
1083890 1443.8
1083900 1443.8
1083910 1446.0
1083920 1448.1
1083930 1448.1
1083940 1450.4
1083950 1452.9
1083960 1452.9
1083970 1457.8
1083980 1461.7
1083990 1461.7
1084000 1466.7
1084010 1471.6
1084020 1471.6
1084030 1476.5
1084040 1481.5
1084050 1481.5
1084060 1487.7
1084070 1493.8
1084080 1493.8
1084090 1500.9
1084100 1507.5
1084110 1513.4
1084120 1510.7
1084130 1516.4
1084140 1521.7
1084150 1521.7
1084160 1526.5
1084170 1527.3
1084180 1527.3
1084190 1519.0
1084200 1508.3
1084210 1508.3
1084220 1499.7
1084230 1490.9
1084240 1490.9
1084250 1481.6
1084260 1472.2
1084270 1472.2
1084280 1461.7
1084290 1453.4
1084300 1453.4
1084310 1445.0
1084320 1437.8
1084330 1437.8
1084340 1430.3
1084350 1421.4
1084360 1421.4
1084370 1414.7
1084380 1408.2
1084390 1400.9
1084400 1400.9
1084410 1393.6
1084420 1386.2
1084430 1389.1
1084440 1380.9
1084450 1375.7
1084460 1375.7
1084470 1371.0
1084480 1363.8
1084490 1363.8
1084500 1357.1
1084510 1350.7
1084520 1350.7
1084530 1344.2
1084540 1338.0
1084550 1338.0
1084560 1331.6
1084570 1325.1
1084580 1325.1
1084590 1318.1
1084600 1311.0
1084610 1311.0
1084620 1305.7
1084630 1299.4
1084640 1299.4
1084650 1294.9
1084660 1294.4
1084670 1291.9
1084680 1291.9
1084690 1291.8
1084700 1287.8
1084710 1287.8
1084720 1285.0
1084730 1284.4
1084740 1284.4
1084750 1282.3
1084760 1279.8
1084770 1279.8
1084780 1273.7
1084790 1269.3
1084800 1269.3
1084810 1267.2
1084820 1263.2
1084830 1263.2
1084840 1259.8
1084850 1256.6
1084860 1256.6
1084870 1252.4
1084880 1248.6
1084890 1248.6
1084900 1244.9
1084910 1242.4
1084920 1242.4
1084930 1240.7
1084940 1237.9
1084950 1237.9
1084960 1235.8
1084970 1233.0
1084980 1230.2
1084990 1230.2
1085000 1229.3
1085010 1228.3
1085020 1228.3
1085030 1225.8
1085040 1223.6
1085050 1223.6
1085060 1220.8
1085070 1223.0
1085080 1223.0
1085090 1218.9
1085100 1214.6
1085110 1214.6
1085120 1210.0
1085130 1204.8
1085140 1204.8
1085150 1198.4
1085160 1191.9
1085170 1191.9
1085180 1185.3
1085190 1180.7
1085200 1180.7
1085210 1176.6
1085220 1172.0
1085230 1172.0
1085240 1167.1
1085250 1162.2
1085260 1157.9
1085270 1157.9
1085280 1153.5
1085290 1149.7
1085300 1149.7
1085310 1146.4
1085320 1143.2
1085330 1143.2
1085340 1140.0
1085350 1135.7
1085360 1135.7
1085370 1131.3
1085380 1126.9
1085390 1125.5
1085400 1122.4
1085410 1120.0
1085420 1120.0
1085430 1117.1
1085440 1113.7
1085450 1113.7
1085460 1109.5
1085470 1107.1
1085480 1107.1
1085490 1106.1
1085500 1103.4
1085510 1103.4
1085520 1100.0
1085530 1096.2
1085540 1089.8
1085550 1089.8
1085560 1084.7
1085570 1084.3
1085580 1084.3
1085590 1086.6
1085600 1090.5
1085610 1090.5
1085620 1095.4
1085630 1100.8
1085640 1100.8
1085650 1106.3
1085660 1109.3
1085670 1109.3
1085680 1111.5
1085690 1114.5
1085700 1114.5
1085710 1114.7
1085720 1115.7
1085730 1115.7
1085740 1116.0
1085750 1117.4
1085760 1117.4
1085770 1118.3
1085780 1118.8
1085790 1118.8
1085800 1120.7
1085810 1124.0
1085820 1124.0
1085830 1127.6
1085840 1132.5
1085850 1141.2
1085860 1141.2
1085870 1152.2
1085880 1161.7
1085890 1161.7
1085900 1167.6
1085910 1172.8
1085920 1172.8
1085930 1177.5
1085940 1179.2
1085950 1179.2
1085960 1179.0
1085970 1178.7
1085980 1178.7
1085990 1178.9
1086000 1180.0
1086010 1180.0
1086020 1181.4
1086030 1182.8
1086040 1182.8
1086050 1184.4
1086060 1186.0
1086070 1186.0
1086080 1186.7
1086090 1187.1
1086100 1187.1
1086110 1185.4
1086120 1180.7
1086130 1176.0
1086140 1176.0
1086150 1179.5
1086160 1186.9
1086170 1186.9
1086180 1196.9
1086190 1203.1
1086200 1203.1
1086210 1208.7
1086220 1214.6
1086230 1214.6
1086240 1219.5
1086250 1223.2
1086260 1223.2
1086270 1227.6
1086280 1232.1
1086290 1232.1
1086300 1236.1
1086310 1240.4
1086320 1240.4
1086330 1245.2
1086340 1249.6
1086350 1249.8
1086360 1254.1
1086370 1258.5
1086380 1258.5
1086390 1263.0
1086400 1267.4
1086410 1271.9
1086420 1271.9
1086430 1276.6
1086440 1280.9
1086450 1280.9
1086460 1284.7
1086470 1287.8
1086480 1287.8
1086490 1289.9
1086500 1292.1
1086510 1292.1
1086520 1294.5
1086530 1297.1
1086540 1297.1
1086550 1299.8
1086560 1302.3
1086570 1302.3
1086580 1305.0
1086590 1308.0
1086600 1308.0
1086610 1310.6
1086620 1314.2
1086630 1314.2
1086640 1318.7
1086650 1323.0
1086660 1323.0
1086670 1329.7
1086680 1332.9
1086690 1332.9
1086700 1336.0
1086710 1339.2
1086720 1342.5
1086730 1342.5
1086740 1345.8
1086750 1348.7
1086760 1348.7
1086770 1351.7
1086780 1354.7
1086790 1354.7
1086800 1357.5
1086810 1360.6
1086820 1360.6
1086830 1362.8
1086840 1364.5
1086850 1364.5
1086860 1368.1
1086870 1373.3
1086880 1373.3
1086890 1376.8
1086900 1378.3
1086910 1378.3
1086920 1379.9
1086930 1382.2
1086940 1382.2
1086950 1385.4
1086960 1388.6
1086970 1388.6
1086980 1391.8
1086990 1392.7
1087000 1394.1
1087010 1394.1
1087020 1395.5
1087030 1398.0
1087040 1398.0
1087050 1405.9
1087060 1413.1
1087070 1413.1
1087080 1420.7
1087090 1425.7
1087100 1425.7
1087110 1429.6
1087120 1432.5
1087130 1432.5
1087140 1435.8
1087150 1438.8
1087160 1438.8
1087170 1442.5
1087180 1445.7
1087190 1445.7
1087200 1448.9
1087210 1452.7
1087220 1452.7
1087230 1456.7
1087240 1459.6
1087250 1459.6
1087260 1462.8
1087270 1466.3
1087280 1469.9
1087290 1469.9
1087300 1473.1
1087310 1472.0
1087320 1472.0
1087330 1474.3
1087340 1478.2
1087350 1478.2
1087360 1482.6
1087370 1487.6
1087380 1487.6
1087390 1493.1
1087400 1497.8
1087410 1497.8
1087420 1499.4
1087430 1500.8
1087440 1500.8
1087450 1500.1
1087460 1499.8
1087470 1499.8
1087480 1504.5
1087490 1511.3
1087500 1511.3
1087510 1518.8
1087520 1522.2
1087530 1522.2
1087540 1521.2
1087550 1523.7
1087560 1523.7
1087570 1525.7
1087580 1527.9
1087590 1528.3
1087600 1528.3
1087610 1527.9
1087620 1530.1
1087630 1525.2
1087640 1526.4
1087650 1529.0
1087660 1529.0
1087670 1532.3
1087680 1534.8
1087690 1534.8
1087700 1536.2
1087710 1535.3
1087720 1535.3
1087730 1533.4
1087740 1540.3
1087750 1540.3
1087760 1548.4
1087770 1556.2
1087780 1556.2
1087790 1565.4
1087800 1572.6
1087810 1572.6
1087820 1579.9
1087830 1587.3
1087840 1587.3
1087850 1593.0
1087860 1599.5
1087870 1601.9
1087880 1601.9
1087890 1603.6
1087900 1609.2
1087910 1609.2
1087920 1618.0
1087930 1626.9
1087940 1626.9
1087950 1636.4
1087960 1640.7
1087970 1640.7
1087980 1645.0
1087990 1648.9
1088000 1648.9
1088010 1653.0
1088020 1657.2
1088030 1657.2
1088040 1662.3
1088050 1666.0
1088060 1666.0
1088070 1670.2
1088080 1674.5
1088090 1674.5
1088100 1679.8
1088110 1686.2
1088120 1686.2
1088130 1691.8
1088140 1696.1
1088150 1698.7
1088160 1698.7
1088170 1701.7
1088180 1707.1
1088190 1707.1
1088200 1712.7
1088210 1717.4
1088220 1717.4
1088230 1718.3
1088240 1717.1
1088250 1717.1
1088260 1715.3
1088270 1707.2
1088280 1707.2
1088290 1701.7
1088300 1696.2
1088310 1696.2
1088320 1691.0
1088330 1689.0
1088340 1689.0
1088350 1687.1
1088360 1682.3
1088370 1682.3
1088380 1677.4
1088390 1673.7
1088400 1673.7
1088410 1670.5
1088420 1667.3
1088430 1667.3
1088440 1665.2
1088450 1663.2
1088460 1660.9
1088470 1660.9
1088480 1659.2
1088490 1657.8
1088500 1657.8
1088510 1655.2
1088520 1653.4
1088530 1653.4
1088540 1651.2
1088550 1649.2
1088560 1649.2
1088570 1647.3
1088580 1646.8
1088590 1646.8
1088600 1643.4
1088610 1642.6
1088620 1642.6
1088630 1641.1
1088640 1639.4
1088650 1639.4
1088660 1637.1
1088670 1634.8
1088680 1634.8
1088690 1631.6
1088700 1629.6
1088710 1629.6
1088720 1627.1
1088730 1623.9
1088740 1621.2
1088750 1621.2
1088760 1618.5
1088770 1616.2
1088780 1616.2
1088790 1613.6
1088800 1610.6
1088810 1610.6
1088820 1608.4
1088830 1603.9
1088840 1603.9
1088850 1595.9
1088860 1587.4
1088870 1587.4
1088880 1581.2
1088890 1574.9
1088900 1574.9
1088910 1569.7
1088920 1564.7
1088930 1564.7
1088940 1561.6
1088950 1558.9
1088960 1558.9
1088970 1556.8
1088980 1554.5
1088990 1554.5
1089000 1551.6
1089010 1548.8
1089020 1546.5
1089030 1546.5
1089040 1544.7
1089050 1542.4
1089060 1542.4
1089070 1539.3
1089080 1539.5
1089090 1539.5
1089100 1539.1
1089110 1538.4
1089120 1538.4
1089130 1537.1
1089140 1536.4
1089150 1536.4
1089160 1535.9
1089170 1535.4
1089180 1535.4
1089190 1535.2
1089200 1535.2
1089210 1535.2
1089220 1535.1
1089230 1534.8
1089240 1534.7
1089250 1534.7
1089260 1534.7
1089270 1534.7
1089280 1534.4
1089290 1534.1
1089300 1534.1
1089310 1533.8
1089320 1533.8
1089330 1533.7
1089340 1533.7
1089350 1533.3
1089360 1533.2
1089370 1533.2
1089380 1532.9
1089390 1531.4
1089400 1531.4
1089410 1529.8
1089420 1529.3
1089430 1529.3
1089440 1529.1
1089450 1529.0
1089460 1529.0
1089470 1529.0
1089480 1529.0
1089490 1529.0
1089500 1529.0
1089510 1528.7
1089520 1528.7
1089530 1528.6
1089540 1528.4
1089550 1528.4
1089560 1530.3
1089570 1530.2
1089580 1530.2
1089590 1529.9
1089600 1529.0
1089610 1525.3
1089620 1525.3
1089630 1519.0
1089640 1510.8
1089650 1510.8
1089660 1502.5
1089670 1497.4
1089680 1497.4
1089690 1491.5
1089700 1485.3
1089710 1485.3
1089720 1478.9
1089730 1471.7
1089740 1471.7
1089750 1465.2
1089760 1460.5
1089770 1460.5
1089780 1455.2
1089790 1449.4
1089800 1449.4
1089810 1444.8
1089820 1440.0
1089830 1440.0
1089840 1435.7
1089850 1430.9
1089860 1430.9
1089870 1426.6
1089880 1422.2
1089890 1418.0
1089900 1418.0
1089910 1413.8
1089920 1409.6
1089930 1409.6
1089940 1404.7
1089950 1399.7
1089960 1399.7
1089970 1394.4
1089980 1388.8
1089990 1388.8
1090000 1391.8
1090010 1394.2
1090020 1394.2
1090030 1394.2
1090040 1392.6
1090050 1392.6
1090060 1393.2
1090070 1394.1
1090080 1394.1
1090090 1398.0
1090100 1402.3
1090110 1402.3
1090120 1406.4
1090130 1410.8
1090140 1410.8
1090150 1413.4
1090160 1414.6
1090170 1414.6
1090180 1413.4
1090190 1413.7
1090200 1415.0
1090210 1414.4
1090220 1418.5
1090230 1421.7
1090240 1421.7
1090250 1424.5
1090260 1428.0
1090270 1428.0
1090280 1431.1
1090290 1434.7
1090300 1434.7
1090310 1439.4
1090320 1445.1
1090330 1445.1
1090340 1449.8
1090350 1453.8
1090360 1453.8
1090370 1457.3
1090380 1461.1
1090390 1461.1
1090400 1464.2
1090410 1467.2
1090420 1467.2
1090430 1471.6
1090440 1476.8
1090450 1476.8
1090460 1482.5
1090470 1489.0
1090480 1495.8
1090490 1495.8
1090500 1502.8
1090510 1507.6
1090520 1507.6
1090530 1498.4
1090540 1502.4
1090550 1502.4
1090560 1510.9
1090570 1518.5
1090580 1518.5
1090590 1524.3
1090600 1529.8
1090610 1529.8
1090620 1535.4
1090630 1540.0
1090640 1540.0
1090650 1544.4
1090660 1549.2
1090670 1549.2
1090680 1554.7
1090690 1561.9
1090700 1561.9
1090710 1570.2
1090720 1575.6
1090730 1575.6
1090740 1577.6
1090750 1579.2
1090760 1579.2
1090770 1580.5
1090780 1581.9
1090790 1582.7
1090800 1582.7
1090810 1583.1
1090820 1582.6
1090830 1582.6
1090840 1580.1
1090850 1577.7
1090860 1573.9
1090870 1572.6
1090880 1571.2
1090890 1571.2
1090900 1571.4
1090910 1573.3
1090920 1573.3
1090930 1574.1
1090940 1575.7
1090950 1575.7
1090960 1577.2
1090970 1578.5
1090980 1578.5
1090990 1580.0
1091000 1581.0
1091010 1581.0
1091020 1581.8
1091030 1582.5
1091040 1582.5
1091050 1582.9
1091060 1583.1
1091070 1583.3
1091080 1583.3
1091090 1583.7
1091100 1584.1
1091110 1584.1
1091120 1584.5
1091130 1585.1
1091140 1585.1
1091150 1586.0
1091160 1587.2
1091170 1587.2
1091180 1586.2
1091190 1587.3
1091200 1587.3
1091210 1588.2
1091220 1587.2
1091230 1587.2
1091240 1576.0
1091250 1567.6
1091260 1567.6
1091270 1561.8
1091280 1555.5
1091290 1555.5
1091300 1549.0
1091310 1546.4
1091320 1546.4
1091330 1540.2
1091340 1546.7
1091350 1547.9
1091360 1547.9
1091370 1532.4
1091380 1511.5
1091390 1511.5
1091400 1510.2
1091410 1509.7
1091420 1509.7
1091430 1509.7
1091440 1509.6
1091450 1509.6
1091460 1509.9
1091470 1513.6
1091480 1513.6
1091490 1517.5
1091500 1512.1
1091510 1512.1
1091520 1517.9
1091530 1515.3
1091540 1515.3
1091550 1509.3
1091560 1504.0
1091570 1504.0
1091580 1499.4
1091590 1496.2
1091600 1496.2
1091610 1493.4
1091620 1490.7
1091630 1490.7
1091640 1488.0
1091650 1484.5
1091660 1480.9
1091670 1480.9
1091680 1476.9
1091690 1472.4
1091700 1472.4
1091710 1467.0
1091720 1461.0
1091730 1461.0
1091740 1456.6
1091750 1453.1
1091760 1453.1
1091770 1450.3
1091780 1448.2
1091790 1448.2
1091800 1445.3
1091810 1442.9
1091820 1442.9
1091830 1436.7
1091840 1434.5
1091850 1434.5
1091860 1433.3
1091870 1431.7
1091880 1431.7
1091890 1429.2
1091900 1427.2
1091910 1427.2
1091920 1425.5
1091930 1423.6
1091940 1420.9
1091950 1420.9
1091960 1417.6
1091970 1415.1
1091980 1415.1
1091990 1412.6
1092000 1408.9
1092010 1408.9
1092020 1406.6
1092030 1404.1
1092040 1404.1
1092050 1401.7
1092060 1398.7
1092070 1398.7
1092080 1395.5
1092090 1393.2
1092100 1393.2
1092110 1390.9
1092120 1388.5
1092130 1388.5
1092140 1385.6
1092150 1381.9
1092160 1381.9
1092170 1378.8
1092180 1375.9
1092190 1375.9
1092200 1373.3
1092210 1370.8
1092220 1367.9
1092230 1367.9
1092240 1365.2
1092250 1362.0
1092260 1362.0
1092270 1358.7
1092280 1355.0
1092290 1355.0
1092300 1351.4
1092310 1349.4
1092320 1349.4
1092330 1347.7
1092340 1345.5
1092350 1345.5
1092360 1342.7
1092370 1340.8
1092380 1340.8
1092390 1338.3
1092400 1334.8
1092410 1334.8
1092420 1331.4
1092430 1328.6
1092440 1328.6
1092450 1325.5
1092460 1323.1
1092470 1323.1
1092480 1322.9
1092490 1320.0
1092500 1320.0
1092510 1316.9
1092520 1313.9
1092530 1311.2
1092540 1311.2
1092550 1307.8
1092560 1303.3
1092570 1303.3
1092580 1297.7
1092590 1294.2
1092600 1294.2
1092610 1291.3
1092620 1288.6
1092630 1288.6
1092640 1286.6
1092650 1284.2
1092660 1284.2
1092670 1282.1
1092680 1279.8
1092690 1279.8
1092700 1276.8
1092710 1274.0
1092720 1274.0
1092730 1271.5
1092740 1269.1
1092750 1269.1
1092760 1266.7
1092770 1264.2
1092780 1264.2
1092790 1260.6
1092800 1253.8
1092810 1247.2
1092820 1247.2
1092830 1241.3
1092840 1235.9
1092850 1235.9
1092860 1229.4
1092870 1225.1
1092880 1225.1
1092890 1221.8
1092900 1219.1
1092910 1219.1
1092920 1214.9
1092930 1210.8
1092940 1210.8
1092950 1207.0
1092960 1201.9
1092970 1201.9
1092980 1197.2
1092990 1194.6
1093000 1194.6
1093010 1189.9
1093020 1186.3
1093030 1186.3
1093040 1182.8
1093050 1179.8
1093060 1179.8
1093070 1176.7
1093080 1172.9
1093090 1168.8
1093100 1168.8
1093110 1166.3
1093120 1163.9
1093130 1162.8
1093140 1160.7
1093150 1158.5
1093160 1158.5
1093170 1156.2
1093180 1154.9
1093190 1154.9
1093200 1154.0
1093210 1153.6
1093220 1153.6
1093230 1154.3
1093240 1155.3
1093250 1155.3
1093260 1156.3
1093270 1157.2
1093280 1157.2
1093290 1158.1
1093300 1158.6
1093310 1158.6
1093320 1158.5
1093330 1158.1
1093340 1158.1
1093350 1157.7
1093360 1156.9
1093370 1153.1
1093380 1153.1
1093390 1146.6
1093400 1142.4
1093410 1142.4
1093420 1139.8
1093430 1133.5
1093440 1133.5
1093450 1119.2
1093460 1112.8
1093470 1112.8
1093480 1108.8
1093490 1104.1
1093500 1104.1
1093510 1098.9
1093520 1086.1
1093530 1086.1
1093540 1073.8
1093550 1059.5
1093560 1059.5
1093570 1050.5
1093580 1044.0
1093590 1044.0
1093600 1037.1
1093610 1030.6
1093620 1030.6
1093630 1021.1
1093640 1004.6
1093650 1004.6
1093660 996.0
1093670 988.6
1093680 981.5
1093690 981.5
1093700 976.2
1093710 973.9
1093720 973.9
1093730 970.0
1093740 966.1
1093750 966.1
1093760 964.3
1093770 962.8
1093780 967.1
1093790 973.6
1093800 979.4
1093810 979.4
1093820 985.5
1093830 988.9
1093840 988.9
1093850 989.7
1093860 988.9
1093870 988.9
1093880 992.0
1093890 998.3
1093900 998.3
1093910 1001.9
1093920 1006.9
1093930 1006.9
1093940 1011.8
1093950 1014.4
1093960 1017.4
1093970 1017.4
1093980 1023.2
1093990 1028.2
1094000 1028.2
1094010 1030.0
1094020 1033.3
1094030 1033.3
1094040 1037.2
1094050 1041.0
1094060 1041.0
1094070 1042.2
1094080 1041.9
1094090 1041.9
1094100 1043.7
1094110 1052.7
1094120 1052.7
1094130 1054.3
1094140 1056.4
1094150 1056.4
1094160 1057.5
1094170 1058.5
1094180 1058.5
1094190 1055.2
1094200 1056.0
1094210 1056.0
1094220 1059.6
1094230 1063.4
1094240 1068.3
1094250 1068.3
1094260 1071.2
1094270 1075.8
1094280 1075.8
1094290 1080.2
1094300 1086.0
1094310 1086.0
1094320 1092.5
1094330 1099.5
1094340 1099.5
1094350 1107.2
1094360 1118.3
1094370 1118.3
1094380 1127.9
1094390 1136.1
1094400 1136.1
1094410 1143.3
1094420 1149.5
1094430 1144.5
1094440 1150.8
1094450 1161.3
1094460 1161.3
1094470 1170.1
1094480 1171.3
1094490 1171.3
1094500 1171.3
1094510 1170.6
1094520 1170.6
1094530 1169.7
1094540 1169.3
1094550 1168.7
1094560 1168.7
1094570 1168.3
1094580 1168.3
1094590 1168.3
1094600 1168.4
1094610 1169.9
1094620 1169.9
1094630 1171.1
1094640 1173.0
1094650 1173.0
1094660 1175.6
1094670 1179.1
1094680 1179.1
1094690 1183.2
1094700 1186.9
1094710 1186.9
1094720 1189.2
1094730 1192.7
1094740 1192.7
1094750 1197.8
1094760 1199.2
1094770 1199.2
1094780 1201.6
1094790 1205.5
1094800 1205.5
1094810 1209.4
1094820 1215.4
1094830 1220.1
1094840 1220.1
1094850 1222.8
1094860 1224.8
1094870 1224.8
1094880 1226.6
1094890 1227.4
1094900 1227.4
1094910 1228.6
1094920 1230.7
1094930 1230.7
1094940 1232.4
1094950 1233.7
1094960 1233.7
1094970 1233.8
1094980 1238.6
1094990 1238.6
1095000 1244.8
1095010 1250.1
1095020 1250.1
1095030 1256.6
1095040 1262.8
1095050 1262.8
1095060 1264.9
1095070 1265.1
1095080 1265.1
1095090 1267.6
1095100 1269.2
1095110 1271.2
1095120 1271.2
1095130 1274.5
1095140 1276.0
1095150 1276.0
1095160 1275.6
1095170 1275.2
1095180 1275.2
1095190 1275.4
1095200 1276.0
1095210 1276.0
1095220 1276.4
1095230 1276.1
1095240 1276.1
1095250 1275.5
1095260 1274.5
1095270 1274.5
1095280 1273.1
1095290 1271.6
1095300 1271.6
1095310 1270.0
1095320 1268.1
1095330 1268.1
1095340 1266.8
1095350 1265.9
1095360 1265.9
1095370 1264.2
1095380 1263.4
1095390 1263.4
1095400 1264.3
1095410 1269.7
1095420 1270.2
1095430 1270.2
1095440 1271.0
1095450 1271.4
1095460 1271.4
1095470 1270.8
1095480 1270.2
1095490 1270.2
1095500 1269.0
1095510 1266.4
1095520 1266.4
1095530 1266.9
1095540 1269.0
1095550 1269.0
1095560 1269.5
1095570 1269.0
1095580 1269.0
1095590 1268.0
1095600 1266.5
1095610 1266.5
1095620 1265.5
1095630 1266.2
1095640 1266.2
1095650 1266.7
1095660 1267.2
1095670 1267.2
1095680 1267.9
1095690 1269.4
1095700 1272.4
1095710 1272.4
1095720 1275.4
1095730 1278.4
1095740 1278.7
1095750 1281.4
1095760 1282.7
1095770 1282.7
1095780 1285.1
1095790 1288.8
1095800 1288.8
1095810 1292.6
1095820 1295.3
1095830 1295.3
1095840 1297.3
1095850 1300.8
1095860 1300.8
1095870 1304.8
1095880 1309.2
1095890 1309.2
1095900 1307.5
1095910 1301.3
1095920 1301.3
1095930 1295.8
1095940 1291.8
1095950 1291.8
1095960 1288.0
1095970 1285.0
1095980 1282.7
1095990 1282.7
1096000 1281.2
1096010 1278.2
1096020 1278.2
1096030 1273.6
1096040 1268.3
1096050 1268.3
1096060 1263.9
1096070 1263.0
1096080 1263.0
1096090 1261.3
1096100 1260.5
1096110 1260.5
1096120 1259.8
1096130 1258.9
1096140 1258.9
1096150 1258.3
1096160 1257.8
1096170 1257.8
1096180 1257.3
1096190 1256.0
1096200 1256.0
1096210 1254.5
1096220 1250.9
1096230 1250.9
1096240 1246.4
1096250 1243.5
1096260 1243.5
1096270 1240.6
1096280 1236.1
1096290 1236.4
1096300 1236.4
1096310 1240.2
1096320 1245.9
1096330 1245.9
1096340 1252.5
1096350 1257.9
1096360 1257.9
1096370 1263.8
1096380 1267.2
1096390 1267.2
1096400 1268.6
1096410 1271.1
1096420 1271.1
1096430 1274.1
1096440 1276.7
1096450 1276.7
1096460 1280.3
1096470 1284.5
1096480 1284.5
1096490 1288.5
1096500 1293.0
1096510 1293.0
1096520 1296.8
1096530 1300.4
1096540 1300.4
1096550 1304.4
1096560 1307.4
1096570 1310.3
1096580 1310.3
1096590 1313.6
1096600 1316.0
1096610 1316.0
1096620 1320.1
1096630 1326.7
1096640 1326.7
1096650 1333.3
1096660 1340.3
1096670 1340.3
1096680 1347.6
1096690 1354.6
1096700 1354.6
1096710 1360.6
1096720 1365.7
1096730 1365.7
1096740 1371.4
1096750 1376.1
1096760 1376.1
1096770 1380.9
1096780 1385.7
1096790 1385.7
1096800 1390.9
1096810 1395.2
1096820 1395.2
1096830 1399.6
1096840 1404.0
1096850 1407.1
1096860 1407.1
1096870 1409.1
1096880 1411.6
1096890 1411.6
1096900 1415.1
1096910 1418.9
1096920 1418.9
1096930 1422.4
1096940 1427.2
1096950 1427.2
1096960 1433.4
1096970 1438.7
1096980 1438.7
1096990 1443.3
1097000 1446.5
1097010 1446.5
1097020 1449.0
1097030 1451.2
1097040 1451.2
1097050 1457.1
1097060 1458.3
1097070 1458.3
1097080 1460.6
1097090 1463.3
1097100 1463.3
1097110 1466.1
1097120 1469.1
1097130 1469.1
1097140 1472.2
1097150 1476.7
1097160 1482.9
1097170 1482.9
1097180 1488.0
1097190 1489.7
1097200 1489.7
1097210 1490.5
1097220 1491.5
1097230 1491.5
1097240 1494.1
1097250 1499.0
1097260 1499.0
1097270 1503.4
1097280 1506.8
1097290 1506.8
1097300 1509.7
1097310 1512.9
1097320 1512.9
1097330 1515.5
1097340 1517.9
1097350 1517.9
1097360 1520.3
1097370 1522.3
1097380 1516.4
1097390 1519.3
1097400 1523.8
1097410 1523.8
1097420 1529.3
1097430 1533.2
1097440 1536.1
1097450 1536.1
1097460 1541.4
1097470 1547.2
1097480 1547.2
1097490 1551.5
1097500 1554.2
1097510 1554.2
1097520 1556.7
1097530 1560.1
1097540 1560.1
1097550 1565.2
1097560 1572.1
1097570 1572.1
1097580 1578.7
1097590 1584.4
1097600 1584.4
1097610 1591.8
1097620 1599.7
1097630 1599.7
1097640 1607.5
1097650 1614.0
1097660 1614.0
1097670 1620.3
1097680 1625.6
1097690 1625.6
1097700 1631.2
1097710 1632.3
1097720 1636.4
1097730 1636.4
1097740 1640.4
1097750 1644.2
1097760 1644.2
1097770 1647.3
1097780 1649.1
1097790 1649.1
1097800 1646.5
1097810 1641.3
1097820 1641.3
1097830 1638.3
1097840 1636.2
1097850 1636.2
1097860 1635.5
1097870 1638.3
1097880 1638.3
1097890 1641.1
1097900 1643.8
1097910 1643.8
1097920 1646.3
1097930 1648.4
1097940 1648.4
1097950 1649.7
1097960 1650.7
1097970 1650.7
1097980 1651.9
1097990 1653.2
1098000 1653.2
1098010 1654.6
1098020 1656.2
1098030 1657.8
1098040 1657.6
1098050 1659.0
1098060 1659.9
1098070 1659.9
1098080 1661.2
1098090 1663.3
1098100 1663.3
1098110 1665.2
1098120 1667.4
1098130 1667.4
1098140 1671.1
1098150 1675.0
1098160 1675.0
1098170 1679.6
1098180 1685.5
1098190 1685.5
1098200 1692.3
1098210 1698.2
1098220 1698.2
1098230 1698.9
1098240 1698.3
1098250 1698.3
1098260 1699.3
1098270 1701.3
1098280 1701.3
1098290 1702.8
1098300 1703.6
1098310 1703.3
1098320 1703.3
1098330 1700.9
1098340 1698.2
1098350 1698.2
1098360 1695.3
1098370 1693.7
1098380 1693.7
1098390 1690.3
1098400 1686.7
1098410 1686.7
1098420 1683.3
1098430 1680.1
1098440 1680.1
1098450 1676.8
1098460 1673.8
1098470 1673.8
1098480 1670.8
1098490 1668.1
1098500 1668.1
1098510 1665.9
1098520 1663.7
1098530 1663.7
1098540 1661.9
1098550 1660.5
1098560 1660.5
1098570 1659.0
1098580 1656.9
1098590 1654.0
1098600 1654.0
1098610 1651.1
1098620 1647.7
1098630 1647.7
1098640 1644.0
1098650 1640.8
1098660 1640.8
1098670 1637.9
1098680 1636.6
1098690 1636.6
1098700 1638.6
1098710 1634.9
1098720 1634.9
1098730 1631.0
1098740 1627.7
1098750 1627.7
1098760 1624.5
1098770 1621.5
1098780 1621.5
1098790 1617.5
1098800 1612.3
1098810 1612.3
1098820 1607.3
1098830 1601.9
1098840 1601.9
1098850 1597.0
1098860 1593.0
1098870 1593.0
1098880 1588.1
1098890 1579.7
1098900 1572.2
1098910 1572.2
1098920 1563.8
1098930 1558.3
1098940 1558.3
1098950 1556.9
1098960 1555.7
1098970 1555.7
1098980 1555.4
1098990 1553.9
1099000 1553.9
1099010 1550.9
1099020 1550.1
1099030 1546.5
1099040 1545.3
1099050 1544.3
1099060 1544.3
1099070 1542.5
1099080 1539.9
1099090 1539.9
1099100 1535.7
1099110 1531.0
1099120 1531.0
1099130 1526.6
1099140 1522.0
1099150 1522.0
1099160 1516.9
1099170 1512.1
1099180 1509.3
1099190 1509.3
1099200 1506.5
1099210 1503.3
1099220 1503.3
1099230 1501.1
1099240 1498.2
1099250 1498.2
1099260 1492.6
1099270 1488.7
1099280 1488.7
1099290 1484.2
1099300 1479.7
1099310 1479.7
1099320 1474.7
1099330 1470.8
1099340 1470.8
1099350 1466.3
1099360 1462.6
1099370 1462.6
1099380 1459.6
1099390 1457.6
1099400 1457.6
1099410 1455.8
1099420 1453.9
1099430 1453.9
1099440 1452.3
1099450 1450.8
1099460 1449.4
1099470 1449.4
1099480 1448.3
1099490 1447.3
1099500 1447.3
1099510 1446.3
1099520 1445.5
1099530 1445.5
1099540 1444.5
1099550 1443.7
1099560 1443.7
1099570 1443.1
1099580 1442.6
1099590 1442.6
1099600 1442.0
1099610 1441.1
1099620 1441.1
1099630 1441.5
1099640 1440.4
1099650 1440.4
1099660 1438.4
1099670 1437.2
1099680 1437.2
1099690 1435.8
1099700 1435.0
1099710 1435.0
1099720 1431.9
1099730 1429.3
1099740 1429.3
1099750 1429.2
1099760 1430.4
1099770 1430.2
1099780 1430.2
1099790 1431.6
1099800 1433.9
1099810 1433.9
1099820 1435.6
1099830 1437.3
1099840 1437.3
1099850 1440.0
1099860 1443.5
1099870 1443.5
1099880 1447.6
1099890 1450.6
1099900 1450.6
1099910 1452.9
1099920 1456.1
1099930 1456.1
1099940 1459.4
1099950 1462.6
1099960 1462.6
1099970 1466.5
1099980 1470.5
1099990 1470.5
