1080000 1328.9
1080010 1333.6
1080020 1337.5
1080030 1337.5
1080040 1341.9
1080050 1346.1
1080060 1346.1
1080070 1350.2
1080080 1354.2
1080090 1354.2
1080100 1364.6
1080110 1369.2
1080120 1369.2
1080130 1373.9
1080140 1378.9
1080150 1378.9
1080160 1383.4
1080170 1386.3
1080180 1386.3
1080190 1388.6
1080200 1390.9
1080210 1390.9
1080220 1392.7
1080230 1394.2
1080240 1394.2
1080250 1394.7
1080260 1395.6
1080270 1397.5
1080280 1397.5
1080290 1399.6
1080300 1401.5
1080310 1401.5
1080320 1403.1
1080330 1404.1
1080340 1404.1
1080350 1405.3
1080360 1407.4
1080370 1407.4
1080380 1410.4
1080390 1412.9
1080400 1412.9
1080410 1412.9
1080420 1405.0
1080430 1405.0
1080440 1402.3
1080450 1400.6
1080460 1400.6
1080470 1399.0
1080480 1396.6
1080490 1396.6
1080500 1393.2
1080510 1391.0
1080520 1391.0
1080530 1388.9
1080540 1386.5
1080550 1386.5
1080560 1384.5
1080570 1383.9
1080580 1383.4
1080590 1383.4
1080600 1381.8
1080610 1379.9
1080620 1379.9
1080630 1377.5
1080640 1374.0
1080650 1374.0
1080660 1371.4
1080670 1370.6
1080680 1370.6
1080690 1370.2
1080700 1370.3
1080710 1370.3
1080720 1368.8
1080730 1361.4
1080740 1361.4
1080750 1361.4
1080760 1360.4
1080770 1360.4
1080780 1358.7
1080790 1357.2
1080800 1357.2
1080810 1357.3
1080820 1356.3
1080830 1356.3
1080840 1355.3
1080850 1356.7
1080860 1358.9
1080870 1358.9
1080880 1360.4
1080890 1362.0
1080900 1362.0
1080910 1365.1
1080920 1367.2
1080930 1367.2
1080940 1368.9
1080950 1371.5
1080960 1371.5
1080970 1376.1
1080980 1381.5
1080990 1381.5
1081000 1385.2
1081010 1386.3
1081020 1386.3
1081030 1387.5
1081040 1391.9
1081050 1391.7
1081060 1408.5
1081070 1422.7
1081080 1422.7
1081090 1432.4
1081100 1439.4
1081110 1439.4
1081120 1446.4
1081130 1453.4
1081140 1461.1
1081150 1461.1
1081160 1469.2
1081170 1479.0
1081180 1479.0
1081190 1489.8
1081200 1497.2
1081210 1497.2
1081220 1502.5
1081230 1506.5
1081240 1506.5
1081250 1509.8
1081260 1512.7
1081270 1512.7
1081280 1515.2
1081290 1517.1
1081300 1517.1
1081310 1519.8
1081320 1523.4
1081330 1523.4
1081340 1525.3
1081350 1525.4
1081360 1525.4
1081370 1519.9
1081380 1519.4
1081390 1519.4
1081400 1518.9
1081410 1518.5
1081420 1518.5
1081430 1518.7
1081440 1518.2
1081450 1519.4
1081460 1519.4
1081470 1521.6
1081480 1522.7
1081490 1522.7
1081500 1524.9
1081510 1526.5
1081520 1526.5
1081530 1528.3
1081540 1530.6
1081550 1530.6
1081560 1531.9
1081570 1533.9
1081580 1533.9
1081590 1535.3
1081600 1536.7
1081610 1536.7
1081620 1537.2
1081630 1537.5
1081640 1537.5
1081650 1535.9
1081660 1534.7
1081670 1534.7
1081680 1529.1
1081690 1528.8
1081700 1528.8
1081710 1528.4
1081720 1528.5
1081730 1528.9
1081740 1528.9
1081750 1528.6
1081760 1527.8
1081770 1527.8
1081780 1526.9
1081790 1527.7
1081800 1527.7
1081810 1528.6
1081820 1529.7
1081830 1529.7
1081840 1531.3
1081850 1536.4
1081860 1536.4
1081870 1540.9
1081880 1544.8
1081890 1544.8
1081900 1549.4
1081910 1550.5
1081920 1550.5
1081930 1548.6
1081940 1544.3
1081950 1544.3
1081960 1539.6
1081970 1533.8
1081980 1533.8
1081990 1527.0
1082000 1521.6
1082010 1521.6
1082020 1516.9
1082030 1511.5
1082040 1506.2
1082050 1506.2
1082060 1500.5
1082070 1492.8
1082080 1492.8
1082090 1485.6
1082100 1479.9
1082110 1479.9
1082120 1477.3
1082130 1471.4
1082140 1471.4
1082150 1467.1
1082160 1464.0
1082170 1464.0
1082180 1459.6
1082190 1455.2
1082200 1455.2
1082210 1450.8
1082220 1446.0
1082230 1446.0
1082240 1448.9
1082250 1453.8
1082260 1453.8
1082270 1454.8
1082280 1453.8
1082290 1453.8
1082300 1451.7
1082310 1451.9
1082320 1449.5
1082330 1449.5
1082340 1449.2
1082350 1447.8
1082360 1447.8
1082370 1448.0
1082380 1447.3
1082390 1447.3
1082400 1446.0
1082410 1442.3
1082420 1442.3
1082430 1440.7
1082440 1442.3
1082450 1442.3
1082460 1442.6
1082470 1440.2
1082480 1440.2
1082490 1438.7
1082500 1439.1
1082510 1439.1
1082520 1440.8
1082530 1443.4
1082540 1443.4
1082550 1445.9
1082560 1447.3
1082570 1447.3
1082580 1449.1
1082590 1451.4
1082600 1451.4
1082610 1453.3
1082620 1455.5
1082630 1462.9
1082640 1462.9
1082650 1462.9
1082660 1464.8
1082670 1464.8
1082680 1467.1
1082690 1469.4
1082700 1469.4
1082710 1471.8
1082720 1472.8
1082730 1472.8
1082740 1472.5
1082750 1472.3
1082760 1472.3
1082770 1474.6
1082780 1475.0
1082790 1475.0
1082800 1474.5
1082810 1476.0
1082820 1476.0
1082830 1475.4
1082840 1473.9
1082850 1473.9
1082860 1470.1
1082870 1473.1
1082880 1473.1
1082890 1476.8
1082900 1478.3
1082910 1477.9
1082920 1477.9
1082930 1477.8
1082940 1479.8
1082950 1486.6
1082960 1488.3
1082970 1490.1
1082980 1490.1
1082990 1494.8
1083000 1496.2
1083010 1496.2
1083020 1497.5
1083030 1500.2
1083040 1500.2
1083050 1504.8
1083060 1509.1
1083070 1509.1
1083080 1512.0
1083090 1515.1
1083100 1515.1
1083110 1517.5
1083120 1519.7
1083130 1519.7
1083140 1521.6
1083150 1523.3
1083160 1523.3
1083170 1525.4
1083180 1527.4
1083190 1527.4
1083200 1529.8
1083210 1532.4
1083220 1533.4
1083230 1533.4
1083240 1533.1
1083250 1527.9
1083260 1527.9
1083270 1516.5
1083280 1507.0
1083290 1507.0
1083300 1495.4
1083310 1486.6
1083320 1486.6
1083330 1482.8
1083340 1475.9
1083350 1475.9
1083360 1467.8
1083370 1457.5
1083380 1457.5
1083390 1449.9
1083400 1450.9
1083410 1450.9
1083420 1454.4
1083430 1453.2
1083440 1453.2
1083450 1444.8
1083460 1436.3
1083470 1436.3
1083480 1427.6
1083490 1428.0
1083500 1421.8
1083510 1421.8
1083520 1425.0
1083530 1434.2
1083540 1434.2
1083550 1439.9
1083560 1439.4
1083570 1439.4
1083580 1450.4
1083590 1447.4
1083600 1447.4
1083610 1431.3
1083620 1431.0
1083630 1431.0
1083640 1434.8
1083650 1434.6
1083660 1434.6
1083670 1435.7
1083680 1439.9
1083690 1439.9
1083700 1441.5
1083710 1441.1
1083720 1441.1
1083730 1439.8
1083740 1438.0
1083750 1438.0
1083760 1437.0
1083770 1434.9
1083780 1429.8
1083790 1429.8
1083800 1422.2
1083810 1413.7
1083820 1413.7
1083830 1406.1
1083840 1397.5
1083850 1397.5
1083860 1382.2
1083870 1371.3
1083880 1371.3
1083890 1369.2
1083900 1381.6
1083910 1381.6
1083920 1390.7
1083930 1399.3
1083940 1399.3
1083950 1399.3
1083960 1399.4
1083970 1399.4
1083980 1397.7
1083990 1395.0
1084000 1395.0
1084010 1397.4
1084020 1397.6
1084030 1397.6
1084040 1399.8
1084050 1401.4
1084060 1401.4
1084070 1401.0
1084080 1402.5
1084090 1406.5
1084100 1406.5
1084110 1406.5
1084120 1403.3
1084130 1403.3
1084140 1401.6
1084150 1399.5
1084160 1399.5
1084170 1398.8
1084180 1397.5
1084190 1397.5
1084200 1395.8
1084210 1393.7
1084220 1402.1
1084230 1401.0
1084240 1400.0
1084250 1400.0
1084260 1396.3
1084270 1391.7
1084280 1391.7
1084290 1390.3
1084300 1389.8
1084310 1389.8
1084320 1387.6
1084330 1384.5
1084340 1384.5
1084350 1381.9
1084360 1379.1
1084370 1376.2
1084380 1376.2
1084390 1372.2
1084400 1367.0
1084410 1367.0
1084420 1362.3
1084430 1358.5
1084440 1358.5
1084450 1354.7
1084460 1350.6
1084470 1350.6
1084480 1346.2
1084490 1341.6
1084500 1341.6
1084510 1335.9
1084520 1331.3
1084530 1331.3
1084540 1323.1
1084550 1318.5
1084560 1318.5
1084570 1313.6
1084580 1310.8
1084590 1310.8
1084600 1307.6
1084610 1302.5
1084620 1302.5
1084630 1298.2
1084640 1292.1
1084650 1292.1
1084660 1284.8
1084670 1281.3
1084680 1277.3
1084690 1277.3
1084700 1273.3
1084710 1270.8
1084720 1270.8
1084730 1266.8
1084740 1261.6
1084750 1261.6
1084760 1257.3
1084770 1253.7
1084780 1253.7
1084790 1248.7
1084800 1243.9
1084810 1243.9
1084820 1239.5
1084830 1235.0
1084840 1235.0
1084850 1229.8
1084860 1222.7
1084870 1222.7
1084880 1220.1
1084890 1219.6
1084900 1219.6
1084910 1219.0
1084920 1217.6
1084930 1217.6
1084940 1215.3
1084950 1214.0
1084960 1212.6
1084970 1212.6
1084980 1211.4
1084990 1209.4
1085000 1209.4
1085010 1207.0
1085020 1204.1
1085030 1204.1
1085040 1201.3
1085050 1199.1
1085060 1199.1
1085070 1195.2
1085080 1188.9
1085090 1188.9
1085100 1183.1
1085110 1179.0
1085120 1179.0
1085130 1178.1
1085140 1175.7
1085150 1175.7
1085160 1171.5
1085170 1164.8
1085180 1160.7
1085190 1152.2
1085200 1145.3
1085210 1145.3
1085220 1139.0
1085230 1134.7
1085240 1134.7
1085250 1130.3
1085260 1126.8
1085270 1123.7
1085280 1123.7
1085290 1120.8
1085300 1117.2
1085310 1117.2
1085320 1111.6
1085330 1105.8
1085340 1105.8
1085350 1100.6
1085360 1095.3
1085370 1095.3
1085380 1091.0
1085390 1086.0
1085400 1086.0
1085410 1080.8
1085420 1074.4
1085430 1074.4
1085440 1068.0
1085450 1061.9
1085460 1061.9
1085470 1056.0
1085480 1049.7
1085490 1049.7
1085500 1042.0
1085510 1036.0
1085520 1036.0
1085530 1029.9
1085540 1024.8
1085550 1018.7
1085560 1018.7
1085570 1013.5
1085580 1009.5
1085590 1009.5
1085600 1004.2
1085610 999.1
1085620 999.1
1085630 993.7
1085640 990.4
1085650 990.4
1085660 992.0
1085670 993.1
1085680 993.1
1085690 999.4
1085700 1010.6
1085710 1010.6
1085720 1018.3
1085730 1026.6
1085740 1026.6
1085750 1035.4
1085760 1043.1
1085770 1043.1
1085780 1050.8
1085790 1058.3
1085800 1058.3
1085810 1066.5
1085820 1074.2
1085830 1081.8
1085840 1081.8
1085850 1089.5
1085860 1097.6
1085870 1097.6
1085880 1103.9
1085890 1109.2
1085900 1109.2
1085910 1116.5
1085920 1121.0
1085930 1121.0
1085940 1123.5
1085950 1126.1
1085960 1126.1
1085970 1128.9
1085980 1131.6
1085990 1131.6
1086000 1134.9
1086010 1138.1
1086020 1138.1
1086030 1141.5
1086040 1144.7
1086050 1144.7
1086060 1149.2
1086070 1152.6
1086080 1152.6
1086090 1156.3
1086100 1162.0
1086110 1162.0
1086120 1166.4
1086130 1171.7
1086140 1181.1
1086150 1181.1
1086160 1185.4
1086170 1190.2
1086180 1190.2
1086190 1193.9
1086200 1197.0
1086210 1197.0
1086220 1199.3
1086230 1200.0
1086240 1200.0
1086250 1202.7
1086260 1205.0
1086270 1205.0
1086280 1207.6
1086290 1211.3
1086300 1211.3
1086310 1214.7
1086320 1219.1
1086330 1219.1
1086340 1222.3
1086350 1224.5
1086360 1224.5
1086370 1228.1
1086380 1230.9
1086390 1230.9
1086400 1235.0
1086410 1238.9
1086420 1241.7
1086430 1241.7
1086440 1244.7
1086450 1247.7
1086460 1253.6
1086470 1255.6
1086480 1257.8
1086490 1257.8
1086500 1260.6
1086510 1263.8
1086520 1263.8
1086530 1267.2
1086540 1270.9
1086550 1270.9
1086560 1276.7
1086570 1280.7
1086580 1280.7
1086590 1285.3
1086600 1289.1
1086610 1289.1
1086620 1293.8
1086630 1299.3
1086640 1299.3
1086650 1304.7
1086660 1309.7
1086670 1309.7
1086680 1313.9
1086690 1318.9
1086700 1318.9
1086710 1324.4
1086720 1329.8
1086730 1335.1
1086740 1335.1
1086750 1341.1
1086760 1346.4
1086770 1346.4
1086780 1355.3
1086790 1361.2
1086800 1361.2
1086810 1367.6
1086820 1374.1
1086830 1374.1
1086840 1380.9
1086850 1387.1
1086860 1387.1
1086870 1394.2
1086880 1400.9
1086890 1400.9
1086900 1406.5
1086910 1413.5
1086920 1413.5
1086930 1417.6
1086940 1421.7
1086950 1421.7
1086960 1425.7
1086970 1429.5
1086980 1429.5
1086990 1434.2
1087000 1441.3
1087010 1451.4
1087020 1451.4
1087030 1459.1
1087040 1465.7
1087050 1465.7
1087060 1469.6
1087070 1472.7
1087080 1472.7
1087090 1475.0
1087100 1471.3
1087110 1471.3
1087120 1473.1
1087130 1474.6
1087140 1474.6
1087150 1476.7
1087160 1477.4
1087170 1477.4
1087180 1478.2
1087190 1479.4
1087200 1479.4
1087210 1479.8
1087220 1480.3
1087230 1480.3
1087240 1480.0
1087250 1479.1
1087260 1479.1
1087270 1477.4
1087280 1477.1
1087290 1476.8
1087300 1476.8
1087310 1475.3
1087320 1474.9
1087330 1474.9
1087340 1474.4
1087350 1474.1
1087360 1474.1
1087370 1473.4
1087380 1472.0
1087390 1472.0
1087400 1475.4
1087410 1476.7
1087420 1471.6
1087430 1472.4
1087440 1474.4
1087450 1474.4
1087460 1475.7
1087470 1480.2
1087480 1480.2
1087490 1481.6
1087500 1485.9
1087510 1485.9
1087520 1490.9
1087530 1495.3
1087540 1495.3
1087550 1497.0
1087560 1501.7
1087570 1501.7
1087580 1506.6
1087590 1509.0
1087600 1510.8
1087610 1510.8
1087620 1513.4
1087630 1518.1
1087640 1518.1
1087650 1527.1
1087660 1535.5
1087670 1535.5
1087680 1539.9
1087690 1546.3
1087700 1546.3
1087710 1548.4
1087720 1555.2
1087730 1555.2
1087740 1555.0
1087750 1562.3
1087760 1562.3
1087770 1567.4
1087780 1575.1
1087790 1575.1
1087800 1583.1
1087810 1591.0
1087820 1591.0
1087830 1597.9
1087840 1610.9
1087850 1610.9
1087860 1621.1
1087870 1630.2
1087880 1637.8
1087890 1637.8
1087900 1644.8
1087910 1650.6
1087920 1650.6
1087930 1657.9
1087940 1665.0
1087950 1665.0
1087960 1672.6
1087970 1681.1
1087980 1681.1
1087990 1691.0
1088000 1702.4
1088010 1702.4
1088020 1715.8
1088030 1726.1
1088040 1726.1
1088050 1733.7
1088060 1744.4
1088070 1744.4
1088080 1751.6
1088090 1758.3
1088100 1758.3
1088110 1764.8
1088120 1770.8
1088130 1770.8
1088140 1776.2
1088150 1780.3
1088160 1780.3
1088170 1782.3
1088180 1779.3
1088190 1773.4
1088200 1773.4
1088210 1767.8
1088220 1763.1
1088230 1763.1
1088240 1759.5
1088250 1755.0
1088260 1755.0
1088270 1750.1
1088280 1746.7
1088290 1746.7
1088300 1743.2
1088310 1740.2
1088320 1740.2
1088330 1738.9
1088340 1737.0
1088350 1737.0
1088360 1734.1
1088370 1731.9
1088380 1731.0
1088390 1729.4
1088400 1729.5
1088410 1729.5
1088420 1729.0
1088430 1729.0
1088440 1729.0
1088450 1729.0
1088460 1729.3
1088470 1729.6
1088480 1729.6
1088490 1726.2
1088500 1719.3
1088510 1719.3
1088520 1709.1
1088530 1702.8
1088540 1702.8
1088550 1698.0
1088560 1693.7
1088570 1693.7
1088580 1690.2
1088590 1688.2
1088600 1688.2
1088610 1683.6
1088620 1678.0
1088630 1678.0
1088640 1673.7
1088650 1669.8
1088660 1669.8
1088670 1667.7
1088680 1661.7
1088690 1661.7
1088700 1653.6
1088710 1651.6
1088720 1651.6
1088730 1641.3
1088740 1627.5
1088750 1618.8
1088760 1618.8
1088770 1608.4
1088780 1603.8
1088790 1603.8
1088800 1608.6
1088810 1613.7
1088820 1613.7
1088830 1613.7
1088840 1611.6
1088850 1611.6
1088860 1610.9
1088870 1614.6
1088880 1614.6
1088890 1617.7
1088900 1621.5
1088910 1621.5
1088920 1622.2
1088930 1620.4
1088940 1620.4
1088950 1619.2
1088960 1620.8
1088970 1620.8
1088980 1621.6
1088990 1621.3
1089000 1621.3
1089010 1620.7
1089020 1616.3
1089030 1616.3
1089040 1616.0
1089050 1616.0
1089060 1615.2
1089070 1615.2
1089080 1614.1
1089090 1613.6
1089100 1613.6
1089110 1612.5
1089120 1611.3
1089130 1611.3
1089140 1610.8
1089150 1610.8
1089160 1610.8
1089170 1610.7
1089180 1610.4
1089190 1610.4
1089200 1610.0
1089210 1609.3
1089220 1609.3
1089230 1608.6
1089240 1607.7
1089250 1607.7
1089260 1607.1
1089270 1606.5
1089280 1606.5
1089290 1606.5
1089300 1606.0
1089310 1606.0
1089320 1605.7
1089330 1605.9
1089340 1605.6
1089350 1604.1
1089360 1604.1
1089370 1604.8
1089380 1604.8
1089390 1604.7
1089400 1604.2
1089410 1604.2
1089420 1603.7
1089430 1603.5
1089440 1603.5
1089450 1603.6
1089460 1603.9
1089470 1603.9
1089480 1604.4
1089490 1604.3
1089500 1604.3
1089510 1604.2
1089520 1604.2
1089530 1604.2
1089540 1604.9
1089550 1605.5
1089560 1605.5
1089570 1606.1
1089580 1606.4
1089590 1606.4
1089600 1607.2
1089610 1608.4
1089620 1608.4
1089630 1609.1
1089640 1610.2
1089650 1611.0
1089660 1611.0
1089670 1610.5
1089680 1610.2
1089690 1610.2
1089700 1610.7
1089710 1613.4
1089720 1613.4
1089730 1615.6
1089740 1617.3
1089750 1617.3
1089760 1618.4
1089770 1620.3
1089780 1620.3
1089790 1623.0
1089800 1625.6
1089810 1625.6
1089820 1628.4
1089830 1630.8
1089840 1630.8
1089850 1632.7
1089860 1634.7
1089870 1634.7
1089880 1637.3
1089890 1642.3
1089900 1642.3
1089910 1648.5
1089920 1655.2
1089930 1660.9
1089940 1660.9
1089950 1665.2
1089960 1668.3
1089970 1668.3
1089980 1672.0
1089990 1673.4
1090000 1673.4
1090010 1675.9
1090020 1677.5
1090030 1677.5
1090040 1678.5
1090050 1682.1
1090060 1682.1
1090070 1687.3
1090080 1693.2
1090090 1693.2
1090100 1695.7
1090110 1697.3
1090120 1697.3
1090130 1699.6
1090140 1701.9
1090150 1701.9
1090160 1703.1
1090170 1705.9
1090180 1705.9
1090190 1707.8
1090200 1711.0
1090210 1717.9
1090220 1717.9
1090230 1726.3
1090240 1726.9
1090250 1726.9
1090260 1724.6
1090270 1727.6
1090280 1727.6
1090290 1728.8
1090300 1728.4
1090310 1728.4
1090320 1726.0
1090330 1725.3
1090340 1725.3
1090350 1731.9
1090360 1728.2
1090370 1728.2
1090380 1703.1
1090390 1688.2
1090400 1688.2
1090410 1678.7
1090420 1669.9
1090430 1669.9
1090440 1661.3
1090450 1654.5
1090460 1654.5
1090470 1647.5
1090480 1640.2
1090490 1640.2
1090500 1633.9
1090510 1627.5
1090520 1621.3
1090530 1621.3
1090540 1614.9
1090550 1608.4
1090560 1608.4
1090570 1601.7
1090580 1594.4
1090590 1594.4
1090600 1591.2
1090610 1589.5
1090620 1589.5
1090630 1587.4
1090640 1587.4
1090650 1587.4
1090660 1582.7
1090670 1574.7
1090680 1574.7
1090690 1559.6
1090700 1551.8
1090710 1551.8
1090720 1544.5
1090730 1531.9
1090740 1531.9
1090750 1517.7
1090760 1508.0
1090770 1508.0
1090780 1500.6
1090790 1493.1
1090800 1488.8
1090810 1488.8
1090820 1485.0
1090830 1475.6
1090840 1475.6
1090850 1467.4
1090860 1461.0
1090870 1461.0
1090880 1457.0
1090890 1456.4
1090900 1456.4
1090910 1456.2
1090920 1448.8
1090930 1448.8
1090940 1438.6
1090950 1431.3
1090960 1438.7
1090970 1434.7
1090980 1426.9
1090990 1426.9
1091000 1419.0
1091010 1418.4
1091020 1418.4
1091030 1419.9
1091040 1419.9
1091050 1419.9
1091060 1418.2
1091070 1413.0
1091080 1413.0
1091090 1401.2
1091100 1394.9
1091110 1393.2
1091120 1393.2
1091130 1396.7
1091140 1401.1
1091150 1401.1
1091160 1403.8
1091170 1401.1
1091180 1401.1
1091190 1397.6
1091200 1396.7
1091210 1396.7
1091220 1396.4
1091230 1394.1
1091240 1394.1
1091250 1391.3
1091260 1387.7
1091270 1387.7
1091280 1387.6
1091290 1394.3
1091300 1394.3
1091310 1396.9
1091320 1392.1
1091330 1392.1
1091340 1393.1
1091350 1396.5
1091360 1396.5
1091370 1397.0
1091380 1394.8
1091390 1392.7
1091400 1392.7
1091410 1393.0
1091420 1392.0
1091430 1392.0
1091440 1391.0
1091450 1389.8
1091460 1389.8
1091470 1388.3
1091480 1387.4
1091490 1387.4
1091500 1386.7
1091510 1384.7
1091520 1384.7
1091530 1383.3
1091540 1382.9
1091550 1382.9
1091560 1381.3
1091570 1379.4
1091580 1379.4
1091590 1377.0
1091600 1373.9
1091610 1378.1
1091620 1374.5
1091630 1370.9
1091640 1370.9
1091650 1366.3
1091660 1361.7
1091670 1361.7
1091680 1356.7
1091690 1352.5
1091700 1348.0
1091710 1348.0
1091720 1343.4
1091730 1339.9
1091740 1339.9
1091750 1336.5
1091760 1333.3
1091770 1333.3
1091780 1330.4
1091790 1326.9
1091800 1326.9
1091810 1323.9
1091820 1320.7
1091830 1320.7
1091840 1317.4
1091850 1314.2
1091860 1314.2
1091870 1311.0
1091880 1307.8
1091890 1307.8
1091900 1304.6
1091910 1301.5
1091920 1301.5
1091930 1298.1
1091940 1295.8
1091950 1295.8
1091960 1292.6
1091970 1288.5
1091980 1283.4
1091990 1283.4
1092000 1277.7
1092010 1272.9
1092020 1272.9
1092030 1265.7
1092040 1254.8
1092050 1254.8
1092060 1247.8
1092070 1249.9
1092080 1249.9
1092090 1250.7
1092100 1254.3
1092110 1254.3
1092120 1258.3
1092130 1260.8
1092140 1260.8
1092150 1263.6
1092160 1265.4
1092170 1265.4
1092180 1267.5
1092190 1268.5
1092200 1268.5
1092210 1269.4
1092220 1270.9
1092230 1270.9
1092240 1272.6
1092250 1275.5
1092260 1275.2
1092270 1275.2
1092280 1277.0
1092290 1278.7
1092300 1278.7
1092310 1278.7
1092320 1280.6
1092330 1280.6
1092340 1282.0
1092350 1282.8
1092360 1282.8
1092370 1283.8
1092380 1283.8
1092390 1283.8
1092400 1283.8
1092410 1284.4
1092420 1284.4
1092430 1284.6
1092440 1284.2
1092450 1284.2
1092460 1284.2
1092470 1284.9
1092480 1284.9
1092490 1286.0
1092500 1286.3
1092510 1286.3
1092520 1286.9
1092530 1287.5
1092540 1287.5
1092550 1287.8
1092560 1288.6
1092570 1289.6
1092580 1289.6
1092590 1287.9
1092600 1289.4
1092610 1289.4
1092620 1291.2
1092630 1292.8
1092640 1292.8
1092650 1293.8
1092660 1294.2
1092670 1294.2
1092680 1295.1
1092690 1296.1
1092700 1296.1
1092710 1297.5
1092720 1298.5
1092730 1298.5
1092740 1298.9
1092750 1298.3
1092760 1298.3
1092770 1297.7
1092780 1297.8
1092790 1297.8
1092800 1297.5
1092810 1296.7
1092820 1296.7
1092830 1295.6
1092840 1294.8
1092850 1294.7
1092860 1294.7
1092870 1294.0
1092880 1292.9
1092890 1292.9
1092900 1291.0
1092910 1285.0
1092920 1285.0
1092930 1280.7
1092940 1273.5
1092950 1273.5
1092960 1265.7
1092970 1259.5
1092980 1259.5
1092990 1258.8
1093000 1256.2
1093010 1256.2
1093020 1257.3
1093030 1254.0
1093040 1254.0
1093050 1249.1
1093060 1247.0
1093070 1247.0
1093080 1246.3
1093090 1250.9
1093100 1250.9
1093110 1261.0
1093120 1270.4
1093130 1270.4
1093140 1278.0
1093150 1282.7
1093160 1286.2
1093170 1286.2
1093180 1288.7
1093190 1291.2
1093200 1291.2
1093210 1292.8
1093220 1293.5
1093230 1293.5
1093240 1290.0
1093250 1290.1
1093260 1290.1
1093270 1289.7
1093280 1289.5
1093290 1289.5
1093300 1289.6
1093310 1289.9
1093320 1289.9
1093330 1290.4
1093340 1290.3
1093350 1290.3
1093360 1290.5
1093370 1290.5
1093380 1290.5
1093390 1290.2
1093400 1289.8
1093410 1289.8
1093420 1289.4
1093430 1289.8
1093440 1290.3
1093450 1290.3
1093460 1290.6
1093470 1290.2
1093480 1290.2
1093490 1289.6
1093500 1289.0
1093510 1289.0
1093520 1288.6
1093530 1288.4
1093540 1288.4
1093550 1288.2
1093560 1286.7
1093570 1286.7
1093580 1284.7
1093590 1282.7
1093600 1282.7
1093610 1281.6
1093620 1280.9
1093630 1280.9
1093640 1280.0
1093650 1278.9
1093660 1278.9
1093670 1277.1
1093680 1275.0
1093690 1275.0
1093700 1272.6
1093710 1270.6
1093720 1268.7
1093730 1268.7
1093740 1266.4
1093750 1263.8
1093760 1263.8
1093770 1260.3
1093780 1256.6
1093790 1256.6
1093800 1251.0
1093810 1244.3
1093820 1244.3
1093830 1236.8
1093840 1229.3
1093850 1229.3
1093860 1222.0
1093870 1204.5
1093880 1204.5
1093890 1166.2
1093900 1140.8
1093910 1140.8
1093920 1127.1
1093930 1097.0
1093940 1097.0
1093950 1075.6
1093960 1060.8
1093970 1060.8
1093980 1049.9
1093990 1039.4
1094000 1039.4
1094010 1029.9
1094020 1016.3
1094030 1012.8
1094040 1012.8
1094050 1010.8
1094060 1006.7
1094070 1006.7
1094080 1004.2
1094090 1000.7
1094100 1000.7
1094110 998.3
1094120 996.9
1094130 996.9
1094140 995.7
1094150 994.7
1094160 994.7
1094170 993.6
1094180 992.2
1094190 992.2
1094200 990.6
1094210 984.4
1094220 984.4
1094230 982.9
1094240 980.1
1094250 980.1
1094260 976.8
1094270 972.7
1094280 972.7
1094290 967.1
1094300 963.6
1094310 961.2
1094320 961.2
1094330 959.6
1094340 958.4
1094350 958.4
1094360 957.3
1094370 955.1
1094380 955.1
1094390 951.0
1094400 948.4
1094410 948.4
1094420 945.9
1094430 943.0
1094440 943.0
1094450 938.9
1094460 936.9
1094470 936.9
1094480 934.9
1094490 929.3
1094500 929.3
1094510 921.9
1094520 918.0
1094530 918.0
1094540 915.6
1094550 912.0
1094560 912.0
1094570 905.9
1094580 898.9
1094590 898.9
1094600 893.1
1094610 889.1
1094620 888.2
1094630 888.2
1094640 891.0
1094650 892.5
1094660 892.5
1094670 896.4
1094680 901.5
1094690 901.5
1094700 906.9
1094710 909.9
1094720 909.9
1094730 910.2
1094740 914.1
1094750 914.1
1094760 919.9
1094770 927.5
1094780 927.5
1094790 936.9
1094800 946.8
1094810 946.8
1094820 955.9
1094830 963.4
1094840 963.4
1094850 966.7
1094860 968.9
1094870 975.3
1094880 976.9
1094890 977.0
1094900 980.5
1094910 980.5
1094920 986.5
1094930 991.0
1094940 991.0
1094950 994.3
1094960 1000.8
1094970 1000.8
1094980 1007.9
1094990 1007.5
1095000 1007.5
1095010 1001.4
1095020 998.2
1095030 998.2
1095040 1009.3
1095050 1020.6
1095060 1020.6
1095070 1025.6
1095080 1029.5
1095090 1029.5
1095100 1031.9
1095110 1035.7
1095120 1035.7
1095130 1040.9
1095140 1045.8
1095150 1045.8
1095160 1051.7
1095170 1055.3
1095180 1059.3
1095190 1059.3
1095200 1065.1
1095210 1068.4
1095220 1068.4
1095230 1072.5
1095240 1075.9
1095250 1075.9
1095260 1079.0
1095270 1082.2
1095280 1082.2
1095290 1085.4
1095300 1089.3
1095310 1089.3
1095320 1093.6
1095330 1097.5
1095340 1097.5
1095350 1101.1
1095360 1104.8
1095370 1104.8
1095380 1107.5
1095390 1108.8
1095400 1108.8
1095410 1111.9
1095420 1115.2
1095430 1115.2
1095440 1119.6
1095450 1123.4
1095460 1123.4
1095470 1124.7
1095480 1125.2
1095490 1126.2
1095500 1126.2
1095510 1128.8
1095520 1135.8
1095530 1135.8
1095540 1138.3
1095550 1140.2
1095560 1140.2
1095570 1142.0
1095580 1142.0
1095590 1142.0
1095600 1141.1
1095610 1143.4
1095620 1143.4
1095630 1143.5
1095640 1139.1
1095650 1139.1
1095660 1135.2
1095670 1132.5
1095680 1132.5
1095690 1132.9
1095700 1135.2
1095710 1135.2
1095720 1142.7
1095730 1148.6
1095740 1148.6
1095750 1153.8
1095760 1157.5
1095770 1160.8
1095780 1160.8
1095790 1163.0
1095800 1160.8
1095810 1160.8
1095820 1157.4
1095830 1155.2
1095840 1155.2
1095850 1160.7
1095860 1160.9
1095870 1160.9
1095880 1160.6
1095890 1158.3
1095900 1158.3
1095910 1156.7
1095920 1154.2
1095930 1154.2
1095940 1152.4
1095950 1149.7
1095960 1149.7
1095970 1154.8
1095980 1154.5
1095990 1154.5
1096000 1150.0
1096010 1145.0
1096020 1145.0
1096030 1139.1
1096040 1146.9
1096050 1158.2
1096060 1158.2
1096070 1164.9
1096080 1170.6
1096090 1170.6
1096100 1174.8
1096110 1177.2
1096120 1177.2
1096130 1175.7
1096140 1169.6
1096150 1169.6
1096160 1164.6
1096170 1164.4
1096180 1173.1
1096190 1168.7
1096200 1172.4
1096210 1172.4
1096220 1180.8
1096230 1188.3
1096240 1188.3
1096250 1196.2
1096260 1204.9
1096270 1204.9
1096280 1207.9
1096290 1204.3
1096300 1204.3
1096310 1201.4
1096320 1200.5
1096330 1200.5
1096340 1202.4
1096350 1205.3
1096360 1207.9
1096370 1207.9
1096380 1208.8
1096390 1208.7
1096400 1208.7
1096410 1210.1
1096420 1210.9
1096430 1210.9
1096440 1212.3
1096450 1216.6
1096460 1216.6
1096470 1219.8
1096480 1224.3
1096490 1224.3
1096500 1229.3
1096510 1235.6
1096520 1235.6
1096530 1239.2
1096540 1243.5
1096550 1243.5
1096560 1247.2
1096570 1250.7
1096580 1250.7
1096590 1254.1
1096600 1257.2
1096610 1257.2
1096620 1259.8
1096630 1263.2
1096640 1268.8
1096650 1268.8
1096660 1273.1
1096670 1278.8
1096680 1278.8
1096690 1283.4
1096700 1287.9
1096710 1287.9
1096720 1291.0
1096730 1294.3
1096740 1294.3
1096750 1296.5
1096760 1298.1
1096770 1298.1
1096780 1299.5
1096790 1300.9
1096800 1300.9
1096810 1302.4
1096820 1304.5
1096830 1304.5
1096840 1310.5
1096850 1313.7
1096860 1313.7
1096870 1315.8
1096880 1317.4
1096890 1317.4
1096900 1317.9
1096910 1320.3
1096920 1320.3
1096930 1322.4
1096940 1321.9
1096950 1323.2
1096960 1323.2
1096970 1327.0
1096980 1330.4
1096990 1330.4
1097000 1333.3
1097010 1336.0
1097020 1336.0
1097030 1337.5
1097040 1340.0
1097050 1340.0
1097060 1342.8
1097070 1347.2
1097080 1347.2
1097090 1351.4
1097100 1356.0
1097110 1356.0
1097120 1360.2
1097130 1363.6
1097140 1363.6
1097150 1367.3
1097160 1375.4
1097170 1375.4
1097180 1378.0
1097190 1380.3
1097200 1380.3
1097210 1382.9
1097220 1386.6
1097230 1390.4
1097240 1390.4
1097250 1394.6
1097260 1398.0
1097270 1398.0
1097280 1400.3
1097290 1401.7
1097300 1401.7
1097310 1402.7
1097320 1404.2
1097330 1404.2
1097340 1405.9
1097350 1407.2
1097360 1407.2
1097370 1409.8
1097380 1411.2
1097390 1411.2
1097400 1413.0
1097410 1414.2
1097420 1414.2
1097430 1414.4
1097440 1416.1
1097450 1416.1
1097460 1418.2
1097470 1419.9
1097480 1419.9
1097490 1425.0
1097500 1426.7
1097510 1427.0
1097520 1427.0
1097530 1427.2
1097540 1427.0
1097550 1427.0
1097560 1428.7
1097570 1431.6
1097580 1431.6
1097590 1434.6
1097600 1436.2
1097610 1436.2
1097620 1436.1
1097630 1435.1
1097640 1435.1
1097650 1433.4
1097660 1431.8
1097670 1431.8
1097680 1430.3
1097690 1428.9
1097700 1428.9
1097710 1427.4
1097720 1426.0
1097730 1426.0
1097740 1424.9
1097750 1424.0
1097760 1424.0
1097770 1424.5
1097780 1427.3
1097790 1427.3
1097800 1428.2
1097810 1427.3
1097820 1429.4
1097830 1429.4
1097840 1426.6
1097850 1425.6
1097860 1425.6
1097870 1425.9
1097880 1426.0
1097890 1426.0
1097900 1425.6
1097910 1424.8
1097920 1424.8
1097930 1424.9
1097940 1425.8
1097950 1425.8
1097960 1425.6
1097970 1424.4
1097980 1424.4
1097990 1424.9
1098000 1424.3
1098010 1424.3
1098020 1425.1
1098030 1427.6
1098040 1427.6
1098050 1428.3
1098060 1428.9
1098070 1428.9
1098080 1431.1
1098090 1433.6
1098100 1434.5
1098110 1434.5
1098120 1436.5
1098130 1439.7
1098140 1439.7
1098150 1446.8
1098160 1447.6
1098170 1447.6
1098180 1449.4
1098190 1451.1
1098200 1451.1
1098210 1456.7
1098220 1463.4
1098230 1463.4
1098240 1467.2
1098250 1469.9
1098260 1469.9
1098270 1471.3
1098280 1473.5
1098290 1473.5
1098300 1475.7
1098310 1478.5
1098320 1478.5
1098330 1481.3
1098340 1484.3
1098350 1484.3
1098360 1488.1
1098370 1491.4
1098380 1491.4
1098390 1496.2
1098400 1501.3
1098410 1508.0
1098420 1508.0
1098430 1514.4
1098440 1520.3
1098450 1520.3
1098460 1526.3
1098470 1530.8
1098480 1536.3
1098490 1541.1
1098500 1547.1
1098510 1547.1
1098520 1550.7
1098530 1554.3
1098540 1554.3
1098550 1556.8
1098560 1557.9
1098570 1557.9
1098580 1560.6
1098590 1563.0
1098600 1563.0
1098610 1566.2
1098620 1569.4
1098630 1569.4
1098640 1573.0
1098650 1578.5
1098660 1578.5
1098670 1584.3
1098680 1591.8
1098690 1595.5
1098700 1595.5
1098710 1597.7
1098720 1602.5
1098730 1602.5
1098740 1608.4
1098750 1612.0
1098760 1612.0
1098770 1615.5
1098780 1617.6
1098790 1617.6
1098800 1619.0
1098810 1621.2
1098820 1621.2
1098830 1623.2
1098840 1628.2
1098850 1628.2
1098860 1632.4
1098870 1635.9
1098880 1635.9
1098890 1637.5
1098900 1639.3
1098910 1639.3
1098920 1641.3
1098930 1641.0
1098940 1641.0
1098950 1639.9
1098960 1639.7
1098970 1640.5
1098980 1640.5
1098990 1638.7
1099000 1633.4
1099010 1633.4
1099020 1628.8
1099030 1627.0
1099040 1627.0
1099050 1620.9
1099060 1615.0
1099070 1615.0
1099080 1610.8
1099090 1608.1
1099100 1608.1
1099110 1605.4
1099120 1602.0
1099130 1602.0
1099140 1596.2
1099150 1592.5
1099160 1592.5
1099170 1590.0
1099180 1587.9
1099190 1587.9
1099200 1584.6
1099210 1581.1
1099220 1581.1
1099230 1574.1
1099240 1567.8
1099250 1567.8
1099260 1563.7
1099270 1561.4
1099280 1559.1
1099290 1559.1
1099300 1557.9
1099310 1555.5
1099320 1555.5
1099330 1551.4
1099340 1546.8
1099350 1546.8
1099360 1545.0
1099370 1544.2
1099380 1544.2
1099390 1543.5
1099400 1541.9
1099410 1541.9
1099420 1540.0
1099430 1538.3
1099440 1538.3
1099450 1536.8
1099460 1536.4
1099470 1532.9
1099480 1532.3
1099490 1532.6
1099500 1532.6
1099510 1532.5
1099520 1534.3
1099530 1534.3
1099540 1535.1
1099550 1535.1
1099560 1534.9
1099570 1534.9
1099580 1534.3
1099590 1536.5
1099600 1536.5
1099610 1539.0
1099620 1539.3
1099630 1539.3
1099640 1540.8
1099650 1540.0
1099660 1540.0
1099670 1535.2
1099680 1530.4
1099690 1530.4
1099700 1526.6
1099710 1522.0
1099720 1522.0
1099730 1517.3
1099740 1510.6
1099750 1510.6
1099760 1489.8
1099770 1477.6
1099780 1477.6
1099790 1474.3
1099800 1470.4
1099810 1484.4
1099820 1478.1
1099830 1472.5
1099840 1472.5
1099850 1467.7
1099860 1455.6
1099870 1437.0
1099880 1437.0
1099890 1425.9
1099900 1418.8
1099910 1418.8
1099920 1413.4
1099930 1407.7
1099940 1407.7
1099950 1397.9
1099960 1392.0
1099970 1392.0
1099980 1387.2
1099990 1387.8
