1080000 1367.6
1080010 1367.6
1080020 1366.8
1080030 1365.4
1080040 1365.4
1080050 1363.4
1080060 1358.5
1080070 1358.5
1080080 1356.9
1080090 1356.1
1080100 1355.3
1080110 1355.3
1080120 1354.8
1080130 1354.7
1080140 1354.7
1080150 1355.1
1080160 1355.6
1080170 1355.6
1080180 1356.1
1080190 1356.7
1080200 1356.7
1080210 1357.1
1080220 1357.2
1080230 1357.2
1080240 1356.8
1080250 1357.1
1080260 1357.1
1080270 1358.6
1080280 1361.0
1080290 1361.0
1080300 1363.5
1080310 1366.0
1080320 1366.0
1080330 1368.5
1080340 1371.1
1080350 1371.1
1080360 1372.5
1080370 1366.4
1080380 1366.4
1080390 1365.0
1080400 1364.3
1080410 1362.3
1080420 1362.3
1080430 1360.0
1080440 1356.5
1080450 1356.5
1080460 1353.4
1080470 1351.4
1080480 1351.4
1080490 1349.5
1080500 1347.9
1080510 1347.9
1080520 1348.1
1080530 1347.7
1080540 1347.7
1080550 1346.3
1080560 1345.4
1080570 1345.4
1080580 1343.9
1080590 1342.5
1080600 1342.5
1080610 1341.3
1080620 1339.7
1080630 1339.7
1080640 1334.3
1080650 1328.8
1080660 1328.8
1080670 1327.2
1080680 1326.0
1080690 1322.4
1080700 1322.4
1080710 1322.7
1080720 1323.3
1080730 1323.3
1080740 1323.6
1080750 1322.9
1080760 1322.9
1080770 1321.8
1080780 1321.1
1080790 1321.1
1080800 1320.8
1080810 1321.0
1080820 1321.0
1080830 1323.2
1080840 1325.2
1080850 1325.2
1080860 1328.8
1080870 1334.1
1080880 1334.1
1080890 1339.0
1080900 1342.1
1080910 1342.1
1080920 1344.0
1080930 1345.5
1080940 1345.5
1080950 1348.1
1080960 1351.3
1080970 1351.3
1080980 1357.5
1080990 1366.4
1081000 1376.5
1081010 1375.5
1081020 1381.8
1081030 1392.1
1081040 1392.1
1081050 1400.7
1081060 1409.3
1081070 1409.3
1081080 1417.2
1081090 1425.7
1081100 1425.7
1081110 1433.1
1081120 1437.9
1081130 1437.9
1081140 1443.5
1081150 1447.2
1081160 1447.2
1081170 1450.3
1081180 1452.5
1081190 1452.5
1081200 1454.8
1081210 1456.7
1081220 1456.7
1081230 1458.2
1081240 1459.4
1081250 1459.4
1081260 1460.8
1081270 1462.4
1081280 1463.3
1081290 1463.3
1081300 1464.1
1081310 1466.3
1081320 1461.0
1081330 1463.6
1081340 1468.3
1081350 1468.3
1081360 1470.8
1081370 1471.1
1081380 1471.1
1081390 1470.0
1081400 1468.7
1081410 1468.7
1081420 1468.8
1081430 1467.2
1081440 1467.2
1081450 1466.6
1081460 1465.7
1081470 1465.7
1081480 1464.8
1081490 1468.3
1081500 1468.3
1081510 1471.7
1081520 1474.8
1081530 1474.8
1081540 1475.4
1081550 1475.9
1081560 1477.9
1081570 1477.9
1081580 1479.1
1081590 1479.3
1081600 1479.3
1081610 1478.9
1081620 1479.0
1081630 1479.0
1081640 1475.6
1081650 1476.6
1081660 1476.6
1081670 1478.3
1081680 1478.9
1081690 1478.9
1081700 1479.5
1081710 1479.2
1081720 1479.2
1081730 1480.6
1081740 1483.0
1081750 1483.0
1081760 1485.2
1081770 1487.7
1081780 1487.7
1081790 1489.7
1081800 1491.5
1081810 1491.5
1081820 1492.1
1081830 1492.8
1081840 1492.8
1081850 1493.0
1081860 1492.8
1081870 1492.4
1081880 1492.4
1081890 1492.4
1081900 1491.5
1081910 1491.5
1081920 1490.7
1081930 1490.9
1081940 1490.9
1081950 1489.4
1081960 1489.8
1081970 1489.8
1081980 1490.4
1081990 1491.0
1082000 1491.0
1082010 1490.1
1082020 1489.0
1082030 1489.0
1082040 1487.8
1082050 1486.1
1082060 1486.1
1082070 1484.5
1082080 1482.7
1082090 1482.7
1082100 1480.9
1082110 1480.0
1082120 1480.0
1082130 1481.6
1082140 1483.2
1082150 1483.8
1082160 1483.8
1082170 1485.0
1082180 1486.3
1082190 1486.3
1082200 1488.1
1082210 1490.2
1082220 1490.2
1082230 1492.6
1082240 1495.0
1082250 1495.0
1082260 1497.7
1082270 1506.8
1082280 1506.8
1082290 1508.0
1082300 1512.6
1082310 1512.6
1082320 1515.8
1082330 1517.1
1082340 1517.1
1082350 1517.5
1082360 1519.7
1082370 1519.7
1082380 1516.0
1082390 1515.6
1082400 1515.6
1082410 1515.6
1082420 1515.4
1082430 1515.4
1082440 1517.5
1082450 1517.6
1082460 1518.0
1082470 1518.0
1082480 1519.4
1082490 1520.2
1082500 1520.2
1082510 1520.7
1082520 1519.7
1082530 1519.7
1082540 1516.9
1082550 1515.9
1082560 1515.9
1082570 1516.3
1082580 1515.5
1082590 1525.8
1082600 1523.3
1082610 1524.2
1082620 1524.2
1082630 1526.1
1082640 1529.3
1082650 1529.3
1082660 1531.4
1082670 1534.5
1082680 1534.5
1082690 1539.6
1082700 1540.0
1082710 1540.0
1082720 1540.1
1082730 1540.9
1082740 1540.5
1082750 1540.5
1082760 1538.5
1082770 1538.3
1082780 1538.3
1082790 1539.0
1082800 1538.9
1082810 1538.9
1082820 1536.6
1082830 1534.2
1082840 1534.2
1082850 1535.3
1082860 1534.1
1082870 1534.1
1082880 1530.9
1082890 1532.1
1082900 1539.8
1082910 1538.4
1082920 1540.5
1082930 1540.5
1082940 1540.1
1082950 1544.9
1082960 1544.9
1082970 1550.6
1082980 1555.4
1082990 1555.4
1083000 1557.9
1083010 1556.3
1083020 1560.8
1083030 1560.8
1083040 1568.9
1083050 1571.8
1083060 1571.8
1083070 1573.1
1083080 1577.0
1083090 1577.0
1083100 1578.8
1083110 1581.1
1083120 1581.1
1083130 1586.7
1083140 1590.1
1083150 1590.1
1083160 1593.9
1083170 1594.4
1083180 1594.4
1083190 1587.8
1083200 1577.7
1083210 1577.7
1083220 1570.0
1083230 1563.2
1083240 1563.2
1083250 1557.1
1083260 1552.1
1083270 1552.1
1083280 1552.7
1083290 1562.5
1083300 1562.5
1083310 1567.3
1083320 1561.1
1083330 1555.6
1083340 1555.6
1083350 1551.9
1083360 1551.8
1083370 1551.8
1083380 1546.9
1083390 1541.3
1083400 1541.3
1083410 1534.4
1083420 1535.3
1083430 1535.3
1083440 1535.8
1083450 1531.2
1083460 1531.2
1083470 1524.0
1083480 1513.7
1083490 1513.7
1083500 1517.3
1083510 1507.8
1083520 1507.8
1083530 1520.1
1083540 1537.6
1083550 1537.6
1083560 1542.7
1083570 1544.0
1083580 1544.0
1083590 1543.0
1083600 1539.2
1083610 1537.3
1083620 1537.3
1083630 1543.5
1083640 1542.4
1083650 1542.4
1083660 1536.9
1083670 1531.6
1083680 1531.6
1083690 1522.8
1083700 1512.0
1083710 1512.0
1083720 1502.5
1083730 1495.6
1083740 1495.6
1083750 1495.2
1083760 1499.3
1083770 1499.3
1083780 1493.7
1083790 1492.2
1083800 1492.2
1083810 1484.2
1083820 1473.8
1083830 1473.8
1083840 1475.6
1083850 1471.9
1083860 1480.2
1083870 1482.1
1083880 1481.1
1083890 1481.1
1083900 1477.4
1083910 1475.4
1083920 1478.6
1083930 1478.6
1083940 1479.7
1083950 1481.1
1083960 1481.1
1083970 1482.7
1083980 1482.2
1083990 1482.2
1084000 1481.0
1084010 1480.2
1084020 1480.2
1084030 1478.6
1084040 1474.6
1084050 1474.6
1084060 1469.8
1084070 1464.3
1084080 1464.3
1084090 1457.9
1084100 1451.5
1084110 1451.5
1084120 1444.2
1084130 1436.9
1084140 1436.9
1084150 1430.6
1084160 1424.3
1084170 1424.3
1084180 1419.9
1084190 1413.2
1084200 1406.2
1084210 1406.2
1084220 1399.3
1084230 1392.0
1084240 1392.0
1084250 1385.0
1084260 1378.2
1084270 1378.2
1084280 1372.7
1084290 1368.7
1084300 1368.7
1084310 1364.0
1084320 1358.0
1084330 1358.0
1084340 1354.7
1084350 1353.4
1084360 1353.4
1084370 1350.9
1084380 1345.1
1084390 1345.1
1084400 1338.1
1084410 1335.1
1084420 1335.1
1084430 1332.4
1084440 1324.8
1084450 1324.8
1084460 1317.1
1084470 1310.9
1084480 1310.9
1084490 1300.0
1084500 1292.0
1084510 1285.1
1084520 1285.1
1084530 1280.2
1084540 1275.9
1084550 1275.9
1084560 1270.8
1084570 1265.3
1084580 1265.3
1084590 1261.0
1084600 1257.3
1084610 1257.3
1084620 1252.7
1084630 1248.2
1084640 1248.2
1084650 1245.0
1084660 1241.9
1084670 1241.9
1084680 1239.1
1084690 1236.1
1084700 1236.1
1084710 1232.4
1084720 1228.8
1084730 1228.8
1084740 1225.4
1084750 1222.8
1084760 1222.8
1084770 1220.4
1084780 1217.5
1084790 1214.3
1084800 1214.3
1084810 1208.0
1084820 1203.1
1084830 1203.1
1084840 1198.2
1084850 1194.2
1084860 1194.2
1084870 1191.4
1084880 1188.7
1084890 1188.7
1084900 1186.8
1084910 1185.6
1084920 1185.6
1084930 1184.3
1084940 1182.0
1084950 1182.0
1084960 1179.7
1084970 1179.6
1084980 1179.6
1084990 1180.0
1085000 1178.6
1085010 1178.6
1085020 1176.4
1085030 1173.5
1085040 1173.5
1085050 1169.9
1085060 1166.9
1085070 1162.8
1085080 1162.8
1085090 1157.7
1085100 1152.6
1085110 1152.6
1085120 1149.0
1085130 1144.0
1085140 1144.0
1085150 1139.3
1085160 1135.9
1085170 1135.9
1085180 1133.9
1085190 1131.4
1085200 1131.4
1085210 1126.1
1085220 1120.1
1085230 1120.1
1085240 1112.0
1085250 1104.9
1085260 1104.9
1085270 1099.2
1085280 1095.8
1085290 1095.8
1085300 1091.3
1085310 1086.6
1085320 1086.6
1085330 1081.2
1085340 1077.2
1085350 1077.2
1085360 1074.1
1085370 1072.3
1085380 1068.8
1085390 1068.8
1085400 1062.9
1085410 1057.8
1085420 1057.8
1085430 1053.0
1085440 1046.6
1085450 1042.5
1085460 1037.5
1085470 1033.6
1085480 1033.6
1085490 1028.7
1085500 1022.3
1085510 1022.3
1085520 1017.9
1085530 1011.3
1085540 1011.3
1085550 1005.1
1085560 1000.9
1085570 1000.9
1085580 995.1
1085590 994.8
1085600 994.8
1085610 998.5
1085620 1005.4
1085630 1005.4
1085640 1013.8
1085650 1022.8
1085660 1030.5
1085670 1030.5
1085680 1039.0
1085690 1045.4
1085700 1045.4
1085710 1051.6
1085720 1059.1
1085730 1059.1
1085740 1065.7
1085750 1071.8
1085760 1071.8
1085770 1084.1
1085780 1086.7
1085790 1086.7
1085800 1085.4
1085810 1089.3
1085820 1089.3
1085830 1096.6
1085840 1103.6
1085850 1103.6
1085860 1108.4
1085870 1113.9
1085880 1113.9
1085890 1122.4
1085900 1128.5
1085910 1128.5
1085920 1131.5
1085930 1134.6
1085940 1134.6
1085950 1138.6
1085960 1142.6
1085970 1145.8
1085980 1145.8
1085990 1148.5
1086000 1153.2
1086010 1153.2
1086020 1159.6
1086030 1166.1
1086040 1166.1
1086050 1172.6
1086060 1180.8
1086070 1180.8
1086080 1188.5
1086090 1197.0
1086100 1197.0
1086110 1204.3
1086120 1211.3
1086130 1211.3
1086140 1218.4
1086150 1225.8
1086160 1225.8
1086170 1232.2
1086180 1236.7
1086190 1236.7
1086200 1240.8
1086210 1243.3
1086220 1243.3
1086230 1245.6
1086240 1249.6
1086250 1255.2
1086260 1255.2
1086270 1260.4
1086280 1264.6
1086290 1264.6
1086300 1269.5
1086310 1273.5
1086320 1273.5
1086330 1275.9
1086340 1278.6
1086350 1278.6
1086360 1281.7
1086370 1284.7
1086380 1284.7
1086390 1287.4
1086400 1290.3
1086410 1294.4
1086420 1297.2
1086430 1299.4
1086440 1299.4
1086450 1301.0
1086460 1301.9
1086470 1301.9
1086480 1303.7
1086490 1305.9
1086500 1305.9
1086510 1308.6
1086520 1311.4
1086530 1314.0
1086540 1314.0
1086550 1317.6
1086560 1321.3
1086570 1321.3
1086580 1325.2
1086590 1328.5
1086600 1328.5
1086610 1333.1
1086620 1337.7
1086630 1337.7
1086640 1341.9
1086650 1344.2
1086660 1344.2
1086670 1344.9
1086680 1344.7
1086690 1344.7
1086700 1344.8
1086710 1345.7
1086720 1345.7
1086730 1346.5
1086740 1350.9
1086750 1350.9
1086760 1355.2
1086770 1359.0
1086780 1359.0
1086790 1362.5
1086800 1366.5
1086810 1366.5
1086820 1370.7
1086830 1377.1
1086840 1382.5
1086850 1382.5
1086860 1387.1
1086870 1391.7
1086880 1391.7
1086890 1395.1
1086900 1396.1
1086910 1396.1
1086920 1397.1
1086930 1399.7
1086940 1399.7
1086950 1400.0
1086960 1400.4
1086970 1400.4
1086980 1401.1
1086990 1400.8
1087000 1400.8
1087010 1399.8
1087020 1397.7
1087030 1397.7
1087040 1396.0
1087050 1390.5
1087060 1390.5
1087070 1393.1
1087080 1393.6
1087090 1393.6
1087100 1395.2
1087110 1399.9
1087120 1404.6
1087130 1404.6
1087140 1404.4
1087150 1407.7
1087160 1407.7
1087170 1407.9
1087180 1407.0
1087190 1407.0
1087200 1409.8
1087210 1411.8
1087220 1411.8
1087230 1411.7
1087240 1411.7
1087250 1411.7
1087260 1411.9
1087270 1412.6
1087280 1412.6
1087290 1415.2
1087300 1418.3
1087310 1418.3
1087320 1419.9
1087330 1420.2
1087340 1420.2
1087350 1420.9
1087360 1422.4
1087370 1418.3
1087380 1419.7
1087390 1424.4
1087400 1424.4
1087410 1424.9
1087420 1422.2
1087430 1427.1
1087440 1427.1
1087450 1440.9
1087460 1450.4
1087470 1450.4
1087480 1457.6
1087490 1464.8
1087500 1464.8
1087510 1471.2
1087520 1477.1
1087530 1477.1
1087540 1484.7
1087550 1493.8
1087560 1493.8
1087570 1504.3
1087580 1515.4
1087590 1515.4
1087600 1523.3
1087610 1531.9
1087620 1531.9
1087630 1537.9
1087640 1542.4
1087650 1542.4
1087660 1548.6
1087670 1554.7
1087680 1554.7
1087690 1553.3
1087700 1560.4
1087710 1567.9
1087720 1567.9
1087730 1580.4
1087740 1591.0
1087750 1591.0
1087760 1600.7
1087770 1607.8
1087780 1607.8
1087790 1615.2
1087800 1622.6
1087810 1622.6
1087820 1629.9
1087830 1635.9
1087840 1635.9
1087850 1641.9
1087860 1647.3
1087870 1647.3
1087880 1654.8
1087890 1659.8
1087900 1659.8
1087910 1665.8
1087920 1671.2
1087930 1671.2
1087940 1676.8
1087950 1682.8
1087960 1682.8
1087970 1688.9
1087980 1694.7
1087990 1700.4
1088000 1700.4
1088010 1701.9
1088020 1708.1
1088030 1708.1
1088040 1711.8
1088050 1717.0
1088060 1717.0
1088070 1724.4
1088080 1734.5
1088090 1734.5
1088100 1744.6
1088110 1755.6
1088120 1755.6
1088130 1770.9
1088140 1772.5
1088150 1772.5
1088160 1770.4
1088170 1767.0
1088180 1767.0
1088190 1761.3
1088200 1756.3
1088210 1756.3
1088220 1751.8
1088230 1748.8
1088240 1748.8
1088250 1745.6
1088260 1742.7
1088270 1742.7
1088280 1739.5
1088290 1736.8
1088300 1734.7
1088310 1734.7
1088320 1732.5
1088330 1730.1
1088340 1728.6
1088350 1725.9
1088360 1723.1
1088370 1723.1
1088380 1720.2
1088390 1717.6
1088400 1717.6
1088410 1715.1
1088420 1712.7
1088430 1712.7
1088440 1710.0
1088450 1707.4
1088460 1707.4
1088470 1702.7
1088480 1698.8
1088490 1698.8
1088500 1693.5
1088510 1689.0
1088520 1689.0
1088530 1688.0
1088540 1686.9
1088550 1686.9
1088560 1687.1
1088570 1687.2
1088580 1686.1
1088590 1686.1
1088600 1684.5
1088610 1683.0
1088620 1683.0
1088630 1679.7
1088640 1682.1
1088650 1682.1
1088660 1687.6
1088670 1689.0
1088680 1689.0
1088690 1690.1
1088700 1691.4
1088710 1691.4
1088720 1692.1
1088730 1692.4
1088740 1692.4
1088750 1692.3
1088760 1692.1
1088770 1692.1
1088780 1692.1
1088790 1691.6
1088800 1691.6
1088810 1693.9
1088820 1688.5
1088830 1688.5
1088840 1679.8
1088850 1672.3
1088860 1672.3
1088870 1661.9
1088880 1652.4
1088890 1646.0
1088900 1646.0
1088910 1641.7
1088920 1638.6
1088930 1638.6
1088940 1635.2
1088950 1631.3
1088960 1631.3
1088970 1628.7
1088980 1625.6
1088990 1625.6
1089000 1623.1
1089010 1620.0
1089020 1620.0
1089030 1616.1
1089040 1612.5
1089050 1612.5
1089060 1609.6
1089070 1606.6
1089080 1606.6
1089090 1604.0
1089100 1602.3
1089110 1602.3
1089120 1600.3
1089130 1598.6
1089140 1598.6
1089150 1596.7
1089160 1594.2
1089170 1593.8
1089180 1593.8
1089190 1591.5
1089200 1590.8
1089210 1590.8
1089220 1589.9
1089230 1590.8
1089240 1590.8
1089250 1593.6
1089260 1595.7
1089270 1595.7
1089280 1596.8
1089290 1597.6
1089300 1594.6
1089310 1594.0
1089320 1593.2
1089330 1593.2
1089340 1592.5
1089350 1592.0
1089360 1592.0
1089370 1592.1
1089380 1592.4
1089390 1592.4
1089400 1592.3
1089410 1593.1
1089420 1593.1
1089430 1593.2
1089440 1592.8
1089450 1593.1
1089460 1593.1
1089470 1592.9
1089480 1592.2
1089490 1592.2
1089500 1592.4
1089510 1591.9
1089520 1591.9
1089530 1591.6
1089540 1591.6
1089550 1591.6
1089560 1592.0
1089570 1592.2
1089580 1592.2
1089590 1592.3
1089600 1591.2
1089610 1591.2
1089620 1587.6
1089630 1589.6
1089640 1589.6
1089650 1591.0
1089660 1592.1
1089670 1592.1
1089680 1593.0
1089690 1593.5
1089700 1593.5
1089710 1592.3
1089720 1594.7
1089730 1594.7
1089740 1599.0
1089750 1601.9
1089760 1604.4
1089770 1604.4
1089780 1606.4
1089790 1606.1
1089800 1606.1
1089810 1606.9
1089820 1610.2
1089830 1610.2
1089840 1614.1
1089850 1617.8
1089860 1617.8
1089870 1621.1
1089880 1623.5
1089890 1623.5
1089900 1626.8
1089910 1630.2
1089920 1630.2
1089930 1633.6
1089940 1636.8
1089950 1634.4
1089960 1633.0
1089970 1633.4
1089980 1633.4
1089990 1636.8
1090000 1639.6
1090010 1639.6
1090020 1644.0
1090030 1646.4
1090040 1649.1
1090050 1649.1
1090060 1653.3
1090070 1655.8
1090080 1655.8
1090090 1656.7
1090100 1658.2
1090110 1658.2
1090120 1660.5
1090130 1661.1
1090140 1661.1
1090150 1660.1
1090160 1661.4
1090170 1661.4
1090180 1660.8
1090190 1661.2
1090200 1661.2
1090210 1660.4
1090220 1658.0
1090230 1658.0
1090240 1658.5
1090250 1660.3
1090260 1660.3
1090270 1656.0
1090280 1659.7
1090290 1659.7
1090300 1663.4
1090310 1667.8
1090320 1667.8
1090330 1669.5
1090340 1671.4
1090350 1674.5
1090360 1674.5
1090370 1677.9
1090380 1684.0
1090390 1684.0
1090400 1691.0
1090410 1698.8
1090420 1698.8
1090430 1712.3
1090440 1720.3
1090450 1720.3
1090460 1717.6
1090470 1696.5
1090480 1696.5
1090490 1678.1
1090500 1668.5
1090510 1668.5
1090520 1660.2
1090530 1652.8
1090540 1652.8
1090550 1645.0
1090560 1638.3
1090570 1638.3
1090580 1633.8
1090590 1636.0
1090600 1636.0
1090610 1630.1
1090620 1624.3
1090630 1618.5
1090640 1618.5
1090650 1612.1
1090660 1606.2
1090670 1606.2
1090680 1600.4
1090690 1594.9
1090700 1594.9
1090710 1589.8
1090720 1584.7
1090730 1584.7
1090740 1579.5
1090750 1573.8
1090760 1573.8
1090770 1567.3
1090780 1560.3
1090790 1560.3
1090800 1551.1
1090810 1543.9
1090820 1543.9
1090830 1543.5
1090840 1541.1
1090850 1541.1
1090860 1535.0
1090870 1528.4
1090880 1528.4
1090890 1522.3
1090900 1517.1
1090910 1512.5
1090920 1518.0
1090930 1514.2
1090940 1510.7
1090950 1510.7
1090960 1507.3
1090970 1504.1
1090980 1504.1
1090990 1501.0
1091000 1498.5
1091010 1498.5
1091020 1494.9
1091030 1489.8
1091040 1489.8
1091050 1483.9
1091060 1480.9
1091070 1480.9
1091080 1477.1
1091090 1472.8
1091100 1472.8
1091110 1469.4
1091120 1465.6
1091130 1465.6
1091140 1464.8
1091150 1464.7
1091160 1464.7
1091170 1462.6
1091180 1459.9
1091190 1459.9
1091200 1458.1
1091210 1455.2
1091220 1452.2
1091230 1452.2
1091240 1458.9
1091250 1457.1
1091260 1457.1
1091270 1455.3
1091280 1454.5
1091290 1454.5
1091300 1455.5
1091310 1455.3
1091320 1455.3
1091330 1454.2
1091340 1453.0
1091350 1453.0
1091360 1452.7
1091370 1451.8
1091380 1451.8
1091390 1451.2
1091400 1450.5
1091410 1450.5
1091420 1450.1
1091430 1449.3
1091440 1449.3
1091450 1448.3
1091460 1447.1
1091470 1447.1
1091480 1445.1
1091490 1442.7
1091500 1440.3
1091510 1440.3
1091520 1437.3
1091530 1434.2
1091540 1434.2
1091550 1430.6
1091560 1426.5
1091570 1427.4
1091580 1422.8
1091590 1416.5
1091600 1416.5
1091610 1409.6
1091620 1401.5
1091630 1401.5
1091640 1393.7
1091650 1387.2
1091660 1387.2
1091670 1381.7
1091680 1376.9
1091690 1376.9
1091700 1372.5
1091710 1368.0
1091720 1368.0
1091730 1363.5
1091740 1359.0
1091750 1359.0
1091760 1354.8
1091770 1350.1
1091780 1350.1
1091790 1345.4
1091800 1340.5
1091810 1335.7
1091820 1335.7
1091830 1331.1
1091840 1326.3
1091850 1326.3
1091860 1321.3
1091870 1316.6
1091880 1316.6
1091890 1312.7
1091900 1308.7
1091910 1308.7
1091920 1303.9
1091930 1300.4
1091940 1300.4
1091950 1296.9
1091960 1293.5
1091970 1293.5
1091980 1290.9
1091990 1288.4
1092000 1288.4
1092010 1286.3
1092020 1284.2
1092030 1284.2
1092040 1282.3
1092050 1280.2
1092060 1280.2
1092070 1278.3
1092080 1275.7
1092090 1273.2
1092100 1273.2
1092110 1271.4
1092120 1269.2
1092130 1269.2
1092140 1265.5
1092150 1262.6
1092160 1262.6
1092170 1259.2
1092180 1254.6
1092190 1254.6
1092200 1248.6
1092210 1243.1
1092220 1248.3
1092230 1243.6
1092240 1241.7
1092250 1241.7
1092260 1239.9
1092270 1239.0
1092280 1239.0
1092290 1238.3
1092300 1237.6
1092310 1237.6
1092320 1236.8
1092330 1235.9
1092340 1235.9
1092350 1235.4
1092360 1236.3
1092370 1239.1
1092380 1239.1
1092390 1241.4
1092400 1244.4
1092410 1244.4
1092420 1247.1
1092430 1249.4
1092440 1249.4
1092450 1251.0
1092460 1251.7
1092470 1251.7
1092480 1252.7
1092490 1252.5
1092500 1252.5
1092510 1251.4
1092520 1250.9
1092530 1250.9
1092540 1248.3
1092550 1248.9
1092560 1248.9
1092570 1249.9
1092580 1250.6
1092590 1250.6
1092600 1250.2
1092610 1250.4
1092620 1250.4
1092630 1251.3
1092640 1252.9
1092650 1252.9
1092660 1255.3
1092670 1257.2
1092680 1258.8
1092690 1258.8
1092700 1259.9
1092710 1262.1
1092720 1262.1
1092730 1263.8
1092740 1264.7
1092750 1264.7
1092760 1265.2
1092770 1266.3
1092780 1266.3
1092790 1267.4
1092800 1267.9
1092810 1267.9
1092820 1267.6
1092830 1267.3
1092840 1267.3
1092850 1267.4
1092860 1267.8
1092870 1265.7
1092880 1265.4
1092890 1265.1
1092900 1265.1
1092910 1265.1
1092920 1264.9
1092930 1264.9
1092940 1264.3
1092950 1263.4
1092960 1262.7
1092970 1262.7
1092980 1259.5
1092990 1252.5
1093000 1252.5
1093010 1243.6
1093020 1235.9
1093030 1235.9
1093040 1226.9
1093050 1227.7
1093060 1227.7
1093070 1237.7
1093080 1244.7
1093090 1244.7
1093100 1251.1
1093110 1255.0
1093120 1255.0
1093130 1258.4
1093140 1261.5
1093150 1261.5
1093160 1263.9
1093170 1265.6
1093180 1265.6
1093190 1264.8
1093200 1266.7
1093210 1266.7
1093220 1268.7
1093230 1270.5
1093240 1270.5
1093250 1272.1
1093260 1273.5
1093270 1275.1
1093280 1275.1
1093290 1276.4
1093300 1277.1
1093310 1277.1
1093320 1276.4
1093330 1275.7
1093340 1275.7
1093350 1275.0
1093360 1274.7
1093370 1274.7
1093380 1275.2
1093390 1276.5
1093400 1276.5
1093410 1277.4
1093420 1277.7
1093430 1277.7
1093440 1277.9
1093450 1277.8
1093460 1277.8
1093470 1277.4
1093480 1276.0
1093490 1276.0
1093500 1273.0
1093510 1270.1
1093520 1264.6
1093530 1264.5
1093540 1264.8
1093550 1265.3
1093560 1265.3
1093570 1266.1
1093580 1267.0
1093590 1267.0
1093600 1267.2
1093610 1264.7
1093620 1264.7
1093630 1253.3
1093640 1245.0
1093650 1245.0
1093660 1238.8
1093670 1234.1
1093680 1234.1
1093690 1224.4
1093700 1210.3
1093710 1210.3
1093720 1201.9
1093730 1197.9
1093740 1197.9
1093750 1194.7
1093760 1179.0
1093770 1179.0
1093780 1158.0
1093790 1147.8
1093800 1147.8
1093810 1141.5
1093820 1138.9
1093830 1125.7
1093840 1116.5
1093850 1109.2
1093860 1095.9
1093870 1095.9
1093880 1080.4
1093890 1074.9
1093900 1074.9
1093910 1069.8
1093920 1064.5
1093930 1064.5
1093940 1058.6
1093950 1052.9
1093960 1052.9
1093970 1046.0
1093980 1038.7
1093990 1038.7
1094000 1028.9
1094010 1019.8
1094020 1019.8
1094030 1010.4
1094040 1005.3
1094050 1005.3
1094060 1000.8
1094070 995.9
1094080 995.9
1094090 990.3
1094100 983.4
1094110 983.4
1094120 977.7
1094130 975.7
1094140 975.9
1094150 975.9
1094160 976.7
1094170 974.0
1094180 974.0
1094190 973.7
1094200 972.4
1094210 972.4
1094220 968.9
1094230 963.3
1094240 963.3
1094250 955.0
1094260 947.7
1094270 947.7
1094280 942.6
1094290 940.4
1094300 940.4
1094310 939.7
1094320 937.7
1094330 937.7
1094340 935.3
1094350 932.4
1094360 932.4
1094370 926.7
1094380 922.3
1094390 922.3
1094400 918.0
1094410 910.6
1094420 906.2
1094430 906.2
1094440 904.1
1094450 904.2
1094460 904.2
1094470 907.1
1094480 914.3
1094490 914.3
1094500 933.1
1094510 935.4
1094520 935.4
1094530 934.8
1094540 936.0
1094550 936.0
1094560 940.9
1094570 945.2
1094580 945.2
1094590 948.6
1094600 952.2
1094610 952.2
1094620 954.4
1094630 954.1
1094640 954.1
1094650 954.0
1094660 953.8
1094670 953.8
1094680 955.0
1094690 958.1
1094700 959.7
1094710 959.7
1094720 961.8
1094730 964.6
1094740 964.6
1094750 967.7
1094760 970.3
1094770 970.3
1094780 975.4
1094790 982.2
1094800 982.2
1094810 983.6
1094820 992.2
1094830 992.2
1094840 999.7
1094850 1007.2
1094860 1007.2
1094870 1012.3
1094880 1018.6
1094890 1018.6
1094900 1020.9
1094910 1024.0
1094920 1024.0
1094930 1028.2
1094940 1033.5
1094950 1033.5
1094960 1038.6
1094970 1044.0
1094980 1044.0
1094990 1049.2
1095000 1053.1
1095010 1057.8
1095020 1057.8
1095030 1058.9
1095040 1056.7
1095050 1056.7
1095060 1054.6
1095070 1054.8
1095080 1054.8
1095090 1051.8
1095100 1051.1
1095110 1051.1
1095120 1057.4
1095130 1065.2
1095140 1065.2
1095150 1072.4
1095160 1076.7
1095170 1076.7
1095180 1080.7
1095190 1088.0
1095200 1088.0
1095210 1093.3
1095220 1098.3
1095230 1098.3
1095240 1103.2
1095250 1108.1
1095260 1108.1
1095270 1111.6
1095280 1114.1
1095290 1118.5
1095300 1118.5
1095310 1121.1
1095320 1124.5
1095330 1124.5
1095340 1129.1
1095350 1131.6
1095360 1131.6
1095370 1133.7
1095380 1139.4
1095390 1139.4
1095400 1146.0
1095410 1151.4
1095420 1151.4
1095430 1155.6
1095440 1159.7
1095450 1159.7
1095460 1163.4
1095470 1167.3
1095480 1172.6
1095490 1175.6
1095500 1175.9
1095510 1175.9
1095520 1175.8
1095530 1175.8
1095540 1175.8
1095550 1176.6
1095560 1176.4
1095570 1176.4
1095580 1175.6
1095590 1174.8
1095600 1173.5
1095610 1173.5
1095620 1170.2
1095630 1170.8
1095640 1170.8
1095650 1172.7
1095660 1173.7
1095670 1173.7
1095680 1175.0
1095690 1176.2
1095700 1176.2
1095710 1177.0
1095720 1177.1
1095730 1177.1
1095740 1177.2
1095750 1177.7
1095760 1177.7
1095770 1178.7
1095780 1179.6
1095790 1179.6
1095800 1183.9
1095810 1188.1
1095820 1188.1
1095830 1191.9
1095840 1195.7
1095850 1195.7
1095860 1198.9
1095870 1200.9
1095880 1202.0
1095890 1202.0
1095900 1202.1
1095910 1200.2
1095920 1200.2
1095930 1196.2
1095940 1193.2
1095950 1193.2
1095960 1193.0
1095970 1194.3
1095980 1194.3
1095990 1193.5
1096000 1188.8
1096010 1188.8
1096020 1183.0
1096030 1180.2
1096040 1180.2
1096050 1171.7
1096060 1170.7
1096070 1170.7
1096080 1176.4
1096090 1182.7
1096100 1182.7
1096110 1187.0
1096120 1191.5
1096130 1190.9
1096140 1196.7
1096150 1203.0
1096160 1208.3
1096170 1208.3
1096180 1213.5
1096190 1219.2
1096200 1219.2
1096210 1225.5
1096220 1230.8
1096230 1230.8
1096240 1235.2
1096250 1237.7
1096260 1237.7
1096270 1238.0
1096280 1235.0
1096290 1235.0
1096300 1229.1
1096310 1225.3
1096320 1225.3
1096330 1222.6
1096340 1223.0
1096350 1223.0
1096360 1226.8
1096370 1230.6
1096380 1230.6
1096390 1235.5
1096400 1238.9
1096410 1238.9
1096420 1240.8
1096430 1241.5
1096440 1241.5
1096450 1241.7
1096460 1246.6
1096470 1246.3
1096480 1246.3
1096490 1248.0
1096500 1251.5
1096510 1251.5
1096520 1256.2
1096530 1262.6
1096540 1262.6
1096550 1267.3
1096560 1271.1
1096570 1271.1
1096580 1275.2
1096590 1279.6
1096600 1279.6
1096610 1284.0
1096620 1286.9
1096630 1286.9
1096640 1291.0
1096650 1294.9
1096660 1294.9
1096670 1298.3
1096680 1301.3
1096690 1301.3
1096700 1304.2
1096710 1306.4
1096720 1306.4
1096730 1308.7
1096740 1311.2
1096750 1313.5
1096760 1313.5
1096770 1316.7
1096780 1322.1
1096790 1325.4
1096800 1330.2
1096810 1332.2
1096820 1332.2
1096830 1333.5
1096840 1334.5
1096850 1334.5
1096860 1338.7
1096870 1342.2
1096880 1342.2
1096890 1343.4
1096900 1344.2
1096910 1344.2
1096920 1346.8
1096930 1351.0
1096940 1351.0
1096950 1355.2
1096960 1359.3
1096970 1359.3
1096980 1361.3
1096990 1361.7
1097000 1361.7
1097010 1361.0
1097020 1360.8
1097030 1360.8
1097040 1364.1
1097050 1369.5
1097060 1373.6
1097070 1373.6
1097080 1377.6
1097090 1380.9
1097100 1380.9
1097110 1385.1
1097120 1395.7
1097130 1395.7
1097140 1399.6
1097150 1404.0
1097160 1404.0
1097170 1405.1
1097180 1405.8
1097190 1405.8
1097200 1407.6
1097210 1409.8
1097220 1409.8
1097230 1410.9
1097240 1413.3
1097250 1413.3
1097260 1417.5
1097270 1420.7
1097280 1420.7
1097290 1423.0
1097300 1424.2
1097310 1424.2
1097320 1425.8
1097330 1428.7
1097340 1432.2
1097350 1432.2
1097360 1436.8
1097370 1441.9
1097380 1441.9
1097390 1444.8
1097400 1446.7
1097410 1446.7
1097420 1449.2
1097430 1449.9
1097440 1449.9
1097450 1451.9
1097460 1453.9
1097470 1453.9
1097480 1456.6
1097490 1457.5
1097500 1457.5
1097510 1457.2
1097520 1457.3
1097530 1457.3
1097540 1458.8
1097550 1462.3
1097560 1462.3
1097570 1463.1
1097580 1463.2
1097590 1463.2
1097600 1463.1
1097610 1461.8
1097620 1461.1
1097630 1461.1
1097640 1459.1
1097650 1458.2
1097660 1458.2
1097670 1455.4
1097680 1451.1
1097690 1451.1
1097700 1447.8
1097710 1446.0
1097720 1446.0
1097730 1443.4
1097740 1443.6
1097750 1443.6
1097760 1446.3
1097770 1449.6
1097780 1449.4
1097790 1450.9
1097800 1452.6
1097810 1452.6
1097820 1453.7
1097830 1454.9
1097840 1454.9
1097850 1455.4
1097860 1455.0
1097870 1455.0
1097880 1454.3
1097890 1453.4
1097900 1453.4
1097910 1454.6
1097920 1455.4
1097930 1456.0
1097940 1456.0
1097950 1456.1
1097960 1456.7
1097970 1456.7
1097980 1457.7
1097990 1458.7
1098000 1458.7
1098010 1459.8
1098020 1460.6
1098030 1460.6
1098040 1461.1
1098050 1460.9
1098060 1460.9
1098070 1463.6
1098080 1465.5
1098090 1465.5
1098100 1466.7
1098110 1472.5
1098120 1472.5
1098130 1477.0
1098140 1481.5
1098150 1481.5
1098160 1485.2
1098170 1487.7
1098180 1487.7
1098190 1490.9
1098200 1493.5
1098210 1495.7
1098220 1495.7
1098230 1498.4
1098240 1502.7
1098250 1502.7
1098260 1507.2
1098270 1511.3
1098280 1511.3
1098290 1512.6
1098300 1513.5
1098310 1513.5
1098320 1515.4
1098330 1518.7
1098340 1518.7
1098350 1521.1
1098360 1522.0
1098370 1522.0
1098380 1524.2
1098390 1526.2
1098400 1526.2
1098410 1528.5
1098420 1531.4
1098430 1531.4
1098440 1535.0
1098450 1538.4
1098460 1538.4
1098470 1541.3
1098480 1542.9
1098490 1544.7
1098500 1544.7
1098510 1548.1
1098520 1553.3
1098530 1553.3
1098540 1556.5
1098550 1558.7
1098560 1558.7
1098570 1560.8
1098580 1565.3
1098590 1565.3
1098600 1569.9
1098610 1576.8
1098620 1576.8
1098630 1581.4
1098640 1584.1
1098650 1584.1
1098660 1585.1
1098670 1586.6
1098680 1586.6
1098690 1588.5
1098700 1591.6
1098710 1591.6
1098720 1595.2
1098730 1595.5
1098740 1595.5
1098750 1596.8
1098760 1602.1
1098770 1599.9
1098780 1603.9
1098790 1608.9
1098800 1614.5
1098810 1614.5
1098820 1619.8
1098830 1626.1
1098840 1626.1
1098850 1632.1
1098860 1635.8
1098870 1635.8
1098880 1639.1
1098890 1644.0
1098900 1644.0
1098910 1651.1
1098920 1658.6
1098930 1658.6
1098940 1661.3
1098950 1659.4
1098960 1659.4
1098970 1651.3
1098980 1639.7
1098990 1639.7
1099000 1625.8
1099010 1615.4
1099020 1615.4
1099030 1608.7
1099040 1601.8
1099050 1601.8
1099060 1595.6
1099070 1591.7
1099080 1590.8
1099090 1590.8
1099100 1591.9
1099110 1590.8
1099120 1590.8
1099130 1586.2
1099140 1584.1
1099150 1584.1
1099160 1580.7
1099170 1578.0
1099180 1578.0
1099190 1573.1
1099200 1571.4
1099210 1571.4
1099220 1572.1
1099230 1572.3
1099240 1572.3
1099250 1568.4
1099260 1564.1
1099270 1564.1
1099280 1559.3
1099290 1556.4
1099300 1556.4
1099310 1554.5
1099320 1551.2
1099330 1551.2
1099340 1547.7
1099350 1545.6
1099360 1545.6
1099370 1542.9
1099380 1537.9
1099390 1534.4
1099400 1534.4
1099410 1531.4
1099420 1525.7
1099430 1525.1
1099440 1521.2
1099450 1518.1
1099460 1518.1
1099470 1516.9
1099480 1515.2
1099490 1515.2
1099500 1512.4
1099510 1509.7
1099520 1509.7
1099530 1507.2
1099540 1504.0
1099550 1504.0
1099560 1500.0
1099570 1496.1
1099580 1496.1
1099590 1493.7
1099600 1492.4
1099610 1492.4
1099620 1491.3
1099630 1491.1
1099640 1491.1
1099650 1491.7
1099660 1492.7
1099670 1494.4
1099680 1494.4
1099690 1495.7
1099700 1495.3
1099710 1495.3
1099720 1493.6
1099730 1491.0
1099740 1491.0
1099750 1489.8
1099760 1487.7
1099770 1487.7
1099780 1487.4
1099790 1486.1
1099800 1486.1
1099810 1484.9
1099820 1483.5
1099830 1483.5
1099840 1482.2
1099850 1480.2
1099860 1480.2
1099870 1477.6
1099880 1474.7
1099890 1474.7
1099900 1471.1
1099910 1467.5
1099920 1467.5
1099930 1463.8
1099940 1459.5
1099950 1454.9
1099960 1454.9
1099970 1450.1
1099980 1445.8
1099990 1445.8
