1080000 1200.1
1080010 1202.1
1080020 1203.7
1080030 1203.7
1080040 1206.7
1080050 1209.7
1080060 1209.7
1080070 1214.2
1080080 1218.9
1080090 1221.5
1080100 1224.5
1080110 1227.3
1080120 1227.3
1080130 1229.6
1080140 1231.4
1080150 1233.0
1080160 1233.0
1080170 1234.4
1080180 1235.1
1080190 1235.1
1080200 1236.8
1080210 1238.5
1080220 1238.5
1080230 1236.9
1080240 1232.8
1080250 1232.8
1080260 1231.2
1080270 1232.4
1080280 1232.4
1080290 1238.6
1080300 1240.3
1080310 1240.3
1080320 1236.6
1080330 1240.5
1080340 1240.5
1080350 1251.9
1080360 1259.7
1080370 1259.7
1080380 1266.0
1080390 1271.4
1080400 1271.4
1080410 1278.6
1080420 1280.9
1080430 1279.9
1080440 1279.9
1080450 1276.3
1080460 1279.2
1080470 1279.2
1080480 1279.3
1080490 1278.7
1080500 1278.7
1080510 1282.4
1080520 1285.0
1080530 1285.0
1080540 1283.4
1080550 1284.7
1080560 1284.7
1080570 1287.2
1080580 1293.9
1080590 1293.9
1080600 1305.1
1080610 1310.6
1080620 1310.6
1080630 1320.6
1080640 1329.1
1080650 1329.1
1080660 1334.3
1080670 1336.9
1080680 1336.9
1080690 1337.7
1080700 1342.0
1080710 1342.0
1080720 1354.9
1080730 1360.4
1080740 1362.0
1080750 1362.0
1080760 1361.0
1080770 1365.8
1080780 1365.8
1080790 1369.5
1080800 1374.2
1080810 1374.2
1080820 1381.4
1080830 1388.7
1080840 1388.7
1080850 1393.9
1080860 1399.5
1080870 1399.5
1080880 1406.5
1080890 1412.4
1080900 1412.4
1080910 1418.4
1080920 1424.5
1080930 1424.5
1080940 1430.0
1080950 1435.5
1080960 1435.5
1080970 1441.0
1080980 1446.1
1080990 1446.1
1081000 1451.1
1081010 1456.4
1081020 1460.2
1081030 1460.2
1081040 1467.9
1081050 1472.3
1081060 1472.3
1081070 1476.3
1081080 1480.7
1081090 1480.7
1081100 1486.2
1081110 1491.2
1081120 1491.2
1081130 1495.1
1081140 1499.6
1081150 1499.6
1081160 1504.2
1081170 1508.2
1081180 1508.2
1081190 1509.7
1081200 1515.8
1081210 1515.8
1081220 1523.4
1081230 1527.6
1081240 1527.6
1081250 1532.8
1081260 1539.5
1081270 1539.5
1081280 1545.6
1081290 1550.8
1081300 1550.8
1081310 1555.6
1081320 1560.9
1081330 1565.0
1081340 1565.0
1081350 1571.9
1081360 1578.7
1081370 1578.7
1081380 1586.2
1081390 1592.5
1081400 1592.5
1081410 1598.2
1081420 1604.5
1081430 1604.5
1081440 1610.9
1081450 1616.6
1081460 1616.6
1081470 1622.1
1081480 1627.2
1081490 1627.2
1081500 1631.9
1081510 1634.9
1081520 1634.9
1081530 1635.2
1081540 1633.5
1081550 1633.5
1081560 1630.6
1081570 1627.1
1081580 1627.1
1081590 1622.3
1081600 1617.2
1081610 1612.5
1081620 1612.5
1081630 1608.2
1081640 1603.9
1081650 1603.9
1081660 1599.8
1081670 1595.0
1081680 1595.0
1081690 1589.4
1081700 1585.1
1081710 1585.1
1081720 1580.3
1081730 1574.6
1081740 1574.6
1081750 1570.3
1081760 1566.5
1081770 1566.5
1081780 1562.1
1081790 1557.7
1081800 1557.7
1081810 1552.9
1081820 1546.7
1081830 1546.7
1081840 1542.1
1081850 1536.9
1081860 1536.9
1081870 1530.7
1081880 1525.8
1081890 1525.8
1081900 1521.9
1081910 1517.5
1081920 1512.4
1081930 1512.4
1081940 1507.2
1081950 1503.3
1081960 1503.3
1081970 1500.9
1081980 1500.6
1081990 1494.3
1082000 1493.0
1082010 1489.2
1082020 1489.2
1082030 1484.8
1082040 1484.2
1082050 1484.2
1082060 1481.2
1082070 1476.1
1082080 1476.1
1082090 1469.7
1082100 1465.5
1082110 1465.5
1082120 1461.2
1082130 1459.3
1082140 1459.3
1082150 1457.7
1082160 1455.4
1082170 1455.4
1082180 1453.2
1082190 1449.5
1082200 1444.1
1082210 1444.1
1082220 1437.7
1082230 1430.2
1082240 1430.2
1082250 1420.1
1082260 1409.2
1082270 1409.2
1082280 1400.1
1082290 1391.8
1082300 1391.5
1082310 1383.6
1082320 1376.4
1082330 1376.4
1082340 1369.8
1082350 1364.9
1082360 1364.9
1082370 1361.7
1082380 1358.8
1082390 1358.8
1082400 1354.2
1082410 1347.6
1082420 1347.6
1082430 1342.2
1082440 1340.3
1082450 1340.3
1082460 1337.4
1082470 1334.5
1082480 1334.5
1082490 1331.6
1082500 1330.7
1082510 1328.0
1082520 1328.0
1082530 1323.7
1082540 1320.6
1082550 1320.6
1082560 1318.2
1082570 1313.3
1082580 1313.3
1082590 1308.4
1082600 1305.8
1082610 1305.8
1082620 1301.2
1082630 1297.9
1082640 1297.9
1082650 1295.8
1082660 1293.5
1082670 1293.5
1082680 1289.3
1082690 1283.7
1082700 1283.7
1082710 1280.0
1082720 1276.9
1082730 1276.9
1082740 1273.7
1082750 1270.5
1082760 1270.5
1082770 1267.7
1082780 1264.7
1082790 1261.8
1082800 1261.8
1082810 1259.8
1082820 1257.5
1082830 1257.5
1082840 1254.5
1082850 1251.5
1082860 1251.5
1082870 1248.2
1082880 1245.1
1082890 1245.1
1082900 1241.2
1082910 1236.6
1082920 1236.6
1082930 1233.3
1082940 1229.1
1082950 1229.1
1082960 1225.7
1082970 1224.1
1082980 1224.1
1082990 1222.5
1083000 1219.6
1083010 1219.6
1083020 1216.0
1083030 1211.2
1083040 1211.2
1083050 1207.6
1083060 1202.8
1083070 1202.8
1083080 1195.8
1083090 1192.0
1083100 1188.9
1083110 1188.9
1083120 1186.5
1083130 1182.7
1083140 1182.7
1083150 1179.8
1083160 1177.2
1083170 1177.2
1083180 1177.0
1083190 1179.5
1083200 1179.5
1083210 1180.3
1083220 1178.1
1083230 1178.1
1083240 1175.7
1083250 1180.0
1083260 1180.0
1083270 1176.9
1083280 1171.5
1083290 1171.5
1083300 1171.3
1083310 1169.7
1083320 1169.7
1083330 1170.6
1083340 1169.9
1083350 1169.9
1083360 1168.9
1083370 1170.5
1083380 1170.1
1083390 1170.1
1083400 1169.2
1083410 1167.7
1083420 1167.7
1083430 1166.4
1083440 1164.1
1083450 1164.1
1083460 1161.3
1083470 1158.9
1083480 1158.9
1083490 1157.9
1083500 1156.9
1083510 1156.9
1083520 1156.1
1083530 1154.8
1083540 1154.8
1083550 1153.9
1083560 1156.0
1083570 1161.0
1083580 1162.7
1083590 1161.4
1083600 1161.4
1083610 1159.6
1083620 1157.6
1083630 1157.6
1083640 1151.0
1083650 1141.1
1083660 1141.1
1083670 1134.0
1083680 1133.1
1083690 1133.6
1083700 1133.6
1083710 1135.2
1083720 1136.4
1083730 1136.4
1083740 1135.8
1083750 1134.7
1083760 1134.7
1083770 1133.3
1083780 1131.8
1083790 1131.8
1083800 1129.8
1083810 1128.4
1083820 1128.4
1083830 1127.1
1083840 1125.1
1083850 1125.1
1083860 1122.4
1083870 1119.2
1083880 1119.2
1083890 1118.3
1083900 1114.6
1083910 1114.6
1083920 1111.1
1083930 1112.0
1083940 1112.0
1083950 1111.1
1083960 1108.4
1083970 1104.2
1083980 1104.2
1083990 1103.9
1084000 1100.7
1084010 1100.7
1084020 1096.8
1084030 1094.7
1084040 1094.7
1084050 1096.5
1084060 1096.4
1084070 1096.4
1084080 1089.4
1084090 1085.1
1084100 1085.1
1084110 1091.4
1084120 1092.5
1084130 1092.5
1084140 1094.8
1084150 1092.1
1084160 1092.1
1084170 1087.2
1084180 1084.3
1084190 1084.3
1084200 1082.5
1084210 1089.0
1084220 1089.0
1084230 1085.4
1084240 1084.8
1084250 1082.1
1084260 1082.1
1084270 1078.5
1084280 1076.6
1084290 1076.6
1084300 1072.2
1084310 1066.8
1084320 1066.8
1084330 1060.5
1084340 1064.3
1084350 1064.3
1084360 1065.5
1084370 1064.2
1084380 1064.2
1084390 1062.4
1084400 1057.2
1084410 1057.2
1084420 1047.8
1084430 1061.3
1084440 1061.3
1084450 1070.2
1084460 1073.8
1084470 1073.8
1084480 1077.4
1084490 1078.2
1084500 1078.2
1084510 1077.4
1084520 1078.5
1084530 1080.4
1084540 1080.5
1084550 1080.4
1084560 1081.0
1084570 1081.0
1084580 1081.6
1084590 1082.7
1084600 1082.7
1084610 1082.7
1084620 1082.4
1084630 1082.4
1084640 1081.6
1084650 1081.7
1084660 1081.7
1084670 1080.9
1084680 1078.9
1084690 1078.9
1084700 1077.2
1084710 1075.7
1084720 1075.7
1084730 1074.2
1084740 1073.5
1084750 1073.5
1084760 1073.6
1084770 1073.5
1084780 1073.5
1084790 1073.2
1084800 1072.3
1084810 1072.3
1084820 1071.6
1084830 1071.5
1084840 1072.1
1084850 1073.4
1084860 1073.5
1084870 1073.2
1084880 1073.2
1084890 1072.4
1084900 1071.3
1084910 1071.3
1084920 1070.6
1084930 1070.5
1084940 1070.5
1084950 1070.8
1084960 1070.4
1084970 1070.4
1084980 1071.3
1084990 1075.3
1085000 1075.3
1085010 1077.1
1085020 1077.4
1085030 1077.4
1085040 1080.1
1085050 1084.4
1085060 1084.4
1085070 1088.6
1085080 1091.9
1085090 1091.9
1085100 1090.7
1085110 1084.5
1085120 1084.5
1085130 1078.3
1085140 1072.2
1085150 1066.3
1085160 1066.3
1085170 1061.5
1085180 1055.6
1085190 1055.6
1085200 1048.1
1085210 1041.7
1085220 1041.7
1085230 1036.6
1085240 1031.5
1085250 1031.5
1085260 1025.8
1085270 1019.2
1085280 1019.2
1085290 1012.6
1085300 1008.0
1085310 1008.0
1085320 1005.1
1085330 999.4
1085340 999.4
1085350 993.2
1085360 985.4
1085370 985.4
1085380 978.0
1085390 972.5
1085400 972.5
1085410 968.7
1085420 967.7
1085430 964.3
1085440 964.3
1085450 964.1
1085460 967.0
1085470 967.0
1085480 975.9
1085490 980.0
1085500 980.0
1085510 981.9
1085520 987.2
1085530 987.2
1085540 994.4
1085550 997.9
1085560 997.9
1085570 1005.8
1085580 1014.5
1085590 1014.5
1085600 1022.5
1085610 1029.1
1085620 1029.1
1085630 1036.6
1085640 1044.0
1085650 1044.0
1085660 1052.2
1085670 1061.5
1085680 1061.5
1085690 1069.6
1085700 1077.8
1085710 1077.8
1085720 1085.9
1085730 1093.5
1085740 1100.8
1085750 1100.8
1085760 1104.3
1085770 1108.8
1085780 1108.8
1085790 1114.2
1085800 1119.9
1085810 1119.9
1085820 1126.4
1085830 1132.7
1085840 1132.7
1085850 1139.2
1085860 1145.9
1085870 1145.9
1085880 1152.7
1085890 1158.8
1085900 1158.8
1085910 1165.9
1085920 1173.2
1085930 1173.2
1085940 1180.4
1085950 1187.4
1085960 1187.4
1085970 1194.6
1085980 1201.7
1085990 1201.7
1086000 1207.8
1086010 1213.7
1086020 1219.7
1086030 1219.7
1086040 1226.1
1086050 1232.0
1086060 1232.0
1086070 1238.4
1086080 1244.0
1086090 1244.0
1086100 1249.6
1086110 1255.3
1086120 1251.6
1086130 1256.6
1086140 1260.7
1086150 1260.7
1086160 1264.3
1086170 1267.0
1086180 1267.0
1086190 1270.1
1086200 1274.2
1086210 1274.2
1086220 1277.7
1086230 1281.2
1086240 1281.2
1086250 1284.7
1086260 1288.7
1086270 1288.7
1086280 1293.1
1086290 1296.8
1086300 1296.8
1086310 1300.2
1086320 1303.4
1086330 1306.7
1086340 1306.7
1086350 1310.6
1086360 1314.4
1086370 1314.4
1086380 1317.7
1086390 1320.1
1086400 1320.1
1086410 1321.8
1086420 1322.3
1086430 1322.3
1086440 1325.7
1086450 1326.8
1086460 1326.8
1086470 1326.8
1086480 1326.9
1086490 1326.9
1086500 1326.5
1086510 1325.7
1086520 1325.7
1086530 1324.3
1086540 1322.4
1086550 1322.4
1086560 1320.6
1086570 1318.2
1086580 1318.2
1086590 1315.2
1086600 1311.4
1086610 1307.3
1086620 1307.3
1086630 1303.3
1086640 1300.0
1086650 1300.0
1086660 1297.2
1086670 1295.6
1086680 1295.6
1086690 1293.2
1086700 1291.9
1086710 1291.9
1086720 1291.5
1086730 1291.1
1086740 1291.1
1086750 1290.8
1086760 1297.2
1086770 1297.2
1086780 1297.5
1086790 1299.6
1086800 1299.6
1086810 1302.5
1086820 1305.4
1086830 1305.4
1086840 1306.9
1086850 1310.3
1086860 1310.3
1086870 1313.6
1086880 1315.6
1086890 1315.6
1086900 1318.5
1086910 1320.3
1086920 1323.2
1086930 1323.2
1086940 1325.1
1086950 1326.7
1086960 1326.7
1086970 1328.9
1086980 1329.2
1086990 1329.2
1087000 1330.7
1087010 1332.8
1087020 1332.8
1087030 1332.2
1087040 1333.8
1087050 1333.8
1087060 1334.9
1087070 1334.7
1087080 1345.6
1087090 1345.1
1087100 1346.1
1087110 1346.1
1087120 1348.8
1087130 1354.4
1087140 1354.4
1087150 1362.5
1087160 1370.9
1087170 1370.9
1087180 1377.6
1087190 1383.6
1087200 1389.3
1087210 1389.3
1087220 1394.6
1087230 1399.9
1087240 1399.9
1087250 1404.4
1087260 1408.6
1087270 1408.6
1087280 1411.9
1087290 1413.3
1087300 1413.3
1087310 1412.1
1087320 1407.8
1087330 1407.8
1087340 1416.4
1087350 1426.9
1087360 1426.9
1087370 1431.0
1087380 1432.3
1087390 1432.3
1087400 1434.5
1087410 1445.0
1087420 1445.0
1087430 1449.5
1087440 1455.1
1087450 1455.1
1087460 1461.0
1087470 1464.9
1087480 1464.9
1087490 1465.5
1087500 1464.2
1087510 1462.9
1087520 1462.9
1087530 1465.4
1087540 1471.3
1087550 1471.3
1087560 1477.9
1087570 1486.6
1087580 1486.6
1087590 1495.0
1087600 1502.8
1087610 1502.8
1087620 1510.6
1087630 1518.2
1087640 1518.2
1087650 1525.8
1087660 1533.7
1087670 1533.7
1087680 1542.4
1087690 1550.2
1087700 1550.2
1087710 1557.9
1087720 1565.5
1087730 1568.3
1087740 1576.0
1087750 1583.3
1087760 1583.3
1087770 1581.5
1087780 1570.0
1087790 1562.9
1087800 1562.9
1087810 1556.4
1087820 1549.1
1087830 1549.1
1087840 1541.4
1087850 1535.0
1087860 1535.0
1087870 1528.6
1087880 1522.1
1087890 1522.1
1087900 1518.3
1087910 1515.8
1087920 1515.8
1087930 1510.0
1087940 1502.4
1087950 1502.4
1087960 1494.0
1087970 1487.1
1087980 1487.1
1087990 1485.5
1088000 1483.5
1088010 1483.5
1088020 1478.4
1088030 1473.0
1088040 1473.0
1088050 1472.8
1088060 1469.9
1088070 1464.2
1088080 1464.2
1088090 1457.6
1088100 1450.9
1088110 1450.9
1088120 1444.6
1088130 1445.4
1088140 1445.4
1088150 1448.2
1088160 1446.6
1088170 1446.6
1088180 1444.6
1088190 1443.1
1088200 1443.1
1088210 1436.6
1088220 1436.2
1088230 1436.2
1088240 1442.5
1088250 1437.3
1088260 1437.3
1088270 1433.8
1088280 1440.2
1088290 1440.2
1088300 1443.9
1088310 1438.3
1088320 1438.3
1088330 1432.2
1088340 1434.0
1088350 1434.0
1088360 1444.5
1088370 1450.2
1088380 1452.5
1088390 1452.5
1088400 1457.0
1088410 1462.7
1088420 1462.7
1088430 1465.4
1088440 1468.9
1088450 1468.9
1088460 1474.6
1088470 1479.6
1088480 1479.6
1088490 1485.7
1088500 1492.0
1088510 1492.0
1088520 1487.3
1088530 1477.7
1088540 1477.7
1088550 1467.8
1088560 1458.8
1088570 1458.8
1088580 1448.8
1088590 1442.1
1088600 1442.1
1088610 1434.0
1088620 1423.4
1088630 1423.4
1088640 1414.6
1088650 1405.3
1088660 1399.0
1088670 1399.0
1088680 1392.1
1088690 1379.4
1088700 1379.4
1088710 1372.3
1088720 1363.2
1088730 1363.2
1088740 1351.8
1088750 1341.5
1088760 1341.5
1088770 1336.0
1088780 1334.0
1088790 1334.0
1088800 1334.2
1088810 1338.1
1088820 1338.1
1088830 1340.0
1088840 1340.4
1088850 1340.4
1088860 1337.1
1088870 1329.3
1088880 1329.3
1088890 1324.7
1088900 1318.8
1088910 1318.8
1088920 1313.6
1088930 1310.4
1088940 1310.4
1088950 1303.4
1088960 1295.9
1088970 1287.9
1088980 1287.9
1088990 1282.1
1089000 1277.4
1089010 1282.4
1089020 1280.3
1089030 1283.2
1089040 1283.2
1089050 1283.7
1089060 1282.1
1089070 1282.1
1089080 1282.5
1089090 1286.9
1089100 1286.9
1089110 1286.7
1089120 1286.5
1089130 1286.5
1089140 1284.4
1089150 1280.1
1089160 1280.1
1089170 1279.2
1089180 1277.3
1089190 1277.3
1089200 1276.8
1089210 1278.1
1089220 1278.1
1089230 1281.2
1089240 1286.3
1089250 1293.7
1089260 1293.7
1089270 1299.9
1089280 1304.3
1089290 1304.3
1089300 1308.6
1089310 1313.0
1089320 1313.0
1089330 1316.2
1089340 1317.9
1089350 1317.9
1089360 1321.3
1089370 1325.1
1089380 1325.1
1089390 1329.4
1089400 1334.8
1089410 1334.8
1089420 1340.6
1089430 1347.1
1089440 1347.1
1089450 1354.2
1089460 1359.5
1089470 1359.5
1089480 1364.4
1089490 1367.4
1089500 1367.4
1089510 1371.5
1089520 1374.3
1089530 1374.3
1089540 1380.6
1089550 1384.5
1089560 1387.3
1089570 1387.3
1089580 1393.4
1089590 1393.5
1089600 1393.5
1089610 1397.6
1089620 1399.4
1089630 1399.4
1089640 1400.7
1089650 1402.6
1089660 1402.0
1089670 1405.6
1089680 1408.3
1089690 1408.3
1089700 1409.7
1089710 1412.2
1089720 1412.2
1089730 1417.2
1089740 1421.3
1089750 1421.3
1089760 1425.7
1089770 1430.9
1089780 1430.9
1089790 1436.8
1089800 1441.2
1089810 1441.2
1089820 1444.6
1089830 1449.4
1089840 1458.6
1089850 1458.6
1089860 1468.0
1089870 1476.2
1089880 1476.2
1089890 1481.4
1089900 1486.3
1089910 1486.3
1089920 1492.0
1089930 1499.2
1089940 1499.2
1089950 1508.4
1089960 1514.7
1089970 1514.7
1089980 1527.4
1089990 1535.1
1090000 1535.1
1090010 1543.0
1090020 1550.9
1090030 1550.9
1090040 1563.2
1090050 1577.0
1090060 1577.0
1090070 1586.9
1090080 1595.3
1090090 1595.3
1090100 1604.2
1090110 1612.0
1090120 1612.0
1090130 1619.1
1090140 1626.3
1090150 1633.5
1090160 1633.5
1090170 1640.9
1090180 1649.0
1090190 1649.0
1090200 1657.5
1090210 1666.8
1090220 1666.8
1090230 1676.8
1090240 1688.0
1090250 1688.0
1090260 1701.0
1090270 1712.9
1090280 1712.9
1090290 1717.7
1090300 1722.0
1090310 1722.0
1090320 1714.8
1090330 1705.7
1090340 1705.7
1090350 1698.0
1090360 1690.1
1090370 1690.1
1090380 1684.0
1090390 1680.4
1090400 1680.4
1090410 1677.6
1090420 1672.5
1090430 1666.8
1090440 1666.8
1090450 1662.1
1090460 1657.8
1090470 1657.8
1090480 1654.3
1090490 1650.7
1090500 1650.7
1090510 1646.0
1090520 1640.6
1090530 1640.6
1090540 1635.2
1090550 1629.8
1090560 1629.8
1090570 1624.2
1090580 1618.1
1090590 1618.1
1090600 1612.2
1090610 1606.7
1090620 1606.7
1090630 1602.9
1090640 1596.9
1090650 1596.9
1090660 1591.4
1090670 1586.1
1090680 1586.1
1090690 1580.2
1090700 1574.2
1090710 1574.2
1090720 1568.1
1090730 1561.3
1090740 1554.1
1090750 1554.1
1090760 1547.2
1090770 1541.0
1090780 1541.0
1090790 1534.7
1090800 1528.7
1090810 1528.7
1090820 1523.0
1090830 1518.0
1090840 1518.0
1090850 1512.9
1090860 1507.8
1090870 1507.8
1090880 1503.2
1090890 1497.3
1090900 1497.3
1090910 1491.7
1090920 1486.5
1090930 1486.5
1090940 1482.6
1090950 1478.4
1090960 1478.4
1090970 1472.4
1090980 1467.5
1090990 1467.5
1091000 1461.2
1091010 1456.6
1091020 1454.1
1091030 1454.1
1091040 1451.4
1091050 1446.7
1091060 1446.7
1091070 1440.4
1091080 1435.9
1091090 1435.9
1091100 1431.0
1091110 1427.1
1091120 1427.1
1091130 1421.7
1091140 1414.3
1091150 1414.3
1091160 1412.0
1091170 1413.2
1091180 1413.2
1091190 1412.5
1091200 1411.4
1091210 1411.4
1091220 1410.8
1091230 1409.6
1091240 1409.6
1091250 1408.6
1091260 1407.9
1091270 1407.9
1091280 1400.5
1091290 1400.4
1091300 1397.3
1091310 1397.3
1091320 1396.8
1091330 1396.5
1091340 1396.5
1091350 1395.2
1091360 1393.6
1091370 1393.6
1091380 1391.4
1091390 1389.0
1091400 1389.0
1091410 1385.4
1091420 1381.8
1091430 1381.8
1091440 1379.7
1091450 1378.4
1091460 1378.4
1091470 1375.4
1091480 1373.3
1091490 1373.3
1091500 1371.0
1091510 1368.3
1091520 1368.3
1091530 1366.1
1091540 1363.7
1091550 1363.7
1091560 1361.5
1091570 1359.8
1091580 1359.8
1091590 1357.6
1091600 1353.2
1091610 1351.0
1091620 1351.0
1091630 1349.0
1091640 1347.2
1091650 1347.2
1091660 1345.7
1091670 1343.4
1091680 1343.4
1091690 1338.5
1091700 1331.5
1091710 1331.5
1091720 1324.7
1091730 1316.6
1091740 1316.6
1091750 1314.8
1091760 1313.5
1091770 1313.5
1091780 1316.7
1091790 1318.4
1091800 1318.4
1091810 1319.8
1091820 1322.0
1091830 1322.0
1091840 1324.4
1091850 1327.5
1091860 1327.5
1091870 1330.4
1091880 1332.3
1091890 1335.2
1091900 1335.2
1091910 1338.2
1091920 1339.3
1091930 1335.8
1091940 1336.3
1091950 1339.3
1091960 1339.3
1091970 1341.6
1091980 1346.7
1091990 1346.7
1092000 1353.4
1092010 1359.1
1092020 1359.1
1092030 1363.5
1092040 1368.3
1092050 1368.3
1092060 1373.8
1092070 1377.9
1092080 1377.9
1092090 1380.9
1092100 1383.7
1092110 1383.7
1092120 1387.0
1092130 1390.3
1092140 1390.3
1092150 1392.2
1092160 1394.0
1092170 1394.0
1092180 1396.4
1092190 1399.5
1092200 1403.0
1092210 1403.0
1092220 1405.4
1092230 1409.3
1092240 1409.3
1092250 1411.5
1092260 1416.3
1092270 1416.3
1092280 1421.0
1092290 1425.9
1092300 1425.9
1092310 1429.8
1092320 1434.4
1092330 1434.4
1092340 1438.2
1092350 1440.9
1092360 1440.9
1092370 1443.5
1092380 1445.4
1092390 1445.4
1092400 1446.7
1092410 1447.5
1092420 1447.5
1092430 1448.1
1092440 1448.4
1092450 1448.4
1092460 1448.1
1092470 1447.3
1092480 1445.9
1092490 1445.9
1092500 1443.7
1092510 1440.1
1092520 1440.1
1092530 1435.0
1092540 1429.5
1092550 1429.5
1092560 1424.2
1092570 1420.6
1092580 1420.6
1092590 1415.3
1092600 1409.3
1092610 1409.3
1092620 1403.5
1092630 1399.0
1092640 1399.0
1092650 1394.7
1092660 1389.4
1092670 1389.4
1092680 1383.0
1092690 1376.5
1092700 1376.5
1092710 1369.7
1092720 1364.4
1092730 1364.4
1092740 1360.2
1092750 1359.1
1092760 1359.1
1092770 1358.6
1092780 1358.2
1092790 1357.7
1092800 1357.7
1092810 1358.2
1092820 1359.0
1092830 1359.0
1092840 1358.4
1092850 1354.7
1092860 1354.7
1092870 1357.7
1092880 1360.5
1092890 1360.5
1092900 1360.0
1092910 1363.2
1092920 1363.2
1092930 1368.4
1092940 1365.9
1092950 1365.9
1092960 1365.5
1092970 1369.1
1092980 1369.1
1092990 1372.6
1093000 1379.8
1093010 1379.8
1093020 1385.6
1093030 1389.2
1093040 1389.2
1093050 1391.8
1093060 1394.8
1093070 1397.0
1093080 1397.0
1093090 1399.6
1093100 1401.9
1093110 1401.9
1093120 1404.1
1093130 1406.6
1093140 1406.6
1093150 1409.5
1093160 1412.5
1093170 1412.5
1093180 1414.7
1093190 1417.1
1093200 1417.1
1093210 1419.6
1093220 1421.9
1093230 1418.6
1093240 1420.3
1093250 1421.9
1093260 1421.9
1093270 1422.9
1093280 1423.7
1093290 1423.7
1093300 1424.6
1093310 1425.1
1093320 1425.1
1093330 1425.3
1093340 1425.1
1093350 1425.1
1093360 1424.3
1093370 1424.4
1093380 1424.8
1093390 1424.8
1093400 1426.0
1093410 1426.2
1093420 1426.2
1093430 1426.3
1093440 1426.5
1093450 1426.5
1093460 1426.6
1093470 1426.1
1093480 1426.1
1093490 1426.1
1093500 1426.1
1093510 1426.1
1093520 1426.3
1093530 1426.3
1093540 1426.3
1093550 1421.9
1093560 1421.8
1093570 1421.8
1093580 1421.4
1093590 1420.4
1093600 1420.4
1093610 1418.9
1093620 1416.6
1093630 1416.6
1093640 1413.2
1093650 1407.1
1093660 1400.8
1093670 1400.8
1093680 1397.3
1093690 1393.1
1093700 1393.1
1093710 1389.8
1093720 1382.8
1093730 1382.8
1093740 1375.3
1093750 1370.7
1093760 1370.7
1093770 1366.7
1093780 1359.2
1093790 1359.2
1093800 1345.7
1093810 1337.9
1093820 1337.9
1093830 1333.4
1093840 1330.5
1093850 1330.5
1093860 1330.6
1093870 1331.8
1093880 1326.3
1093890 1327.3
1093900 1326.1
1093910 1326.1
1093920 1315.7
1093930 1295.7
1093940 1274.8
1093950 1274.8
1093960 1263.2
1093970 1248.0
1093980 1248.0
1093990 1221.3
1094000 1196.9
1094010 1196.9
1094020 1165.4
1094030 1155.0
1094040 1155.0
1094050 1151.3
1094060 1148.3
1094070 1148.3
1094080 1138.9
1094090 1128.5
1094100 1128.5
1094110 1123.7
1094120 1120.9
1094130 1120.9
1094140 1117.3
1094150 1114.5
1094160 1114.5
1094170 1110.2
1094180 1105.4
1094190 1105.4
1094200 1097.5
1094210 1091.7
1094220 1091.7
1094230 1086.1
1094240 1081.1
1094250 1077.3
1094260 1077.3
1094270 1073.6
1094280 1068.4
1094290 1068.4
1094300 1064.7
1094310 1060.8
1094320 1060.8
1094330 1057.9
1094340 1055.9
1094350 1055.9
1094360 1054.8
1094370 1053.9
1094380 1053.9
1094390 1053.5
1094400 1052.8
1094410 1052.8
1094420 1052.3
1094430 1052.1
1094440 1052.1
1094450 1052.3
1094460 1051.7
1094470 1051.7
1094480 1047.6
1094490 1040.7
1094500 1040.7
1094510 1032.7
1094520 1025.0
1094530 1020.8
1094540 1020.8
1094550 1014.6
1094560 1008.7
1094570 1008.7
1094580 1000.9
1094590 993.1
1094600 993.1
1094610 986.2
1094620 979.2
1094630 979.2
1094640 974.5
1094650 969.8
1094660 969.8
1094670 963.9
1094680 955.4
1094690 955.4
1094700 945.8
1094710 936.9
1094720 936.9
1094730 931.3
1094740 922.6
1094750 922.6
1094760 911.7
1094770 906.4
1094780 906.4
1094790 905.6
1094800 904.2
1094810 904.2
1094820 900.0
1094830 894.8
1094840 890.5
1094850 890.5
1094860 883.7
1094870 879.9
1094880 879.9
1094890 874.2
1094900 866.6
1094910 866.6
1094920 862.9
1094930 857.6
1094940 857.6
1094950 855.2
1094960 854.9
1094970 854.9
1094980 856.1
1094990 857.8
1095000 857.8
1095010 857.2
1095020 857.8
1095030 857.8
1095040 859.5
1095050 862.0
1095060 862.0
1095070 864.6
1095080 866.2
1095090 866.2
1095100 868.3
1095110 870.4
1095120 869.5
1095130 869.5
1095140 868.1
1095150 866.1
1095160 866.1
1095170 864.5
1095180 868.0
1095190 868.0
1095200 869.9
1095210 870.5
1095220 870.5
1095230 870.3
1095240 869.4
1095250 869.4
1095260 870.8
1095270 875.0
1095280 875.0
1095290 878.0
1095300 879.6
1095310 879.6
1095320 883.6
1095330 886.9
1095340 886.9
1095350 891.0
1095360 891.6
1095370 891.6
1095380 895.8
1095390 905.0
1095400 905.0
1095410 908.5
1095420 907.3
1095430 905.6
1095440 905.6
1095450 907.2
1095460 910.4
1095470 910.4
1095480 914.5
1095490 918.7
1095500 918.7
1095510 923.2
1095520 916.9
1095530 916.9
1095540 909.8
1095550 903.1
1095560 903.1
1095570 906.1
1095580 912.6
1095590 912.6
1095600 917.5
1095610 912.5
1095620 912.5
1095630 904.7
1095640 899.2
1095650 899.2
1095660 895.1
1095670 892.6
1095680 892.6
1095690 895.1
1095700 900.8
1095710 906.2
1095720 906.2
1095730 913.7
1095740 921.4
1095750 921.4
1095760 928.8
1095770 935.5
1095780 935.5
1095790 940.9
1095800 942.3
1095810 942.3
1095820 948.0
1095830 953.5
1095840 954.2
1095850 958.8
1095860 964.2
1095870 964.2
1095880 970.0
1095890 977.7
1095900 977.7
1095910 987.7
1095920 995.7
1095930 995.7
1095940 1000.4
1095950 1002.5
1095960 1002.5
1095970 1001.3
1095980 1001.2
1095990 1001.2
1096000 1002.3
1096010 1003.2
1096020 1005.5
1096030 1005.5
1096040 1007.6
1096050 1006.9
1096060 1006.9
1096070 1006.6
1096080 1007.9
1096090 1007.9
1096100 1010.7
1096110 1007.6
1096120 1007.6
1096130 1006.1
1096140 1007.5
1096150 1007.5
1096160 1010.7
1096170 1019.2
1096180 1019.2
1096190 1018.6
1096200 1018.5
1096210 1018.5
1096220 1016.9
1096230 1027.7
1096240 1027.7
1096250 1036.3
1096260 1037.5
1096270 1037.5
1096280 1040.0
1096290 1044.2
1096300 1048.2
1096310 1048.2
1096320 1053.5
1096330 1059.0
1096340 1059.0
1096350 1066.7
1096360 1075.1
1096370 1075.1
1096380 1082.1
1096390 1082.3
1096400 1082.3
1096410 1082.8
1096420 1087.6
1096430 1087.6
1096440 1090.9
1096450 1095.6
1096460 1095.6
1096470 1098.3
1096480 1098.3
1096490 1098.3
1096500 1103.1
1096510 1105.1
1096520 1105.1
1096530 1106.0
1096540 1105.9
1096550 1105.9
1096560 1105.2
1096570 1103.6
1096580 1102.9
1096590 1102.9
1096600 1105.2
1096610 1106.8
1096620 1106.8
1096630 1108.1
1096640 1107.6
1096650 1107.6
1096660 1106.9
1096670 1109.7
1096680 1109.7
1096690 1112.1
1096700 1115.4
1096710 1115.4
1096720 1120.8
1096730 1125.1
1096740 1125.1
1096750 1127.9
1096760 1130.5
1096770 1130.5
1096780 1132.4
1096790 1134.2
1096800 1134.2
1096810 1136.4
1096820 1138.9
1096830 1138.9
1096840 1131.1
1096850 1122.5
1096860 1122.5
1096870 1114.7
1096880 1116.8
1096890 1123.2
1096900 1123.2
1096910 1130.6
1096920 1137.9
1096930 1137.9
1096940 1144.2
1096950 1145.9
1096960 1145.9
1096970 1139.0
1096980 1129.5
1096990 1129.5
1097000 1130.0
1097010 1137.0
1097020 1137.0
1097030 1138.6
1097040 1140.8
1097050 1140.8
1097060 1144.6
1097070 1150.6
1097080 1150.6
1097090 1156.9
1097100 1164.3
1097110 1164.3
1097120 1169.9
1097130 1173.2
1097140 1173.2
1097150 1178.0
1097160 1178.6
1097170 1180.1
1097180 1180.1
1097190 1181.6
1097200 1184.0
1097210 1184.0
1097220 1186.4
1097230 1188.8
1097240 1188.8
1097250 1191.4
1097260 1192.8
1097270 1192.8
1097280 1194.0
1097290 1194.6
1097300 1194.6
1097310 1195.8
1097320 1197.7
1097330 1197.7
1097340 1202.3
1097350 1208.9
1097360 1208.9
1097370 1218.4
1097380 1221.8
1097390 1221.8
1097400 1228.5
1097410 1233.4
1097420 1233.4
1097430 1232.8
1097440 1231.8
1097450 1231.8
1097460 1232.1
1097470 1235.0
1097480 1247.8
1097490 1247.8
1097500 1250.9
1097510 1252.0
1097520 1252.0
1097530 1251.4
1097540 1248.6
1097550 1248.6
1097560 1242.5
1097570 1240.1
1097580 1240.1
1097590 1246.3
1097600 1241.4
1097610 1241.4
1097620 1242.3
1097630 1246.9
1097640 1246.9
1097650 1249.9
1097660 1243.5
1097670 1243.5
1097680 1238.4
1097690 1236.5
1097700 1236.5
1097710 1236.8
1097720 1239.3
1097730 1239.3
1097740 1244.3
1097750 1245.6
1097760 1239.8
1097770 1239.8
1097780 1235.9
1097790 1238.1
1097800 1238.1
1097810 1236.5
1097820 1230.6
1097830 1230.6
1097840 1227.6
1097850 1233.4
1097860 1233.4
1097870 1235.3
1097880 1234.3
1097890 1234.3
1097900 1234.0
1097910 1231.5
1097920 1231.5
1097930 1228.2
1097940 1219.4
1097950 1219.4
1097960 1220.6
1097970 1229.8
1097980 1229.8
1097990 1236.8
1098000 1239.7
1098010 1239.7
1098020 1241.8
1098030 1247.3
1098040 1247.3
1098050 1252.6
1098060 1256.6
1098070 1262.0
1098080 1262.0
1098090 1264.5
1098100 1258.6
1098110 1258.6
1098120 1259.3
1098130 1264.8
1098140 1274.5
1098150 1282.6
1098160 1282.8
1098170 1282.8
1098180 1274.9
1098190 1271.3
1098200 1271.3
1098210 1276.5
1098220 1279.1
1098230 1279.1
1098240 1278.3
1098250 1280.0
1098260 1280.0
1098270 1284.1
1098280 1287.7
1098290 1287.7
1098300 1295.3
1098310 1300.2
1098320 1300.2
1098330 1302.9
1098340 1309.5
1098350 1321.7
1098360 1321.7
1098370 1332.0
1098380 1338.9
1098390 1338.9
1098400 1338.3
1098410 1335.0
1098420 1335.0
1098430 1335.6
1098440 1339.0
1098450 1339.0
1098460 1334.3
1098470 1344.4
1098480 1344.4
1098490 1344.8
1098500 1339.4
1098510 1339.4
1098520 1342.0
1098530 1348.2
1098540 1348.2
1098550 1349.6
1098560 1337.5
1098570 1337.5
1098580 1335.9
1098590 1336.3
1098600 1336.3
1098610 1336.8
1098620 1338.4
1098630 1339.7
1098640 1339.7
1098650 1342.3
1098660 1348.4
1098670 1348.4
1098680 1352.0
1098690 1353.2
1098700 1353.2
1098710 1352.8
1098720 1343.4
1098730 1343.4
1098740 1330.5
1098750 1326.1
1098760 1326.1
1098770 1322.8
1098780 1319.0
1098790 1319.0
1098800 1326.4
1098810 1322.8
1098820 1322.8
1098830 1313.8
1098840 1309.7
1098850 1309.7
1098860 1312.5
1098870 1315.3
1098880 1315.3
1098890 1320.0
1098900 1323.8
1098910 1323.8
1098920 1326.3
1098930 1327.2
1098940 1325.9
1098950 1325.9
1098960 1325.3
1098970 1322.3
1098980 1322.3
1098990 1312.8
1099000 1300.8
1099010 1300.8
1099020 1300.2
1099030 1299.1
1099040 1299.1
1099050 1298.6
1099060 1296.1
1099070 1296.1
1099080 1288.5
1099090 1278.1
1099100 1278.1
1099110 1268.3
1099120 1262.1
1099130 1270.5
1099140 1265.9
1099150 1261.2
1099160 1261.2
1099170 1256.3
1099180 1249.5
1099190 1249.5
1099200 1243.0
1099210 1234.2
1099220 1224.0
1099230 1224.0
1099240 1225.6
1099250 1228.2
1099260 1228.2
1099270 1230.8
1099280 1224.5
1099290 1224.5
1099300 1215.6
1099310 1219.3
1099320 1219.3
1099330 1230.3
1099340 1238.9
1099350 1238.9
1099360 1241.9
1099370 1247.9
1099380 1247.9
1099390 1249.6
1099400 1247.2
1099410 1247.2
1099420 1235.6
1099430 1226.3
1099440 1226.3
1099450 1216.4
1099460 1216.3
1099470 1216.3
1099480 1213.7
1099490 1216.8
1099500 1216.8
1099510 1217.4
1099520 1203.4
1099530 1194.3
1099540 1194.3
1099550 1189.9
1099560 1184.8
1099570 1184.8
1099580 1179.3
1099590 1175.6
1099600 1175.6
1099610 1173.0
1099620 1170.1
1099630 1170.1
1099640 1167.3
1099650 1165.3
1099660 1165.3
1099670 1164.1
1099680 1163.9
1099690 1163.9
1099700 1161.8
1099710 1159.0
1099720 1159.0
1099730 1157.7
1099740 1157.8
1099750 1157.8
1099760 1156.3
1099770 1153.7
1099780 1153.7
1099790 1150.3
1099800 1161.7
1099810 1160.0
1099820 1160.0
1099830 1158.8
1099840 1154.2
1099850 1154.2
1099860 1147.8
1099870 1140.7
1099880 1140.7
1099890 1132.1
1099900 1120.3
1099910 1120.3
1099920 1111.3
1099930 1109.6
1099940 1109.6
1099950 1113.2
1099960 1116.2
1099970 1116.2
1099980 1121.0
1099990 1111.8
