1080000 1073.3
1080010 1077.3
1080020 1080.8
1080030 1080.8
1080040 1084.5
1080050 1088.2
1080060 1088.2
1080070 1091.2
1080080 1094.5
1080090 1094.5
1080100 1098.5
1080110 1103.0
1080120 1107.8
1080130 1107.8
1080140 1112.3
1080150 1116.5
1080160 1116.5
1080170 1122.5
1080180 1124.8
1080190 1124.8
1080200 1127.8
1080210 1131.0
1080220 1131.0
1080230 1136.5
1080240 1140.9
1080250 1140.9
1080260 1144.7
1080270 1148.4
1080280 1148.4
1080290 1152.3
1080300 1158.6
1080310 1158.6
1080320 1164.5
1080330 1169.9
1080340 1169.9
1080350 1174.0
1080360 1179.8
1080370 1179.8
1080380 1184.3
1080390 1186.1
1080400 1186.1
1080410 1187.1
1080420 1189.4
1080430 1193.3
1080440 1193.3
1080450 1197.9
1080460 1203.4
1080470 1203.4
1080480 1211.1
1080490 1219.3
1080500 1219.3
1080510 1225.7
1080520 1227.3
1080530 1227.3
1080540 1229.6
1080550 1231.1
1080560 1231.1
1080570 1232.1
1080580 1231.9
1080590 1231.9
1080600 1231.6
1080610 1230.9
1080620 1230.9
1080630 1228.9
1080640 1229.4
1080650 1229.4
1080660 1229.5
1080670 1233.1
1080680 1233.1
1080690 1238.9
1080700 1247.7
1080710 1254.2
1080720 1254.2
1080730 1258.2
1080740 1266.0
1080750 1266.0
1080760 1277.6
1080770 1282.5
1080780 1282.5
1080790 1283.8
1080800 1291.7
1080810 1291.7
1080820 1293.8
1080830 1299.2
1080840 1299.2
1080850 1304.9
1080860 1311.7
1080870 1311.7
1080880 1318.9
1080890 1326.5
1080900 1326.5
1080910 1334.0
1080920 1341.8
1080930 1341.8
1080940 1350.3
1080950 1358.3
1080960 1358.3
1080970 1365.3
1080980 1371.8
1080990 1371.8
1081000 1375.8
1081010 1378.0
1081020 1379.3
1081030 1379.3
1081040 1381.8
1081050 1385.5
1081060 1385.5
1081070 1388.4
1081080 1391.7
1081090 1391.7
1081100 1395.3
1081110 1398.1
1081120 1402.8
1081130 1404.9
1081140 1407.9
1081150 1407.9
1081160 1410.3
1081170 1413.0
1081180 1413.0
1081190 1420.9
1081200 1435.7
1081210 1435.7
1081220 1463.4
1081230 1474.2
1081240 1474.2
1081250 1479.6
1081260 1485.5
1081270 1485.5
1081280 1490.6
1081290 1492.9
1081300 1494.3
1081310 1494.3
1081320 1497.2
1081330 1497.8
1081340 1497.8
1081350 1498.1
1081360 1499.7
1081370 1499.7
1081380 1502.4
1081390 1504.6
1081400 1504.6
1081410 1506.1
1081420 1507.4
1081430 1511.8
1081440 1516.5
1081450 1523.3
1081460 1523.3
1081470 1529.9
1081480 1535.2
1081490 1535.2
1081500 1535.2
1081510 1535.7
1081520 1535.7
1081530 1536.9
1081540 1540.9
1081550 1540.9
1081560 1544.3
1081570 1547.7
1081580 1547.7
1081590 1551.7
1081600 1559.0
1081610 1564.5
1081620 1564.5
1081630 1571.7
1081640 1579.2
1081650 1579.2
1081660 1585.0
1081670 1588.4
1081680 1588.4
1081690 1590.1
1081700 1589.8
1081710 1589.8
1081720 1587.7
1081730 1584.2
1081740 1584.2
1081750 1581.0
1081760 1576.6
1081770 1576.6
1081780 1571.8
1081790 1568.4
1081800 1568.4
1081810 1564.4
1081820 1561.9
1081830 1561.9
1081840 1559.1
1081850 1555.5
1081860 1555.5
1081870 1551.5
1081880 1547.8
1081890 1544.0
1081900 1544.0
1081910 1540.1
1081920 1534.8
1081930 1534.8
1081940 1531.6
1081950 1528.3
1081960 1528.3
1081970 1525.5
1081980 1522.2
1081990 1522.2
1082000 1518.7
1082010 1514.6
1082020 1514.6
1082030 1511.0
1082040 1508.2
1082050 1508.2
1082060 1506.3
1082070 1502.6
1082080 1502.6
1082090 1498.0
1082100 1492.9
1082110 1492.9
1082120 1488.3
1082130 1483.6
1082140 1483.6
1082150 1479.8
1082160 1478.3
1082170 1478.3
1082180 1474.7
1082190 1470.4
1082200 1468.2
1082210 1468.2
1082220 1464.6
1082230 1464.2
1082240 1464.2
1082250 1466.8
1082260 1466.1
1082270 1466.1
1082280 1460.8
1082290 1455.4
1082300 1455.4
1082310 1446.4
1082320 1432.6
1082330 1432.6
1082340 1424.0
1082350 1418.9
1082360 1418.9
1082370 1413.7
1082380 1402.5
1082390 1402.5
1082400 1397.0
1082410 1392.4
1082420 1392.4
1082430 1386.8
1082440 1385.2
1082450 1385.2
1082460 1384.1
1082470 1381.9
1082480 1377.3
1082490 1377.3
1082500 1372.6
1082510 1371.6
1082520 1371.6
1082530 1370.4
1082540 1368.5
1082550 1368.5
1082560 1366.7
1082570 1364.0
1082580 1364.0
1082590 1362.1
1082600 1359.5
1082610 1359.5
1082620 1357.5
1082630 1356.9
1082640 1356.9
1082650 1355.6
1082660 1353.4
1082670 1353.4
1082680 1351.3
1082690 1349.8
1082700 1344.9
1082710 1342.9
1082720 1343.2
1082730 1343.2
1082740 1344.0
1082750 1344.0
1082760 1344.0
1082770 1343.3
1082780 1341.5
1082790 1338.8
1082800 1338.8
1082810 1336.5
1082820 1333.8
1082830 1333.8
1082840 1331.0
1082850 1329.1
1082860 1329.1
1082870 1328.1
1082880 1325.9
1082890 1325.9
1082900 1322.4
1082910 1318.8
1082920 1318.8
1082930 1315.0
1082940 1312.0
1082950 1312.0
1082960 1308.7
1082970 1303.8
1082980 1303.8
1082990 1300.3
1083000 1297.6
1083010 1297.6
1083020 1292.4
1083030 1288.6
1083040 1288.6
1083050 1287.3
1083060 1285.3
1083070 1281.7
1083080 1281.7
1083090 1281.3
1083100 1280.5
1083110 1280.5
1083120 1278.4
1083130 1276.0
1083140 1276.0
1083150 1273.5
1083160 1271.0
1083170 1271.0
1083180 1268.3
1083190 1263.4
1083200 1263.4
1083210 1255.8
1083220 1248.2
1083230 1248.2
1083240 1245.7
1083250 1246.6
1083260 1246.6
1083270 1250.1
1083280 1251.6
1083290 1251.6
1083300 1251.2
1083310 1246.3
1083320 1246.3
1083330 1237.9
1083340 1230.3
1083350 1230.3
1083360 1227.5
1083370 1223.9
1083380 1222.3
1083390 1222.3
1083400 1222.2
1083410 1223.2
1083420 1223.2
1083430 1218.0
1083440 1207.8
1083450 1207.8
1083460 1200.1
1083470 1194.0
1083480 1194.0
1083490 1187.9
1083500 1184.0
1083510 1184.0
1083520 1180.9
1083530 1176.2
1083540 1176.2
1083550 1171.3
1083560 1168.9
1083570 1168.9
1083580 1166.9
1083590 1173.3
1083600 1173.3
1083610 1178.8
1083620 1184.5
1083630 1184.5
1083640 1193.0
1083650 1195.6
1083660 1197.3
1083670 1197.3
1083680 1200.2
1083690 1208.1
1083700 1208.1
1083710 1212.2
1083720 1213.1
1083730 1213.1
1083740 1213.8
1083750 1214.2
1083760 1214.2
1083770 1214.6
1083780 1214.4
1083790 1214.4
1083800 1214.4
1083810 1213.3
1083820 1213.3
1083830 1212.8
1083840 1212.8
1083850 1212.8
1083860 1212.4
1083870 1211.4
1083880 1211.4
1083890 1209.9
1083900 1207.3
1083910 1207.3
1083920 1206.8
1083930 1206.1
1083940 1206.1
1083950 1205.0
1083960 1203.8
1083970 1200.0
1083980 1200.0
1083990 1198.7
1084000 1197.2
1084010 1197.2
1084020 1194.6
1084030 1190.5
1084040 1190.5
1084050 1188.0
1084060 1187.0
1084070 1187.0
1084080 1186.3
1084090 1184.4
1084100 1184.4
1084110 1181.8
1084120 1178.9
1084130 1178.9
1084140 1175.2
1084150 1170.2
1084160 1170.2
1084170 1165.8
1084180 1162.3
1084190 1162.3
1084200 1157.8
1084210 1153.7
1084220 1153.7
1084230 1149.3
1084240 1144.2
1084250 1139.4
1084260 1139.4
1084270 1133.5
1084280 1128.2
1084290 1125.7
1084300 1120.3
1084310 1117.1
1084320 1117.1
1084330 1114.0
1084340 1111.8
1084350 1111.8
1084360 1109.2
1084370 1105.8
1084380 1105.8
1084390 1100.8
1084400 1094.2
1084410 1094.2
1084420 1089.3
1084430 1084.9
1084440 1084.9
1084450 1081.9
1084460 1081.2
1084470 1081.2
1084480 1079.7
1084490 1076.1
1084500 1076.1
1084510 1074.0
1084520 1072.8
1084530 1072.8
1084540 1071.7
1084550 1070.7
1084560 1069.3
1084570 1069.3
1084580 1067.4
1084590 1065.7
1084600 1065.7
1084610 1062.8
1084620 1060.8
1084630 1060.8
1084640 1058.2
1084650 1054.6
1084660 1054.6
1084670 1051.7
1084680 1047.2
1084690 1047.2
1084700 1043.3
1084710 1040.0
1084720 1040.0
1084730 1037.0
1084740 1033.3
1084750 1033.3
1084760 1030.4
1084770 1030.7
1084780 1030.7
1084790 1031.1
1084800 1029.8
1084810 1029.8
1084820 1026.3
1084830 1023.6
1084840 1019.0
1084850 1019.0
1084860 1018.2
1084870 1017.7
1084880 1017.7
1084890 1015.4
1084900 1013.5
1084910 1013.5
1084920 1012.0
1084930 1009.8
1084940 1009.8
1084950 1009.4
1084960 1008.3
1084970 1008.3
1084980 1007.6
1084990 1007.8
1085000 1007.8
1085010 1009.2
1085020 1010.4
1085030 1010.4
1085040 1010.6
1085050 1011.1
1085060 1011.1
1085070 1008.3
1085080 1005.3
1085090 1005.3
1085100 1002.4
1085110 997.0
1085120 997.0
1085130 991.6
1085140 991.4
1085150 989.5
1085160 989.5
1085170 988.5
1085180 987.4
1085190 987.4
1085200 984.1
1085210 980.3
1085220 980.3
1085230 980.3
1085240 979.9
1085250 972.1
1085260 968.1
1085270 962.4
1085280 962.4
1085290 958.3
1085300 961.6
1085310 961.6
1085320 963.5
1085330 963.2
1085340 963.2
1085350 961.1
1085360 959.4
1085370 959.4
1085380 957.8
1085390 956.7
1085400 956.7
1085410 956.3
1085420 956.6
1085430 955.7
1085440 955.7
1085450 954.0
1085460 952.5
1085470 952.5
1085480 952.5
1085490 951.5
1085500 951.5
1085510 949.2
1085520 948.4
1085530 948.4
1085540 952.0
1085550 959.2
1085560 959.2
1085570 966.3
1085580 972.6
1085590 972.6
1085600 979.0
1085610 983.0
1085620 983.0
1085630 984.0
1085640 986.3
1085650 986.3
1085660 988.9
1085670 991.7
1085680 991.7
1085690 995.3
1085700 999.0
1085710 999.0
1085720 999.7
1085730 999.6
1085740 1000.6
1085750 1000.6
1085760 1003.6
1085770 1008.8
1085780 1008.8
1085790 1012.6
1085800 1014.4
1085810 1014.4
1085820 1015.9
1085830 1017.8
1085840 1017.8
1085850 1018.7
1085860 1019.7
1085870 1019.7
1085880 1021.0
1085890 1023.5
1085900 1023.5
1085910 1023.8
1085920 1024.7
1085930 1024.7
1085940 1027.0
1085950 1031.0
1085960 1031.0
1085970 1038.6
1085980 1045.0
1085990 1045.0
1086000 1046.9
1086010 1046.5
1086020 1040.0
1086030 1040.0
1086040 1040.9
1086050 1048.2
1086060 1048.2
1086070 1055.7
1086080 1059.4
1086090 1059.4
1086100 1060.2
1086110 1053.9
1086120 1053.9
1086130 1047.2
1086140 1042.5
1086150 1042.5
1086160 1038.8
1086170 1035.6
1086180 1035.6
1086190 1032.2
1086200 1030.0
1086210 1036.8
1086220 1034.9
1086230 1033.3
1086240 1033.3
1086250 1035.1
1086260 1040.8
1086270 1040.8
1086280 1047.9
1086290 1054.8
1086300 1054.8
1086310 1061.3
1086320 1061.7
1086330 1064.2
1086340 1064.2
1086350 1070.8
1086360 1077.7
1086370 1077.7
1086380 1085.6
1086390 1094.0
1086400 1094.0
1086410 1101.3
1086420 1106.8
1086430 1106.8
1086440 1111.6
1086450 1117.8
1086460 1117.8
1086470 1125.7
1086480 1131.5
1086490 1131.5
1086500 1133.2
1086510 1137.0
1086520 1137.0
1086530 1144.5
1086540 1149.1
1086550 1149.1
1086560 1153.0
1086570 1158.8
1086580 1158.8
1086590 1164.5
1086600 1169.5
1086610 1173.0
1086620 1173.0
1086630 1177.3
1086640 1183.1
1086650 1183.1
1086660 1187.7
1086670 1192.5
1086680 1192.5
1086690 1197.1
1086700 1201.4
1086710 1201.4
1086720 1205.9
1086730 1209.9
1086740 1209.9
1086750 1214.3
1086760 1218.8
1086770 1218.8
1086780 1223.4
1086790 1228.4
1086800 1228.4
1086810 1233.1
1086820 1238.0
1086830 1238.0
1086840 1243.2
1086850 1245.1
1086860 1245.1
1086870 1250.1
1086880 1254.0
1086890 1254.0
1086900 1258.3
1086910 1263.1
1086920 1269.4
1086930 1269.4
1086940 1274.6
1086950 1280.0
1086960 1280.0
1086970 1285.4
1086980 1290.9
1086990 1290.9
1087000 1296.4
1087010 1302.4
1087020 1302.4
1087030 1308.1
1087040 1313.6
1087050 1313.6
1087060 1319.6
1087070 1325.3
1087080 1325.3
1087090 1331.0
1087100 1336.1
1087110 1336.1
1087120 1342.2
1087130 1348.4
1087140 1348.4
1087150 1355.3
1087160 1361.9
1087170 1357.5
1087180 1364.4
1087190 1371.4
1087200 1378.0
1087210 1378.0
1087220 1385.7
1087230 1393.5
1087240 1393.5
1087250 1400.3
1087260 1406.8
1087270 1406.8
1087280 1410.5
1087290 1414.6
1087300 1414.6
1087310 1419.4
1087320 1425.8
1087330 1425.8
1087340 1432.5
1087350 1439.1
1087360 1439.1
1087370 1445.7
1087380 1453.2
1087390 1453.2
1087400 1463.9
1087410 1476.7
1087420 1476.7
1087430 1486.0
1087440 1493.9
1087450 1493.9
1087460 1500.2
1087470 1507.0
1087480 1507.0
1087490 1507.6
1087500 1511.7
1087510 1520.2
1087520 1520.2
1087530 1527.6
1087540 1532.1
1087550 1532.1
1087560 1536.2
1087570 1539.1
1087580 1539.1
1087590 1540.6
1087600 1541.1
1087610 1541.1
1087620 1540.4
1087630 1536.4
1087640 1536.4
1087650 1530.1
1087660 1524.0
1087670 1524.0
1087680 1518.6
1087690 1512.5
1087700 1512.5
1087710 1504.6
1087720 1497.3
1087730 1497.3
1087740 1490.7
1087750 1484.1
1087760 1484.1
1087770 1478.5
1087780 1472.5
1087790 1465.7
1087800 1465.7
1087810 1454.1
1087820 1446.9
1087830 1446.9
1087840 1440.2
1087850 1433.0
1087860 1433.0
1087870 1425.3
1087880 1417.9
1087890 1417.9
1087900 1410.5
1087910 1402.9
1087920 1402.9
1087930 1395.5
1087940 1388.7
1087950 1388.7
1087960 1381.5
1087970 1374.9
1087980 1374.9
1087990 1367.4
1088000 1359.7
1088010 1359.7
1088020 1353.6
1088030 1347.5
1088040 1347.5
1088050 1341.3
1088060 1335.3
1088070 1335.3
1088080 1329.9
1088090 1324.7
1088100 1318.7
1088110 1318.7
1088120 1313.2
1088130 1307.1
1088140 1307.1
1088150 1302.6
1088160 1297.7
1088170 1297.7
1088180 1292.7
1088190 1288.7
1088200 1288.7
1088210 1284.3
1088220 1279.9
1088230 1279.9
1088240 1275.2
1088250 1271.0
1088260 1271.0
1088270 1267.4
1088280 1263.9
1088290 1263.9
1088300 1260.9
1088310 1258.2
1088320 1258.2
1088330 1255.2
1088340 1253.0
1088350 1253.0
1088360 1250.7
1088370 1247.8
1088380 1245.6
1088390 1245.6
1088400 1243.3
1088410 1241.7
1088420 1241.7
1088430 1241.7
1088440 1240.7
1088450 1243.2
1088460 1240.7
1088470 1238.3
1088480 1238.3
1088490 1236.4
1088500 1233.5
1088510 1233.5
1088520 1231.5
1088530 1233.1
1088540 1233.1
1088550 1232.5
1088560 1230.7
1088570 1230.7
1088580 1228.0
1088590 1225.7
1088600 1225.7
1088610 1224.4
1088620 1222.8
1088630 1222.8
1088640 1221.3
1088650 1219.9
1088660 1219.9
1088670 1218.6
1088680 1218.1
1088690 1218.2
1088700 1218.2
1088710 1218.2
1088720 1218.0
1088730 1218.0
1088740 1217.7
1088750 1217.7
1088760 1217.7
1088770 1222.1
1088780 1218.7
1088790 1218.7
1088800 1214.5
1088810 1213.7
1088820 1213.7
1088830 1211.3
1088840 1202.8
1088850 1202.8
1088860 1194.7
1088870 1188.5
1088880 1188.5
1088890 1186.4
1088900 1185.6
1088910 1185.6
1088920 1186.5
1088930 1186.1
1088940 1186.1
1088950 1185.4
1088960 1186.1
1088970 1185.3
1088980 1185.3
1088990 1184.0
1089000 1183.3
1089010 1183.3
1089020 1182.5
1089030 1185.4
1089040 1185.4
1089050 1186.6
1089060 1189.1
1089070 1189.1
1089080 1194.4
1089090 1197.5
1089100 1199.0
1089110 1201.9
1089120 1205.8
1089130 1205.8
1089140 1210.3
1089150 1214.0
1089160 1214.0
1089170 1216.8
1089180 1221.6
1089190 1221.6
1089200 1225.3
1089210 1227.7
1089220 1227.7
1089230 1230.8
1089240 1233.8
1089250 1233.8
1089260 1236.9
1089270 1238.6
1089280 1242.3
1089290 1242.3
1089300 1247.3
1089310 1253.5
1089320 1253.5
1089330 1259.9
1089340 1268.2
1089350 1268.2
1089360 1276.2
1089370 1283.9
1089380 1283.9
1089390 1290.0
1089400 1295.5
1089410 1295.5
1089420 1300.4
1089430 1306.1
1089440 1306.1
1089450 1312.7
1089460 1318.7
1089470 1318.7
1089480 1324.1
1089490 1330.7
1089500 1330.7
1089510 1337.1
1089520 1343.3
1089530 1343.3
1089540 1348.5
1089550 1355.4
1089560 1362.5
1089570 1362.5
1089580 1369.3
1089590 1374.8
1089600 1374.8
1089610 1381.0
1089620 1388.3
1089630 1388.3
1089640 1394.9
1089650 1401.0
1089660 1401.0
1089670 1406.6
1089680 1411.8
1089690 1411.8
1089700 1416.2
1089710 1419.4
1089720 1419.4
1089730 1421.2
1089740 1428.5
1089750 1428.5
1089760 1429.5
1089770 1430.1
1089780 1430.1
1089790 1429.9
1089800 1428.0
1089810 1428.0
1089820 1426.8
1089830 1426.9
1089840 1426.9
1089850 1426.7
1089860 1428.2
1089870 1430.0
1089880 1430.0
1089890 1432.1
1089900 1435.0
1089910 1435.0
1089920 1437.0
1089930 1437.1
1089940 1437.1
1089950 1437.7
1089960 1438.5
1089970 1438.5
1089980 1436.9
1089990 1433.4
1090000 1433.4
1090010 1430.9
1090020 1428.5
1090030 1428.5
1090040 1435.8
1090050 1444.0
1090060 1447.5
1090070 1456.3
1090080 1458.1
1090090 1458.1
1090100 1463.7
1090110 1469.5
1090120 1469.5
1090130 1472.6
1090140 1476.0
1090150 1478.7
1090160 1478.7
1090170 1480.6
1090180 1480.4
1090190 1480.4
1090200 1484.2
1090210 1489.8
1090220 1489.8
1090230 1498.2
1090240 1506.3
1090250 1506.3
1090260 1513.8
1090270 1520.7
1090280 1520.7
1090290 1527.3
1090300 1533.8
1090310 1533.8
1090320 1539.6
1090330 1545.0
1090340 1545.0
1090350 1550.7
1090360 1556.0
1090370 1556.0
1090380 1561.3
1090390 1570.0
1090400 1570.0
1090410 1574.8
1090420 1579.8
1090430 1579.8
1090440 1585.0
1090450 1590.1
1090460 1594.4
1090470 1594.4
1090480 1599.6
1090490 1604.9
1090500 1604.9
1090510 1609.1
1090520 1612.8
1090530 1612.8
1090540 1616.9
1090550 1621.8
1090560 1621.8
1090570 1626.5
1090580 1630.4
1090590 1630.4
1090600 1634.0
1090610 1637.9
1090620 1637.9
1090630 1641.7
1090640 1645.4
1090650 1645.4
1090660 1648.3
1090670 1650.6
1090680 1650.6
1090690 1653.2
1090700 1654.4
1090710 1655.3
1090720 1651.0
1090730 1644.1
1090740 1636.9
1090750 1636.9
1090760 1629.0
1090770 1621.7
1090780 1621.7
1090790 1614.2
1090800 1606.1
1090810 1606.1
1090820 1600.7
1090830 1595.1
1090840 1595.1
1090850 1589.3
1090860 1583.1
1090870 1583.1
1090880 1576.7
1090890 1570.3
1090900 1570.3
1090910 1563.2
1090920 1556.3
1090930 1556.3
1090940 1550.3
1090950 1545.0
1090960 1545.0
1090970 1540.6
1090980 1536.8
1090990 1536.8
1091000 1533.1
1091010 1529.6
1091020 1529.6
1091030 1525.8
1091040 1520.2
1091050 1516.2
1091060 1516.2
1091070 1511.5
1091080 1506.1
1091090 1506.1
1091100 1503.3
1091110 1502.8
1091120 1502.8
1091130 1499.7
1091140 1493.9
1091150 1493.9
1091160 1488.6
1091170 1484.7
1091180 1484.7
1091190 1478.4
1091200 1471.8
1091210 1471.8
1091220 1465.2
1091230 1460.5
1091240 1460.5
1091250 1453.8
1091260 1447.6
1091270 1447.6
1091280 1442.2
1091290 1439.2
1091300 1439.2
1091310 1440.9
1091320 1440.0
1091330 1437.1
1091340 1437.1
1091350 1432.8
1091360 1425.9
1091370 1425.9
1091380 1422.4
1091390 1419.4
1091400 1419.4
1091410 1415.3
1091420 1408.2
1091430 1408.2
1091440 1405.8
1091450 1407.1
1091460 1407.1
1091470 1405.9
1091480 1400.0
1091490 1400.0
1091500 1393.3
1091510 1386.2
1091520 1386.2
1091530 1386.2
1091540 1389.8
1091550 1389.8
1091560 1394.1
1091570 1401.2
1091580 1401.2
1091590 1408.1
1091600 1414.0
1091610 1414.0
1091620 1419.7
1091630 1422.7
1091640 1424.5
1091650 1424.5
1091660 1426.5
1091670 1428.0
1091680 1424.9
1091690 1426.7
1091700 1428.8
1091710 1428.8
1091720 1429.9
1091730 1431.0
1091740 1431.0
1091750 1432.3
1091760 1434.8
1091770 1434.8
1091780 1438.4
1091790 1441.1
1091800 1441.1
1091810 1441.2
1091820 1443.4
1091830 1443.4
1091840 1450.3
1091850 1454.3
1091860 1454.3
1091870 1457.2
1091880 1460.5
1091890 1460.5
1091900 1462.0
1091910 1464.3
1091920 1466.7
1091930 1466.7
1091940 1467.4
1091950 1469.6
1091960 1469.6
1091970 1475.4
1091980 1479.4
1091990 1479.4
1092000 1483.0
1092010 1481.4
1092020 1481.4
1092030 1484.5
1092040 1488.9
1092050 1488.9
1092060 1493.5
1092070 1498.5
1092080 1498.5
1092090 1503.0
1092100 1507.6
1092110 1507.6
1092120 1512.1
1092130 1516.8
1092140 1516.8
1092150 1521.9
1092160 1526.4
1092170 1526.4
1092180 1530.4
1092190 1533.9
1092200 1533.9
1092210 1537.0
1092220 1540.5
1092230 1544.3
1092240 1544.3
1092250 1547.0
1092260 1549.2
1092270 1549.2
1092280 1550.8
1092290 1551.8
1092300 1551.8
1092310 1552.0
1092320 1552.4
1092330 1549.0
1092340 1548.7
1092350 1548.2
1092360 1548.2
1092370 1547.0
1092380 1543.6
1092390 1543.6
1092400 1537.0
1092410 1529.5
1092420 1529.5
1092430 1523.7
1092440 1519.2
1092450 1519.2
1092460 1513.9
1092470 1506.6
1092480 1506.6
1092490 1499.6
1092500 1494.0
1092510 1488.1
1092520 1488.1
1092530 1486.3
1092540 1490.6
1092550 1490.6
1092560 1492.5
1092570 1494.8
1092580 1494.8
1092590 1497.6
1092600 1500.2
1092610 1500.2
1092620 1503.1
1092630 1506.7
1092640 1506.7
1092650 1510.5
1092660 1507.9
1092670 1507.9
1092680 1509.3
1092690 1511.4
1092700 1511.4
1092710 1512.4
1092720 1512.9
1092730 1512.9
1092740 1514.3
1092750 1516.1
1092760 1516.1
1092770 1516.5
1092780 1516.9
1092790 1516.9
1092800 1516.8
1092810 1516.4
1092820 1514.0
1092830 1514.0
1092840 1514.6
1092850 1513.3
1092860 1513.3
1092870 1511.5
1092880 1511.4
1092890 1511.4
1092900 1511.2
1092910 1511.6
1092920 1511.6
1092930 1512.5
1092940 1513.4
1092950 1513.4
1092960 1514.2
1092970 1515.8
1092980 1511.4
1092990 1513.0
1093000 1514.4
1093010 1514.4
1093020 1516.1
1093030 1518.0
1093040 1518.0
1093050 1519.4
1093060 1521.0
1093070 1521.0
1093080 1522.9
1093090 1524.4
1093100 1527.3
1093110 1527.3
1093120 1532.0
1093130 1534.5
1093140 1534.5
1093150 1535.9
1093160 1535.9
1093170 1535.9
1093180 1534.7
1093190 1534.1
1093200 1534.1
1093210 1534.1
1093220 1532.7
1093230 1532.7
1093240 1530.7
1093250 1529.4
1093260 1529.4
1093270 1527.8
1093280 1527.7
1093290 1527.7
1093300 1527.4
1093310 1530.7
1093320 1530.7
1093330 1530.2
1093340 1528.9
1093350 1528.9
1093360 1526.8
1093370 1522.9
1093380 1522.9
1093390 1514.7
1093400 1500.9
1093410 1491.1
1093420 1491.1
1093430 1483.8
1093440 1477.8
1093450 1477.8
1093460 1472.3
1093470 1466.8
1093480 1466.8
1093490 1460.2
1093500 1456.5
1093510 1456.5
1093520 1455.2
1093530 1453.5
1093540 1453.5
1093550 1452.5
1093560 1448.9
1093570 1448.9
1093580 1437.2
1093590 1420.3
1093600 1420.3
1093610 1403.4
1093620 1387.3
1093630 1387.3
1093640 1357.6
1093650 1334.5
1093660 1334.5
1093670 1325.4
1093680 1305.9
1093690 1261.9
1093700 1261.9
1093710 1220.8
1093720 1212.4
1093730 1212.4
1093740 1207.6
1093750 1203.0
1093760 1203.0
1093770 1198.4
1093780 1193.9
1093790 1193.9
1093800 1188.5
1093810 1184.7
1093820 1184.7
1093830 1181.1
1093840 1177.9
1093850 1177.9
1093860 1174.0
1093870 1170.5
1093880 1170.5
1093890 1166.6
1093900 1162.8
1093910 1162.8
1093920 1159.8
1093930 1156.4
1093940 1156.4
1093950 1153.6
1093960 1151.5
1093970 1151.5
1093980 1147.7
1093990 1142.3
1094000 1135.6
1094010 1135.6
1094020 1129.5
1094030 1126.0
1094040 1126.0
1094050 1122.8
1094060 1118.8
1094070 1118.8
1094080 1114.3
1094090 1112.6
1094100 1112.6
1094110 1108.0
1094120 1102.4
1094130 1102.4
1094140 1097.4
1094150 1094.6
1094160 1094.6
1094170 1091.2
1094180 1087.0
1094190 1087.0
1094200 1083.2
1094210 1078.3
1094220 1078.3
1094230 1073.7
1094240 1067.7
1094250 1067.7
1094260 1061.1
1094270 1054.6
1094280 1049.4
1094290 1054.7
1094300 1051.2
1094310 1047.8
1094320 1047.8
1094330 1043.7
1094340 1039.6
1094350 1039.6
1094360 1035.8
1094370 1031.5
1094380 1031.5
1094390 1027.5
1094400 1021.7
1094410 1021.7
1094420 1021.6
1094430 1025.1
1094440 1025.1
1094450 1028.0
1094460 1026.6
1094470 1026.6
1094480 1024.8
1094490 1023.3
1094500 1023.3
1094510 1020.8
1094520 1018.3
1094530 1018.3
1094540 1015.2
1094550 1010.9
1094560 1010.9
1094570 1005.4
1094580 1000.9
1094590 997.8
1094600 997.8
1094610 996.4
1094620 990.7
1094630 990.7
1094640 987.6
1094650 985.1
1094660 985.1
1094670 981.2
1094680 976.1
1094690 976.1
1094700 972.8
1094710 971.2
1094720 971.2
1094730 969.5
1094740 967.0
1094750 967.0
1094760 963.1
1094770 958.7
1094780 958.7
1094790 955.0
1094800 952.9
1094810 952.9
1094820 949.3
1094830 946.9
1094840 946.9
1094850 946.4
1094860 943.3
1094870 936.7
1094880 936.7
1094890 932.2
1094900 930.6
1094910 930.6
1094920 929.4
1094930 927.6
1094940 925.6
1094950 925.4
1094960 925.1
1094970 925.1
1094980 924.2
1094990 921.8
1095000 921.8
1095010 918.9
1095020 916.4
1095030 916.4
1095040 914.9
1095050 914.2
1095060 914.2
1095070 913.8
1095080 913.9
1095090 913.9
1095100 913.0
1095110 910.7
1095120 910.7
1095130 908.2
1095140 906.4
1095150 906.4
1095160 904.8
1095170 903.3
1095180 901.5
1095190 901.5
1095200 899.4
1095210 897.2
1095220 897.2
1095230 894.3
1095240 892.3
1095250 892.3
1095260 891.8
1095270 888.1
1095280 888.1
1095290 885.8
1095300 884.4
1095310 884.4
1095320 882.8
1095330 880.4
1095340 880.4
1095350 879.0
1095360 877.9
1095370 877.9
1095380 874.1
1095390 871.4
1095400 871.4
1095410 871.7
1095420 871.4
1095430 871.4
1095440 869.4
1095450 862.4
1095460 855.0
1095470 855.0
1095480 848.8
1095490 844.2
1095500 844.2
1095510 841.2
1095520 837.9
1095530 837.9
1095540 831.7
1095550 828.3
1095560 828.3
1095570 827.2
1095580 825.0
1095590 825.0
1095600 825.9
1095610 826.9
1095620 826.9
1095630 826.8
1095640 827.4
1095650 827.4
1095660 830.2
1095670 832.8
1095680 832.8
1095690 834.9
1095700 837.5
1095710 837.5
1095720 839.4
1095730 841.2
1095740 841.2
1095750 843.1
1095760 843.8
1095770 843.5
1095780 843.5
1095790 842.9
1095800 842.7
1095810 842.7
1095820 842.4
1095830 842.0
1095840 842.0
1095850 841.0
1095860 839.4
1095870 839.4
1095880 839.2
1095890 839.9
1095900 839.9
1095910 844.9
1095920 850.3
1095930 853.0
1095940 858.2
1095950 861.5
1095960 861.5
1095970 859.6
1095980 853.3
1095990 853.3
1096000 849.4
1096010 850.5
1096020 850.5
1096030 851.4
1096040 854.1
1096050 857.3
1096060 857.3
1096070 860.5
1096080 862.4
1096090 862.4
1096100 865.3
1096110 870.4
1096120 870.4
1096130 874.5
1096140 878.1
1096150 878.1
1096160 880.2
1096170 882.8
1096180 882.8
1096190 887.0
1096200 889.9
1096210 889.9
1096220 888.6
1096230 881.0
1096240 881.0
1096250 877.8
1096260 873.4
1096270 873.4
1096280 869.8
1096290 868.6
1096300 868.6
1096310 875.6
1096320 880.8
1096330 880.8
1096340 883.6
1096350 888.6
1096360 893.3
1096370 893.3
1096380 898.7
1096390 904.2
1096400 904.2
1096410 910.8
1096420 917.4
1096430 917.4
1096440 923.0
1096450 930.0
1096460 930.0
1096470 938.0
1096480 937.6
1096490 937.6
1096500 930.1
1096510 922.5
1096520 922.5
1096530 915.6
1096540 920.4
1096550 920.4
1096560 929.3
1096570 939.8
1096580 939.3
1096590 946.5
1096600 949.6
1096610 949.6
1096620 952.8
1096630 957.1
1096640 960.1
1096650 960.1
1096660 961.8
1096670 963.1
1096680 963.1
1096690 963.9
1096700 965.3
1096710 965.3
1096720 968.0
1096730 969.0
1096740 969.0
1096750 969.3
1096760 968.0
1096770 968.0
1096780 968.6
1096790 965.8
1096800 965.8
1096810 964.3
1096820 955.3
1096830 955.3
1096840 950.7
1096850 957.2
1096860 957.2
1096870 966.1
1096880 970.5
1096890 970.5
1096900 970.8
1096910 974.3
1096920 974.3
1096930 975.1
1096940 975.6
1096950 976.2
1096960 976.2
1096970 976.5
1096980 976.6
1096990 976.6
1097000 976.0
1097010 973.1
1097020 973.1
1097030 971.2
1097040 970.8
1097050 970.8
1097060 969.2
1097070 967.5
1097080 967.5
1097090 966.9
1097100 965.9
1097110 965.9
1097120 967.2
1097130 969.3
1097140 969.3
1097150 972.3
1097160 973.7
1097170 973.7
1097180 972.1
1097190 969.0
1097200 969.0
1097210 965.8
1097220 965.3
1097230 961.3
1097240 967.8
1097250 965.8
1097260 968.3
1097270 968.3
1097280 976.4
1097290 980.5
1097300 980.5
1097310 984.6
1097320 989.8
1097330 989.8
1097340 996.7
1097350 1000.4
1097360 1000.4
1097370 1002.5
1097380 1003.3
1097390 1003.3
1097400 1002.5
1097410 1005.8
1097420 1005.8
1097430 1013.0
1097440 1020.3
1097450 1020.3
1097460 1024.9
1097470 1025.8
1097480 1025.8
1097490 1020.6
1097500 1017.2
1097510 1017.2
1097520 1009.8
1097530 1002.7
1097540 994.6
1097550 994.6
1097560 995.8
1097570 997.2
1097580 997.2
1097590 993.2
1097600 995.5
1097610 995.5
1097620 995.6
1097630 994.0
1097640 994.0
1097650 993.5
1097660 996.4
1097670 996.4
1097680 998.3
1097690 998.8
1097700 998.8
1097710 999.4
1097720 999.7
1097730 999.7
1097740 998.8
1097750 997.7
1097760 997.7
1097770 996.7
1097780 995.3
1097790 995.3
1097800 993.0
1097810 989.9
1097820 987.7
1097830 987.7
1097840 989.3
1097850 989.9
1097860 989.9
1097870 990.7
1097880 991.7
1097890 991.7
1097900 999.0
1097910 1002.6
1097920 1002.6
1097930 1006.6
1097940 1010.8
1097950 1010.8
1097960 1016.8
1097970 1019.3
1097980 1019.3
1097990 1020.9
1098000 1023.4
1098010 1023.4
1098020 1023.2
1098030 1025.4
1098040 1025.4
1098050 1027.4
1098060 1028.6
1098070 1028.6
1098080 1030.7
1098090 1032.3
1098100 1032.3
1098110 1034.8
1098120 1037.6
1098130 1040.0
1098140 1040.0
1098150 1041.5
1098160 1043.4
1098170 1043.4
1098180 1044.1
1098190 1044.3
1098200 1044.3
1098210 1043.1
1098220 1042.2
1098230 1047.0
1098240 1047.4
1098250 1047.1
1098260 1047.1
1098270 1044.7
1098280 1043.4
1098290 1043.4
1098300 1042.9
1098310 1041.5
1098320 1041.5
1098330 1040.6
1098340 1040.7
1098350 1040.7
1098360 1040.5
1098370 1040.9
1098380 1040.9
1098390 1041.3
1098400 1041.5
1098410 1041.9
1098420 1041.9
1098430 1043.5
1098440 1045.9
1098450 1045.9
1098460 1049.1
1098470 1049.8
1098480 1049.8
1098490 1047.6
1098500 1047.2
1098510 1047.2
1098520 1047.3
1098530 1047.3
1098540 1047.3
1098550 1046.3
1098560 1049.4
1098570 1049.4
1098580 1048.0
1098590 1046.5
1098600 1046.5
1098610 1044.8
1098620 1043.0
1098630 1043.0
1098640 1041.1
1098650 1038.7
1098660 1038.7
1098670 1038.9
1098680 1040.5
1098690 1040.5
1098700 1044.3
1098710 1047.8
1098720 1051.6
1098730 1051.6
1098740 1054.1
1098750 1055.6
1098760 1055.6
1098770 1056.4
1098780 1057.3
1098790 1057.3
1098800 1061.4
1098810 1058.3
1098820 1058.3
1098830 1055.3
1098840 1053.3
1098850 1053.3
1098860 1050.1
1098870 1047.8
1098880 1047.8
1098890 1046.4
1098900 1045.0
1098910 1045.0
1098920 1045.5
1098930 1046.4
1098940 1046.4
1098950 1045.8
1098960 1045.6
1098970 1045.6
1098980 1045.9
1098990 1046.1
1099000 1045.9
1099010 1045.9
1099020 1045.5
1099030 1044.6
1099040 1044.6
1099050 1043.0
1099060 1040.9
1099070 1040.9
1099080 1038.3
1099090 1033.7
1099100 1033.7
1099110 1025.8
1099120 1019.7
1099130 1019.7
1099140 1017.0
1099150 1014.8
1099160 1014.8
1099170 1013.8
1099180 1012.0
1099190 1012.0
1099200 1010.3
1099210 1008.0
1099220 1012.4
1099230 1011.9
1099240 1010.9
1099250 1010.9
1099260 1010.9
1099270 1010.1
1099280 1008.3
1099290 1008.3
1099300 1005.1
1099310 1000.5
1099320 1000.5
1099330 997.0
1099340 994.9
1099350 994.9
1099360 991.8
1099370 988.5
1099380 988.5
1099390 985.3
1099400 981.6
1099410 981.6
1099420 977.5
1099430 972.7
1099440 972.7
1099450 967.3
1099460 962.7
1099470 962.7
1099480 962.1
1099490 963.0
1099500 963.0
1099510 963.0
1099520 963.0
1099530 963.0
1099540 962.4
1099550 963.7
1099560 963.7
1099570 962.9
1099580 962.2
1099590 961.4
1099600 961.4
1099610 960.6
1099620 960.8
1099630 960.8
1099640 961.6
1099650 962.0
1099660 962.0
1099670 961.3
1099680 959.5
1099690 959.5
1099700 956.8
1099710 953.4
1099720 953.4
1099730 948.3
1099740 940.1
1099750 940.1
1099760 932.0
1099770 926.8
1099780 926.8
1099790 923.6
1099800 921.4
1099810 921.4
1099820 920.6
1099830 919.1
1099840 919.1
1099850 916.4
1099860 912.2
1099870 908.3
1099880 915.9
1099890 910.4
1099900 907.8
1099910 907.8
1099920 907.1
1099930 907.3
1099940 907.3
1099950 907.3
1099960 906.6
1099970 906.6
1099980 905.6
1099990 904.0
