1080000 1036.4
1080010 1036.4
1080020 1038.6
1080030 1042.7
1080040 1042.7
1080050 1047.9
1080060 1056.2
1080070 1066.6
1080080 1066.6
1080090 1066.8
1080100 1067.9
1080110 1067.9
1080120 1070.6
1080130 1077.4
1080140 1077.4
1080150 1081.8
1080160 1083.8
1080170 1083.8
1080180 1088.0
1080190 1093.1
1080200 1093.1
1080210 1100.1
1080220 1109.1
1080230 1109.1
1080240 1113.7
1080250 1118.4
1080260 1118.4
1080270 1123.8
1080280 1127.7
1080290 1127.7
1080300 1131.6
1080310 1136.3
1080320 1136.3
1080330 1140.4
1080340 1144.0
1080350 1144.0
1080360 1147.3
1080370 1150.6
1080380 1155.1
1080390 1155.1
1080400 1161.3
1080410 1163.8
1080420 1163.8
1080430 1165.5
1080440 1167.2
1080450 1167.2
1080460 1168.9
1080470 1170.4
1080480 1170.4
1080490 1173.1
1080500 1175.3
1080510 1175.3
1080520 1176.8
1080530 1180.1
1080540 1180.1
1080550 1185.8
1080560 1191.2
1080570 1191.2
1080580 1195.9
1080590 1199.8
1080600 1199.8
1080610 1204.2
1080620 1207.9
1080630 1207.9
1080640 1210.7
1080650 1212.8
1080660 1214.4
1080670 1214.4
1080680 1218.0
1080690 1219.2
1080700 1219.2
1080710 1218.8
1080720 1220.3
1080730 1220.3
1080740 1221.8
1080750 1224.6
1080760 1224.6
1080770 1227.9
1080780 1231.3
1080790 1231.3
1080800 1233.5
1080810 1236.7
1080820 1236.7
1080830 1240.2
1080840 1242.9
1080850 1242.9
1080860 1244.9
1080870 1249.2
1080880 1249.2
1080890 1255.0
1080900 1259.7
1080910 1259.7
1080920 1263.0
1080930 1267.4
1080940 1267.4
1080950 1272.5
1080960 1276.5
1080970 1279.9
1080980 1279.9
1080990 1281.8
1081000 1284.4
1081010 1284.4
1081020 1284.4
1081030 1288.5
1081040 1288.5
1081050 1288.4
1081060 1291.5
1081070 1291.5
1081080 1294.0
1081090 1296.0
1081100 1296.0
1081110 1297.4
1081120 1298.4
1081130 1298.4
1081140 1298.6
1081150 1297.1
1081160 1297.1
1081170 1298.8
1081180 1303.2
1081190 1303.2
1081200 1307.0
1081210 1308.8
1081220 1308.8
1081230 1312.2
1081240 1315.8
1081250 1320.1
1081260 1320.1
1081270 1326.8
1081280 1335.5
1081290 1335.5
1081300 1343.1
1081310 1348.0
1081320 1348.0
1081330 1353.7
1081340 1363.4
1081350 1363.4
1081360 1369.2
1081370 1376.6
1081380 1376.6
1081390 1394.7
1081400 1409.5
1081410 1409.5
1081420 1415.8
1081430 1421.1
1081440 1421.1
1081450 1425.6
1081460 1429.2
1081470 1429.2
1081480 1433.7
1081490 1438.7
1081500 1438.7
1081510 1443.8
1081520 1448.9
1081530 1448.9
1081540 1453.3
1081550 1458.7
1081560 1465.3
1081570 1465.3
1081580 1471.8
1081590 1477.3
1081600 1477.3
1081610 1482.8
1081620 1488.5
1081630 1488.5
1081640 1493.8
1081650 1497.1
1081660 1497.1
1081670 1504.3
1081680 1507.6
1081690 1507.6
1081700 1512.1
1081710 1517.6
1081720 1517.6
1081730 1521.9
1081740 1526.0
1081750 1526.0
1081760 1530.6
1081770 1535.4
1081780 1535.4
1081790 1538.8
1081800 1543.2
1081810 1543.2
1081820 1547.7
1081830 1551.9
1081840 1555.8
1081850 1555.8
1081860 1559.9
1081870 1564.3
1081880 1564.3
1081890 1567.3
1081900 1570.1
1081910 1570.1
1081920 1572.7
1081930 1574.7
1081940 1574.7
1081950 1576.0
1081960 1577.3
1081970 1577.3
1081980 1581.0
1081990 1582.3
1082000 1582.3
1082010 1584.4
1082020 1586.1
1082030 1586.1
1082040 1586.9
1082050 1587.2
1082060 1587.2
1082070 1587.1
1082080 1585.7
1082090 1585.7
1082100 1581.6
1082110 1577.2
1082120 1577.2
1082130 1572.7
1082140 1569.7
1082150 1565.7
1082160 1565.7
1082170 1561.2
1082180 1556.1
1082190 1556.1
1082200 1550.2
1082210 1545.2
1082220 1545.2
1082230 1540.6
1082240 1536.5
1082250 1536.5
1082260 1532.3
1082270 1528.4
1082280 1528.4
1082290 1524.8
1082300 1520.3
1082310 1520.3
1082320 1517.2
1082330 1512.7
1082340 1512.7
1082350 1508.6
1082360 1505.1
1082370 1505.1
1082380 1504.9
1082390 1505.6
1082400 1505.6
1082410 1503.6
1082420 1502.7
1082430 1503.1
1082440 1503.1
1082450 1502.4
1082460 1500.2
1082470 1500.2
1082480 1498.1
1082490 1495.4
1082500 1495.4
1082510 1491.9
1082520 1488.0
1082530 1488.0
1082540 1485.2
1082550 1476.1
1082560 1476.1
1082570 1466.4
1082580 1461.7
1082590 1461.7
1082600 1458.3
1082610 1456.2
1082620 1454.5
1082630 1450.6
1082640 1446.7
1082650 1446.7
1082660 1442.8
1082670 1434.5
1082680 1434.5
1082690 1424.5
1082700 1415.5
1082710 1415.5
1082720 1409.3
1082730 1400.4
1082740 1392.0
1082750 1392.0
1082760 1386.2
1082770 1380.6
1082780 1380.6
1082790 1375.5
1082800 1371.0
1082810 1371.0
1082820 1368.2
1082830 1364.9
1082840 1364.9
1082850 1363.4
1082860 1362.5
1082870 1362.5
1082880 1360.9
1082890 1359.4
1082900 1359.4
1082910 1357.4
1082920 1355.6
1082930 1356.7
1082940 1355.5
1082950 1353.8
1082960 1353.8
1082970 1351.7
1082980 1349.8
1082990 1349.8
1083000 1347.1
1083010 1342.9
1083020 1342.9
1083030 1339.1
1083040 1336.2
1083050 1333.2
1083060 1333.2
1083070 1329.3
1083080 1324.9
1083090 1324.9
1083100 1320.7
1083110 1319.0
1083120 1319.0
1083130 1316.0
1083140 1312.9
1083150 1312.9
1083160 1310.1
1083170 1306.6
1083180 1306.6
1083190 1305.2
1083200 1303.0
1083210 1303.0
1083220 1301.4
1083230 1299.7
1083240 1299.7
1083250 1298.8
1083260 1296.1
1083270 1296.1
1083280 1294.1
1083290 1291.2
1083300 1291.2
1083310 1288.5
1083320 1286.5
1083330 1285.0
1083340 1285.0
1083350 1283.7
1083360 1280.7
1083370 1280.7
1083380 1276.8
1083390 1272.5
1083400 1272.5
1083410 1267.8
1083420 1263.2
1083430 1263.2
1083440 1261.5
1083450 1257.3
1083460 1257.3
1083470 1252.4
1083480 1250.9
1083490 1250.9
1083500 1248.3
1083510 1245.7
1083520 1245.7
1083530 1242.1
1083540 1239.4
1083550 1239.4
1083560 1238.5
1083570 1236.2
1083580 1236.2
1083590 1239.3
1083600 1240.6
1083610 1240.6
1083620 1243.2
1083630 1246.7
1083640 1248.8
1083650 1248.8
1083660 1250.1
1083670 1255.3
1083680 1255.3
1083690 1263.9
1083700 1266.8
1083710 1266.8
1083720 1268.8
1083730 1269.4
1083740 1269.4
1083750 1269.6
1083760 1269.6
1083770 1269.6
1083780 1269.1
1083790 1268.4
1083800 1268.4
1083810 1267.7
1083820 1267.0
1083830 1267.0
1083840 1266.2
1083850 1265.3
1083860 1265.3
1083870 1264.1
1083880 1262.7
1083890 1261.5
1083900 1260.0
1083910 1258.3
1083920 1256.4
1083930 1256.4
1083940 1254.2
1083950 1251.2
1083960 1251.2
1083970 1245.9
1083980 1239.6
1083990 1239.6
1084000 1236.2
1084010 1231.9
1084020 1231.9
1084030 1227.7
1084040 1222.3
1084050 1222.3
1084060 1217.1
1084070 1217.7
1084080 1217.7
1084090 1219.9
1084100 1219.2
1084110 1219.2
1084120 1218.3
1084130 1217.4
1084140 1217.4
1084150 1219.2
1084160 1219.9
1084170 1219.9
1084180 1219.8
1084190 1218.6
1084200 1218.6
1084210 1213.4
1084220 1212.0
1084230 1210.4
1084240 1210.4
1084250 1208.9
1084260 1207.4
1084270 1207.4
1084280 1205.7
1084290 1204.0
1084300 1204.0
1084310 1202.1
1084320 1200.0
1084330 1200.0
1084340 1196.9
1084350 1193.0
1084360 1193.0
1084370 1190.2
1084380 1187.2
1084390 1187.2
1084400 1184.3
1084410 1181.8
1084420 1181.8
1084430 1178.9
1084440 1176.1
1084450 1176.1
1084460 1172.9
1084470 1169.7
1084480 1169.7
1084490 1167.4
1084500 1165.7
1084510 1163.7
1084520 1163.7
1084530 1159.9
1084540 1158.3
1084550 1158.3
1084560 1156.7
1084570 1155.2
1084580 1155.2
1084590 1152.8
1084600 1149.7
1084610 1149.7
1084620 1146.9
1084630 1145.5
1084640 1145.5
1084650 1143.8
1084660 1142.0
1084670 1142.0
1084680 1140.2
1084690 1138.7
1084700 1138.7
1084710 1137.0
1084720 1134.9
1084730 1134.9
1084740 1133.8
1084750 1132.9
1084760 1132.9
1084770 1132.2
1084780 1131.4
1084790 1131.4
1084800 1130.6
1084810 1129.6
1084820 1129.1
1084830 1129.1
1084840 1123.5
1084850 1123.6
1084860 1123.6
1084870 1123.7
1084880 1123.5
1084890 1123.5
1084900 1123.2
1084910 1122.5
1084920 1122.5
1084930 1122.0
1084940 1120.9
1084950 1120.9
1084960 1119.7
1084970 1118.6
1084980 1118.6
1084990 1117.6
1085000 1116.7
1085010 1116.7
1085020 1115.3
1085030 1113.2
1085040 1113.2
1085050 1110.7
1085060 1107.6
1085070 1107.6
1085080 1103.7
1085090 1099.3
1085100 1092.7
1085110 1092.7
1085120 1087.1
1085130 1082.8
1085140 1082.8
1085150 1080.0
1085160 1075.8
1085170 1075.8
1085180 1072.8
1085190 1068.7
1085200 1068.7
1085210 1064.0
1085220 1058.8
1085230 1058.8
1085240 1053.3
1085250 1047.4
1085260 1047.4
1085270 1041.2
1085280 1034.4
1085290 1034.4
1085300 1028.3
1085310 1022.6
1085320 1022.6
1085330 1017.3
1085340 1012.2
1085350 1012.2
1085360 1006.3
1085370 1001.3
1085380 1001.3
1085390 997.3
1085400 993.7
1085410 991.8
1085420 991.8
1085430 989.7
1085440 986.7
1085450 986.7
1085460 984.5
1085470 981.6
1085480 983.7
1085490 980.6
1085500 977.7
1085510 977.7
1085520 972.5
1085530 965.5
1085540 965.5
1085550 958.5
1085560 953.5
1085570 953.5
1085580 949.7
1085590 944.4
1085600 944.4
1085610 941.6
1085620 941.0
1085630 941.0
1085640 941.2
1085650 940.1
1085660 940.1
1085670 939.0
1085680 940.4
1085690 942.6
1085700 942.6
1085710 943.9
1085720 949.4
1085730 949.4
1085740 951.8
1085750 952.3
1085760 952.3
1085770 952.7
1085780 953.2
1085790 953.2
1085800 955.7
1085810 958.7
1085820 958.7
1085830 963.4
1085840 969.2
1085850 969.2
1085860 975.2
1085870 980.2
1085880 980.2
1085890 983.9
1085900 986.5
1085910 986.5
1085920 989.6
1085930 993.9
1085940 993.9
1085950 997.5
1085960 1001.6
1085970 1001.6
1085980 1005.2
1085990 1009.2
1086000 1012.6
1086010 1012.6
1086020 1016.9
1086030 1021.4
1086040 1021.4
1086050 1025.6
1086060 1028.3
1086070 1028.3
1086080 1033.4
1086090 1039.2
1086100 1039.2
1086110 1043.8
1086120 1052.4
1086130 1052.4
1086140 1058.4
1086150 1064.3
1086160 1064.3
1086170 1070.8
1086180 1076.9
1086190 1076.9
1086200 1082.5
1086210 1086.8
1086220 1086.8
1086230 1089.1
1086240 1093.9
1086250 1093.9
1086260 1097.7
1086270 1100.3
1086280 1102.6
1086290 1102.6
1086300 1106.7
1086310 1111.2
1086320 1111.2
1086330 1116.2
1086340 1121.4
1086350 1121.4
1086360 1127.8
1086370 1132.9
1086380 1132.9
1086390 1137.0
1086400 1141.6
1086410 1141.6
1086420 1146.1
1086430 1149.4
1086440 1153.3
1086450 1155.1
1086460 1158.0
1086470 1158.0
1086480 1160.8
1086490 1164.5
1086500 1164.5
1086510 1168.5
1086520 1173.9
1086530 1173.9
1086540 1180.7
1086550 1186.4
1086560 1186.4
1086570 1191.4
1086580 1196.7
1086590 1201.6
1086600 1201.6
1086610 1206.7
1086620 1211.8
1086630 1211.8
1086640 1217.0
1086650 1221.6
1086660 1221.6
1086670 1226.6
1086680 1231.2
1086690 1231.2
1086700 1235.9
1086710 1240.2
1086720 1240.2
1086730 1244.4
1086740 1248.5
1086750 1248.5
1086760 1257.2
1086770 1261.0
1086780 1261.0
1086790 1264.2
1086800 1268.1
1086810 1268.1
1086820 1271.7
1086830 1275.4
1086840 1275.4
1086850 1278.6
1086860 1282.9
1086870 1282.9
1086880 1288.0
1086890 1293.5
1086900 1296.3
1086910 1296.3
1086920 1298.5
1086930 1300.4
1086940 1300.4
1086950 1301.6
1086960 1304.0
1086970 1304.0
1086980 1306.7
1086990 1310.4
1087000 1310.4
1087010 1313.9
1087020 1315.4
1087030 1315.4
1087040 1316.1
1087050 1317.9
1087060 1317.9
1087070 1320.3
1087080 1330.4
1087090 1330.4
1087100 1332.9
1087110 1338.0
1087120 1338.0
1087130 1343.0
1087140 1346.6
1087150 1346.6
1087160 1348.8
1087170 1352.5
1087180 1356.4
1087190 1356.4
1087200 1358.9
1087210 1362.6
1087220 1362.6
1087230 1365.0
1087240 1368.1
1087250 1368.1
1087260 1371.9
1087270 1376.2
1087280 1376.2
1087290 1379.1
1087300 1382.2
1087310 1382.2
1087320 1386.7
1087330 1390.5
1087340 1390.5
1087350 1394.4
1087360 1398.1
1087370 1398.1
1087380 1402.9
1087390 1406.3
1087400 1411.1
1087410 1415.0
1087420 1417.5
1087430 1417.5
1087440 1420.0
1087450 1421.3
1087460 1421.3
1087470 1422.3
1087480 1425.0
1087490 1432.0
1087500 1432.0
1087510 1435.7
1087520 1437.5
1087530 1437.5
1087540 1439.9
1087550 1442.0
1087560 1442.0
1087570 1443.1
1087580 1443.5
1087590 1443.5
1087600 1444.9
1087610 1444.3
1087620 1444.3
1087630 1442.6
1087640 1443.4
1087650 1443.4
1087660 1441.5
1087670 1433.9
1087680 1433.9
1087690 1429.0
1087700 1426.8
1087710 1426.8
1087720 1435.3
1087730 1436.4
1087740 1436.4
1087750 1437.6
1087760 1440.1
1087770 1442.4
1087780 1442.4
1087790 1438.0
1087800 1433.8
1087810 1433.8
1087820 1436.2
1087830 1440.0
1087840 1440.0
1087850 1444.2
1087860 1441.0
1087870 1441.0
1087880 1439.5
1087890 1436.7
1087900 1436.7
1087910 1433.8
1087920 1430.4
1087930 1430.4
1087940 1426.4
1087950 1420.7
1087960 1420.7
1087970 1414.9
1087980 1410.5
1087990 1410.5
1088000 1404.4
1088010 1399.1
1088020 1399.1
1088030 1396.3
1088040 1391.2
1088050 1388.8
1088060 1383.1
1088070 1376.8
1088080 1369.6
1088090 1369.6
1088100 1364.0
1088110 1359.1
1088120 1359.1
1088130 1354.1
1088140 1347.7
1088150 1347.7
1088160 1342.2
1088170 1332.6
1088180 1332.6
1088190 1323.7
1088200 1320.9
1088210 1320.9
1088220 1320.0
1088230 1313.8
1088240 1313.8
1088250 1309.6
1088260 1304.2
1088270 1304.2
1088280 1298.1
1088290 1292.9
1088300 1292.9
1088310 1287.3
1088320 1280.9
1088330 1280.9
1088340 1274.8
1088350 1269.8
1088360 1265.0
1088370 1264.2
1088380 1259.5
1088390 1254.6
1088400 1254.6
1088410 1250.4
1088420 1246.5
1088430 1246.5
1088440 1242.6
1088450 1239.0
1088460 1239.0
1088470 1235.5
1088480 1231.4
1088490 1231.4
1088500 1227.2
1088510 1224.0
1088520 1224.0
1088530 1222.2
1088540 1221.0
1088550 1221.0
1088560 1218.7
1088570 1215.7
1088580 1215.7
1088590 1211.9
1088600 1208.5
1088610 1208.5
1088620 1207.2
1088630 1204.7
1088640 1204.7
1088650 1200.4
1088660 1197.5
1088670 1197.8
1088680 1197.8
1088690 1199.1
1088700 1198.0
1088710 1198.0
1088720 1197.2
1088730 1196.1
1088740 1196.1
1088750 1192.7
1088760 1186.4
1088770 1186.4
1088780 1177.5
1088790 1166.4
1088800 1166.4
1088810 1157.3
1088820 1150.8
1088830 1150.8
1088840 1148.2
1088850 1146.5
1088860 1146.5
1088870 1145.3
1088880 1153.2
1088890 1153.2
1088900 1163.1
1088910 1172.8
1088920 1172.8
1088930 1175.5
1088940 1174.2
1088950 1167.6
1088960 1167.6
1088970 1157.5
1088980 1148.2
1088990 1148.2
1089000 1140.8
1089010 1140.9
1089020 1140.9
1089030 1141.1
1089040 1140.7
1089050 1140.7
1089060 1140.3
1089070 1139.1
1089080 1139.1
1089090 1137.8
1089100 1136.9
1089110 1136.9
1089120 1137.4
1089130 1138.5
1089140 1138.5
1089150 1140.2
1089160 1142.6
1089170 1142.6
1089180 1150.2
1089190 1158.3
1089200 1158.3
1089210 1162.6
1089220 1163.1
1089230 1163.1
1089240 1163.6
1089250 1165.2
1089260 1166.7
1089270 1166.7
1089280 1168.2
1089290 1169.7
1089300 1169.7
1089310 1170.5
1089320 1171.1
1089330 1175.7
1089340 1178.7
1089350 1182.0
1089360 1182.0
1089370 1183.8
1089380 1186.2
1089390 1186.2
1089400 1188.9
1089410 1189.4
1089420 1189.4
1089430 1188.5
1089440 1190.8
1089450 1190.8
1089460 1194.7
1089470 1197.9
1089480 1197.9
1089490 1200.2
1089500 1202.2
1089510 1202.2
1089520 1203.0
1089530 1202.8
1089540 1205.2
1089550 1205.2
1089560 1210.1
1089570 1213.5
1089580 1213.5
1089590 1215.0
1089600 1214.6
1089610 1214.6
1089620 1214.4
1089630 1214.2
1089640 1214.2
1089650 1212.3
1089660 1217.2
1089670 1217.2
1089680 1216.0
1089690 1214.1
1089700 1214.1
1089710 1212.5
1089720 1208.9
1089730 1208.9
1089740 1199.6
1089750 1192.4
1089760 1192.4
1089770 1199.5
1089780 1210.8
1089790 1210.8
1089800 1220.1
1089810 1229.4
1089820 1229.4
1089830 1237.6
1089840 1244.7
1089850 1251.1
1089860 1251.1
1089870 1257.5
1089880 1264.2
1089890 1264.2
1089900 1271.0
1089910 1277.5
1089920 1277.5
1089930 1283.1
1089940 1289.3
1089950 1289.3
1089960 1294.9
1089970 1300.1
1089980 1305.7
1089990 1312.1
1090000 1316.8
1090010 1316.8
1090020 1321.1
1090030 1326.2
1090040 1326.2
1090050 1330.8
1090060 1336.1
1090070 1336.1
1090080 1340.3
1090090 1345.9
1090100 1345.9
1090110 1350.3
1090120 1351.1
1090130 1346.7
1090140 1346.7
1090150 1340.3
1090160 1350.5
1090170 1350.5
1090180 1359.8
1090190 1363.8
1090200 1363.8
1090210 1368.8
1090220 1374.9
1090230 1374.9
1090240 1380.9
1090250 1388.3
1090260 1388.3
1090270 1395.3
1090280 1400.6
1090290 1400.6
1090300 1413.5
1090310 1415.8
1090320 1415.8
1090330 1419.6
1090340 1427.5
1090350 1427.5
1090360 1435.4
1090370 1442.9
1090380 1442.9
1090390 1451.9
1090400 1460.3
1090410 1460.3
1090420 1467.7
1090430 1474.8
1090440 1481.6
1090450 1481.6
1090460 1486.6
1090470 1488.0
1090480 1488.0
1090490 1485.2
1090500 1480.8
1090510 1480.8
1090520 1483.3
1090530 1489.1
1090540 1489.1
1090550 1492.3
1090560 1491.0
1090570 1491.0
1090580 1490.5
1090590 1490.7
1090600 1490.7
1090610 1489.6
1090620 1487.0
1090630 1495.9
1090640 1492.7
1090650 1490.6
1090660 1490.6
1090670 1494.4
1090680 1494.4
1090690 1494.4
1090700 1489.4
1090710 1494.6
1090720 1501.3
1090730 1501.3
1090740 1506.0
1090750 1508.7
1090760 1508.7
1090770 1513.8
1090780 1519.4
1090790 1519.4
1090800 1524.3
1090810 1529.3
1090820 1529.3
1090830 1532.0
1090840 1535.4
1090850 1535.4
1090860 1539.7
1090870 1544.6
1090880 1544.6
1090890 1549.7
1090900 1554.7
1090910 1554.7
1090920 1559.6
1090930 1564.4
1090940 1564.4
1090950 1575.1
1090960 1580.4
1090970 1580.4
1090980 1585.5
1090990 1590.0
1091000 1590.0
1091010 1594.0
1091020 1596.2
1091030 1596.1
1091040 1596.1
1091050 1594.4
1091060 1592.1
1091070 1592.1
1091080 1589.5
1091090 1586.2
1091100 1586.2
1091110 1581.8
1091120 1577.7
1091130 1577.7
1091140 1572.5
1091150 1566.2
1091160 1566.2
1091170 1559.8
1091180 1553.8
1091190 1553.8
1091200 1548.6
1091210 1543.7
1091220 1543.7
1091230 1540.0
1091240 1536.4
1091250 1536.4
1091260 1533.7
1091270 1529.4
1091280 1529.4
1091290 1526.0
1091300 1522.9
1091310 1519.7
1091320 1519.7
1091330 1516.4
1091340 1514.5
1091350 1514.5
1091360 1513.4
1091370 1512.4
1091380 1512.4
1091390 1511.5
1091400 1510.6
1091410 1510.6
1091420 1507.9
1091430 1499.6
1091440 1499.6
1091450 1490.8
1091460 1483.1
1091470 1483.1
1091480 1475.8
1091490 1473.1
1091500 1473.1
1091510 1477.1
1091520 1478.1
1091530 1478.1
1091540 1473.7
1091550 1478.2
1091560 1478.2
1091570 1485.7
1091580 1493.0
1091590 1493.0
1091600 1496.9
1091610 1501.0
1091620 1507.2
1091630 1507.2
1091640 1513.0
1091650 1515.4
1091660 1515.4
1091670 1515.2
1091680 1517.4
1091690 1517.4
1091700 1520.6
1091710 1525.6
1091720 1525.6
1091730 1529.5
1091740 1532.0
1091750 1532.0
1091760 1533.3
1091770 1535.9
1091780 1535.9
1091790 1540.7
1091800 1545.4
1091810 1545.4
1091820 1548.1
1091830 1550.6
1091840 1550.6
1091850 1556.1
1091860 1560.9
1091870 1560.9
1091880 1565.1
1091890 1568.4
1091900 1572.9
1091910 1572.9
1091920 1573.9
1091930 1579.8
1091940 1579.8
1091950 1584.4
1091960 1590.4
1091970 1590.4
1091980 1597.9
1091990 1600.8
1092000 1600.8
1092010 1603.4
1092020 1604.8
1092030 1604.8
1092040 1606.7
1092050 1609.5
1092060 1609.5
1092070 1611.6
1092080 1614.1
1092090 1614.1
1092100 1616.7
1092110 1618.5
1092120 1618.5
1092130 1618.8
1092140 1619.2
1092150 1619.2
1092160 1619.5
1092170 1622.0
1092180 1622.0
1092190 1626.4
1092200 1630.7
1092210 1633.6
1092220 1633.6
1092230 1635.7
1092240 1637.8
1092250 1636.7
1092260 1638.9
1092270 1640.5
1092280 1640.5
1092290 1641.7
1092300 1644.8
1092310 1644.8
1092320 1645.8
1092330 1646.3
1092340 1646.3
1092350 1647.5
1092360 1647.2
1092370 1647.2
1092380 1642.5
1092390 1639.6
1092400 1639.6
1092410 1635.3
1092420 1630.3
1092430 1630.3
1092440 1625.5
1092450 1619.1
1092460 1619.1
1092470 1617.7
1092480 1615.6
1092490 1615.6
1092500 1613.9
1092510 1612.4
1092520 1610.2
1092530 1610.2
1092540 1608.3
1092550 1607.8
1092560 1607.8
1092570 1600.7
1092580 1600.3
1092590 1600.3
1092600 1599.9
1092610 1601.2
1092620 1601.2
1092630 1604.0
1092640 1607.1
1092650 1607.1
1092660 1608.3
1092670 1608.9
1092680 1608.9
1092690 1608.9
1092700 1609.1
1092710 1609.1
1092720 1609.5
1092730 1609.5
1092740 1609.5
1092750 1609.3
1092760 1608.7
1092770 1608.7
1092780 1607.6
1092790 1606.0
1092800 1599.3
1092810 1599.3
1092820 1591.5
1092830 1584.1
1092840 1584.1
1092850 1573.2
1092860 1562.7
1092870 1562.7
1092880 1554.0
1092890 1546.6
1092900 1555.6
1092910 1543.2
1092920 1534.0
1092930 1534.0
1092940 1525.3
1092950 1518.1
1092960 1518.1
1092970 1511.7
1092980 1506.0
1092990 1506.0
1093000 1500.5
1093010 1493.4
1093020 1493.4
1093030 1485.7
1093040 1479.8
1093050 1479.8
1093060 1472.5
1093070 1466.7
1093080 1466.7
1093090 1460.9
1093100 1455.5
1093110 1450.2
1093120 1450.2
1093130 1443.1
1093140 1436.5
1093150 1436.5
1093160 1431.0
1093170 1426.6
1093180 1426.6
1093190 1421.0
1093200 1413.7
1093210 1413.7
1093220 1403.2
1093230 1395.8
1093240 1395.8
1093250 1389.3
1093260 1383.0
1093270 1383.0
1093280 1376.0
1093290 1368.3
1093300 1368.3
1093310 1360.8
1093320 1353.7
1093330 1353.7
1093340 1348.5
1093350 1345.8
1093360 1345.8
1093370 1344.1
1093380 1341.5
1093390 1336.6
1093400 1336.6
1093410 1333.7
1093420 1330.9
1093430 1330.9
1093440 1327.8
1093450 1327.7
1093460 1327.7
1093470 1326.6
1093480 1322.4
1093490 1322.4
1093500 1318.3
1093510 1313.8
1093520 1313.8
1093530 1306.9
1093540 1297.9
1093550 1301.6
1093560 1289.9
1093570 1277.3
1093580 1277.3
1093590 1244.9
1093600 1226.4
1093610 1226.4
1093620 1217.2
1093630 1210.4
1093640 1210.4
1093650 1205.4
1093660 1200.9
1093670 1200.9
1093680 1197.0
1093690 1193.0
1093700 1188.8
1093710 1188.8
1093720 1185.7
1093730 1181.7
1093740 1181.7
1093750 1178.1
1093760 1176.8
1093770 1176.8
1093780 1173.5
1093790 1173.2
1093800 1173.2
1093810 1178.9
1093820 1179.8
1093830 1179.8
1093840 1178.1
1093850 1177.5
1093860 1177.5
1093870 1175.0
1093880 1171.1
1093890 1171.1
1093900 1168.9
1093910 1166.4
1093920 1166.4
1093930 1163.6
1093940 1162.8
1093950 1162.8
1093960 1163.5
1093970 1163.5
1093980 1163.1
1093990 1163.1
1094000 1163.1
1094010 1162.7
1094020 1162.7
1094030 1161.7
1094040 1160.5
1094050 1160.5
1094060 1159.0
1094070 1157.1
1094080 1157.1
1094090 1155.4
1094100 1154.6
1094110 1154.6
1094120 1154.5
1094130 1151.3
1094140 1151.3
1094150 1148.1
1094160 1146.1
1094170 1146.1
1094180 1143.4
1094190 1141.8
1094200 1136.8
1094210 1135.4
1094220 1135.3
1094230 1135.3
1094240 1134.6
1094250 1132.1
1094260 1132.1
1094270 1130.8
1094280 1129.1
1094290 1126.6
1094300 1126.6
1094310 1127.8
1094320 1127.9
1094330 1127.9
1094340 1126.6
1094350 1125.4
1094360 1125.4
1094370 1124.8
1094380 1125.1
1094390 1125.1
1094400 1127.5
1094410 1129.4
1094420 1129.4
1094430 1128.4
1094440 1128.5
1094450 1128.5
1094460 1128.4
1094470 1127.4
1094480 1127.4
1094490 1125.6
1094500 1123.8
1094510 1123.8
1094520 1120.9
1094530 1112.6
1094540 1112.6
1094550 1109.7
1094560 1106.9
1094570 1103.6
1094580 1103.6
1094590 1100.3
1094600 1097.7
1094610 1097.7
1094620 1094.1
1094630 1087.9
1094640 1087.9
1094650 1081.0
1094660 1075.0
1094670 1075.0
1094680 1068.0
1094690 1061.6
1094700 1061.6
1094710 1057.5
1094720 1054.4
1094730 1054.4
1094740 1051.4
1094750 1047.2
1094760 1047.2
1094770 1040.8
1094780 1036.1
1094790 1036.1
1094800 1031.5
1094810 1027.0
1094820 1027.0
1094830 1027.0
1094840 1030.3
1094850 1030.3
1094860 1024.8
1094870 1025.6
1094880 1027.5
1094890 1027.5
1094900 1025.7
1094910 1025.2
1094920 1025.2
1094930 1027.1
1094940 1024.7
1094950 1024.7
1094960 1024.9
1094970 1029.1
1094980 1029.1
1094990 1030.1
1095000 1027.6
1095010 1027.6
1095020 1025.6
1095030 1026.0
1095040 1026.0
1095050 1024.4
1095060 1022.6
1095070 1022.6
1095080 1020.2
1095090 1018.0
1095100 1018.0
1095110 1016.4
1095120 1014.9
1095130 1014.9
1095140 1013.6
1095150 1012.2
1095160 1010.1
1095170 1010.1
1095180 1007.8
1095190 1005.1
1095200 1005.1
1095210 1002.2
1095220 999.1
1095230 999.1
1095240 997.1
1095250 993.3
1095260 993.3
1095270 986.6
1095280 980.2
1095290 980.2
1095300 975.8
1095310 969.5
1095320 969.5
1095330 963.5
1095340 960.1
1095350 960.1
1095360 952.4
1095370 944.9
1095380 944.9
1095390 939.8
1095400 933.7
1095410 933.7
1095420 927.5
1095430 923.9
1095440 923.9
1095450 919.0
1095460 912.7
1095470 908.2
1095480 908.2
1095490 904.0
1095500 895.8
1095510 897.6
1095520 890.3
1095530 884.1
1095540 884.1
1095550 879.3
1095560 876.3
1095570 876.3
1095580 875.0
1095590 872.8
1095600 872.8
1095610 870.4
1095620 868.4
1095630 868.4
1095640 867.0
1095650 865.8
1095660 865.8
1095670 865.5
1095680 866.4
1095690 866.4
1095700 869.1
1095710 869.4
1095720 869.4
1095730 863.3
1095740 854.3
1095750 847.9
1095760 847.9
1095770 846.1
1095780 845.0
1095790 845.0
1095800 842.2
1095810 842.3
1095820 842.3
1095830 842.6
1095840 840.4
1095850 840.4
1095860 841.6
1095870 842.4
1095880 842.4
1095890 842.8
1095900 842.8
1095910 842.8
1095920 842.4
1095930 841.9
1095940 841.9
1095950 841.0
1095960 839.6
1095970 839.6
1095980 838.0
1095990 836.2
1096000 836.2
1096010 834.5
1096020 833.3
1096030 833.3
1096040 831.5
1096050 830.4
1096060 829.1
1096070 829.1
1096080 827.2
1096090 826.0
1096100 826.0
1096110 824.4
1096120 822.1
1096130 822.1
1096140 819.3
1096150 815.8
1096160 815.8
1096170 811.5
1096180 810.6
1096190 810.6
1096200 810.5
1096210 809.8
1096220 809.8
1096230 809.2
1096240 808.8
1096250 808.8
1096260 808.7
1096270 808.5
1096280 808.5
1096290 807.9
1096300 807.1
1096310 807.1
1096320 805.7
1096330 806.1
1096340 808.0
1096350 808.0
1096360 814.6
1096370 823.2
1096380 823.2
1096390 821.9
1096400 814.8
1096410 814.8
1096420 818.3
1096430 820.3
1096440 820.3
1096450 821.3
1096460 822.9
1096470 822.9
1096480 825.5
1096490 831.0
1096500 834.0
1096510 842.3
1096520 850.5
1096530 850.5
1096540 856.7
1096550 855.7
1096560 855.7
1096570 848.8
1096580 842.1
1096590 842.1
1096600 835.2
1096610 828.2
1096620 828.2
1096630 828.1
1096640 833.3
1096650 837.1
1096660 837.1
1096670 842.2
1096680 849.1
1096690 849.1
1096700 857.1
1096710 863.6
1096720 863.6
1096730 868.1
1096740 870.8
1096750 870.8
1096760 870.6
1096770 869.4
1096780 869.4
1096790 872.9
1096800 878.4
1096810 878.4
1096820 887.6
1096830 888.9
1096840 888.9
1096850 890.7
1096860 888.6
1096870 888.6
1096880 881.2
1096890 874.7
1096900 874.7
1096910 871.5
1096920 864.6
1096930 858.7
1096940 858.7
1096950 855.0
1096960 857.6
1096970 857.6
1096980 860.4
1096990 854.9
1097000 854.9
1097010 853.5
1097020 846.4
1097030 846.4
1097040 841.6
1097050 839.2
1097060 839.2
1097070 841.3
1097080 846.4
1097090 846.4
1097100 850.4
1097110 855.1
1097120 855.1
1097130 861.4
1097140 869.3
1097150 871.4
1097160 878.9
1097170 885.5
1097180 885.5
1097190 890.5
1097200 889.1
1097210 889.1
1097220 884.2
1097230 885.5
1097240 881.6
1097250 881.6
1097260 880.9
1097270 877.5
1097280 877.5
1097290 868.6
1097300 861.1
1097310 861.1
1097320 864.7
1097330 873.2
1097340 873.2
1097350 880.6
1097360 880.5
1097370 880.5
1097380 881.4
1097390 878.2
1097400 878.2
1097410 872.9
1097420 870.9
1097430 870.9
1097440 873.4
1097450 878.6
1097460 878.6
1097470 880.7
1097480 885.1
1097490 885.1
1097500 886.6
1097510 890.0
1097520 893.2
1097530 893.2
1097540 895.1
1097550 894.5
1097560 894.5
1097570 893.0
1097580 892.5
1097590 892.5
1097600 892.6
1097610 892.7
1097620 892.7
1097630 890.0
1097640 889.4
1097650 889.4
1097660 890.0
1097670 889.6
1097680 889.6
1097690 887.3
1097700 886.1
1097710 886.1
1097720 882.7
1097730 884.1
1097740 884.1
1097750 888.0
1097760 889.8
1097770 889.8
1097780 892.0
1097790 893.6
1097800 893.6
1097810 896.9
1097820 899.1
1097830 899.3
1097840 899.3
1097850 898.1
1097860 897.6
1097870 897.6
1097880 897.4
1097890 897.7
1097900 897.7
1097910 899.1
1097920 899.9
1097930 899.9
1097940 899.7
1097950 899.0
1097960 899.0
1097970 899.1
1097980 900.0
1097990 900.0
1098000 902.0
1098010 905.0
1098020 905.0
1098030 908.0
1098040 909.3
1098050 909.3
1098060 910.4
1098070 913.8
1098080 913.8
1098090 918.5
1098100 922.5
1098110 924.5
1098120 924.5
1098130 925.6
1098140 926.6
1098150 926.6
1098160 928.1
1098170 929.6
1098180 929.6
1098190 930.3
1098200 932.1
1098210 932.1
1098220 933.9
1098230 934.1
1098240 934.1
1098250 932.3
1098260 933.6
1098270 933.6
1098280 939.0
1098290 943.0
1098300 943.0
1098310 943.9
1098320 943.2
1098330 943.2
1098340 943.0
1098350 941.7
1098360 941.7
1098370 946.0
1098380 945.2
1098390 945.2
1098400 942.9
1098410 940.1
1098420 935.9
1098430 935.9
1098440 935.3
1098450 936.5
1098460 936.5
1098470 941.1
1098480 940.5
1098490 940.5
1098500 941.2
1098510 941.2
1098520 941.2
1098530 941.4
1098540 940.6
1098550 940.6
1098560 939.8
1098570 937.6
1098580 937.6
1098590 936.9
1098600 936.9
1098610 936.9
1098620 937.2
1098630 937.5
1098640 937.5
1098650 940.5
1098660 945.9
1098670 945.9
1098680 947.0
1098690 944.6
1098700 947.6
1098710 947.6
1098720 951.4
1098730 954.6
1098740 954.6
1098750 956.8
1098760 957.0
1098770 957.0
1098780 956.0
1098790 955.1
1098800 958.6
1098810 954.2
1098820 948.5
1098830 948.5
1098840 942.1
1098850 936.6
1098860 936.6
1098870 930.9
1098880 925.9
1098890 925.9
1098900 921.0
1098910 916.4
1098920 916.4
1098930 911.5
1098940 905.8
1098950 905.8
1098960 901.6
1098970 898.5
1098980 898.5
1098990 896.1
1099000 894.1
1099010 892.2
1099020 892.2
1099030 890.4
1099040 890.1
1099050 890.1
1099060 890.5
1099070 890.1
1099080 890.1
1099090 889.5
1099100 890.7
1099110 890.7
1099120 891.3
1099130 897.0
1099140 897.0
1099150 898.8
1099160 903.6
1099170 903.6
1099180 907.9
1099190 907.7
1099200 907.7
1099210 905.5
1099220 903.4
1099230 903.4
1099240 900.9
1099250 898.5
1099260 898.5
1099270 895.0
1099280 895.0
1099290 896.7
1099300 896.7
1099310 896.5
1099320 895.4
1099330 895.4
1099340 896.1
1099350 893.7
1099360 893.7
1099370 888.1
1099380 882.0
1099390 882.0
1099400 877.7
1099410 876.9
1099420 876.9
1099430 875.9
1099440 874.2
1099450 874.2
1099460 880.0
1099470 880.8
1099480 880.8
1099490 880.4
1099500 879.0
1099510 879.0
1099520 878.5
1099530 878.4
1099540 878.4
1099550 877.6
1099560 876.8
1099570 876.8
1099580 874.9
1099590 872.2
1099600 872.5
1099610 872.5
1099620 874.2
1099630 874.5
1099640 874.5
1099650 873.8
1099660 871.7
1099670 871.7
1099680 870.5
1099690 869.8
1099700 869.8
1099710 869.5
1099720 868.2
1099730 868.2
1099740 865.6
1099750 863.8
1099760 863.8
1099770 861.7
1099780 859.4
1099790 859.4
1099800 861.4
1099810 858.4
1099820 858.4
1099830 854.9
1099840 851.9
1099850 851.9
1099860 850.5
1099870 849.6
1099880 849.4
1099890 849.4
1099900 849.2
1099910 847.6
1099920 847.6
1099930 845.4
1099940 844.1
1099950 844.1
1099960 843.2
1099970 841.8
1099980 841.8
1099990 840.5
