1080000 1094.2
1080010 1095.8
1080020 1095.8
1080030 1098.7
1080040 1101.7
1080050 1101.7
1080060 1106.8
1080070 1111.7
1080080 1111.7
1080090 1115.2
1080100 1117.2
1080110 1117.2
1080120 1117.7
1080130 1117.1
1080140 1117.1
1080150 1115.0
1080160 1113.8
1080170 1113.9
1080180 1113.9
1080190 1114.1
1080200 1115.0
1080210 1115.0
1080220 1114.0
1080230 1113.0
1080240 1113.0
1080250 1112.4
1080260 1112.2
1080270 1112.2
1080280 1112.2
1080290 1112.0
1080300 1112.0
1080310 1111.8
1080320 1112.6
1080330 1112.6
1080340 1115.4
1080350 1119.5
1080360 1119.5
1080370 1123.5
1080380 1127.5
1080390 1127.5
1080400 1132.3
1080410 1135.5
1080420 1135.5
1080430 1137.3
1080440 1139.6
1080450 1142.3
1080460 1142.3
1080470 1143.3
1080480 1148.0
1080490 1148.0
1080500 1151.5
1080510 1153.2
1080520 1153.6
1080530 1153.9
1080540 1153.6
1080550 1153.6
1080560 1153.0
1080570 1153.1
1080580 1153.1
1080590 1153.9
1080600 1155.0
1080610 1155.0
1080620 1155.8
1080630 1157.2
1080640 1157.2
1080650 1159.1
1080660 1161.3
1080670 1161.3
1080680 1163.4
1080690 1165.5
1080700 1165.5
1080710 1167.3
1080720 1168.6
1080730 1168.6
1080740 1170.5
1080750 1173.0
1080760 1176.9
1080770 1176.9
1080780 1179.8
1080790 1180.5
1080800 1180.5
1080810 1180.8
1080820 1182.2
1080830 1188.2
1080840 1189.7
1080850 1189.1
1080860 1189.1
1080870 1188.0
1080880 1189.9
1080890 1189.9
1080900 1193.9
1080910 1197.8
1080920 1197.8
1080930 1200.4
1080940 1202.5
1080950 1202.5
1080960 1205.0
1080970 1207.4
1080980 1207.4
1080990 1210.2
1081000 1213.6
1081010 1213.6
1081020 1217.3
1081030 1221.9
1081040 1227.4
1081050 1227.4
1081060 1232.4
1081070 1235.8
1081080 1235.8
1081090 1239.3
1081100 1242.5
1081110 1242.5
1081120 1246.0
1081130 1249.1
1081140 1249.1
1081150 1248.1
1081160 1251.6
1081170 1251.6
1081180 1255.1
1081190 1258.8
1081200 1258.8
1081210 1263.0
1081220 1265.4
1081230 1265.4
1081240 1266.8
1081250 1269.3
1081260 1269.3
1081270 1272.6
1081280 1274.7
1081290 1274.7
1081300 1276.7
1081310 1279.1
1081320 1279.1
1081330 1282.7
1081340 1286.8
1081350 1291.4
1081360 1291.4
1081370 1296.5
1081380 1300.9
1081390 1300.9
1081400 1305.0
1081410 1310.2
1081420 1310.2
1081430 1318.5
1081440 1329.5
1081450 1329.5
1081460 1346.5
1081470 1353.9
1081480 1353.9
1081490 1358.0
1081500 1362.5
1081510 1362.5
1081520 1368.7
1081530 1375.7
1081540 1375.7
1081550 1384.3
1081560 1394.3
1081570 1394.3
1081580 1401.1
1081590 1403.4
1081600 1403.4
1081610 1405.5
1081620 1408.2
1081630 1408.2
1081640 1408.8
1081650 1405.5
1081660 1400.1
1081670 1400.1
1081680 1397.0
1081690 1393.2
1081700 1393.2
1081710 1396.4
1081720 1400.8
1081730 1400.8
1081740 1401.7
1081750 1400.7
1081760 1400.7
1081770 1399.0
1081780 1402.3
1081790 1402.3
1081800 1403.2
1081810 1403.4
1081820 1403.4
1081830 1412.3
1081840 1420.9
1081850 1420.9
1081860 1427.9
1081870 1433.6
1081880 1433.6
1081890 1437.7
1081900 1439.4
1081910 1439.4
1081920 1445.5
1081930 1448.9
1081940 1448.8
1081950 1448.8
1081960 1453.7
1081970 1458.1
1081980 1458.1
1081990 1461.5
1082000 1462.3
1082010 1462.3
1082020 1461.9
1082030 1463.6
1082040 1463.6
1082050 1466.5
1082060 1473.2
1082070 1473.2
1082080 1471.0
1082090 1472.0
1082100 1479.0
1082110 1481.9
1082120 1486.5
1082130 1486.5
1082140 1487.9
1082150 1489.3
1082160 1489.3
1082170 1497.8
1082180 1504.3
1082190 1504.3
1082200 1506.1
1082210 1510.6
1082220 1510.6
1082230 1514.8
1082240 1519.0
1082250 1521.6
1082260 1521.6
1082270 1523.3
1082280 1524.2
1082290 1524.2
1082300 1530.3
1082310 1536.2
1082320 1536.2
1082330 1538.6
1082340 1540.9
1082350 1540.9
1082360 1544.0
1082370 1547.4
1082380 1547.4
1082390 1548.5
1082400 1550.9
1082410 1555.0
1082420 1558.8
1082430 1561.2
1082440 1561.2
1082450 1562.4
1082460 1561.2
1082470 1561.2
1082480 1554.9
1082490 1547.7
1082500 1547.7
1082510 1541.2
1082520 1534.8
1082530 1529.4
1082540 1529.4
1082550 1523.3
1082560 1516.6
1082570 1516.6
1082580 1510.8
1082590 1504.6
1082600 1504.6
1082610 1497.6
1082620 1492.8
1082630 1492.8
1082640 1489.8
1082650 1488.3
1082660 1488.3
1082670 1487.4
1082680 1484.0
1082690 1484.0
1082700 1479.4
1082710 1472.6
1082720 1472.6
1082730 1460.1
1082740 1455.0
1082750 1455.0
1082760 1449.0
1082770 1440.9
1082780 1440.9
1082790 1438.5
1082800 1437.0
1082810 1437.0
1082820 1433.3
1082830 1429.7
1082840 1426.1
1082850 1426.1
1082860 1422.4
1082870 1421.0
1082880 1421.0
1082890 1420.8
1082900 1420.3
1082910 1420.3
1082920 1419.1
1082930 1416.2
1082940 1416.2
1082950 1414.8
1082960 1410.5
1082970 1410.5
1082980 1405.5
1082990 1403.6
1083000 1403.6
1083010 1401.4
1083020 1399.9
1083030 1399.9
1083040 1391.7
1083050 1382.5
1083060 1382.5
1083070 1379.6
1083080 1376.9
1083090 1376.9
1083100 1376.2
1083110 1374.6
1083120 1375.3
1083130 1375.3
1083140 1377.2
1083150 1375.1
1083160 1375.1
1083170 1370.4
1083180 1367.9
1083190 1367.9
1083200 1361.8
1083210 1358.1
1083220 1358.1
1083230 1357.5
1083240 1356.9
1083250 1356.9
1083260 1356.7
1083270 1355.4
1083280 1355.4
1083290 1355.3
1083300 1359.3
1083310 1359.3
1083320 1360.6
1083330 1360.4
1083340 1360.4
1083350 1359.6
1083360 1357.9
1083370 1353.4
1083380 1349.8
1083390 1345.5
1083400 1345.5
1083410 1342.9
1083420 1340.6
1083430 1339.8
1083440 1339.8
1083450 1340.6
1083460 1340.0
1083470 1340.0
1083480 1339.0
1083490 1335.6
1083500 1335.6
1083510 1330.2
1083520 1325.9
1083530 1325.9
1083540 1322.1
1083550 1318.3
1083560 1318.3
1083570 1315.4
1083580 1313.0
1083590 1313.0
1083600 1310.9
1083610 1309.1
1083620 1309.1
1083630 1308.1
1083640 1307.3
1083650 1307.3
1083660 1306.8
1083670 1306.0
1083680 1305.0
1083690 1303.4
1083700 1301.1
1083710 1301.1
1083720 1297.9
1083730 1294.9
1083740 1291.7
1083750 1291.7
1083760 1285.1
1083770 1275.7
1083780 1275.7
1083790 1269.8
1083800 1266.0
1083810 1266.0
1083820 1261.2
1083830 1255.6
1083840 1255.6
1083850 1248.6
1083860 1242.5
1083870 1242.5
1083880 1238.5
1083890 1234.7
1083900 1234.7
1083910 1228.2
1083920 1221.9
1083930 1221.9
1083940 1217.2
1083950 1211.8
1083960 1211.8
1083970 1203.4
1083980 1196.6
1083990 1196.6
1084000 1203.4
1084010 1200.0
1084020 1192.7
1084030 1192.7
1084040 1186.0
1084050 1182.9
1084060 1182.9
1084070 1178.8
1084080 1175.0
1084090 1175.0
1084100 1169.6
1084110 1165.6
1084120 1165.6
1084130 1163.1
1084140 1164.3
1084150 1164.3
1084160 1167.9
1084170 1171.0
1084180 1171.0
1084190 1171.8
1084200 1168.9
1084210 1168.9
1084220 1162.4
1084230 1166.0
1084240 1166.0
1084250 1163.8
1084260 1159.6
1084270 1159.6
1084280 1154.9
1084290 1149.5
1084300 1149.5
1084310 1144.8
1084320 1138.9
1084330 1134.8
1084340 1134.8
1084350 1129.4
1084360 1124.1
1084370 1124.1
1084380 1117.9
1084390 1111.9
1084400 1111.9
1084410 1106.2
1084420 1100.9
1084430 1100.9
1084440 1098.0
1084450 1095.9
1084460 1095.9
1084470 1092.8
1084480 1089.3
1084490 1089.3
1084500 1086.3
1084510 1083.9
1084520 1083.9
1084530 1081.9
1084540 1078.4
1084550 1078.4
1084560 1073.4
1084570 1072.2
1084580 1072.2
1084590 1070.1
1084600 1068.3
1084610 1067.0
1084620 1067.0
1084630 1064.8
1084640 1064.8
1084650 1064.8
1084660 1062.9
1084670 1061.2
1084680 1061.2
1084690 1060.7
1084700 1060.3
1084710 1060.3
1084720 1059.4
1084730 1058.5
1084740 1058.5
1084750 1057.1
1084760 1056.6
1084770 1056.6
1084780 1056.1
1084790 1056.0
1084800 1056.0
1084810 1056.3
1084820 1055.8
1084830 1055.8
1084840 1055.6
1084850 1054.9
1084860 1054.9
1084870 1054.2
1084880 1053.4
1084890 1053.4
1084900 1052.5
1084910 1051.4
1084920 1051.0
1084930 1051.0
1084940 1051.0
1084950 1049.8
1084960 1054.3
1084970 1053.3
1084980 1052.4
1084990 1052.4
1085000 1050.5
1085010 1049.8
1085020 1049.8
1085030 1049.4
1085040 1049.2
1085050 1049.2
1085060 1048.4
1085070 1047.1
1085080 1047.1
1085090 1046.6
1085100 1045.8
1085110 1045.8
1085120 1045.7
1085130 1046.4
1085140 1046.4
1085150 1047.1
1085160 1048.4
1085170 1048.4
1085180 1050.6
1085190 1053.1
1085200 1054.8
1085210 1054.8
1085220 1056.3
1085230 1057.7
1085240 1057.7
1085250 1058.5
1085260 1058.5
1085270 1058.5
1085280 1060.0
1085290 1056.6
1085300 1056.6
1085310 1052.6
1085320 1047.7
1085330 1047.7
1085340 1041.2
1085350 1033.8
1085360 1033.8
1085370 1026.2
1085380 1019.5
1085390 1019.5
1085400 1013.6
1085410 1008.3
1085420 1008.3
1085430 1003.7
1085440 1000.1
1085450 1000.1
1085460 997.4
1085470 990.8
1085480 990.8
1085490 982.6
1085500 974.2
1085510 965.4
1085520 965.4
1085530 960.5
1085540 965.0
1085550 965.0
1085560 970.9
1085570 972.7
1085580 972.7
1085590 972.9
1085600 968.9
1085610 968.9
1085620 966.5
1085630 963.2
1085640 963.2
1085650 956.7
1085660 949.0
1085670 949.0
1085680 941.3
1085690 938.3
1085700 938.3
1085710 938.1
1085720 936.6
1085730 936.6
1085740 935.9
1085750 935.6
1085760 935.6
1085770 935.3
1085780 934.2
1085790 934.2
1085800 932.9
1085810 932.6
1085820 933.6
1085830 933.6
1085840 936.1
1085850 939.8
1085860 939.8
1085870 945.3
1085880 950.4
1085890 950.4
1085900 953.3
1085910 954.7
1085920 960.4
1085930 963.6
1085940 965.3
1085950 965.3
1085960 965.5
1085970 969.2
1085980 969.2
1085990 972.1
1086000 976.5
1086010 976.5
1086020 983.4
1086030 989.5
1086040 989.5
1086050 991.8
1086060 993.9
1086070 993.9
1086080 995.2
1086090 996.7
1086100 998.6
1086110 998.6
1086120 1001.0
1086130 1003.4
1086140 1003.4
1086150 1005.3
1086160 1006.9
1086170 1006.9
1086180 1009.0
1086190 1013.0
1086200 1013.0
1086210 1017.0
1086220 1020.3
1086230 1020.3
1086240 1024.6
1086250 1028.9
1086260 1028.9
1086270 1034.4
1086280 1041.3
1086290 1041.3
1086300 1048.2
1086310 1053.8
1086320 1053.8
1086330 1058.8
1086340 1062.5
1086350 1062.5
1086360 1065.1
1086370 1068.4
1086380 1068.4
1086390 1071.9
1086400 1075.6
1086410 1079.4
1086420 1079.4
1086430 1083.8
1086440 1089.3
1086450 1089.3
1086460 1095.4
1086470 1101.5
1086480 1101.5
1086490 1105.8
1086500 1110.2
1086510 1110.2
1086520 1113.8
1086530 1117.1
1086540 1117.1
1086550 1120.6
1086560 1126.2
1086570 1126.2
1086580 1129.3
1086590 1131.8
1086600 1131.8
1086610 1134.8
1086620 1137.0
1086630 1137.0
1086640 1139.1
1086650 1140.7
1086660 1140.7
1086670 1142.1
1086680 1143.4
1086690 1144.5
1086700 1144.5
1086710 1146.1
1086720 1147.0
1086730 1147.0
1086740 1147.6
1086750 1148.4
1086760 1148.4
1086770 1148.3
1086780 1147.2
1086790 1147.2
1086800 1148.4
1086810 1150.8
1086820 1150.8
1086830 1154.0
1086840 1157.5
1086850 1157.5
1086860 1159.3
1086870 1163.3
1086880 1165.1
1086890 1170.7
1086900 1175.5
1086910 1175.5
1086920 1180.1
1086930 1184.8
1086940 1184.8
1086950 1188.9
1086960 1192.8
1086970 1192.8
1086980 1197.0
1086990 1201.0
1087000 1205.5
1087010 1205.5
1087020 1210.5
1087030 1215.0
1087040 1215.0
1087050 1219.6
1087060 1224.2
1087070 1224.2
1087080 1228.5
1087090 1231.7
1087100 1231.7
1087110 1235.2
1087120 1238.5
1087130 1238.5
1087140 1241.7
1087150 1245.1
1087160 1245.1
1087170 1248.5
1087180 1251.1
1087190 1251.1
1087200 1257.1
1087210 1260.7
1087220 1260.7
1087230 1264.1
1087240 1267.1
1087250 1267.1
1087260 1269.3
1087270 1271.4
1087280 1272.9
1087290 1272.9
1087300 1273.8
1087310 1275.0
1087320 1275.0
1087330 1275.9
1087340 1276.8
1087350 1276.8
1087360 1278.1
1087370 1278.9
1087380 1278.9
1087390 1279.5
1087400 1280.0
1087410 1280.0
1087420 1280.0
1087430 1280.4
1087440 1280.4
1087450 1282.0
1087460 1283.7
1087470 1283.7
1087480 1285.1
1087490 1286.6
1087500 1286.6
1087510 1288.1
1087520 1291.7
1087530 1291.7
1087540 1292.1
1087550 1292.7
1087560 1292.7
1087570 1293.4
1087580 1293.2
1087590 1293.3
1087600 1293.3
1087610 1294.2
1087620 1294.6
1087630 1294.6
1087640 1295.6
1087650 1297.8
1087660 1297.8
1087670 1298.7
1087680 1299.9
1087690 1299.9
1087700 1302.0
1087710 1300.1
1087720 1300.1
1087730 1293.5
1087740 1286.2
1087750 1286.2
1087760 1279.0
1087770 1272.1
1087780 1272.1
1087790 1264.9
1087800 1258.8
1087810 1258.8
1087820 1254.7
1087830 1253.4
1087840 1258.1
1087850 1256.8
1087860 1252.8
1087870 1248.8
1087880 1248.8
1087890 1245.1
1087900 1240.5
1087910 1240.5
1087920 1237.2
1087930 1237.7
1087940 1237.7
1087950 1237.6
1087960 1236.4
1087970 1236.4
1087980 1235.2
1087990 1233.1
1088000 1233.1
1088010 1232.1
1088020 1228.8
1088030 1228.8
1088040 1228.0
1088050 1229.7
1088060 1229.7
1088070 1232.3
1088080 1235.8
1088090 1235.8
1088100 1238.8
1088110 1242.1
1088120 1242.1
1088130 1241.9
1088140 1243.4
1088150 1243.4
1088160 1255.2
1088170 1258.3
1088180 1261.2
1088190 1261.2
1088200 1261.7
1088210 1259.8
1088220 1259.8
1088230 1255.6
1088240 1250.9
1088250 1250.9
1088260 1246.0
1088270 1240.4
1088280 1240.4
1088290 1235.3
1088300 1231.1
1088310 1231.1
1088320 1226.8
1088330 1224.0
1088340 1224.0
1088350 1219.4
1088360 1214.6
1088370 1214.6
1088380 1210.8
1088390 1206.2
1088400 1206.2
1088410 1202.6
1088420 1199.6
1088430 1199.6
1088440 1195.4
1088450 1192.1
1088460 1192.1
1088470 1188.7
1088480 1191.4
1088490 1188.6
1088500 1188.6
1088510 1184.2
1088520 1180.6
1088530 1180.6
1088540 1177.0
1088550 1172.7
1088560 1172.7
1088570 1169.6
1088580 1167.1
1088590 1167.1
1088600 1164.6
1088610 1160.5
1088620 1160.5
1088630 1156.5
1088640 1152.5
1088650 1152.5
1088660 1150.3
1088670 1147.4
1088680 1147.4
1088690 1143.6
1088700 1140.1
1088710 1140.1
1088720 1133.6
1088730 1128.6
1088740 1128.6
1088750 1123.5
1088760 1119.6
1088770 1113.8
1088780 1113.8
1088790 1107.4
1088800 1106.8
1088810 1106.8
1088820 1108.4
1088830 1112.1
1088840 1112.1
1088850 1117.6
1088860 1122.6
1088870 1122.6
1088880 1127.0
1088890 1130.3
1088900 1130.3
1088910 1131.5
1088920 1137.5
1088930 1137.5
1088940 1143.0
1088950 1143.6
1088960 1143.6
1088970 1143.3
1088980 1141.8
1088990 1141.8
1089000 1133.9
1089010 1127.7
1089020 1127.7
1089030 1124.3
1089040 1121.6
1089050 1121.6
1089060 1121.0
1089070 1119.2
1089080 1114.6
1089090 1114.6
1089100 1111.2
1089110 1107.4
1089120 1107.4
1089130 1106.4
1089140 1105.6
1089150 1105.6
1089160 1105.8
1089170 1107.3
1089180 1107.3
1089190 1109.9
1089200 1112.7
1089210 1112.7
1089220 1115.5
1089230 1117.9
1089240 1117.9
1089250 1119.7
1089260 1120.9
1089270 1120.9
1089280 1121.6
1089290 1122.1
1089300 1122.1
1089310 1123.2
1089320 1122.5
1089330 1122.5
1089340 1119.2
1089350 1117.0
1089360 1116.6
1089370 1116.6
1089380 1117.3
1089390 1118.1
1089400 1118.1
1089410 1118.3
1089420 1117.3
1089430 1117.3
1089440 1116.1
1089450 1118.5
1089460 1118.5
1089470 1116.6
1089480 1115.5
1089490 1115.5
1089500 1115.9
1089510 1117.3
1089520 1117.3
1089530 1119.4
1089540 1121.8
1089550 1121.8
1089560 1123.0
1089570 1124.3
1089580 1124.3
1089590 1125.4
1089600 1126.4
1089610 1126.4
1089620 1128.2
1089630 1130.4
1089640 1130.4
1089650 1131.7
1089660 1134.7
1089670 1137.7
1089680 1137.7
1089690 1139.6
1089700 1141.2
1089710 1141.2
1089720 1142.3
1089730 1144.7
1089740 1144.7
1089750 1146.5
1089760 1147.7
1089770 1145.7
1089780 1147.6
1089790 1149.9
1089800 1149.9
1089810 1152.3
1089820 1154.1
1089830 1154.1
1089840 1156.3
1089850 1158.3
1089860 1158.3
1089870 1161.0
1089880 1162.7
1089890 1162.7
1089900 1163.4
1089910 1164.7
1089920 1164.7
1089930 1166.2
1089940 1168.0
1089950 1170.0
1089960 1170.0
1089970 1171.9
1089980 1174.6
1089990 1174.6
1090000 1176.3
1090010 1178.2
1090020 1178.2
1090030 1180.4
1090040 1182.7
1090050 1182.7
1090060 1184.8
1090070 1187.1
1090080 1187.1
1090090 1188.9
1090100 1195.7
1090110 1195.7
1090120 1197.9
1090130 1201.5
1090140 1201.5
1090150 1205.9
1090160 1209.4
1090170 1209.4
1090180 1212.6
1090190 1216.4
1090200 1216.4
1090210 1221.3
1090220 1225.9
1090230 1225.9
1090240 1230.2
1090250 1235.3
1090260 1240.3
1090270 1240.3
1090280 1245.4
1090290 1249.1
1090300 1249.1
1090310 1248.1
1090320 1248.6
1090330 1248.6
1090340 1254.4
1090350 1260.1
1090360 1260.1
1090370 1264.5
1090380 1268.7
1090390 1268.7
1090400 1270.5
1090410 1272.7
1090420 1281.3
1090430 1282.3
1090440 1280.1
1090450 1280.1
1090460 1279.6
1090470 1282.5
1090480 1282.5
1090490 1285.7
1090500 1294.6
1090510 1294.6
1090520 1303.2
1090530 1309.9
1090540 1314.7
1090550 1314.7
1090560 1317.2
1090570 1318.0
1090580 1318.0
1090590 1318.0
1090600 1317.9
1090610 1317.9
1090620 1321.7
1090630 1330.0
1090640 1330.0
1090650 1338.9
1090660 1348.4
1090670 1348.4
1090680 1355.2
1090690 1359.4
1090700 1359.4
1090710 1362.9
1090720 1364.8
1090730 1364.8
1090740 1372.8
1090750 1371.9
1090760 1371.9
1090770 1369.1
1090780 1371.0
1090790 1371.0
1090800 1375.2
1090810 1380.9
1090820 1380.9
1090830 1388.8
1090840 1397.2
1090850 1404.7
1090860 1404.7
1090870 1410.8
1090880 1416.1
1090890 1416.1
1090900 1424.1
1090910 1433.5
1090920 1433.5
1090930 1439.5
1090940 1444.8
1090950 1444.8
1090960 1450.7
1090970 1456.7
1090980 1456.7
1090990 1463.1
1091000 1470.5
1091010 1470.5
1091020 1479.6
1091030 1488.6
1091040 1488.6
1091050 1497.6
1091060 1504.9
1091070 1502.8
1091080 1507.9
1091090 1512.8
1091100 1512.8
1091110 1519.5
1091120 1530.3
1091130 1530.3
1091140 1540.3
1091150 1547.9
1091160 1556.3
1091170 1556.3
1091180 1564.2
1091190 1571.4
1091200 1571.4
1091210 1579.2
1091220 1588.0
1091230 1588.0
1091240 1596.7
1091250 1604.7
1091260 1604.7
1091270 1611.7
1091280 1618.1
1091290 1618.1
1091300 1620.9
1091310 1619.2
1091320 1619.2
1091330 1614.9
1091340 1609.0
1091350 1609.0
1091360 1603.6
1091370 1597.5
1091380 1597.5
1091390 1586.4
1091400 1584.0
1091410 1584.0
1091420 1584.4
1091430 1583.7
1091440 1580.3
1091450 1580.3
1091460 1577.7
1091470 1577.0
1091480 1577.0
1091490 1576.5
1091500 1578.8
1091510 1578.8
1091520 1582.7
1091530 1585.0
1091540 1585.0
1091550 1587.0
1091560 1591.9
1091570 1591.9
1091580 1596.7
1091590 1598.6
1091600 1598.6
1091610 1600.6
1091620 1602.6
1091630 1602.6
1091640 1603.9
1091650 1604.7
1091660 1604.7
1091670 1605.4
1091680 1605.9
1091690 1605.9
1091700 1605.9
1091710 1607.0
1091720 1603.9
1091730 1605.7
1091740 1608.9
1091750 1611.8
1091760 1611.8
1091770 1614.9
1091780 1621.3
1091790 1621.3
1091800 1628.9
1091810 1634.2
1091820 1634.2
1091830 1640.3
1091840 1646.1
1091850 1646.1
1091860 1652.1
1091870 1657.7
1091880 1657.7
1091890 1663.6
1091900 1669.2
1091910 1669.2
1091920 1674.1
1091930 1677.4
1091940 1677.4
1091950 1678.8
1091960 1680.6
1091970 1680.6
1091980 1682.7
1091990 1685.7
1092000 1685.7
1092010 1689.0
1092020 1693.1
1092030 1695.8
1092040 1692.2
1092050 1693.2
1092060 1695.0
1092070 1695.0
1092080 1696.5
1092090 1698.7
1092100 1698.7
1092110 1699.9
1092120 1700.9
1092130 1700.9
1092140 1702.0
1092150 1703.1
1092160 1703.1
1092170 1703.7
1092180 1704.5
1092190 1704.5
1092200 1705.7
1092210 1705.8
1092220 1705.8
1092230 1708.2
1092240 1709.8
1092250 1709.8
1092260 1711.1
1092270 1711.8
1092280 1711.8
1092290 1712.8
1092300 1713.7
1092310 1713.7
1092320 1713.9
1092330 1714.5
1092340 1714.9
1092350 1714.9
1092360 1714.6
1092370 1709.1
1092380 1709.1
1092390 1709.1
1092400 1708.1
1092410 1708.1
1092420 1706.5
1092430 1706.4
1092440 1706.4
1092450 1705.3
1092460 1705.7
1092470 1705.7
1092480 1706.8
1092490 1707.6
1092500 1707.6
1092510 1708.1
1092520 1702.7
1092530 1702.7
1092540 1682.5
1092550 1664.9
1092560 1664.9
1092570 1655.1
1092580 1648.2
1092590 1648.2
1092600 1641.9
1092610 1637.2
1092620 1629.4
1092630 1629.4
1092640 1625.6
1092650 1619.3
1092660 1619.3
1092670 1616.1
1092680 1611.8
1092690 1606.2
1092700 1600.0
1092710 1595.1
1092720 1595.1
1092730 1590.5
1092740 1585.1
1092750 1585.1
1092760 1580.6
1092770 1574.8
1092780 1574.8
1092790 1569.6
1092800 1566.6
1092810 1566.6
1092820 1559.0
1092830 1551.8
1092840 1551.8
1092850 1544.4
1092860 1537.2
1092870 1537.2
1092880 1529.7
1092890 1523.2
1092900 1523.2
1092910 1517.8
1092920 1512.3
1092930 1507.8
1092940 1507.8
1092950 1504.4
1092960 1501.4
1092970 1501.4
1092980 1501.4
1092990 1502.5
1093000 1502.5
1093010 1501.2
1093020 1494.0
1093030 1494.0
1093040 1490.0
1093050 1486.3
1093060 1486.3
1093070 1485.4
1093080 1485.6
1093090 1485.6
1093100 1486.6
1093110 1483.6
1093120 1483.6
1093130 1478.1
1093140 1472.7
1093150 1472.7
1093160 1467.5
1093170 1462.6
1093180 1462.6
1093190 1456.6
1093200 1449.8
1093210 1439.5
1093220 1439.5
1093230 1427.0
1093240 1416.2
1093250 1416.2
1093260 1408.3
1093270 1397.5
1093280 1397.5
1093290 1365.8
1093300 1337.5
1093310 1337.5
1093320 1331.5
1093330 1325.8
1093340 1323.7
1093350 1317.5
1093360 1312.8
1093370 1312.8
1093380 1307.9
1093390 1303.5
1093400 1303.5
1093410 1299.9
1093420 1296.4
1093430 1296.4
1093440 1293.5
1093450 1289.9
1093460 1289.9
1093470 1286.3
1093480 1282.1
1093490 1282.1
1093500 1277.9
1093510 1275.7
1093520 1273.3
1093530 1273.3
1093540 1270.1
1093550 1265.5
1093560 1265.5
1093570 1260.9
1093580 1258.9
1093590 1258.9
1093600 1259.8
1093610 1259.3
1093620 1259.3
1093630 1258.7
1093640 1258.6
1093650 1258.6
1093660 1258.6
1093670 1257.0
1093680 1257.0
1093690 1257.2
1093700 1256.2
1093710 1256.2
1093720 1256.0
1093730 1256.0
1093740 1256.0
1093750 1254.7
1093760 1254.4
1093770 1254.4
1093780 1254.1
1093790 1254.0
1093800 1253.9
1093810 1253.9
1093820 1254.3
1093830 1254.8
1093840 1254.8
1093850 1256.3
1093860 1257.6
1093870 1257.6
1093880 1258.4
1093890 1259.1
1093900 1259.1
1093910 1259.5
1093920 1259.4
1093930 1259.4
1093940 1259.2
1093950 1259.1
1093960 1259.1
1093970 1258.9
1093980 1258.9
1093990 1255.9
1094000 1257.0
1094010 1257.4
1094020 1257.4
1094030 1257.2
1094040 1256.2
1094050 1256.2
1094060 1250.1
1094070 1245.0
1094080 1245.0
1094090 1239.2
1094100 1233.0
1094110 1226.3
1094120 1226.3
1094130 1220.6
1094140 1215.1
1094150 1215.1
1094160 1210.9
1094170 1208.1
1094180 1208.1
1094190 1205.9
1094200 1203.6
1094210 1203.6
1094220 1201.4
1094230 1201.0
1094240 1201.0
1094250 1200.2
1094260 1197.9
1094270 1197.9
1094280 1197.1
1094290 1196.6
1094300 1196.6
1094310 1195.7
1094320 1193.3
1094330 1193.3
1094340 1193.0
1094350 1194.2
1094360 1194.2
1094370 1196.1
1094380 1198.7
1094390 1198.7
1094400 1199.6
1094410 1199.5
1094420 1200.0
1094430 1200.0
1094440 1199.9
1094450 1197.6
1094460 1197.6
1094470 1195.0
1094480 1192.9
1094490 1192.9
1094500 1189.1
1094510 1183.4
1094520 1183.4
1094530 1178.8
1094540 1177.8
1094550 1177.8
1094560 1176.8
1094570 1172.8
1094580 1172.8
1094590 1167.3
1094600 1164.1
1094610 1164.1
1094620 1160.5
1094630 1156.1
1094640 1156.1
1094650 1149.3
1094660 1144.8
1094670 1144.8
1094680 1141.6
1094690 1139.1
1094700 1138.1
1094710 1138.1
1094720 1134.9
1094730 1132.3
1094740 1132.3
1094750 1129.8
1094760 1127.6
1094770 1127.6
1094780 1125.8
1094790 1123.3
1094800 1123.3
1094810 1120.1
1094820 1116.4
1094830 1116.4
1094840 1112.8
1094850 1111.0
1094860 1111.0
1094870 1108.5
1094880 1106.1
1094890 1106.1
1094900 1103.1
1094910 1100.2
1094920 1100.2
1094930 1098.2
1094940 1095.5
1094950 1095.5
1094960 1092.2
1094970 1087.9
1094980 1087.9
1094990 1084.2
1095000 1079.5
1095010 1076.5
1095020 1076.5
1095030 1072.0
1095040 1069.2
1095050 1069.2
1095060 1067.5
1095070 1065.9
1095080 1065.9
1095090 1064.5
1095100 1061.8
1095110 1061.8
1095120 1058.8
1095130 1055.9
1095140 1055.9
1095150 1052.7
1095160 1050.0
1095170 1050.0
1095180 1047.1
1095190 1042.2
1095200 1042.2
1095210 1036.6
1095220 1031.2
1095230 1031.2
1095240 1024.0
1095250 1017.7
1095260 1017.7
1095270 1014.5
1095280 1014.2
1095290 1013.3
1095300 1009.3
1095310 1010.7
1095320 1007.7
1095330 1007.7
1095340 1000.9
1095350 994.5
1095360 994.5
1095370 987.0
1095380 979.4
1095390 979.4
1095400 974.1
1095410 966.5
1095420 966.5
1095430 960.4
1095440 957.9
1095450 957.9
1095460 956.6
1095470 955.0
1095480 955.0
1095490 952.2
1095500 948.6
1095510 948.6
1095520 944.3
1095530 938.9
1095540 938.9
1095550 931.2
1095560 924.4
1095570 924.4
1095580 920.1
1095590 919.6
1095600 921.5
1095610 921.5
1095620 920.3
1095630 917.0
1095640 917.0
1095650 917.3
1095660 917.3
1095670 917.3
1095680 917.4
1095690 916.9
1095700 916.9
1095710 916.2
1095720 916.9
1095730 916.9
1095740 917.2
1095750 915.9
1095760 915.9
1095770 913.2
1095780 910.1
1095790 910.1
1095800 907.0
1095810 903.3
1095820 903.3
1095830 902.2
1095840 903.0
1095850 903.0
1095860 902.7
1095870 902.0
1095880 901.1
1095890 901.1
1095900 900.9
1095910 902.1
1095920 902.1
1095930 901.5
1095940 903.3
1095950 903.3
1095960 901.8
1095970 908.3
1095980 908.3
1095990 911.0
1096000 908.5
1096010 908.5
1096020 900.0
1096030 890.9
1096040 890.9
1096050 885.1
1096060 882.1
1096070 882.1
1096080 878.0
1096090 872.2
1096100 872.2
1096110 866.4
1096120 859.5
1096130 859.5
1096140 857.5
1096150 858.5
1096160 858.5
1096170 857.2
1096180 854.9
1096190 853.0
1096200 853.0
1096210 850.7
1096220 849.0
1096230 849.0
1096240 849.3
1096250 850.8
1096260 850.8
1096270 856.7
1096280 862.5
1096290 855.1
1096300 852.2
1096310 852.2
1096320 852.2
1096330 850.4
1096340 847.7
1096350 847.7
1096360 841.5
1096370 833.8
1096380 833.8
1096390 825.1
1096400 819.9
1096410 819.9
1096420 816.4
1096430 814.1
1096440 814.1
1096450 813.1
1096460 812.0
1096470 809.9
1096480 809.9
1096490 807.7
1096500 805.4
1096510 805.4
1096520 804.9
1096530 805.1
1096540 805.1
1096550 804.4
1096560 803.5
1096570 803.5
1096580 801.2
1096590 799.4
1096600 799.4
1096610 798.3
1096620 798.0
1096630 798.0
1096640 797.7
1096650 797.4
1096660 797.4
1096670 797.1
1096680 796.6
1096690 796.6
1096700 796.3
1096710 796.1
1096720 796.1
1096730 795.5
1096740 795.0
1096750 795.0
1096760 795.0
1096770 795.2
1096780 794.6
1096790 794.6
1096800 794.0
1096810 793.8
1096820 793.8
1096830 793.8
1096840 793.8
1096850 793.8
1096860 794.2
1096870 794.5
1096880 794.5
1096890 794.1
1096900 793.7
1096910 793.7
1096920 793.2
1096930 792.9
1096940 793.4
1096950 793.0
1096960 792.7
1096970 792.7
1096980 792.4
1096990 792.4
1097000 792.4
1097010 792.4
1097020 792.3
1097030 792.3
1097040 792.2
1097050 792.1
1097060 792.3
1097070 792.3
1097080 793.1
1097090 792.0
1097100 792.0
1097110 791.1
1097120 790.4
1097130 790.4
1097140 789.9
1097150 789.4
1097160 789.4
1097170 789.6
1097180 789.8
1097190 789.8
1097200 791.2
1097210 792.1
1097220 792.1
1097230 792.7
1097240 793.3
1097250 793.3
1097260 793.6
1097270 795.1
1097280 795.1
1097290 795.8
1097300 796.3
1097310 796.3
1097320 796.5
1097330 795.8
1097340 795.8
1097350 795.7
1097360 796.8
1097370 797.5
1097380 797.5
1097390 798.2
1097400 799.3
1097410 799.3
1097420 801.9
1097430 805.3
1097440 805.3
1097450 808.5
1097460 811.7
1097470 811.7
1097480 812.0
1097490 809.5
1097500 809.5
1097510 807.8
1097520 807.7
1097530 807.7
1097540 806.5
1097550 803.5
1097560 803.5
1097570 799.6
1097580 801.3
1097590 801.3
1097600 808.2
1097610 814.3
1097620 814.3
1097630 815.2
1097640 816.3
1097650 816.3
1097660 818.2
1097670 819.8
1097680 820.8
1097690 820.8
1097700 821.9
1097710 824.5
1097720 824.5
1097730 826.6
1097740 828.3
1097750 828.3
1097760 831.0
1097770 834.2
1097780 834.2
1097790 835.4
1097800 837.2
1097810 837.2
1097820 836.5
1097830 833.4
1097840 833.4
1097850 831.2
1097860 829.8
1097870 829.8
1097880 827.3
1097890 824.7
1097900 824.7
1097910 826.7
1097920 828.6
1097930 831.0
1097940 832.0
1097950 832.5
1097960 833.4
1097970 833.4
1097980 833.5
1097990 834.4
1098000 834.4
1098010 837.1
1098020 840.0
1098030 840.0
1098040 843.1
1098050 845.9
1098060 845.9
1098070 847.6
1098080 848.2
1098090 848.2
1098100 847.9
1098110 847.6
1098120 847.6
1098130 847.0
1098140 845.6
1098150 845.6
1098160 844.4
1098170 844.5
1098180 844.5
1098190 846.0
1098200 846.0
1098210 846.0
1098220 845.9
1098230 845.2
1098240 845.2
1098250 843.7
1098260 847.4
1098270 848.3
1098280 848.3
1098290 848.6
1098300 848.2
1098310 848.2
1098320 846.3
1098330 843.6
1098340 843.6
1098350 842.3
1098360 841.2
1098370 841.2
1098380 840.7
1098390 840.3
1098400 840.3
1098410 841.0
1098420 841.2
1098430 841.2
1098440 841.5
1098450 842.7
1098460 842.7
1098470 845.3
1098480 848.0
1098490 848.0
1098500 849.1
1098510 850.4
1098520 850.4
1098530 849.5
1098540 852.3
1098550 854.8
1098560 854.8
1098570 854.9
1098580 855.2
1098590 857.1
1098600 856.9
1098610 855.9
1098620 855.9
1098630 854.4
1098640 852.9
1098650 852.9
1098660 848.6
1098670 849.2
1098680 849.2
1098690 850.0
1098700 852.1
1098710 852.1
1098720 855.7
1098730 860.1
1098740 860.1
1098750 864.1
1098760 865.1
1098770 865.1
1098780 863.1
1098790 860.7
1098800 860.7
1098810 857.7
1098820 858.0
1098830 858.0
1098840 860.4
1098850 864.1
1098860 867.5
1098870 867.5
1098880 868.7
1098890 867.8
1098900 867.8
1098910 866.0
1098920 864.9
1098930 864.9
1098940 863.1
1098950 861.9
1098960 861.9
1098970 858.8
1098980 854.8
1098990 854.8
1099000 851.5
1099010 849.7
1099020 849.7
1099030 850.1
1099040 850.9
1099050 850.9
1099060 851.3
1099070 851.9
1099080 851.9
1099090 852.5
1099100 852.6
1099110 852.6
1099120 852.1
1099130 851.3
1099140 846.8
1099150 846.8
1099160 838.8
1099170 832.7
1099180 832.7
1099190 827.5
1099200 822.9
1099210 822.9
1099220 818.4
1099230 814.1
1099240 814.1
1099250 811.7
1099260 809.5
1099270 809.5
1099280 810.6
1099290 811.0
1099300 811.0
1099310 809.3
1099320 807.8
1099330 807.8
1099340 807.7
1099350 808.8
1099360 808.8
1099370 811.4
1099380 816.1
1099390 816.1
1099400 821.0
1099410 822.2
1099420 822.2
1099430 821.4
1099440 820.7
1099450 820.0
1099460 820.0
1099470 819.6
1099480 820.1
1099490 820.1
1099500 820.2
1099510 820.0
1099520 820.0
1099530 819.8
1099540 819.5
1099550 819.5
1099560 815.1
1099570 807.9
1099580 806.2
1099590 801.9
1099600 798.0
1099610 798.0
1099620 794.5
1099630 791.2
1099640 791.2
1099650 788.5
1099660 789.7
1099670 789.7
1099680 791.4
1099690 795.2
1099700 795.2
1099710 798.0
1099720 798.7
1099730 797.9
1099740 797.9
1099750 796.1
1099760 792.7
1099770 792.7
1099780 790.5
1099790 790.3
1099800 790.3
1099810 787.6
1099820 786.0
1099830 786.0
1099840 783.9
1099850 781.7
1099860 781.7
1099870 779.3
1099880 776.7
1099890 776.7
1099900 774.6
1099910 774.6
1099920 774.6
1099930 773.1
1099940 771.6
1099950 771.6
1099960 770.2
1099970 768.8
1099980 768.8
1099990 767.4
