1080000 1106.5
1080010 1105.9
1080020 1105.0
1080030 1105.2
1080040 1104.9
1080050 1104.6
1080060 1104.9
1080070 1104.9
1080080 1103.9
1080090 1102.2
1080100 1102.2
1080110 1101.3
1080120 1101.2
1080130 1101.2
1080140 1101.4
1080150 1101.0
1080160 1101.0
1080170 1100.5
1080180 1099.4
1080190 1099.4
1080200 1097.0
1080210 1093.1
1080220 1093.1
1080230 1093.2
1080240 1097.7
1080250 1097.7
1080260 1100.8
1080270 1096.2
1080280 1096.2
1080290 1091.4
1080300 1091.6
1080310 1091.6
1080320 1093.8
1080330 1102.1
1080340 1102.1
1080350 1106.4
1080360 1105.2
1080370 1105.4
1080380 1105.4
1080390 1105.8
1080400 1108.7
1080410 1108.7
1080420 1113.1
1080430 1116.1
1080440 1116.1
1080450 1118.0
1080460 1120.5
1080470 1120.5
1080480 1123.5
1080490 1125.2
1080500 1125.2
1080510 1123.6
1080520 1118.9
1080530 1118.9
1080540 1121.6
1080550 1127.8
1080560 1127.8
1080570 1132.1
1080580 1135.4
1080590 1135.4
1080600 1138.6
1080610 1142.2
1080620 1142.2
1080630 1145.4
1080640 1148.8
1080650 1152.0
1080660 1154.4
1080670 1156.9
1080680 1159.2
1080690 1159.2
1080700 1160.8
1080710 1162.7
1080720 1162.7
1080730 1164.1
1080740 1164.5
1080750 1164.5
1080760 1166.5
1080770 1168.7
1080780 1168.7
1080790 1170.6
1080800 1173.6
1080810 1173.6
1080820 1177.3
1080830 1180.5
1080840 1180.5
1080850 1183.1
1080860 1186.9
1080870 1186.9
1080880 1191.0
1080890 1194.4
1080900 1194.4
1080910 1196.4
1080920 1198.3
1080930 1198.3
1080940 1201.3
1080950 1203.2
1080960 1205.4
1080970 1205.4
1080980 1208.3
1080990 1212.5
1081000 1212.5
1081010 1216.6
1081020 1218.9
1081030 1218.9
1081040 1221.5
1081050 1223.9
1081060 1223.9
1081070 1227.3
1081080 1230.9
1081090 1230.9
1081100 1233.4
1081110 1235.8
1081120 1235.8
1081130 1240.9
1081140 1246.0
1081150 1246.0
1081160 1251.2
1081170 1256.4
1081180 1256.4
1081190 1260.2
1081200 1262.9
1081210 1262.9
1081220 1266.2
1081230 1268.7
1081240 1272.7
1081250 1272.7
1081260 1281.9
1081270 1291.5
1081280 1291.5
1081290 1302.7
1081300 1305.7
1081310 1305.7
1081320 1308.5
1081330 1311.7
1081340 1311.7
1081350 1313.3
1081360 1312.5
1081370 1312.5
1081380 1314.9
1081390 1319.2
1081400 1319.2
1081410 1322.3
1081420 1323.1
1081430 1323.1
1081440 1325.4
1081450 1330.8
1081460 1330.8
1081470 1336.0
1081480 1340.8
1081490 1340.8
1081500 1344.6
1081510 1347.5
1081520 1347.5
1081530 1348.7
1081540 1350.8
1081550 1352.0
1081560 1352.0
1081570 1348.4
1081580 1341.1
1081590 1341.1
1081600 1338.2
1081610 1342.7
1081620 1342.7
1081630 1341.4
1081640 1340.0
1081650 1340.0
1081660 1337.4
1081670 1335.9
1081680 1335.9
1081690 1342.2
1081700 1351.8
1081710 1351.8
1081720 1358.2
1081730 1364.1
1081740 1364.1
1081750 1369.5
1081760 1374.5
1081770 1374.5
1081780 1380.5
1081790 1385.6
1081800 1385.6
1081810 1387.4
1081820 1389.0
1081830 1389.0
1081840 1393.2
1081850 1393.6
1081860 1390.7
1081870 1390.7
1081880 1395.0
1081890 1397.9
1081900 1397.9
1081910 1401.1
1081920 1401.5
1081930 1408.2
1081940 1405.6
1081950 1409.6
1081960 1409.6
1081970 1412.5
1081980 1417.0
1081990 1417.0
1082000 1424.0
1082010 1428.3
1082020 1428.3
1082030 1430.9
1082040 1430.2
1082050 1430.2
1082060 1430.1
1082070 1435.5
1082080 1435.5
1082090 1437.1
1082100 1439.0
1082110 1439.0
1082120 1438.1
1082130 1439.7
1082140 1443.3
1082150 1443.3
1082160 1443.7
1082170 1445.4
1082180 1445.4
1082190 1451.4
1082200 1457.8
1082210 1457.8
1082220 1463.4
1082230 1467.3
1082240 1468.1
1082250 1474.9
1082260 1479.6
1082270 1479.6
1082280 1485.7
1082290 1489.2
1082300 1489.2
1082310 1493.1
1082320 1499.7
1082330 1499.7
1082340 1506.1
1082350 1511.7
1082360 1511.7
1082370 1516.5
1082380 1521.2
1082390 1521.2
1082400 1526.4
1082410 1530.7
1082420 1530.7
1082430 1534.8
1082440 1538.5
1082450 1537.5
1082460 1537.5
1082470 1528.9
1082480 1522.3
1082490 1522.3
1082500 1518.5
1082510 1513.6
1082520 1513.6
1082530 1505.9
1082540 1498.6
1082550 1498.6
1082560 1497.9
1082570 1497.3
1082580 1497.3
1082590 1500.5
1082600 1494.1
1082610 1494.1
1082620 1491.6
1082630 1488.4
1082640 1488.4
1082650 1482.3
1082660 1482.1
1082670 1482.1
1082680 1477.8
1082690 1471.2
1082700 1471.2
1082710 1470.0
1082720 1470.5
1082730 1472.3
1082740 1472.3
1082750 1470.1
1082760 1474.6
1082770 1474.6
1082780 1474.4
1082790 1455.0
1082800 1455.0
1082810 1443.7
1082820 1435.8
1082830 1435.8
1082840 1431.8
1082850 1426.3
1082860 1426.3
1082870 1419.3
1082880 1423.0
1082890 1423.0
1082900 1420.0
1082910 1418.4
1082920 1418.4
1082930 1414.5
1082940 1408.1
1082950 1408.1
1082960 1404.2
1082970 1406.3
1082980 1406.3
1082990 1410.2
1083000 1412.8
1083010 1412.8
1083020 1404.1
1083030 1397.0
1083040 1396.0
1083050 1396.0
1083060 1391.0
1083070 1382.5
1083080 1382.5
1083090 1379.8
1083100 1378.1
1083110 1378.1
1083120 1381.5
1083130 1387.6
1083140 1387.6
1083150 1392.8
1083160 1393.3
1083170 1393.3
1083180 1384.5
1083190 1394.0
1083200 1394.0
1083210 1390.7
1083220 1386.0
1083230 1386.0
1083240 1382.4
1083250 1379.5
1083260 1379.5
1083270 1377.1
1083280 1375.2
1083290 1375.2
1083300 1373.5
1083310 1373.1
1083320 1373.1
1083330 1372.3
1083340 1370.4
1083350 1367.9
1083360 1367.9
1083370 1365.5
1083380 1363.0
1083390 1363.0
1083400 1360.9
1083410 1358.6
1083420 1358.6
1083430 1352.0
1083440 1344.4
1083450 1344.4
1083460 1338.9
1083470 1333.5
1083480 1333.5
1083490 1327.2
1083500 1321.6
1083510 1322.3
1083520 1317.9
1083530 1314.7
1083540 1314.7
1083550 1312.0
1083560 1308.4
1083570 1308.4
1083580 1305.3
1083590 1302.5
1083600 1302.5
1083610 1300.2
1083620 1297.2
1083630 1295.0
1083640 1295.0
1083650 1288.7
1083660 1281.0
1083670 1281.0
1083680 1278.9
1083690 1277.6
1083700 1277.6
1083710 1274.2
1083720 1269.9
1083730 1269.9
1083740 1268.0
1083750 1266.9
1083760 1266.9
1083770 1261.9
1083780 1260.6
1083790 1260.6
1083800 1260.8
1083810 1258.4
1083820 1258.4
1083830 1255.0
1083840 1250.5
1083850 1250.5
1083860 1246.6
1083870 1243.0
1083880 1243.0
1083890 1239.2
1083900 1234.8
1083910 1234.8
1083920 1230.0
1083930 1225.1
1083940 1220.1
1083950 1220.1
1083960 1216.8
1083970 1212.9
1083980 1212.9
1083990 1208.0
1084000 1203.7
1084010 1203.7
1084020 1199.3
1084030 1194.1
1084040 1194.1
1084050 1188.3
1084060 1183.2
1084070 1183.2
1084080 1177.5
1084090 1172.7
1084100 1172.7
1084110 1167.8
1084120 1161.6
1084130 1161.6
1084140 1154.8
1084150 1160.2
1084160 1160.2
1084170 1154.2
1084180 1147.2
1084190 1147.2
1084200 1140.6
1084210 1135.1
1084220 1127.7
1084230 1127.7
1084240 1120.7
1084250 1116.1
1084260 1116.1
1084270 1111.4
1084280 1106.4
1084290 1106.4
1084300 1100.4
1084310 1095.8
1084320 1095.8
1084330 1097.0
1084340 1101.1
1084350 1101.1
1084360 1101.6
1084370 1099.9
1084380 1099.9
1084390 1097.8
1084400 1095.5
1084410 1095.5
1084420 1092.8
1084430 1089.1
1084440 1089.1
1084450 1086.5
1084460 1083.7
1084470 1091.1
1084480 1087.5
1084490 1083.6
1084500 1083.6
1084510 1080.0
1084520 1077.3
1084530 1074.2
1084540 1074.2
1084550 1071.1
1084560 1067.3
1084570 1067.3
1084580 1062.4
1084590 1056.3
1084600 1056.3
1084610 1053.3
1084620 1051.0
1084630 1051.0
1084640 1049.1
1084650 1046.9
1084660 1046.9
1084670 1045.7
1084680 1044.3
1084690 1044.3
1084700 1042.9
1084710 1042.0
1084720 1042.0
1084730 1040.6
1084740 1039.9
1084750 1039.9
1084760 1039.6
1084770 1038.3
1084780 1038.3
1084790 1038.1
1084800 1037.6
1084810 1037.4
1084820 1037.4
1084830 1037.5
1084840 1037.5
1084850 1037.5
1084860 1037.2
1084870 1036.6
1084880 1036.6
1084890 1035.5
1084900 1034.3
1084910 1034.3
1084920 1033.8
1084930 1033.5
1084940 1033.5
1084950 1032.3
1084960 1030.8
1084970 1030.8
1084980 1030.1
1084990 1028.6
1085000 1028.6
1085010 1026.1
1085020 1023.2
1085030 1023.2
1085040 1020.0
1085050 1018.4
1085060 1018.4
1085070 1018.9
1085080 1018.4
1085090 1018.4
1085100 1017.3
1085110 1016.5
1085120 1016.5
1085130 1016.5
1085140 1015.0
1085150 1013.5
1085160 1013.5
1085170 1012.4
1085180 1012.0
1085190 1012.0
1085200 1010.5
1085210 1009.5
1085220 1009.5
1085230 1008.5
1085240 1007.7
1085250 1007.7
1085260 1006.5
1085270 1005.4
1085280 1005.4
1085290 1004.3
1085300 1002.8
1085310 1002.8
1085320 1000.7
1085330 997.9
1085340 997.9
1085350 995.8
1085360 994.0
1085370 994.0
1085380 993.6
1085390 992.6
1085400 992.6
1085410 992.7
1085420 991.2
1085430 989.8
1085440 989.8
1085450 988.8
1085460 988.5
1085470 988.5
1085480 988.6
1085490 988.1
1085500 988.1
1085510 986.7
1085520 985.2
1085530 985.2
1085540 983.3
1085550 981.2
1085560 981.2
1085570 980.1
1085580 978.9
1085590 978.9
1085600 977.9
1085610 976.6
1085620 976.6
1085630 975.2
1085640 973.7
1085650 973.7
1085660 972.1
1085670 970.5
1085680 970.5
1085690 969.1
1085700 967.0
1085710 961.8
1085720 961.8
1085730 956.8
1085740 953.2
1085750 953.2
1085760 946.0
1085770 944.0
1085780 944.0
1085790 943.8
1085800 942.9
1085810 942.9
1085820 941.4
1085830 939.8
1085840 939.8
1085850 938.0
1085860 935.8
1085870 935.8
1085880 932.9
1085890 930.9
1085900 930.9
1085910 930.9
1085920 938.5
1085930 938.5
1085940 943.7
1085950 947.3
1085960 947.3
1085970 952.7
1085980 959.5
1085990 959.5
1086000 965.7
1086010 972.6
1086020 978.6
1086030 978.6
1086040 985.3
1086050 990.5
1086060 993.6
1086070 997.9
1086080 1003.4
1086090 1003.4
1086100 1007.2
1086110 1006.9
1086120 1006.9
1086130 1005.2
1086140 1004.7
1086150 1004.7
1086160 1005.1
1086170 1004.7
1086180 1004.7
1086190 1003.6
1086200 1004.6
1086210 1004.6
1086220 1006.1
1086230 1008.4
1086240 1008.4
1086250 1011.7
1086260 1013.9
1086270 1013.9
1086280 1015.5
1086290 1018.2
1086300 1020.7
1086310 1020.7
1086320 1022.8
1086330 1024.4
1086340 1024.4
1086350 1026.1
1086360 1029.4
1086370 1029.4
1086380 1036.4
1086390 1040.9
1086400 1040.9
1086410 1044.8
1086420 1050.4
1086430 1050.4
1086440 1056.9
1086450 1059.8
1086460 1059.8
1086470 1061.2
1086480 1064.2
1086490 1064.2
1086500 1065.6
1086510 1068.5
1086520 1068.5
1086530 1071.5
1086540 1077.3
1086550 1077.3
1086560 1085.6
1086570 1094.8
1086580 1094.8
1086590 1102.3
1086600 1104.8
1086610 1106.6
1086620 1106.6
1086630 1108.1
1086640 1109.5
1086650 1109.5
1086660 1110.8
1086670 1111.1
1086680 1111.1
1086690 1111.6
1086700 1114.9
1086710 1114.9
1086720 1117.0
1086730 1121.1
1086740 1121.1
1086750 1125.6
1086760 1130.0
1086770 1130.0
1086780 1134.3
1086790 1138.4
1086800 1138.4
1086810 1142.3
1086820 1145.8
1086830 1145.8
1086840 1149.3
1086850 1153.2
1086860 1153.2
1086870 1156.9
1086880 1160.6
1086890 1164.0
1086900 1164.0
1086910 1167.2
1086920 1170.1
1086930 1170.1
1086940 1173.0
1086950 1175.6
1086960 1175.6
1086970 1178.6
1086980 1181.3
1086990 1181.3
1087000 1183.9
1087010 1186.7
1087020 1188.2
1087030 1191.4
1087040 1195.1
1087050 1195.1
1087060 1198.6
1087070 1201.9
1087080 1201.9
1087090 1205.1
1087100 1208.5
1087110 1208.5
1087120 1211.7
1087130 1214.9
1087140 1214.9
1087150 1217.5
1087160 1220.8
1087170 1220.8
1087180 1223.6
1087190 1226.4
1087200 1229.0
1087210 1229.0
1087220 1231.6
1087230 1233.9
1087240 1233.9
1087250 1236.0
1087260 1237.9
1087270 1237.9
1087280 1239.7
1087290 1241.0
1087300 1241.0
1087310 1242.1
1087320 1243.2
1087330 1243.2
1087340 1244.3
1087350 1248.5
1087360 1248.5
1087370 1249.1
1087380 1250.0
1087390 1250.0
1087400 1249.6
1087410 1251.9
1087420 1251.9
1087430 1252.8
1087440 1252.7
1087450 1252.7
1087460 1254.0
1087470 1255.6
1087480 1255.6
1087490 1257.2
1087500 1258.1
1087510 1258.8
1087520 1258.8
1087530 1259.3
1087540 1260.0
1087550 1260.0
1087560 1260.9
1087570 1261.5
1087580 1261.5
1087590 1262.3
1087600 1262.6
1087610 1262.6
1087620 1262.9
1087630 1262.8
1087640 1262.8
1087650 1261.9
1087660 1261.7
1087670 1265.0
1087680 1262.9
1087690 1261.8
1087700 1261.8
1087710 1261.6
1087720 1259.3
1087730 1259.3
1087740 1253.2
1087750 1247.3
1087760 1247.3
1087770 1240.9
1087780 1234.3
1087790 1228.1
1087800 1228.1
1087810 1222.9
1087820 1217.0
1087830 1217.0
1087840 1214.2
1087850 1213.1
1087860 1213.1
1087870 1211.4
1087880 1210.4
1087890 1210.4
1087900 1208.0
1087910 1204.4
1087920 1204.4
1087930 1201.6
1087940 1199.0
1087950 1199.0
1087960 1196.8
1087970 1194.4
1087980 1194.4
1087990 1195.3
1088000 1193.6
1088010 1193.6
1088020 1192.0
1088030 1191.2
1088040 1191.2
1088050 1190.0
1088060 1188.4
1088070 1188.4
1088080 1186.1
1088090 1184.6
1088100 1183.6
1088110 1183.6
1088120 1183.2
1088130 1182.9
1088140 1182.9
1088150 1183.8
1088160 1186.3
1088170 1186.3
1088180 1189.5
1088190 1191.5
1088200 1191.5
1088210 1193.2
1088220 1194.4
1088230 1194.4
1088240 1195.0
1088250 1194.8
1088260 1194.8
1088270 1193.7
1088280 1192.1
1088290 1192.1
1088300 1189.5
1088310 1187.5
1088320 1187.5
1088330 1184.3
1088340 1181.2
1088350 1181.2
1088360 1178.1
1088370 1174.9
1088380 1172.8
1088390 1172.8
1088400 1169.5
1088410 1166.4
1088420 1166.4
1088430 1163.6
1088440 1160.5
1088450 1160.5
1088460 1158.2
1088470 1156.6
1088480 1156.6
1088490 1155.2
1088500 1153.7
1088510 1153.7
1088520 1152.1
1088530 1150.6
1088540 1150.6
1088550 1149.3
1088560 1148.4
1088570 1148.4
1088580 1147.1
1088590 1145.6
1088600 1145.6
1088610 1143.9
1088620 1142.5
1088630 1143.1
1088640 1140.0
1088650 1133.5
1088660 1133.5
1088670 1128.7
1088680 1125.1
1088690 1122.5
1088700 1122.5
1088710 1117.8
1088720 1112.4
1088730 1112.4
1088740 1110.4
1088750 1106.1
1088760 1106.1
1088770 1100.8
1088780 1097.3
1088790 1097.3
1088800 1095.8
1088810 1098.0
1088820 1098.0
1088830 1102.3
1088840 1107.7
1088850 1107.7
1088860 1112.4
1088870 1116.8
1088880 1116.8
1088890 1120.7
1088900 1125.8
1088910 1125.8
1088920 1129.2
1088930 1131.6
1088940 1131.6
1088950 1138.5
1088960 1138.6
1088970 1138.3
1088980 1138.3
1088990 1138.1
1089000 1136.8
1089010 1136.8
1089020 1131.2
1089030 1126.9
1089040 1126.9
1089050 1123.9
1089060 1120.6
1089070 1120.6
1089080 1117.9
1089090 1114.8
1089100 1114.8
1089110 1110.5
1089120 1107.4
1089130 1107.4
1089140 1103.6
1089150 1099.7
1089160 1099.7
1089170 1096.5
1089180 1095.9
1089190 1095.9
1089200 1095.2
1089210 1094.3
1089220 1094.3
1089230 1093.7
1089240 1093.4
1089250 1093.4
1089260 1095.1
1089270 1097.6
1089280 1097.8
1089290 1097.8
1089300 1098.8
1089310 1100.3
1089320 1100.3
1089330 1104.7
1089340 1109.0
1089350 1109.0
1089360 1114.4
1089370 1117.2
1089380 1117.2
1089390 1119.8
1089400 1123.9
1089410 1123.9
1089420 1126.7
1089430 1127.9
1089440 1127.9
1089450 1131.6
1089460 1134.6
1089470 1134.6
1089480 1136.7
1089490 1137.8
1089500 1137.8
1089510 1141.4
1089520 1144.5
1089530 1144.5
1089540 1146.1
1089550 1151.1
1089560 1151.1
1089570 1156.3
1089580 1158.3
1089590 1162.9
1089600 1157.0
1089610 1160.9
1089620 1162.2
1089630 1162.2
1089640 1165.3
1089650 1168.0
1089660 1168.0
1089670 1168.0
1089680 1170.8
1089690 1170.8
1089700 1172.1
1089710 1173.9
1089720 1173.9
1089730 1175.3
1089740 1175.5
1089750 1175.5
1089760 1174.4
1089770 1172.5
1089780 1172.5
1089790 1172.0
1089800 1170.4
1089810 1170.4
1089820 1170.8
1089830 1170.5
1089840 1170.5
1089850 1169.7
1089860 1170.8
1089870 1170.9
1089880 1170.9
1089890 1172.0
1089900 1172.9
1089910 1172.9
1089920 1170.4
1089930 1173.3
1089940 1173.3
1089950 1176.6
1089960 1179.3
1089970 1179.3
1089980 1181.4
1089990 1183.3
1090000 1183.3
1090010 1185.2
1090020 1187.9
1090030 1187.9
1090040 1190.3
1090050 1192.3
1090060 1192.3
1090070 1194.2
1090080 1196.7
1090090 1196.7
1090100 1199.2
1090110 1201.6
1090120 1201.6
1090130 1203.9
1090140 1206.4
1090150 1206.4
1090160 1208.5
1090170 1210.3
1090180 1212.6
1090190 1212.6
1090200 1215.2
1090210 1217.9
1090220 1217.9
1090230 1219.9
1090240 1220.7
1090250 1220.7
1090260 1222.5
1090270 1225.2
1090280 1225.2
1090290 1227.9
1090300 1230.5
1090310 1230.5
1090320 1233.1
1090330 1234.6
1090340 1234.6
1090350 1236.9
1090360 1239.3
1090370 1239.3
1090380 1242.9
1090390 1246.0
1090400 1246.0
1090410 1248.4
1090420 1251.1
1090430 1251.1
1090440 1253.7
1090450 1256.5
1090460 1259.6
1090470 1259.6
1090480 1262.7
1090490 1265.8
1090500 1265.8
1090510 1269.1
1090520 1272.4
1090530 1272.4
1090540 1275.7
1090550 1279.5
1090560 1279.5
1090570 1283.5
1090580 1287.2
1090590 1287.2
1090600 1290.7
1090610 1294.0
1090620 1294.0
1090630 1296.4
1090640 1299.7
1090650 1299.7
1090660 1305.5
1090670 1313.2
1090680 1313.2
1090690 1321.7
1090700 1330.7
1090710 1330.7
1090720 1338.4
1090730 1345.3
1090740 1345.3
1090750 1350.9
1090760 1356.1
1090770 1360.7
1090780 1360.7
1090790 1368.1
1090800 1374.5
1090810 1374.5
1090820 1379.3
1090830 1384.4
1090840 1384.4
1090850 1390.2
1090860 1395.4
1090870 1395.4
1090880 1400.7
1090890 1419.2
1090900 1419.2
1090910 1426.3
1090920 1432.8
1090930 1432.8
1090940 1439.8
1090950 1446.7
1090960 1446.7
1090970 1453.1
1090980 1459.7
1090990 1459.7
1091000 1466.1
1091010 1472.6
1091020 1472.6
1091030 1478.6
1091040 1484.7
1091050 1487.5
1091060 1487.5
1091070 1481.7
1091080 1480.9
1091090 1480.9
1091100 1483.1
1091110 1486.3
1091120 1486.3
1091130 1493.5
1091140 1503.3
1091150 1503.3
1091160 1513.7
1091170 1523.0
1091180 1523.0
1091190 1530.8
1091200 1536.6
1091210 1536.6
1091220 1547.1
1091230 1550.2
1091240 1550.2
1091250 1554.0
1091260 1562.6
1091270 1562.6
1091280 1571.0
1091290 1577.2
1091300 1577.2
1091310 1584.6
1091320 1592.8
1091330 1592.8
1091340 1600.2
1091350 1606.9
1091360 1612.8
1091370 1612.8
1091380 1618.5
1091390 1623.2
1091400 1623.2
1091410 1622.7
1091420 1615.9
1091430 1615.9
1091440 1614.0
1091450 1612.6
1091460 1612.6
1091470 1611.9
1091480 1611.2
1091490 1611.2
1091500 1610.9
1091510 1611.0
1091520 1611.0
1091530 1611.6
1091540 1609.6
1091550 1609.6
1091560 1611.7
1091570 1614.1
1091580 1614.1
1091590 1616.4
1091600 1618.2
1091610 1618.2
1091620 1619.9
1091630 1621.9
1091640 1624.6
1091650 1624.6
1091660 1626.9
1091670 1631.0
1091680 1631.0
1091690 1635.8
1091700 1640.2
1091710 1640.2
1091720 1645.7
1091730 1652.0
1091740 1652.0
1091750 1656.8
1091760 1659.8
1091770 1659.8
1091780 1663.7
1091790 1666.9
1091800 1666.9
1091810 1668.8
1091820 1671.3
1091830 1671.3
1091840 1675.6
1091850 1679.4
1091860 1679.4
1091870 1679.1
1091880 1683.7
1091890 1683.7
1091900 1688.5
1091910 1693.7
1091920 1693.7
1091930 1698.3
1091940 1700.3
1091950 1704.2
1091960 1704.2
1091970 1710.3
1091980 1715.6
1091990 1715.6
1092000 1720.5
1092010 1724.0
1092020 1724.0
1092030 1726.7
1092040 1728.8
1092050 1728.8
1092060 1730.1
1092070 1731.4
1092080 1731.4
1092090 1734.1
1092100 1736.7
1092110 1736.7
1092120 1738.1
1092130 1739.7
1092140 1739.7
1092150 1742.4
1092160 1744.2
1092170 1744.2
1092180 1745.7
1092190 1742.9
1092200 1742.9
1092210 1745.2
1092220 1746.7
1092230 1746.7
1092240 1748.2
1092250 1749.4
1092260 1750.6
1092270 1750.6
1092280 1751.1
1092290 1751.9
1092300 1751.9
1092310 1753.2
1092320 1753.8
1092330 1753.8
1092340 1754.6
1092350 1755.2
1092360 1755.2
1092370 1755.4
1092380 1755.3
1092390 1755.3
1092400 1754.3
1092410 1751.8
1092420 1751.8
1092430 1745.3
1092440 1732.5
1092450 1732.5
1092460 1719.9
1092470 1707.2
1092480 1707.2
1092490 1694.9
1092500 1682.9
1092510 1682.9
1092520 1674.7
1092530 1666.5
1092540 1659.2
1092550 1659.2
1092560 1652.6
1092570 1645.6
1092580 1645.6
1092590 1638.7
1092600 1632.2
1092610 1632.2
1092620 1624.5
1092630 1617.2
1092640 1617.2
1092650 1610.4
1092660 1603.7
1092670 1603.7
1092680 1596.2
1092690 1589.4
1092700 1589.4
1092710 1583.7
1092720 1578.1
1092730 1578.1
1092740 1574.7
1092750 1569.7
1092760 1569.7
1092770 1564.1
1092780 1557.9
1092790 1557.9
1092800 1552.2
1092810 1546.4
1092820 1546.4
1092830 1541.5
1092840 1538.8
1092850 1533.4
1092860 1533.4
1092870 1528.2
1092880 1522.8
1092890 1522.8
1092900 1517.4
1092910 1512.4
1092920 1512.4
1092930 1507.1
1092940 1502.6
1092950 1502.6
1092960 1499.0
1092970 1495.8
1092980 1495.8
1092990 1492.3
1093000 1489.3
1093010 1489.3
1093020 1486.4
1093030 1483.3
1093040 1483.3
1093050 1480.2
1093060 1477.7
1093070 1477.7
1093080 1475.3
1093090 1473.2
1093100 1473.2
1093110 1469.7
1093120 1465.0
1093130 1459.7
1093140 1459.7
1093150 1454.0
1093160 1447.1
1093170 1445.3
1093180 1438.6
1093190 1432.9
1093200 1432.9
1093210 1426.4
1093220 1417.7
1093230 1417.7
1093240 1398.5
1093250 1392.4
1093260 1392.4
1093270 1388.9
1093280 1373.5
1093290 1373.5
1093300 1351.8
1093310 1341.5
1093320 1341.5
1093330 1334.8
1093340 1328.5
1093350 1328.5
1093360 1323.8
1093370 1320.1
1093380 1320.1
1093390 1314.2
1093400 1307.4
1093410 1307.4
1093420 1303.5
1093430 1302.5
1093440 1302.3
1093450 1302.3
1093460 1301.3
1093470 1299.1
1093480 1299.1
1093490 1293.7
1093500 1294.3
1093510 1294.3
1093520 1296.4
1093530 1296.7
1093540 1296.7
1093550 1296.6
1093560 1296.0
1093570 1296.0
1093580 1295.5
1093590 1294.9
1093600 1294.9
1093610 1292.9
1093620 1290.0
1093630 1290.0
1093640 1287.7
1093650 1286.1
1093660 1286.1
1093670 1285.8
1093680 1284.3
1093690 1284.3
1093700 1281.2
1093710 1278.0
1093720 1276.3
1093730 1276.3
1093740 1275.8
1093750 1275.2
1093760 1275.2
1093770 1274.3
1093780 1273.9
1093790 1273.9
1093800 1275.3
1093810 1275.8
1093820 1272.7
1093830 1272.6
1093840 1273.8
1093850 1273.8
1093860 1274.9
1093870 1276.1
1093880 1276.1
1093890 1277.7
1093900 1279.1
1093910 1279.1
1093920 1280.0
1093930 1279.7
1093940 1279.7
1093950 1278.8
1093960 1277.9
1093970 1277.9
1093980 1277.3
1093990 1277.2
1094000 1277.2
1094010 1275.6
1094020 1274.3
1094030 1274.1
1094040 1274.1
1094050 1272.1
1094060 1272.0
1094070 1272.0
1094080 1271.7
1094090 1270.8
1094100 1270.8
1094110 1268.5
1094120 1266.0
1094130 1266.0
1094140 1256.6
1094150 1251.3
1094160 1251.3
1094170 1247.8
1094180 1246.1
1094190 1246.1
1094200 1243.9
1094210 1243.3
1094220 1243.3
1094230 1244.3
1094240 1245.0
1094250 1245.0
1094260 1244.6
1094270 1243.2
1094280 1243.2
1094290 1240.8
1094300 1238.6
1094310 1237.6
1094320 1237.6
1094330 1237.8
1094340 1238.3
1094350 1238.3
1094360 1239.6
1094370 1240.7
1094380 1240.7
1094390 1240.9
1094400 1240.7
1094410 1240.7
1094420 1240.0
1094430 1236.2
1094440 1236.2
1094450 1230.9
1094460 1225.4
1094470 1223.5
1094480 1217.8
1094490 1210.7
1094500 1210.7
1094510 1206.3
1094520 1203.5
1094530 1203.5
1094540 1202.7
1094550 1201.2
1094560 1201.2
1094570 1198.1
1094580 1191.9
1094590 1191.9
1094600 1191.0
1094610 1192.4
1094620 1188.9
1094630 1188.9
1094640 1180.8
1094650 1179.1
1094660 1179.1
1094670 1180.1
1094680 1181.1
1094690 1181.1
1094700 1180.7
1094710 1179.5
1094720 1179.5
1094730 1177.5
1094740 1175.7
1094750 1175.7
1094760 1173.3
1094770 1170.9
1094780 1170.9
1094790 1168.7
1094800 1162.0
1094810 1162.0
1094820 1159.8
1094830 1154.3
1094840 1154.3
1094850 1149.1
1094860 1143.9
1094870 1143.9
1094880 1139.0
1094890 1133.9
1094900 1133.9
1094910 1127.7
1094920 1122.9
1094930 1119.1
1094940 1119.1
1094950 1115.1
1094960 1112.6
1094970 1112.6
1094980 1110.2
1094990 1108.5
1095000 1108.5
1095010 1105.8
1095020 1101.7
1095030 1101.7
1095040 1098.0
1095050 1094.4
1095060 1094.4
1095070 1090.5
1095080 1087.1
1095090 1087.1
1095100 1082.9
1095110 1078.3
1095120 1078.3
1095130 1074.8
1095140 1069.2
1095150 1069.2
1095160 1061.7
1095170 1054.4
1095180 1054.4
1095190 1048.3
1095200 1041.5
1095210 1035.1
1095220 1035.1
1095230 1028.8
1095240 1022.9
1095250 1022.9
1095260 1020.1
1095270 1015.3
1095280 1015.3
1095290 1009.6
1095300 1005.3
1095310 1005.3
1095320 1002.7
1095330 1000.4
1095340 1000.4
1095350 997.8
1095360 995.8
1095370 995.8
1095380 993.2
1095390 989.5
1095400 989.5
1095410 984.1
1095420 975.7
1095430 975.7
1095440 968.6
1095450 962.9
1095460 962.9
1095470 960.4
1095480 961.5
1095490 961.5
1095500 963.6
1095510 961.9
1095520 958.2
1095530 958.2
1095540 956.4
1095550 956.3
1095560 956.3
1095570 955.4
1095580 949.6
1095590 949.6
1095600 942.9
1095610 939.0
1095620 939.0
1095630 938.2
1095640 938.1
1095650 938.1
1095660 938.2
1095670 937.7
1095680 937.7
1095690 935.6
1095700 932.5
1095710 932.5
1095720 931.3
1095730 931.3
1095740 931.3
1095750 932.7
1095760 934.4
1095770 934.4
1095780 935.3
1095790 936.2
1095800 936.9
1095810 936.9
1095820 937.8
1095830 939.7
1095840 939.7
1095850 940.6
1095860 940.6
1095870 940.6
1095880 940.5
1095890 939.1
1095900 939.1
1095910 936.4
1095920 939.1
1095930 939.1
1095940 942.4
1095950 945.5
1095960 945.5
1095970 941.9
1095980 934.8
1095990 934.8
1096000 928.0
1096010 922.2
1096020 922.2
1096030 915.2
1096040 909.2
1096050 909.2
1096060 908.8
1096070 907.5
1096080 907.5
1096090 905.8
1096100 905.8
1096110 901.4
1096120 901.4
1096130 901.4
1096140 898.8
1096150 898.8
1096160 893.6
1096170 888.6
1096180 888.6
1096190 887.8
1096200 892.3
1096210 892.3
1096220 893.7
1096230 894.0
1096240 894.0
1096250 886.7
1096260 878.2
1096270 878.2
1096280 872.1
1096290 868.4
1096300 868.4
1096310 865.3
1096320 862.9
1096330 862.9
1096340 860.1
1096350 857.4
1096360 857.4
1096370 854.9
1096380 853.4
1096390 853.2
1096400 853.2
1096410 852.9
1096420 855.5
1096430 855.5
1096440 849.2
1096450 843.6
1096460 843.6
1096470 835.9
1096480 833.5
1096490 833.5
1096500 832.8
1096510 830.6
1096520 830.6
1096530 829.2
1096540 829.0
1096550 829.0
1096560 828.5
1096570 828.1
1096580 828.1
1096590 827.7
1096600 827.0
1096610 827.0
1096620 826.6
1096630 827.0
1096640 827.0
1096650 826.8
1096660 824.8
1096670 824.8
1096680 823.5
1096690 822.3
1096700 821.1
1096710 821.1
1096720 819.5
1096730 816.9
1096740 816.9
1096750 814.3
1096760 812.1
1096770 809.6
1096780 805.8
1096790 803.2
1096800 803.2
1096810 802.2
1096820 800.7
1096830 800.7
1096840 799.5
1096850 797.0
1096860 797.0
1096870 794.1
1096880 792.5
1096890 792.5
1096900 792.3
1096910 791.9
1096920 791.9
1096930 791.7
1096940 791.5
1096950 791.5
1096960 791.3
1096970 791.2
1096980 791.0
1096990 791.0
1097000 790.7
1097010 790.5
1097020 790.5
1097030 789.9
1097040 789.4
1097050 789.4
1097060 789.5
1097070 789.8
1097080 789.8
1097090 788.4
1097100 788.5
1097110 788.5
1097120 788.4
1097130 789.0
1097140 789.0
1097150 789.3
1097160 788.6
1097170 788.6
1097180 788.0
1097190 787.4
1097200 787.4
1097210 787.0
1097220 786.6
1097230 786.6
1097240 787.1
1097250 787.9
1097260 787.9
1097270 788.5
1097280 789.0
1097290 789.2
1097300 789.2
1097310 789.8
1097320 791.4
1097330 791.4
1097340 794.0
1097350 794.4
1097360 794.4
1097370 793.1
1097380 791.3
1097390 791.3
1097400 789.9
1097410 787.7
1097420 783.5
1097430 782.9
1097440 785.5
1097450 785.5
1097460 785.5
1097470 785.1
1097480 785.1
1097490 784.1
1097500 781.0
1097510 781.0
1097520 778.9
1097530 778.4
1097540 778.4
1097550 779.1
1097560 779.2
1097570 779.2
1097580 778.5
1097590 779.0
1097600 779.6
1097610 779.6
1097620 780.4
1097630 781.0
1097640 781.0
1097650 781.7
1097660 782.4
1097670 782.4
1097680 783.7
1097690 785.9
1097700 785.9
1097710 789.2
1097720 791.6
1097730 791.6
1097740 791.5
1097750 797.4
1097760 797.4
1097770 800.2
1097780 801.1
1097790 801.1
1097800 800.9
1097810 800.8
1097820 800.8
1097830 801.4
1097840 804.7
1097850 804.7
1097860 809.9
1097870 811.0
1097880 810.9
1097890 810.9
1097900 810.6
1097910 810.9
1097920 810.9
1097930 812.2
1097940 812.1
1097950 812.1
1097960 814.1
1097970 814.8
1097980 814.8
1097990 814.5
1098000 814.3
1098010 814.3
1098020 813.6
1098030 812.7
1098040 812.7
1098050 812.4
1098060 811.8
1098070 811.8
1098080 814.5
1098090 814.0
1098100 814.0
1098110 813.8
1098120 813.6
1098130 813.6
1098140 812.2
1098150 813.6
1098160 813.6
1098170 818.3
1098180 821.8
1098190 825.1
1098200 825.1
1098210 827.4
1098220 828.4
1098230 828.4
1098240 827.1
1098250 823.4
1098260 823.4
1098270 823.6
1098280 824.3
1098290 824.3
1098300 824.7
1098310 822.4
1098320 822.4
1098330 820.4
1098340 818.8
1098350 818.8
1098360 816.6
1098370 817.1
1098380 817.1
1098390 818.0
1098400 819.0
1098410 823.1
1098420 822.7
1098430 822.2
1098440 822.2
1098450 821.5
1098460 820.0
1098470 817.9
1098480 817.9
1098490 815.5
1098500 814.6
1098510 814.6
1098520 816.3
1098530 817.9
1098540 817.9
1098550 817.5
1098560 817.5
1098570 817.5
1098580 816.3
1098590 810.9
1098600 810.9
1098610 808.2
1098620 807.0
1098630 807.0
1098640 806.9
1098650 805.6
1098660 805.6
1098670 802.8
1098680 796.9
1098690 796.9
1098700 793.8
1098710 797.6
1098720 797.6
1098730 801.2
1098740 812.5
1098750 812.5
1098760 819.3
1098770 823.1
1098780 820.2
1098790 820.2
1098800 815.7
1098810 812.4
1098820 812.4
1098830 812.0
1098840 815.1
1098850 815.1
1098860 819.9
1098870 824.4
1098880 824.4
1098890 828.2
1098900 831.4
1098910 831.4
1098920 833.1
1098930 834.2
1098940 834.2
1098950 836.4
1098960 836.9
1098970 836.9
1098980 836.1
1098990 834.8
1099000 834.8
1099010 831.1
1099020 826.0
1099030 826.0
1099040 821.4
1099050 822.4
1099060 823.3
1099070 828.5
1099080 826.6
1099090 823.5
1099100 823.5
1099110 822.2
1099120 823.0
1099130 823.0
1099140 823.1
1099150 822.2
1099160 822.2
1099170 822.7
1099180 821.2
1099190 821.2
1099200 816.5
1099210 812.4
1099220 812.4
1099230 808.4
1099240 804.5
1099250 804.5
1099260 800.0
1099270 794.2
1099280 794.2
1099290 788.9
1099300 787.1
1099310 787.1
1099320 786.7
1099330 784.9
1099340 784.9
1099350 783.1
1099360 787.4
1099370 792.1
1099380 792.1
1099390 797.8
1099400 807.6
1099410 807.6
1099420 810.3
1099430 809.1
1099440 809.1
1099450 807.2
1099460 804.3
1099470 804.3
1099480 801.5
1099490 798.9
1099500 798.9
1099510 794.6
1099520 788.8
1099530 788.8
1099540 787.8
1099550 787.2
1099560 787.2
1099570 784.9
1099580 783.4
1099590 783.4
1099600 781.9
1099610 778.2
1099620 778.2
1099630 774.0
1099640 768.7
1099650 764.0
1099660 764.0
1099670 760.0
1099680 758.4
1099690 758.4
1099700 758.6
1099710 757.1
1099720 757.1
1099730 756.9
1099740 759.0
1099750 759.0
1099760 760.7
1099770 761.4
1099780 761.4
1099790 760.0
1099800 758.9
1099810 758.9
1099820 756.8
1099830 757.4
1099840 757.4
1099850 757.2
1099860 755.5
1099870 755.5
1099880 753.4
1099890 751.6
1099900 751.6
1099910 751.4
1099920 751.6
1099930 751.6
1099940 750.9
1099950 750.4
1099960 750.2
1099970 750.2
1099980 749.9
1099990 749.3
