1080000 853.8
1080010 858.7
1080020 865.2
1080030 865.2
1080040 868.8
1080050 860.1
1080060 860.1
1080070 848.3
1080080 842.2
1080090 842.2
1080100 837.7
1080110 846.0
1080120 846.0
1080130 856.6
1080140 877.9
1080150 877.9
1080160 893.1
1080170 894.6
1080180 894.6
1080190 889.7
1080200 889.8
1080210 889.8
1080220 888.7
1080230 885.7
1080240 885.7
1080250 883.0
1080260 878.5
1080270 878.5
1080280 880.2
1080290 882.2
1080300 885.3
1080310 885.3
1080320 888.2
1080330 892.0
1080340 892.0
1080350 893.4
1080360 887.2
1080370 887.2
1080380 877.7
1080390 871.4
1080400 871.4
1080410 868.3
1080420 867.7
1080430 867.7
1080440 866.8
1080450 864.9
1080460 871.6
1080470 871.5
1080480 873.0
1080490 873.0
1080500 882.6
1080510 893.0
1080520 893.0
1080530 902.1
1080540 912.5
1080550 912.5
1080560 913.1
1080570 912.0
1080580 912.0
1080590 911.7
1080600 912.2
1080610 905.8
1080620 905.8
1080630 895.0
1080640 882.8
1080650 882.8
1080660 869.2
1080670 858.5
1080680 858.5
1080690 848.4
1080700 838.5
1080710 838.5
1080720 829.1
1080730 818.6
1080740 818.6
1080750 809.5
1080760 804.1
1080770 806.9
1080780 808.2
1080790 817.6
1080800 817.6
1080810 831.3
1080820 844.5
1080830 844.5
1080840 858.2
1080850 870.5
1080860 870.5
1080870 883.8
1080880 891.7
1080890 896.0
1080900 896.0
1080910 899.9
1080920 905.0
1080930 905.0
1080940 911.5
1080950 918.6
1080960 918.6
1080970 925.5
1080980 932.3
1080990 932.3
1081000 939.1
1081010 946.2
1081020 946.2
1081030 952.9
1081040 957.6
1081050 957.6
1081060 962.2
1081070 968.0
1081080 968.0
1081090 980.2
1081100 982.5
1081110 982.5
1081120 980.1
1081130 981.3
1081140 981.3
1081150 985.0
1081160 994.0
1081170 994.0
1081180 1007.5
1081190 1021.7
1081200 1033.8
1081210 1033.8
1081220 1042.8
1081230 1050.8
1081240 1050.8
1081250 1058.7
1081260 1066.9
1081270 1066.9
1081280 1075.0
1081290 1082.2
1081300 1082.2
1081310 1088.8
1081320 1096.4
1081330 1096.4
1081340 1103.8
1081350 1109.8
1081360 1109.8
1081370 1114.9
1081380 1120.5
1081390 1120.5
1081400 1126.8
1081410 1137.4
1081420 1137.4
1081430 1143.0
1081440 1149.8
1081450 1149.8
1081460 1156.8
1081470 1164.4
1081480 1164.4
1081490 1172.5
1081500 1183.1
1081510 1192.0
1081520 1192.0
1081530 1203.4
1081540 1230.8
1081550 1230.8
1081560 1273.9
1081570 1297.6
1081580 1297.6
1081590 1301.1
1081600 1301.7
1081610 1301.7
1081620 1297.8
1081630 1290.0
1081640 1290.0
1081650 1282.4
1081660 1280.9
1081670 1280.9
1081680 1280.5
1081690 1280.3
1081700 1280.3
1081710 1280.1
1081720 1274.4
1081730 1274.4
1081740 1274.1
1081750 1273.8
1081760 1273.8
1081770 1273.7
1081780 1274.2
1081790 1275.0
1081800 1275.0
1081810 1276.3
1081820 1277.7
1081830 1277.7
1081840 1279.1
1081850 1279.9
1081860 1279.9
1081870 1279.4
1081880 1278.0
1081890 1278.0
1081900 1277.5
1081910 1277.6
1081920 1277.6
1081930 1277.8
1081940 1278.7
1081950 1278.7
1081960 1279.6
1081970 1280.4
1081980 1280.4
1081990 1281.2
1082000 1282.0
1082010 1282.0
1082020 1282.7
1082030 1283.6
1082040 1280.4
1082050 1281.4
1082060 1282.6
1082070 1282.6
1082080 1284.4
1082090 1286.3
1082100 1287.8
1082110 1287.8
1082120 1289.4
1082130 1292.2
1082140 1292.2
1082150 1296.7
1082160 1300.0
1082170 1300.0
1082180 1302.4
1082190 1302.8
1082200 1302.8
1082210 1302.3
1082220 1300.8
1082230 1300.8
1082240 1299.4
1082250 1297.9
1082260 1297.9
1082270 1296.3
1082280 1294.4
1082290 1294.4
1082300 1292.1
1082310 1289.9
1082320 1289.9
1082330 1287.2
1082340 1283.6
1082350 1283.6
1082360 1278.8
1082370 1276.0
1082380 1276.0
1082390 1273.7
1082400 1271.8
1082410 1269.4
1082420 1269.4
1082430 1266.9
1082440 1264.9
1082450 1264.9
1082460 1263.2
1082470 1261.7
1082480 1261.7
1082490 1260.4
1082500 1259.8
1082510 1259.8
1082520 1260.2
1082530 1261.4
1082540 1261.4
1082550 1262.4
1082560 1263.3
1082570 1263.3
1082580 1263.8
1082590 1264.1
1082600 1264.1
1082610 1263.8
1082620 1263.0
1082630 1263.0
1082640 1261.9
1082650 1260.7
1082660 1260.7
1082670 1258.3
1082680 1258.8
1082690 1259.5
1082700 1259.5
1082710 1260.9
1082720 1263.0
1082730 1263.0
1082740 1264.8
1082750 1266.6
1082760 1266.6
1082770 1268.2
1082780 1270.0
1082790 1270.0
1082800 1271.4
1082810 1273.3
1082820 1273.3
1082830 1277.0
1082840 1281.8
1082850 1281.8
1082860 1285.1
1082870 1288.0
1082880 1288.0
1082890 1291.7
1082900 1294.7
1082910 1294.7
1082920 1296.6
1082930 1298.0
1082940 1298.0
1082950 1298.0
1082960 1297.4
1082970 1297.4
1082980 1297.5
1082990 1293.4
1083000 1293.6
1083010 1293.6
1083020 1293.9
1083030 1294.9
1083040 1294.9
1083050 1295.6
1083060 1298.9
1083070 1298.9
1083080 1303.2
1083090 1308.0
1083100 1308.0
1083110 1311.8
1083120 1316.1
1083130 1316.1
1083140 1319.4
1083150 1321.9
1083160 1321.9
1083170 1323.5
1083180 1324.4
1083190 1324.4
1083200 1325.0
1083210 1325.7
1083220 1325.7
1083230 1326.3
1083240 1325.6
1083250 1325.6
1083260 1324.5
1083270 1324.3
1083280 1324.3
1083290 1324.4
1083300 1324.0
1083310 1319.1
1083320 1319.1
1083330 1319.2
1083340 1318.7
1083350 1318.7
1083360 1317.5
1083370 1315.7
1083380 1315.7
1083390 1315.3
1083400 1316.4
1083410 1316.4
1083420 1318.1
1083430 1320.9
1083440 1320.9
1083450 1322.9
1083460 1323.6
1083470 1323.6
1083480 1324.9
1083490 1327.2
1083500 1327.2
1083510 1330.1
1083520 1333.3
1083530 1333.3
1083540 1336.5
1083550 1339.4
1083560 1339.4
1083570 1343.7
1083580 1347.1
1083590 1350.0
1083600 1350.0
1083610 1352.6
1083620 1355.4
1083630 1358.5
1083640 1361.7
1083650 1364.8
1083660 1364.8
1083670 1368.1
1083680 1371.4
1083690 1371.4
1083700 1374.4
1083710 1377.0
1083720 1377.0
1083730 1378.9
1083740 1380.1
1083750 1380.1
1083760 1381.1
1083770 1382.1
1083780 1382.1
1083790 1382.8
1083800 1383.1
1083810 1383.1
1083820 1383.2
1083830 1382.8
1083840 1382.8
1083850 1382.1
1083860 1381.0
1083870 1381.0
1083880 1379.8
1083890 1378.8
1083900 1378.2
1083910 1378.2
1083920 1378.1
1083930 1378.0
1083940 1376.1
1083950 1375.8
1083960 1374.9
1083970 1374.9
1083980 1373.3
1083990 1370.6
1084000 1370.6
1084010 1363.4
1084020 1354.8
1084030 1354.8
1084040 1347.9
1084050 1341.9
1084060 1341.9
1084070 1334.6
1084080 1329.0
1084090 1329.0
1084100 1324.8
1084110 1317.8
1084120 1317.8
1084130 1302.5
1084140 1285.3
1084150 1285.3
1084160 1276.9
1084170 1269.6
1084180 1269.6
1084190 1263.0
1084200 1256.0
1084210 1249.8
1084220 1249.8
1084230 1242.5
1084240 1233.8
1084250 1233.8
1084260 1224.3
1084270 1215.8
1084280 1215.8
1084290 1208.0
1084300 1202.0
1084310 1202.0
1084320 1197.6
1084330 1193.2
1084340 1193.2
1084350 1188.1
1084360 1180.8
1084370 1180.8
1084380 1174.6
1084390 1170.5
1084400 1170.5
1084410 1168.1
1084420 1163.0
1084430 1163.0
1084440 1158.4
1084450 1155.6
1084460 1155.6
1084470 1153.6
1084480 1159.6
1084490 1170.4
1084500 1170.4
1084510 1175.1
1084520 1168.9
1084530 1168.9
1084540 1164.2
1084550 1161.9
1084560 1161.9
1084570 1162.2
1084580 1159.5
1084590 1159.5
1084600 1160.0
1084610 1159.8
1084620 1159.8
1084630 1159.3
1084640 1158.3
1084650 1158.3
1084660 1157.1
1084670 1157.2
1084680 1157.2
1084690 1157.7
1084700 1159.5
1084710 1159.5
1084720 1160.4
1084730 1161.0
1084740 1161.0
1084750 1160.8
1084760 1165.1
1084770 1165.1
1084780 1168.9
1084790 1171.8
1084800 1174.9
1084810 1174.9
1084820 1178.3
1084830 1181.4
1084840 1181.4
1084850 1184.2
1084860 1186.8
1084870 1186.8
1084880 1188.9
1084890 1190.2
1084900 1182.4
1084910 1183.5
1084920 1183.9
1084930 1183.9
1084940 1183.9
1084950 1183.7
1084960 1183.7
1084970 1182.5
1084980 1178.5
1084990 1178.5
1085000 1175.0
1085010 1174.0
1085020 1174.0
1085030 1174.0
1085040 1174.5
1085050 1174.5
1085060 1176.1
1085070 1175.9
1085080 1175.9
1085090 1175.1
1085100 1174.8
1085110 1175.9
1085120 1175.9
1085130 1178.4
1085140 1184.0
1085150 1184.0
1085160 1191.5
1085170 1200.5
1085180 1200.5
1085190 1207.4
1085200 1211.2
1085210 1211.2
1085220 1188.2
1085230 1176.4
1085240 1176.4
1085250 1158.4
1085260 1151.9
1085270 1151.9
1085280 1149.2
1085290 1145.4
1085300 1145.4
1085310 1144.2
1085320 1140.1
1085330 1140.1
1085340 1136.5
1085350 1131.7
1085360 1131.7
1085370 1124.7
1085380 1122.7
1085390 1126.5
1085400 1126.5
1085410 1131.2
1085420 1129.4
1085430 1129.4
1085440 1122.8
1085450 1122.2
1085460 1122.2
1085470 1099.7
1085480 1084.4
1085490 1084.4
1085500 1077.5
1085510 1082.3
1085520 1082.3
1085530 1096.1
1085540 1096.0
1085550 1096.0
1085560 1101.2
1085570 1105.4
1085580 1105.4
1085590 1109.4
1085600 1111.4
1085610 1111.4
1085620 1114.4
1085630 1118.1
1085640 1118.1
1085650 1120.7
1085660 1122.7
1085670 1122.7
1085680 1118.5
1085690 1109.9
1085700 1104.1
1085710 1104.1
1085720 1101.2
1085730 1099.7
1085740 1099.7
1085750 1097.4
1085760 1096.6
1085770 1096.6
1085780 1095.3
1085790 1094.3
1085800 1094.3
1085810 1093.1
1085820 1090.6
1085830 1090.6
1085840 1088.2
1085850 1085.9
1085860 1080.2
1085870 1077.6
1085880 1075.9
1085890 1075.9
1085900 1073.7
1085910 1071.9
1085920 1071.9
1085930 1071.7
1085940 1071.8
1085950 1071.8
1085960 1071.3
1085970 1070.2
1085980 1070.2
1085990 1069.3
1086000 1068.0
1086010 1066.0
1086020 1066.0
1086030 1059.1
1086040 1052.5
1086050 1052.5
1086060 1048.2
1086070 1043.9
1086080 1043.9
1086090 1041.6
1086100 1040.4
1086110 1040.4
1086120 1039.8
1086130 1038.4
1086140 1038.4
1086150 1037.9
1086160 1037.5
1086170 1037.5
1086180 1032.0
1086190 1029.9
1086200 1029.9
1086210 1028.2
1086220 1025.8
1086230 1025.8
1086240 1023.2
1086250 1021.3
1086260 1021.3
1086270 1018.4
1086280 1016.2
1086290 1014.1
1086300 1014.1
1086310 1013.9
1086320 1015.7
1086330 1015.7
1086340 1017.5
1086350 1017.7
1086360 1017.7
1086370 1016.6
1086380 1014.0
1086390 1014.0
1086400 1010.5
1086410 1004.0
1086420 1004.0
1086430 997.1
1086440 992.6
1086450 992.6
1086460 989.2
1086470 986.2
1086480 986.2
1086490 983.4
1086500 973.0
1086510 973.0
1086520 968.1
1086530 964.1
1086540 964.1
1086550 959.1
1086560 955.6
1086570 955.6
1086580 951.6
1086590 947.8
1086600 945.4
1086610 945.4
1086620 939.1
1086630 935.2
1086640 935.2
1086650 930.9
1086660 926.1
1086670 926.1
1086680 923.4
1086690 920.6
1086700 920.6
1086710 915.8
1086720 913.1
1086730 913.1
1086740 911.6
1086750 910.4
1086760 910.4
1086770 909.1
1086780 908.1
1086790 908.1
1086800 907.3
1086810 906.0
1086820 899.0
1086830 894.8
1086840 891.0
1086850 891.0
1086860 887.6
1086870 885.6
1086880 885.6
1086890 884.1
1086900 882.2
1086910 881.8
1086920 881.8
1086930 882.1
1086940 882.3
1086950 882.3
1086960 882.5
1086970 883.5
1086980 883.5
1086990 882.6
1087000 878.1
1087010 878.1
1087020 862.9
1087030 867.9
1087040 867.9
1087050 880.3
1087060 886.3
1087070 886.3
1087080 893.5
1087090 891.8
1087100 891.8
1087110 885.7
1087120 881.0
1087130 881.0
1087140 864.4
1087150 857.5
1087160 857.5
1087170 850.7
1087180 848.3
1087190 848.2
1087200 848.2
1087210 847.3
1087220 849.0
1087230 849.0
1087240 852.5
1087250 855.9
1087260 855.9
1087270 869.3
1087280 881.1
1087290 881.1
1087300 886.0
1087310 884.7
1087320 884.7
1087330 885.3
1087340 891.9
1087350 891.9
1087360 894.5
1087370 897.4
1087380 897.4
1087390 901.0
1087400 904.0
1087410 904.0
1087420 907.0
1087430 909.5
1087440 909.5
1087450 910.5
1087460 915.4
1087470 915.4
1087480 918.1
1087490 921.1
1087500 924.9
1087510 924.9
1087520 928.6
1087530 932.3
1087540 932.3
1087550 934.9
1087560 937.4
1087570 937.4
1087580 940.0
1087590 942.5
1087600 942.5
1087610 944.8
1087620 946.8
1087630 946.8
1087640 948.7
1087650 950.7
1087660 950.7
1087670 953.0
1087680 955.7
1087690 955.7
1087700 958.3
1087710 961.3
1087720 961.3
1087730 964.4
1087740 966.8
1087750 966.8
1087760 966.5
1087770 963.3
1087780 965.8
1087790 962.8
1087800 958.9
1087810 955.5
1087820 955.5
1087830 952.3
1087840 947.7
1087850 947.7
1087860 942.9
1087870 939.0
1087880 939.0
1087890 935.4
1087900 932.3
1087910 932.3
1087920 931.3
1087930 930.3
1087940 930.3
1087950 927.7
1087960 924.8
1087970 924.8
1087980 927.5
1087990 933.3
1088000 933.3
1088010 939.7
1088020 947.1
1088030 947.1
1088040 956.8
1088050 970.1
1088060 970.1
1088070 978.7
1088080 987.9
1088090 994.3
1088100 993.1
1088110 998.6
1088120 1004.2
1088130 1004.2
1088140 1009.1
1088150 1012.4
1088160 1012.4
1088170 1015.8
1088180 1018.7
1088190 1018.7
1088200 1020.9
1088210 1023.1
1088220 1023.1
1088230 1026.9
1088240 1031.4
1088250 1031.4
1088260 1035.1
1088270 1038.2
1088280 1038.2
1088290 1042.8
1088300 1047.3
1088310 1047.3
1088320 1051.2
1088330 1054.3
1088340 1054.3
1088350 1057.5
1088360 1059.8
1088370 1059.8
1088380 1060.4
1088390 1061.3
1088400 1062.8
1088410 1062.8
1088420 1064.1
1088430 1069.4
1088440 1069.4
1088450 1071.7
1088460 1074.5
1088470 1074.5
1088480 1076.8
1088490 1079.4
1088500 1079.4
1088510 1081.6
1088520 1083.4
1088530 1083.4
1088540 1084.8
1088550 1085.7
1088560 1085.7
1088570 1087.4
1088580 1089.9
1088590 1089.9
1088600 1092.5
1088610 1095.5
1088620 1095.5
1088630 1098.0
1088640 1099.1
1088650 1099.1
1088660 1099.2
1088670 1099.0
1088680 1099.0
1088690 1098.8
1088700 1098.4
1088710 1098.1
1088720 1098.1
1088730 1097.7
1088740 1096.6
1088750 1093.2
1088760 1089.1
1088770 1085.0
1088780 1085.0
1088790 1082.3
1088800 1080.1
1088810 1080.1
1088820 1075.7
1088830 1070.0
1088840 1070.0
1088850 1065.9
1088860 1062.5
1088870 1062.5
1088880 1059.7
1088890 1056.6
1088900 1056.6
1088910 1053.7
1088920 1050.1
1088930 1050.1
1088940 1045.8
1088950 1043.4
1088960 1043.4
1088970 1040.7
1088980 1038.2
1088990 1038.2
1089000 1035.2
1089010 1032.7
1089020 1028.1
1089030 1028.1
1089040 1022.5
1089050 1018.8
1089060 1018.8
1089070 1026.5
1089080 1032.2
1089090 1032.2
1089100 1033.1
1089110 1032.8
1089120 1032.8
1089130 1033.7
1089140 1034.2
1089150 1034.2
1089160 1034.7
1089170 1033.6
1089180 1033.6
1089190 1031.8
1089200 1040.0
1089210 1040.0
1089220 1050.5
1089230 1057.7
1089240 1057.7
1089250 1061.0
1089260 1060.2
1089270 1060.2
1089280 1058.8
1089290 1056.2
1089300 1054.1
1089310 1054.1
1089320 1058.7
1089330 1067.4
1089340 1067.4
1089350 1074.6
1089360 1078.7
1089370 1078.7
1089380 1078.7
1089390 1085.1
1089400 1085.1
1089410 1089.4
1089420 1095.6
1089430 1095.6
1089440 1092.3
1089450 1088.8
1089460 1088.8
1089470 1088.7
1089480 1088.2
1089490 1088.2
1089500 1085.9
1089510 1079.8
1089520 1079.8
1089530 1074.9
1089540 1084.1
1089550 1084.1
1089560 1091.4
1089570 1096.9
1089580 1096.9
1089590 1100.5
1089600 1102.6
1089610 1104.0
1089620 1104.0
1089630 1105.6
1089640 1107.6
1089650 1107.6
1089660 1109.9
1089670 1111.1
1089680 1111.1
1089690 1111.4
1089700 1112.1
1089710 1112.1
1089720 1116.6
1089730 1117.2
1089740 1117.2
1089750 1120.3
1089760 1125.5
1089770 1125.5
1089780 1129.8
1089790 1134.9
1089800 1134.9
1089810 1136.3
1089820 1133.5
1089830 1133.5
1089840 1129.4
1089850 1128.1
1089860 1128.1
1089870 1136.8
1089880 1146.8
1089890 1146.8
1089900 1155.7
1089910 1161.1
1089920 1165.5
1089930 1165.5
1089940 1171.4
1089950 1178.0
1089960 1178.0
1089970 1183.5
1089980 1189.1
1089990 1189.1
1090000 1194.3
1090010 1199.7
1090020 1199.7
1090030 1205.4
1090040 1212.3
1090050 1212.3
1090060 1217.4
1090070 1222.5
1090080 1222.5
1090090 1227.8
1090100 1233.1
1090110 1233.1
1090120 1238.2
1090130 1242.7
1090140 1242.7
1090150 1245.3
1090160 1245.0
1090170 1245.0
1090180 1244.2
1090190 1244.5
1090200 1244.3
1090210 1244.3
1090220 1245.9
1090230 1248.4
1090240 1248.4
1090250 1250.2
1090260 1252.0
1090270 1252.0
1090280 1253.2
1090290 1255.8
1090300 1255.8
1090310 1258.4
1090320 1261.8
1090330 1261.8
1090340 1264.5
1090350 1268.4
1090360 1273.8
1090370 1276.7
1090380 1279.0
1090390 1279.0
1090400 1280.0
1090410 1282.0
1090420 1282.0
1090430 1287.7
1090440 1291.1
1090450 1291.1
1090460 1295.5
1090470 1299.3
1090480 1299.3
1090490 1304.5
1090500 1309.1
1090510 1313.7
1090520 1313.7
1090530 1318.2
1090540 1322.2
1090550 1322.2
1090560 1326.4
1090570 1330.5
1090580 1330.5
1090590 1335.5
1090600 1339.6
1090610 1339.6
1090620 1342.9
1090630 1345.7
1090640 1345.7
1090650 1345.9
1090660 1340.1
1090670 1340.1
1090680 1332.9
1090690 1331.0
1090700 1331.0
1090710 1324.3
1090720 1317.3
1090730 1317.3
1090740 1311.4
1090750 1306.2
1090760 1306.2
1090770 1301.7
1090780 1298.2
1090790 1298.2
1090800 1293.7
1090810 1291.6
1090820 1289.2
1090830 1289.2
1090840 1286.3
1090850 1283.0
1090860 1283.0
1090870 1280.7
1090880 1278.8
1090890 1278.8
1090900 1275.9
1090910 1273.9
1090920 1273.9
1090930 1271.3
1090940 1267.3
1090950 1267.3
1090960 1261.0
1090970 1253.3
1090980 1253.3
1090990 1255.7
1091000 1249.6
1091010 1255.8
1091020 1246.3
1091030 1253.5
1091040 1253.5
1091050 1261.5
1091060 1261.0
1091070 1261.0
1091080 1255.1
1091090 1257.9
1091100 1256.3
1091110 1256.3
1091120 1247.7
1091130 1245.5
1091140 1245.5
1091150 1236.6
1091160 1225.6
1091170 1225.6
1091180 1223.4
1091190 1232.3
1091200 1232.3
1091210 1243.8
1091220 1256.5
1091230 1256.5
1091240 1268.2
1091250 1273.7
1091260 1273.7
1091270 1279.5
1091280 1284.4
1091290 1284.4
1091300 1288.4
1091310 1293.1
1091320 1293.1
1091330 1300.2
1091340 1304.0
1091350 1304.0
1091360 1308.9
1091370 1314.0
1091380 1314.0
1091390 1319.2
1091400 1325.3
1091410 1331.1
1091420 1331.1
1091430 1336.3
1091440 1340.8
1091450 1340.8
1091460 1345.1
1091470 1348.4
1091480 1348.4
1091490 1351.2
1091500 1353.1
1091510 1353.1
1091520 1355.4
1091530 1357.4
1091540 1357.4
1091550 1359.1
1091560 1360.6
1091570 1360.6
1091580 1362.1
1091590 1363.1
1091600 1363.1
1091610 1364.8
1091620 1365.7
1091630 1365.7
1091640 1366.0
1091650 1370.1
1091660 1376.1
1091670 1376.3
1091680 1370.2
1091690 1370.2
1091700 1370.2
1091710 1370.5
1091720 1372.7
1091730 1372.7
1091740 1375.5
1091750 1378.9
1091760 1378.9
1091770 1381.3
1091780 1385.5
1091790 1385.5
1091800 1391.0
1091810 1397.5
1091820 1397.5
1091830 1406.9
1091840 1415.3
1091850 1415.3
1091860 1422.3
1091870 1428.7
1091880 1428.7
1091890 1435.5
1091900 1443.6
1091910 1443.6
1091920 1456.1
1091930 1467.5
1091940 1467.5
1091950 1475.8
1091960 1484.6
1091970 1484.6
1091980 1491.2
1091990 1497.6
1092000 1504.4
1092010 1504.4
1092020 1511.6
1092030 1517.9
1092040 1517.9
1092050 1524.3
1092060 1531.2
1092070 1531.2
1092080 1537.9
1092090 1545.4
1092100 1545.4
1092110 1552.9
1092120 1560.2
1092130 1560.2
1092140 1567.5
1092150 1574.7
1092160 1574.7
1092170 1581.8
1092180 1588.9
1092190 1588.9
1092200 1595.4
1092210 1602.4
1092220 1602.4
1092230 1608.7
1092240 1614.6
1092250 1614.6
1092260 1620.6
1092270 1626.9
1092280 1626.9
1092290 1633.0
1092300 1640.6
1092310 1647.6
1092320 1647.6
1092330 1654.8
1092340 1662.1
1092350 1662.1
1092360 1669.1
1092370 1676.1
1092380 1676.1
1092390 1682.8
1092400 1689.7
1092410 1689.7
1092420 1696.0
1092430 1702.0
1092440 1702.0
1092450 1707.5
1092460 1712.7
1092470 1712.7
1092480 1718.0
1092490 1722.8
1092500 1722.8
1092510 1726.9
1092520 1731.3
1092530 1731.3
1092540 1735.8
1092550 1738.9
1092560 1738.9
1092570 1738.3
1092580 1734.2
1092590 1734.2
1092600 1731.0
1092610 1726.2
1092620 1717.7
1092630 1727.0
1092640 1718.5
1092650 1712.1
1092660 1712.1
1092670 1707.4
1092680 1703.9
1092690 1703.9
1092700 1700.9
1092710 1699.0
1092720 1699.0
1092730 1696.1
1092740 1692.3
1092750 1692.3
1092760 1687.2
1092770 1678.8
1092780 1678.8
1092790 1667.1
1092800 1656.1
1092810 1656.1
1092820 1647.9
1092830 1647.8
1092840 1647.8
1092850 1657.1
1092860 1660.7
1092870 1660.7
1092880 1664.2
1092890 1664.8
1092900 1662.1
1092910 1662.1
1092920 1657.4
1092930 1646.5
1092940 1646.5
1092950 1641.4
1092960 1657.7
1092970 1657.7
1092980 1655.5
1092990 1657.4
1093000 1657.4
1093010 1653.6
1093020 1655.5
1093030 1655.5
1093040 1663.4
1093050 1665.1
1093060 1665.1
1093070 1660.3
1093080 1657.9
1093090 1657.9
1093100 1668.7
1093110 1675.0
1093120 1675.0
1093130 1672.8
1093140 1671.3
1093150 1671.3
1093160 1678.5
1093170 1682.4
1093180 1682.4
1093190 1690.1
1093200 1693.3
1093210 1691.1
1093220 1691.1
1093230 1688.2
1093240 1697.2
1093250 1697.2
1093260 1702.0
1093270 1701.5
1093280 1710.9
1093290 1711.9
1093300 1717.1
1093310 1717.1
1093320 1719.6
1093330 1720.3
1093340 1720.3
1093350 1724.3
1093360 1726.4
1093370 1726.4
1093380 1723.1
1093390 1725.5
1093400 1725.5
1093410 1727.3
1093420 1727.0
1093430 1727.0
1093440 1731.6
1093450 1741.4
1093460 1741.4
1093470 1751.4
1093480 1762.8
1093490 1762.8
1093500 1768.1
1093510 1768.2
1093520 1764.7
1093530 1764.7
1093540 1760.4
1093550 1757.0
1093560 1757.0
1093570 1754.7
1093580 1751.5
1093590 1751.5
1093600 1747.9
1093610 1738.3
1093620 1738.3
1093630 1734.5
1093640 1730.5
1093650 1730.5
1093660 1725.4
1093670 1719.3
1093680 1719.3
1093690 1714.4
1093700 1706.2
1093710 1706.2
1093720 1695.5
1093730 1687.7
1093740 1687.7
1093750 1681.8
1093760 1675.0
1093770 1675.0
1093780 1669.2
1093790 1664.8
1093800 1660.8
1093810 1660.8
1093820 1658.1
1093830 1654.2
1093840 1654.2
1093850 1649.6
1093860 1646.4
1093870 1646.4
1093880 1642.6
1093890 1639.6
1093900 1639.6
1093910 1637.9
1093920 1634.5
1093930 1634.5
1093940 1624.5
1093950 1618.0
1093960 1618.0
1093970 1611.4
1093980 1606.2
1093990 1606.2
1094000 1599.5
1094010 1595.2
1094020 1595.2
1094030 1590.7
1094040 1586.5
1094050 1586.5
1094060 1582.7
1094070 1577.6
1094080 1577.6
1094090 1572.4
1094100 1568.9
1094110 1566.1
1094120 1566.1
1094130 1562.0
1094140 1559.6
1094150 1559.6
1094160 1558.7
1094170 1559.0
1094180 1559.0
1094190 1559.5
1094200 1559.9
1094210 1559.9
1094220 1561.0
1094230 1562.7
1094240 1562.7
1094250 1564.8
1094260 1563.3
1094270 1563.3
1094280 1565.0
1094290 1565.2
1094300 1565.2
1094310 1565.7
1094320 1567.1
1094330 1567.1
1094340 1568.3
1094350 1570.3
1094360 1570.3
1094370 1572.1
1094380 1573.1
1094390 1573.1
1094400 1574.5
1094410 1576.2
1094420 1577.8
1094430 1577.8
1094440 1578.9
1094450 1579.7
1094460 1579.7
1094470 1580.3
1094480 1581.5
1094490 1581.5
1094500 1582.9
1094510 1583.9
1094520 1583.9
1094530 1584.7
1094540 1585.3
1094550 1585.3
1094560 1586.4
1094570 1587.8
1094580 1587.8
1094590 1586.3
1094600 1588.7
1094610 1588.7
1094620 1594.8
1094630 1600.7
1094640 1600.7
1094650 1605.4
1094660 1609.7
1094670 1609.7
1094680 1612.9
1094690 1615.0
1094700 1617.0
1094710 1617.0
1094720 1620.0
1094730 1622.5
1094740 1622.5
1094750 1626.8
1094760 1629.1
1094770 1629.1
1094780 1630.8
1094790 1632.0
1094800 1632.0
1094810 1633.1
1094820 1634.2
1094830 1634.2
1094840 1635.1
1094850 1635.6
1094860 1635.6
1094870 1636.2
1094880 1636.2
1094890 1636.2
1094900 1635.1
1094910 1628.9
1094920 1630.7
1094930 1623.0
1094940 1616.7
1094950 1616.7
1094960 1614.3
1094970 1611.3
1094980 1611.3
1094990 1607.9
1095000 1601.4
1095010 1594.7
1095020 1594.7
1095030 1592.8
1095040 1588.9
1095050 1588.9
1095060 1581.6
1095070 1578.9
1095080 1578.9
1095090 1574.9
1095100 1570.0
1095110 1570.0
1095120 1564.5
1095130 1559.5
1095140 1559.5
1095150 1554.3
1095160 1549.5
1095170 1549.5
1095180 1544.9
1095190 1539.8
1095200 1539.8
1095210 1533.9
1095220 1528.7
1095230 1528.7
1095240 1532.4
1095250 1528.2
1095260 1528.2
1095270 1522.9
1095280 1517.9
1095290 1517.9
1095300 1513.6
1095310 1508.3
1095320 1503.4
1095330 1503.4
1095340 1499.0
1095350 1495.2
1095360 1495.2
1095370 1491.6
1095380 1487.8
1095390 1487.8
1095400 1484.5
1095410 1480.4
1095420 1480.4
1095430 1475.3
1095440 1469.8
1095450 1469.8
1095460 1465.1
1095470 1460.8
1095480 1460.8
1095490 1456.5
1095500 1452.1
1095510 1452.1
1095520 1447.9
1095530 1443.9
1095540 1443.9
1095550 1440.0
1095560 1435.3
1095570 1437.9
1095580 1433.3
1095590 1428.8
1095600 1423.9
1095610 1423.9
1095620 1418.5
1095630 1413.8
1095640 1413.8
1095650 1408.0
1095660 1401.0
1095670 1401.0
1095680 1394.5
1095690 1388.6
1095700 1388.6
1095710 1383.9
1095720 1380.1
1095730 1380.1
1095740 1375.5
1095750 1370.9
1095760 1370.9
1095770 1368.9
1095780 1363.0
1095790 1363.0
1095800 1352.4
1095810 1340.8
1095820 1340.8
1095830 1332.0
1095840 1327.8
1095850 1327.8
1095860 1323.7
1095870 1317.9
1095880 1317.9
1095890 1314.5
1095900 1325.1
1095910 1321.6
1095920 1321.6
1095930 1310.5
1095940 1306.4
1095950 1306.4
1095960 1307.0
1095970 1295.6
1095980 1295.6
1095990 1280.8
1096000 1268.6
1096010 1268.6
1096020 1262.5
1096030 1257.5
1096040 1257.5
1096050 1250.5
1096060 1247.4
1096070 1247.4
1096080 1245.5
1096090 1247.8
1096100 1247.8
1096110 1252.3
1096120 1253.6
1096130 1253.6
1096140 1252.7
1096150 1252.5
1096160 1252.5
1096170 1253.1
1096180 1251.5
1096190 1251.8
1096200 1251.8
1096210 1251.6
1096220 1249.2
1096230 1243.7
1096240 1240.8
1096250 1238.9
1096260 1238.9
1096270 1238.1
1096280 1237.3
1096290 1237.3
1096300 1239.6
1096310 1242.9
1096320 1242.9
1096330 1243.0
1096340 1243.7
1096350 1243.7
1096360 1247.1
1096370 1250.1
1096380 1250.1
1096390 1253.4
1096400 1253.9
1096410 1253.9
1096420 1255.2
1096430 1257.4
1096440 1257.4
1096450 1256.2
1096460 1257.2
1096470 1257.2
1096480 1257.9
1096490 1256.8
1096500 1258.9
1096510 1258.9
1096520 1259.5
1096530 1260.8
1096540 1260.8
1096550 1262.0
1096560 1257.0
1096570 1257.0
1096580 1257.5
1096590 1258.8
1096600 1258.8
1096610 1259.0
1096620 1257.3
1096630 1257.3
1096640 1254.2
1096650 1248.5
1096660 1248.5
1096670 1238.8
1096680 1230.0
1096690 1230.0
1096700 1222.3
1096710 1214.8
1096720 1214.8
1096730 1206.7
1096740 1181.8
1096750 1181.8
1096760 1161.9
1096770 1156.7
1096780 1156.7
1096790 1147.6
1096800 1126.8
1096810 1113.4
1096820 1113.4
1096830 1111.2
1096840 1108.8
1096850 1108.8
1096860 1105.8
1096870 1101.7
1096880 1101.7
1096890 1092.4
1096900 1090.5
1096910 1090.5
1096920 1084.8
1096930 1077.9
1096940 1077.9
1096950 1080.2
1096960 1082.4
1096970 1082.4
1096980 1083.0
1096990 1082.3
1097000 1082.3
1097010 1082.0
1097020 1087.2
1097030 1087.2
1097040 1092.3
1097050 1095.7
1097060 1095.7
1097070 1100.4
1097080 1106.3
1097090 1110.4
1097100 1110.4
1097110 1112.7
1097120 1114.0
1097130 1114.0
1097140 1112.7
1097150 1109.0
1097160 1109.0
1097170 1104.3
1097180 1102.3
1097190 1102.3
1097200 1102.3
1097210 1101.6
1097220 1094.2
1097230 1094.0
1097240 1093.6
1097250 1093.6
1097260 1092.6
1097270 1091.7
1097280 1091.7
1097290 1091.5
1097300 1091.3
1097310 1091.3
1097320 1090.2
1097330 1089.7
1097340 1089.7
1097350 1088.3
1097360 1088.0
1097370 1088.0
1097380 1089.1
1097390 1090.2
1097400 1089.5
1097410 1089.5
1097420 1087.7
1097430 1085.0
1097440 1085.0
1097450 1081.1
1097460 1077.3
1097470 1077.3
1097480 1072.1
1097490 1069.4
1097500 1069.4
1097510 1068.8
1097520 1069.3
1097530 1069.3
1097540 1065.2
1097550 1066.4
1097560 1066.4
1097570 1068.7
1097580 1068.9
1097590 1068.9
1097600 1068.6
1097610 1068.6
1097620 1068.6
1097630 1068.4
1097640 1068.1
1097650 1068.1
1097660 1068.3
1097670 1068.2
1097680 1068.2
1097690 1068.6
1097700 1068.8
1097710 1069.1
1097720 1069.1
1097730 1071.6
1097740 1072.8
1097750 1072.8
1097760 1073.3
1097770 1074.8
1097780 1074.8
1097790 1075.9
1097800 1076.0
1097810 1076.0
1097820 1077.5
1097830 1081.0
1097840 1081.0
1097850 1086.4
1097860 1088.4
1097870 1083.6
1097880 1082.8
1097890 1078.6
1097900 1078.6
1097910 1070.2
1097920 1065.6
1097930 1065.6
1097940 1065.4
1097950 1062.9
1097960 1062.9
1097970 1061.8
1097980 1063.4
1097990 1065.3
1098000 1065.3
1098010 1073.0
1098020 1075.4
1098030 1075.4
1098040 1075.4
1098050 1076.2
1098060 1076.2
1098070 1077.2
1098080 1077.2
1098090 1077.2
1098100 1077.2
1098110 1077.1
1098120 1077.1
1098130 1077.1
1098140 1077.3
1098150 1077.3
1098160 1075.8
1098170 1075.2
1098180 1075.2
1098190 1074.7
1098200 1069.8
1098210 1069.8
1098220 1069.2
1098230 1068.9
1098240 1068.9
1098250 1068.8
1098260 1071.2
1098270 1071.2
1098280 1072.1
1098290 1069.8
1098300 1067.9
1098310 1067.9
1098320 1069.2
1098330 1071.0
1098340 1071.0
1098350 1071.2
1098360 1071.3
1098370 1071.3
1098380 1072.0
1098390 1072.2
1098400 1072.2
1098410 1072.6
1098420 1072.8
1098430 1072.8
1098440 1072.1
1098450 1073.0
1098460 1073.0
1098470 1074.0
1098480 1074.0
1098490 1074.0
1098500 1072.7
1098510 1072.5
1098520 1072.5
1098530 1070.7
1098540 1070.8
1098550 1070.8
1098560 1070.7
1098570 1070.5
1098580 1070.5
1098590 1069.9
1098600 1069.3
1098610 1069.1
1098620 1069.1
1098630 1069.6
1098640 1071.4
1098650 1071.4
1098660 1072.6
1098670 1071.4
1098680 1071.4
1098690 1069.7
1098700 1068.0
1098710 1068.0
1098720 1065.6
1098730 1063.1
1098740 1063.1
1098750 1060.0
1098760 1056.6
1098770 1056.6
1098780 1049.9
1098790 1043.4
1098800 1043.4
1098810 1038.1
1098820 1031.3
1098830 1031.3
1098840 1022.8
1098850 1014.5
1098860 1012.9
1098870 1004.4
1098880 996.0
1098890 987.7
1098900 987.7
1098910 980.3
1098920 973.1
1098930 973.1
1098940 965.9
1098950 959.4
1098960 959.4
1098970 953.1
1098980 947.5
1098990 947.5
1099000 941.9
1099010 929.6
1099020 929.6
1099030 911.8
1099040 902.1
1099050 902.1
1099060 894.2
1099070 886.7
1099080 886.7
1099090 879.8
1099100 872.9
1099110 872.9
1099120 866.4
1099130 860.8
1099140 860.8
1099150 855.3
1099160 850.3
1099170 850.3
1099180 845.4
1099190 841.0
1099200 837.0
1099210 837.0
1099220 831.9
1099230 827.1
1099240 827.1
1099250 822.2
1099260 817.1
1099270 817.1
1099280 811.3
1099290 806.3
1099300 806.3
1099310 804.2
1099320 800.5
1099330 800.5
1099340 796.6
1099350 794.0
1099360 794.0
1099370 792.6
1099380 791.1
1099390 791.1
1099400 786.8
1099410 781.4
1099420 781.4
1099430 776.3
1099440 765.2
1099450 765.2
1099460 756.6
1099470 749.4
1099480 749.4
1099490 742.3
1099500 735.0
1099510 727.5
1099520 727.5
1099530 718.8
1099540 711.8
1099550 711.8
1099560 705.7
1099570 699.6
1099580 699.6
1099590 695.1
1099600 693.3
1099610 693.3
1099620 692.2
1099630 691.5
1099640 691.5
1099650 690.8
1099660 690.1
1099670 690.1
1099680 689.4
1099690 688.9
1099700 688.9
1099710 688.7
1099720 688.6
1099730 688.6
1099740 688.4
1099750 688.0
1099760 688.0
1099770 687.9
1099780 687.7
1099790 687.5
1099800 687.5
1099810 687.1
1099820 686.5
1099830 686.5
1099840 686.0
1099850 686.1
1099860 686.2
1099870 685.9
1099880 686.2
1099890 686.2
1099900 686.5
1099910 686.4
1099920 686.4
1099930 685.9
1099940 685.2
1099950 685.2
1099960 684.5
1099970 684.0
1099980 684.0
1099990 683.7
