1080000 611.7
1080010 611.7
1080020 610.6
1080030 612.6
1080040 612.6
1080050 616.2
1080060 620.9
1080070 620.9
1080080 625.1
1080090 629.2
1080100 629.2
1080110 634.1
1080120 638.8
1080130 638.8
1080140 643.1
1080150 648.3
1080160 653.5
1080170 653.5
1080180 657.4
1080190 660.9
1080200 660.9
1080210 665.0
1080220 669.6
1080230 669.6
1080240 675.9
1080250 681.0
1080260 681.0
1080270 686.1
1080280 691.8
1080290 691.8
1080300 696.8
1080310 702.7
1080320 702.7
1080330 708.9
1080340 711.9
1080350 711.9
1080360 711.9
1080370 712.6
1080380 712.6
1080390 714.4
1080400 715.2
1080410 715.2
1080420 716.0
1080430 717.4
1080440 717.4
1080450 713.6
1080460 714.3
1080470 719.8
1080480 719.8
1080490 725.2
1080500 721.5
1080510 721.5
1080520 715.7
1080530 713.6
1080540 713.6
1080550 716.1
1080560 717.7
1080570 717.7
1080580 718.9
1080590 719.7
1080600 719.7
1080610 719.8
1080620 720.0
1080630 720.0
1080640 720.9
1080650 725.4
1080660 725.4
1080670 730.7
1080680 736.0
1080690 736.0
1080700 739.4
1080710 740.4
1080720 740.4
1080730 741.1
1080740 742.5
1080750 742.5
1080760 743.6
1080770 744.5
1080780 745.6
1080790 745.6
1080800 749.5
1080810 750.3
1080820 750.3
1080830 750.7
1080840 753.2
1080850 753.2
1080860 755.3
1080870 751.5
1080880 751.5
1080890 752.5
1080900 754.4
1080910 754.4
1080920 757.5
1080930 759.1
1080940 759.1
1080950 759.8
1080960 760.4
1080970 760.4
1080980 761.5
1080990 763.8
1081000 763.8
1081010 765.0
1081020 767.2
1081030 767.2
1081040 768.9
1081050 767.8
1081060 767.8
1081070 768.8
1081080 770.9
1081090 772.6
1081100 772.6
1081110 772.6
1081120 774.8
1081130 774.8
1081140 780.1
1081150 783.2
1081160 783.2
1081170 786.8
1081180 789.3
1081190 781.1
1081200 784.2
1081210 787.7
1081220 787.7
1081230 786.6
1081240 782.9
1081250 782.9
1081260 783.2
1081270 785.1
1081280 785.1
1081290 788.2
1081300 791.9
1081310 791.9
1081320 793.5
1081330 794.8
1081340 794.8
1081350 796.6
1081360 798.8
1081370 800.0
1081380 800.0
1081390 800.5
1081400 802.9
1081410 802.9
1081420 806.1
1081430 807.1
1081440 807.1
1081450 810.3
1081460 817.1
1081470 817.1
1081480 820.9
1081490 822.5
1081500 822.5
1081510 818.0
1081520 821.6
1081530 821.6
1081540 824.1
1081550 827.8
1081560 827.8
1081570 829.7
1081580 832.4
1081590 832.4
1081600 834.7
1081610 836.8
1081620 836.8
1081630 838.9
1081640 841.3
1081650 841.3
1081660 843.3
1081670 845.2
1081680 847.3
1081690 847.3
1081700 849.7
1081710 853.2
1081720 853.2
1081730 856.3
1081740 860.4
1081750 860.4
1081760 864.5
1081770 868.4
1081780 868.4
1081790 871.6
1081800 874.4
1081810 874.4
1081820 874.9
1081830 879.0
1081840 879.0
1081850 882.8
1081860 889.4
1081870 889.4
1081880 894.5
1081890 899.3
1081900 899.3
1081910 903.5
1081920 907.8
1081930 907.8
1081940 908.7
1081950 913.1
1081960 913.1
1081970 918.4
1081980 921.3
1081990 922.5
1082000 922.5
1082010 926.1
1082020 931.2
1082030 931.2
1082040 939.1
1082050 948.1
1082060 948.1
1082070 955.4
1082080 960.6
1082090 960.6
1082100 965.7
1082110 970.9
1082120 970.9
1082130 975.9
1082140 981.1
1082150 981.1
1082160 986.2
1082170 991.4
1082180 991.4
1082190 998.0
1082200 1004.5
1082210 1004.5
1082220 1010.0
1082230 1012.7
1082240 1012.7
1082250 1016.4
1082260 1020.1
1082270 1020.1
1082280 1023.7
1082290 1026.7
1082300 1029.2
1082310 1029.2
1082320 1030.8
1082330 1033.2
1082340 1033.2
1082350 1035.6
1082360 1037.6
1082370 1037.6
1082380 1040.0
1082390 1041.8
1082400 1041.8
1082410 1043.8
1082420 1044.6
1082430 1044.6
1082440 1045.9
1082450 1048.3
1082460 1049.7
1082470 1051.7
1082480 1053.9
1082490 1053.9
1082500 1057.1
1082510 1060.7
1082520 1060.7
1082530 1064.7
1082540 1069.2
1082550 1069.2
1082560 1073.6
1082570 1076.7
1082580 1079.9
1082590 1079.9
1082600 1082.2
1082610 1084.9
1082620 1084.9
1082630 1088.5
1082640 1093.3
1082650 1093.3
1082660 1098.5
1082670 1102.5
1082680 1102.5
1082690 1106.7
1082700 1111.1
1082710 1111.1
1082720 1115.6
1082730 1120.1
1082740 1120.1
1082750 1126.0
1082760 1131.2
1082770 1137.8
1082780 1142.3
1082790 1145.9
1082800 1145.9
1082810 1148.7
1082820 1151.5
1082830 1151.5
1082840 1154.5
1082850 1158.0
1082860 1158.0
1082870 1161.8
1082880 1165.2
1082890 1168.4
1082900 1168.4
1082910 1170.5
1082920 1171.5
1082930 1171.5
1082940 1173.8
1082950 1177.1
1082960 1177.1
1082970 1180.9
1082980 1184.7
1082990 1184.7
1083000 1188.4
1083010 1192.2
1083020 1192.2
1083030 1196.4
1083040 1200.2
1083050 1200.2
1083060 1203.5
1083070 1206.5
1083080 1206.5
1083090 1211.0
1083100 1213.8
1083110 1213.8
1083120 1216.5
1083130 1219.1
1083140 1219.1
1083150 1221.6
1083160 1224.6
1083170 1224.6
1083180 1227.8
1083190 1231.5
1083200 1235.5
1083210 1235.5
1083220 1239.5
1083230 1243.3
1083240 1243.3
1083250 1247.0
1083260 1250.6
1083270 1250.6
1083280 1254.2
1083290 1257.5
1083300 1257.5
1083310 1261.1
1083320 1264.8
1083330 1264.8
1083340 1268.5
1083350 1272.0
1083360 1272.0
1083370 1275.8
1083380 1278.4
1083390 1278.4
1083400 1280.0
1083410 1282.6
1083420 1282.6
1083430 1284.1
1083440 1286.3
1083450 1286.3
1083460 1289.7
1083470 1293.7
1083480 1293.7
1083490 1296.8
1083500 1300.3
1083510 1303.1
1083520 1303.1
1083530 1307.2
1083540 1310.7
1083550 1310.7
1083560 1313.4
1083570 1316.2
1083580 1316.2
1083590 1319.3
1083600 1322.3
1083610 1322.3
1083620 1324.3
1083630 1326.2
1083640 1326.2
1083650 1327.8
1083660 1329.9
1083670 1329.9
1083680 1330.8
1083690 1332.2
1083700 1332.2
1083710 1332.9
1083720 1333.4
1083730 1337.7
1083740 1337.8
1083750 1338.3
1083760 1338.3
1083770 1339.4
1083780 1342.1
1083790 1345.8
1083800 1345.8
1083810 1349.5
1083820 1351.9
1083830 1351.9
1083840 1354.5
1083850 1357.4
1083860 1357.4
1083870 1359.8
1083880 1360.7
1083890 1360.7
1083900 1360.0
1083910 1358.7
1083920 1358.7
1083930 1358.0
1083940 1355.1
1083950 1355.1
1083960 1351.1
1083970 1347.9
1083980 1347.9
1083990 1345.3
1084000 1342.5
1084010 1342.5
1084020 1338.9
1084030 1334.9
1084040 1334.9
1084050 1336.7
1084060 1331.2
1084070 1331.2
1084080 1326.6
1084090 1322.6
1084100 1319.9
1084110 1319.9
1084120 1321.0
1084130 1322.3
1084140 1322.3
1084150 1322.5
1084160 1321.4
1084170 1321.4
1084180 1319.5
1084190 1318.1
1084200 1318.1
1084210 1316.4
1084220 1312.6
1084230 1312.6
1084240 1308.5
1084250 1304.9
1084260 1304.9
1084270 1302.2
1084280 1300.7
1084290 1300.7
1084300 1298.7
1084310 1296.2
1084320 1296.2
1084330 1293.9
1084340 1291.8
1084350 1291.8
1084360 1293.5
1084370 1293.1
1084380 1293.1
1084390 1294.4
1084400 1297.5
1084410 1300.1
1084420 1300.1
1084430 1300.4
1084440 1297.4
1084450 1297.4
1084460 1296.3
1084470 1297.2
1084480 1297.2
1084490 1297.7
1084500 1316.4
1084510 1316.4
1084520 1325.1
1084530 1335.6
1084540 1335.6
1084550 1332.6
1084560 1324.9
1084570 1324.9
1084580 1310.3
1084590 1314.5
1084600 1314.5
1084610 1317.2
1084620 1322.2
1084630 1322.2
1084640 1325.9
1084650 1335.0
1084660 1335.0
1084670 1334.0
1084680 1357.8
1084690 1357.8
1084700 1349.8
1084710 1347.5
1084720 1345.9
1084730 1345.9
1084740 1339.6
1084750 1336.3
1084760 1336.3
1084770 1336.0
1084780 1335.1
1084790 1335.1
1084800 1337.8
1084810 1336.8
1084820 1336.8
1084830 1335.4
1084840 1333.4
1084850 1333.4
1084860 1325.5
1084870 1319.9
1084880 1319.9
1084890 1316.3
1084900 1314.5
1084910 1314.5
1084920 1311.8
1084930 1309.7
1084940 1309.7
1084950 1307.4
1084960 1304.8
1084970 1304.8
1084980 1301.8
1084990 1298.2
1085000 1297.0
1085010 1297.0
1085020 1295.7
1085030 1294.4
1085040 1294.4
1085050 1292.1
1085060 1291.0
1085070 1291.0
1085080 1290.6
1085090 1289.5
1085100 1289.5
1085110 1287.3
1085120 1283.8
1085130 1283.8
1085140 1283.5
1085150 1284.4
1085160 1284.4
1085170 1279.7
1085180 1276.3
1085190 1276.3
1085200 1275.2
1085210 1274.4
1085220 1274.4
1085230 1275.7
1085240 1278.4
1085250 1278.4
1085260 1277.4
1085270 1279.5
1085280 1279.5
1085290 1278.3
1085300 1279.4
1085310 1277.9
1085320 1283.6
1085330 1283.7
1085340 1284.4
1085350 1284.4
1085360 1287.1
1085370 1286.8
1085380 1286.8
1085390 1287.3
1085400 1285.4
1085410 1285.4
1085420 1286.1
1085430 1286.0
1085440 1286.0
1085450 1288.4
1085460 1291.5
1085470 1291.5
1085480 1292.3
1085490 1293.7
1085500 1293.7
1085510 1295.1
1085520 1296.3
1085530 1296.3
1085540 1297.6
1085550 1299.5
1085560 1299.5
1085570 1301.3
1085580 1303.7
1085590 1303.7
1085600 1305.9
1085610 1308.0
1085620 1310.3
1085630 1310.3
1085640 1313.5
1085650 1315.7
1085660 1315.7
1085670 1317.9
1085680 1320.1
1085690 1320.1
1085700 1322.2
1085710 1324.3
1085720 1324.3
1085730 1326.2
1085740 1328.5
1085750 1328.5
1085760 1331.7
1085770 1335.6
1085780 1335.6
1085790 1339.1
1085800 1342.8
1085810 1342.8
1085820 1346.5
1085830 1349.9
1085840 1349.9
1085850 1354.5
1085860 1359.3
1085870 1359.3
1085880 1361.9
1085890 1355.0
1085900 1355.0
1085910 1346.4
1085920 1337.1
1085930 1331.1
1085940 1331.1
1085950 1326.1
1085960 1317.3
1085970 1317.3
1085980 1309.7
1085990 1302.8
1086000 1302.8
1086010 1296.9
1086020 1291.4
1086030 1291.4
1086040 1286.6
1086050 1283.6
1086060 1283.6
1086070 1282.8
1086080 1281.5
1086090 1281.5
1086100 1277.4
1086110 1272.2
1086120 1272.2
1086130 1266.5
1086140 1262.0
1086150 1262.0
1086160 1256.9
1086170 1251.5
1086180 1251.5
1086190 1246.7
1086200 1243.4
1086210 1242.2
1086220 1242.2
1086230 1242.8
1086240 1241.7
1086250 1241.7
1086260 1240.0
1086270 1238.8
1086280 1231.4
1086290 1229.7
1086300 1226.0
1086310 1226.0
1086320 1224.3
1086330 1223.9
1086340 1223.9
1086350 1224.6
1086360 1224.3
1086370 1224.3
1086380 1223.6
1086390 1226.4
1086400 1226.4
1086410 1233.3
1086420 1235.2
1086430 1235.2
1086440 1229.4
1086450 1228.0
1086460 1228.0
1086470 1228.9
1086480 1239.5
1086490 1239.5
1086500 1274.0
1086510 1292.8
1086520 1300.0
1086530 1300.0
1086540 1306.1
1086550 1303.5
1086560 1303.5
1086570 1300.3
1086580 1297.2
1086590 1297.2
1086600 1291.0
1086610 1286.4
1086620 1286.4
1086630 1281.8
1086640 1279.2
1086650 1279.2
1086660 1279.6
1086670 1281.7
1086680 1281.7
1086690 1284.7
1086700 1286.7
1086710 1286.7
1086720 1287.0
1086730 1287.1
1086740 1287.1
1086750 1287.4
1086760 1288.5
1086770 1288.5
1086780 1291.4
1086790 1294.9
1086800 1294.9
1086810 1297.9
1086820 1298.1
1086830 1264.7
1086840 1264.7
1086850 1256.3
1086860 1250.3
1086870 1250.3
1086880 1207.5
1086890 1189.0
1086900 1189.0
1086910 1183.2
1086920 1171.3
1086930 1171.3
1086940 1164.5
1086950 1157.3
1086960 1157.3
1086970 1149.5
1086980 1141.3
1086990 1141.3
1087000 1133.1
1087010 1125.1
1087020 1125.1
1087030 1117.0
1087040 1109.4
1087050 1109.4
1087060 1102.5
1087070 1095.5
1087080 1095.5
1087090 1088.4
1087100 1081.1
1087110 1081.1
1087120 1074.0
1087130 1067.2
1087140 1059.7
1087150 1059.7
1087160 1050.9
1087170 1041.1
1087180 1041.1
1087190 1033.6
1087200 1027.0
1087210 1027.0
1087220 1020.4
1087230 1015.9
1087240 1024.4
1087250 1020.9
1087260 1015.3
1087270 1015.3
1087280 1008.7
1087290 1002.1
1087300 1002.1
1087310 998.2
1087320 994.9
1087330 994.9
1087340 991.5
1087350 989.2
1087360 989.2
1087370 987.1
1087380 984.7
1087390 984.7
1087400 982.9
1087410 981.4
1087420 978.2
1087430 978.2
1087440 973.5
1087450 966.7
1087460 966.7
1087470 960.1
1087480 961.0
1087490 961.0
1087500 971.7
1087510 987.0
1087520 987.0
1087530 997.7
1087540 998.7
1087550 998.7
1087560 998.9
1087570 995.2
1087580 995.2
1087590 992.9
1087600 983.4
1087610 983.4
1087620 966.8
1087630 942.7
1087640 942.7
1087650 905.8
1087660 888.3
1087670 888.3
1087680 884.2
1087690 885.7
1087700 885.7
1087710 885.8
1087720 882.1
1087730 879.1
1087740 879.1
1087750 882.3
1087760 884.5
1087770 884.5
1087780 884.6
1087790 883.2
1087800 883.2
1087810 877.8
1087820 860.3
1087830 860.3
1087840 840.9
1087850 829.5
1087860 829.5
1087870 813.3
1087880 794.2
1087890 784.1
1087900 776.2
1087910 776.5
1087920 776.5
1087930 779.8
1087940 784.0
1087950 784.0
1087960 790.2
1087970 794.4
1087980 794.4
1087990 799.1
1088000 803.9
1088010 803.9
1088020 808.1
1088030 811.1
1088040 814.7
1088050 814.7
1088060 818.9
1088070 822.9
1088080 822.9
1088090 827.0
1088100 831.0
1088110 831.0
1088120 834.6
1088130 838.2
1088140 838.2
1088150 840.6
1088160 844.0
1088170 844.0
1088180 848.1
1088190 852.4
1088200 852.4
1088210 855.6
1088220 859.4
1088230 859.4
1088240 862.9
1088250 866.2
1088260 866.2
1088270 869.3
1088280 872.4
1088290 872.4
1088300 875.7
1088310 879.0
1088320 879.0
1088330 882.4
1088340 885.3
1088350 888.2
1088360 888.2
1088370 890.1
1088380 891.4
1088390 891.4
1088400 893.1
1088410 894.7
1088420 894.7
1088430 897.4
1088440 900.6
1088450 900.6
1088460 903.5
1088470 906.7
1088480 906.7
1088490 910.4
1088500 914.3
1088510 914.3
1088520 918.0
1088530 920.2
1088540 920.2
1088550 922.1
1088560 923.1
1088570 923.1
1088580 923.9
1088590 925.7
1088600 925.7
1088610 927.3
1088620 929.2
1088630 930.2
1088640 930.2
1088650 931.3
1088660 932.9
1088670 932.9
1088680 934.3
1088690 935.2
1088700 935.2
1088710 936.6
1088720 938.4
1088730 938.4
1088740 939.0
1088750 939.9
1088760 939.9
1088770 941.4
1088780 944.3
1088790 944.3
1088800 949.5
1088810 953.7
1088820 953.7
1088830 959.0
1088840 963.9
1088850 964.1
1088860 968.2
1088870 967.8
1088880 967.8
1088890 964.1
1088900 962.0
1088910 962.0
1088920 959.2
1088930 954.2
1088940 950.0
1088950 950.0
1088960 947.3
1088970 944.3
1088980 944.3
1088990 941.9
1089000 942.3
1089010 942.3
1089020 940.3
1089030 937.0
1089040 937.0
1089050 934.8
1089060 932.9
1089070 932.9
1089080 929.9
1089090 926.4
1089100 926.4
1089110 922.9
1089120 922.4
1089130 922.4
1089140 926.9
1089150 928.6
1089160 928.6
1089170 926.0
1089180 927.8
1089190 927.8
1089200 929.6
1089210 931.5
1089220 931.5
1089230 932.2
1089240 933.4
1089250 935.2
1089260 935.2
1089270 937.3
1089280 939.6
1089290 939.6
1089300 941.4
1089310 942.9
1089320 942.9
1089330 944.6
1089340 946.7
1089350 946.7
1089360 949.0
1089370 951.7
1089380 951.7
1089390 952.9
1089400 954.5
1089410 954.5
1089420 957.3
1089430 961.5
1089440 961.5
1089450 967.2
1089460 974.0
1089470 974.0
1089480 977.4
1089490 981.4
1089500 986.0
1089510 988.9
1089520 992.0
1089530 992.0
1089540 995.8
1089550 1000.8
1089560 1007.3
1089570 1007.3
1089580 1012.3
1089590 1017.2
1089600 1017.2
1089610 1022.7
1089620 1029.8
1089630 1029.8
1089640 1036.2
1089650 1041.7
1089660 1041.7
1089670 1046.6
1089680 1053.2
1089690 1053.2
1089700 1058.0
1089710 1058.7
1089720 1058.7
1089730 1057.1
1089740 1050.7
1089750 1050.7
1089760 1045.4
1089770 1039.2
1089780 1039.2
1089790 1031.7
1089800 1025.0
1089810 1025.0
1089820 1026.1
1089830 1031.6
1089840 1036.7
1089850 1036.7
1089860 1041.8
1089870 1047.0
1089880 1047.0
1089890 1051.7
1089900 1054.8
1089910 1054.8
1089920 1052.0
1089930 1048.1
1089940 1048.1
1089950 1045.6
1089960 1049.2
1089970 1049.2
1089980 1054.1
1089990 1057.6
1090000 1057.6
1090010 1062.1
1090020 1064.1
1090030 1064.1
1090040 1064.1
1090050 1063.9
1090060 1063.9
1090070 1060.9
1090080 1063.9
1090090 1063.9
1090100 1064.7
1090110 1065.4
1090120 1065.4
1090130 1066.3
1090140 1067.5
1090150 1068.6
1090160 1068.6
1090170 1070.0
1090180 1071.0
1090190 1071.0
1090200 1072.0
1090210 1073.4
1090220 1073.4
1090230 1074.5
1090240 1075.4
1090250 1075.4
1090260 1076.1
1090270 1076.9
1090280 1076.9
1090290 1077.4
1090300 1078.1
1090310 1078.1
1090320 1079.8
1090330 1081.6
1090340 1081.6
1090350 1083.3
1090360 1085.2
1090370 1085.2
1090380 1087.0
1090390 1088.8
1090400 1088.8
1090410 1090.7
1090420 1092.4
1090430 1092.4
1090440 1093.4
1090450 1094.2
1090460 1095.0
1090470 1095.7
1090480 1096.5
1090490 1098.4
1090500 1098.4
1090510 1100.2
1090520 1099.4
1090530 1099.4
1090540 1098.6
1090550 1094.2
1090560 1094.2
1090570 1089.1
1090580 1087.4
1090590 1087.4
1090600 1081.9
1090610 1084.4
1090620 1084.4
1090630 1084.4
1090640 1082.9
1090650 1082.9
1090660 1084.7
1090670 1084.2
1090680 1084.2
1090690 1078.0
1090700 1070.6
1090710 1070.6
1090720 1060.7
1090730 1051.2
1090740 1051.2
1090750 1043.7
1090760 1042.7
1090770 1045.9
1090780 1045.9
1090790 1054.8
1090800 1059.5
1090810 1059.5
1090820 1058.3
1090830 1059.4
1090840 1059.4
1090850 1064.2
1090860 1069.6
1090870 1069.6
1090880 1075.4
1090890 1081.9
1090900 1081.9
1090910 1087.7
1090920 1093.5
1090930 1093.5
1090940 1099.2
1090950 1104.3
1090960 1104.3
1090970 1109.6
1090980 1114.6
1090990 1114.6
1091000 1118.6
1091010 1119.1
1091020 1119.1
1091030 1120.4
1091040 1121.7
1091050 1123.4
1091060 1123.4
1091070 1124.6
1091080 1125.3
1091090 1125.3
1091100 1125.7
1091110 1127.9
1091120 1127.9
1091130 1129.3
1091140 1130.6
1091150 1130.6
1091160 1130.6
1091170 1132.0
1091180 1132.0
1091190 1133.9
1091200 1134.4
1091210 1134.4
1091220 1133.9
1091230 1135.6
1091240 1135.6
1091250 1139.2
1091260 1141.4
1091270 1141.4
1091280 1143.7
1091290 1145.7
1091300 1145.7
1091310 1147.9
1091320 1149.6
1091330 1149.6
1091340 1151.3
1091350 1153.6
1091360 1155.5
1091370 1155.5
1091380 1157.5
1091390 1159.8
1091400 1159.8
1091410 1161.8
1091420 1163.5
1091430 1163.5
1091440 1167.8
1091450 1170.8
1091460 1170.8
1091470 1173.9
1091480 1177.2
1091490 1177.2
1091500 1180.5
1091510 1183.8
1091520 1183.8
1091530 1188.3
1091540 1190.7
1091550 1190.7
1091560 1192.5
1091570 1195.4
1091580 1195.4
1091590 1198.4
1091600 1201.8
1091610 1201.8
1091620 1205.4
1091630 1208.5
1091640 1208.5
1091650 1211.7
1091660 1214.4
1091670 1217.9
1091680 1217.9
1091690 1221.7
1091700 1225.5
1091710 1225.5
1091720 1228.5
1091730 1231.8
1091740 1231.8
1091750 1236.2
1091760 1245.1
1091770 1245.1
1091780 1248.8
1091790 1252.7
1091800 1252.7
1091810 1258.8
1091820 1266.4
1091830 1266.4
1091840 1273.3
1091850 1278.4
1091860 1278.4
1091870 1283.3
1091880 1287.8
1091890 1287.8
1091900 1292.4
1091910 1295.8
1091920 1295.8
1091930 1297.7
1091940 1299.6
1091950 1299.6
1091960 1302.1
1091970 1306.2
1091980 1311.7
1091990 1311.7
1092000 1315.8
1092010 1319.0
1092020 1319.0
1092030 1322.6
1092040 1326.0
1092050 1326.0
1092060 1329.3
1092070 1332.3
1092080 1332.3
1092090 1342.4
1092100 1345.3
1092110 1345.3
1092120 1348.5
1092130 1352.7
1092140 1352.7
1092150 1354.6
1092160 1356.3
1092170 1356.3
1092180 1359.5
1092190 1362.7
1092200 1362.7
1092210 1365.4
1092220 1368.6
1092230 1368.6
1092240 1371.1
1092250 1373.0
1092260 1374.1
1092270 1374.1
1092280 1374.7
1092290 1374.2
1092300 1374.2
1092310 1372.4
1092320 1368.9
1092330 1368.9
1092340 1365.3
1092350 1361.4
1092360 1361.4
1092370 1357.7
1092380 1355.1
1092390 1355.1
1092400 1352.7
1092410 1359.8
1092420 1359.8
1092430 1360.7
1092440 1360.8
1092450 1360.8
1092460 1358.5
1092470 1353.9
1092480 1353.9
1092490 1348.3
1092500 1343.1
1092510 1343.1
1092520 1339.7
1092530 1333.9
1092540 1333.9
1092550 1323.2
1092560 1315.4
1092570 1313.1
1092580 1313.1
1092590 1319.7
1092600 1329.9
1092610 1329.9
1092620 1335.8
1092630 1340.2
1092640 1340.2
1092650 1344.2
1092660 1348.7
1092670 1348.7
1092680 1353.4
1092690 1357.3
1092700 1357.3
1092710 1360.8
1092720 1363.9
1092730 1363.9
1092740 1366.7
1092750 1370.7
1092760 1370.7
1092770 1376.1
1092780 1381.5
1092790 1381.5
1092800 1386.2
1092810 1390.3
1092820 1390.3
1092830 1394.2
1092840 1400.0
1092850 1400.0
1092860 1405.8
1092870 1410.6
1092880 1415.7
1092890 1415.7
1092900 1420.9
1092910 1426.1
1092920 1426.1
1092930 1431.6
1092940 1435.4
1092950 1435.4
1092960 1440.5
1092970 1446.6
1092980 1446.6
1092990 1452.0
1093000 1457.7
1093010 1457.7
1093020 1463.5
1093030 1468.0
1093040 1468.0
1093050 1473.7
1093060 1478.9
1093070 1478.9
1093080 1485.5
1093090 1492.0
1093100 1492.0
1093110 1498.5
1093120 1504.8
1093130 1504.8
1093140 1510.7
1093150 1516.6
1093160 1516.6
1093170 1523.0
1093180 1528.8
1093190 1534.4
1093200 1534.4
1093210 1539.9
1093220 1545.4
1093230 1545.4
1093240 1550.2
1093250 1554.3
1093260 1554.3
1093270 1558.6
1093280 1560.4
1093290 1560.4
1093300 1558.2
1093310 1554.4
1093320 1554.4
1093330 1550.8
1093340 1547.7
1093350 1547.7
1093360 1545.4
1093370 1542.9
1093380 1542.9
1093390 1543.2
1093400 1538.4
1093410 1538.4
1093420 1533.5
1093430 1528.4
1093440 1528.4
1093450 1523.4
1093460 1519.0
1093470 1515.3
1093480 1515.3
1093490 1511.8
1093500 1511.2
1093510 1511.2
1093520 1512.2
1093530 1513.7
1093540 1513.7
1093550 1514.5
1093560 1515.1
1093570 1515.1
1093580 1515.5
1093590 1515.2
1093600 1515.2
1093610 1514.3
1093620 1514.9
1093630 1514.9
1093640 1515.2
1093650 1515.3
1093660 1515.3
1093670 1515.9
1093680 1517.3
1093690 1517.3
1093700 1518.6
1093710 1520.6
1093720 1521.4
1093730 1524.8
1093740 1529.9
1093750 1529.9
1093760 1535.2
1093770 1541.4
1093780 1547.8
1093790 1547.8
1093800 1554.6
1093810 1562.0
1093820 1562.0
1093830 1569.7
1093840 1577.9
1093850 1577.9
1093860 1586.1
1093870 1592.9
1093880 1592.9
1093890 1598.6
1093900 1605.8
1093910 1605.8
1093920 1613.4
1093930 1620.6
1093940 1620.6
1093950 1628.2
1093960 1636.9
1093970 1636.9
1093980 1649.6
1093990 1653.6
1094000 1653.6
1094010 1647.5
1094020 1643.6
1094030 1643.6
1094040 1651.6
1094050 1650.8
1094060 1650.8
1094070 1648.7
1094080 1646.9
1094090 1641.7
1094100 1641.7
1094110 1632.9
1094120 1627.3
1094130 1627.3
1094140 1622.9
1094150 1618.4
1094160 1618.4
1094170 1613.6
1094180 1609.4
1094190 1609.4
1094200 1605.2
1094210 1601.4
1094220 1601.4
1094230 1598.3
1094240 1595.1
1094250 1595.1
1094260 1593.3
1094270 1590.6
1094280 1590.6
1094290 1584.8
1094300 1583.0
1094310 1583.0
1094320 1579.4
1094330 1581.4
1094340 1581.4
1094350 1582.0
1094360 1582.7
1094370 1590.4
1094380 1592.8
1094390 1592.4
1094400 1593.6
1094410 1593.6
1094420 1597.5
1094430 1599.7
1094440 1599.7
1094450 1598.5
1094460 1603.2
1094470 1603.2
1094480 1607.2
1094490 1611.2
1094500 1611.2
1094510 1615.1
1094520 1619.6
1094530 1619.6
1094540 1624.5
1094550 1629.2
1094560 1629.2
1094570 1634.5
1094580 1639.3
1094590 1639.3
1094600 1645.6
1094610 1652.0
1094620 1652.0
1094630 1657.2
1094640 1660.5
1094650 1660.5
1094660 1664.9
1094670 1670.9
1094680 1674.7
1094690 1674.7
1094700 1685.9
1094710 1688.5
1094720 1688.5
1094730 1690.1
1094740 1689.7
1094750 1689.7
1094760 1687.4
1094770 1682.5
1094780 1682.5
1094790 1677.1
1094800 1672.6
1094810 1672.6
1094820 1667.7
1094830 1663.2
1094840 1663.2
1094850 1656.8
1094860 1650.5
1094870 1650.5
1094880 1646.5
1094890 1642.8
1094900 1642.8
1094910 1639.9
1094920 1635.8
1094930 1635.8
1094940 1633.6
1094950 1630.8
1094960 1630.8
1094970 1628.2
1094980 1625.6
1094990 1623.6
1095000 1623.6
1095010 1620.8
1095020 1624.3
1095030 1624.3
1095040 1622.9
1095050 1621.5
1095060 1621.5
1095070 1623.4
1095080 1625.2
1095090 1625.2
1095100 1628.0
1095110 1631.1
1095120 1631.1
1095130 1634.5
1095140 1638.1
1095150 1638.1
1095160 1641.1
1095170 1644.2
1095180 1644.2
1095190 1647.6
1095200 1649.0
1095210 1649.0
1095220 1649.0
1095230 1648.6
1095240 1648.6
1095250 1647.9
1095260 1649.2
1095270 1649.2
1095280 1652.0
1095290 1655.4
1095300 1658.7
1095310 1658.7
1095320 1660.8
1095330 1662.1
1095340 1662.1
1095350 1672.1
1095360 1674.1
1095370 1674.1
1095380 1675.2
1095390 1679.4
1095400 1679.4
1095410 1679.6
1095420 1673.4
1095430 1673.4
1095440 1665.0
1095450 1657.5
1095460 1657.5
1095470 1650.8
1095480 1644.3
1095490 1644.3
1095500 1638.5
1095510 1633.1
1095520 1633.1
1095530 1630.6
1095540 1627.3
1095550 1627.3
1095560 1623.5
1095570 1619.6
1095580 1618.1
1095590 1618.1
1095600 1619.2
1095610 1617.4
1095620 1617.4
1095630 1618.5
1095640 1620.5
1095650 1620.5
1095660 1620.8
1095670 1620.1
1095680 1614.3
1095690 1613.0
1095700 1614.7
1095710 1614.7
1095720 1616.4
1095730 1618.8
1095740 1618.8
1095750 1619.9
1095760 1620.0
1095770 1620.0
1095780 1622.6
1095790 1624.8
1095800 1624.8
1095810 1626.7
1095820 1628.2
1095830 1628.2
1095840 1626.3
1095850 1627.2
1095860 1627.2
1095870 1632.1
1095880 1637.9
1095890 1642.3
1095900 1642.3
1095910 1644.1
1095920 1644.8
1095930 1644.8
1095940 1645.0
1095950 1645.1
1095960 1645.1
1095970 1645.0
1095980 1643.5
1095990 1643.5
1096000 1641.9
1096010 1637.7
1096020 1637.7
1096030 1639.5
1096040 1639.7
1096050 1639.7
1096060 1640.4
1096070 1641.6
1096080 1641.6
1096090 1646.0
1096100 1650.5
1096110 1650.5
1096120 1654.3
1096130 1657.9
1096140 1657.9
1096150 1661.7
1096160 1665.8
1096170 1665.8
1096180 1671.5
1096190 1678.3
1096200 1682.1
1096210 1682.1
1096220 1684.9
1096230 1687.1
1096240 1687.1
1096250 1689.6
1096260 1692.4
1096270 1692.4
1096280 1693.5
1096290 1695.3
1096300 1695.3
1096310 1697.6
1096320 1699.9
1096330 1693.3
1096340 1695.7
1096350 1697.8
1096360 1697.8
1096370 1700.6
1096380 1703.5
1096390 1703.5
1096400 1706.0
1096410 1708.9
1096420 1708.9
1096430 1711.7
1096440 1714.8
1096450 1714.8
1096460 1716.8
1096470 1707.1
1096480 1707.1
1096490 1696.2
1096500 1692.5
1096510 1680.7
1096520 1680.7
1096530 1675.3
1096540 1674.7
1096550 1674.7
1096560 1674.9
1096570 1669.8
1096580 1669.8
1096590 1659.6
1096600 1651.3
1096610 1651.3
1096620 1645.3
1096630 1638.2
1096640 1638.2
1096650 1629.9
1096660 1627.3
1096670 1627.3
1096680 1619.6
1096690 1611.9
1096700 1611.9
1096710 1604.5
1096720 1597.8
1096730 1597.8
1096740 1587.4
1096750 1581.4
1096760 1581.4
1096770 1577.2
1096780 1569.2
1096790 1560.5
1096800 1560.5
1096810 1553.4
1096820 1545.7
1096830 1545.7
1096840 1537.2
1096850 1528.3
1096860 1528.3
1096870 1522.7
1096880 1519.6
1096890 1519.6
1096900 1514.8
1096910 1507.4
1096920 1507.4
1096930 1500.9
1096940 1493.1
1096950 1493.1
1096960 1483.6
1096970 1474.8
1096980 1474.8
1096990 1464.1
1097000 1455.5
1097010 1455.5
1097020 1446.6
1097030 1438.7
1097040 1438.7
1097050 1429.9
1097060 1423.3
1097070 1423.3
1097080 1417.0
1097090 1410.6
1097100 1404.9
1097110 1404.9
1097120 1400.2
1097130 1394.7
1097140 1394.7
1097150 1388.9
1097160 1384.2
1097170 1384.2
1097180 1380.8
1097190 1375.5
1097200 1375.5
1097210 1369.4
1097220 1362.8
1097230 1362.8
1097240 1355.8
1097250 1347.3
1097260 1347.3
1097270 1338.2
1097280 1328.2
1097290 1328.2
1097300 1317.2
1097310 1306.2
1097320 1310.0
1097330 1303.7
1097340 1303.1
1097350 1303.1
1097360 1295.7
1097370 1290.4
1097380 1290.4
1097390 1284.7
1097400 1284.4
1097410 1286.7
1097420 1286.7
1097430 1288.4
1097440 1284.8
1097450 1284.8
1097460 1282.4
1097470 1280.3
1097480 1280.3
1097490 1275.3
1097500 1273.6
1097510 1273.6
1097520 1277.5
1097530 1277.7
1097540 1277.7
1097550 1276.5
1097560 1274.3
1097570 1274.3
1097580 1274.0
1097590 1275.1
1097600 1275.1
1097610 1277.4
1097620 1280.7
1097630 1280.7
1097640 1279.0
1097650 1282.3
1097660 1282.3
1097670 1280.5
1097680 1279.1
1097690 1279.1
1097700 1276.5
1097710 1274.0
1097720 1269.9
1097730 1269.9
1097740 1268.6
1097750 1267.0
1097760 1267.0
1097770 1263.2
1097780 1260.9
1097790 1260.9
1097800 1259.5
1097810 1258.2
1097820 1258.2
1097830 1256.9
1097840 1256.0
1097850 1256.0
1097860 1255.4
1097870 1254.3
1097880 1254.3
1097890 1253.5
1097900 1253.1
1097910 1253.1
1097920 1252.1
1097930 1250.5
1097940 1250.5
1097950 1249.1
1097960 1247.1
1097970 1247.1
1097980 1252.0
1097990 1249.0
1098000 1246.5
1098010 1246.5
1098020 1245.0
1098030 1243.5
1098040 1243.5
1098050 1242.6
1098060 1241.0
1098070 1241.0
1098080 1238.9
1098090 1236.6
1098100 1236.6
1098110 1236.0
1098120 1235.6
1098130 1235.6
1098140 1235.2
1098150 1234.0
1098160 1234.0
1098170 1231.7
1098180 1227.7
1098190 1227.7
1098200 1218.0
1098210 1208.0
1098220 1208.0
1098230 1202.9
1098240 1198.0
1098250 1198.0
1098260 1196.6
1098270 1193.2
1098280 1193.2
1098290 1188.6
1098300 1184.7
1098310 1187.1
1098320 1187.1
1098330 1177.0
1098340 1162.1
1098350 1162.1
1098360 1149.4
1098370 1138.8
1098380 1138.8
1098390 1129.6
1098400 1123.0
1098410 1123.0
1098420 1117.0
1098430 1110.8
1098440 1110.8
1098450 1107.6
1098460 1104.2
1098470 1104.2
1098480 1099.9
1098490 1096.0
1098500 1096.0
1098510 1090.9
1098520 1085.4
1098530 1085.4
1098540 1080.2
1098550 1074.6
1098560 1074.6
1098570 1070.0
1098580 1064.9
1098590 1064.9
1098600 1059.2
1098610 1054.6
1098620 1049.9
1098630 1049.9
1098640 1049.6
1098650 1045.0
1098660 1045.0
1098670 1040.4
1098680 1035.4
1098690 1035.4
1098700 1030.8
1098710 1026.6
1098720 1026.6
1098730 1022.4
1098740 1017.4
1098750 1017.4
1098760 1012.1
1098770 1007.0
1098780 1007.0
1098790 1001.0
1098800 992.4
1098810 992.4
1098820 965.6
1098830 931.3
1098840 931.3
1098850 924.2
1098860 915.5
1098870 915.5
1098880 908.8
1098890 901.2
1098900 893.6
1098910 893.6
1098920 886.3
1098930 879.5
1098940 879.5
1098950 873.6
1098960 867.3
1098970 869.9
1098980 862.9
1098990 855.3
1099000 855.3
1099010 847.5
1099020 840.3
1099030 840.3
1099040 833.3
1099050 826.9
1099060 826.9
1099070 820.0
1099080 812.5
1099090 812.5
1099100 805.0
1099110 798.2
1099120 798.2
1099130 791.4
1099140 784.3
1099150 784.3
1099160 777.1
1099170 770.1
1099180 770.1
1099190 763.1
1099200 756.2
1099210 749.5
1099220 749.5
1099230 743.4
1099240 737.6
1099250 737.6
1099260 732.2
1099270 727.2
1099280 727.2
1099290 722.4
1099300 718.1
1099310 718.1
1099320 714.2
1099330 711.2
1099340 711.2
1099350 708.3
1099360 705.4
1099370 705.4
1099380 701.9
1099390 699.0
1099400 699.0
1099410 696.0
1099420 693.3
1099430 693.3
1099440 690.7
1099450 687.7
1099460 687.7
1099470 683.5
1099480 679.2
1099490 679.2
1099500 675.4
1099510 672.4
1099520 671.4
1099530 671.4
1099540 670.8
1099550 670.3
1099560 670.3
1099570 670.0
1099580 670.0
1099590 670.0
1099600 670.0
1099610 669.9
1099620 669.9
1099630 670.1
1099640 670.4
1099650 670.4
1099660 670.6
1099670 670.4
1099680 670.4
1099690 670.2
1099700 670.0
1099710 670.0
1099720 669.6
1099730 669.9
1099740 669.9
1099750 669.8
1099760 670.2
1099770 670.2
1099780 669.9
1099790 669.5
1099800 669.5
1099810 669.8
1099820 669.8
1099830 670.1
1099840 670.1
1099850 670.3
1099860 667.3
1099870 667.3
1099880 667.3
1099890 667.3
1099900 667.3
1099910 667.1
1099920 668.2
1099930 668.2
1099940 670.0
1099950 670.7
1099960 670.7
1099970 675.3
1099980 686.2
1099990 686.2
