1080000 568.2
1080010 568.2
1080020 569.2
1080030 570.2
1080040 570.2
1080050 571.3
1080060 572.4
1080070 572.4
1080080 573.2
1080090 574.4
1080100 574.4
1080110 575.8
1080120 577.2
1080130 578.7
1080140 578.7
1080150 580.2
1080160 581.5
1080170 581.5
1080180 583.1
1080190 584.2
1080200 584.5
1080210 586.0
1080220 587.6
1080230 587.6
1080240 589.7
1080250 591.2
1080260 591.2
1080270 593.2
1080280 595.8
1080290 595.8
1080300 598.4
1080310 600.7
1080320 600.7
1080330 602.8
1080340 605.1
1080350 605.1
1080360 608.4
1080370 612.5
1080380 612.5
1080390 616.1
1080400 617.6
1080410 617.6
1080420 617.2
1080430 617.7
1080440 621.5
1080450 621.5
1080460 626.8
1080470 633.7
1080480 633.7
1080490 635.6
1080500 635.5
1080510 639.2
1080520 641.3
1080530 645.0
1080540 645.0
1080550 649.0
1080560 652.7
1080570 652.7
1080580 655.8
1080590 657.7
1080600 657.7
1080610 658.4
1080620 658.1
1080630 658.1
1080640 656.2
1080650 653.9
1080660 653.9
1080670 652.0
1080680 650.7
1080690 650.7
1080700 652.4
1080710 656.7
1080720 656.7
1080730 661.8
1080740 668.6
1080750 672.1
1080760 672.1
1080770 670.9
1080780 666.1
1080790 666.1
1080800 666.1
1080810 669.4
1080820 669.4
1080830 674.7
1080840 678.1
1080850 678.1
1080860 680.3
1080870 680.9
1080880 680.9
1080890 684.8
1080900 689.1
1080910 689.1
1080920 691.9
1080930 694.0
1080940 694.0
1080950 695.1
1080960 696.5
1080970 696.5
1080980 699.0
1080990 703.6
1081000 703.6
1081010 708.6
1081020 713.7
1081030 713.7
1081040 719.8
1081050 724.9
1081060 731.4
1081070 731.4
1081080 740.9
1081090 751.6
1081100 751.6
1081110 757.5
1081120 760.8
1081130 760.8
1081140 756.3
1081150 758.1
1081160 758.1
1081170 765.0
1081180 770.4
1081190 770.4
1081200 774.9
1081210 777.9
1081220 777.9
1081230 779.9
1081240 782.5
1081250 782.5
1081260 785.3
1081270 788.5
1081280 788.5
1081290 792.3
1081300 795.7
1081310 795.7
1081320 797.5
1081330 799.6
1081340 799.6
1081350 802.6
1081360 806.3
1081370 810.6
1081380 810.6
1081390 815.1
1081400 819.3
1081410 819.3
1081420 822.3
1081430 825.0
1081440 825.0
1081450 827.7
1081460 833.8
1081470 833.8
1081480 836.9
1081490 834.4
1081500 834.4
1081510 832.1
1081520 829.6
1081530 829.6
1081540 827.0
1081550 824.8
1081560 824.8
1081570 823.2
1081580 827.4
1081590 827.4
1081600 834.5
1081610 840.0
1081620 840.0
1081630 844.0
1081640 846.0
1081650 846.8
1081660 846.8
1081670 846.6
1081680 847.8
1081690 847.8
1081700 851.5
1081710 853.3
1081720 853.3
1081730 853.9
1081740 854.6
1081750 854.6
1081760 855.4
1081770 856.3
1081780 859.7
1081790 862.1
1081800 865.6
1081810 865.6
1081820 869.5
1081830 872.9
1081840 872.9
1081850 874.8
1081860 877.6
1081870 877.6
1081880 880.9
1081890 884.2
1081900 884.2
1081910 888.0
1081920 891.5
1081930 891.5
1081940 893.8
1081950 895.5
1081960 898.3
1081970 898.3
1081980 902.0
1081990 905.7
1082000 905.7
1082010 909.4
1082020 913.2
1082030 913.2
1082040 917.3
1082050 921.0
1082060 921.0
1082070 925.0
1082080 929.1
1082090 935.3
1082100 940.1
1082110 945.2
1082120 945.2
1082130 951.1
1082140 957.9
1082150 957.9
1082160 965.4
1082170 975.7
1082180 975.7
1082190 987.4
1082200 994.0
1082210 994.0
1082220 1002.7
1082230 1010.6
1082240 1010.6
1082250 1012.0
1082260 1007.7
1082270 1005.8
1082280 1005.8
1082290 1010.2
1082300 1024.9
1082310 1024.9
1082320 1039.4
1082330 1056.4
1082340 1056.4
1082350 1073.8
1082360 1085.5
1082370 1085.5
1082380 1098.0
1082390 1109.0
1082400 1109.0
1082410 1116.7
1082420 1125.5
1082430 1125.5
1082440 1135.5
1082450 1144.4
1082460 1144.4
1082470 1150.7
1082480 1157.5
1082490 1157.5
1082500 1163.3
1082510 1167.6
1082520 1167.6
1082530 1170.4
1082540 1171.6
1082550 1171.6
1082560 1174.3
1082570 1178.6
1082580 1182.3
1082590 1182.3
1082600 1185.8
1082610 1189.6
1082620 1189.6
1082630 1193.4
1082640 1197.5
1082650 1197.5
1082660 1201.9
1082670 1206.0
1082680 1206.0
1082690 1210.5
1082700 1215.3
1082710 1215.3
1082720 1220.3
1082730 1228.8
1082740 1228.8
1082750 1234.3
1082760 1239.4
1082770 1239.4
1082780 1244.3
1082790 1249.4
1082800 1249.4
1082810 1254.2
1082820 1258.7
1082830 1258.7
1082840 1263.3
1082850 1267.2
1082860 1267.2
1082870 1270.8
1082880 1273.9
1082890 1276.7
1082900 1276.7
1082910 1278.5
1082920 1280.5
1082930 1280.5
1082940 1284.0
1082950 1287.9
1082960 1287.9
1082970 1292.5
1082980 1296.2
1082990 1296.2
1083000 1297.5
1083010 1299.1
1083020 1299.1
1083030 1302.8
1083040 1306.5
1083050 1310.7
1083060 1315.5
1083070 1321.4
1083080 1321.4
1083090 1334.2
1083100 1341.9
1083110 1341.9
1083120 1350.6
1083130 1364.3
1083140 1364.3
1083150 1359.2
1083160 1369.1
1083170 1371.6
1083180 1371.6
1083190 1374.3
1083200 1385.1
1083210 1385.1
1083220 1397.2
1083230 1403.3
1083240 1403.3
1083250 1408.4
1083260 1413.9
1083270 1413.9
1083280 1419.3
1083290 1425.3
1083300 1425.3
1083310 1432.8
1083320 1436.8
1083330 1436.8
1083340 1438.7
1083350 1438.8
1083360 1433.9
1083370 1433.0
1083380 1432.0
1083390 1432.0
1083400 1431.1
1083410 1429.8
1083420 1429.8
1083430 1428.4
1083440 1426.5
1083450 1426.5
1083460 1424.2
1083470 1421.4
1083480 1417.9
1083490 1417.9
1083500 1414.8
1083510 1412.4
1083520 1412.4
1083530 1410.6
1083540 1408.7
1083550 1408.7
1083560 1407.0
1083570 1406.0
1083580 1406.0
1083590 1405.8
1083600 1406.3
1083610 1406.3
1083620 1407.1
1083630 1407.9
1083640 1407.9
1083650 1408.3
1083660 1408.9
1083670 1408.9
1083680 1408.3
1083690 1409.0
1083700 1409.0
1083710 1410.4
1083720 1411.7
1083730 1411.7
1083740 1413.6
1083750 1415.6
1083760 1415.6
1083770 1417.0
1083780 1419.8
1083790 1422.2
1083800 1422.2
1083810 1423.8
1083820 1424.3
1083830 1424.3
1083840 1424.4
1083850 1423.8
1083860 1423.8
1083870 1422.3
1083880 1421.2
1083890 1421.2
1083900 1420.6
1083910 1420.7
1083920 1420.7
1083930 1420.3
1083940 1419.1
1083950 1419.1
1083960 1416.8
1083970 1415.6
1083980 1415.6
1083990 1413.1
1084000 1408.8
1084010 1408.8
1084020 1406.9
1084030 1405.2
1084040 1405.2
1084050 1402.9
1084060 1400.3
1084070 1400.3
1084080 1398.1
1084090 1394.5
1084100 1389.3
1084110 1389.3
1084120 1386.8
1084130 1386.4
1084140 1386.4
1084150 1383.7
1084160 1379.6
1084170 1379.6
1084180 1374.7
1084190 1369.7
1084200 1369.7
1084210 1361.1
1084220 1347.2
1084230 1347.2
1084240 1325.9
1084250 1317.6
1084260 1317.6
1084270 1310.4
1084280 1303.8
1084290 1303.8
1084300 1297.4
1084310 1290.4
1084320 1293.1
1084330 1285.9
1084340 1279.1
1084350 1279.1
1084360 1272.7
1084370 1266.4
1084380 1266.4
1084390 1260.8
1084400 1255.1
1084410 1250.3
1084420 1250.3
1084430 1244.9
1084440 1240.1
1084450 1240.1
1084460 1234.9
1084470 1229.8
1084480 1229.8
1084490 1224.9
1084500 1220.1
1084510 1220.1
1084520 1216.2
1084530 1213.0
1084540 1213.0
1084550 1210.2
1084560 1208.0
1084570 1208.0
1084580 1207.0
1084590 1204.9
1084600 1204.9
1084610 1202.0
1084620 1200.5
1084630 1200.5
1084640 1200.2
1084650 1200.1
1084660 1200.1
1084670 1199.0
1084680 1196.9
1084690 1196.9
1084700 1195.5
1084710 1194.5
1084720 1193.4
1084730 1193.4
1084740 1193.4
1084750 1193.1
1084760 1193.1
1084770 1191.3
1084780 1190.1
1084790 1190.1
1084800 1189.4
1084810 1188.1
1084820 1188.1
1084830 1187.0
1084840 1186.1
1084850 1186.1
1084860 1184.8
1084870 1184.0
1084880 1184.0
1084890 1182.8
1084900 1181.0
1084910 1181.0
1084920 1179.2
1084930 1176.6
1084940 1176.6
1084950 1174.3
1084960 1172.3
1084970 1172.3
1084980 1169.9
1084990 1168.0
1085000 1166.5
1085010 1166.5
1085020 1164.8
1085030 1163.0
1085040 1163.0
1085050 1161.4
1085060 1159.7
1085070 1159.7
1085080 1157.7
1085090 1155.8
1085100 1155.8
1085110 1153.2
1085120 1151.9
1085130 1151.9
1085140 1149.4
1085150 1144.6
1085160 1144.6
1085170 1141.0
1085180 1137.6
1085190 1137.6
1085200 1133.7
1085210 1128.9
1085220 1128.9
1085230 1122.4
1085240 1116.0
1085250 1116.0
1085260 1111.1
1085270 1105.3
1085280 1105.3
1085290 1100.1
1085300 1100.9
1085310 1105.3
1085320 1105.3
1085330 1109.6
1085340 1111.1
1085350 1111.1
1085360 1111.7
1085370 1112.6
1085380 1112.6
1085390 1113.8
1085400 1118.5
1085410 1118.5
1085420 1120.2
1085430 1118.5
1085440 1118.5
1085450 1117.5
1085460 1113.4
1085470 1113.4
1085480 1111.6
1085490 1112.2
1085500 1112.2
1085510 1113.6
1085520 1113.9
1085530 1113.9
1085540 1113.6
1085550 1113.8
1085560 1113.8
1085570 1111.4
1085580 1109.3
1085590 1112.7
1085600 1112.5
1085610 1111.7
1085620 1109.8
1085630 1109.8
1085640 1109.3
1085650 1110.1
1085660 1110.1
1085670 1109.4
1085680 1106.3
1085690 1106.3
1085700 1105.6
1085710 1104.3
1085720 1104.3
1085730 1101.5
1085740 1099.4
1085750 1099.4
1085760 1096.6
1085770 1094.3
1085780 1094.3
1085790 1093.6
1085800 1095.0
1085810 1095.0
1085820 1094.7
1085830 1092.6
1085840 1092.6
1085850 1091.0
1085860 1089.8
1085870 1089.8
1085880 1087.6
1085890 1085.6
1085900 1085.6
1085910 1085.0
1085920 1083.6
1085930 1082.5
1085940 1082.5
1085950 1080.7
1085960 1079.5
1085970 1079.5
1085980 1078.1
1085990 1078.1
1086000 1078.1
1086010 1079.8
1086020 1081.7
1086030 1081.7
1086040 1082.7
1086050 1083.1
1086060 1083.1
1086070 1083.4
1086080 1083.5
1086090 1083.5
1086100 1083.0
1086110 1081.9
1086120 1081.9
1086130 1080.5
1086140 1079.2
1086150 1079.2
1086160 1078.1
1086170 1076.4
1086180 1076.4
1086190 1075.3
1086200 1074.3
1086210 1074.3
1086220 1073.0
1086230 1073.4
1086240 1071.9
1086250 1071.9
1086260 1073.2
1086270 1075.9
1086280 1075.9
1086290 1077.4
1086300 1078.8
1086310 1078.8
1086320 1079.8
1086330 1079.6
1086340 1079.6
1086350 1078.1
1086360 1076.1
1086370 1076.1
1086380 1071.9
1086390 1068.8
1086400 1068.8
1086410 1067.8
1086420 1068.3
1086430 1068.3
1086440 1069.2
1086450 1069.7
1086460 1069.7
1086470 1069.8
1086480 1070.1
1086490 1070.1
1086500 1070.1
1086510 1070.0
1086520 1069.4
1086530 1069.4
1086540 1068.2
1086550 1070.3
1086560 1070.3
1086570 1069.4
1086580 1068.5
1086590 1068.5
1086600 1069.3
1086610 1069.8
1086620 1069.8
1086630 1069.8
1086640 1072.3
1086650 1072.3
1086660 1077.2
1086670 1081.6
1086680 1081.6
1086690 1085.3
1086700 1087.8
1086710 1087.8
1086720 1091.5
1086730 1098.7
1086740 1098.7
1086750 1105.7
1086760 1115.9
1086770 1115.9
1086780 1119.9
1086790 1129.6
1086800 1129.6
1086810 1145.8
1086820 1153.7
1086830 1158.1
1086840 1158.1
1086850 1159.5
1086860 1158.9
1086870 1158.9
1086880 1170.7
1086890 1172.8
1086900 1172.8
1086910 1175.6
1086920 1178.0
1086930 1178.0
1086940 1177.6
1086950 1171.4
1086960 1171.4
1086970 1160.7
1086980 1154.9
1086990 1154.9
1087000 1151.2
1087010 1149.1
1087020 1149.1
1087030 1147.1
1087040 1144.9
1087050 1144.9
1087060 1142.3
1087070 1139.6
1087080 1139.6
1087090 1135.5
1087100 1130.9
1087110 1130.9
1087120 1124.6
1087130 1115.8
1087140 1101.1
1087150 1101.1
1087160 1089.0
1087170 1078.1
1087180 1078.1
1087190 1059.7
1087200 1052.9
1087210 1052.9
1087220 1041.1
1087230 1032.2
1087240 1032.2
1087250 1021.0
1087260 1010.5
1087270 1010.5
1087280 1002.7
1087290 994.8
1087300 994.8
1087310 987.4
1087320 979.4
1087330 979.4
1087340 972.1
1087350 966.1
1087360 966.1
1087370 960.5
1087380 950.0
1087390 950.0
1087400 939.1
1087410 931.0
1087420 931.0
1087430 923.9
1087440 918.0
1087450 912.1
1087460 912.1
1087470 905.2
1087480 898.5
1087490 898.5
1087500 891.5
1087510 884.8
1087520 881.0
1087530 872.7
1087540 864.8
1087550 864.8
1087560 857.1
1087570 850.2
1087580 850.2
1087590 843.0
1087600 835.4
1087610 835.4
1087620 829.4
1087630 822.4
1087640 822.4
1087650 815.8
1087660 808.3
1087670 808.3
1087680 801.2
1087690 793.9
1087700 793.9
1087710 786.8
1087720 779.5
1087730 779.5
1087740 772.1
1087750 762.3
1087760 754.5
1087770 754.5
1087780 747.5
1087790 740.0
1087800 740.0
1087810 731.0
1087820 720.2
1087830 720.2
1087840 710.9
1087850 706.2
1087860 706.2
1087870 709.4
1087880 716.4
1087890 716.4
1087900 724.2
1087910 737.1
1087920 737.1
1087930 748.5
1087940 762.9
1087950 762.9
1087960 784.6
1087970 805.5
1087980 805.5
1087990 822.6
1088000 842.2
1088010 842.2
1088020 863.1
1088030 892.8
1088040 892.8
1088050 913.3
1088060 918.6
1088070 916.4
1088080 916.4
1088090 912.4
1088100 908.8
1088110 908.8
1088120 907.4
1088130 906.8
1088140 906.8
1088150 904.2
1088160 912.0
1088170 912.0
1088180 915.2
1088190 916.8
1088200 916.8
1088210 920.8
1088220 925.0
1088230 925.0
1088240 933.0
1088250 937.1
1088260 937.1
1088270 937.4
1088280 942.6
1088290 942.6
1088300 944.7
1088310 945.8
1088320 945.8
1088330 948.6
1088340 952.8
1088350 960.3
1088360 960.3
1088370 965.1
1088380 970.6
1088390 970.6
1088400 976.3
1088410 979.1
1088420 979.1
1088430 980.2
1088440 978.3
1088450 978.3
1088460 973.4
1088470 971.2
1088480 981.4
1088490 982.5
1088500 982.1
1088510 982.1
1088520 987.2
1088530 992.3
1088540 992.3
1088550 994.2
1088560 990.8
1088570 990.8
1088580 987.6
1088590 982.4
1088600 982.4
1088610 980.8
1088620 980.2
1088630 980.2
1088640 979.7
1088650 980.3
1088660 981.6
1088670 981.6
1088680 985.7
1088690 988.8
1088700 988.8
1088710 992.1
1088720 996.1
1088730 996.1
1088740 997.3
1088750 998.4
1088760 998.4
1088770 1000.6
1088780 1003.0
1088790 1003.0
1088800 1008.8
1088810 1009.3
1088820 1009.3
1088830 1012.8
1088840 1016.7
1088850 1016.7
1088860 1021.0
1088870 1025.0
1088880 1025.0
1088890 1026.0
1088900 1025.5
1088910 1025.5
1088920 1022.3
1088930 1019.2
1088940 1019.2
1088950 1018.5
1088960 1018.5
1088970 1018.3
1088980 1018.3
1088990 1017.0
1089000 1015.8
1089010 1015.8
1089020 1014.0
1089030 1011.2
1089040 1011.2
1089050 1009.1
1089060 1006.7
1089070 1006.7
1089080 1003.4
1089090 998.8
1089100 998.8
1089110 991.1
1089120 979.2
1089130 989.6
1089140 982.8
1089150 974.2
1089160 974.2
1089170 959.8
1089180 946.6
1089190 946.6
1089200 941.5
1089210 937.1
1089220 937.1
1089230 933.3
1089240 930.5
1089250 930.5
1089260 926.0
1089270 922.2
1089280 919.6
1089290 919.6
1089300 917.6
1089310 914.3
1089320 914.3
1089330 911.0
1089340 914.6
1089350 914.6
1089360 913.4
1089370 906.6
1089380 906.6
1089390 892.5
1089400 877.0
1089410 877.0
1089420 875.7
1089430 885.9
1089440 885.9
1089450 901.5
1089460 918.3
1089470 918.3
1089480 927.4
1089490 928.3
1089500 928.3
1089510 928.1
1089520 928.4
1089530 928.4
1089540 930.1
1089550 932.8
1089560 932.8
1089570 936.1
1089580 940.8
1089590 943.6
1089600 943.6
1089610 945.5
1089620 947.5
1089630 947.5
1089640 947.6
1089650 946.9
1089660 946.9
1089670 947.5
1089680 947.6
1089690 947.6
1089700 948.1
1089710 949.3
1089720 949.3
1089730 951.2
1089740 953.9
1089750 953.9
1089760 953.9
1089770 950.4
1089780 950.4
1089790 950.5
1089800 950.9
1089810 950.9
1089820 951.4
1089830 952.1
1089840 952.1
1089850 952.7
1089860 955.6
1089870 955.6
1089880 959.1
1089890 961.9
1089900 963.6
1089910 963.6
1089920 965.4
1089930 966.4
1089940 966.4
1089950 967.4
1089960 971.2
1089970 971.2
1089980 976.9
1089990 982.7
1090000 982.7
1090010 987.2
1090020 990.0
1090030 990.0
1090040 993.5
1090050 997.6
1090060 997.6
1090070 1002.6
1090080 1009.1
1090090 1009.1
1090100 1013.5
1090110 1017.8
1090120 1017.8
1090130 1024.3
1090140 1031.4
1090150 1031.4
1090160 1033.1
1090170 1032.8
1090180 1033.2
1090190 1033.2
1090200 1030.3
1090210 1030.0
1090220 1030.0
1090230 1031.0
1090240 1027.7
1090250 1027.7
1090260 1026.2
1090270 1025.7
1090280 1025.7
1090290 1024.0
1090300 1020.2
1090310 1020.2
1090320 1017.6
1090330 1016.9
1090340 1016.9
1090350 1017.1
1090360 1016.2
1090370 1016.2
1090380 1018.2
1090390 1020.6
1090400 1020.6
1090410 1022.1
1090420 1032.4
1090430 1032.4
1090440 1037.3
1090450 1037.5
1090460 1037.5
1090470 1041.1
1090480 1046.4
1090490 1050.6
1090500 1050.6
1090510 1051.0
1090520 1052.5
1090530 1052.5
1090540 1053.9
1090550 1055.9
1090560 1055.9
1090570 1058.1
1090580 1061.1
1090590 1061.1
1090600 1063.0
1090610 1064.9
1090620 1064.9
1090630 1067.0
1090640 1064.9
1090650 1064.9
1090660 1057.7
1090670 1051.8
1090680 1051.8
1090690 1047.5
1090700 1043.7
1090710 1043.7
1090720 1039.8
1090730 1037.6
1090740 1041.9
1090750 1040.0
1090760 1039.6
1090770 1039.6
1090780 1039.7
1090790 1038.6
1090800 1037.8
1090810 1037.8
1090820 1037.8
1090830 1037.9
1090840 1037.9
1090850 1038.6
1090860 1038.9
1090870 1038.9
1090880 1038.3
1090890 1037.6
1090900 1037.6
1090910 1036.7
1090920 1036.0
1090930 1036.0
1090940 1034.6
1090950 1034.8
1090960 1034.8
1090970 1037.8
1090980 1039.4
1090990 1039.4
1091000 1041.4
1091010 1045.9
1091020 1045.9
1091030 1048.3
1091040 1048.1
1091050 1048.1
1091060 1049.1
1091070 1052.8
1091080 1052.8
1091090 1050.2
1091100 1052.1
1091110 1054.4
1091120 1054.4
1091130 1054.2
1091140 1053.6
1091150 1053.6
1091160 1053.4
1091170 1053.9
1091180 1053.9
1091190 1057.2
1091200 1058.9
1091210 1058.9
1091220 1062.3
1091230 1066.4
1091240 1066.4
1091250 1069.4
1091260 1068.3
1091270 1068.3
1091280 1064.1
1091290 1060.0
1091300 1060.0
1091310 1069.3
1091320 1075.0
1091330 1075.0
1091340 1076.1
1091350 1078.6
1091360 1078.6
1091370 1085.7
1091380 1086.4
1091390 1087.6
1091400 1088.6
1091410 1089.5
1091420 1089.7
1091430 1089.7
1091440 1087.2
1091450 1086.1
1091460 1086.1
1091470 1090.8
1091480 1095.8
1091490 1095.8
1091500 1099.4
1091510 1102.4
1091520 1102.4
1091530 1105.4
1091540 1107.6
1091550 1107.6
1091560 1109.2
1091570 1111.6
1091580 1111.6
1091590 1115.0
1091600 1120.2
1091610 1120.2
1091620 1123.4
1091630 1125.7
1091640 1125.7
1091650 1129.0
1091660 1133.6
1091670 1133.6
1091680 1138.4
1091690 1143.3
1091700 1143.3
1091710 1143.3
1091720 1140.5
1091730 1135.4
1091740 1135.4
1091750 1130.5
1091760 1126.7
1091770 1126.7
1091780 1121.2
1091790 1116.4
1091800 1116.4
1091810 1111.8
1091820 1106.4
1091830 1106.4
1091840 1102.2
1091850 1102.5
1091860 1102.5
1091870 1106.4
1091880 1109.9
1091890 1109.9
1091900 1113.0
1091910 1114.5
1091920 1114.5
1091930 1116.7
1091940 1119.5
1091950 1119.5
1091960 1122.3
1091970 1124.8
1091980 1124.8
1091990 1127.6
1092000 1129.9
1092010 1131.6
1092020 1131.6
1092030 1132.6
1092040 1131.8
1092050 1131.8
1092060 1134.3
1092070 1134.5
1092080 1134.5
1092090 1135.3
1092100 1136.0
1092110 1136.0
1092120 1137.0
1092130 1138.8
1092140 1138.8
1092150 1142.2
1092160 1143.9
1092170 1143.9
1092180 1144.8
1092190 1145.3
1092200 1145.3
1092210 1145.7
1092220 1147.2
1092230 1147.2
1092240 1149.0
1092250 1149.2
1092260 1149.2
1092270 1150.4
1092280 1149.9
1092290 1149.9
1092300 1146.9
1092310 1145.5
1092320 1144.6
1092330 1144.6
1092340 1144.4
1092350 1142.7
1092360 1142.7
1092370 1141.7
1092380 1145.3
1092390 1145.3
1092400 1149.3
1092410 1154.1
1092420 1154.1
1092430 1157.9
1092440 1162.9
1092450 1162.9
1092460 1169.1
1092470 1172.0
1092480 1172.0
1092490 1172.7
1092500 1176.8
1092510 1176.8
1092520 1180.2
1092530 1183.9
1092540 1183.9
1092550 1187.9
1092560 1193.0
1092570 1193.0
1092580 1196.7
1092590 1199.2
1092600 1199.2
1092610 1200.7
1092620 1202.1
1092630 1203.1
1092640 1203.1
1092650 1203.4
1092660 1203.7
1092670 1203.7
1092680 1203.7
1092690 1203.3
1092700 1203.3
1092710 1202.4
1092720 1203.5
1092730 1203.5
1092740 1205.0
1092750 1208.4
1092760 1208.4
1092770 1211.1
1092780 1211.9
1092790 1211.9
1092800 1213.0
1092810 1214.3
1092820 1214.3
1092830 1217.4
1092840 1222.2
1092850 1222.2
1092860 1224.2
1092870 1224.2
1092880 1224.2
1092890 1220.2
1092900 1215.8
1092910 1215.8
1092920 1219.4
1092930 1226.6
1092940 1233.3
1092950 1233.3
1092960 1238.8
1092970 1243.1
1092980 1243.1
1092990 1246.1
1093000 1248.9
1093010 1248.9
1093020 1252.4
1093030 1255.5
1093040 1255.5
1093050 1259.2
1093060 1262.7
1093070 1262.7
1093080 1266.3
1093090 1269.7
1093100 1269.7
1093110 1273.4
1093120 1277.0
1093130 1277.0
1093140 1280.1
1093150 1281.9
1093160 1281.9
1093170 1283.0
1093180 1284.9
1093190 1284.9
1093200 1286.3
1093210 1288.5
1093220 1290.5
1093230 1290.5
1093240 1292.5
1093250 1294.7
1093260 1294.7
1093270 1297.4
1093280 1300.4
1093290 1300.4
1093300 1303.7
1093310 1307.3
1093320 1307.3
1093330 1310.8
1093340 1316.4
1093350 1316.4
1093360 1319.9
1093370 1322.6
1093380 1322.6
1093390 1326.0
1093400 1330.0
1093410 1330.0
1093420 1333.8
1093430 1337.7
1093440 1337.7
1093450 1341.6
1093460 1345.2
1093470 1345.2
1093480 1348.4
1093490 1351.3
1093500 1351.3
1093510 1355.3
1093520 1359.1
1093530 1361.5
1093540 1361.5
1093550 1363.9
1093560 1365.7
1093570 1365.7
1093580 1367.7
1093590 1369.3
1093600 1369.3
1093610 1370.7
1093620 1371.6
1093630 1371.6
1093640 1372.6
1093650 1374.3
1093660 1374.3
1093670 1381.1
1093680 1383.5
1093690 1383.5
1093700 1383.3
1093710 1380.3
1093720 1380.3
1093730 1373.7
1093740 1365.9
1093750 1365.9
1093760 1358.9
1093770 1353.8
1093780 1353.8
1093790 1350.8
1093800 1348.1
1093810 1348.1
1093820 1345.3
1093830 1343.6
1093840 1341.7
1093850 1341.7
1093860 1339.5
1093870 1338.1
1093880 1338.1
1093890 1335.2
1093900 1334.5
1093910 1334.5
1093920 1334.1
1093930 1336.6
1093940 1336.6
1093950 1340.1
1093960 1342.9
1093970 1342.9
1093980 1345.2
1093990 1347.7
1094000 1348.4
1094010 1351.2
1094020 1352.7
1094030 1352.7
1094040 1353.2
1094050 1353.8
1094060 1353.8
1094070 1354.3
1094080 1355.0
1094090 1355.0
1094100 1356.6
1094110 1357.8
1094120 1357.8
1094130 1360.0
1094140 1359.9
1094150 1361.5
1094160 1361.5
1094170 1364.3
1094180 1365.4
1094190 1365.4
1094200 1366.4
1094210 1367.0
1094220 1367.0
1094230 1365.2
1094240 1362.9
1094250 1362.9
1094260 1362.5
1094270 1362.6
1094280 1362.6
1094290 1363.1
1094300 1361.0
1094310 1361.0
1094320 1354.7
1094330 1347.8
1094340 1347.8
1094350 1343.7
1094360 1342.3
1094370 1342.3
1094380 1349.8
1094390 1358.1
1094400 1358.1
1094410 1360.6
1094420 1360.6
1094430 1360.6
1094440 1360.2
1094450 1361.2
1094460 1360.8
1094470 1360.8
1094480 1358.1
1094490 1353.7
1094500 1353.7
1094510 1350.2
1094520 1347.0
1094530 1347.0
1094540 1344.1
1094550 1341.8
1094560 1341.8
1094570 1340.1
1094580 1337.9
1094590 1337.9
1094600 1335.5
1094610 1333.2
1094620 1333.2
1094630 1331.7
1094640 1330.0
1094650 1331.3
1094660 1329.3
1094670 1328.1
1094680 1328.1
1094690 1327.4
1094700 1326.6
1094710 1326.6
1094720 1325.0
1094730 1323.2
1094740 1323.2
1094750 1321.5
1094760 1319.8
1094770 1317.3
1094780 1317.3
1094790 1316.3
1094800 1315.0
1094810 1315.0
1094820 1315.3
1094830 1316.5
1094840 1316.5
1094850 1315.6
1094860 1310.7
1094870 1310.7
1094880 1308.7
1094890 1308.4
1094900 1308.4
1094910 1314.1
1094920 1316.9
1094930 1316.9
1094940 1316.7
1094950 1315.1
1094960 1315.1
1094970 1316.9
1094980 1315.9
1094990 1315.9
1095000 1318.1
1095010 1322.8
1095020 1322.8
1095030 1326.7
1095040 1328.8
1095050 1330.5
1095060 1330.5
1095070 1331.9
1095080 1332.8
1095090 1332.8
1095100 1333.4
1095110 1334.3
1095120 1334.3
1095130 1334.4
1095140 1335.7
1095150 1335.7
1095160 1338.4
1095170 1341.0
1095180 1341.0
1095190 1343.8
1095200 1346.3
1095210 1346.3
1095220 1347.8
1095230 1349.4
1095240 1349.4
1095250 1351.6
1095260 1353.4
1095270 1353.4
1095280 1355.0
1095290 1356.8
1095300 1356.4
1095310 1358.9
1095320 1363.0
1095330 1363.0
1095340 1368.0
1095350 1373.5
1095360 1378.1
1095370 1378.1
1095380 1382.3
1095390 1385.0
1095400 1385.0
1095410 1387.9
1095420 1391.2
1095430 1391.2
1095440 1394.6
1095450 1398.0
1095460 1398.0
1095470 1401.4
1095480 1404.1
1095490 1404.1
1095500 1406.3
1095510 1407.9
1095520 1407.9
1095530 1409.3
1095540 1410.6
1095550 1410.6
1095560 1411.7
1095570 1413.4
1095580 1413.4
1095590 1414.4
1095600 1415.7
1095610 1415.7
1095620 1416.5
1095630 1421.8
1095640 1421.8
1095650 1410.7
1095660 1403.1
1095670 1399.1
1095680 1399.1
1095690 1399.1
1095700 1396.2
1095710 1396.2
1095720 1397.5
1095730 1398.1
1095740 1398.1
1095750 1392.3
1095760 1386.1
1095770 1386.1
1095780 1384.6
1095790 1381.2
1095800 1381.2
1095810 1376.7
1095820 1372.3
1095830 1372.3
1095840 1368.3
1095850 1364.8
1095860 1364.8
1095870 1361.7
1095880 1359.0
1095890 1359.0
1095900 1357.2
1095910 1354.4
1095920 1354.4
1095930 1351.0
1095940 1348.9
1095950 1348.9
1095960 1350.0
1095970 1346.6
1095980 1344.2
1095990 1344.2
1096000 1341.6
1096010 1339.3
1096020 1339.3
1096030 1337.1
1096040 1333.5
1096050 1333.5
1096060 1330.2
1096070 1326.9
1096080 1326.9
1096090 1323.9
1096100 1318.6
1096110 1318.6
1096120 1316.1
1096130 1313.5
1096140 1313.5
1096150 1309.2
1096160 1305.6
1096170 1305.6
1096180 1304.1
1096190 1307.2
1096200 1307.2
1096210 1307.1
1096220 1307.9
1096230 1307.9
1096240 1310.1
1096250 1311.3
1096260 1311.3
1096270 1310.4
1096280 1311.5
1096290 1314.5
1096300 1314.5
1096310 1312.2
1096320 1312.3
1096330 1312.3
1096340 1312.5
1096350 1311.3
1096360 1311.3
1096370 1309.4
1096380 1307.8
1096390 1307.8
1096400 1306.3
1096410 1304.8
1096420 1304.8
1096430 1301.1
1096440 1294.8
1096450 1294.8
1096460 1291.7
1096470 1288.8
1096480 1288.8
1096490 1285.5
1096500 1282.7
1096510 1282.7
1096520 1279.2
1096530 1275.9
1096540 1275.9
1096550 1273.9
1096560 1272.3
1096570 1272.1
1096580 1272.1
1096590 1272.2
1096600 1270.2
1096610 1270.2
1096620 1266.6
1096630 1265.3
1096640 1265.3
1096650 1269.9
1096660 1268.9
1096670 1268.9
1096680 1266.1
1096690 1261.6
1096700 1261.6
1096710 1260.1
1096720 1258.5
1096730 1258.5
1096740 1256.7
1096750 1256.1
1096760 1256.1
1096770 1256.4
1096780 1256.5
1096790 1256.5
1096800 1255.1
1096810 1254.0
1096820 1254.0
1096830 1253.4
1096840 1252.7
1096850 1252.7
1096860 1250.1
1096870 1246.8
1096880 1243.9
1096890 1243.9
1096900 1240.9
1096910 1238.7
1096920 1238.7
1096930 1235.8
1096940 1232.8
1096950 1236.6
1096960 1233.6
1096970 1230.6
1096980 1230.6
1096990 1227.8
1097000 1225.1
1097010 1225.1
1097020 1221.5
1097030 1217.3
1097040 1217.3
1097050 1213.6
1097060 1210.5
1097070 1210.5
1097080 1208.6
1097090 1206.6
1097100 1206.6
1097110 1203.2
1097120 1198.3
1097130 1198.3
1097140 1195.0
1097150 1192.2
1097160 1192.2
1097170 1189.8
1097180 1186.9
1097190 1184.7
1097200 1184.7
1097210 1181.5
1097220 1178.2
1097230 1178.2
1097240 1175.1
1097250 1173.2
1097260 1173.2
1097270 1172.9
1097280 1169.9
1097290 1169.9
1097300 1167.5
1097310 1165.4
1097320 1165.4
1097330 1163.3
1097340 1160.0
1097350 1160.0
1097360 1156.6
1097370 1153.6
1097380 1153.6
1097390 1150.7
1097400 1148.0
1097410 1148.0
1097420 1145.1
1097430 1142.1
1097440 1142.1
1097450 1138.9
1097460 1135.8
1097470 1135.8
1097480 1132.6
1097490 1129.6
1097500 1127.5
1097510 1127.5
1097520 1124.7
1097530 1119.7
1097540 1119.7
1097550 1109.8
1097560 1101.9
1097570 1101.9
1097580 1093.0
1097590 1080.3
1097600 1078.1
1097610 1069.5
1097620 1064.2
1097630 1064.2
1097640 1060.5
1097650 1056.0
1097660 1056.0
1097670 1051.1
1097680 1047.8
1097690 1047.8
1097700 1044.5
1097710 1036.2
1097720 1036.2
1097730 1023.9
1097740 1013.8
1097750 1013.8
1097760 1007.7
1097770 1002.7
1097780 1002.7
1097790 999.5
1097800 998.2
1097810 997.5
1097820 997.5
1097830 996.0
1097840 993.7
1097850 993.7
1097860 990.6
1097870 986.9
1097880 986.9
1097890 982.5
1097900 978.0
1097910 978.0
1097920 974.8
1097930 967.3
1097940 967.3
1097950 961.5
1097960 958.1
1097970 958.1
1097980 957.7
1097990 955.0
1098000 955.0
1098010 949.1
1098020 945.5
1098030 945.5
1098040 940.4
1098050 931.3
1098060 931.3
1098070 923.5
1098080 916.7
1098090 910.0
1098100 910.0
1098110 907.6
1098120 904.5
1098130 904.5
1098140 901.8
1098150 903.0
1098160 903.0
1098170 906.1
1098180 909.1
1098190 909.1
1098200 912.4
1098210 915.6
1098220 915.6
1098230 919.8
1098240 924.9
1098250 924.9
1098260 921.1
1098270 925.6
1098280 925.6
1098290 928.3
1098300 919.7
1098310 919.7
1098320 909.7
1098330 904.5
1098340 904.5
1098350 904.6
1098360 906.9
1098370 906.9
1098380 911.3
1098390 916.8
1098400 921.4
1098410 921.4
1098420 924.5
1098430 925.1
1098440 925.1
1098450 921.3
1098460 918.6
1098470 918.6
1098480 915.8
1098490 916.2
1098500 916.2
1098510 918.1
1098520 921.6
1098530 921.6
1098540 922.7
1098550 921.3
1098560 921.3
1098570 919.8
1098580 918.1
1098590 918.3
1098600 916.9
1098610 915.7
1098620 915.7
1098630 914.4
1098640 913.1
1098650 913.1
1098660 911.8
1098670 910.8
1098680 910.8
1098690 909.7
1098700 908.9
1098710 908.4
1098720 908.4
1098730 907.8
1098740 906.6
1098750 906.6
1098760 905.9
1098770 904.6
1098780 904.6
1098790 903.1
1098800 901.8
1098810 901.8
1098820 900.8
1098830 899.2
1098840 899.2
1098850 897.9
1098860 897.4
1098870 897.4
1098880 899.1
1098890 900.4
1098900 900.4
1098910 900.3
1098920 897.8
1098930 895.8
1098940 890.9
1098950 888.0
1098960 888.0
1098970 885.5
1098980 881.7
1098990 881.7
1099000 878.4
1099010 861.5
1099020 847.2
1099030 847.2
1099040 837.6
1099050 828.3
1099060 828.3
1099070 819.8
1099080 811.0
1099090 811.0
1099100 802.8
1099110 795.6
1099120 795.6
1099130 787.3
1099140 777.2
1099150 777.2
1099160 764.7
1099170 755.6
1099180 755.6
1099190 752.2
1099200 749.4
1099210 749.4
1099220 743.8
1099230 736.6
1099240 736.6
1099250 729.3
1099260 721.1
1099270 721.1
1099280 714.8
1099290 708.8
1099300 703.1
1099310 703.1
1099320 697.3
1099330 688.4
1099340 688.4
1099350 679.3
1099360 676.0
1099370 676.0
1099380 677.9
1099390 677.7
1099400 677.7
1099410 677.3
1099420 676.6
1099430 676.6
1099440 675.7
1099450 674.7
1099460 674.7
1099470 673.8
1099480 673.1
1099490 673.1
1099500 672.2
1099510 671.3
1099520 671.3
1099530 670.4
1099540 669.6
1099550 669.6
1099560 668.8
1099570 667.9
1099580 667.9
1099590 664.4
1099600 663.6
1099610 663.1
1099620 663.1
1099630 662.7
1099640 662.6
1099650 662.6
1099660 661.6
1099670 658.4
1099680 658.4
1099690 658.2
1099700 660.3
1099710 660.3
1099720 660.7
1099730 660.4
1099740 660.4
1099750 660.2
1099760 660.1
1099770 660.1
1099780 660.0
1099790 659.9
1099800 659.9
1099810 659.9
1099820 659.6
1099830 659.6
1099840 659.5
1099850 659.6
1099860 659.6
1099870 659.4
1099880 659.1
1099890 659.1
1099900 659.5
1099910 659.1
1099920 659.6
1099930 659.6
1099940 659.7
1099950 662.1
1099960 662.1
1099970 665.0
1099980 668.3
1099990 668.3
