1080000 555.7
1080010 562.9
1080020 571.2
1080030 571.2
1080040 580.5
1080050 586.9
1080060 586.9
1080070 588.7
1080080 590.9
1080090 590.9
1080100 594.6
1080110 597.5
1080120 597.5
1080130 599.3
1080140 598.8
1080150 598.8
1080160 596.8
1080170 602.9
1080180 602.9
1080190 601.1
1080200 598.5
1080210 598.5
1080220 596.3
1080230 597.2
1080240 597.2
1080250 600.9
1080260 607.0
1080270 607.0
1080280 613.1
1080290 619.0
1080300 619.0
1080310 622.9
1080320 626.7
1080330 630.9
1080340 630.9
1080350 634.8
1080360 638.1
1080370 638.1
1080380 640.7
1080390 643.9
1080400 643.9
1080410 647.1
1080420 650.3
1080430 650.3
1080440 652.8
1080450 654.9
1080460 654.9
1080470 655.8
1080480 662.4
1080490 662.4
1080500 661.9
1080510 663.5
1080520 663.5
1080530 664.7
1080540 667.0
1080550 667.0
1080560 670.3
1080570 673.8
1080580 673.8
1080590 676.6
1080600 678.7
1080610 678.7
1080620 680.5
1080630 683.2
1080640 685.4
1080650 685.4
1080660 687.8
1080670 691.3
1080680 691.3
1080690 694.1
1080700 697.2
1080710 697.2
1080720 701.8
1080730 704.3
1080740 704.3
1080750 704.1
1080760 699.5
1080770 699.5
1080780 697.9
1080790 699.6
1080800 701.9
1080810 704.9
1080820 709.0
1080830 709.0
1080840 713.3
1080850 718.0
1080860 718.0
1080870 723.9
1080880 732.2
1080890 732.2
1080900 743.0
1080910 755.1
1080920 755.1
1080930 765.5
1080940 772.6
1080950 779.0
1080960 779.0
1080970 785.4
1080980 792.1
1080990 792.1
1081000 798.4
1081010 805.7
1081020 805.7
1081030 812.3
1081040 818.4
1081050 818.4
1081060 824.9
1081070 831.1
1081080 831.1
1081090 837.3
1081100 844.1
1081110 849.2
1081120 854.0
1081130 858.1
1081140 858.1
1081150 863.1
1081160 869.3
1081170 869.3
1081180 875.5
1081190 882.1
1081200 882.1
1081210 888.7
1081220 894.3
1081230 899.3
1081240 899.3
1081250 904.6
1081260 909.2
1081270 909.2
1081280 912.8
1081290 915.6
1081300 915.6
1081310 918.3
1081320 921.4
1081330 921.4
1081340 923.6
1081350 923.7
1081360 923.7
1081370 927.7
1081380 930.6
1081390 930.6
1081400 933.7
1081410 937.9
1081420 937.9
1081430 945.6
1081440 948.8
1081450 948.8
1081460 951.4
1081470 953.6
1081480 953.6
1081490 955.6
1081500 957.4
1081510 957.4
1081520 958.9
1081530 960.2
1081540 961.4
1081550 961.4
1081560 961.1
1081570 958.1
1081580 958.1
1081590 954.4
1081600 951.6
1081610 951.6
1081620 949.0
1081630 946.2
1081640 946.2
1081650 944.4
1081660 943.6
1081670 943.6
1081680 944.0
1081690 945.4
1081700 945.4
1081710 946.9
1081720 949.1
1081730 949.1
1081740 953.5
1081750 957.1
1081760 957.1
1081770 960.6
1081780 963.8
1081790 963.8
1081800 967.7
1081810 971.4
1081820 971.4
1081830 973.2
1081840 976.2
1081850 979.9
1081860 979.9
1081870 982.3
1081880 983.4
1081890 983.4
1081900 985.5
1081910 988.5
1081920 988.5
1081930 992.0
1081940 997.4
1081950 997.4
1081960 1003.9
1081970 1009.9
1081980 1009.9
1081990 1014.9
1082000 1019.8
1082010 1019.8
1082020 1025.0
1082030 1030.4
1082040 1030.4
1082050 1036.4
1082060 1045.5
1082070 1045.5
1082080 1050.7
1082090 1056.8
1082100 1056.8
1082110 1063.2
1082120 1069.7
1082130 1069.7
1082140 1076.2
1082150 1082.9
1082160 1089.8
1082170 1089.8
1082180 1095.9
1082190 1101.7
1082200 1101.7
1082210 1107.4
1082220 1113.6
1082230 1113.6
1082240 1118.8
1082250 1123.3
1082260 1123.3
1082270 1128.8
1082280 1134.5
1082290 1134.5
1082300 1139.9
1082310 1144.8
1082320 1144.8
1082330 1149.2
1082340 1153.2
1082350 1153.2
1082360 1157.3
1082370 1161.6
1082380 1155.3
1082390 1159.9
1082400 1163.5
1082410 1163.5
1082420 1166.8
1082430 1170.4
1082440 1170.4
1082450 1174.1
1082460 1177.9
1082470 1181.7
1082480 1181.7
1082490 1185.6
1082500 1189.5
1082510 1189.5
1082520 1192.3
1082530 1194.8
1082540 1194.8
1082550 1201.6
1082560 1207.4
1082570 1207.4
1082580 1214.3
1082590 1221.1
1082600 1221.1
1082610 1228.2
1082620 1236.3
1082630 1236.3
1082640 1244.3
1082650 1251.8
1082660 1251.8
1082670 1260.3
1082680 1274.1
1082690 1274.1
1082700 1276.6
1082710 1283.0
1082720 1283.0
1082730 1289.6
1082740 1291.5
1082750 1292.6
1082760 1292.6
1082770 1295.3
1082780 1298.4
1082790 1298.4
1082800 1300.3
1082810 1303.2
1082820 1303.2
1082830 1307.2
1082840 1310.1
1082850 1310.1
1082860 1312.7
1082870 1314.3
1082880 1314.3
1082890 1315.2
1082900 1315.2
1082910 1315.2
1082920 1316.1
1082930 1317.5
1082940 1317.5
1082950 1318.4
1082960 1319.4
1082970 1319.4
1082980 1320.7
1082990 1321.9
1083000 1321.9
1083010 1318.5
1083020 1319.1
1083030 1319.1
1083040 1319.1
1083050 1318.9
1083060 1318.7
1083070 1318.7
1083080 1318.6
1083090 1318.0
1083100 1318.0
1083110 1317.1
1083120 1318.1
1083130 1318.1
1083140 1320.0
1083150 1321.8
1083160 1321.8
1083170 1322.9
1083180 1323.4
1083190 1323.4
1083200 1324.8
1083210 1326.6
1083220 1326.6
1083230 1325.5
1083240 1322.6
1083250 1322.6
1083260 1321.4
1083270 1321.4
1083280 1321.4
1083290 1320.2
1083300 1318.5
1083310 1318.5
1083320 1316.5
1083330 1309.8
1083340 1309.8
1083350 1307.2
1083360 1306.8
1083370 1309.2
1083380 1309.2
1083390 1309.3
1083400 1305.2
1083410 1305.2
1083420 1303.0
1083430 1300.3
1083440 1300.3
1083450 1298.9
1083460 1297.7
1083470 1297.7
1083480 1297.8
1083490 1300.0
1083500 1300.0
1083510 1303.2
1083520 1306.9
1083530 1306.9
1083540 1310.6
1083550 1313.6
1083560 1313.6
1083570 1315.8
1083580 1317.1
1083590 1317.1
1083600 1317.9
1083610 1318.6
1083620 1318.6
1083630 1318.2
1083640 1317.3
1083650 1311.4
1083660 1310.3
1083670 1309.6
1083680 1309.4
1083690 1309.4
1083700 1309.3
1083710 1309.1
1083720 1309.1
1083730 1309.7
1083740 1311.2
1083750 1311.2
1083760 1312.1
1083770 1312.6
1083780 1312.6
1083790 1313.6
1083800 1315.6
1083810 1315.6
1083820 1317.7
1083830 1319.4
1083840 1319.4
1083850 1320.5
1083860 1321.0
1083870 1321.0
1083880 1321.2
1083890 1321.3
1083900 1321.3
1083910 1321.1
1083920 1320.3
1083930 1320.3
1083940 1319.2
1083950 1317.9
1083960 1317.9
1083970 1315.7
1083980 1313.9
1083990 1311.9
1084000 1311.9
1084010 1309.2
1084020 1304.9
1084030 1304.9
1084040 1300.6
1084050 1296.2
1084060 1296.2
1084070 1291.9
1084080 1288.5
1084090 1288.5
1084100 1284.9
1084110 1281.2
1084120 1281.2
1084130 1276.2
1084140 1274.7
1084150 1274.7
1084160 1272.8
1084170 1270.2
1084180 1270.2
1084190 1266.7
1084200 1260.9
1084210 1260.9
1084220 1255.0
1084230 1250.3
1084240 1250.3
1084250 1246.8
1084260 1243.5
1084270 1240.6
1084280 1240.6
1084290 1241.2
1084300 1239.0
1084310 1239.0
1084320 1237.9
1084330 1238.3
1084340 1238.3
1084350 1239.2
1084360 1239.1
1084370 1239.1
1084380 1238.2
1084390 1237.8
1084400 1237.8
1084410 1237.6
1084420 1237.0
1084430 1237.0
1084440 1236.3
1084450 1235.2
1084460 1235.2
1084470 1233.9
1084480 1233.0
1084490 1233.0
1084500 1232.4
1084510 1231.8
1084520 1231.8
1084530 1231.1
1084540 1230.1
1084550 1230.1
1084560 1228.5
1084570 1225.6
1084580 1222.4
1084590 1222.4
1084600 1216.5
1084610 1218.7
1084620 1218.7
1084630 1219.9
1084640 1220.0
1084650 1220.0
1084660 1220.1
1084670 1220.0
1084680 1220.0
1084690 1217.7
1084700 1214.3
1084710 1214.3
1084720 1210.8
1084730 1209.5
1084740 1209.5
1084750 1209.1
1084760 1207.7
1084770 1207.7
1084780 1212.3
1084790 1213.0
1084800 1213.0
1084810 1213.2
1084820 1214.7
1084830 1214.7
1084840 1215.3
1084850 1214.5
1084860 1214.5
1084870 1210.8
1084880 1209.6
1084890 1211.1
1084900 1211.1
1084910 1211.7
1084920 1213.2
1084930 1213.2
1084940 1212.7
1084950 1212.8
1084960 1212.8
1084970 1212.3
1084980 1212.0
1084990 1212.0
1085000 1212.4
1085010 1212.4
1085020 1212.4
1085030 1210.8
1085040 1208.1
1085050 1208.1
1085060 1205.5
1085070 1201.8
1085080 1201.8
1085090 1199.3
1085100 1197.4
1085110 1197.4
1085120 1194.6
1085130 1190.5
1085140 1190.5
1085150 1183.9
1085160 1177.9
1085170 1177.9
1085180 1173.3
1085190 1170.4
1085200 1175.3
1085210 1175.3
1085220 1180.8
1085230 1189.0
1085240 1191.8
1085250 1199.2
1085260 1200.1
1085270 1200.1
1085280 1199.4
1085290 1198.0
1085300 1198.0
1085310 1196.4
1085320 1194.4
1085330 1194.4
1085340 1193.4
1085350 1193.3
1085360 1193.3
1085370 1193.7
1085380 1193.8
1085390 1193.8
1085400 1194.2
1085410 1195.5
1085420 1195.5
1085430 1199.0
1085440 1201.8
1085450 1201.8
1085460 1203.6
1085470 1204.4
1085480 1204.7
1085490 1204.7
1085500 1206.6
1085510 1207.9
1085520 1207.9
1085530 1208.1
1085540 1208.8
1085550 1208.8
1085560 1214.0
1085570 1217.8
1085580 1217.8
1085590 1227.3
1085600 1237.5
1085610 1237.5
1085620 1238.4
1085630 1241.0
1085640 1241.0
1085650 1243.9
1085660 1248.8
1085670 1248.8
1085680 1265.0
1085690 1262.1
1085700 1262.1
1085710 1265.3
1085720 1273.4
1085730 1273.4
1085740 1277.3
1085750 1282.8
1085760 1282.8
1085770 1288.9
1085780 1298.1
1085790 1308.4
1085800 1308.4
1085810 1318.5
1085820 1328.3
1085830 1328.3
1085840 1337.7
1085850 1334.6
1085860 1334.6
1085870 1335.0
1085880 1346.8
1085890 1346.8
1085900 1352.2
1085910 1359.4
1085920 1359.4
1085930 1365.0
1085940 1362.1
1085950 1362.1
1085960 1334.5
1085970 1316.1
1085980 1316.1
1085990 1309.3
1086000 1307.4
1086010 1307.4
1086020 1308.2
1086030 1309.2
1086040 1309.2
1086050 1309.8
1086060 1310.9
1086070 1310.9
1086080 1313.9
1086090 1314.1
1086100 1315.0
1086110 1315.0
1086120 1316.6
1086130 1319.1
1086140 1319.1
1086150 1323.2
1086160 1328.5
1086170 1328.5
1086180 1333.5
1086190 1339.5
1086200 1344.1
1086210 1361.1
1086220 1367.7
1086230 1367.7
1086240 1371.8
1086250 1377.1
1086260 1377.1
1086270 1382.1
1086280 1395.6
1086290 1395.6
1086300 1410.0
1086310 1407.2
1086320 1407.2
1086330 1403.7
1086340 1399.2
1086350 1399.2
1086360 1393.1
1086370 1377.8
1086380 1377.8
1086390 1360.9
1086400 1360.3
1086410 1348.6
1086420 1348.6
1086430 1342.5
1086440 1335.7
1086450 1335.7
1086460 1329.3
1086470 1324.7
1086480 1324.7
1086490 1321.8
1086500 1329.7
1086510 1329.7
1086520 1329.2
1086530 1324.7
1086540 1324.7
1086550 1320.6
1086560 1318.0
1086570 1318.0
1086580 1315.2
1086590 1312.8
1086600 1312.8
1086610 1310.8
1086620 1305.5
1086630 1305.5
1086640 1298.1
1086650 1290.7
1086660 1290.7
1086670 1283.4
1086680 1276.2
1086690 1276.2
1086700 1268.6
1086710 1260.5
1086720 1253.1
1086730 1253.1
1086740 1248.7
1086750 1245.1
1086760 1245.1
1086770 1241.9
1086780 1238.7
1086790 1238.7
1086800 1234.2
1086810 1227.1
1086820 1227.1
1086830 1219.4
1086840 1210.5
1086850 1210.5
1086860 1202.1
1086870 1197.2
1086880 1197.2
1086890 1193.2
1086900 1189.5
1086910 1189.5
1086920 1183.6
1086930 1173.0
1086940 1173.0
1086950 1147.1
1086960 1135.1
1086970 1135.1
1086980 1127.8
1086990 1119.8
1087000 1110.7
1087010 1110.7
1087020 1101.7
1087030 1093.2
1087040 1093.2
1087050 1084.2
1087060 1076.8
1087070 1076.8
1087080 1066.1
1087090 1054.0
1087100 1054.0
1087110 1045.1
1087120 1036.9
1087130 1036.9
1087140 1028.9
1087150 1021.5
1087160 1024.8
1087170 1019.3
1087180 1016.3
1087190 1016.3
1087200 1008.2
1087210 1001.2
1087220 1001.2
1087230 995.4
1087240 988.8
1087250 988.8
1087260 982.7
1087270 975.2
1087280 975.2
1087290 966.3
1087300 958.7
1087310 951.5
1087320 951.5
1087330 944.7
1087340 938.9
1087350 938.9
1087360 932.7
1087370 924.8
1087380 924.8
1087390 916.1
1087400 906.7
1087410 906.7
1087420 900.6
1087430 897.5
1087440 897.5
1087450 892.0
1087460 885.8
1087470 885.8
1087480 882.5
1087490 873.9
1087500 873.9
1087510 867.4
1087520 862.0
1087530 862.0
1087540 855.8
1087550 848.0
1087560 848.0
1087570 839.6
1087580 831.8
1087590 831.8
1087600 821.8
1087610 811.3
1087620 802.4
1087630 802.4
1087640 794.8
1087650 795.3
1087660 795.3
1087670 794.1
1087680 787.0
1087690 787.0
1087700 780.8
1087710 776.2
1087720 776.2
1087730 768.6
1087740 758.7
1087750 758.7
1087760 748.0
1087770 745.7
1087780 745.7
1087790 752.0
1087800 760.0
1087810 759.9
1087820 766.6
1087830 774.9
1087840 774.9
1087850 782.4
1087860 794.0
1087870 794.0
1087880 810.6
1087890 826.6
1087900 826.6
1087910 838.7
1087920 848.2
1087930 858.0
1087940 858.0
1087950 867.6
1087960 879.9
1087970 879.9
1087980 893.2
1087990 905.0
1088000 905.0
1088010 909.1
1088020 918.1
1088030 918.1
1088040 931.8
1088050 932.6
1088060 932.6
1088070 932.3
1088080 939.1
1088090 939.1
1088100 947.8
1088110 955.8
1088120 955.8
1088130 956.4
1088140 962.3
1088150 962.3
1088160 969.4
1088170 977.1
1088180 977.1
1088190 985.2
1088200 994.6
1088210 994.6
1088220 1003.8
1088230 1010.5
1088240 1013.0
1088250 1013.0
1088260 1011.0
1088270 1008.1
1088280 1008.1
1088290 1008.0
1088300 1009.0
1088310 1009.0
1088320 1012.8
1088330 1012.2
1088340 1012.2
1088350 1007.4
1088360 1003.6
1088370 1003.6
1088380 1001.8
1088390 1006.5
1088400 1006.5
1088410 1012.7
1088420 1015.2
1088430 1015.2
1088440 1014.5
1088450 1005.8
1088460 1005.8
1088470 1003.2
1088480 1001.5
1088490 1001.5
1088500 999.8
1088510 1002.1
1088520 1003.3
1088530 1003.3
1088540 1004.1
1088550 1006.0
1088560 1006.0
1088570 1005.5
1088580 1001.5
1088590 1001.5
1088600 997.8
1088610 996.1
1088620 996.1
1088630 997.9
1088640 1004.0
1088650 1004.0
1088660 1004.8
1088670 1008.4
1088680 1008.4
1088690 1015.0
1088700 1022.2
1088710 1022.2
1088720 1026.3
1088730 1024.7
1088740 1024.7
1088750 1024.8
1088760 1027.2
1088770 1023.3
1088780 1029.3
1088790 1031.2
1088800 1031.2
1088810 1025.8
1088820 1018.4
1088830 1010.5
1088840 1010.5
1088850 1003.5
1088860 998.6
1088870 998.6
1088880 994.3
1088890 989.3
1088900 989.3
1088910 985.5
1088920 982.1
1088930 982.1
1088940 979.4
1088950 976.2
1088960 976.2
1088970 973.3
1088980 969.5
1088990 969.5
1089000 965.8
1089010 961.9
1089020 961.9
1089030 959.6
1089040 956.6
1089050 956.6
1089060 952.9
1089070 950.7
1089080 950.7
1089090 948.1
1089100 944.3
1089110 944.3
1089120 940.6
1089130 938.3
1089140 937.6
1089150 937.6
1089160 936.5
1089170 935.3
1089180 935.3
1089190 934.3
1089200 931.2
1089210 931.2
1089220 927.2
1089230 923.5
1089240 923.5
1089250 918.8
1089260 909.2
1089270 909.2
1089280 903.2
1089290 912.5
1089300 912.5
1089310 923.3
1089320 931.2
1089330 931.2
1089340 935.2
1089350 937.7
1089360 937.7
1089370 940.2
1089380 941.9
1089390 941.9
1089400 943.0
1089410 944.6
1089420 946.0
1089430 947.9
1089440 947.5
1089450 945.5
1089460 945.5
1089470 942.7
1089480 939.8
1089490 939.8
1089500 937.7
1089510 936.8
1089520 936.8
1089530 934.1
1089540 931.0
1089550 931.0
1089560 929.2
1089570 931.2
1089580 931.2
1089590 934.4
1089600 937.7
1089610 937.7
1089620 940.6
1089630 944.1
1089640 944.1
1089650 946.2
1089660 948.5
1089670 948.5
1089680 953.4
1089690 958.7
1089700 958.7
1089710 963.5
1089720 970.3
1089730 970.3
1089740 979.2
1089750 987.0
1089760 991.7
1089770 991.7
1089780 993.0
1089790 995.4
1089800 995.4
1089810 1000.0
1089820 1002.5
1089830 1002.5
1089840 1004.1
1089850 1009.1
1089860 1009.1
1089870 1009.5
1089880 1002.2
1089890 1002.2
1089900 995.6
1089910 989.2
1089920 989.2
1089930 984.7
1089940 983.5
1089950 983.5
1089960 984.4
1089970 982.1
1089980 982.1
1089990 977.2
1090000 973.2
1090010 973.2
1090020 971.6
1090030 971.7
1090040 966.1
1090050 966.1
1090060 967.2
1090070 970.5
1090080 970.5
1090090 973.1
1090100 974.3
1090110 974.3
1090120 978.7
1090130 977.1
1090140 977.1
1090150 971.8
1090160 967.8
1090170 967.8
1090180 969.7
1090190 972.0
1090200 972.0
1090210 972.9
1090220 969.4
1090230 969.4
1090240 974.2
1090250 976.3
1090260 976.3
1090270 976.6
1090280 977.7
1090290 977.7
1090300 977.2
1090310 974.7
1090320 974.7
1090330 971.2
1090340 968.8
1090350 965.9
1090360 965.9
1090370 961.0
1090380 955.2
1090390 961.0
1090400 958.5
1090410 957.9
1090420 957.9
1090430 958.4
1090440 957.6
1090450 957.6
1090460 957.3
1090470 959.4
1090480 959.4
1090490 963.3
1090500 967.1
1090510 967.1
1090520 970.5
1090530 974.8
1090540 974.8
1090550 979.9
1090560 984.5
1090570 984.5
1090580 992.8
1090590 1008.5
1090600 1008.5
1090610 1015.8
1090620 1020.9
1090630 1020.9
1090640 1026.7
1090650 1030.0
1090660 1031.7
1090670 1031.7
1090680 1034.7
1090690 1037.5
1090700 1037.5
1090710 1045.8
1090720 1053.7
1090730 1053.7
1090740 1058.5
1090750 1061.6
1090760 1061.6
1090770 1065.7
1090780 1068.9
1090790 1068.9
1090800 1071.8
1090810 1073.4
1090820 1073.4
1090830 1073.7
1090840 1075.1
1090850 1075.1
1090860 1077.0
1090870 1081.1
1090880 1081.1
1090890 1085.8
1090900 1090.5
1090910 1090.5
1090920 1095.1
1090930 1097.4
1090940 1097.4
1090950 1098.6
1090960 1099.8
1090970 1100.9
1090980 1100.9
1090990 1101.7
1091000 1102.9
1091010 1102.9
1091020 1104.3
1091030 1104.7
1091040 1104.7
1091050 1106.2
1091060 1107.5
1091070 1107.5
1091080 1108.6
1091090 1110.0
1091100 1110.0
1091110 1111.5
1091120 1113.2
1091130 1113.2
1091140 1115.0
1091150 1116.8
1091160 1116.8
1091170 1118.4
1091180 1119.9
1091190 1119.9
1091200 1121.4
1091210 1122.7
1091220 1122.7
1091230 1123.9
1091240 1125.1
1091250 1126.7
1091260 1126.7
1091270 1128.1
1091280 1129.4
1091290 1129.4
1091300 1130.5
1091310 1131.4
1091320 1131.4
1091330 1132.2
1091340 1133.3
1091350 1133.3
1091360 1135.2
1091370 1136.5
1091380 1136.5
1091390 1137.8
1091400 1139.1
1091410 1139.1
1091420 1140.3
1091430 1141.7
1091440 1141.7
1091450 1143.0
1091460 1144.8
1091470 1144.8
1091480 1146.8
1091490 1148.8
1091500 1148.8
1091510 1150.5
1091520 1151.5
1091530 1151.5
1091540 1152.0
1091550 1151.7
1091560 1151.1
1091570 1151.1
1091580 1151.0
1091590 1152.5
1091600 1152.5
1091610 1153.9
1091620 1155.6
1091630 1155.6
1091640 1158.2
1091650 1160.3
1091660 1160.3
1091670 1161.6
1091680 1162.1
1091690 1162.1
1091700 1163.0
1091710 1166.1
1091720 1166.1
1091730 1167.9
1091740 1169.6
1091750 1169.6
1091760 1171.6
1091770 1173.6
1091780 1173.6
1091790 1175.7
1091800 1177.7
1091810 1177.7
1091820 1179.6
1091830 1181.2
1091840 1181.2
1091850 1182.5
1091860 1183.9
1091870 1185.2
1091880 1185.2
1091890 1186.7
1091900 1188.1
1091910 1188.1
1091920 1189.2
1091930 1190.3
1091940 1190.3
1091950 1192.4
1091960 1194.7
1091970 1194.7
1091980 1197.9
1091990 1200.8
1092000 1200.8
1092010 1203.9
1092020 1206.9
1092030 1206.9
1092040 1209.2
1092050 1211.5
1092060 1211.5
1092070 1212.7
1092080 1213.6
1092090 1213.6
1092100 1215.8
1092110 1219.7
1092120 1219.7
1092130 1224.2
1092140 1227.9
1092150 1227.9
1092160 1230.6
1092170 1232.7
1092180 1233.9
1092190 1233.9
1092200 1232.6
1092210 1228.4
1092220 1228.4
1092230 1223.6
1092240 1219.1
1092250 1219.1
1092260 1212.9
1092270 1206.5
1092280 1206.5
1092290 1200.5
1092300 1201.8
1092310 1201.8
1092320 1198.2
1092330 1196.2
1092340 1196.2
1092350 1191.3
1092360 1186.0
1092370 1186.0
1092380 1181.2
1092390 1177.1
1092400 1177.1
1092410 1186.1
1092420 1207.1
1092430 1207.1
1092440 1216.8
1092450 1223.4
1092460 1223.4
1092470 1228.8
1092480 1232.3
1092490 1235.6
1092500 1235.6
1092510 1239.9
1092520 1244.5
1092530 1244.5
1092540 1248.8
1092550 1253.9
1092560 1253.9
1092570 1259.7
1092580 1265.8
1092590 1265.8
1092600 1271.9
1092610 1277.3
1092620 1277.3
1092630 1283.7
1092640 1289.5
1092650 1289.5
1092660 1297.7
1092670 1302.2
1092680 1302.2
1092690 1306.3
1092700 1309.1
1092710 1309.1
1092720 1312.1
1092730 1315.0
1092740 1315.0
1092750 1317.1
1092760 1318.9
1092770 1319.7
1092780 1319.7
1092790 1320.2
1092800 1323.7
1092810 1323.7
1092820 1329.1
1092830 1332.5
1092840 1332.5
1092850 1338.4
1092860 1344.9
1092870 1344.9
1092880 1352.5
1092890 1357.3
1092900 1357.3
1092910 1360.2
1092920 1362.7
1092930 1362.7
1092940 1364.7
1092950 1366.3
1092960 1366.3
1092970 1368.3
1092980 1371.3
1092990 1371.3
1093000 1373.1
1093010 1374.6
1093020 1374.6
1093030 1377.1
1093040 1381.1
1093050 1381.1
1093060 1385.3
1093070 1389.0
1093080 1392.4
1093090 1392.4
1093100 1396.2
1093110 1399.3
1093120 1399.3
1093130 1402.2
1093140 1405.5
1093150 1405.5
1093160 1407.2
1093170 1407.4
1093180 1407.4
1093190 1409.9
1093200 1415.3
1093210 1415.3
1093220 1418.9
1093230 1419.0
1093240 1419.0
1093250 1417.5
1093260 1416.6
1093270 1416.6
1093280 1412.3
1093290 1406.1
1093300 1406.1
1093310 1408.9
1093320 1410.8
1093330 1410.8
1093340 1412.9
1093350 1419.8
1093360 1419.8
1093370 1428.7
1093380 1433.4
1093390 1434.5
1093400 1434.5
1093410 1435.1
1093420 1438.5
1093430 1438.5
1093440 1440.9
1093450 1441.7
1093460 1441.7
1093470 1446.2
1093480 1449.0
1093490 1449.0
1093500 1451.0
1093510 1452.3
1093520 1452.3
1093530 1452.6
1093540 1455.8
1093550 1455.8
1093560 1459.6
1093570 1462.1
1093580 1462.1
1093590 1464.2
1093600 1466.0
1093610 1466.0
1093620 1467.6
1093630 1468.5
1093640 1472.8
1093650 1473.1
1093660 1473.0
1093670 1473.0
1093680 1473.0
1093690 1472.9
1093700 1470.5
1093710 1470.5
1093720 1465.3
1093730 1462.2
1093740 1462.2
1093750 1458.0
1093760 1456.4
1093770 1456.4
1093780 1456.2
1093790 1454.4
1093800 1454.4
1093810 1450.6
1093820 1448.8
1093830 1448.8
1093840 1447.8
1093850 1449.4
1093860 1449.4
1093870 1450.1
1093880 1449.8
1093890 1449.8
1093900 1449.5
1093910 1447.8
1093920 1447.8
1093930 1446.1
1093940 1443.3
1093950 1443.3
1093960 1446.2
1093970 1445.7
1093980 1447.8
1093990 1447.8
1094000 1449.2
1094010 1448.4
1094020 1448.4
1094030 1447.4
1094040 1448.7
1094050 1448.7
1094060 1450.6
1094070 1450.7
1094080 1450.7
1094090 1450.4
1094100 1450.5
1094110 1450.5
1094120 1450.9
1094130 1450.8
1094140 1450.8
1094150 1450.5
1094160 1450.5
1094170 1450.5
1094180 1451.9
1094190 1453.9
1094200 1453.9
1094210 1455.0
1094220 1455.3
1094230 1455.3
1094240 1454.9
1094250 1454.0
1094260 1454.0
1094270 1452.1
1094280 1450.2
1094290 1451.2
1094300 1451.2
1094310 1447.7
1094320 1446.0
1094330 1446.0
1094340 1446.0
1094350 1446.4
1094360 1446.4
1094370 1447.1
1094380 1445.9
1094390 1445.9
1094400 1444.2
1094410 1445.5
1094420 1445.5
1094430 1447.3
1094440 1450.0
1094450 1450.0
1094460 1451.1
1094470 1452.0
1094480 1452.0
1094490 1452.9
1094500 1453.8
1094510 1453.8
1094520 1454.6
1094530 1455.7
1094540 1455.7
1094550 1456.5
1094560 1457.0
1094570 1457.0
1094580 1457.7
1094590 1458.3
1094600 1459.0
1094610 1459.0
1094620 1462.9
1094630 1463.9
1094640 1463.9
1094650 1464.8
1094660 1467.5
1094670 1467.5
1094680 1471.4
1094690 1475.4
1094700 1475.4
1094710 1478.3
1094720 1481.3
1094730 1481.3
1094740 1486.6
1094750 1492.5
1094760 1492.5
1094770 1495.9
1094780 1494.9
1094790 1494.9
1094800 1490.4
1094810 1485.5
1094820 1485.5
1094830 1483.4
1094840 1481.0
1094850 1481.0
1094860 1478.8
1094870 1476.6
1094880 1476.6
1094890 1474.6
1094900 1474.2
1094910 1475.5
1094920 1475.5
1094930 1475.4
1094940 1472.8
1094950 1472.8
1094960 1471.4
1094970 1468.1
1094980 1468.1
1094990 1458.2
1095000 1454.4
1095010 1454.4
1095020 1452.6
1095030 1457.9
1095040 1457.9
1095050 1463.4
1095060 1464.4
1095070 1464.4
1095080 1462.7
1095090 1462.8
1095100 1462.8
1095110 1463.1
1095120 1463.8
1095130 1463.8
1095140 1459.9
1095150 1457.1
1095160 1457.1
1095170 1456.7
1095180 1455.2
1095190 1453.6
1095200 1453.6
1095210 1451.8
1095220 1450.1
1095230 1450.1
1095240 1447.1
1095250 1442.9
1095260 1442.9
1095270 1449.4
1095280 1455.6
1095290 1455.6
1095300 1462.4
1095310 1465.0
1095320 1465.0
1095330 1467.8
1095340 1469.1
1095350 1469.1
1095360 1472.9
1095370 1476.1
1095380 1476.1
1095390 1479.2
1095400 1482.1
1095410 1482.1
1095420 1485.3
1095430 1491.3
1095440 1491.3
1095450 1498.1
1095460 1504.9
1095470 1504.9
1095480 1511.4
1095490 1517.6
1095500 1524.4
1095510 1524.4
1095520 1530.7
1095530 1535.5
1095540 1535.5
1095550 1535.9
1095560 1541.0
1095570 1541.0
1095580 1549.9
1095590 1553.7
1095600 1561.4
1095610 1565.8
1095620 1568.2
1095630 1568.2
1095640 1573.1
1095650 1581.9
1095660 1581.9
1095670 1587.9
1095680 1592.4
1095690 1592.4
1095700 1598.1
1095710 1604.2
1095720 1604.2
1095730 1609.6
1095740 1614.7
1095750 1614.7
1095760 1620.3
1095770 1626.3
1095780 1626.3
1095790 1633.7
1095800 1642.2
1095810 1650.9
1095820 1650.9
1095830 1656.1
1095840 1651.1
1095850 1651.1
1095860 1637.1
1095870 1626.1
1095880 1626.1
1095890 1615.6
1095900 1607.4
1095910 1607.4
1095920 1599.3
1095930 1598.7
1095940 1598.7
1095950 1597.7
1095960 1590.4
1095970 1590.4
1095980 1582.5
1095990 1576.2
1096000 1576.2
1096010 1567.5
1096020 1559.7
1096030 1559.7
1096040 1559.7
1096050 1561.7
1096060 1561.7
1096070 1563.6
1096080 1558.2
1096090 1558.2
1096100 1554.5
1096110 1554.3
1096120 1552.8
1096130 1552.8
1096140 1551.3
1096150 1548.0
1096160 1548.0
1096170 1548.2
1096180 1545.4
1096190 1545.4
1096200 1540.9
1096210 1541.7
1096220 1541.7
1096230 1541.2
1096240 1538.8
1096250 1545.8
1096260 1543.1
1096270 1542.9
1096280 1542.9
1096290 1541.6
1096300 1539.3
1096310 1539.3
1096320 1536.4
1096330 1533.5
1096340 1533.5
1096350 1531.5
1096360 1528.8
1096370 1528.8
1096380 1525.7
1096390 1522.9
1096400 1522.9
1096410 1518.9
1096420 1518.7
1096430 1516.5
1096440 1516.5
1096450 1515.3
1096460 1511.2
1096470 1511.2
1096480 1507.8
1096490 1506.9
1096500 1506.9
1096510 1503.2
1096520 1504.3
1096530 1504.3
1096540 1502.9
1096550 1500.4
1096560 1500.4
1096570 1499.3
1096580 1504.7
1096590 1504.7
1096600 1504.6
1096610 1504.1
1096620 1504.1
1096630 1501.2
1096640 1498.4
1096650 1498.4
1096660 1499.4
1096670 1499.6
1096680 1499.6
1096690 1499.7
1096700 1500.4
1096710 1500.6
1096720 1500.6
1096730 1500.8
1096740 1501.0
1096750 1501.0
1096760 1500.9
1096770 1500.3
1096780 1500.3
1096790 1499.3
1096800 1498.1
1096810 1498.1
1096820 1496.4
1096830 1493.7
1096840 1493.7
1096850 1488.5
1096860 1480.5
1096870 1480.5
1096880 1471.7
1096890 1461.9
1096900 1461.9
1096910 1450.4
1096920 1440.4
1096930 1440.4
1096940 1425.7
1096950 1417.3
1096960 1417.3
1096970 1409.8
1096980 1403.6
1096990 1403.6
1097000 1395.6
1097010 1387.0
1097020 1380.8
1097030 1380.8
1097040 1369.9
1097050 1335.6
1097060 1335.6
1097070 1316.9
1097080 1303.1
1097090 1303.1
1097100 1292.0
1097110 1286.5
1097120 1286.5
1097130 1277.3
1097140 1265.1
1097150 1265.1
1097160 1255.5
1097170 1245.3
1097180 1245.3
1097190 1238.2
1097200 1227.0
1097210 1227.0
1097220 1222.2
1097230 1214.2
1097240 1212.1
1097250 1202.5
1097260 1199.0
1097270 1199.0
1097280 1198.1
1097290 1194.0
1097300 1194.0
1097310 1186.4
1097320 1180.6
1097330 1180.1
1097340 1180.1
1097350 1181.5
1097360 1173.3
1097370 1173.3
1097380 1164.6
1097390 1156.3
1097400 1156.3
1097410 1149.9
1097420 1150.4
1097430 1150.4
1097440 1145.9
1097450 1136.4
1097460 1136.4
1097470 1125.5
1097480 1114.9
1097490 1114.9
1097500 1103.8
1097510 1094.5
1097520 1094.5
1097530 1084.2
1097540 1073.8
1097550 1073.8
1097560 1064.4
1097570 1064.0
1097580 1064.0
1097590 1059.7
1097600 1055.6
1097610 1055.6
1097620 1051.2
1097630 1046.1
1097640 1039.1
1097650 1039.1
1097660 1034.8
1097670 1030.2
1097680 1030.2
1097690 1027.2
1097700 1024.6
1097710 1024.6
1097720 1021.7
1097730 1019.9
1097740 1019.9
1097750 1016.6
1097760 1013.6
1097770 1013.6
1097780 1008.3
1097790 999.3
1097800 999.3
1097810 988.5
1097820 973.8
1097830 973.8
1097840 968.4
1097850 969.0
1097860 969.0
1097870 967.4
1097880 968.9
1097890 968.9
1097900 975.5
1097910 974.2
1097920 970.5
1097930 970.5
1097940 965.0
1097950 960.1
1097960 960.1
1097970 956.7
1097980 953.8
1097990 953.8
1098000 951.2
1098010 952.9
1098020 952.9
1098030 967.6
1098040 972.6
1098050 972.6
1098060 962.9
1098070 952.0
1098080 952.0
1098090 941.6
1098100 935.8
1098110 935.8
1098120 940.0
1098130 947.2
1098140 947.2
1098150 946.7
1098160 947.7
1098170 947.7
1098180 949.9
1098190 947.8
1098200 947.8
1098210 942.8
1098220 940.5
1098230 943.0
1098240 943.0
1098250 942.2
1098260 939.6
1098270 939.6
1098280 933.4
1098290 924.1
1098300 924.1
1098310 916.2
1098320 906.5
1098330 906.5
1098340 904.8
1098350 903.3
1098360 903.3
1098370 900.9
1098380 898.6
1098390 898.6
1098400 894.1
1098410 889.6
1098420 889.6
1098430 883.9
1098440 875.0
1098450 875.0
1098460 871.5
1098470 871.4
1098480 871.4
1098490 869.0
1098500 864.5
1098510 864.5
1098520 856.4
1098530 846.2
1098540 840.8
1098550 840.8
1098560 849.3
1098570 848.9
1098580 848.9
1098590 845.0
1098600 840.9
1098610 840.9
1098620 837.4
1098630 833.0
1098640 833.0
1098650 829.4
1098660 825.0
1098670 825.0
1098680 820.4
1098690 813.5
1098700 813.5
1098710 804.7
1098720 796.7
1098730 796.7
1098740 792.7
1098750 790.5
1098760 790.5
1098770 784.4
1098780 786.3
1098790 786.3
1098800 786.6
1098810 784.5
1098820 784.5
1098830 779.0
1098840 772.5
1098850 765.6
1098860 765.6
1098870 760.7
1098880 760.0
1098890 767.8
1098900 768.4
1098910 764.5
1098920 764.5
1098930 758.9
1098940 755.1
1098950 755.1
1098960 748.1
1098970 740.1
1098980 740.1
1098990 733.0
1099000 729.4
1099010 729.4
1099020 727.8
1099030 726.9
1099040 726.9
1099050 726.1
1099060 723.4
1099070 723.4
1099080 720.6
1099090 719.2
1099100 719.2
1099110 717.1
1099120 716.3
1099130 716.2
1099140 716.2
1099150 715.6
1099160 716.6
1099170 716.6
1099180 716.6
1099190 715.2
1099200 715.2
1099210 713.9
1099220 710.8
1099230 710.8
1099240 710.3
1099250 707.7
1099260 707.7
1099270 704.2
1099280 701.7
1099290 701.7
1099300 700.0
1099310 698.1
1099320 698.1
1099330 696.0
1099340 693.5
1099350 693.5
1099360 691.6
1099370 692.0
1099380 692.0
1099390 692.3
1099400 691.8
1099410 691.8
1099420 690.1
1099430 688.6
1099440 687.6
1099450 687.6
1099460 686.8
1099470 686.1
1099480 686.1
1099490 685.1
1099500 684.2
1099510 684.2
1099520 683.2
1099530 682.2
1099540 682.2
1099550 682.1
1099560 680.7
1099570 680.7
1099580 678.3
1099590 673.6
1099600 673.6
1099610 669.5
1099620 668.3
1099630 668.3
1099640 667.5
1099650 667.4
1099660 667.4
1099670 667.4
1099680 668.4
1099690 668.4
1099700 667.5
1099710 662.8
1099720 662.8
1099730 662.7
1099740 664.2
1099750 665.4
1099760 665.4
1099770 665.3
1099780 665.1
1099790 665.1
1099800 665.1
1099810 665.2
1099820 665.2
1099830 665.2
1099840 665.3
1099850 665.3
1099860 666.6
1099870 674.2
1099880 672.1
1099890 682.8
1099900 692.6
1099910 692.6
1099920 699.9
1099930 706.6
1099940 706.6
1099950 710.7
1099960 713.5
1099970 713.5
1099980 715.8
1099990 718.1
