1080000 578.5
1080010 578.5
1080020 580.0
1080030 581.7
1080040 581.7
1080050 583.4
1080060 585.9
1080070 585.9
1080080 588.6
1080090 591.2
1080100 591.2
1080110 593.5
1080120 596.0
1080130 596.0
1080140 598.0
1080150 600.1
1080160 600.1
1080170 603.2
1080180 606.4
1080190 608.9
1080200 608.9
1080210 608.8
1080220 610.2
1080230 610.2
1080240 611.7
1080250 614.3
1080260 614.3
1080270 617.9
1080280 620.4
1080290 620.4
1080300 623.1
1080310 626.2
1080320 626.2
1080330 628.5
1080340 630.7
1080350 630.7
1080360 635.2
1080370 640.0
1080380 640.0
1080390 645.9
1080400 650.3
1080410 650.3
1080420 650.9
1080430 651.0
1080440 651.0
1080450 650.9
1080460 650.5
1080470 650.5
1080480 650.7
1080490 653.0
1080500 656.7
1080510 656.7
1080520 660.4
1080530 662.6
1080540 662.6
1080550 664.3
1080560 666.3
1080570 666.3
1080580 668.3
1080590 671.0
1080600 671.0
1080610 673.6
1080620 676.2
1080630 676.2
1080640 678.1
1080650 679.6
1080660 679.6
1080670 681.9
1080680 684.9
1080690 684.9
1080700 688.0
1080710 689.9
1080720 689.9
1080730 691.6
1080740 693.4
1080750 693.4
1080760 696.1
1080770 698.3
1080780 698.3
1080790 701.3
1080800 704.2
1080810 707.4
1080820 707.4
1080830 710.5
1080840 715.0
1080850 715.0
1080860 721.2
1080870 726.3
1080880 726.3
1080890 730.0
1080900 732.1
1080910 732.1
1080920 734.3
1080930 738.5
1080940 738.5
1080950 743.6
1080960 749.2
1080970 749.2
1080980 754.9
1080990 759.5
1081000 759.5
1081010 763.3
1081020 767.6
1081030 767.6
1081040 772.6
1081050 777.3
1081060 777.3
1081070 785.0
1081080 791.2
1081090 791.2
1081100 796.0
1081110 802.0
1081120 807.4
1081130 807.4
1081140 812.7
1081150 820.2
1081160 820.2
1081170 825.6
1081180 830.0
1081190 830.0
1081200 834.3
1081210 839.2
1081220 839.2
1081230 843.7
1081240 848.6
1081250 848.6
1081260 853.8
1081270 858.6
1081280 858.6
1081290 863.5
1081300 868.0
1081310 868.0
1081320 872.6
1081330 877.1
1081340 877.1
1081350 881.7
1081360 887.0
1081370 887.0
1081380 891.9
1081390 895.5
1081400 895.5
1081410 898.4
1081420 901.3
1081430 902.4
1081440 902.4
1081450 902.0
1081460 901.4
1081470 908.2
1081480 907.4
1081490 905.2
1081500 905.2
1081510 902.6
1081520 898.8
1081530 898.8
1081540 895.0
1081550 891.2
1081560 891.2
1081570 895.5
1081580 901.9
1081590 901.9
1081600 910.0
1081610 911.7
1081620 911.7
1081630 910.4
1081640 909.4
1081650 909.4
1081660 909.2
1081670 910.5
1081680 910.5
1081690 914.7
1081700 920.6
1081710 927.3
1081720 927.3
1081730 934.9
1081740 943.2
1081750 943.2
1081760 951.3
1081770 959.4
1081780 959.4
1081790 967.2
1081800 976.1
1081810 976.1
1081820 984.2
1081830 990.6
1081840 990.6
1081850 1002.0
1081860 1009.6
1081870 1009.6
1081880 1012.8
1081890 1015.0
1081900 1015.0
1081910 1024.8
1081920 1031.6
1081930 1031.6
1081940 1035.7
1081950 1039.1
1081960 1039.1
1081970 1040.1
1081980 1040.1
1081990 1040.1
1082000 1044.5
1082010 1040.7
1082020 1039.6
1082030 1039.6
1082040 1040.5
1082050 1042.8
1082060 1042.8
1082070 1046.3
1082080 1049.5
1082090 1049.5
1082100 1047.5
1082110 1051.7
1082120 1051.7
1082130 1056.9
1082140 1062.0
1082150 1062.0
1082160 1067.0
1082170 1072.0
1082180 1072.0
1082190 1076.8
1082200 1082.4
1082210 1082.4
1082220 1089.3
1082230 1096.3
1082240 1096.3
1082250 1102.8
1082260 1109.0
1082270 1109.0
1082280 1114.7
1082290 1120.5
1082300 1120.5
1082310 1126.9
1082320 1132.4
1082330 1137.6
1082340 1137.6
1082350 1143.2
1082360 1148.4
1082370 1148.4
1082380 1154.2
1082390 1159.8
1082400 1159.8
1082410 1165.8
1082420 1175.7
1082430 1175.7
1082440 1182.2
1082450 1188.6
1082460 1188.6
1082470 1195.0
1082480 1201.3
1082490 1201.3
1082500 1207.6
1082510 1214.0
1082520 1214.0
1082530 1220.6
1082540 1226.3
1082550 1226.3
1082560 1231.7
1082570 1236.9
1082580 1236.9
1082590 1242.4
1082600 1247.5
1082610 1247.5
1082620 1252.8
1082630 1259.0
1082640 1265.9
1082650 1265.9
1082660 1273.8
1082670 1281.7
1082680 1281.7
1082690 1289.1
1082700 1296.0
1082710 1296.0
1082720 1304.2
1082730 1310.8
1082740 1319.4
1082750 1322.6
1082760 1331.0
1082770 1331.0
1082780 1344.6
1082790 1351.4
1082800 1351.4
1082810 1357.2
1082820 1361.5
1082830 1361.5
1082840 1364.5
1082850 1366.7
1082860 1366.7
1082870 1368.2
1082880 1369.2
1082890 1369.2
1082900 1369.9
1082910 1370.1
1082920 1370.1
1082930 1370.7
1082940 1371.2
1082950 1370.7
1082960 1370.7
1082970 1369.3
1082980 1367.9
1082990 1367.9
1083000 1366.2
1083010 1364.0
1083020 1364.0
1083030 1361.4
1083040 1359.6
1083050 1359.6
1083060 1355.5
1083070 1355.2
1083080 1355.2
1083090 1354.8
1083100 1354.4
1083110 1354.4
1083120 1354.7
1083130 1354.8
1083140 1354.8
1083150 1354.3
1083160 1353.9
1083170 1353.9
1083180 1354.9
1083190 1355.4
1083200 1355.4
1083210 1356.1
1083220 1356.6
1083230 1357.0
1083240 1357.0
1083250 1357.7
1083260 1358.7
1083270 1358.7
1083280 1359.1
1083290 1359.5
1083300 1359.5
1083310 1360.0
1083320 1360.6
1083330 1360.6
1083340 1362.1
1083350 1363.9
1083360 1363.9
1083370 1364.4
1083380 1366.1
1083390 1366.1
1083400 1365.4
1083410 1362.5
1083420 1362.5
1083430 1360.3
1083440 1357.6
1083450 1357.6
1083460 1353.5
1083470 1350.7
1083480 1350.7
1083490 1349.3
1083500 1351.1
1083510 1351.1
1083520 1355.1
1083530 1358.1
1083540 1361.7
1083550 1361.7
1083560 1367.0
1083570 1373.5
1083580 1373.5
1083590 1380.1
1083600 1381.2
1083610 1381.2
1083620 1380.7
1083630 1379.7
1083640 1379.7
1083650 1378.8
1083660 1377.4
1083670 1377.4
1083680 1375.8
1083690 1368.4
1083700 1368.4
1083710 1367.3
1083720 1365.5
1083730 1365.5
1083740 1363.4
1083750 1361.0
1083760 1361.0
1083770 1357.7
1083780 1354.8
1083790 1354.8
1083800 1351.4
1083810 1348.0
1083820 1348.0
1083830 1344.9
1083840 1342.9
1083850 1341.7
1083860 1341.7
1083870 1340.8
1083880 1339.8
1083890 1339.8
1083900 1338.5
1083910 1336.9
1083920 1336.9
1083930 1335.4
1083940 1334.0
1083950 1334.0
1083960 1332.0
1083970 1329.6
1083980 1329.6
1083990 1327.3
1084000 1323.8
1084010 1320.5
1084020 1317.1
1084030 1313.5
1084040 1313.5
1084050 1309.8
1084060 1305.7
1084070 1305.7
1084080 1301.6
1084090 1296.5
1084100 1296.5
1084110 1292.2
1084120 1288.1
1084130 1288.1
1084140 1284.1
1084150 1280.0
1084160 1275.6
1084170 1275.6
1084180 1271.6
1084190 1266.3
1084200 1266.3
1084210 1262.4
1084220 1258.1
1084230 1258.1
1084240 1254.3
1084250 1250.9
1084260 1250.9
1084270 1247.3
1084280 1243.6
1084290 1243.6
1084300 1240.3
1084310 1236.9
1084320 1236.9
1084330 1232.2
1084340 1229.5
1084350 1229.5
1084360 1227.2
1084370 1225.4
1084380 1225.4
1084390 1224.1
1084400 1223.0
1084410 1223.0
1084420 1221.9
1084430 1220.7
1084440 1220.7
1084450 1219.9
1084460 1219.5
1084470 1219.2
1084480 1219.2
1084490 1218.8
1084500 1218.3
1084510 1218.3
1084520 1218.0
1084530 1218.0
1084540 1218.0
1084550 1217.4
1084560 1217.3
1084570 1217.3
1084580 1217.8
1084590 1218.3
1084600 1218.3
1084610 1218.4
1084620 1218.1
1084630 1218.1
1084640 1217.9
1084650 1218.5
1084660 1218.5
1084670 1217.6
1084680 1216.1
1084690 1216.1
1084700 1214.6
1084710 1213.1
1084720 1213.1
1084730 1211.6
1084740 1209.2
1084750 1206.7
1084760 1206.7
1084770 1204.4
1084780 1199.1
1084790 1199.1
1084800 1190.3
1084810 1182.1
1084820 1182.1
1084830 1175.1
1084840 1170.4
1084850 1170.4
1084860 1168.8
1084870 1167.5
1084880 1167.5
1084890 1167.1
1084900 1168.2
1084910 1168.2
1084920 1170.1
1084930 1171.8
1084940 1171.8
1084950 1173.1
1084960 1176.7
1084970 1184.8
1084980 1185.7
1084990 1183.8
1085000 1183.8
1085010 1183.4
1085020 1181.5
1085030 1181.5
1085040 1180.1
1085050 1180.0
1085060 1179.5
1085070 1179.5
1085080 1180.5
1085090 1179.7
1085100 1179.7
1085110 1179.4
1085120 1173.9
1085130 1173.9
1085140 1165.0
1085150 1156.9
1085160 1156.9
1085170 1149.7
1085180 1146.1
1085190 1146.1
1085200 1151.1
1085210 1157.9
1085220 1157.9
1085230 1164.3
1085240 1168.1
1085250 1168.1
1085260 1169.0
1085270 1170.1
1085280 1177.1
1085290 1175.6
1085300 1182.6
1085310 1182.6
1085320 1185.8
1085330 1186.0
1085340 1186.0
1085350 1188.1
1085360 1191.7
1085370 1195.0
1085380 1195.0
1085390 1197.2
1085400 1196.9
1085410 1196.9
1085420 1194.8
1085430 1193.8
1085440 1193.8
1085450 1194.3
1085460 1194.3
1085470 1194.3
1085480 1193.8
1085490 1193.8
1085500 1193.8
1085510 1192.1
1085520 1190.1
1085530 1190.1
1085540 1187.8
1085550 1184.8
1085560 1184.8
1085570 1181.9
1085580 1179.4
1085590 1179.4
1085600 1181.9
1085610 1179.3
1085620 1179.3
1085630 1178.7
1085640 1179.0
1085650 1179.0
1085660 1178.8
1085670 1178.0
1085680 1177.1
1085690 1177.1
1085700 1176.5
1085710 1175.8
1085720 1175.8
1085730 1176.3
1085740 1178.0
1085750 1178.0
1085760 1179.6
1085770 1178.6
1085780 1178.6
1085790 1178.3
1085800 1179.2
1085810 1179.2
1085820 1179.3
1085830 1177.4
1085840 1177.4
1085850 1176.8
1085860 1180.0
1085870 1180.0
1085880 1184.2
1085890 1185.6
1085900 1185.6
1085910 1185.7
1085920 1191.9
1085930 1191.9
1085940 1190.9
1085950 1189.2
1085960 1189.2
1085970 1189.6
1085980 1197.4
1085990 1208.0
1086000 1208.0
1086010 1220.4
1086020 1218.5
1086030 1218.5
1086040 1227.4
1086050 1248.1
1086060 1248.1
1086070 1267.2
1086080 1275.5
1086090 1275.5
1086100 1279.0
1086110 1274.1
1086120 1274.1
1086130 1271.9
1086140 1270.4
1086150 1270.4
1086160 1273.8
1086170 1280.6
1086180 1280.6
1086190 1284.6
1086200 1284.1
1086210 1284.1
1086220 1285.9
1086230 1287.8
1086240 1303.7
1086250 1303.5
1086260 1300.9
1086270 1298.9
1086280 1298.9
1086290 1302.1
1086300 1310.0
1086310 1310.0
1086320 1313.5
1086330 1312.9
1086340 1312.9
1086350 1321.0
1086360 1325.2
1086370 1325.2
1086380 1325.6
1086390 1322.5
1086400 1322.5
1086410 1307.9
1086420 1281.7
1086430 1281.7
1086440 1266.2
1086450 1257.7
1086460 1257.7
1086470 1251.1
1086480 1248.1
1086490 1248.1
1086500 1245.0
1086510 1241.7
1086520 1241.7
1086530 1238.4
1086540 1236.4
1086550 1236.4
1086560 1243.6
1086570 1243.0
1086580 1246.2
1086590 1246.2
1086600 1248.5
1086610 1252.7
1086620 1252.7
1086630 1268.1
1086640 1276.9
1086650 1276.9
1086660 1301.1
1086670 1299.2
1086680 1299.2
1086690 1292.9
1086700 1286.7
1086710 1286.7
1086720 1280.3
1086730 1273.9
1086740 1273.9
1086750 1267.6
1086760 1260.6
1086770 1260.6
1086780 1253.9
1086790 1246.9
1086800 1246.9
1086810 1239.8
1086820 1233.0
1086830 1233.0
1086840 1226.6
1086850 1219.7
1086860 1219.7
1086870 1211.5
1086880 1202.9
1086890 1192.7
1086900 1192.7
1086910 1183.0
1086920 1173.2
1086930 1173.2
1086940 1164.9
1086950 1159.0
1086960 1159.0
1086970 1154.4
1086980 1150.9
1086990 1150.9
1087000 1148.4
1087010 1147.1
1087020 1147.1
1087030 1146.8
1087040 1147.0
1087050 1147.0
1087060 1146.9
1087070 1145.3
1087080 1145.3
1087090 1135.5
1087100 1128.4
1087110 1128.4
1087120 1103.8
1087130 1080.1
1087140 1080.1
1087150 1068.1
1087160 1051.4
1087170 1051.4
1087180 1033.4
1087190 1020.1
1087200 1012.1
1087210 1005.9
1087220 1001.1
1087230 998.6
1087240 998.6
1087250 992.7
1087260 990.1
1087270 990.1
1087280 986.7
1087290 970.2
1087300 970.2
1087310 957.0
1087320 946.7
1087330 946.7
1087340 936.7
1087350 927.4
1087360 927.4
1087370 918.0
1087380 907.8
1087390 907.8
1087400 897.7
1087410 888.1
1087420 888.1
1087430 877.4
1087440 866.8
1087450 866.8
1087460 855.7
1087470 846.2
1087480 846.2
1087490 837.7
1087500 831.6
1087510 825.9
1087520 825.9
1087530 827.6
1087540 822.2
1087550 822.2
1087560 815.9
1087570 807.6
1087580 807.6
1087590 798.8
1087600 791.1
1087610 791.1
1087620 785.2
1087630 778.6
1087640 778.6
1087650 770.1
1087660 761.2
1087670 761.2
1087680 750.4
1087690 742.1
1087700 742.1
1087710 739.3
1087720 735.6
1087730 735.6
1087740 737.0
1087750 744.2
1087760 744.2
1087770 754.8
1087780 764.7
1087790 775.2
1087800 775.2
1087810 783.7
1087820 793.9
1087830 793.9
1087840 803.1
1087850 815.8
1087860 815.8
1087870 821.5
1087880 827.6
1087890 827.6
1087900 834.9
1087910 842.7
1087920 842.7
1087930 854.9
1087940 877.1
1087950 877.1
1087960 892.9
1087970 907.5
1087980 907.5
1087990 930.5
1088000 951.7
1088010 951.7
1088020 970.3
1088030 983.8
1088040 983.8
1088050 992.2
1088060 994.3
1088070 994.3
1088080 996.4
1088090 1000.3
1088100 1004.4
1088110 1004.4
1088120 1008.9
1088130 1013.5
1088140 1013.5
1088150 1018.7
1088160 1025.7
1088170 1023.8
1088180 1030.9
1088190 1038.3
1088200 1038.3
1088210 1049.9
1088220 1071.7
1088230 1071.7
1088240 1086.4
1088250 1088.3
1088260 1088.3
1088270 1084.3
1088280 1081.6
1088290 1081.6
1088300 1080.0
1088310 1076.8
1088320 1076.8
1088330 1075.0
1088340 1071.2
1088350 1071.2
1088360 1068.5
1088370 1066.2
1088380 1066.2
1088390 1066.2
1088400 1070.0
1088410 1075.1
1088420 1075.1
1088430 1075.5
1088440 1071.0
1088450 1071.0
1088460 1069.9
1088470 1070.8
1088480 1070.8
1088490 1064.4
1088500 1066.6
1088510 1066.6
1088520 1067.7
1088530 1069.5
1088540 1069.5
1088550 1072.5
1088560 1071.5
1088570 1071.5
1088580 1068.0
1088590 1066.3
1088600 1066.3
1088610 1067.5
1088620 1067.8
1088630 1067.8
1088640 1065.7
1088650 1062.7
1088660 1062.7
1088670 1060.3
1088680 1058.5
1088690 1058.5
1088700 1056.9
1088710 1055.5
1088720 1054.6
1088730 1054.6
1088740 1054.2
1088750 1053.8
1088760 1053.8
1088770 1053.4
1088780 1052.6
1088790 1052.6
1088800 1051.4
1088810 1045.9
1088820 1045.9
1088830 1040.1
1088840 1036.5
1088850 1036.5
1088860 1032.4
1088870 1027.9
1088880 1027.9
1088890 1022.1
1088900 1017.3
1088910 1017.3
1088920 1012.8
1088930 1006.5
1088940 1006.5
1088950 1000.6
1088960 996.1
1088970 996.1
1088980 991.6
1088990 987.3
1089000 987.3
1089010 982.2
1089020 977.4
1089030 973.1
1089040 973.1
1089050 968.5
1089060 963.6
1089070 963.6
1089080 959.5
1089090 953.5
1089100 953.5
1089110 948.1
1089120 945.5
1089130 945.5
1089140 939.1
1089150 936.1
1089160 936.1
1089170 933.4
1089180 927.2
1089190 927.2
1089200 918.9
1089210 913.0
1089220 913.0
1089230 906.7
1089240 899.9
1089250 899.9
1089260 899.8
1089270 903.9
1089280 903.9
1089290 904.2
1089300 903.4
1089310 903.0
1089320 903.0
1089330 903.4
1089340 904.3
1089350 904.3
1089360 908.6
1089370 918.7
1089380 918.7
1089390 918.7
1089400 913.3
1089410 913.3
1089420 911.1
1089430 911.2
1089440 911.2
1089450 905.6
1089460 904.4
1089470 904.4
1089480 904.4
1089490 907.0
1089500 907.0
1089510 911.5
1089520 915.2
1089530 915.2
1089540 919.7
1089550 925.5
1089560 925.5
1089570 930.1
1089580 933.1
1089590 933.1
1089600 936.2
1089610 937.5
1089620 939.9
1089630 939.9
1089640 941.9
1089650 942.5
1089660 942.5
1089670 943.0
1089680 944.2
1089690 944.2
1089700 946.3
1089710 947.4
1089720 947.4
1089730 947.9
1089740 948.0
1089750 948.0
1089760 948.1
1089770 949.7
1089780 951.7
1089790 953.6
1089800 955.3
1089810 955.3
1089820 955.6
1089830 957.2
1089840 957.2
1089850 960.7
1089860 964.5
1089870 964.5
1089880 962.1
1089890 963.0
1089900 963.0
1089910 957.6
1089920 959.8
1089930 961.2
1089940 961.2
1089950 958.4
1089960 951.9
1089970 951.9
1089980 943.5
1089990 933.3
1090000 933.3
1090010 926.7
1090020 925.0
1090030 925.0
1090040 925.1
1090050 926.6
1090060 926.6
1090070 929.1
1090080 935.7
1090090 935.7
1090100 941.1
1090110 937.8
1090120 937.8
1090130 938.7
1090140 940.1
1090150 940.1
1090160 942.5
1090170 946.7
1090180 946.7
1090190 949.7
1090200 955.3
1090210 955.3
1090220 959.1
1090230 962.1
1090240 962.7
1090250 962.7
1090260 964.7
1090270 967.9
1090280 967.9
1090290 968.9
1090300 968.5
1090310 968.5
1090320 975.8
1090330 979.0
1090340 979.0
1090350 977.7
1090360 981.8
1090370 981.8
1090380 990.1
1090390 995.6
1090400 995.6
1090410 996.9
1090420 998.9
1090430 993.3
1090440 1000.2
1090450 1006.9
1090460 1006.9
1090470 1008.2
1090480 1006.8
1090490 1006.8
1090500 1009.6
1090510 1009.3
1090520 1009.3
1090530 1009.9
1090540 1011.2
1090550 1014.2
1090560 1014.2
1090570 1018.1
1090580 1023.3
1090590 1023.3
1090600 1029.4
1090610 1036.0
1090620 1036.0
1090630 1042.3
1090640 1049.3
1090650 1049.3
1090660 1056.5
1090670 1061.5
1090680 1061.5
1090690 1067.4
1090700 1074.7
1090710 1074.7
1090720 1077.0
1090730 1077.5
1090740 1077.5
1090750 1079.4
1090760 1080.4
1090770 1080.4
1090780 1081.5
1090790 1082.5
1090800 1082.5
1090810 1083.3
1090820 1083.7
1090830 1082.4
1090840 1082.4
1090850 1080.5
1090860 1079.6
1090870 1079.6
1090880 1081.9
1090890 1085.3
1090900 1085.3
1090910 1086.4
1090920 1090.0
1090930 1090.0
1090940 1092.6
1090950 1094.3
1090960 1094.3
1090970 1095.5
1090980 1096.8
1090990 1096.8
1091000 1097.8
1091010 1098.8
1091020 1098.8
1091030 1100.0
1091040 1101.3
1091050 1101.3
1091060 1102.4
1091070 1103.5
1091080 1105.9
1091090 1106.6
1091100 1107.7
1091110 1107.7
1091120 1108.8
1091130 1109.8
1091140 1110.3
1091150 1110.3
1091160 1109.4
1091170 1109.7
1091180 1109.7
1091190 1112.1
1091200 1113.3
1091210 1113.3
1091220 1114.8
1091230 1115.8
1091240 1115.8
1091250 1119.3
1091260 1121.7
1091270 1121.7
1091280 1124.2
1091290 1126.5
1091300 1126.5
1091310 1128.2
1091320 1129.8
1091330 1129.8
1091340 1131.4
1091350 1133.0
1091360 1133.0
1091370 1134.5
1091380 1135.9
1091390 1135.9
1091400 1135.1
1091410 1136.0
1091420 1136.0
1091430 1137.2
1091440 1138.3
1091450 1139.5
1091460 1139.5
1091470 1140.9
1091480 1142.6
1091490 1142.6
1091500 1144.2
1091510 1145.9
1091520 1145.9
1091530 1147.4
1091540 1149.0
1091550 1149.0
1091560 1150.7
1091570 1152.8
1091580 1152.8
1091590 1154.6
1091600 1156.2
1091610 1156.2
1091620 1158.1
1091630 1160.3
1091640 1160.3
1091650 1162.3
1091660 1164.1
1091670 1164.1
1091680 1165.8
1091690 1167.2
1091700 1167.2
1091710 1168.5
1091720 1169.5
1091730 1167.7
1091740 1168.7
1091750 1170.0
1091760 1171.7
1091770 1171.7
1091780 1173.5
1091790 1175.1
1091800 1175.1
1091810 1176.4
1091820 1177.6
1091830 1177.6
1091840 1178.9
1091850 1179.9
1091860 1179.9
1091870 1181.1
1091880 1182.1
1091890 1182.1
1091900 1183.2
1091910 1184.7
1091920 1184.7
1091930 1186.8
1091940 1190.1
1091950 1190.1
1091960 1193.4
1091970 1195.3
1091980 1195.3
1091990 1195.6
1092000 1195.3
1092010 1195.3
1092020 1193.9
1092030 1192.1
1092040 1192.1
1092050 1193.2
1092060 1192.6
1092070 1191.5
1092080 1191.5
1092090 1191.9
1092100 1192.7
1092110 1192.7
1092120 1194.9
1092130 1196.8
1092140 1196.8
1092150 1198.6
1092160 1199.2
1092170 1199.2
1092180 1198.2
1092190 1195.9
1092200 1195.9
1092210 1194.9
1092220 1192.5
1092230 1192.5
1092240 1188.6
1092250 1180.3
1092260 1180.3
1092270 1173.8
1092280 1170.4
1092290 1170.4
1092300 1166.6
1092310 1160.2
1092320 1160.2
1092330 1153.2
1092340 1150.7
1092350 1154.2
1092360 1154.2
1092370 1162.1
1092380 1167.5
1092390 1167.5
1092400 1173.6
1092410 1177.7
1092420 1177.7
1092430 1183.1
1092440 1189.3
1092450 1189.3
1092460 1196.9
1092470 1203.9
1092480 1203.9
1092490 1211.2
1092500 1216.1
1092510 1216.1
1092520 1218.3
1092530 1221.2
1092540 1221.2
1092550 1224.4
1092560 1227.7
1092570 1227.7
1092580 1230.7
1092590 1235.0
1092600 1235.0
1092610 1239.2
1092620 1243.0
1092630 1243.0
1092640 1246.0
1092650 1250.0
1092660 1255.8
1092670 1255.8
1092680 1261.8
1092690 1267.7
1092700 1267.7
1092710 1273.6
1092720 1277.0
1092730 1277.0
1092740 1277.8
1092750 1278.9
1092760 1278.9
1092770 1283.4
1092780 1289.2
1092790 1289.2
1092800 1293.0
1092810 1294.7
1092820 1294.7
1092830 1296.3
1092840 1298.5
1092850 1298.5
1092860 1300.3
1092870 1302.5
1092880 1302.5
1092890 1306.1
1092900 1308.7
1092910 1308.7
1092920 1309.7
1092930 1311.6
1092940 1311.6
1092950 1316.3
1092960 1322.1
1092970 1327.1
1092980 1327.1
1092990 1330.5
1093000 1333.3
1093010 1333.3
1093020 1334.2
1093030 1340.3
1093040 1340.3
1093050 1340.4
1093060 1342.0
1093070 1342.0
1093080 1343.8
1093090 1346.1
1093100 1346.1
1093110 1347.7
1093120 1349.4
1093130 1349.4
1093140 1350.5
1093150 1350.5
1093160 1350.5
1093170 1347.2
1093180 1345.4
1093190 1345.4
1093200 1346.0
1093210 1344.8
1093220 1344.8
1093230 1345.9
1093240 1346.7
1093250 1346.7
1093260 1349.8
1093270 1347.3
1093280 1348.5
1093290 1348.5
1093300 1351.9
1093310 1352.7
1093320 1352.7
1093330 1356.4
1093340 1365.4
1093350 1366.6
1093360 1373.3
1093370 1373.7
1093380 1373.7
1093390 1377.6
1093400 1383.1
1093410 1383.1
1093420 1386.3
1093430 1387.9
1093440 1387.9
1093450 1388.0
1093460 1389.2
1093470 1389.2
1093480 1393.8
1093490 1398.1
1093500 1398.1
1093510 1403.4
1093520 1414.3
1093530 1414.3
1093540 1424.9
1093550 1430.7
1093560 1435.9
1093570 1435.9
1093580 1441.1
1093590 1445.4
1093600 1445.4
1093610 1449.3
1093620 1452.1
1093630 1452.1
1093640 1453.9
1093650 1454.5
1093660 1454.5
1093670 1452.0
1093680 1451.1
1093690 1451.1
1093700 1445.0
1093710 1439.4
1093720 1439.4
1093730 1433.7
1093740 1427.7
1093750 1427.7
1093760 1423.5
1093770 1420.4
1093780 1420.4
1093790 1417.4
1093800 1414.9
1093810 1414.9
1093820 1410.8
1093830 1407.0
1093840 1407.0
1093850 1409.5
1093860 1410.5
1093870 1408.5
1093880 1408.5
1093890 1410.5
1093900 1409.7
1093910 1409.7
1093920 1406.5
1093930 1404.9
1093940 1404.9
1093950 1409.1
1093960 1408.2
1093970 1408.2
1093980 1405.0
1093990 1410.8
1094000 1410.8
1094010 1418.2
1094020 1420.2
1094030 1420.2
1094040 1420.6
1094050 1419.8
1094060 1419.8
1094070 1419.4
1094080 1418.1
1094090 1418.1
1094100 1419.0
1094110 1419.4
1094120 1419.4
1094130 1418.8
1094140 1420.1
1094150 1420.1
1094160 1419.8
1094170 1419.8
1094180 1420.1
1094190 1420.1
1094200 1420.8
1094210 1421.0
1094220 1421.0
1094230 1420.9
1094240 1421.6
1094250 1421.6
1094260 1421.6
1094270 1421.0
1094280 1421.0
1094290 1420.1
1094300 1419.8
1094310 1419.8
1094320 1417.8
1094330 1419.9
1094340 1419.9
1094350 1420.7
1094360 1421.2
1094370 1421.2
1094380 1420.6
1094390 1422.7
1094400 1422.7
1094410 1422.8
1094420 1424.1
1094430 1424.1
1094440 1424.4
1094450 1425.2
1094460 1425.2
1094470 1426.5
1094480 1427.7
1094490 1428.2
1094500 1428.2
1094510 1428.8
1094520 1429.3
1094530 1429.3
1094540 1429.5
1094550 1430.1
1094560 1430.1
1094570 1430.1
1094580 1430.2
1094590 1430.2
1094600 1429.0
1094610 1427.0
1094620 1427.0
1094630 1426.4
1094640 1425.8
1094650 1425.8
1094660 1434.9
1094670 1436.4
1094680 1436.4
1094690 1438.1
1094700 1438.2
1094710 1438.2
1094720 1435.3
1094730 1431.5
1094740 1431.5
1094750 1426.7
1094760 1428.4
1094770 1428.4
1094780 1430.2
1094790 1427.2
1094800 1421.5
1094810 1421.5
1094820 1419.0
1094830 1418.0
1094840 1418.0
1094850 1417.2
1094860 1416.0
1094870 1416.0
1094880 1414.9
1094890 1413.7
1094900 1413.7
1094910 1411.8
1094920 1409.6
1094930 1409.6
1094940 1407.9
1094950 1407.4
1094960 1407.4
1094970 1405.1
1094980 1402.9
1094990 1410.8
1095000 1408.1
1095010 1399.1
1095020 1399.1
1095030 1386.8
1095040 1381.2
1095050 1381.2
1095060 1385.8
1095070 1391.5
1095080 1395.5
1095090 1395.5
1095100 1396.9
1095110 1396.4
1095120 1396.4
1095130 1396.5
1095140 1397.0
1095150 1397.0
1095160 1397.7
1095170 1398.1
1095180 1398.1
1095190 1397.5
1095200 1397.4
1095210 1397.4
1095220 1397.4
1095230 1399.2
1095240 1399.2
1095250 1399.8
1095260 1400.9
1095270 1400.9
1095280 1404.2
1095290 1406.9
1095300 1406.9
1095310 1412.4
1095320 1414.8
1095330 1414.8
1095340 1417.5
1095350 1420.1
1095360 1420.1
1095370 1421.8
1095380 1425.6
1095390 1430.9
1095400 1430.9
1095410 1436.4
1095420 1440.7
1095430 1440.7
1095440 1444.2
1095450 1449.0
1095460 1449.0
1095470 1454.9
1095480 1461.2
1095490 1461.2
1095500 1468.6
1095510 1476.7
1095520 1476.7
1095530 1485.1
1095540 1492.8
1095550 1492.8
1095560 1499.8
1095570 1507.9
1095580 1507.9
1095590 1515.0
1095600 1521.3
1095610 1521.3
1095620 1527.2
1095630 1532.9
1095640 1536.6
1095650 1541.9
1095660 1546.7
1095670 1546.7
1095680 1551.4
1095690 1555.6
1095700 1559.2
1095710 1559.2
1095720 1561.7
1095730 1563.7
1095740 1563.7
1095750 1565.0
1095760 1565.5
1095770 1565.5
1095780 1564.6
1095790 1563.8
1095800 1563.8
1095810 1560.4
1095820 1549.8
1095830 1549.8
1095840 1541.6
1095850 1534.2
1095860 1534.2
1095870 1530.7
1095880 1522.6
1095890 1522.6
1095900 1510.9
1095910 1505.7
1095920 1505.7
1095930 1504.7
1095940 1496.8
1095950 1496.8
1095960 1491.5
1095970 1499.8
1095980 1499.8
1095990 1495.1
1096000 1493.4
1096010 1490.2
1096020 1490.2
1096030 1485.1
1096040 1484.4
1096050 1484.4
1096060 1480.8
1096070 1479.4
1096080 1479.4
1096090 1470.8
1096100 1460.7
1096110 1460.7
1096120 1469.9
1096130 1475.7
1096140 1475.7
1096150 1474.7
1096160 1473.3
1096170 1473.3
1096180 1471.3
1096190 1466.9
1096200 1466.9
1096210 1467.0
1096220 1464.7
1096230 1464.7
1096240 1465.9
1096250 1465.5
1096260 1465.5
1096270 1464.3
1096280 1461.0
1096290 1461.0
1096300 1461.5
1096310 1466.1
1096320 1464.8
1096330 1464.8
1096340 1463.6
1096350 1461.7
1096360 1461.7
1096370 1455.5
1096380 1456.1
1096390 1456.1
1096400 1454.1
1096410 1452.5
1096420 1452.5
1096430 1449.8
1096440 1448.9
1096450 1448.9
1096460 1447.6
1096470 1444.3
1096480 1444.3
1096490 1443.5
1096500 1442.1
1096510 1442.1
1096520 1439.1
1096530 1433.5
1096540 1433.5
1096550 1435.2
1096560 1433.9
1096570 1433.9
1096580 1432.0
1096590 1429.1
1096600 1427.8
1096610 1427.8
1096620 1427.2
1096630 1432.4
1096640 1432.4
1096650 1429.9
1096660 1430.0
1096670 1430.0
1096680 1428.6
1096690 1427.5
1096700 1427.5
1096710 1426.6
1096720 1426.0
1096730 1426.0
1096740 1425.2
1096750 1425.3
1096760 1425.3
1096770 1424.8
1096780 1420.5
1096790 1420.5
1096800 1416.5
1096810 1413.2
1096820 1413.2
1096830 1408.7
1096840 1404.3
1096850 1404.3
1096860 1396.5
1096870 1381.2
1096880 1381.2
1096890 1371.9
1096900 1369.2
1096910 1367.4
1096920 1367.4
1096930 1363.0
1096940 1355.3
1096950 1355.3
1096960 1363.4
1096970 1359.3
1096980 1359.3
1096990 1353.9
1097000 1349.1
1097010 1349.1
1097020 1343.9
1097030 1336.1
1097040 1336.1
1097050 1328.2
1097060 1323.9
1097070 1323.9
1097080 1307.0
1097090 1287.1
1097100 1287.1
1097110 1277.1
1097120 1267.7
1097130 1267.7
1097140 1259.6
1097150 1249.4
1097160 1249.4
1097170 1242.4
1097180 1235.9
1097190 1235.9
1097200 1230.0
1097210 1223.8
1097220 1218.3
1097230 1218.3
1097240 1212.4
1097250 1205.5
1097260 1205.5
1097270 1199.0
1097280 1190.1
1097290 1190.1
1097300 1184.7
1097310 1178.2
1097320 1178.2
1097330 1170.7
1097340 1158.3
1097350 1158.3
1097360 1141.7
1097370 1136.4
1097380 1136.4
1097390 1130.1
1097400 1120.5
1097410 1120.5
1097420 1110.6
1097430 1103.5
1097440 1103.5
1097450 1097.7
1097460 1090.5
1097470 1090.5
1097480 1080.8
1097490 1072.2
1097500 1072.2
1097510 1064.5
1097520 1058.5
1097530 1053.7
1097540 1053.7
1097550 1047.5
1097560 1042.7
1097570 1042.7
1097580 1038.7
1097590 1033.7
1097600 1033.7
1097610 1021.1
1097620 1012.7
1097630 1012.7
1097640 1005.8
1097650 999.9
1097660 999.9
1097670 993.7
1097680 987.7
1097690 987.7
1097700 981.2
1097710 974.6
1097720 974.6
1097730 967.2
1097740 961.4
1097750 961.4
1097760 957.3
1097770 953.6
1097780 953.6
1097790 949.0
1097800 945.5
1097810 943.2
1097820 943.2
1097830 939.3
1097840 936.2
1097850 936.2
1097860 932.4
1097870 929.0
1097880 929.0
1097890 927.9
1097900 925.9
1097910 925.9
1097920 923.6
1097930 917.2
1097940 909.0
1097950 902.2
1097960 898.7
1097970 898.7
1097980 893.6
1097990 888.6
1098000 888.6
1098010 883.5
1098020 881.1
1098030 881.1
1098040 879.2
1098050 877.6
1098060 877.6
1098070 874.9
1098080 872.8
1098090 872.8
1098100 869.8
1098110 866.9
1098120 865.9
1098130 865.9
1098140 865.3
1098150 861.1
1098160 861.1
1098170 856.2
1098180 854.9
1098190 854.9
1098200 855.0
1098210 858.7
1098220 858.7
1098230 865.5
1098240 870.6
1098250 870.6
1098260 870.3
1098270 877.4
1098280 877.4
1098290 872.7
1098300 867.1
1098310 867.1
1098320 859.8
1098330 855.4
1098340 855.4
1098350 850.5
1098360 844.1
1098370 844.1
1098380 836.7
1098390 830.6
1098400 830.6
1098410 826.3
1098420 822.1
1098430 819.9
1098440 819.9
1098450 818.0
1098460 814.0
1098470 814.0
1098480 809.1
1098490 807.7
1098500 807.7
1098510 806.9
1098520 804.9
1098530 804.9
1098540 801.4
1098550 798.7
1098560 798.7
1098570 796.1
1098580 793.7
1098590 793.7
1098600 791.1
1098610 789.1
1098620 789.1
1098630 786.9
1098640 784.1
1098650 784.1
1098660 779.9
1098670 776.3
1098680 776.3
1098690 773.3
1098700 770.1
1098710 770.1
1098720 767.1
1098730 763.0
1098740 757.8
1098750 757.8
1098760 753.8
1098770 751.3
1098780 751.3
1098790 749.5
1098800 751.4
1098810 751.4
1098820 752.0
1098830 751.5
1098840 751.5
1098850 751.9
1098860 753.4
1098870 753.4
1098880 754.0
1098890 754.5
1098900 754.5
1098910 755.2
1098920 756.7
1098930 756.7
1098940 752.4
1098950 755.0
1098960 755.0
1098970 756.2
1098980 757.3
1098990 757.3
1099000 759.8
1099010 763.4
1099020 766.2
1099030 766.2
1099040 767.2
1099050 766.8
1099060 766.8
1099070 764.9
1099080 762.5
1099090 762.5
1099100 758.8
1099110 754.3
1099120 754.3
1099130 748.9
1099140 743.4
1099150 743.4
1099160 737.6
1099170 732.1
1099180 732.1
1099190 726.8
1099200 722.8
1099210 722.8
1099220 718.4
1099230 714.0
1099240 714.0
1099250 709.3
1099260 705.0
1099270 702.9
1099280 699.9
1099290 697.6
1099300 697.6
1099310 695.7
1099320 693.1
1099330 691.0
1099340 691.0
1099350 689.1
1099360 687.6
1099370 687.6
1099380 686.5
1099390 685.5
1099400 685.5
1099410 684.9
1099420 684.1
1099430 684.1
1099440 683.3
1099450 681.9
1099460 681.9
1099470 680.7
1099480 679.4
1099490 679.4
1099500 678.5
1099510 676.7
1099520 676.7
1099530 675.6
1099540 673.8
1099550 673.8
1099560 672.2
1099570 671.9
1099580 671.9
1099590 671.4
1099600 671.4
1099610 671.4
1099620 670.2
1099630 668.8
1099640 666.8
1099650 666.8
1099660 665.4
1099670 664.1
1099680 664.1
1099690 661.2
1099700 661.1
1099710 661.1
1099720 664.0
1099730 669.0
1099740 669.0
1099750 673.2
1099760 677.6
1099770 677.6
1099780 680.3
1099790 681.4
1099800 681.4
1099810 681.9
1099820 681.9
1099830 681.9
1099840 680.6
1099850 683.8
1099860 683.8
1099870 687.4
1099880 690.0
1099890 690.0
1099900 692.3
1099910 693.6
1099920 693.6
1099930 694.4
1099940 695.9
1099950 697.6
1099960 697.6
1099970 700.2
1099980 703.0
1099990 703.0
