1080000 571.8
1080010 577.1
1080020 582.5
1080030 582.5
1080040 588.4
1080050 593.1
1080060 598.5
1080070 598.5
1080080 605.0
1080090 610.2
1080100 610.2
1080110 613.8
1080120 615.5
1080130 615.5
1080140 617.0
1080150 618.8
1080160 618.8
1080170 619.2
1080180 619.5
1080190 619.5
1080200 620.2
1080210 621.1
1080220 621.1
1080230 621.8
1080240 622.4
1080250 622.4
1080260 620.8
1080270 621.8
1080280 621.8
1080290 622.9
1080300 623.7
1080310 623.7
1080320 624.2
1080330 624.1
1080340 624.1
1080350 621.7
1080360 617.9
1080370 615.5
1080380 615.5
1080390 611.1
1080400 606.1
1080410 606.1
1080420 602.3
1080430 606.6
1080440 606.6
1080450 610.6
1080460 611.9
1080470 611.9
1080480 612.9
1080490 613.5
1080500 613.5
1080510 615.1
1080520 619.5
1080530 619.5
1080540 621.2
1080550 623.2
1080560 623.2
1080570 624.9
1080580 624.7
1080590 624.7
1080600 626.0
1080610 626.7
1080620 626.7
1080630 626.9
1080640 627.8
1080650 629.5
1080660 629.5
1080670 630.7
1080680 631.9
1080690 631.9
1080700 633.5
1080710 634.9
1080720 634.9
1080730 637.3
1080740 642.5
1080750 642.5
1080760 646.2
1080770 648.7
1080780 648.7
1080790 651.2
1080800 654.9
1080810 654.9
1080820 659.4
1080830 664.7
1080840 664.7
1080850 670.6
1080860 677.4
1080870 677.4
1080880 684.9
1080890 691.6
1080900 695.5
1080910 702.3
1080920 708.4
1080930 708.4
1080940 713.6
1080950 717.1
1080960 720.0
1080970 720.0
1080980 723.6
1080990 726.3
1081000 726.3
1081010 728.5
1081020 731.1
1081030 731.1
1081040 734.2
1081050 737.0
1081060 737.0
1081070 739.4
1081080 741.5
1081090 741.5
1081100 743.0
1081110 744.0
1081120 744.0
1081130 744.7
1081140 746.1
1081150 746.1
1081160 748.5
1081170 751.6
1081180 751.6
1081190 753.9
1081200 756.0
1081210 758.3
1081220 760.2
1081230 762.7
1081240 762.7
1081250 766.2
1081260 770.1
1081270 774.2
1081280 774.2
1081290 777.6
1081300 780.4
1081310 780.4
1081320 783.1
1081330 785.7
1081340 785.7
1081350 788.5
1081360 790.9
1081370 790.9
1081380 793.6
1081390 796.5
1081400 796.5
1081410 799.5
1081420 801.9
1081430 801.9
1081440 802.5
1081450 802.8
1081460 802.8
1081470 805.0
1081480 808.0
1081490 808.0
1081500 809.8
1081510 811.1
1081520 811.1
1081530 812.8
1081540 813.5
1081550 813.5
1081560 813.6
1081570 813.7
1081580 813.9
1081590 813.9
1081600 814.1
1081610 814.4
1081620 814.4
1081630 814.4
1081640 814.7
1081650 814.7
1081660 815.4
1081670 816.3
1081680 816.3
1081690 817.8
1081700 819.6
1081710 819.6
1081720 821.3
1081730 823.0
1081740 823.0
1081750 824.5
1081760 826.1
1081770 826.1
1081780 828.5
1081790 832.0
1081800 832.0
1081810 835.8
1081820 837.8
1081830 837.8
1081840 840.9
1081850 842.6
1081860 842.6
1081870 844.8
1081880 848.0
1081890 851.2
1081900 851.2
1081910 854.5
1081920 857.6
1081930 857.6
1081940 860.7
1081950 863.7
1081960 863.7
1081970 866.7
1081980 870.2
1081990 870.2
1082000 874.4
1082010 878.0
1082020 878.0
1082030 880.3
1082040 882.4
1082050 882.4
1082060 884.5
1082070 887.1
1082080 887.1
1082090 890.2
1082100 892.9
1082110 892.9
1082120 895.4
1082130 897.5
1082140 897.5
1082150 899.3
1082160 903.7
1082170 903.7
1082180 906.9
1082190 909.9
1082200 913.2
1082210 913.2
1082220 917.5
1082230 922.1
1082240 922.1
1082250 926.5
1082260 931.6
1082270 931.6
1082280 937.0
1082290 942.9
1082300 942.9
1082310 948.8
1082320 954.5
1082330 954.5
1082340 959.9
1082350 965.9
1082360 965.9
1082370 972.0
1082380 977.5
1082390 977.5
1082400 982.6
1082410 987.2
1082420 987.2
1082430 993.0
1082440 999.2
1082450 999.2
1082460 1004.3
1082470 1010.6
1082480 1030.3
1082490 1030.3
1082500 1040.0
1082510 1052.1
1082520 1052.1
1082530 1058.3
1082540 1069.1
1082550 1069.1
1082560 1078.4
1082570 1085.5
1082580 1085.5
1082590 1093.6
1082600 1101.8
1082610 1101.8
1082620 1107.7
1082630 1112.7
1082640 1112.7
1082650 1116.6
1082660 1120.0
1082670 1120.0
1082680 1124.3
1082690 1127.5
1082700 1127.5
1082710 1128.2
1082720 1126.9
1082730 1126.9
1082740 1126.2
1082750 1128.8
1082760 1128.8
1082770 1134.4
1082780 1140.7
1082790 1153.7
1082800 1153.7
1082810 1159.9
1082820 1165.1
1082830 1165.1
1082840 1170.2
1082850 1174.9
1082860 1174.9
1082870 1179.9
1082880 1184.6
1082890 1184.6
1082900 1189.8
1082910 1194.8
1082920 1194.8
1082930 1199.4
1082940 1204.0
1082950 1204.0
1082960 1208.1
1082970 1212.1
1082980 1212.1
1082990 1216.0
1083000 1219.4
1083010 1219.4
1083020 1223.0
1083030 1226.5
1083040 1226.5
1083050 1229.2
1083060 1231.8
1083070 1231.8
1083080 1234.0
1083090 1236.5
1083100 1239.7
1083110 1246.5
1083120 1249.9
1083130 1253.3
1083140 1253.3
1083150 1256.6
1083160 1261.3
1083170 1261.3
1083180 1266.2
1083190 1271.2
1083200 1271.2
1083210 1275.7
1083220 1279.6
1083230 1279.6
1083240 1283.1
1083250 1284.7
1083260 1284.7
1083270 1283.7
1083280 1283.4
1083290 1283.4
1083300 1286.6
1083310 1290.2
1083320 1290.2
1083330 1294.3
1083340 1299.5
1083350 1299.5
1083360 1304.5
1083370 1309.3
1083380 1309.3
1083390 1313.6
1083400 1317.6
1083410 1321.7
1083420 1321.7
1083430 1331.6
1083440 1335.5
1083450 1335.5
1083460 1340.0
1083470 1344.1
1083480 1344.1
1083490 1348.7
1083500 1353.8
1083510 1353.8
1083520 1359.5
1083530 1365.1
1083540 1365.1
1083550 1371.4
1083560 1378.7
1083570 1378.7
1083580 1388.2
1083590 1398.7
1083600 1398.7
1083610 1441.3
1083620 1459.4
1083630 1459.4
1083640 1462.5
1083650 1463.9
1083660 1463.9
1083670 1464.6
1083680 1463.4
1083690 1463.4
1083700 1461.6
1083710 1461.1
1083720 1460.5
1083730 1460.5
1083740 1459.9
1083750 1452.5
1083760 1452.5
1083770 1451.7
1083780 1450.0
1083790 1450.0
1083800 1447.6
1083810 1444.6
1083820 1444.6
1083830 1441.2
1083840 1434.3
1083850 1434.3
1083860 1425.1
1083870 1417.2
1083880 1417.2
1083890 1409.5
1083900 1401.9
1083910 1401.9
1083920 1394.5
1083930 1388.4
1083940 1388.4
1083950 1381.2
1083960 1374.7
1083970 1374.7
1083980 1369.3
1083990 1363.2
1084000 1363.2
1084010 1356.6
1084020 1350.3
1084030 1344.9
1084040 1344.9
1084050 1339.9
1084060 1334.3
1084070 1337.1
1084080 1329.6
1084090 1323.3
1084100 1323.3
1084110 1318.7
1084120 1314.3
1084130 1314.3
1084140 1308.5
1084150 1302.9
1084160 1302.9
1084170 1297.8
1084180 1292.8
1084190 1292.8
1084200 1287.8
1084210 1283.0
1084220 1283.0
1084230 1278.1
1084240 1273.4
1084250 1273.4
1084260 1268.3
1084270 1263.3
1084280 1263.3
1084290 1258.1
1084300 1252.6
1084310 1246.8
1084320 1246.8
1084330 1241.6
1084340 1236.1
1084350 1236.1
1084360 1230.7
1084370 1225.9
1084380 1225.9
1084390 1225.2
1084400 1220.8
1084410 1220.8
1084420 1216.6
1084430 1212.4
1084440 1212.4
1084450 1208.0
1084460 1203.6
1084470 1203.6
1084480 1200.1
1084490 1196.9
1084500 1196.9
1084510 1193.4
1084520 1189.6
1084530 1189.6
1084540 1186.1
1084550 1182.0
1084560 1182.0
1084570 1179.3
1084580 1176.9
1084590 1176.9
1084600 1176.0
1084610 1176.3
1084620 1176.3
1084630 1176.3
1084640 1175.2
1084650 1171.2
1084660 1171.2
1084670 1165.9
1084680 1160.8
1084690 1160.8
1084700 1160.8
1084710 1158.4
1084720 1158.4
1084730 1156.6
1084740 1155.5
1084750 1155.5
1084760 1154.7
1084770 1153.9
1084780 1153.9
1084790 1153.3
1084800 1152.4
1084810 1152.4
1084820 1151.6
1084830 1150.6
1084840 1150.6
1084850 1149.7
1084860 1150.3
1084870 1150.3
1084880 1150.8
1084890 1150.2
1084900 1150.2
1084910 1150.9
1084920 1152.4
1084930 1152.9
1084940 1152.9
1084950 1152.7
1084960 1152.8
1084970 1152.8
1084980 1151.7
1084990 1149.6
1085000 1149.6
1085010 1148.8
1085020 1149.2
1085030 1149.2
1085040 1150.8
1085050 1155.1
1085060 1155.1
1085070 1159.5
1085080 1164.1
1085090 1164.1
1085100 1167.9
1085110 1172.1
1085120 1172.1
1085130 1175.4
1085140 1179.1
1085150 1179.1
1085160 1181.7
1085170 1182.5
1085180 1182.5
1085190 1182.1
1085200 1180.9
1085210 1180.9
1085220 1178.0
1085230 1174.3
1085240 1171.6
1085250 1171.6
1085260 1168.5
1085270 1164.6
1085280 1164.6
1085290 1162.8
1085300 1159.0
1085310 1159.0
1085320 1153.3
1085330 1147.3
1085340 1141.9
1085350 1138.6
1085360 1131.3
1085370 1131.3
1085380 1123.8
1085390 1117.1
1085400 1117.1
1085410 1108.8
1085420 1103.1
1085430 1103.1
1085440 1100.1
1085450 1100.6
1085460 1100.6
1085470 1103.6
1085480 1100.7
1085490 1100.7
1085500 1094.7
1085510 1085.2
1085520 1085.2
1085530 1082.4
1085540 1084.4
1085550 1081.3
1085560 1081.3
1085570 1073.7
1085580 1073.2
1085590 1073.2
1085600 1070.2
1085610 1066.2
1085620 1066.2
1085630 1060.0
1085640 1055.0
1085650 1055.0
1085660 1050.8
1085670 1050.3
1085680 1050.3
1085690 1052.2
1085700 1052.9
1085710 1052.9
1085720 1051.9
1085730 1051.7
1085740 1051.7
1085750 1052.3
1085760 1052.3
1085770 1052.3
1085780 1053.3
1085790 1052.9
1085800 1052.9
1085810 1050.6
1085820 1049.2
1085830 1049.2
1085840 1049.2
1085850 1049.8
1085860 1046.9
1085870 1046.9
1085880 1046.1
1085890 1046.5
1085900 1046.5
1085910 1048.0
1085920 1047.9
1085930 1047.9
1085940 1043.2
1085950 1040.3
1085960 1040.3
1085970 1042.4
1085980 1047.8
1085990 1047.8
1086000 1047.2
1086010 1046.3
1086020 1046.3
1086030 1044.5
1086040 1043.2
1086050 1043.2
1086060 1043.1
1086070 1042.5
1086080 1042.5
1086090 1042.4
1086100 1042.7
1086110 1042.7
1086120 1043.6
1086130 1043.5
1086140 1043.5
1086150 1042.7
1086160 1041.5
1086170 1038.1
1086180 1038.1
1086190 1036.4
1086200 1038.6
1086210 1038.6
1086220 1038.7
1086230 1038.6
1086240 1038.6
1086250 1038.4
1086260 1038.4
1086270 1038.4
1086280 1038.5
1086290 1039.1
1086300 1038.2
1086310 1038.5
1086320 1038.7
1086330 1038.7
1086340 1036.0
1086350 1033.3
1086360 1033.3
1086370 1032.8
1086380 1032.9
1086390 1032.9
1086400 1032.6
1086410 1034.3
1086420 1034.3
1086430 1034.6
1086440 1033.6
1086450 1032.7
1086460 1032.7
1086470 1032.2
1086480 1031.6
1086490 1031.6
1086500 1030.4
1086510 1029.1
1086520 1029.1
1086530 1028.0
1086540 1026.7
1086550 1026.7
1086560 1023.8
1086570 1025.0
1086580 1025.0
1086590 1027.0
1086600 1026.2
1086610 1026.2
1086620 1026.7
1086630 1022.0
1086640 1022.0
1086650 1016.5
1086660 1012.0
1086670 1012.0
1086680 1010.0
1086690 1007.7
1086700 1007.7
1086710 1005.8
1086720 1004.0
1086730 1004.0
1086740 999.7
1086750 996.5
1086760 994.2
1086770 994.2
1086780 993.0
1086790 994.6
1086800 994.6
1086810 997.4
1086820 998.8
1086830 998.8
1086840 998.6
1086850 997.5
1086860 997.5
1086870 996.6
1086880 996.3
1086890 996.3
1086900 995.6
1086910 995.2
1086920 995.2
1086930 997.0
1086940 1012.2
1086950 1012.2
1086960 1018.2
1086970 1018.7
1086980 1018.7
1086990 1021.7
1087000 1026.9
1087010 1026.9
1087020 1031.0
1087030 1033.6
1087040 1033.6
1087050 1035.8
1087060 1034.8
1087070 1030.7
1087080 1030.7
1087090 1026.8
1087100 1024.6
1087110 1024.6
1087120 1022.3
1087130 1018.6
1087140 1018.6
1087150 1014.4
1087160 1012.5
1087170 1012.5
1087180 1011.9
1087190 1010.3
1087200 1010.3
1087210 1008.5
1087220 1006.5
1087230 1006.5
1087240 1003.6
1087250 1001.3
1087260 1009.1
1087270 1005.2
1087280 1000.5
1087290 1000.5
1087300 997.8
1087310 995.9
1087320 995.9
1087330 994.0
1087340 991.4
1087350 991.4
1087360 989.4
1087370 988.1
1087380 986.3
1087390 986.3
1087400 983.5
1087410 980.9
1087420 980.9
1087430 978.8
1087440 975.7
1087450 975.7
1087460 971.4
1087470 966.3
1087480 966.3
1087490 961.7
1087500 956.6
1087510 956.6
1087520 948.8
1087530 925.6
1087540 925.6
1087550 913.4
1087560 906.3
1087570 906.3
1087580 895.9
1087590 878.8
1087600 878.8
1087610 870.8
1087620 861.2
1087630 861.2
1087640 848.4
1087650 845.7
1087660 845.7
1087670 846.3
1087680 846.7
1087690 846.6
1087700 846.6
1087710 843.0
1087720 835.8
1087730 835.8
1087740 827.3
1087750 819.0
1087760 819.0
1087770 810.6
1087780 796.3
1087790 796.3
1087800 774.9
1087810 756.2
1087820 756.2
1087830 731.9
1087840 708.5
1087850 708.5
1087860 698.9
1087870 717.2
1087880 717.2
1087890 727.0
1087900 733.6
1087910 726.6
1087920 733.0
1087930 741.1
1087940 741.1
1087950 749.5
1087960 757.6
1087970 757.6
1087980 769.4
1087990 791.8
1088000 803.4
1088010 803.4
1088020 812.8
1088030 822.2
1088040 822.2
1088050 832.5
1088060 848.0
1088070 848.0
1088080 883.2
1088090 907.9
1088100 907.9
1088110 913.3
1088120 916.6
1088130 916.6
1088140 920.0
1088150 922.8
1088160 922.8
1088170 925.0
1088180 926.3
1088190 926.3
1088200 926.0
1088210 925.1
1088220 925.1
1088230 929.7
1088240 931.2
1088250 931.2
1088260 932.7
1088270 935.1
1088280 935.7
1088290 935.7
1088300 933.2
1088310 929.2
1088320 929.2
1088330 925.9
1088340 924.4
1088350 924.4
1088360 922.8
1088370 919.3
1088380 919.3
1088390 915.9
1088400 913.5
1088410 913.5
1088420 910.5
1088430 907.3
1088440 907.3
1088450 904.1
1088460 902.1
1088470 902.1
1088480 900.3
1088490 898.9
1088500 898.9
1088510 900.4
1088520 901.9
1088530 901.9
1088540 904.9
1088550 908.0
1088560 908.0
1088570 912.0
1088580 916.6
1088590 921.8
1088600 921.8
1088610 926.4
1088620 931.1
1088630 931.1
1088640 936.7
1088650 941.6
1088660 941.6
1088670 945.5
1088680 948.6
1088690 948.6
1088700 952.4
1088710 956.7
1088720 956.7
1088730 961.7
1088740 966.8
1088750 966.8
1088760 971.5
1088770 975.3
1088780 975.3
1088790 972.5
1088800 968.4
1088810 968.4
1088820 968.5
1088830 966.6
1088840 966.6
1088850 960.7
1088860 955.5
1088870 955.2
1088880 947.6
1088890 940.1
1088900 932.3
1088910 932.3
1088920 924.8
1088930 917.7
1088940 917.7
1088950 912.1
1088960 904.4
1088970 904.4
1088980 898.8
1088990 895.8
1089000 895.8
1089010 894.3
1089020 892.4
1089030 892.4
1089040 889.2
1089050 888.3
1089060 888.3
1089070 889.2
1089080 890.4
1089090 890.4
1089100 896.3
1089110 901.4
1089120 901.4
1089130 896.2
1089140 888.0
1089150 888.0
1089160 867.8
1089170 845.0
1089180 845.0
1089190 845.7
1089200 856.5
1089210 866.1
1089220 866.1
1089230 871.7
1089240 882.2
1089250 882.2
1089260 899.4
1089270 908.8
1089280 908.8
1089290 928.1
1089300 938.6
1089310 938.6
1089320 943.9
1089330 944.8
1089340 944.8
1089350 943.0
1089360 937.8
1089370 937.8
1089380 940.4
1089390 945.0
1089400 945.0
1089410 948.6
1089420 952.0
1089430 952.0
1089440 955.5
1089450 956.2
1089460 956.2
1089470 953.0
1089480 949.5
1089490 949.5
1089500 947.5
1089510 947.2
1089520 951.3
1089530 951.3
1089540 952.3
1089550 951.7
1089560 951.7
1089570 952.0
1089580 954.9
1089590 954.9
1089600 959.0
1089610 963.3
1089620 963.3
1089630 969.4
1089640 975.4
1089650 975.4
1089660 980.7
1089670 985.7
1089680 985.7
1089690 991.3
1089700 995.2
1089710 995.2
1089720 996.2
1089730 997.1
1089740 997.1
1089750 998.0
1089760 998.0
1089770 998.0
1089780 998.1
1089790 998.3
1089800 998.3
1089810 997.8
1089820 997.4
1089830 997.7
1089840 998.9
1089850 999.2
1089860 997.8
1089870 997.8
1089880 995.0
1089890 992.2
1089900 992.2
1089910 989.6
1089920 988.8
1089930 988.8
1089940 989.9
1089950 991.9
1089960 991.9
1089970 995.7
1089980 993.7
1089990 993.7
1090000 991.7
1090010 989.9
1090020 989.9
1090030 988.0
1090040 986.8
1090050 986.8
1090060 985.8
1090070 984.3
1090080 984.3
1090090 985.0
1090100 986.6
1090110 991.2
1090120 991.2
1090130 997.0
1090140 1003.3
1090150 1003.3
1090160 1006.4
1090170 1013.4
1090180 1013.4
1090190 1019.6
1090200 1022.4
1090210 1022.4
1090220 1024.4
1090230 1027.2
1090240 1027.2
1090250 1030.2
1090260 1033.2
1090270 1033.2
1090280 1036.8
1090290 1039.7
1090300 1039.7
1090310 1042.3
1090320 1042.9
1090330 1042.9
1090340 1040.8
1090350 1036.7
1090360 1036.7
1090370 1034.7
1090380 1032.3
1090390 1032.3
1090400 1028.0
1090410 1025.5
1090420 1024.9
1090430 1024.9
1090440 1024.2
1090450 1023.3
1090460 1023.3
1090470 1023.4
1090480 1024.6
1090490 1020.5
1090500 1021.1
1090510 1022.3
1090520 1022.3
1090530 1023.3
1090540 1022.3
1090550 1022.3
1090560 1019.4
1090570 1019.2
1090580 1019.2
1090590 1019.2
1090600 1018.1
1090610 1018.1
1090620 1017.9
1090630 1018.7
1090640 1018.7
1090650 1019.5
1090660 1021.3
1090670 1021.3
1090680 1024.4
1090690 1026.5
1090700 1026.5
1090710 1026.8
1090720 1028.7
1090730 1031.6
1090740 1031.6
1090750 1036.4
1090760 1041.5
1090770 1041.5
1090780 1045.6
1090790 1047.4
1090800 1047.4
1090810 1046.0
1090820 1051.7
1090830 1051.7
1090840 1055.1
1090850 1057.7
1090860 1057.7
1090870 1060.9
1090880 1064.1
1090890 1064.1
1090900 1067.8
1090910 1074.6
1090920 1074.6
1090930 1083.1
1090940 1087.5
1090950 1087.5
1090960 1085.4
1090970 1083.8
1090980 1083.8
1090990 1081.2
1091000 1080.1
1091010 1080.1
1091020 1081.1
1091030 1082.3
1091040 1082.4
1091050 1082.4
1091060 1082.3
1091070 1083.5
1091080 1083.5
1091090 1086.7
1091100 1089.6
1091110 1089.6
1091120 1093.0
1091130 1095.8
1091140 1091.7
1091150 1092.4
1091160 1091.9
1091170 1091.9
1091180 1090.8
1091190 1091.9
1091200 1091.9
1091210 1091.2
1091220 1088.4
1091230 1088.4
1091240 1086.3
1091250 1083.9
1091260 1083.9
1091270 1083.5
1091280 1084.9
1091290 1084.9
1091300 1088.2
1091310 1096.2
1091320 1096.2
1091330 1104.4
1091340 1112.3
1091350 1110.3
1091360 1110.3
1091370 1112.7
1091380 1115.6
1091390 1115.6
1091400 1120.6
1091410 1124.1
1091420 1124.1
1091430 1121.4
1091440 1122.1
1091450 1122.1
1091460 1115.2
1091470 1113.1
1091480 1113.1
1091490 1107.3
1091500 1101.4
1091510 1101.4
1091520 1097.8
1091530 1096.0
1091540 1096.0
1091550 1091.7
1091560 1087.5
1091570 1087.5
1091580 1086.3
1091590 1083.0
1091600 1083.0
1091610 1081.2
1091620 1080.2
1091630 1080.2
1091640 1081.0
1091650 1084.2
1091660 1089.8
1091670 1089.8
1091680 1099.1
1091690 1105.7
1091700 1105.7
1091710 1109.0
1091720 1110.4
1091730 1110.4
1091740 1112.3
1091750 1114.3
1091760 1114.3
1091770 1115.9
1091780 1113.5
1091790 1113.5
1091800 1113.3
1091810 1113.8
1091820 1113.8
1091830 1114.8
1091840 1117.0
1091850 1117.0
1091860 1123.8
1091870 1129.1
1091880 1129.1
1091890 1134.9
1091900 1143.5
1091910 1143.5
1091920 1153.6
1091930 1157.5
1091940 1160.1
1091950 1160.1
1091960 1162.1
1091970 1163.4
1091980 1163.4
1091990 1164.2
1092000 1163.9
1092010 1163.9
1092020 1162.6
1092030 1161.2
1092040 1161.2
1092050 1160.5
1092060 1160.8
1092070 1160.8
1092080 1161.4
1092090 1162.3
1092100 1162.3
1092110 1161.8
1092120 1162.6
1092130 1162.6
1092140 1163.0
1092150 1165.6
1092160 1165.6
1092170 1168.7
1092180 1170.8
1092190 1170.8
1092200 1170.7
1092210 1171.4
1092220 1171.4
1092230 1171.3
1092240 1172.3
1092250 1174.5
1092260 1174.5
1092270 1176.5
1092280 1177.5
1092290 1177.5
1092300 1177.9
1092310 1178.8
1092320 1178.8
1092330 1179.7
1092340 1180.1
1092350 1180.1
1092360 1180.8
1092370 1181.5
1092380 1181.5
1092390 1181.8
1092400 1184.2
1092410 1184.2
1092420 1186.6
1092430 1184.2
1092440 1184.2
1092450 1185.7
1092460 1187.1
1092470 1187.1
1092480 1188.1
1092490 1188.5
1092500 1188.5
1092510 1188.7
1092520 1190.0
1092530 1190.0
1092540 1191.6
1092550 1192.4
1092560 1192.7
1092570 1192.7
1092580 1192.5
1092590 1191.7
1092600 1191.7
1092610 1191.9
1092620 1191.8
1092630 1191.8
1092640 1191.4
1092650 1189.8
1092660 1189.8
1092670 1188.7
1092680 1189.9
1092690 1189.9
1092700 1192.0
1092710 1192.8
1092720 1192.8
1092730 1192.8
1092740 1191.6
1092750 1191.6
1092760 1187.3
1092770 1187.8
1092780 1187.8
1092790 1188.2
1092800 1188.3
1092810 1188.3
1092820 1187.8
1092830 1186.7
1092840 1186.7
1092850 1187.0
1092860 1187.1
1092870 1189.8
1092880 1189.8
1092890 1194.0
1092900 1200.8
1092910 1200.8
1092920 1208.9
1092930 1212.2
1092940 1212.2
1092950 1215.6
1092960 1214.6
1092970 1214.6
1092980 1215.7
1092990 1220.6
1093000 1220.6
1093010 1223.0
1093020 1225.4
1093030 1225.4
1093040 1229.1
1093050 1231.2
1093060 1231.2
1093070 1232.8
1093080 1234.9
1093090 1243.0
1093100 1245.9
1093110 1247.8
1093120 1247.8
1093130 1248.9
1093140 1250.2
1093150 1250.2
1093160 1257.2
1093170 1262.7
1093180 1266.4
1093190 1266.4
1093200 1269.4
1093210 1271.9
1093220 1271.9
1093230 1274.7
1093240 1277.1
1093250 1277.1
1093260 1279.2
1093270 1281.0
1093280 1281.0
1093290 1283.0
1093300 1283.8
1093310 1283.8
1093320 1286.6
1093330 1288.7
1093340 1288.7
1093350 1289.6
1093360 1288.7
1093370 1288.7
1093380 1291.8
1093390 1296.2
1093400 1296.2
1093410 1300.3
1093420 1303.4
1093430 1303.4
1093440 1305.8
1093450 1307.7
1093460 1307.7
1093470 1308.9
1093480 1311.4
1093490 1313.8
1093500 1313.8
1093510 1315.7
1093520 1317.6
1093530 1317.6
1093540 1320.2
1093550 1323.6
1093560 1323.6
1093570 1326.9
1093580 1328.5
1093590 1328.5
1093600 1329.8
1093610 1331.8
1093620 1331.8
1093630 1333.2
1093640 1334.5
1093650 1334.5
1093660 1335.2
1093670 1335.2
1093680 1335.2
1093690 1334.8
1093700 1333.6
1093710 1333.6
1093720 1331.6
1093730 1328.8
1093740 1329.6
1093750 1327.8
1093760 1326.4
1093770 1324.9
1093780 1324.9
1093790 1323.2
1093800 1322.1
1093810 1322.1
1093820 1320.7
1093830 1318.9
1093840 1318.9
1093850 1318.8
1093860 1319.7
1093870 1319.7
1093880 1321.4
1093890 1322.3
1093900 1322.3
1093910 1322.9
1093920 1323.1
1093930 1323.1
1093940 1322.9
1093950 1322.9
1093960 1322.9
1093970 1323.5
1093980 1324.5
1093990 1324.5
1094000 1326.1
1094010 1326.8
1094020 1326.8
1094030 1327.5
1094040 1328.3
1094050 1328.3
1094060 1328.9
1094070 1330.4
1094080 1331.8
1094090 1331.8
1094100 1333.8
1094110 1334.2
1094120 1334.2
1094130 1333.5
1094140 1331.6
1094150 1331.6
1094160 1329.9
1094170 1329.6
1094180 1329.6
1094190 1330.0
1094200 1330.1
1094210 1330.1
1094220 1329.3
1094230 1328.8
1094240 1328.8
1094250 1329.2
1094260 1329.5
1094270 1329.5
1094280 1329.0
1094290 1328.8
1094300 1328.8
1094310 1328.3
1094320 1328.1
1094330 1328.1
1094340 1327.4
1094350 1326.7
1094360 1326.7
1094370 1326.2
1094380 1326.3
1094390 1326.2
1094400 1326.2
1094410 1325.2
1094420 1323.7
1094430 1323.7
1094440 1321.2
1094450 1316.8
1094460 1316.8
1094470 1311.8
1094480 1308.0
1094490 1308.0
1094500 1306.6
1094510 1308.9
1094520 1308.9
1094530 1315.1
1094540 1318.1
1094550 1318.1
1094560 1318.0
1094570 1317.2
1094580 1317.2
1094590 1315.4
1094600 1314.3
1094610 1314.3
1094620 1313.8
1094630 1313.1
1094640 1313.1
1094650 1312.0
1094660 1311.2
1094670 1311.2
1094680 1311.0
1094690 1310.7
1094700 1310.1
1094710 1310.1
1094720 1310.6
1094730 1305.0
1094740 1305.0
1094750 1296.5
1094760 1289.9
1094770 1289.9
1094780 1290.9
1094790 1297.7
1094800 1297.7
1094810 1305.8
1094820 1313.6
1094830 1313.6
1094840 1315.5
1094850 1316.4
1094860 1316.4
1094870 1317.3
1094880 1318.1
1094890 1318.1
1094900 1320.3
1094910 1322.6
1094920 1322.6
1094930 1325.4
1094940 1329.0
1094950 1329.0
1094960 1333.1
1094970 1337.5
1094980 1337.5
1094990 1340.0
1095000 1340.8
1095010 1341.7
1095020 1341.7
1095030 1343.2
1095040 1345.2
1095050 1342.1
1095060 1341.9
1095070 1342.6
1095080 1342.6
1095090 1344.2
1095100 1346.2
1095110 1346.2
1095120 1348.4
1095130 1350.7
1095140 1350.7
1095150 1354.9
1095160 1360.1
1095170 1360.1
1095180 1364.4
1095190 1368.2
1095200 1368.2
1095210 1371.0
1095220 1372.5
1095230 1372.5
1095240 1373.2
1095250 1373.4
1095260 1373.4
1095270 1373.3
1095280 1372.9
1095290 1372.9
1095300 1372.1
1095310 1371.3
1095320 1369.3
1095330 1369.3
1095340 1366.9
1095350 1366.1
1095360 1366.1
1095370 1367.5
1095380 1365.9
1095390 1365.9
1095400 1364.3
1095410 1362.9
1095420 1362.9
1095430 1362.3
1095440 1361.9
1095450 1361.9
1095460 1361.6
1095470 1360.9
1095480 1360.9
1095490 1360.1
1095500 1359.5
1095510 1359.5
1095520 1358.7
1095530 1357.0
1095540 1357.0
1095550 1355.3
1095560 1355.3
1095570 1355.3
1095580 1355.0
1095590 1354.4
1095600 1353.4
1095610 1353.4
1095620 1352.6
1095630 1351.6
1095640 1351.6
1095650 1350.0
1095660 1347.0
1095670 1347.0
1095680 1341.7
1095690 1334.1
1095700 1336.4
1095710 1329.5
1095720 1324.4
1095730 1324.4
1095740 1318.2
1095750 1313.3
1095760 1313.3
1095770 1308.6
1095780 1305.6
1095790 1305.6
1095800 1303.9
1095810 1302.7
1095820 1302.7
1095830 1301.6
1095840 1300.5
1095850 1300.5
1095860 1297.5
1095870 1294.0
1095880 1294.0
1095890 1289.0
1095900 1284.5
1095910 1282.2
1095920 1282.2
1095930 1280.0
1095940 1276.6
1095950 1276.6
1095960 1273.4
1095970 1272.2
1095980 1272.2
1095990 1271.9
1096000 1271.6
1096010 1271.6
1096020 1270.0
1096030 1272.2
1096040 1272.2
1096050 1271.8
1096060 1270.6
1096070 1270.6
1096080 1269.1
1096090 1268.1
1096100 1268.1
1096110 1268.5
1096120 1268.0
1096130 1268.0
1096140 1266.6
1096150 1265.2
1096160 1265.2
1096170 1263.3
1096180 1260.1
1096190 1260.1
1096200 1253.3
1096210 1246.9
1096220 1244.2
1096230 1244.2
1096240 1244.3
1096250 1245.2
1096260 1245.2
1096270 1246.6
1096280 1248.5
1096290 1248.5
1096300 1249.1
1096310 1248.5
1096320 1248.5
1096330 1247.4
1096340 1246.6
1096350 1246.6
1096360 1248.8
1096370 1248.5
1096380 1248.5
1096390 1247.2
1096400 1245.5
1096410 1245.5
1096420 1244.5
1096430 1243.4
1096440 1243.4
1096450 1241.6
1096460 1241.0
1096470 1241.0
1096480 1239.6
1096490 1237.1
1096500 1237.1
1096510 1233.5
1096520 1231.6
1096530 1229.8
1096540 1229.8
1096550 1227.9
1096560 1226.8
1096570 1226.8
1096580 1225.2
1096590 1222.0
1096600 1222.0
1096610 1217.0
1096620 1213.4
1096630 1213.4
1096640 1211.5
1096650 1209.0
1096660 1209.0
1096670 1207.3
1096680 1205.7
1096690 1206.9
1096700 1204.7
1096710 1202.6
1096720 1202.6
1096730 1201.0
1096740 1200.4
1096750 1200.4
1096760 1199.9
1096770 1199.9
1096780 1199.9
1096790 1199.9
1096800 1199.5
1096810 1199.5
1096820 1198.6
1096830 1198.0
1096840 1197.5
1096850 1197.5
1096860 1197.1
1096870 1196.6
1096880 1196.6
1096890 1195.7
1096900 1193.1
1096910 1193.1
1096920 1189.7
1096930 1186.9
1096940 1186.9
1096950 1184.7
1096960 1183.3
1096970 1183.3
1096980 1182.4
1096990 1180.9
1097000 1180.9
1097010 1178.5
1097020 1177.4
1097030 1177.4
1097040 1175.3
1097050 1173.7
1097060 1173.7
1097070 1171.5
1097080 1169.0
1097090 1169.0
1097100 1165.9
1097110 1163.3
1097120 1161.4
1097130 1161.4
1097140 1160.0
1097150 1158.2
1097160 1158.2
1097170 1156.1
1097180 1153.7
1097190 1153.7
1097200 1151.6
1097210 1149.7
1097220 1149.7
1097230 1147.8
1097240 1145.2
1097250 1145.2
1097260 1142.5
1097270 1140.5
1097280 1140.5
1097290 1138.4
1097300 1135.6
1097310 1135.6
1097320 1133.4
1097330 1131.3
1097340 1132.1
1097350 1128.9
1097360 1123.8
1097370 1123.8
1097380 1118.1
1097390 1111.1
1097400 1111.1
1097410 1104.0
1097420 1098.6
1097430 1089.6
1097440 1089.6
1097450 1079.6
1097460 1070.7
1097470 1070.7
1097480 1062.7
1097490 1055.2
1097500 1055.2
1097510 1050.0
1097520 1042.8
1097530 1042.8
1097540 1032.1
1097550 1028.9
1097560 1028.9
1097570 1032.6
1097580 1034.7
1097590 1034.7
1097600 1032.3
1097610 1028.1
1097620 1028.1
1097630 1023.6
1097640 1018.7
1097650 1018.7
1097660 1012.3
1097670 1007.7
1097680 1007.7
1097690 1002.6
1097700 997.4
1097710 997.4
1097720 992.3
1097730 988.6
1097740 986.8
1097750 986.8
1097760 984.1
1097770 981.7
1097780 981.7
1097790 979.7
1097800 977.3
1097810 977.3
1097820 973.3
1097830 969.3
1097840 969.3
1097850 965.3
1097860 959.9
1097870 959.9
1097880 951.6
1097890 946.5
1097900 946.5
1097910 950.5
1097920 956.2
1097930 956.2
1097940 959.5
1097950 961.0
1097960 961.0
1097970 962.5
1097980 962.5
1097990 962.5
1098000 959.3
1098010 959.0
1098020 959.0
1098030 958.5
1098040 957.4
1098050 955.8
1098060 955.8
1098070 954.1
1098080 950.9
1098090 950.9
1098100 947.7
1098110 945.1
1098120 945.1
1098130 944.3
1098140 944.4
1098150 944.4
1098160 944.8
1098170 944.5
1098180 944.5
1098190 942.2
1098200 940.6
1098210 940.6
1098220 941.4
1098230 940.5
1098240 940.5
1098250 938.3
1098260 939.7
1098270 939.7
1098280 941.1
1098290 940.1
1098300 940.1
1098310 941.6
1098320 943.2
1098330 934.2
1098340 935.1
1098350 935.6
1098360 934.9
1098370 934.9
1098380 933.5
1098390 929.0
1098400 929.0
1098410 926.0
1098420 924.6
1098430 924.6
1098440 922.8
1098450 923.0
1098460 923.0
1098470 922.2
1098480 922.6
1098490 922.6
1098500 922.0
1098510 920.9
1098520 920.9
1098530 923.3
1098540 926.1
1098550 926.1
1098560 927.2
1098570 927.0
1098580 927.0
1098590 923.1
1098600 917.3
1098610 917.3
1098620 910.6
1098630 904.9
1098640 900.0
1098650 900.0
1098660 895.6
1098670 886.9
1098680 886.9
1098690 885.2
1098700 883.4
1098710 883.4
1098720 880.2
1098730 877.6
1098740 877.6
1098750 876.6
1098760 875.5
1098770 875.5
1098780 875.1
1098790 875.1
1098800 875.1
1098810 874.8
1098820 872.4
1098830 872.4
1098840 870.8
1098850 869.3
1098860 869.3
1098870 868.7
1098880 868.5
1098890 868.5
1098900 868.4
1098910 867.9
1098920 867.9
1098930 866.8
1098940 865.4
1098950 864.2
1098960 864.2
1098970 863.3
1098980 862.3
1098990 862.3
1099000 860.6
1099010 857.2
1099020 857.2
1099030 853.6
1099040 850.9
1099050 850.9
1099060 854.3
1099070 856.0
1099080 856.0
1099090 854.1
1099100 851.5
1099110 851.5
1099120 844.4
1099130 821.2
1099140 821.2
1099150 796.8
1099160 779.8
1099170 779.8
1099180 771.0
1099190 769.9
1099200 769.9
1099210 768.8
1099220 760.5
1099230 760.5
1099240 760.3
1099250 757.8
1099260 754.9
1099270 754.9
1099280 751.4
1099290 746.4
1099300 746.4
1099310 741.8
1099320 736.9
1099330 730.4
1099340 725.7
1099350 720.2
1099360 720.2
1099370 715.3
1099380 710.2
1099390 710.2
1099400 705.6
1099410 701.4
1099420 701.4
1099430 697.0
1099440 692.5
1099450 692.5
1099460 687.6
1099470 682.6
1099480 682.6
1099490 678.1
1099500 674.1
1099510 674.1
1099520 671.0
1099530 668.9
1099540 668.9
1099550 667.4
1099560 666.1
1099570 665.1
1099580 665.1
1099590 664.1
1099600 663.6
1099610 663.6
1099620 663.2
1099630 662.8
1099640 662.8
1099650 662.4
1099660 661.9
1099670 661.9
1099680 661.4
1099690 661.0
1099700 661.0
1099710 660.5
1099720 660.1
1099730 660.1
1099740 659.2
1099750 658.8
1099760 658.8
1099770 658.3
1099780 657.3
1099790 657.3
1099800 657.0
1099810 657.0
1099820 657.0
1099830 657.0
1099840 657.0
1099850 657.0
1099860 657.4
1099870 658.6
1099880 658.8
1099890 658.8
1099900 658.5
1099910 658.3
1099920 658.3
1099930 658.2
1099940 658.0
1099950 658.0
1099960 657.9
1099970 657.7
1099980 657.7
1099990 657.8
