1080000 413.4
1080010 413.3
1080020 413.5
1080030 413.1
1080040 413.2
1080050 413.0
1080060 413.0
1080070 412.7
1080080 412.8
1080090 412.8
1080100 412.9
1080110 413.6
1080120 413.6
1080130 413.8
1080140 415.0
1080150 415.0
1080160 417.4
1080170 417.9
1080180 417.9
1080190 415.7
1080200 413.4
1080210 413.4
1080220 413.6
1080230 413.8
1080240 413.8
1080250 413.7
1080260 412.8
1080270 412.8
1080280 411.8
1080290 411.7
1080300 411.7
1080310 411.7
1080320 411.7
1080330 411.6
1080340 411.7
1080350 411.6
1080360 411.7
1080370 411.7
1080380 411.7
1080390 411.7
1080400 411.7
1080410 411.7
1080420 411.8
1080430 411.8
1080440 411.8
1080450 411.9
1080460 411.9
1080470 411.9
1080480 412.0
1080490 412.0
1080500 412.2
1080510 412.5
1080520 412.5
1080530 413.1
1080540 413.4
1080550 413.4
1080560 413.6
1080570 413.7
1080580 413.7
1080590 413.7
1080600 413.7
1080610 413.8
1080620 413.8
1080630 413.9
1080640 413.9
1080650 413.9
1080660 414.0
1080670 414.2
1080680 414.2
1080690 414.4
1080700 414.5
1080710 414.5
1080720 414.5
1080730 414.5
1080740 414.5
1080750 414.5
1080760 414.5
1080770 414.5
1080780 414.5
1080790 414.7
1080800 414.7
1080810 415.1
1080820 415.0
1080830 415.0
1080840 415.2
1080850 415.7
1080860 415.7
1080870 416.1
1080880 416.2
1080890 416.2
1080900 416.2
1080910 416.8
1080920 419.9
1080930 419.9
1080940 424.4
1080950 430.0
1080960 430.0
1080970 434.3
1080980 437.2
1080990 437.2
1081000 435.9
1081010 434.3
1081020 434.3
1081030 435.5
1081040 439.3
1081050 439.3
1081060 444.3
1081070 448.5
1081080 448.5
1081090 452.6
1081100 457.0
1081110 457.0
1081120 461.4
1081130 466.3
1081140 466.3
1081150 471.2
1081160 476.6
1081170 476.6
1081180 482.7
1081190 488.8
1081200 488.8
1081210 494.8
1081220 499.8
1081230 503.5
1081240 503.5
1081250 506.5
1081260 509.0
1081270 509.0
1081280 511.1
1081290 517.4
1081300 517.4
1081310 520.3
1081320 524.6
1081330 524.6
1081340 529.5
1081350 533.9
1081360 533.9
1081370 538.2
1081380 542.3
1081390 542.3
1081400 545.7
1081410 549.2
1081420 549.2
1081430 552.8
1081440 555.7
1081450 555.7
1081460 559.0
1081470 562.6
1081480 562.6
1081490 566.1
1081500 570.5
1081510 570.5
1081520 575.5
1081530 578.8
1081540 581.4
1081550 581.4
1081560 583.4
1081570 584.9
1081580 584.9
1081590 586.4
1081600 589.0
1081610 588.5
1081620 590.3
1081630 592.8
1081640 592.8
1081650 596.3
1081660 600.0
1081670 600.0
1081680 604.5
1081690 609.2
1081700 609.2
1081710 613.2
1081720 618.0
1081730 618.0
1081740 623.3
1081750 628.9
1081760 628.9
1081770 634.8
1081780 640.6
1081790 640.6
1081800 647.6
1081810 675.2
1081820 675.2
1081830 716.6
1081840 742.4
1081850 748.8
1081860 748.8
1081870 750.6
1081880 751.2
1081890 751.2
1081900 749.8
1081910 748.4
1081920 747.6
1081930 747.1
1081940 745.5
1081950 745.5
1081960 744.0
1081970 742.4
1081980 742.4
1081990 741.0
1082000 739.7
1082010 739.7
1082020 738.1
1082030 736.4
1082040 736.4
1082050 734.2
1082060 732.8
1082070 732.8
1082080 732.3
1082090 732.5
1082100 732.5
1082110 732.9
1082120 734.3
1082130 734.3
1082140 734.8
1082150 734.1
1082160 731.7
1082170 731.7
1082180 730.8
1082190 731.9
1082200 731.9
1082210 733.3
1082220 733.8
1082230 733.8
1082240 737.3
1082250 738.6
1082260 738.6
1082270 740.6
1082280 741.9
1082290 741.9
1082300 742.6
1082310 744.9
1082320 744.9
1082330 745.9
1082340 748.1
1082350 748.1
1082360 749.8
1082370 751.2
1082380 751.2
1082390 758.0
1082400 763.1
1082410 763.1
1082420 765.3
1082430 767.4
1082440 767.4
1082450 768.9
1082460 770.0
1082470 769.0
1082480 769.0
1082490 770.3
1082500 773.3
1082510 773.3
1082520 769.2
1082530 762.9
1082540 762.9
1082550 764.1
1082560 766.5
1082570 766.5
1082580 768.1
1082590 774.1
1082600 774.1
1082610 779.7
1082620 782.0
1082630 782.0
1082640 786.9
1082650 793.5
1082660 793.5
1082670 798.5
1082680 800.5
1082690 800.5
1082700 804.4
1082710 811.4
1082720 811.4
1082730 818.0
1082740 821.9
1082750 821.9
1082760 826.1
1082770 830.0
1082780 834.0
1082790 834.0
1082800 839.2
1082810 844.4
1082820 844.4
1082830 850.0
1082840 854.5
1082850 854.5
1082860 856.3
1082870 860.8
1082880 861.2
1082890 866.8
1082900 872.7
1082910 872.7
1082920 877.8
1082930 884.1
1082940 884.1
1082950 891.4
1082960 895.4
1082970 895.4
1082980 899.7
1082990 905.3
1083000 905.3
1083010 911.3
1083020 919.1
1083030 919.1
1083040 931.6
1083050 945.1
1083060 945.1
1083070 958.7
1083080 969.6
1083090 980.6
1083100 980.6
1083110 992.1
1083120 1041.9
1083130 1041.9
1083140 1057.1
1083150 1064.0
1083160 1064.0
1083170 1065.8
1083180 1066.1
1083190 1064.4
1083200 1064.5
1083210 1065.7
1083220 1065.7
1083230 1065.1
1083240 1062.9
1083250 1062.9
1083260 1061.7
1083270 1061.3
1083280 1061.3
1083290 1060.3
1083300 1059.0
1083310 1059.0
1083320 1057.8
1083330 1057.1
1083340 1057.1
1083350 1056.2
1083360 1055.7
1083370 1055.7
1083380 1054.9
1083390 1052.7
1083400 1051.4
1083410 1051.4
1083420 1051.0
1083430 1051.0
1083440 1051.0
1083450 1050.5
1083460 1049.8
1083470 1049.8
1083480 1049.2
1083490 1048.7
1083500 1048.7
1083510 1046.8
1083520 1046.5
1083530 1046.5
1083540 1046.2
1083550 1045.6
1083560 1045.6
1083570 1044.8
1083580 1044.3
1083590 1044.3
1083600 1043.5
1083610 1042.6
1083620 1042.6
1083630 1041.7
1083640 1040.8
1083650 1040.8
1083660 1039.8
1083670 1038.9
1083680 1038.9
1083690 1038.3
1083700 1038.1
1083710 1038.1
1083720 1038.1
1083730 1038.4
1083740 1038.8
1083750 1038.8
1083760 1039.1
1083770 1039.4
1083780 1039.4
1083790 1039.5
1083800 1039.7
1083810 1039.7
1083820 1039.9
1083830 1040.4
1083840 1040.4
1083850 1040.5
1083860 1040.5
1083870 1040.5
1083880 1040.6
1083890 1040.7
1083900 1040.7
1083910 1040.8
1083920 1040.8
1083930 1040.8
1083940 1040.8
1083950 1040.6
1083960 1040.6
1083970 1041.1
1083980 1041.8
1083990 1041.8
1084000 1042.1
1084010 1041.8
1084020 1040.9
1084030 1040.9
1084040 1040.3
1084050 1039.8
1084060 1039.8
1084070 1039.3
1084080 1039.0
1084090 1039.0
1084100 1037.1
1084110 1035.3
1084120 1035.3
1084130 1032.9
1084140 1030.0
1084150 1031.6
1084160 1029.9
1084170 1025.9
1084180 1025.9
1084190 1020.7
1084200 1014.6
1084210 1014.6
1084220 1009.3
1084230 1001.8
1084240 1001.8
1084250 994.4
1084260 990.4
1084270 990.4
1084280 990.0
1084290 986.5
1084300 986.5
1084310 981.3
1084320 976.2
1084330 971.6
1084340 971.6
1084350 969.1
1084360 967.0
1084370 967.0
1084380 960.7
1084390 956.5
1084400 956.5
1084410 956.2
1084420 953.7
1084430 953.7
1084440 948.0
1084450 941.6
1084460 941.6
1084470 935.8
1084480 930.8
1084490 930.8
1084500 928.4
1084510 927.3
1084520 927.3
1084530 930.4
1084540 935.3
1084550 935.3
1084560 937.7
1084570 942.0
1084580 942.0
1084590 945.8
1084600 948.3
1084610 948.3
1084620 950.5
1084630 953.0
1084640 955.8
1084650 955.8
1084660 958.5
1084670 960.8
1084680 960.8
1084690 963.1
1084700 964.9
1084710 964.9
1084720 967.0
1084730 968.3
1084740 968.3
1084750 969.0
1084760 970.4
1084770 970.4
1084780 975.6
1084790 978.3
1084800 978.3
1084810 982.0
1084820 985.4
1084830 985.4
1084840 988.2
1084850 990.1
1084860 990.1
1084870 992.6
1084880 997.4
1084890 997.4
1084900 1002.2
1084910 1005.9
1084920 1005.9
1084930 1007.8
1084940 1011.5
1084950 1015.5
1084960 1015.5
1084970 1020.7
1084980 1027.6
1084990 1027.6
1085000 1035.1
1085010 1039.8
1085020 1039.8
1085030 1043.8
1085040 1046.0
1085050 1046.0
1085060 1047.7
1085070 1050.7
1085080 1050.7
1085090 1055.3
1085100 1066.3
1085110 1066.3
1085120 1071.5
1085130 1076.8
1085140 1076.8
1085150 1083.0
1085160 1089.9
1085170 1089.9
1085180 1095.8
1085190 1100.9
1085200 1100.9
1085210 1105.8
1085220 1111.0
1085230 1111.0
1085240 1115.4
1085250 1119.2
1085260 1123.7
1085270 1123.7
1085280 1128.4
1085290 1133.6
1085300 1133.6
1085310 1139.8
1085320 1146.2
1085330 1146.2
1085340 1153.1
1085350 1161.2
1085360 1161.2
1085370 1171.7
1085380 1180.8
1085390 1180.8
1085400 1189.8
1085410 1197.7
1085420 1213.0
1085430 1223.8
1085440 1225.8
1085450 1225.8
1085460 1226.1
1085470 1225.0
1085480 1225.0
1085490 1225.3
1085500 1227.7
1085510 1227.7
1085520 1231.2
1085530 1235.6
1085540 1235.6
1085550 1240.1
1085560 1244.7
1085570 1249.6
1085580 1249.6
1085590 1255.1
1085600 1261.2
1085610 1261.2
1085620 1267.5
1085630 1273.7
1085640 1273.7
1085650 1280.0
1085660 1286.7
1085670 1286.7
1085680 1293.7
1085690 1301.0
1085700 1301.0
1085710 1307.9
1085720 1314.7
1085730 1314.7
1085740 1322.7
1085750 1329.5
1085760 1329.5
1085770 1336.8
1085780 1343.9
1085790 1343.9
1085800 1351.7
1085810 1359.3
1085820 1359.3
1085830 1366.6
1085840 1373.5
1085850 1373.5
1085860 1380.2
1085870 1386.6
1085880 1392.8
1085890 1392.8
1085900 1398.5
1085910 1403.7
1085920 1403.7
1085930 1408.6
1085940 1413.0
1085950 1413.0
1085960 1415.9
1085970 1417.1
1085980 1417.1
1085990 1415.9
1086000 1412.0
1086010 1412.0
1086020 1406.6
1086030 1401.2
1086040 1401.2
1086050 1396.0
1086060 1392.5
1086070 1392.5
1086080 1386.6
1086090 1380.9
1086100 1380.9
1086110 1375.1
1086120 1366.7
1086130 1366.7
1086140 1351.2
1086150 1335.6
1086160 1335.6
1086170 1345.1
1086180 1342.0
1086190 1322.6
1086200 1322.6
1086210 1310.9
1086220 1306.6
1086230 1306.6
1086240 1301.7
1086250 1296.3
1086260 1296.3
1086270 1287.9
1086280 1280.2
1086290 1280.2
1086300 1274.4
1086310 1269.7
1086320 1269.7
1086330 1265.7
1086340 1265.1
1086350 1265.1
1086360 1275.4
1086370 1282.5
1086380 1282.5
1086390 1274.5
1086400 1266.3
1086410 1266.3
1086420 1259.2
1086430 1251.9
1086440 1251.9
1086450 1245.0
1086460 1238.2
1086470 1238.2
1086480 1230.9
1086490 1223.9
1086500 1216.7
1086510 1216.7
1086520 1209.6
1086530 1203.0
1086540 1203.0
1086550 1196.2
1086560 1189.4
1086570 1189.4
1086580 1183.0
1086590 1175.6
1086600 1175.6
1086610 1167.6
1086620 1160.9
1086630 1160.9
1086640 1154.6
1086650 1148.3
1086660 1148.3
1086670 1143.3
1086680 1138.4
1086690 1138.4
1086700 1137.0
1086710 1132.9
1086720 1132.9
1086730 1130.0
1086740 1126.7
1086750 1126.7
1086760 1122.0
1086770 1116.6
1086780 1116.6
1086790 1110.5
1086800 1104.2
1086810 1099.3
1086820 1099.3
1086830 1095.5
1086840 1090.7
1086850 1090.7
1086860 1085.7
1086870 1081.4
1086880 1081.4
1086890 1077.5
1086900 1073.2
1086910 1073.2
1086920 1069.8
1086930 1067.4
1086940 1067.4
1086950 1065.2
1086960 1062.2
1086970 1062.2
1086980 1061.2
1086990 1060.8
1087000 1060.8
1087010 1060.3
1087020 1059.4
1087030 1059.4
1087040 1058.0
1087050 1055.9
1087060 1055.9
1087070 1052.8
1087080 1049.5
1087090 1049.5
1087100 1046.9
1087110 1045.4
1087120 1042.9
1087130 1042.9
1087140 1039.6
1087150 1035.7
1087160 1035.7
1087170 1030.2
1087180 1019.3
1087190 1019.3
1087200 1015.8
1087210 1001.4
1087220 1001.4
1087230 983.8
1087240 973.9
1087250 973.9
1087260 963.0
1087270 953.0
1087280 953.0
1087290 943.5
1087300 935.7
1087310 935.7
1087320 929.0
1087330 922.3
1087340 922.3
1087350 911.9
1087360 906.5
1087370 906.5
1087380 903.1
1087390 898.5
1087400 898.5
1087410 892.1
1087420 887.2
1087430 879.8
1087440 879.8
1087450 868.7
1087460 860.2
1087470 860.2
1087480 853.7
1087490 847.3
1087500 847.3
1087510 842.6
1087520 837.9
1087530 837.9
1087540 833.1
1087550 826.2
1087560 826.2
1087570 818.5
1087580 810.7
1087590 810.7
1087600 802.8
1087610 791.9
1087620 791.9
1087630 780.6
1087640 774.2
1087650 774.2
1087660 769.2
1087670 763.5
1087680 763.5
1087690 758.5
1087700 754.5
1087710 754.5
1087720 750.1
1087730 744.7
1087740 738.9
1087750 738.9
1087760 733.7
1087770 729.0
1087780 729.0
1087790 724.0
1087800 719.3
1087810 719.3
1087820 714.6
1087830 710.9
1087840 710.9
1087850 706.9
1087860 702.0
1087870 702.0
1087880 696.8
1087890 692.2
1087900 692.2
1087910 687.4
1087920 685.5
1087930 685.5
1087940 683.3
1087950 680.5
1087960 680.5
1087970 676.8
1087980 672.3
1087990 669.6
1088000 666.7
1088010 669.5
1088020 669.5
1088030 667.7
1088040 663.1
1088050 664.5
1088060 664.5
1088070 663.9
1088080 663.6
1088090 663.6
1088100 663.7
1088110 660.1
1088120 660.1
1088130 654.2
1088140 648.5
1088150 648.5
1088160 643.7
1088170 641.2
1088180 641.2
1088190 644.9
1088200 652.8
1088210 652.8
1088220 656.9
1088230 660.3
1088240 660.3
1088250 663.0
1088260 662.8
1088270 662.8
1088280 650.9
1088290 629.7
1088300 629.7
1088310 627.4
1088320 631.0
1088330 631.0
1088340 633.3
1088350 639.8
1088360 659.0
1088370 659.0
1088380 667.3
1088390 671.0
1088400 671.0
1088410 675.1
1088420 681.5
1088430 681.5
1088440 689.0
1088450 701.6
1088460 701.6
1088470 707.8
1088480 714.2
1088490 714.2
1088500 719.0
1088510 726.0
1088520 726.0
1088530 729.3
1088540 731.3
1088550 731.3
1088560 732.2
1088570 733.1
1088580 733.1
1088590 733.2
1088600 733.0
1088610 733.0
1088620 732.4
1088630 735.4
1088640 735.4
1088650 733.4
1088660 730.3
1088670 726.2
1088680 726.2
1088690 722.4
1088700 721.4
1088710 721.4
1088720 721.3
1088730 721.9
1088740 721.9
1088750 722.7
1088760 723.5
1088770 723.5
1088780 723.6
1088790 722.9
1088800 722.9
1088810 722.9
1088820 723.7
1088830 723.7
1088840 724.2
1088850 724.8
1088860 724.8
1088870 724.9
1088880 725.4
1088890 725.4
1088900 725.7
1088910 728.3
1088920 728.3
1088930 732.1
1088940 733.6
1088950 733.6
1088960 739.0
1088970 740.4
1088980 742.1
1088990 742.1
1089000 743.8
1089010 746.6
1089020 746.6
1089030 750.6
1089040 754.8
1089050 754.8
1089060 757.6
1089070 756.3
1089080 756.3
1089090 755.2
1089100 754.0
1089110 754.0
1089120 753.4
1089130 754.5
1089140 754.5
1089150 757.5
1089160 762.2
1089170 762.2
1089180 766.4
1089190 770.2
1089200 770.2
1089210 772.9
1089220 774.7
1089230 774.7
1089240 777.1
1089250 781.2
1089260 781.2
1089270 786.4
1089280 792.9
1089290 797.0
1089300 797.0
1089310 802.5
1089320 806.4
1089330 806.4
1089340 808.2
1089350 808.8
1089360 808.8
1089370 807.4
1089380 807.4
1089390 807.4
1089400 811.7
1089410 815.6
1089420 815.6
1089430 819.8
1089440 823.9
1089450 823.9
1089460 826.0
1089470 823.2
1089480 823.2
1089490 816.3
1089500 810.5
1089510 810.5
1089520 807.1
1089530 805.0
1089540 805.0
1089550 803.8
1089560 803.3
1089570 803.3
1089580 805.9
1089590 808.2
1089600 803.8
1089610 803.8
1089620 804.3
1089630 802.9
1089640 802.9
1089650 798.9
1089660 793.9
1089670 793.9
1089680 788.9
1089690 783.3
1089700 783.3
1089710 779.2
1089720 776.4
1089730 776.4
1089740 774.1
1089750 778.7
1089760 778.7
1089770 784.0
1089780 791.2
1089790 791.2
1089800 799.7
1089810 809.3
1089820 809.3
1089830 820.1
1089840 826.0
1089850 826.0
1089860 831.6
1089870 827.2
1089880 827.2
1089890 821.5
1089900 814.6
1089910 804.3
1089920 805.1
1089930 792.5
1089940 780.0
1089950 780.0
1089960 771.8
1089970 772.0
1089980 772.0
1089990 775.3
1090000 775.6
1090010 775.6
1090020 777.1
1090030 777.5
1090040 777.5
1090050 778.4
1090060 780.1
1090070 780.1
1090080 782.0
1090090 782.4
1090100 782.4
1090110 784.6
1090120 787.7
1090130 787.7
1090140 788.7
1090150 788.0
1090160 788.0
1090170 787.9
1090180 789.9
1090190 789.9
1090200 793.4
1090210 796.6
1090220 800.7
1090230 800.7
1090240 805.3
1090250 808.9
1090260 808.9
1090270 813.1
1090280 816.8
1090290 816.8
1090300 820.4
1090310 824.4
1090320 824.4
1090330 828.4
1090340 833.5
1090350 833.5
1090360 838.2
1090370 841.2
1090380 841.2
1090390 845.1
1090400 851.1
1090410 851.1
1090420 856.0
1090430 861.7
1090440 861.7
1090450 869.2
1090460 875.1
1090470 875.1
1090480 878.4
1090490 885.6
1090500 885.6
1090510 892.3
1090520 899.4
1090530 904.8
1090540 904.8
1090550 909.7
1090560 914.3
1090570 915.3
1090580 918.8
1090590 922.7
1090600 922.7
1090610 926.6
1090620 927.9
1090630 927.9
1090640 930.3
1090650 932.5
1090660 932.5
1090670 936.0
1090680 939.3
1090690 939.3
1090700 941.7
1090710 943.2
1090720 943.2
1090730 944.9
1090740 947.0
1090750 947.0
1090760 949.5
1090770 952.3
1090780 952.3
1090790 954.5
1090800 957.0
1090810 959.8
1090820 959.8
1090830 961.9
1090840 963.2
1090850 963.2
1090860 963.9
1090870 963.5
1090880 963.5
1090890 966.8
1090900 969.1
1090910 969.1
1090920 971.0
1090930 972.2
1090940 972.2
1090950 973.6
1090960 974.6
1090970 974.6
1090980 975.5
1090990 975.7
1091000 975.7
1091010 977.0
1091020 978.4
1091030 978.4
1091040 979.1
1091050 980.7
1091060 980.7
1091070 982.5
1091080 982.9
1091090 982.9
1091100 983.5
1091110 983.3
1091120 983.6
1091130 983.6
1091140 981.7
1091150 980.0
1091160 980.0
1091170 981.2
1091180 983.2
1091190 983.2
1091200 983.2
1091210 982.3
1091220 984.4
1091230 983.2
1091240 984.4
1091250 984.4
1091260 986.2
1091270 989.4
1091280 989.4
1091290 994.3
1091300 997.8
1091310 997.8
1091320 1000.1
1091330 1002.0
1091340 1002.0
1091350 1003.7
1091360 1005.3
1091370 1005.3
1091380 1006.9
1091390 1009.7
1091400 1009.7
1091410 1012.9
1091420 1015.0
1091430 1015.5
1091440 1015.5
1091450 1015.7
1091460 1014.2
1091470 1014.2
1091480 1013.7
1091490 1013.6
1091500 1013.6
1091510 1014.4
1091520 1016.0
1091530 1016.0
1091540 1021.5
1091550 1024.5
1091560 1024.5
1091570 1024.0
1091580 1018.9
1091590 1018.9
1091600 1016.0
1091610 1015.5
1091620 1015.5
1091630 1010.6
1091640 1004.9
1091650 1004.9
1091660 1005.8
1091670 1009.3
1091680 1009.3
1091690 1012.7
1091700 1007.0
1091710 1007.0
1091720 1001.6
1091730 998.7
1091740 996.4
1091750 996.4
1091760 996.1
1091770 995.3
1091780 995.3
1091790 994.4
1091800 993.9
1091810 993.9
1091820 995.9
1091830 999.5
1091840 999.5
1091850 1004.5
1091860 1009.5
1091870 1005.4
1091880 1008.4
1091890 1011.8
1091900 1011.8
1091910 1017.5
1091920 1023.5
1091930 1023.5
1091940 1029.4
1091950 1034.1
1091960 1034.1
1091970 1037.6
1091980 1041.4
1091990 1041.4
1092000 1046.0
1092010 1048.2
1092020 1048.2
1092030 1052.4
1092040 1058.5
1092050 1064.1
1092060 1064.1
1092070 1069.8
1092080 1076.2
1092090 1076.2
1092100 1081.3
1092110 1088.1
1092120 1088.1
1092130 1091.5
1092140 1092.8
1092150 1092.8
1092160 1097.8
1092170 1102.1
1092180 1102.1
1092190 1104.2
1092200 1105.6
1092210 1105.6
1092220 1106.5
1092230 1107.5
1092240 1107.5
1092250 1108.5
1092260 1109.7
1092270 1109.7
1092280 1110.9
1092290 1112.5
1092300 1112.5
1092310 1115.4
1092320 1120.2
1092330 1120.2
1092340 1126.6
1092350 1134.2
1092360 1136.2
1092370 1136.2
1092380 1134.1
1092390 1136.8
1092400 1136.8
1092410 1142.3
1092420 1147.4
1092430 1147.4
1092440 1152.6
1092450 1157.3
1092460 1157.3
1092470 1162.4
1092480 1167.9
1092490 1167.9
1092500 1173.5
1092510 1177.5
1092520 1179.7
1092530 1182.4
1092540 1179.6
1092550 1179.6
1092560 1169.8
1092570 1158.3
1092580 1158.3
1092590 1150.4
1092600 1143.9
1092610 1143.9
1092620 1139.0
1092630 1135.4
1092640 1135.4
1092650 1131.5
1092660 1126.8
1092670 1122.0
1092680 1122.0
1092690 1118.7
1092700 1117.0
1092710 1117.0
1092720 1115.0
1092730 1114.4
1092740 1114.4
1092750 1113.4
1092760 1110.2
1092770 1110.2
1092780 1110.1
1092790 1115.3
1092800 1115.3
1092810 1119.1
1092820 1122.8
1092830 1122.8
1092840 1115.6
1092850 1116.2
1092860 1116.2
1092870 1118.9
1092880 1118.6
1092890 1118.6
1092900 1118.0
1092910 1118.8
1092920 1118.8
1092930 1120.4
1092940 1122.0
1092950 1122.0
1092960 1126.9
1092970 1130.5
1092980 1134.8
1092990 1134.8
1093000 1140.2
1093010 1145.5
1093020 1145.5
1093030 1145.9
1093040 1140.4
1093050 1140.4
1093060 1135.2
1093070 1134.5
1093080 1134.5
1093090 1136.1
1093100 1138.5
1093110 1138.5
1093120 1143.8
1093130 1150.1
1093140 1150.1
1093150 1157.3
1093160 1164.5
1093170 1164.3
1093180 1171.1
1093190 1175.1
1093200 1175.1
1093210 1179.8
1093220 1185.9
1093230 1185.9
1093240 1189.5
1093250 1190.1
1093260 1190.1
1093270 1190.6
1093280 1191.9
1093290 1193.4
1093300 1193.4
1093310 1194.9
1093320 1196.0
1093330 1196.0
1093340 1198.5
1093350 1199.8
1093360 1199.8
1093370 1200.0
1093380 1201.8
1093390 1201.8
1093400 1204.7
1093410 1207.3
1093420 1207.3
1093430 1210.3
1093440 1212.9
1093450 1212.9
1093460 1215.1
1093470 1218.0
1093480 1218.0
1093490 1219.4
1093500 1220.5
1093510 1220.5
1093520 1222.4
1093530 1224.5
1093540 1224.5
1093550 1225.9
1093560 1227.0
1093570 1227.0
1093580 1227.8
1093590 1229.4
1093600 1231.5
1093610 1231.5
1093620 1233.4
1093630 1235.6
1093640 1235.6
1093650 1238.9
1093660 1241.9
1093670 1241.9
1093680 1246.3
1093690 1250.7
1093700 1250.7
1093710 1254.9
1093720 1257.9
1093730 1257.9
1093740 1262.4
1093750 1266.8
1093760 1266.8
1093770 1272.3
1093780 1279.6
1093790 1279.6
1093800 1288.6
1093810 1293.8
1093820 1287.6
1093830 1292.6
1093840 1297.1
1093850 1297.1
1093860 1301.2
1093870 1301.4
1093880 1301.4
1093890 1301.5
1093900 1307.8
1093910 1318.3
1093920 1318.3
1093930 1321.9
1093940 1323.9
1093950 1323.9
1093960 1327.0
1093970 1329.8
1093980 1329.8
1093990 1332.3
1094000 1334.2
1094010 1334.2
1094020 1335.6
1094030 1335.8
1094040 1335.8
1094050 1334.6
1094060 1333.8
1094070 1333.8
1094080 1331.9
1094090 1330.0
1094100 1330.0
1094110 1329.6
1094120 1329.3
1094130 1329.3
1094140 1329.9
1094150 1328.6
1094160 1328.6
1094170 1329.2
1094180 1330.0
1094190 1330.0
1094200 1330.9
1094210 1332.0
1094220 1333.2
1094230 1333.2
1094240 1334.5
1094250 1335.6
1094260 1335.6
1094270 1336.7
1094280 1337.4
1094290 1337.4
1094300 1337.9
1094310 1338.1
1094320 1338.1
1094330 1338.9
1094340 1339.9
1094350 1339.9
1094360 1340.9
1094370 1341.8
1094380 1341.8
1094390 1342.7
1094400 1343.8
1094410 1343.8
1094420 1345.0
1094430 1346.2
1094440 1346.2
1094450 1347.3
1094460 1348.6
1094470 1348.6
1094480 1350.2
1094490 1352.0
1094500 1352.0
1094510 1353.5
1094520 1355.1
1094530 1356.2
1094540 1356.2
1094550 1356.6
1094560 1356.1
1094570 1356.1
1094580 1355.2
1094590 1352.5
1094600 1352.5
1094610 1347.5
1094620 1339.8
1094630 1339.8
1094640 1329.8
1094650 1322.4
1094660 1322.4
1094670 1318.3
1094680 1314.4
1094690 1314.4
1094700 1310.8
1094710 1307.2
1094720 1307.2
1094730 1303.5
1094740 1299.1
1094750 1299.1
1094760 1295.2
1094770 1291.4
1094780 1291.4
1094790 1287.3
1094800 1281.8
1094810 1281.8
1094820 1277.8
1094830 1274.3
1094840 1271.0
1094850 1271.0
1094860 1267.6
1094870 1264.0
1094880 1264.0
1094890 1260.0
1094900 1256.1
1094910 1256.1
1094920 1251.6
1094930 1246.1
1094940 1246.1
1094950 1240.0
1094960 1234.6
1094970 1234.6
1094980 1230.6
1094990 1226.3
1095000 1226.3
1095010 1220.2
1095020 1212.5
1095030 1212.5
1095040 1203.4
1095050 1198.9
1095060 1198.9
1095070 1195.4
1095080 1194.5
1095090 1194.5
1095100 1195.7
1095110 1196.0
1095120 1196.0
1095130 1199.7
1095140 1198.1
1095150 1198.4
1095160 1198.4
1095170 1201.0
1095180 1204.3
1095190 1204.3
1095200 1204.3
1095210 1202.9
1095220 1202.9
1095230 1199.6
1095240 1193.5
1095250 1193.5
1095260 1188.4
1095270 1184.6
1095280 1184.6
1095290 1181.0
1095300 1176.4
1095310 1176.4
1095320 1168.0
1095330 1154.2
1095340 1154.2
1095350 1168.4
1095360 1173.6
1095370 1173.6
1095380 1175.4
1095390 1178.0
1095400 1178.0
1095410 1181.4
1095420 1187.5
1095430 1187.5
1095440 1192.8
1095450 1196.6
1095460 1198.0
1095470 1198.0
1095480 1205.6
1095490 1209.0
1095500 1209.0
1095510 1208.4
1095520 1212.3
1095530 1212.3
1095540 1212.9
1095550 1212.2
1095560 1212.2
1095570 1211.6
1095580 1211.5
1095590 1211.5
1095600 1212.2
1095610 1213.5
1095620 1213.5
1095630 1214.3
1095640 1215.2
1095650 1215.2
1095660 1216.1
1095670 1216.3
1095680 1216.3
1095690 1217.0
1095700 1218.4
1095710 1218.4
1095720 1219.4
1095730 1220.2
1095740 1220.2
1095750 1220.8
1095760 1220.9
1095770 1220.6
1095780 1220.6
1095790 1218.5
1095800 1219.2
1095810 1219.2
1095820 1220.1
1095830 1220.9
1095840 1220.9
1095850 1221.4
1095860 1221.7
1095870 1221.7
1095880 1221.8
1095890 1221.9
1095900 1221.9
1095910 1222.1
1095920 1222.3
1095930 1222.3
1095940 1222.6
1095950 1223.1
1095960 1223.1
1095970 1223.5
1095980 1223.7
1095990 1223.7
1096000 1224.0
1096010 1223.9
1096020 1223.9
1096030 1224.0
1096040 1223.8
1096050 1223.8
1096060 1223.2
1096070 1223.3
1096080 1223.8
1096090 1223.8
1096100 1223.6
1096110 1222.9
1096120 1223.2
1096130 1222.3
1096140 1223.5
1096150 1223.5
1096160 1224.1
1096170 1224.4
1096180 1224.4
1096190 1224.7
1096200 1225.0
1096210 1225.0
1096220 1225.6
1096230 1226.5
1096240 1226.5
1096250 1227.0
1096260 1227.6
1096270 1227.6
1096280 1228.1
1096290 1228.3
1096300 1228.3
1096310 1228.5
1096320 1228.7
1096330 1228.7
1096340 1229.0
1096350 1229.1
1096360 1229.1
1096370 1228.7
1096380 1228.4
1096390 1228.2
1096400 1228.2
1096410 1227.9
1096420 1227.1
1096430 1227.1
1096440 1226.8
1096450 1225.8
1096460 1225.8
1096470 1225.0
1096480 1224.3
1096490 1224.3
1096500 1223.6
1096510 1222.9
1096520 1222.9
1096530 1222.4
1096540 1221.9
1096550 1221.9
1096560 1221.7
1096570 1221.2
1096580 1221.2
1096590 1222.0
1096600 1222.5
1096610 1222.5
1096620 1223.3
1096630 1224.0
1096640 1224.0
1096650 1224.5
1096660 1223.7
1096670 1223.7
1096680 1221.1
1096690 1219.7
1096700 1218.9
1096710 1218.9
1096720 1218.5
1096730 1217.9
1096740 1217.9
1096750 1217.1
1096760 1216.1
1096770 1216.2
1096780 1214.9
1096790 1213.6
1096800 1213.6
1096810 1212.2
1096820 1211.4
1096830 1211.4
1096840 1210.5
1096850 1209.5
1096860 1209.5
1096870 1208.4
1096880 1207.1
1096890 1207.1
1096900 1205.0
1096910 1202.5
1096920 1202.5
1096930 1200.2
1096940 1197.8
1096950 1197.8
1096960 1194.4
1096970 1191.6
1096980 1191.6
1096990 1189.9
1097000 1186.5
1097010 1184.2
1097020 1184.2
1097030 1182.0
1097040 1180.9
1097050 1180.9
1097060 1180.7
1097070 1182.7
1097080 1182.7
1097090 1185.0
1097100 1187.6
1097110 1187.6
1097120 1190.9
1097130 1195.4
1097140 1195.4
1097150 1197.9
1097160 1197.9
1097170 1197.9
1097180 1195.9
1097190 1194.3
1097200 1194.3
1097210 1193.9
1097220 1192.5
1097230 1192.5
1097240 1187.4
1097250 1181.8
1097260 1181.8
1097270 1178.8
1097280 1176.1
1097290 1176.1
1097300 1173.9
1097310 1172.4
1097320 1171.0
1097330 1171.0
1097340 1170.3
1097350 1170.7
1097360 1170.7
1097370 1171.6
1097380 1172.5
1097390 1172.5
1097400 1172.9
1097410 1174.3
1097420 1174.3
1097430 1184.7
1097440 1186.1
1097450 1186.1
1097460 1187.6
1097470 1188.8
1097480 1188.8
1097490 1190.4
1097500 1191.7
1097510 1191.7
1097520 1191.8
1097530 1191.8
1097540 1191.8
1097550 1191.7
1097560 1191.2
1097570 1191.2
1097580 1190.6
1097590 1190.4
1097600 1190.4
1097610 1191.4
1097620 1193.4
1097630 1195.6
1097640 1195.6
1097650 1196.0
1097660 1195.4
1097670 1195.4
1097680 1194.2
1097690 1191.8
1097700 1191.8
1097710 1189.3
1097720 1186.1
1097730 1186.1
1097740 1181.1
1097750 1177.8
1097760 1182.7
1097770 1182.7
1097780 1182.8
1097790 1182.8
1097800 1182.7
1097810 1182.0
1097820 1182.0
1097830 1180.9
1097840 1180.7
1097850 1180.7
1097860 1181.2
1097870 1180.9
1097880 1180.9
1097890 1180.9
1097900 1180.2
1097910 1180.7
1097920 1180.7
1097930 1181.2
1097940 1181.6
1097950 1181.6
1097960 1181.6
1097970 1180.9
1097980 1180.9
1097990 1178.5
1098000 1176.5
1098010 1176.5
1098020 1175.0
1098030 1173.4
1098040 1173.4
1098050 1172.8
1098060 1173.1
1098070 1173.1
1098080 1172.2
1098090 1174.1
1098100 1174.1
1098110 1167.6
1098120 1161.1
1098130 1161.1
1098140 1158.4
1098150 1153.5
1098160 1153.5
1098170 1139.1
1098180 1132.1
1098190 1132.1
1098200 1129.3
1098210 1128.4
1098220 1128.2
1098230 1128.2
1098240 1127.8
1098250 1126.4
1098260 1126.4
1098270 1125.4
1098280 1124.6
1098290 1124.6
1098300 1123.6
1098310 1122.6
1098320 1122.6
1098330 1123.1
1098340 1123.2
1098350 1123.2
1098360 1123.2
1098370 1123.2
1098380 1123.2
1098390 1122.9
1098400 1120.2
1098410 1120.2
1098420 1119.9
1098430 1115.2
1098440 1115.2
1098450 1110.9
1098460 1108.8
1098470 1108.8
1098480 1107.3
1098490 1104.5
1098500 1104.5
1098510 1100.5
1098520 1095.2
1098530 1090.0
1098540 1090.0
1098550 1084.5
1098560 1080.0
1098570 1080.0
1098580 1074.0
1098590 1066.3
1098600 1066.3
1098610 1059.3
1098620 1054.0
1098630 1054.0
1098640 1048.6
1098650 1044.2
1098660 1044.2
1098670 1039.8
1098680 1035.2
1098690 1035.2
1098700 1030.5
1098710 1025.3
1098720 1025.3
1098730 1021.0
1098740 1017.1
1098750 1022.2
1098760 1018.7
1098770 1015.5
1098780 1015.5
1098790 1012.1
1098800 1009.2
1098810 1009.2
1098820 1006.3
1098830 1002.6
1098840 997.7
1098850 997.7
1098860 993.8
1098870 991.0
1098880 991.0
1098890 988.7
1098900 985.6
1098910 985.6
1098920 983.0
1098930 981.1
1098940 981.1
1098950 979.5
1098960 978.2
1098970 978.2
1098980 976.1
1098990 972.7
1099000 972.7
1099010 968.7
1099020 963.8
1099030 963.8
1099040 958.4
1099050 952.8
1099060 952.8
1099070 949.6
1099080 949.0
1099090 949.0
1099100 945.1
1099110 941.8
1099120 941.8
1099130 938.4
1099140 935.4
1099150 933.0
1099160 933.0
1099170 927.7
1099180 920.4
1099190 920.4
1099200 921.9
1099210 922.2
1099220 922.2
1099230 919.5
1099240 916.7
1099250 916.7
1099260 914.3
1099270 912.3
1099280 912.3
1099290 910.8
1099300 907.4
1099310 907.4
1099320 903.9
1099330 900.5
1099340 900.5
1099350 896.1
1099360 891.7
1099370 891.7
1099380 888.8
1099390 885.6
1099400 885.6
1099410 886.2
1099420 882.4
1099430 882.4
1099440 877.8
1099450 873.2
1099460 868.8
1099470 868.8
1099480 865.3
1099490 862.3
1099500 862.3
1099510 859.7
1099520 855.6
1099530 855.6
1099540 850.9
1099550 847.9
1099560 847.9
1099570 845.2
1099580 841.0
1099590 841.0
1099600 836.6
1099610 832.9
1099620 832.9
1099630 830.7
1099640 828.3
1099650 828.3
1099660 825.1
1099670 821.7
1099680 821.7
1099690 818.1
1099700 813.8
1099710 813.8
1099720 809.4
1099730 806.0
1099740 808.0
1099750 803.7
1099760 799.8
1099770 795.5
1099780 795.5
1099790 791.8
1099800 792.3
1099810 792.3
1099820 792.4
1099830 789.6
1099840 789.6
1099850 785.2
1099860 781.6
1099870 781.6
1099880 778.0
1099890 774.5
1099900 774.5
1099910 770.4
1099920 766.5
1099930 766.5
1099940 764.0
1099950 762.7
1099960 762.7
1099970 760.0
1099980 758.3
1099990 758.3
