1080000 412.5
1080010 413.4
1080020 413.4
1080030 413.9
1080040 413.9
1080050 413.9
1080060 413.8
1080070 413.9
1080080 413.9
1080090 414.0
1080100 413.8
1080110 413.8
1080120 413.4
1080130 413.6
1080140 413.6
1080150 413.6
1080160 413.7
1080170 413.7
1080180 413.7
1080190 413.6
1080200 413.6
1080210 413.4
1080220 413.3
1080230 413.3
1080240 413.1
1080250 412.5
1080260 412.5
1080270 411.8
1080280 412.1
1080290 413.6
1080300 411.6
1080310 411.6
1080320 411.7
1080330 411.7
1080340 411.8
1080350 411.7
1080360 411.7
1080370 411.7
1080380 411.7
1080390 411.7
1080400 412.0
1080410 412.1
1080420 412.1
1080430 412.1
1080440 412.2
1080450 412.2
1080460 412.3
1080470 412.3
1080480 412.3
1080490 412.4
1080500 412.3
1080510 412.3
1080520 412.3
1080530 412.3
1080540 412.3
1080550 412.3
1080560 412.4
1080570 412.4
1080580 412.4
1080590 412.5
1080600 412.6
1080610 412.5
1080620 412.7
1080630 412.9
1080640 412.9
1080650 413.0
1080660 412.9
1080670 412.9
1080680 412.9
1080690 412.9
1080700 412.9
1080710 413.0
1080720 413.1
1080730 413.1
1080740 413.2
1080750 413.4
1080760 413.4
1080770 413.2
1080780 413.3
1080790 413.3
1080800 413.8
1080810 414.1
1080820 414.1
1080830 414.3
1080840 414.1
1080850 414.1
1080860 414.2
1080870 414.5
1080880 414.5
1080890 414.8
1080900 415.1
1080910 415.3
1080920 415.3
1080930 415.4
1080940 415.6
1080950 415.6
1080960 415.7
1080970 415.9
1080980 415.9
1080990 416.1
1081000 416.2
1081010 416.2
1081020 416.5
1081030 417.1
1081040 417.1
1081050 417.8
1081060 418.7
1081070 418.7
1081080 422.7
1081090 428.4
1081100 428.4
1081110 433.6
1081120 437.3
1081130 437.3
1081140 441.0
1081150 445.8
1081160 445.8
1081170 449.9
1081180 453.5
1081190 453.5
1081200 456.7
1081210 459.9
1081220 463.9
1081230 463.9
1081240 468.3
1081250 476.9
1081260 476.9
1081270 481.6
1081280 486.7
1081290 486.7
1081300 491.8
1081310 496.8
1081320 496.8
1081330 501.6
1081340 505.6
1081350 505.6
1081360 509.2
1081370 512.9
1081380 512.9
1081390 516.7
1081400 520.7
1081410 520.7
1081420 524.7
1081430 527.7
1081440 527.7
1081450 530.1
1081460 532.3
1081470 532.3
1081480 535.8
1081490 539.6
1081500 539.6
1081510 543.1
1081520 546.5
1081530 549.5
1081540 549.5
1081550 553.3
1081560 560.5
1081570 560.5
1081580 564.4
1081590 567.8
1081600 567.8
1081610 570.7
1081620 573.3
1081630 573.3
1081640 576.0
1081650 578.5
1081660 578.5
1081670 581.0
1081680 583.6
1081690 583.6
1081700 586.3
1081710 589.2
1081720 589.2
1081730 592.2
1081740 594.3
1081750 594.3
1081760 596.2
1081770 598.2
1081780 598.2
1081790 599.5
1081800 600.4
1081810 600.4
1081820 601.7
1081830 603.0
1081840 604.5
1081850 604.5
1081860 605.9
1081870 606.6
1081880 608.2
1081890 609.4
1081900 610.7
1081910 610.7
1081920 612.8
1081930 615.9
1081940 615.9
1081950 619.5
1081960 623.3
1081970 623.3
1081980 627.3
1081990 631.4
1082000 631.4
1082010 634.7
1082020 636.7
1082030 636.7
1082040 640.1
1082050 647.4
1082060 647.4
1082070 645.4
1082080 672.2
1082090 672.2
1082100 686.1
1082110 699.5
1082120 699.5
1082130 712.2
1082140 724.3
1082150 732.0
1082160 732.0
1082170 732.3
1082180 731.2
1082190 731.2
1082200 731.2
1082210 732.6
1082220 732.6
1082230 734.0
1082240 735.4
1082250 735.4
1082260 736.8
1082270 738.8
1082280 738.8
1082290 740.8
1082300 741.3
1082310 741.3
1082320 742.4
1082330 743.9
1082340 743.9
1082350 745.5
1082360 746.9
1082370 746.9
1082380 748.2
1082390 749.2
1082400 749.2
1082410 750.7
1082420 752.5
1082430 752.5
1082440 752.9
1082450 753.8
1082460 755.0
1082470 755.0
1082480 756.2
1082490 757.4
1082500 757.4
1082510 759.9
1082520 761.3
1082530 761.3
1082540 762.3
1082550 763.1
1082560 763.1
1082570 763.8
1082580 764.6
1082590 764.6
1082600 765.1
1082610 765.7
1082620 765.7
1082630 766.4
1082640 767.5
1082650 767.5
1082660 769.6
1082670 772.1
1082680 772.1
1082690 775.0
1082700 778.6
1082710 778.6
1082720 782.5
1082730 787.0
1082740 787.0
1082750 792.8
1082760 799.4
1082770 806.0
1082780 806.0
1082790 811.5
1082800 817.1
1082810 817.1
1082820 822.2
1082830 829.9
1082840 829.9
1082850 833.7
1082860 838.4
1082870 838.4
1082880 842.1
1082890 845.3
1082900 845.3
1082910 850.0
1082920 854.0
1082930 854.0
1082940 859.3
1082950 864.7
1082960 864.7
1082970 870.2
1082980 876.2
1082990 876.2
1083000 882.3
1083010 888.7
1083020 888.7
1083030 895.5
1083040 902.3
1083050 902.3
1083060 909.2
1083070 917.0
1083080 925.5
1083090 925.5
1083100 946.7
1083110 962.9
1083120 962.9
1083130 972.6
1083140 992.0
1083150 994.2
1083160 1012.9
1083170 1028.2
1083180 1028.2
1083190 1059.8
1083200 1086.0
1083210 1086.0
1083220 1089.7
1083230 1089.2
1083240 1089.2
1083250 1087.0
1083260 1084.9
1083270 1084.9
1083280 1083.2
1083290 1083.5
1083300 1083.5
1083310 1086.4
1083320 1088.4
1083330 1088.4
1083340 1089.1
1083350 1088.0
1083360 1088.0
1083370 1086.2
1083380 1084.3
1083390 1082.5
1083400 1082.5
1083410 1080.5
1083420 1080.0
1083430 1080.0
1083440 1079.4
1083450 1079.1
1083460 1079.1
1083470 1076.9
1083480 1074.9
1083490 1074.9
1083500 1072.6
1083510 1071.5
1083520 1071.5
1083530 1071.5
1083540 1071.2
1083550 1071.2
1083560 1070.0
1083570 1068.3
1083580 1068.3
1083590 1067.3
1083600 1066.5
1083610 1066.5
1083620 1066.5
1083630 1064.8
1083640 1064.8
1083650 1064.0
1083660 1062.4
1083670 1062.4
1083680 1061.0
1083690 1060.6
1083700 1059.7
1083710 1059.7
1083720 1058.2
1083730 1056.8
1083740 1056.8
1083750 1054.3
1083760 1051.2
1083770 1051.2
1083780 1045.3
1083790 1044.0
1083800 1044.0
1083810 1043.8
1083820 1043.5
1083830 1043.5
1083840 1042.4
1083850 1042.1
1083860 1042.1
1083870 1042.0
1083880 1041.9
1083890 1041.9
1083900 1041.8
1083910 1041.8
1083920 1041.8
1083930 1041.9
1083940 1042.2
1083950 1042.2
1083960 1041.6
1083970 1041.0
1083980 1041.0
1083990 1040.7
1084000 1040.1
1084010 1039.3
1084020 1039.3
1084030 1038.1
1084040 1036.6
1084050 1036.6
1084060 1034.6
1084070 1031.9
1084080 1031.9
1084090 1027.8
1084100 1020.0
1084110 1020.0
1084120 1015.4
1084130 1010.2
1084140 1010.2
1084150 1005.8
1084160 1001.7
1084170 1001.7
1084180 996.2
1084190 990.9
1084200 990.9
1084210 986.4
1084220 982.0
1084230 982.0
1084240 977.7
1084250 973.8
1084260 973.8
1084270 970.6
1084280 966.0
1084290 966.0
1084300 963.0
1084310 961.3
1084320 958.9
1084330 958.9
1084340 956.7
1084350 955.5
1084360 955.5
1084370 953.4
1084380 950.7
1084390 950.7
1084400 948.5
1084410 946.7
1084420 951.3
1084430 946.8
1084440 939.1
1084450 939.1
1084460 931.9
1084470 929.6
1084480 929.6
1084490 928.0
1084500 924.7
1084510 924.7
1084520 919.5
1084530 913.2
1084540 913.2
1084550 908.2
1084560 908.1
1084570 908.1
1084580 914.1
1084590 921.0
1084600 921.0
1084610 922.1
1084620 923.3
1084630 925.9
1084640 925.9
1084650 927.7
1084660 929.9
1084670 929.9
1084680 932.2
1084690 934.9
1084700 934.9
1084710 938.0
1084720 940.8
1084730 940.8
1084740 943.6
1084750 945.0
1084760 945.0
1084770 945.8
1084780 946.4
1084790 946.4
1084800 947.0
1084810 948.0
1084820 948.0
1084830 950.0
1084840 952.3
1084850 952.3
1084860 954.4
1084870 955.7
1084880 955.7
1084890 958.7
1084900 961.5
1084910 961.5
1084920 962.3
1084930 962.2
1084940 963.8
1084950 963.8
1084960 962.3
1084970 962.7
1084980 962.7
1084990 966.4
1085000 966.3
1085010 966.3
1085020 968.0
1085030 972.6
1085040 972.6
1085050 976.3
1085060 985.5
1085070 985.5
1085080 988.4
1085090 988.5
1085100 988.5
1085110 988.7
1085120 990.8
1085130 990.8
1085140 994.8
1085150 999.3
1085160 999.3
1085170 1003.4
1085180 1008.5
1085190 1008.5
1085200 1012.7
1085210 1019.0
1085220 1019.0
1085230 1024.7
1085240 1030.0
1085250 1035.0
1085260 1035.0
1085270 1040.3
1085280 1045.5
1085290 1045.5
1085300 1049.8
1085310 1055.0
1085320 1055.0
1085330 1060.9
1085340 1067.2
1085350 1067.2
1085360 1074.0
1085370 1081.8
1085380 1092.8
1085390 1101.1
1085400 1112.2
1085410 1112.2
1085420 1120.8
1085430 1126.2
1085440 1126.2
1085450 1133.4
1085460 1141.2
1085470 1141.2
1085480 1150.0
1085490 1160.2
1085500 1160.2
1085510 1168.8
1085520 1176.0
1085530 1176.0
1085540 1182.4
1085550 1186.9
1085560 1190.5
1085570 1190.5
1085580 1192.5
1085590 1195.0
1085600 1195.0
1085610 1200.8
1085620 1208.8
1085630 1208.8
1085640 1223.0
1085650 1239.2
1085660 1239.2
1085670 1252.3
1085680 1257.7
1085690 1257.7
1085700 1267.2
1085710 1266.1
1085720 1266.1
1085730 1277.4
1085740 1304.6
1085750 1304.6
1085760 1321.6
1085770 1324.5
1085780 1324.5
1085790 1315.0
1085800 1310.2
1085810 1310.2
1085820 1300.7
1085830 1293.7
1085840 1293.7
1085850 1292.3
1085860 1297.7
1085870 1304.0
1085880 1304.0
1085890 1311.3
1085900 1321.7
1085910 1321.7
1085920 1326.6
1085930 1320.9
1085940 1320.9
1085950 1312.5
1085960 1303.4
1085970 1303.4
1085980 1296.1
1085990 1292.2
1086000 1292.2
1086010 1288.1
1086020 1294.9
1086030 1294.9
1086040 1294.6
1086050 1294.5
1086060 1294.5
1086070 1295.1
1086080 1295.8
1086090 1295.8
1086100 1297.7
1086110 1300.5
1086120 1300.5
1086130 1303.0
1086140 1304.3
1086150 1304.3
1086160 1295.1
1086170 1276.7
1086180 1264.1
1086190 1264.1
1086200 1252.9
1086210 1245.3
1086220 1245.3
1086230 1237.9
1086240 1230.7
1086250 1230.7
1086260 1224.0
1086270 1219.1
1086280 1219.1
1086290 1216.4
1086300 1215.5
1086310 1215.5
1086320 1215.3
1086330 1214.9
1086340 1216.1
1086350 1215.1
1086360 1214.6
1086370 1214.6
1086380 1213.5
1086390 1211.8
1086400 1211.8
1086410 1211.9
1086420 1214.9
1086430 1214.9
1086440 1214.5
1086450 1213.1
1086460 1213.1
1086470 1209.2
1086480 1202.9
1086490 1194.4
1086500 1194.4
1086510 1188.1
1086520 1183.4
1086530 1183.4
1086540 1179.6
1086550 1176.9
1086560 1176.9
1086570 1171.8
1086580 1168.0
1086590 1168.0
1086600 1164.3
1086610 1161.0
1086620 1161.0
1086630 1158.0
1086640 1155.1
1086650 1155.1
1086660 1159.1
1086670 1159.9
1086680 1159.9
1086690 1159.7
1086700 1159.5
1086710 1159.5
1086720 1159.4
1086730 1157.7
1086740 1157.7
1086750 1153.3
1086760 1148.8
1086770 1148.8
1086780 1144.0
1086790 1133.0
1086800 1123.6
1086810 1123.6
1086820 1118.1
1086830 1112.7
1086840 1112.7
1086850 1108.3
1086860 1102.2
1086870 1102.2
1086880 1094.8
1086890 1089.6
1086900 1089.6
1086910 1083.7
1086920 1078.1
1086930 1078.1
1086940 1074.2
1086950 1071.1
1086960 1071.1
1086970 1069.9
1086980 1063.6
1086990 1063.6
1087000 1061.6
1087010 1058.5
1087020 1058.5
1087030 1055.4
1087040 1051.3
1087050 1051.3
1087060 1047.9
1087070 1043.9
1087080 1043.9
1087090 1040.1
1087100 1035.5
1087110 1029.6
1087120 1029.6
1087130 1024.6
1087140 1019.7
1087150 1019.7
1087160 1015.7
1087170 1012.0
1087180 1012.0
1087190 1008.5
1087200 1002.8
1087210 1002.8
1087220 997.1
1087230 992.7
1087240 992.7
1087250 987.6
1087260 981.6
1087270 981.6
1087280 970.1
1087290 955.4
1087300 960.3
1087310 949.1
1087320 941.5
1087330 941.5
1087340 934.2
1087350 926.4
1087360 926.4
1087370 918.1
1087380 910.4
1087390 910.4
1087400 904.4
1087410 898.4
1087420 892.0
1087430 892.0
1087440 885.6
1087450 879.3
1087460 879.3
1087470 872.7
1087480 866.1
1087490 866.1
1087500 859.2
1087510 852.2
1087520 852.2
1087530 843.8
1087540 835.6
1087550 835.6
1087560 827.7
1087570 819.9
1087580 819.9
1087590 811.8
1087600 805.2
1087610 805.2
1087620 798.7
1087630 792.5
1087640 792.5
1087650 785.1
1087660 775.8
1087670 775.8
1087680 766.4
1087690 760.8
1087700 760.8
1087710 756.0
1087720 752.1
1087730 748.5
1087740 748.5
1087750 742.5
1087760 739.3
1087770 739.3
1087780 740.7
1087790 738.0
1087800 738.0
1087810 733.1
1087820 727.3
1087830 727.3
1087840 722.1
1087850 717.6
1087860 717.6
1087870 713.3
1087880 708.3
1087890 708.3
1087900 703.7
1087910 699.3
1087920 699.3
1087930 696.5
1087940 687.9
1087950 687.9
1087960 684.8
1087970 679.3
1087980 679.3
1087990 674.7
1088000 675.4
1088010 675.4
1088020 676.4
1088030 675.4
1088040 673.7
1088050 673.7
1088060 669.9
1088070 665.7
1088080 665.7
1088090 661.9
1088100 658.4
1088110 658.4
1088120 654.9
1088130 650.9
1088140 650.9
1088150 646.9
1088160 644.0
1088170 644.0
1088180 638.9
1088190 630.4
1088200 630.4
1088210 622.1
1088220 616.2
1088230 616.2
1088240 611.4
1088250 606.2
1088260 602.7
1088270 596.0
1088280 592.7
1088290 592.7
1088300 594.3
1088310 594.8
1088320 594.8
1088330 594.5
1088340 594.3
1088350 594.2
1088360 594.2
1088370 594.1
1088380 594.1
1088390 594.1
1088400 595.7
1088410 598.5
1088420 598.5
1088430 598.7
1088440 598.2
1088450 598.2
1088460 597.7
1088470 597.3
1088480 597.3
1088490 598.2
1088500 600.0
1088510 600.0
1088520 601.6
1088530 604.8
1088540 604.8
1088550 607.6
1088560 610.5
1088570 610.5
1088580 617.4
1088590 627.9
1088600 627.9
1088610 638.8
1088620 650.1
1088630 650.1
1088640 653.9
1088650 650.3
1088660 645.1
1088670 645.1
1088680 641.3
1088690 640.4
1088700 640.4
1088710 635.9
1088720 632.0
1088730 632.0
1088740 635.0
1088750 640.5
1088760 640.5
1088770 645.4
1088780 653.9
1088790 653.9
1088800 662.2
1088810 667.7
1088820 667.7
1088830 675.5
1088840 680.8
1088850 680.8
1088860 683.7
1088870 686.3
1088880 686.3
1088890 689.3
1088900 692.4
1088910 692.5
1088920 696.1
1088930 698.9
1088940 698.9
1088950 701.3
1088960 704.1
1088970 707.8
1088980 707.8
1088990 711.4
1089000 715.6
1089010 715.6
1089020 717.8
1089030 719.9
1089040 719.9
1089050 723.5
1089060 726.5
1089070 726.5
1089080 730.1
1089090 732.9
1089100 732.9
1089110 735.6
1089120 738.7
1089130 738.7
1089140 742.4
1089150 747.1
1089160 747.1
1089170 753.2
1089180 758.1
1089190 758.1
1089200 762.4
1089210 768.4
1089220 768.4
1089230 769.9
1089240 774.8
1089250 774.8
1089260 780.0
1089270 784.5
1089280 789.7
1089290 789.7
1089300 795.5
1089310 802.0
1089320 802.0
1089330 806.3
1089340 804.8
1089350 804.8
1089360 802.6
1089370 802.5
1089380 802.5
1089390 804.5
1089400 807.9
1089410 807.9
1089420 811.2
1089430 814.4
1089440 814.4
1089450 817.5
1089460 821.4
1089470 821.4
1089480 825.9
1089490 831.0
1089500 831.0
1089510 836.2
1089520 839.7
1089530 839.7
1089540 840.3
1089550 830.7
1089560 830.7
1089570 826.3
1089580 819.4
1089590 815.6
1089600 815.6
1089610 815.2
1089620 811.3
1089630 811.3
1089640 809.7
1089650 811.0
1089660 811.0
1089670 811.2
1089680 816.7
1089690 816.7
1089700 818.6
1089710 817.3
1089720 817.3
1089730 818.6
1089740 819.0
1089750 819.0
1089760 813.0
1089770 806.2
1089780 806.2
1089790 802.5
1089800 801.2
1089810 801.2
1089820 800.3
1089830 796.8
1089840 796.8
1089850 790.9
1089860 786.0
1089870 786.0
1089880 778.0
1089890 773.6
1089900 769.9
1089910 769.9
1089920 761.8
1089930 754.3
1089940 754.3
1089950 746.5
1089960 731.0
1089970 731.0
1089980 732.0
1089990 740.0
1090000 740.0
1090010 745.3
1090020 755.9
1090030 755.9
1090040 762.7
1090050 765.7
1090060 765.7
1090070 771.2
1090080 775.5
1090090 775.5
1090100 778.8
1090110 783.3
1090120 783.3
1090130 788.8
1090140 795.9
1090150 795.9
1090160 800.8
1090170 805.9
1090180 805.9
1090190 811.0
1090200 813.4
1090210 817.0
1090220 817.0
1090230 819.9
1090240 824.3
1090250 824.3
1090260 830.4
1090270 834.2
1090280 834.2
1090290 839.1
1090300 846.6
1090310 846.6
1090320 855.8
1090330 858.7
1090340 858.7
1090350 856.5
1090360 853.6
1090370 853.6
1090380 851.2
1090390 853.4
1090400 853.4
1090410 855.5
1090420 858.0
1090430 858.0
1090440 863.4
1090450 868.4
1090460 868.4
1090470 873.2
1090480 879.6
1090490 879.6
1090500 882.3
1090510 884.6
1090520 890.7
1090530 890.7
1090540 892.5
1090550 893.0
1090560 893.0
1090570 894.7
1090580 898.0
1090590 898.0
1090600 901.0
1090610 902.6
1090620 902.6
1090630 903.8
1090640 903.7
1090650 903.7
1090660 903.8
1090670 905.1
1090680 905.1
1090690 906.7
1090700 907.3
1090710 907.3
1090720 907.2
1090730 907.3
1090740 907.3
1090750 907.6
1090760 909.1
1090770 909.1
1090780 909.6
1090790 909.8
1090800 909.5
1090810 909.5
1090820 907.3
1090830 907.1
1090840 907.1
1090850 912.1
1090860 913.3
1090870 913.3
1090880 916.3
1090890 919.5
1090900 919.5
1090910 922.1
1090920 924.6
1090930 924.6
1090940 927.6
1090950 930.7
1090960 930.7
1090970 934.2
1090980 936.7
1090990 936.7
1091000 939.0
1091010 940.9
1091020 940.9
1091030 940.5
1091040 939.3
1091050 939.3
1091060 939.9
1091070 941.2
1091080 941.2
1091090 942.0
1091100 942.1
1091110 943.1
1091120 943.1
1091130 943.6
1091140 944.2
1091150 944.2
1091160 946.5
1091170 950.0
1091180 950.0
1091190 951.0
1091200 951.4
1091210 951.4
1091220 953.2
1091230 956.2
1091240 956.2
1091250 958.0
1091260 960.7
1091270 960.7
1091280 963.9
1091290 966.5
1091300 966.5
1091310 969.2
1091320 972.1
1091330 972.1
1091340 974.4
1091350 977.3
1091360 977.3
1091370 981.4
1091380 984.6
1091390 984.6
1091400 986.5
1091410 984.7
1091420 976.2
1091430 976.2
1091440 967.7
1091450 961.0
1091460 961.0
1091470 958.2
1091480 955.3
1091490 955.3
1091500 955.0
1091510 949.9
1091520 949.9
1091530 945.7
1091540 939.9
1091550 939.9
1091560 935.9
1091570 938.4
1091580 938.4
1091590 944.0
1091600 957.3
1091610 957.3
1091620 965.8
1091630 966.5
1091640 966.5
1091650 970.1
1091660 974.4
1091670 974.4
1091680 976.3
1091690 981.7
1091700 981.7
1091710 985.1
1091720 988.6
1091730 992.6
1091740 992.6
1091750 1003.6
1091760 1009.5
1091770 1009.5
1091780 1011.7
1091790 1015.1
1091800 1015.1
1091810 1018.6
1091820 1020.4
1091830 1020.4
1091840 1024.4
1091850 1028.6
1091860 1028.6
1091870 1031.5
1091880 1036.1
1091890 1036.1
1091900 1042.3
1091910 1048.4
1091920 1048.4
1091930 1051.8
1091940 1056.0
1091950 1056.0
1091960 1059.5
1091970 1063.2
1091980 1063.2
1091990 1066.5
1092000 1069.0
1092010 1069.0
1092020 1069.3
1092030 1070.4
1092040 1071.4
1092050 1071.4
1092060 1072.1
1092070 1071.6
1092080 1071.6
1092090 1070.3
1092100 1069.0
1092110 1069.0
1092120 1067.8
1092130 1068.0
1092140 1068.0
1092150 1072.2
1092160 1074.9
1092170 1074.9
1092180 1075.3
1092190 1075.7
1092200 1075.7
1092210 1077.9
1092220 1079.1
1092230 1079.1
1092240 1080.7
1092250 1082.6
1092260 1082.6
1092270 1085.7
1092280 1089.4
1092290 1089.4
1092300 1094.0
1092310 1097.9
1092320 1097.9
1092330 1101.6
1092340 1105.4
1092350 1108.3
1092360 1108.3
1092370 1110.3
1092380 1112.8
1092390 1112.8
1092400 1115.1
1092410 1117.0
1092420 1117.0
1092430 1118.7
1092440 1121.3
1092450 1121.3
1092460 1123.7
1092470 1128.7
1092480 1128.7
1092490 1127.2
1092500 1119.0
1092510 1119.0
1092520 1109.1
1092530 1101.7
1092540 1101.7
1092550 1097.4
1092560 1095.0
1092570 1095.0
1092580 1093.6
1092590 1096.2
1092600 1096.2
1092610 1099.1
1092620 1101.2
1092630 1101.2
1092640 1104.5
1092650 1107.5
1092660 1109.9
1092670 1109.9
1092680 1112.1
1092690 1113.0
1092700 1113.0
1092710 1117.3
1092720 1124.1
1092730 1124.1
1092740 1129.4
1092750 1133.9
1092760 1133.9
1092770 1135.6
1092780 1138.4
1092790 1138.4
1092800 1138.3
1092810 1140.9
1092820 1140.9
1092830 1145.5
1092840 1150.1
1092850 1150.1
1092860 1154.6
1092870 1157.5
1092880 1157.5
1092890 1160.9
1092900 1163.0
1092910 1163.0
1092920 1166.9
1092930 1173.0
1092940 1173.0
1092950 1174.7
1092960 1175.2
1092970 1175.5
1092980 1175.5
1092990 1175.9
1093000 1177.2
1093010 1177.2
1093020 1177.8
1093030 1177.9
1093040 1177.9
1093050 1176.7
1093060 1176.6
1093070 1176.6
1093080 1179.1
1093090 1182.0
1093100 1182.0
1093110 1183.7
1093120 1181.9
1093130 1181.9
1093140 1182.3
1093150 1185.2
1093160 1185.2
1093170 1188.4
1093180 1191.5
1093190 1191.5
1093200 1191.9
1093210 1190.4
1093220 1190.4
1093230 1191.9
1093240 1194.6
1093250 1194.6
1093260 1197.6
1093270 1201.4
1093280 1204.6
1093290 1204.6
1093300 1208.2
1093310 1209.6
1093320 1209.6
1093330 1211.7
1093340 1215.2
1093350 1215.2
1093360 1220.2
1093370 1223.1
1093380 1223.1
1093390 1226.8
1093400 1230.4
1093410 1230.4
1093420 1236.4
1093430 1241.4
1093440 1241.4
1093450 1243.6
1093460 1249.2
1093470 1249.2
1093480 1248.1
1093490 1248.0
1093500 1248.0
1093510 1250.1
1093520 1250.9
1093530 1250.9
1093540 1249.8
1093550 1250.8
1093560 1250.8
1093570 1251.4
1093580 1254.2
1093590 1258.7
1093600 1258.7
1093610 1262.0
1093620 1264.3
1093630 1264.3
1093640 1264.9
1093650 1266.3
1093660 1266.3
1093670 1267.8
1093680 1269.8
1093690 1269.8
1093700 1276.2
1093710 1288.1
1093720 1288.1
1093730 1290.6
1093740 1293.5
1093750 1293.5
1093760 1295.0
1093770 1296.7
1093780 1293.5
1093790 1299.5
1093800 1308.2
1093810 1308.2
1093820 1317.2
1093830 1328.9
1093840 1328.9
1093850 1332.4
1093860 1334.9
1093870 1334.9
1093880 1337.3
1093890 1339.9
1093900 1342.0
1093910 1342.0
1093920 1344.7
1093930 1348.7
1093940 1348.7
1093950 1354.9
1093960 1356.2
1093970 1356.2
1093980 1356.0
1093990 1357.8
1094000 1357.8
1094010 1359.1
1094020 1360.0
1094030 1360.0
1094040 1361.3
1094050 1362.6
1094060 1362.6
1094070 1364.0
1094080 1365.0
1094090 1365.0
1094100 1364.1
1094110 1364.1
1094120 1364.1
1094130 1364.1
1094140 1363.6
1094150 1363.6
1094160 1363.3
1094170 1363.0
1094180 1363.0
1094190 1363.0
1094200 1362.8
1094210 1362.7
1094220 1362.7
1094230 1362.4
1094240 1362.2
1094250 1362.2
1094260 1362.4
1094270 1363.0
1094280 1363.0
1094290 1364.3
1094300 1365.5
1094310 1365.5
1094320 1366.7
1094330 1367.6
1094340 1367.6
1094350 1368.6
1094360 1369.8
1094370 1369.8
1094380 1371.2
1094390 1372.2
1094400 1372.2
1094410 1372.9
1094420 1373.5
1094430 1371.9
1094440 1371.7
1094450 1370.2
1094460 1370.2
1094470 1368.1
1094480 1366.2
1094490 1366.2
1094500 1365.1
1094510 1363.7
1094520 1361.8
1094530 1361.8
1094540 1361.2
1094550 1361.6
1094560 1361.6
1094570 1361.4
1094580 1360.8
1094590 1360.8
1094600 1359.2
1094610 1357.1
1094620 1357.1
1094630 1354.4
1094640 1349.7
1094650 1349.7
1094660 1343.2
1094670 1335.1
1094680 1335.1
1094690 1317.1
1094700 1304.9
1094710 1304.9
1094720 1295.5
1094730 1286.3
1094740 1286.3
1094750 1278.0
1094760 1270.3
1094770 1270.3
1094780 1261.3
1094790 1253.1
1094800 1253.1
1094810 1245.5
1094820 1236.8
1094830 1228.6
1094840 1228.6
1094850 1221.4
1094860 1214.7
1094870 1214.7
1094880 1207.7
1094890 1200.4
1094900 1200.4
1094910 1193.7
1094920 1186.2
1094930 1186.2
1094940 1179.0
1094950 1171.8
1094960 1171.8
1094970 1165.3
1094980 1158.9
1094990 1158.9
1095000 1154.3
1095010 1149.2
1095020 1149.2
1095030 1143.1
1095040 1138.3
1095050 1138.3
1095060 1134.1
1095070 1126.8
1095080 1124.2
1095090 1115.8
1095100 1108.6
1095110 1108.6
1095120 1102.2
1095130 1096.3
1095140 1091.0
1095150 1091.0
1095160 1086.2
1095170 1082.7
1095180 1082.7
1095190 1080.6
1095200 1088.2
1095210 1088.2
1095220 1101.7
1095230 1109.8
1095240 1109.8
1095250 1115.4
1095260 1120.6
1095270 1120.6
1095280 1126.4
1095290 1133.9
1095300 1133.9
1095310 1140.6
1095320 1148.0
1095330 1148.0
1095340 1154.3
1095350 1159.6
1095360 1159.6
1095370 1164.5
1095380 1170.8
1095390 1170.8
1095400 1177.9
1095410 1182.4
1095420 1182.4
1095430 1190.0
1095440 1197.2
1095450 1204.0
1095460 1204.0
1095470 1209.7
1095480 1212.6
1095490 1212.6
1095500 1215.2
1095510 1218.8
1095520 1218.8
1095530 1224.2
1095540 1228.9
1095550 1228.9
1095560 1231.8
1095570 1235.0
1095580 1235.0
1095590 1237.4
1095600 1241.0
1095610 1241.0
1095620 1245.4
1095630 1247.7
1095640 1247.7
1095650 1248.3
1095660 1250.1
1095670 1250.1
1095680 1251.1
1095690 1252.9
1095700 1252.9
1095710 1253.1
1095720 1251.6
1095730 1251.6
1095740 1246.4
1095750 1246.7
1095760 1246.9
1095770 1246.9
1095780 1247.4
1095790 1247.8
1095800 1247.8
1095810 1247.9
1095820 1248.2
1095830 1248.2
1095840 1248.6
1095850 1248.6
1095860 1248.6
1095870 1248.8
1095880 1248.4
1095890 1248.4
1095900 1248.0
1095910 1247.4
1095920 1247.4
1095930 1246.5
1095940 1245.6
1095950 1245.6
1095960 1244.5
1095970 1243.7
1095980 1243.7
1095990 1242.2
1096000 1240.7
1096010 1240.7
1096020 1239.8
1096030 1239.4
1096040 1239.4
1096050 1238.7
1096060 1238.5
1096070 1236.7
1096080 1236.7
1096090 1236.4
1096100 1235.7
1096110 1235.7
1096120 1235.4
1096130 1235.5
1096140 1235.5
1096150 1235.6
1096160 1235.4
1096170 1235.4
1096180 1235.2
1096190 1234.7
1096200 1234.7
1096210 1233.9
1096220 1232.5
1096230 1232.5
1096240 1231.3
1096250 1230.6
1096260 1230.6
1096270 1230.1
1096280 1229.7
1096290 1229.7
1096300 1229.2
1096310 1228.9
1096320 1228.9
1096330 1228.8
1096340 1228.6
1096350 1228.6
1096360 1228.5
1096370 1228.3
1096380 1227.9
1096390 1227.9
1096400 1226.8
1096410 1226.2
1096420 1226.2
1096430 1225.8
1096440 1225.7
1096450 1225.7
1096460 1225.2
1096470 1224.6
1096480 1224.6
1096490 1225.1
1096500 1225.3
1096510 1225.3
1096520 1225.3
1096530 1225.1
1096540 1225.1
1096550 1225.0
1096560 1226.2
1096570 1226.2
1096580 1227.5
1096590 1228.3
1096600 1228.3
1096610 1229.0
1096620 1229.1
1096630 1229.1
1096640 1228.7
1096650 1226.8
1096660 1226.8
1096670 1223.6
1096680 1220.7
1096690 1218.2
1096700 1218.2
1096710 1215.6
1096720 1212.7
1096730 1213.5
1096740 1210.6
1096750 1207.6
1096760 1207.6
1096770 1204.6
1096780 1202.1
1096790 1202.1
1096800 1200.6
1096810 1199.6
1096820 1199.6
1096830 1198.6
1096840 1197.4
1096850 1197.4
1096860 1196.1
1096870 1194.6
1096880 1194.6
1096890 1193.5
1096900 1192.0
1096910 1192.0
1096920 1189.7
1096930 1186.8
1096940 1186.8
1096950 1185.0
1096960 1183.7
1096970 1183.7
1096980 1182.9
1096990 1180.7
1097000 1180.5
1097010 1180.5
1097020 1180.1
1097030 1180.1
1097040 1180.1
1097050 1179.5
1097060 1176.3
1097070 1176.3
1097080 1175.0
1097090 1171.9
1097100 1171.9
1097110 1166.1
1097120 1164.0
1097130 1164.0
1097140 1163.6
1097150 1163.8
1097160 1163.8
1097170 1162.9
1097180 1160.8
1097190 1160.8
1097200 1156.8
1097210 1151.7
1097220 1151.7
1097230 1147.2
1097240 1142.3
1097250 1142.3
1097260 1138.3
1097270 1132.2
1097280 1132.2
1097290 1129.4
1097300 1131.8
1097310 1132.2
1097320 1132.2
1097330 1130.8
1097340 1129.6
1097350 1129.6
1097360 1128.0
1097370 1126.6
1097380 1126.7
1097390 1125.5
1097400 1124.3
1097410 1124.3
1097420 1123.2
1097430 1121.2
1097440 1121.2
1097450 1117.2
1097460 1112.8
1097470 1112.8
1097480 1108.4
1097490 1104.4
1097500 1104.4
1097510 1100.0
1097520 1095.3
1097530 1095.3
1097540 1091.7
1097550 1088.9
1097560 1088.9
1097570 1086.5
1097580 1085.5
1097590 1085.5
1097600 1084.4
1097610 1083.6
1097620 1083.2
1097630 1083.2
1097640 1083.0
1097650 1082.2
1097660 1082.2
1097670 1081.2
1097680 1080.2
1097690 1080.2
1097700 1078.9
1097710 1079.2
1097720 1079.2
1097730 1077.7
1097740 1076.7
1097750 1076.7
1097760 1075.4
1097770 1073.5
1097780 1073.5
1097790 1071.5
1097800 1069.5
1097810 1069.5
1097820 1066.9
1097830 1064.3
1097840 1064.3
1097850 1061.9
1097860 1059.7
1097870 1059.7
1097880 1058.2
1097890 1057.6
1097900 1057.6
1097910 1057.2
1097920 1056.6
1097930 1056.0
1097940 1056.0
1097950 1055.3
1097960 1053.4
1097970 1053.4
1097980 1051.0
1097990 1049.2
1098000 1049.2
1098010 1047.5
1098020 1044.7
1098030 1044.7
1098040 1045.3
1098050 1041.9
1098060 1041.9
1098070 1038.1
1098080 1034.5
1098090 1034.5
1098100 1031.5
1098110 1028.8
1098120 1028.8
1098130 1026.3
1098140 1024.4
1098150 1024.4
1098160 1026.1
1098170 1029.4
1098180 1029.4
1098190 1033.5
1098200 1036.6
1098210 1036.6
1098220 1039.5
1098230 1039.7
1098240 1041.0
1098250 1041.0
1098260 1041.1
1098270 1039.9
1098280 1039.9
1098290 1037.8
1098300 1035.4
1098310 1035.4
1098320 1033.4
1098330 1031.0
1098340 1031.0
1098350 1026.3
1098360 1023.1
1098370 1028.7
1098380 1027.2
1098390 1022.8
1098400 1022.8
1098410 1016.7
1098420 1010.6
1098430 1010.6
1098440 1005.4
1098450 1001.3
1098460 1001.3
1098470 997.8
1098480 995.6
1098490 995.6
1098500 994.3
1098510 992.5
1098520 992.5
1098530 989.8
1098540 985.7
1098550 981.4
1098560 981.4
1098570 977.3
1098580 973.3
1098590 973.3
1098600 968.6
1098610 964.1
1098620 964.1
1098630 959.8
1098640 955.0
1098650 955.0
1098660 950.3
1098670 946.6
1098680 946.6
1098690 942.7
1098700 944.9
1098710 944.9
1098720 940.8
1098730 936.6
1098740 936.6
1098750 932.6
1098760 928.2
1098770 928.2
1098780 923.2
1098790 917.8
1098800 917.8
1098810 912.0
1098820 907.7
1098830 907.7
1098840 904.0
1098850 900.9
1098860 898.1
1098870 898.1
1098880 895.3
1098890 892.2
1098900 892.2
1098910 889.1
1098920 886.1
1098930 886.1
1098940 882.6
1098950 878.8
1098960 878.8
1098970 874.9
1098980 871.2
1098990 871.2
1099000 867.7
1099010 864.0
1099020 864.0
1099030 859.9
1099040 858.9
1099050 858.9
1099060 854.4
1099070 850.9
1099080 850.9
1099090 849.2
1099100 846.3
1099110 846.3
1099120 842.3
1099130 838.5
1099140 838.5
1099150 833.5
1099160 829.0
1099170 823.8
1099180 823.8
1099190 817.0
1099200 810.7
1099210 810.7
1099220 805.0
1099230 797.0
1099240 797.0
1099250 788.9
1099260 780.8
1099270 780.8
1099280 772.4
1099290 763.9
1099300 763.9
1099310 756.4
1099320 751.2
1099330 751.2
1099340 746.6
1099350 745.2
1099360 745.2
1099370 751.1
1099380 748.3
1099390 748.3
1099400 745.7
1099410 742.7
1099420 742.7
1099430 739.3
1099440 734.9
1099450 734.9
1099460 731.3
1099470 727.6
1099480 723.5
1099490 723.5
1099500 720.6
1099510 716.2
1099520 716.2
1099530 712.6
1099540 708.4
1099550 708.4
1099560 704.0
1099570 698.9
1099580 698.9
1099590 694.2
1099600 689.9
1099610 689.9
1099620 685.3
1099630 681.0
1099640 681.0
1099650 676.6
1099660 673.9
1099670 673.9
1099680 672.8
1099690 670.2
1099700 674.2
1099710 670.8
1099720 667.5
1099730 667.5
1099740 665.6
1099750 666.2
1099760 666.2
1099770 667.5
1099780 669.3
1099790 670.7
1099800 670.7
1099810 671.1
1099820 672.1
1099830 672.1
1099840 671.7
1099850 669.5
1099860 669.5
1099870 667.5
1099880 665.4
1099890 665.4
1099900 664.0
1099910 663.9
1099920 663.9
1099930 665.4
1099940 668.5
1099950 668.5
1099960 670.4
1099970 671.6
1099980 671.6
1099990 673.1
