1080000 411.5
1080010 411.6
1080020 411.6
1080030 411.6
1080040 411.5
1080050 411.5
1080060 411.5
1080070 411.5
1080080 411.4
1080090 411.4
1080100 411.4
1080110 411.5
1080120 411.6
1080130 411.6
1080140 411.6
1080150 411.7
1080160 411.7
1080170 411.8
1080180 411.9
1080190 411.9
1080200 412.0
1080210 412.1
1080220 412.1
1080230 412.1
1080240 412.3
1080250 412.3
1080260 412.6
1080270 412.4
1080280 412.4
1080290 412.5
1080300 412.5
1080310 412.5
1080320 412.6
1080330 412.7
1080340 412.7
1080350 412.8
1080360 412.8
1080370 412.8
1080380 412.9
1080390 412.9
1080400 412.9
1080410 413.0
1080420 413.1
1080430 413.2
1080440 413.2
1080450 413.2
1080460 413.3
1080470 413.3
1080480 413.4
1080490 413.5
1080500 413.5
1080510 413.5
1080520 413.6
1080530 413.6
1080540 413.7
1080550 413.8
1080560 413.8
1080570 413.9
1080580 414.0
1080590 414.0
1080600 414.0
1080610 414.0
1080620 414.0
1080630 414.1
1080640 414.1
1080650 414.1
1080660 414.2
1080670 414.3
1080680 414.3
1080690 414.4
1080700 414.4
1080710 414.4
1080720 414.4
1080730 414.6
1080740 414.9
1080750 414.9
1080760 415.2
1080770 415.4
1080780 415.4
1080790 415.9
1080800 416.4
1080810 416.4
1080820 416.4
1080830 416.5
1080840 416.5
1080850 416.9
1080860 416.9
1080870 416.9
1080880 416.9
1080890 416.9
1080900 416.9
1080910 417.0
1080920 417.0
1080930 417.0
1080940 417.1
1080950 417.1
1080960 417.1
1080970 417.2
1080980 417.3
1080990 417.3
1081000 417.4
1081010 417.4
1081020 417.4
1081030 417.4
1081040 417.4
1081050 417.6
1081060 417.6
1081070 417.7
1081080 418.1
1081090 418.1
1081100 417.8
1081110 417.5
1081120 417.5
1081130 417.7
1081140 417.8
1081150 417.8
1081160 417.9
1081170 417.9
1081180 417.9
1081190 418.0
1081200 418.3
1081210 418.3
1081220 419.0
1081230 418.4
1081240 418.4
1081250 418.3
1081260 418.3
1081270 418.3
1081280 418.4
1081290 418.5
1081300 418.5
1081310 418.8
1081320 419.9
1081330 419.9
1081340 420.2
1081350 419.9
1081360 420.2
1081370 420.2
1081380 420.0
1081390 419.4
1081400 419.4
1081410 419.5
1081420 419.7
1081430 419.7
1081440 419.9
1081450 419.9
1081460 419.9
1081470 419.7
1081480 419.7
1081490 419.7
1081500 420.0
1081510 420.0
1081520 420.0
1081530 419.9
1081540 419.8
1081550 419.8
1081560 420.0
1081570 420.2
1081580 420.2
1081590 420.2
1081600 420.2
1081610 420.2
1081620 420.2
1081630 420.3
1081640 420.3
1081650 420.3
1081660 420.3
1081670 420.4
1081680 420.4
1081690 420.5
1081700 420.6
1081710 420.6
1081720 420.8
1081730 420.9
1081740 420.9
1081750 421.1
1081760 421.2
1081770 421.2
1081780 421.4
1081790 421.7
1081800 421.7
1081810 422.0
1081820 422.3
1081830 422.3
1081840 422.7
1081850 422.9
1081860 422.9
1081870 423.2
1081880 423.8
1081890 424.5
1081900 425.4
1081910 426.5
1081920 426.5
1081930 426.7
1081940 425.6
1081950 425.6
1081960 425.7
1081970 425.7
1081980 425.5
1081990 425.5
1082000 425.3
1082010 425.9
1082020 425.9
1082030 429.4
1082040 430.2
1082050 430.2
1082060 430.1
1082070 426.5
1082080 426.5
1082090 425.7
1082100 426.1
1082110 426.1
1082120 428.3
1082130 429.4
1082140 429.4
1082150 429.2
1082160 428.8
1082170 428.8
1082180 427.7
1082190 425.8
1082200 431.2
1082210 429.7
1082220 427.1
1082230 427.1
1082240 430.3
1082250 433.1
1082260 433.1
1082270 432.6
1082280 429.2
1082290 425.4
1082300 425.4
1082310 424.3
1082320 424.3
1082330 424.3
1082340 424.6
1082350 425.9
1082360 425.9
1082370 433.2
1082380 440.1
1082390 440.1
1082400 437.9
1082410 439.6
1082420 439.6
1082430 444.0
1082440 444.2
1082450 444.2
1082460 439.1
1082470 432.1
1082480 432.1
1082490 427.7
1082500 433.9
1082510 433.9
1082520 451.7
1082530 448.7
1082540 448.7
1082550 451.1
1082560 456.0
1082570 456.0
1082580 458.9
1082590 459.3
1082600 459.8
1082610 459.8
1082620 459.5
1082630 458.8
1082640 458.8
1082650 458.3
1082660 457.5
1082670 457.5
1082680 455.8
1082690 454.4
1082700 454.4
1082710 459.1
1082720 482.5
1082730 482.5
1082740 507.9
1082750 525.0
1082760 525.0
1082770 538.9
1082780 559.6
1082790 559.6
1082800 574.7
1082810 574.0
1082820 574.0
1082830 569.3
1082840 574.9
1082850 574.9
1082860 574.6
1082870 575.9
1082880 575.9
1082890 569.2
1082900 568.8
1082910 575.4
1082920 575.4
1082930 581.8
1082940 588.4
1082950 588.4
1082960 594.7
1082970 597.2
1082980 597.2
1082990 600.0
1083000 600.7
1083010 600.7
1083020 599.5
1083030 600.8
1083040 600.8
1083050 611.9
1083060 625.9
1083070 625.9
1083080 634.0
1083090 641.2
1083100 641.2
1083110 655.3
1083120 661.9
1083130 661.9
1083140 656.7
1083150 652.8
1083160 664.4
1083170 665.1
1083180 665.3
1083190 665.3
1083200 662.2
1083210 658.5
1083220 650.6
1083230 650.6
1083240 635.8
1083250 622.3
1083260 622.3
1083270 615.5
1083280 609.0
1083290 609.0
1083300 608.4
1083310 615.2
1083320 615.2
1083330 617.6
1083340 621.2
1083350 621.2
1083360 624.9
1083370 624.3
1083380 624.3
1083390 624.4
1083400 626.0
1083410 626.0
1083420 619.3
1083430 614.9
1083440 614.9
1083450 607.5
1083460 604.4
1083470 613.2
1083480 619.0
1083490 620.9
1083500 620.9
1083510 618.5
1083520 618.5
1083530 614.9
1083540 614.9
1083550 605.2
1083560 593.4
1083570 593.4
1083580 586.9
1083590 587.5
1083600 587.5
1083610 588.2
1083620 588.5
1083630 588.5
1083640 590.9
1083650 592.2
1083660 592.2
1083670 592.0
1083680 594.0
1083690 594.0
1083700 600.3
1083710 608.2
1083720 608.2
1083730 616.0
1083740 618.7
1083750 618.7
1083760 619.7
1083770 620.5
1083780 620.5
1083790 627.9
1083800 629.2
1083810 629.2
1083820 631.6
1083830 634.3
1083840 636.4
1083850 636.4
1083860 638.1
1083870 639.3
1083880 639.3
1083890 639.7
1083900 640.0
1083910 640.0
1083920 641.4
1083930 644.6
1083940 644.6
1083950 646.5
1083960 647.6
1083970 647.6
1083980 650.2
1083990 652.6
1084000 652.6
1084010 654.4
1084020 655.4
1084030 655.4
1084040 655.1
1084050 655.3
1084060 655.3
1084070 655.6
1084080 656.5
1084090 656.5
1084100 657.2
1084110 662.2
1084120 662.2
1084130 663.5
1084140 665.5
1084150 668.0
1084160 668.0
1084170 670.8
1084180 671.6
1084190 671.6
1084200 669.0
1084210 667.7
1084220 667.7
1084230 668.9
1084240 670.6
1084250 670.6
1084260 672.3
1084270 676.9
1084280 676.9
1084290 682.5
1084300 685.8
1084310 685.8
1084320 689.5
1084330 689.9
1084340 689.9
1084350 687.3
1084360 687.3
1084370 687.3
1084380 684.7
1084390 683.8
1084400 683.8
1084410 684.7
1084420 679.6
1084430 686.3
1084440 682.9
1084450 686.0
1084460 688.1
1084470 688.1
1084480 689.1
1084490 689.8
1084500 689.8
1084510 691.3
1084520 688.7
1084530 688.7
1084540 691.3
1084550 693.6
1084560 693.6
1084570 697.5
1084580 705.2
1084590 705.2
1084600 716.7
1084610 720.5
1084620 720.5
1084630 736.3
1084640 766.2
1084650 766.2
1084660 775.0
1084670 772.0
1084680 772.0
1084690 766.2
1084700 763.0
1084710 763.0
1084720 764.8
1084730 769.3
1084740 769.3
1084750 782.3
1084760 778.5
1084770 773.4
1084780 773.4
1084790 768.1
1084800 763.3
1084810 763.3
1084820 759.4
1084830 756.8
1084840 756.8
1084850 753.9
1084860 748.5
1084870 748.5
1084880 742.7
1084890 747.4
1084900 747.4
1084910 756.9
1084920 767.7
1084930 767.7
1084940 780.3
1084950 790.8
1084960 790.8
1084970 800.1
1084980 806.5
1084990 806.5
1085000 813.9
1085010 821.4
1085020 821.4
1085030 829.5
1085040 838.3
1085050 838.3
1085060 850.7
1085070 885.2
1085080 914.2
1085090 914.2
1085100 921.7
1085110 926.3
1085120 926.3
1085130 930.7
1085140 934.9
1085150 934.9
1085160 939.2
1085170 943.5
1085180 943.5
1085190 947.3
1085200 950.5
1085210 950.5
1085220 953.9
1085230 956.5
1085240 956.5
1085250 958.8
1085260 960.2
1085270 960.2
1085280 961.3
1085290 963.8
1085300 963.8
1085310 967.1
1085320 969.7
1085330 969.7
1085340 972.2
1085350 975.1
1085360 975.1
1085370 978.0
1085380 981.1
1085390 985.8
1085400 985.8
1085410 988.4
1085420 985.7
1085430 985.7
1085440 977.4
1085450 969.5
1085460 969.5
1085470 964.4
1085480 960.1
1085490 960.1
1085500 955.2
1085510 952.0
1085520 952.0
1085530 951.1
1085540 949.0
1085550 949.0
1085560 943.7
1085570 939.9
1085580 939.9
1085590 940.6
1085600 943.5
1085610 943.5
1085620 946.2
1085630 949.3
1085640 949.3
1085650 951.7
1085660 951.8
1085670 951.8
1085680 951.2
1085690 948.5
1085700 948.7
1085710 952.6
1085720 955.2
1085730 957.9
1085740 957.9
1085750 960.0
1085760 961.8
1085770 961.8
1085780 963.8
1085790 965.9
1085800 965.9
1085810 966.4
1085820 966.1
1085830 966.1
1085840 966.4
1085850 965.3
1085860 965.3
1085870 962.2
1085880 957.0
1085890 957.0
1085900 952.5
1085910 949.3
1085920 949.3
1085930 945.1
1085940 942.3
1085950 942.3
1085960 938.2
1085970 934.4
1085980 934.4
1085990 935.1
1086000 935.1
1086010 935.5
1086020 935.5
1086030 940.9
1086040 941.6
1086050 941.6
1086060 942.3
1086070 943.2
1086080 943.2
1086090 943.9
1086100 945.3
1086110 945.3
1086120 946.2
1086130 946.6
1086140 946.6
1086150 945.6
1086160 942.0
1086170 942.0
1086180 937.8
1086190 933.8
1086200 933.8
1086210 930.5
1086220 928.0
1086230 928.0
1086240 926.8
1086250 926.3
1086260 926.3
1086270 925.9
1086280 925.7
1086290 925.7
1086300 925.5
1086310 925.2
1086320 925.2
1086330 926.6
1086340 927.6
1086350 933.4
1086360 933.4
1086370 934.9
1086380 936.3
1086390 936.3
1086400 936.6
1086410 936.4
1086420 936.4
1086430 937.7
1086440 940.6
1086450 940.6
1086460 941.4
1086470 941.0
1086480 941.0
1086490 939.1
1086500 937.3
1086510 937.3
1086520 933.3
1086530 931.4
1086540 931.4
1086550 931.4
1086560 930.4
1086570 930.4
1086580 928.5
1086590 926.3
1086600 926.3
1086610 924.8
1086620 924.2
1086630 924.2
1086640 926.3
1086650 928.0
1086660 928.2
1086670 935.6
1086680 935.3
1086690 934.7
1086700 934.7
1086710 932.8
1086720 928.2
1086730 928.2
1086740 921.9
1086750 916.9
1086760 916.9
1086770 912.6
1086780 910.7
1086790 910.7
1086800 909.0
1086810 906.0
1086820 906.0
1086830 902.6
1086840 900.4
1086850 900.4
1086860 899.1
1086870 897.4
1086880 897.4
1086890 895.7
1086900 894.5
1086910 894.5
1086920 893.0
1086930 892.0
1086940 892.0
1086950 891.5
1086960 890.2
1086970 887.8
1086980 887.8
1086990 889.3
1087000 885.1
1087010 885.1
1087020 881.7
1087030 879.6
1087040 879.6
1087050 881.2
1087060 882.5
1087070 882.5
1087080 879.6
1087090 874.2
1087100 874.2
1087110 868.6
1087120 864.0
1087130 864.0
1087140 860.0
1087150 855.4
1087160 855.4
1087170 850.9
1087180 847.0
1087190 847.0
1087200 843.4
1087210 840.3
1087220 840.3
1087230 837.0
1087240 831.6
1087250 831.6
1087260 825.9
1087270 822.2
1087280 818.0
1087290 818.0
1087300 812.8
1087310 812.2
1087320 812.2
1087330 806.0
1087340 796.6
1087350 796.6
1087360 787.7
1087370 783.3
1087380 783.3
1087390 782.4
1087400 779.1
1087410 779.1
1087420 777.2
1087430 775.7
1087440 775.7
1087450 774.8
1087460 773.4
1087470 773.4
1087480 772.5
1087490 772.4
1087500 772.4
1087510 771.5
1087520 770.9
1087530 770.9
1087540 771.4
1087550 772.5
1087560 772.5
1087570 775.3
1087580 777.4
1087590 779.5
1087600 779.5
1087610 782.9
1087620 787.2
1087630 787.5
1087640 792.0
1087650 796.9
1087660 796.9
1087670 802.8
1087680 808.4
1087690 808.4
1087700 812.6
1087710 812.5
1087720 812.5
1087730 809.6
1087740 809.0
1087750 809.0
1087760 810.8
1087770 809.1
1087780 809.1
1087790 805.1
1087800 802.1
1087810 802.1
1087820 801.4
1087830 797.6
1087840 797.6
1087850 791.6
1087860 785.2
1087870 785.2
1087880 778.8
1087890 773.9
1087900 768.9
1087910 768.9
1087920 763.1
1087930 758.6
1087940 758.6
1087950 755.7
1087960 751.7
1087970 751.7
1087980 749.5
1087990 746.8
1088000 746.8
1088010 743.3
1088020 740.7
1088030 740.7
1088040 739.2
1088050 738.2
1088060 738.2
1088070 733.9
1088080 727.3
1088090 727.3
1088100 720.5
1088110 713.9
1088120 713.9
1088130 707.7
1088140 702.9
1088150 702.9
1088160 698.0
1088170 694.1
1088180 694.1
1088190 691.9
1088200 689.2
1088210 686.1
1088220 686.1
1088230 683.2
1088240 678.9
1088250 678.9
1088260 672.7
1088270 667.7
1088280 667.7
1088290 661.1
1088300 656.2
1088310 656.2
1088320 654.3
1088330 652.0
1088340 652.0
1088350 652.0
1088360 655.6
1088370 655.6
1088380 660.5
1088390 661.0
1088400 661.0
1088410 656.7
1088420 651.6
1088430 651.6
1088440 645.2
1088450 640.4
1088460 640.4
1088470 638.5
1088480 636.8
1088490 636.8
1088500 636.7
1088510 634.9
1088520 627.9
1088530 627.9
1088540 617.8
1088550 611.8
1088560 611.8
1088570 598.6
1088580 590.9
1088590 590.9
1088600 568.2
1088610 602.1
1088620 602.1
1088630 622.5
1088640 628.1
1088650 628.1
1088660 629.1
1088670 629.9
1088680 629.9
1088690 630.3
1088700 634.2
1088710 634.2
1088720 637.7
1088730 639.5
1088740 639.5
1088750 644.2
1088760 648.6
1088770 648.6
1088780 651.6
1088790 652.6
1088800 652.6
1088810 650.3
1088820 645.1
1088830 644.0
1088840 644.0
1088850 649.8
1088860 657.0
1088870 657.0
1088880 662.9
1088890 668.8
1088900 668.8
1088910 675.1
1088920 679.9
1088930 679.9
1088940 686.2
1088950 691.4
1088960 691.4
1088970 695.8
1088980 699.4
1088990 699.4
1089000 702.4
1089010 707.6
1089020 707.6
1089030 712.7
1089040 718.2
1089050 718.2
1089060 723.8
1089070 729.9
1089080 729.9
1089090 735.5
1089100 741.5
1089110 741.5
1089120 746.9
1089130 753.4
1089140 758.7
1089150 758.7
1089160 761.4
1089170 763.3
1089180 763.3
1089190 766.5
1089200 767.1
1089210 767.1
1089220 762.2
1089230 755.7
1089240 758.4
1089250 753.0
1089260 749.3
1089270 749.3
1089280 747.3
1089290 744.6
1089300 744.6
1089310 743.2
1089320 744.2
1089330 744.2
1089340 747.0
1089350 750.4
1089360 750.4
1089370 752.5
1089380 758.0
1089390 758.0
1089400 755.3
1089410 753.9
1089420 753.9
1089430 754.5
1089440 756.8
1089450 756.1
1089460 756.1
1089470 752.4
1089480 749.7
1089490 749.7
1089500 747.3
1089510 743.6
1089520 743.6
1089530 739.7
1089540 735.2
1089550 735.2
1089560 727.5
1089570 723.9
1089580 723.9
1089590 719.6
1089600 717.7
1089610 717.7
1089620 717.3
1089630 713.8
1089640 713.8
1089650 708.3
1089660 701.7
1089670 701.7
1089680 695.7
1089690 686.1
1089700 686.1
1089710 679.5
1089720 675.5
1089730 675.5
1089740 669.7
1089750 665.8
1089760 657.2
1089770 657.2
1089780 659.6
1089790 674.5
1089800 674.5
1089810 678.1
1089820 681.7
1089830 681.7
1089840 685.9
1089850 692.1
1089860 692.1
1089870 694.7
1089880 695.0
1089890 691.8
1089900 694.0
1089910 696.6
1089920 696.6
1089930 700.7
1089940 705.8
1089950 705.8
1089960 709.6
1089970 713.3
1089980 713.3
1089990 716.5
1090000 721.1
1090010 721.1
1090020 723.9
1090030 727.6
1090040 727.6
1090050 730.9
1090060 732.3
1090070 735.4
1090080 735.4
1090090 738.3
1090100 740.1
1090110 740.1
1090120 742.8
1090130 744.6
1090140 744.6
1090150 746.5
1090160 748.9
1090170 748.9
1090180 754.2
1090190 755.5
1090200 755.5
1090210 756.3
1090220 759.5
1090230 759.5
1090240 761.9
1090250 762.6
1090260 762.6
1090270 762.0
1090280 759.8
1090290 759.8
1090300 759.1
1090310 766.0
1090320 766.0
1090330 770.4
1090340 775.8
1090350 775.8
1090360 778.5
1090370 781.3
1090380 784.2
1090390 784.2
1090400 780.4
1090410 776.1
1090420 776.1
1090430 770.0
1090440 772.4
1090450 772.4
1090460 772.6
1090470 765.9
1090480 765.9
1090490 759.7
1090500 756.8
1090510 756.8
1090520 759.4
1090530 757.1
1090540 757.1
1090550 756.4
1090560 754.1
1090570 754.1
1090580 750.6
1090590 747.9
1090600 747.9
1090610 746.6
1090620 747.0
1090630 747.0
1090640 751.1
1090650 756.0
1090660 756.0
1090670 762.6
1090680 768.9
1090690 771.8
1090700 771.8
1090710 772.2
1090720 779.3
1090730 779.3
1090740 783.5
1090750 785.3
1090760 785.3
1090770 785.1
1090780 788.7
1090790 788.7
1090800 791.1
1090810 789.3
1090820 789.3
1090830 791.2
1090840 803.5
1090850 803.5
1090860 812.6
1090870 817.8
1090880 817.8
1090890 823.5
1090900 830.3
1090910 830.3
1090920 836.6
1090930 842.0
1090940 842.0
1090950 844.8
1090960 847.8
1090970 847.8
1090980 855.4
1090990 862.8
1091000 866.5
1091010 866.5
1091020 874.7
1091030 880.8
1091040 880.8
1091050 887.0
1091060 892.0
1091070 892.0
1091080 897.2
1091090 899.5
1091100 899.5
1091110 903.1
1091120 907.5
1091130 907.5
1091140 908.9
1091150 908.7
1091160 908.7
1091170 908.6
1091180 904.9
1091190 904.9
1091200 907.4
1091210 908.1
1091220 908.1
1091230 911.0
1091240 917.5
1091250 917.5
1091260 917.7
1091270 913.0
1091280 913.0
1091290 908.6
1091300 909.6
1091310 908.9
1091320 908.9
1091330 908.4
1091340 908.8
1091350 908.8
1091360 908.3
1091370 907.3
1091380 907.3
1091390 905.9
1091400 904.7
1091410 904.7
1091420 905.1
1091430 902.6
1091440 902.6
1091450 902.2
1091460 903.5
1091470 903.5
1091480 904.3
1091490 907.2
1091500 907.2
1091510 910.1
1091520 914.1
1091530 914.1
1091540 916.0
1091550 914.7
1091560 914.7
1091570 911.6
1091580 911.1
1091590 911.1
1091600 912.9
1091610 913.9
1091620 914.7
1091630 914.7
1091640 914.4
1091650 916.3
1091660 916.3
1091670 919.8
1091680 920.7
1091690 920.7
1091700 920.9
1091710 920.2
1091720 920.2
1091730 919.1
1091740 919.8
1091750 919.8
1091760 920.9
1091770 921.5
1091780 921.5
1091790 921.4
1091800 921.3
1091810 921.3
1091820 923.7
1091830 923.3
1091840 923.3
1091850 923.3
1091860 919.1
1091870 919.1
1091880 917.7
1091890 916.8
1091900 916.8
1091910 919.6
1091920 920.3
1091930 922.7
1091940 922.7
1091950 925.0
1091960 926.4
1091970 926.4
1091980 926.8
1091990 925.8
1092000 925.8
1092010 927.7
1092020 930.8
1092030 930.8
1092040 935.8
1092050 941.3
1092060 941.3
1092070 947.3
1092080 952.6
1092090 952.6
1092100 955.2
1092110 957.0
1092120 957.0
1092130 955.7
1092140 956.8
1092150 956.8
1092160 955.0
1092170 959.0
1092180 959.0
1092190 962.8
1092200 965.1
1092210 965.1
1092220 967.5
1092230 966.6
1092240 967.2
1092250 967.2
1092260 968.5
1092270 969.4
1092280 969.4
1092290 970.4
1092300 971.0
1092310 971.0
1092320 971.7
1092330 973.8
1092340 973.8
1092350 973.6
1092360 974.9
1092370 974.9
1092380 979.2
1092390 982.3
1092400 982.3
1092410 984.8
1092420 985.3
1092430 985.3
1092440 985.4
1092450 987.8
1092460 987.8
1092470 988.7
1092480 980.5
1092490 980.5
1092500 983.5
1092510 989.3
1092520 989.3
1092530 995.9
1092540 999.4
1092550 1003.2
1092560 1003.2
1092570 1007.4
1092580 1010.3
1092590 1010.3
1092600 1007.5
1092610 1002.5
1092620 1002.5
1092630 1005.1
1092640 1011.3
1092650 1011.3
1092660 1016.8
1092670 1021.8
1092680 1021.8
1092690 1028.0
1092700 1031.3
1092710 1031.3
1092720 1034.5
1092730 1039.7
1092740 1039.7
1092750 1047.5
1092760 1056.3
1092770 1056.3
1092780 1064.4
1092790 1072.1
1092800 1072.1
1092810 1075.2
1092820 1082.4
1092830 1082.4
1092840 1089.2
1092850 1096.2
1092860 1099.7
1092870 1099.7
1092880 1103.0
1092890 1106.6
1092900 1106.6
1092910 1112.8
1092920 1116.2
1092930 1116.2
1092940 1120.6
1092950 1126.7
1092960 1126.7
1092970 1131.9
1092980 1134.9
1092990 1134.9
1093000 1137.1
1093010 1139.1
1093020 1139.1
1093030 1141.5
1093040 1144.0
1093050 1144.0
1093060 1146.4
1093070 1149.0
1093080 1149.0
1093090 1151.5
1093100 1153.6
1093110 1153.6
1093120 1156.1
1093130 1159.7
1093140 1159.7
1093150 1161.7
1093160 1164.3
1093170 1166.8
1093180 1166.8
1093190 1169.3
1093200 1171.4
1093210 1171.4
1093220 1174.0
1093230 1177.8
1093240 1177.8
1093250 1182.3
1093260 1185.7
1093270 1185.7
1093280 1191.2
1093290 1194.1
1093300 1194.1
1093310 1198.0
1093320 1201.7
1093330 1201.7
1093340 1207.4
1093350 1213.2
1093360 1213.2
1093370 1216.8
1093380 1221.9
1093390 1221.9
1093400 1228.0
1093410 1230.8
1093420 1230.8
1093430 1231.5
1093440 1232.0
1093450 1232.0
1093460 1232.5
1093470 1229.3
1093480 1229.3
1093490 1221.4
1093500 1214.0
1093510 1220.0
1093520 1220.0
1093530 1228.4
1093540 1233.1
1093550 1233.1
1093560 1233.9
1093570 1235.7
1093580 1235.7
1093590 1237.5
1093600 1238.6
1093610 1238.6
1093620 1239.9
1093630 1242.1
1093640 1242.1
1093650 1242.8
1093660 1242.1
1093670 1242.1
1093680 1242.9
1093690 1242.3
1093700 1242.3
1093710 1242.8
1093720 1242.4
1093730 1242.4
1093740 1241.3
1093750 1240.3
1093760 1240.3
1093770 1240.2
1093780 1245.4
1093790 1245.4
1093800 1247.6
1093810 1249.5
1093820 1254.1
1093830 1254.1
1093840 1256.2
1093850 1257.7
1093860 1257.7
1093870 1259.4
1093880 1260.6
1093890 1260.6
1093900 1261.2
1093910 1262.6
1093920 1262.6
1093930 1263.8
1093940 1264.9
1093950 1264.9
1093960 1266.1
1093970 1266.8
1093980 1266.8
1093990 1268.0
1094000 1268.7
1094010 1268.7
1094020 1269.3
1094030 1271.1
1094040 1271.1
1094050 1272.1
1094060 1272.5
1094070 1272.5
1094080 1272.8
1094090 1272.8
1094100 1272.8
1094110 1274.1
1094120 1274.2
1094130 1274.3
1094140 1274.3
1094150 1274.0
1094160 1273.2
1094170 1273.2
1094180 1272.3
1094190 1270.9
1094200 1270.9
1094210 1269.7
1094220 1270.1
1094230 1270.1
1094240 1270.5
1094250 1270.0
1094260 1270.0
1094270 1270.0
1094280 1269.7
1094290 1269.7
1094300 1268.8
1094310 1266.5
1094320 1266.5
1094330 1263.8
1094340 1261.2
1094350 1261.2
1094360 1261.1
1094370 1261.5
1094380 1261.5
1094390 1262.3
1094400 1263.3
1094410 1263.3
1094420 1264.1
1094430 1264.6
1094440 1265.8
1094450 1265.8
1094460 1265.3
1094470 1264.6
1094480 1264.6
1094490 1266.3
1094500 1266.2
1094510 1266.2
1094520 1265.0
1094530 1261.1
1094540 1261.1
1094550 1254.9
1094560 1248.5
1094570 1248.5
1094580 1242.9
1094590 1237.8
1094600 1237.8
1094610 1235.4
1094620 1233.0
1094630 1233.0
1094640 1230.0
1094650 1227.6
1094660 1227.6
1094670 1226.0
1094680 1224.3
1094690 1224.3
1094700 1221.6
1094710 1220.5
1094720 1220.5
1094730 1220.7
1094740 1219.6
1094750 1218.7
1094760 1218.7
1094770 1219.6
1094780 1217.9
1094790 1217.9
1094800 1216.2
1094810 1214.2
1094820 1214.2
1094830 1212.1
1094840 1209.5
1094850 1209.5
1094860 1205.3
1094870 1202.6
1094880 1202.6
1094890 1199.2
1094900 1194.5
1094910 1194.5
1094920 1190.2
1094930 1183.6
1094940 1183.6
1094950 1179.1
1094960 1175.0
1094970 1175.0
1094980 1166.9
1094990 1161.2
1095000 1161.2
1095010 1159.0
1095020 1156.6
1095030 1156.6
1095040 1150.3
1095050 1140.8
1095060 1133.9
1095070 1133.9
1095080 1129.9
1095090 1137.7
1095100 1137.7
1095110 1133.4
1095120 1132.2
1095130 1132.2
1095140 1128.0
1095150 1124.1
1095160 1124.1
1095170 1118.6
1095180 1112.1
1095190 1112.1
1095200 1107.7
1095210 1103.9
1095220 1103.9
1095230 1099.0
1095240 1095.7
1095250 1095.7
1095260 1092.1
1095270 1087.8
1095280 1087.8
1095290 1082.5
1095300 1078.1
1095310 1078.1
1095320 1073.5
1095330 1070.0
1095340 1070.0
1095350 1066.5
1095360 1063.6
1095370 1059.4
1095380 1059.4
1095390 1055.7
1095400 1052.3
1095410 1052.3
1095420 1055.0
1095430 1051.6
1095440 1051.6
1095450 1048.8
1095460 1046.0
1095470 1046.0
1095480 1042.2
1095490 1037.1
1095500 1037.1
1095510 1033.1
1095520 1028.7
1095530 1028.7
1095540 1024.0
1095550 1016.7
1095560 1016.7
1095570 1011.7
1095580 1006.4
1095590 1006.4
1095600 998.5
1095610 990.7
1095620 990.7
1095630 983.6
1095640 977.4
1095650 977.4
1095660 971.5
1095670 970.4
1095680 968.8
1095690 968.8
1095700 967.3
1095710 965.9
1095720 965.9
1095730 965.0
1095740 964.8
1095750 957.6
1095760 956.2
1095770 954.3
1095780 954.3
1095790 952.0
1095800 951.1
1095810 951.1
1095820 948.6
1095830 945.5
1095840 945.5
1095850 943.1
1095860 936.0
1095870 936.0
1095880 936.6
1095890 938.3
1095900 938.3
1095910 938.5
1095920 934.4
1095930 934.4
1095940 914.5
1095950 898.5
1095960 898.5
1095970 914.5
1095980 915.7
1095990 931.6
1096000 931.6
1096010 932.3
1096020 931.6
1096030 931.6
1096040 929.9
1096050 929.0
1096060 929.0
1096070 931.2
1096080 940.4
1096090 940.4
1096100 946.9
1096110 957.5
1096120 957.5
1096130 959.5
1096140 957.3
1096150 957.3
1096160 949.3
1096170 940.1
1096180 940.1
1096190 934.9
1096200 929.2
1096210 929.2
1096220 924.6
1096230 921.7
1096240 921.7
1096250 917.9
1096260 912.4
1096270 912.4
1096280 906.2
1096290 899.2
1096300 892.5
1096310 892.5
1096320 893.4
1096330 897.2
1096340 897.2
1096350 897.8
1096360 892.8
1096370 892.8
1096380 891.1
1096390 892.3
1096400 892.3
1096410 901.2
1096420 896.0
1096430 896.0
1096440 890.3
1096450 882.1
1096460 882.1
1096470 849.7
1096480 835.2
1096490 835.2
1096500 846.4
1096510 855.4
1096520 855.4
1096530 858.1
1096540 854.2
1096550 854.2
1096560 847.8
1096570 835.3
1096580 835.3
1096590 812.9
1096600 799.1
1096610 795.8
1096620 795.8
1096630 797.9
1096640 797.7
1096650 797.7
1096660 794.7
1096670 790.2
1096680 790.2
1096690 791.4
1096700 794.8
1096710 794.8
1096720 796.7
1096730 796.5
1096740 804.8
1096750 805.0
1096760 803.2
1096770 803.2
1096780 799.7
1096790 800.1
1096800 800.1
1096810 802.4
1096820 801.2
1096830 801.2
1096840 798.6
1096850 796.8
1096860 796.8
1096870 794.7
1096880 791.8
1096890 791.8
1096900 791.6
1096910 795.6
1096920 796.8
1096930 796.8
1096940 795.0
1096950 793.0
1096960 793.0
1096970 788.8
1096980 784.7
1096990 784.7
1097000 778.5
1097010 780.5
1097020 780.5
1097030 780.7
1097040 778.6
1097050 778.6
1097060 783.5
1097070 780.5
1097080 780.5
1097090 776.4
1097100 774.4
1097110 774.4
1097120 772.6
1097130 770.8
1097140 770.8
1097150 770.0
1097160 767.5
1097170 767.5
1097180 764.2
1097190 763.5
1097200 763.5
1097210 761.3
1097220 758.3
1097230 755.7
1097240 755.7
1097250 754.3
1097260 752.2
1097270 752.2
1097280 750.1
1097290 747.6
1097300 747.6
1097310 744.1
1097320 740.7
1097330 740.7
1097340 737.3
1097350 734.6
1097360 734.6
1097370 732.6
1097380 730.8
1097390 736.3
1097400 734.8
1097410 732.7
1097420 732.7
1097430 732.6
1097440 731.4
1097450 731.4
1097460 730.0
1097470 729.1
1097480 729.1
1097490 727.8
1097500 726.8
1097510 726.8
1097520 727.1
1097530 725.5
1097540 723.5
1097550 723.5
1097560 721.8
1097570 720.3
1097580 720.3
1097590 719.1
1097600 717.4
1097610 717.4
1097620 715.3
1097630 713.1
1097640 713.1
1097650 710.3
1097660 705.4
1097670 705.4
1097680 702.3
1097690 699.9
1097700 699.9
1097710 695.1
1097720 704.5
1097730 704.5
1097740 702.7
1097750 699.2
1097760 699.2
1097770 697.5
1097780 696.7
1097790 696.7
1097800 695.5
1097810 694.3
1097820 694.3
1097830 693.7
1097840 691.5
1097850 688.2
1097860 688.2
1097870 685.7
1097880 685.6
1097890 685.6
1097900 684.7
1097910 683.7
1097920 683.7
1097930 684.1
1097940 685.2
1097950 685.2
1097960 686.4
1097970 686.2
1097980 686.2
1097990 685.1
1098000 683.5
1098010 683.5
1098020 681.9
1098030 679.2
1098040 679.2
1098050 678.4
1098060 673.3
1098070 673.3
1098080 669.6
1098090 665.9
1098100 665.9
1098110 663.0
1098120 661.2
1098130 661.2
1098140 658.4
1098150 655.8
1098160 653.7
1098170 653.7
1098180 653.2
1098190 651.7
1098200 651.7
1098210 651.5
1098220 650.3
1098230 650.3
1098240 650.0
1098250 649.8
1098260 649.8
1098270 647.5
1098280 643.8
1098290 643.8
1098300 642.1
1098310 641.3
1098320 641.3
1098330 640.3
1098340 639.2
1098350 639.2
1098360 638.7
1098370 638.2
1098380 640.4
1098390 639.6
1098400 639.1
1098410 639.1
1098420 636.7
1098430 630.2
1098440 630.2
1098450 628.7
1098460 628.6
1098470 628.8
1098480 628.8
1098490 628.8
1098500 628.3
1098510 628.3
1098520 627.7
1098530 626.9
1098540 626.9
1098550 625.3
1098560 624.1
1098570 624.1
1098580 623.5
1098590 621.6
1098600 621.6
1098610 616.5
1098620 615.2
1098630 615.2
1098640 615.2
1098650 615.6
1098660 615.6
1098670 615.9
1098680 616.1
1098690 616.1
1098700 616.2
1098710 616.0
1098720 616.0
1098730 616.3
1098740 616.4
1098750 616.4
1098760 616.5
1098770 616.5
1098780 616.6
1098790 616.6
1098800 616.6
1098810 616.5
1098820 616.5
1098830 616.6
1098840 616.8
1098850 616.8
1098860 616.9
1098870 616.9
1098880 616.9
1098890 616.8
1098900 616.9
1098910 616.9
1098920 616.9
1098930 616.8
1098940 616.8
1098950 616.8
1098960 616.8
1098970 616.8
1098980 616.9
1098990 616.9
1099000 616.9
1099010 617.0
1099020 617.1
1099030 617.1
1099040 617.3
1099050 620.9
1099060 620.9
1099070 623.6
1099080 624.2
1099090 624.3
1099100 624.3
1099110 624.4
1099120 624.6
1099130 624.6
1099140 624.8
1099150 624.9
1099160 624.9
1099170 624.9
1099180 625.0
1099190 625.0
1099200 625.0
1099210 625.1
1099220 625.1
1099230 625.1
1099240 625.1
1099250 625.1
1099260 625.2
1099270 625.3
1099280 625.3
1099290 625.5
1099300 625.5
1099310 625.5
1099320 625.4
1099330 625.3
1099340 625.3
1099350 625.3
1099360 625.4
1099370 625.4
1099380 625.5
1099390 625.5
1099400 625.4
1099410 625.4
1099420 625.6
1099430 625.7
1099440 625.7
1099450 625.5
1099460 625.5
1099470 625.5
1099480 625.5
1099490 625.5
1099500 625.5
1099510 625.6
1099520 625.7
1099530 625.7
1099540 625.7
1099550 625.7
1099560 625.7
1099570 626.0
1099580 626.2
1099590 626.2
1099600 626.2
1099610 626.1
1099620 626.1
1099630 626.1
1099640 626.2
1099650 626.2
1099660 626.4
1099670 626.9
1099680 626.9
1099690 627.1
1099700 627.1
1099710 627.3
1099720 627.3
1099730 627.7
1099740 628.0
1099750 628.0
1099760 628.3
1099770 628.5
1099780 628.5
1099790 628.7
1099800 628.5
1099810 628.5
1099820 628.5
1099830 628.5
1099840 628.5
1099850 628.0
1099860 627.5
1099870 627.5
1099880 627.3
1099890 627.3
1099900 627.3
1099910 627.4
1099920 627.5
1099930 627.5
1099940 627.7
1099950 628.3
1099960 628.3
1099970 630.7
1099980 642.8
1099990 642.8
