1080000 412.4
1080010 412.4
1080020 412.3
1080030 412.3
1080040 412.6
1080050 413.1
1080060 413.1
1080070 413.7
1080080 413.9
1080090 413.9
1080100 413.2
1080110 413.1
1080120 413.1
1080130 414.1
1080140 414.4
1080150 414.4
1080160 413.4
1080170 412.8
1080180 412.8
1080190 413.9
1080200 414.3
1080210 414.3
1080220 414.4
1080230 414.4
1080240 414.4
1080250 414.3
1080260 414.0
1080270 414.0
1080280 414.1
1080290 414.2
1080300 413.5
1080310 413.5
1080320 413.6
1080330 413.5
1080340 413.5
1080350 413.3
1080360 413.3
1080370 413.3
1080380 413.2
1080390 413.2
1080400 413.2
1080410 413.2
1080420 413.2
1080430 413.2
1080440 413.0
1080450 412.6
1080460 412.6
1080470 412.6
1080480 412.6
1080490 412.6
1080500 412.5
1080510 412.4
1080520 412.4
1080530 412.5
1080540 412.5
1080550 412.5
1080560 412.5
1080570 412.5
1080580 412.5
1080590 412.8
1080600 412.7
1080610 412.8
1080620 412.8
1080630 412.8
1080640 412.9
1080650 412.9
1080660 413.2
1080670 413.5
1080680 413.5
1080690 413.7
1080700 413.7
1080710 413.7
1080720 413.7
1080730 413.8
1080740 413.8
1080750 413.8
1080760 413.9
1080770 413.9
1080780 414.1
1080790 414.3
1080800 414.3
1080810 414.6
1080820 414.8
1080830 414.8
1080840 415.0
1080850 415.3
1080860 415.3
1080870 415.4
1080880 415.6
1080890 415.6
1080900 415.6
1080910 415.8
1080920 415.9
1080930 415.9
1080940 416.1
1080950 416.2
1080960 416.2
1080970 416.3
1080980 416.5
1080990 416.5
1081000 416.6
1081010 416.8
1081020 416.8
1081030 416.8
1081040 416.9
1081050 416.9
1081060 418.6
1081070 419.8
1081080 419.8
1081090 420.8
1081100 420.8
1081110 420.8
1081120 421.2
1081130 421.8
1081140 421.8
1081150 423.3
1081160 428.2
1081170 432.1
1081180 437.5
1081190 442.4
1081200 442.4
1081210 447.7
1081220 452.6
1081230 457.2
1081240 457.2
1081250 461.8
1081260 466.1
1081270 466.1
1081280 469.9
1081290 473.6
1081300 473.6
1081310 477.9
1081320 483.5
1081330 483.5
1081340 489.1
1081350 493.6
1081360 493.6
1081370 497.7
1081380 502.0
1081390 502.0
1081400 504.9
1081410 508.1
1081420 508.1
1081430 511.7
1081440 515.5
1081450 515.5
1081460 519.5
1081470 522.5
1081480 524.2
1081490 527.6
1081500 531.9
1081510 531.9
1081520 536.4
1081530 540.2
1081540 543.5
1081550 543.5
1081560 547.0
1081570 550.4
1081580 550.4
1081590 553.6
1081600 557.8
1081610 557.8
1081620 561.9
1081630 566.0
1081640 566.0
1081650 569.7
1081660 572.8
1081670 572.8
1081680 575.6
1081690 578.5
1081700 578.5
1081710 581.3
1081720 583.7
1081730 583.7
1081740 585.3
1081750 585.8
1081760 585.8
1081770 588.1
1081780 590.6
1081790 590.6
1081800 594.3
1081810 596.0
1081820 596.0
1081830 597.6
1081840 600.4
1081850 602.5
1081860 602.5
1081870 604.2
1081880 605.5
1081890 605.5
1081900 606.8
1081910 608.2
1081920 608.2
1081930 609.4
1081940 610.2
1081950 610.2
1081960 610.9
1081970 609.3
1081980 609.3
1081990 605.6
1082000 608.4
1082010 608.4
1082020 614.4
1082030 614.9
1082040 614.9
1082050 612.3
1082060 609.0
1082070 609.0
1082080 606.8
1082090 608.1
1082100 608.1
1082110 614.1
1082120 650.2
1082130 650.2
1082140 664.2
1082150 695.8
1082160 728.1
1082170 728.1
1082180 733.5
1082190 732.7
1082200 732.7
1082210 731.7
1082220 731.9
1082230 731.9
1082240 734.1
1082250 734.7
1082260 734.7
1082270 735.3
1082280 736.2
1082290 736.2
1082300 737.2
1082310 738.2
1082320 738.2
1082330 739.2
1082340 740.3
1082350 740.3
1082360 741.4
1082370 742.3
1082380 742.3
1082390 743.2
1082400 744.1
1082410 744.1
1082420 744.8
1082430 746.3
1082440 746.3
1082450 747.2
1082460 748.0
1082470 749.2
1082480 749.2
1082490 750.0
1082500 750.6
1082510 750.6
1082520 751.3
1082530 751.9
1082540 751.9
1082550 752.4
1082560 752.7
1082570 752.7
1082580 753.0
1082590 753.1
1082600 753.1
1082610 753.7
1082620 754.2
1082630 754.2
1082640 754.6
1082650 755.6
1082660 755.6
1082670 757.6
1082680 760.2
1082690 760.2
1082700 763.1
1082710 766.1
1082720 766.1
1082730 769.5
1082740 773.3
1082750 775.2
1082760 780.0
1082770 784.6
1082780 788.9
1082790 788.9
1082800 793.1
1082810 797.6
1082820 797.6
1082830 803.3
1082840 810.0
1082850 810.0
1082860 817.2
1082870 824.9
1082880 824.9
1082890 830.4
1082900 833.5
1082910 833.5
1082920 835.8
1082930 838.4
1082940 838.4
1082950 842.1
1082960 847.4
1082970 847.4
1082980 851.9
1082990 856.8
1083000 856.8
1083010 862.0
1083020 868.5
1083030 868.5
1083040 874.4
1083050 881.2
1083060 881.2
1083070 890.8
1083080 901.3
1083090 914.7
1083100 914.7
1083110 923.7
1083120 934.4
1083130 934.4
1083140 972.2
1083150 992.2
1083160 992.2
1083170 999.5
1083180 1020.9
1083190 1020.9
1083200 1043.5
1083210 1058.2
1083220 1058.2
1083230 1066.8
1083240 1073.9
1083250 1073.9
1083260 1083.8
1083270 1092.6
1083280 1092.6
1083290 1098.6
1083300 1101.1
1083310 1101.1
1083320 1102.1
1083330 1102.6
1083340 1102.6
1083350 1102.6
1083360 1102.6
1083370 1102.6
1083380 1102.7
1083390 1099.2
1083400 1098.0
1083410 1098.0
1083420 1096.5
1083430 1094.5
1083440 1094.5
1083450 1092.4
1083460 1090.5
1083470 1090.5
1083480 1088.1
1083490 1085.9
1083500 1085.9
1083510 1083.9
1083520 1081.3
1083530 1081.3
1083540 1080.1
1083550 1080.6
1083560 1080.6
1083570 1080.3
1083580 1079.3
1083590 1079.3
1083600 1077.2
1083610 1075.1
1083620 1075.1
1083630 1074.4
1083640 1076.6
1083650 1076.6
1083660 1077.4
1083670 1076.3
1083680 1076.3
1083690 1074.7
1083700 1070.5
1083710 1069.0
1083720 1069.0
1083730 1067.3
1083740 1065.5
1083750 1065.5
1083760 1064.5
1083770 1064.1
1083780 1064.1
1083790 1063.0
1083800 1061.2
1083810 1061.2
1083820 1059.6
1083830 1057.8
1083840 1057.8
1083850 1056.8
1083860 1057.0
1083870 1057.0
1083880 1056.7
1083890 1056.0
1083900 1056.0
1083910 1055.2
1083920 1054.6
1083930 1054.6
1083940 1054.1
1083950 1053.3
1083960 1053.3
1083970 1052.6
1083980 1051.9
1083990 1051.9
1084000 1050.8
1084010 1048.5
1084020 1043.8
1084030 1043.8
1084040 1038.1
1084050 1032.6
1084060 1032.6
1084070 1027.3
1084080 1022.4
1084090 1022.4
1084100 1016.9
1084110 1011.7
1084120 1011.7
1084130 1007.5
1084140 1003.4
1084150 1003.4
1084160 1000.0
1084170 996.4
1084180 996.4
1084190 991.9
1084200 985.8
1084210 985.8
1084220 979.0
1084230 974.9
1084240 974.9
1084250 971.7
1084260 967.1
1084270 967.1
1084280 963.2
1084290 960.3
1084300 960.3
1084310 957.8
1084320 954.6
1084330 952.7
1084340 948.1
1084350 946.1
1084360 944.6
1084370 944.6
1084380 943.6
1084390 942.1
1084400 942.1
1084410 938.6
1084420 934.0
1084430 934.0
1084440 929.9
1084450 926.3
1084460 926.3
1084470 922.4
1084480 917.8
1084490 917.8
1084500 913.0
1084510 907.9
1084520 907.9
1084530 902.6
1084540 900.0
1084550 900.0
1084560 898.7
1084570 899.2
1084580 899.2
1084590 899.6
1084600 902.6
1084610 902.6
1084620 904.8
1084630 906.4
1084640 908.0
1084650 908.0
1084660 913.1
1084670 915.9
1084680 915.9
1084690 917.1
1084700 916.9
1084710 916.9
1084720 917.3
1084730 921.0
1084740 921.0
1084750 924.3
1084760 927.1
1084770 927.1
1084780 929.1
1084790 931.2
1084800 931.2
1084810 934.2
1084820 934.3
1084830 934.3
1084840 931.6
1084850 929.8
1084860 929.8
1084870 927.6
1084880 928.4
1084890 928.4
1084900 929.1
1084910 929.0
1084920 929.0
1084930 928.5
1084940 930.2
1084950 934.5
1084960 934.5
1084970 937.0
1084980 943.1
1084990 943.1
1085000 947.3
1085010 949.5
1085020 949.5
1085030 950.1
1085040 952.7
1085050 952.7
1085060 958.8
1085070 964.9
1085080 964.9
1085090 971.9
1085100 978.4
1085110 978.4
1085120 983.2
1085130 987.5
1085140 987.5
1085150 991.7
1085160 996.2
1085170 996.2
1085180 1002.1
1085190 1008.5
1085200 1008.5
1085210 1014.1
1085220 1017.4
1085230 1017.4
1085240 1021.2
1085250 1025.4
1085260 1029.7
1085270 1029.7
1085280 1033.4
1085290 1036.9
1085300 1038.8
1085310 1043.6
1085320 1049.0
1085330 1049.0
1085340 1052.2
1085350 1053.6
1085360 1053.6
1085370 1054.8
1085380 1059.0
1085390 1059.0
1085400 1064.7
1085410 1070.7
1085420 1070.7
1085430 1076.4
1085440 1082.6
1085450 1082.6
1085460 1089.6
1085470 1096.5
1085480 1096.5
1085490 1103.3
1085500 1109.8
1085510 1109.8
1085520 1118.6
1085530 1131.0
1085540 1131.0
1085550 1141.6
1085560 1155.3
1085570 1167.6
1085580 1167.6
1085590 1176.7
1085600 1184.1
1085610 1184.1
1085620 1196.2
1085630 1202.5
1085640 1202.5
1085650 1204.8
1085660 1205.4
1085670 1205.4
1085680 1206.6
1085690 1208.3
1085700 1208.3
1085710 1210.8
1085720 1215.0
1085730 1215.0
1085740 1219.6
1085750 1223.5
1085760 1223.5
1085770 1226.7
1085780 1231.3
1085790 1231.3
1085800 1234.8
1085810 1236.6
1085820 1236.6
1085830 1241.1
1085840 1246.5
1085850 1246.5
1085860 1249.1
1085870 1255.1
1085880 1269.7
1085890 1269.7
1085900 1276.6
1085910 1281.0
1085920 1281.0
1085930 1281.7
1085940 1284.5
1085950 1284.5
1085960 1271.6
1085970 1270.3
1085980 1270.3
1085990 1269.1
1086000 1263.1
1086010 1263.1
1086020 1254.0
1086030 1245.6
1086040 1245.6
1086050 1238.2
1086060 1236.2
1086070 1236.2
1086080 1242.7
1086090 1244.1
1086100 1244.1
1086110 1244.7
1086120 1248.8
1086130 1248.8
1086140 1252.7
1086150 1255.8
1086160 1255.8
1086170 1259.7
1086180 1263.4
1086190 1263.7
1086200 1263.7
1086210 1252.8
1086220 1239.2
1086230 1239.2
1086240 1228.4
1086250 1220.8
1086260 1220.1
1086270 1213.0
1086280 1212.9
1086290 1212.9
1086300 1215.9
1086310 1219.1
1086320 1219.1
1086330 1218.0
1086340 1216.3
1086350 1216.3
1086360 1215.4
1086370 1213.3
1086380 1213.3
1086390 1213.4
1086400 1213.1
1086410 1213.1
1086420 1212.8
1086430 1210.0
1086440 1210.0
1086450 1206.8
1086460 1203.3
1086470 1203.3
1086480 1200.3
1086490 1192.5
1086500 1180.0
1086510 1180.0
1086520 1176.3
1086530 1170.9
1086540 1170.9
1086550 1165.0
1086560 1160.5
1086570 1160.5
1086580 1157.8
1086590 1154.0
1086600 1154.0
1086610 1149.4
1086620 1140.6
1086630 1140.6
1086640 1134.5
1086650 1130.7
1086660 1130.7
1086670 1128.4
1086680 1127.4
1086690 1127.4
1086700 1125.2
1086710 1123.1
1086720 1123.1
1086730 1122.0
1086740 1119.9
1086750 1119.9
1086760 1120.4
1086770 1123.9
1086780 1123.9
1086790 1122.6
1086800 1117.4
1086810 1112.9
1086820 1112.9
1086830 1110.5
1086840 1108.9
1086850 1108.9
1086860 1102.7
1086870 1095.3
1086880 1095.3
1086890 1089.6
1086900 1086.9
1086910 1086.9
1086920 1082.4
1086930 1079.4
1086940 1079.4
1086950 1078.8
1086960 1076.2
1086970 1076.2
1086980 1072.9
1086990 1069.8
1087000 1069.8
1087010 1065.8
1087020 1062.3
1087030 1062.3
1087040 1059.5
1087050 1056.1
1087060 1056.1
1087070 1052.1
1087080 1047.7
1087090 1047.7
1087100 1043.5
1087110 1039.4
1087120 1034.3
1087130 1034.3
1087140 1029.6
1087150 1024.3
1087160 1024.3
1087170 1015.8
1087180 1006.3
1087190 1006.3
1087200 998.4
1087210 989.5
1087220 991.0
1087230 982.7
1087240 970.6
1087250 970.6
1087260 957.8
1087270 950.9
1087280 950.9
1087290 945.1
1087300 938.1
1087310 938.1
1087320 931.6
1087330 925.9
1087340 925.9
1087350 919.5
1087360 913.7
1087370 913.7
1087380 908.8
1087390 903.4
1087400 903.4
1087410 897.9
1087420 892.0
1087430 885.6
1087440 885.6
1087450 879.1
1087460 872.6
1087470 872.6
1087480 866.4
1087490 858.5
1087500 858.5
1087510 849.7
1087520 840.4
1087530 840.4
1087540 833.7
1087550 825.4
1087560 825.4
1087570 817.6
1087580 809.7
1087590 809.7
1087600 801.3
1087610 794.0
1087620 794.0
1087630 788.8
1087640 783.1
1087650 783.1
1087660 777.2
1087670 772.5
1087680 772.5
1087690 768.9
1087700 765.5
1087710 765.5
1087720 761.9
1087730 759.2
1087740 757.3
1087750 757.3
1087760 755.1
1087770 752.7
1087780 752.7
1087790 751.8
1087800 751.2
1087810 751.2
1087820 750.0
1087830 745.6
1087840 745.6
1087850 739.0
1087860 731.9
1087870 731.9
1087880 732.3
1087890 733.3
1087900 733.3
1087910 729.8
1087920 724.7
1087930 724.7
1087940 718.4
1087950 713.6
1087960 713.6
1087970 708.5
1087980 702.7
1087990 702.7
1088000 696.3
1088010 690.4
1088020 690.4
1088030 687.6
1088040 684.6
1088050 681.0
1088060 681.0
1088070 677.8
1088080 674.7
1088090 674.7
1088100 673.5
1088110 672.0
1088120 672.0
1088130 669.4
1088140 664.9
1088150 664.9
1088160 661.7
1088170 656.5
1088180 656.5
1088190 651.3
1088200 645.9
1088210 645.9
1088220 640.4
1088230 634.5
1088240 634.5
1088250 632.2
1088260 629.1
1088270 629.1
1088280 624.0
1088290 626.2
1088300 626.2
1088310 623.6
1088320 620.2
1088330 620.2
1088340 619.6
1088350 615.6
1088360 608.9
1088370 608.9
1088380 603.9
1088390 600.6
1088400 600.6
1088410 597.4
1088420 594.3
1088430 594.3
1088440 593.0
1088450 591.8
1088460 591.8
1088470 590.4
1088480 589.7
1088490 589.7
1088500 589.8
1088510 590.1
1088520 590.1
1088530 591.6
1088540 593.1
1088550 593.1
1088560 595.0
1088570 596.1
1088580 596.1
1088590 596.6
1088600 597.2
1088610 597.2
1088620 602.3
1088630 607.3
1088640 607.3
1088650 611.2
1088660 615.8
1088670 621.0
1088680 621.0
1088690 627.1
1088700 632.0
1088710 632.0
1088720 636.8
1088730 641.1
1088740 641.1
1088750 645.7
1088760 649.1
1088770 649.1
1088780 651.4
1088790 654.1
1088800 654.1
1088810 656.4
1088820 659.0
1088830 660.2
1088840 664.5
1088850 670.0
1088860 670.0
1088870 675.9
1088880 679.8
1088890 679.8
1088900 682.7
1088910 687.3
1088920 687.3
1088930 692.2
1088940 694.0
1088950 694.0
1088960 697.2
1088970 701.0
1088980 704.5
1088990 704.5
1089000 707.6
1089010 711.4
1089020 711.4
1089030 718.3
1089040 724.1
1089050 724.1
1089060 730.0
1089070 735.2
1089080 735.2
1089090 742.3
1089100 750.7
1089110 750.7
1089120 758.1
1089130 763.1
1089140 763.1
1089150 768.6
1089160 771.2
1089170 771.2
1089180 773.3
1089190 776.3
1089200 776.3
1089210 779.3
1089220 782.0
1089230 782.0
1089240 781.9
1089250 780.6
1089260 780.6
1089270 779.4
1089280 778.4
1089290 777.6
1089300 777.6
1089310 776.8
1089320 777.4
1089330 777.4
1089340 781.1
1089350 785.2
1089360 785.2
1089370 788.7
1089380 791.4
1089390 791.4
1089400 794.5
1089410 798.3
1089420 798.3
1089430 802.3
1089440 806.3
1089450 806.3
1089460 810.8
1089470 816.0
1089480 814.3
1089490 819.7
1089500 825.4
1089510 825.4
1089520 831.5
1089530 834.4
1089540 834.4
1089550 832.3
1089560 829.3
1089570 829.3
1089580 824.7
1089590 820.8
1089600 820.4
1089610 820.4
1089620 819.1
1089630 814.3
1089640 814.3
1089650 809.5
1089660 807.6
1089670 807.6
1089680 811.1
1089690 813.9
1089700 813.9
1089710 813.6
1089720 808.7
1089730 808.7
1089740 802.2
1089750 798.2
1089760 798.2
1089770 796.7
1089780 794.4
1089790 794.4
1089800 796.7
1089810 792.0
1089820 792.0
1089830 789.6
1089840 787.3
1089850 787.3
1089860 786.2
1089870 783.6
1089880 783.6
1089890 778.7
1089900 771.5
1089910 756.3
1089920 756.3
1089930 738.2
1089940 730.2
1089950 730.2
1089960 721.4
1089970 722.8
1089980 722.8
1089990 727.2
1090000 734.1
1090010 734.1
1090020 740.5
1090030 744.6
1090040 744.6
1090050 751.4
1090060 758.0
1090070 758.0
1090080 764.2
1090090 769.6
1090100 769.6
1090110 775.8
1090120 784.2
1090130 784.2
1090140 790.4
1090150 795.8
1090160 795.8
1090170 804.4
1090180 810.2
1090190 810.2
1090200 810.0
1090210 810.8
1090220 813.6
1090230 813.6
1090240 815.5
1090250 817.4
1090260 817.4
1090270 819.2
1090280 819.4
1090290 819.4
1090300 818.3
1090310 819.3
1090320 819.3
1090330 824.3
1090340 832.1
1090350 832.1
1090360 838.3
1090370 843.1
1090380 843.1
1090390 847.0
1090400 848.8
1090410 848.8
1090420 850.0
1090430 853.7
1090440 858.1
1090450 861.9
1090460 863.6
1090470 863.6
1090480 862.1
1090490 861.7
1090500 861.7
1090510 859.6
1090520 858.6
1090530 858.2
1090540 858.2
1090550 861.5
1090560 862.0
1090570 862.0
1090580 862.9
1090590 864.7
1090600 864.7
1090610 868.4
1090620 871.2
1090630 871.2
1090640 872.7
1090650 874.3
1090660 874.3
1090670 876.4
1090680 878.3
1090690 878.3
1090700 879.7
1090710 881.4
1090720 881.4
1090730 883.1
1090740 884.6
1090750 884.6
1090760 884.8
1090770 888.4
1090780 888.4
1090790 888.4
1090800 889.0
1090810 889.0
1090820 890.3
1090830 893.8
1090840 899.1
1090850 899.1
1090860 902.0
1090870 908.0
1090880 908.0
1090890 914.2
1090900 918.3
1090910 918.3
1090920 921.4
1090930 923.7
1090940 923.7
1090950 925.1
1090960 925.3
1090970 925.3
1090980 924.7
1090990 924.0
1091000 924.0
1091010 921.3
1091020 923.4
1091030 923.4
1091040 926.1
1091050 927.6
1091060 927.6
1091070 926.9
1091080 930.0
1091090 929.7
1091100 932.6
1091110 934.6
1091120 934.6
1091130 936.4
1091140 937.9
1091150 937.3
1091160 937.3
1091170 936.8
1091180 936.5
1091190 936.5
1091200 935.7
1091210 936.2
1091220 936.2
1091230 935.9
1091240 936.3
1091250 936.3
1091260 939.0
1091270 944.0
1091280 944.0
1091290 948.0
1091300 951.7
1091310 951.7
1091320 954.3
1091330 957.3
1091340 957.3
1091350 959.8
1091360 962.4
1091370 962.4
1091380 964.4
1091390 964.9
1091400 964.9
1091410 964.0
1091420 954.6
1091430 954.6
1091440 946.7
1091450 940.4
1091460 935.7
1091470 935.7
1091480 933.0
1091490 934.1
1091500 934.1
1091510 934.2
1091520 931.0
1091530 931.0
1091540 927.0
1091550 924.4
1091560 924.4
1091570 946.5
1091580 963.2
1091590 963.2
1091600 972.5
1091610 981.1
1091620 981.1
1091630 986.3
1091640 990.3
1091650 990.3
1091660 992.4
1091670 993.1
1091680 993.1
1091690 995.7
1091700 1000.1
1091710 1000.1
1091720 1008.6
1091730 1013.0
1091740 1013.1
1091750 1017.1
1091760 1019.7
1091770 1022.9
1091780 1022.9
1091790 1026.4
1091800 1031.0
1091810 1031.0
1091820 1037.0
1091830 1040.9
1091840 1040.9
1091850 1044.1
1091860 1046.5
1091870 1046.5
1091880 1049.4
1091890 1054.7
1091900 1054.7
1091910 1062.7
1091920 1066.1
1091930 1066.1
1091940 1065.0
1091950 1058.0
1091960 1058.0
1091970 1051.9
1091980 1048.8
1091990 1048.8
1092000 1047.3
1092010 1046.2
1092020 1046.2
1092030 1046.6
1092040 1047.3
1092050 1047.3
1092060 1048.4
1092070 1053.2
1092080 1056.6
1092090 1056.6
1092100 1058.4
1092110 1060.3
1092120 1060.3
1092130 1062.3
1092140 1064.2
1092150 1064.2
1092160 1066.4
1092170 1067.6
1092180 1067.6
1092190 1069.6
1092200 1072.2
1092210 1072.2
1092220 1075.5
1092230 1078.2
1092240 1078.2
1092250 1080.7
1092260 1083.4
1092270 1083.4
1092280 1086.0
1092290 1089.2
1092300 1089.2
1092310 1092.1
1092320 1094.2
1092330 1094.2
1092340 1096.9
1092350 1100.2
1092360 1100.2
1092370 1102.3
1092380 1102.8
1092390 1106.2
1092400 1106.2
1092410 1106.4
1092420 1107.4
1092430 1107.4
1092440 1104.6
1092450 1098.3
1092460 1098.3
1092470 1093.5
1092480 1090.9
1092490 1090.9
1092500 1089.2
1092510 1087.7
1092520 1087.7
1092530 1088.6
1092540 1091.8
1092550 1091.8
1092560 1095.3
1092570 1100.8
1092580 1100.8
1092590 1106.7
1092600 1110.4
1092610 1110.4
1092620 1114.6
1092630 1117.3
1092640 1117.3
1092650 1121.6
1092660 1127.6
1092670 1127.6
1092680 1132.5
1092690 1136.6
1092700 1139.6
1092710 1139.6
1092720 1140.4
1092730 1144.9
1092740 1144.9
1092750 1149.0
1092760 1152.9
1092770 1152.9
1092780 1154.2
1092790 1155.1
1092800 1155.1
1092810 1157.4
1092820 1159.1
1092830 1159.1
1092840 1163.1
1092850 1167.2
1092860 1167.2
1092870 1169.3
1092880 1171.4
1092890 1171.4
1092900 1174.2
1092910 1177.1
1092920 1177.1
1092930 1175.2
1092940 1177.3
1092950 1177.3
1092960 1176.1
1092970 1174.2
1092980 1174.2
1092990 1176.3
1093000 1180.5
1093010 1185.5
1093020 1185.5
1093030 1190.4
1093040 1192.8
1093050 1192.8
1093060 1197.1
1093070 1201.2
1093080 1201.2
1093090 1205.3
1093100 1208.2
1093110 1208.2
1093120 1210.7
1093130 1212.6
1093140 1212.6
1093150 1213.5
1093160 1214.5
1093170 1214.5
1093180 1216.5
1093190 1217.6
1093200 1217.6
1093210 1218.0
1093220 1218.5
1093230 1218.5
1093240 1219.2
1093250 1221.0
1093260 1221.0
1093270 1222.9
1093280 1224.9
1093290 1224.9
1093300 1226.9
1093310 1228.2
1093320 1229.0
1093330 1229.0
1093340 1229.1
1093350 1231.2
1093360 1231.2
1093370 1234.6
1093380 1236.7
1093390 1236.7
1093400 1239.7
1093410 1241.7
1093420 1241.7
1093430 1242.9
1093440 1244.3
1093450 1244.3
1093460 1246.0
1093470 1248.5
1093480 1248.5
1093490 1251.2
1093500 1254.3
1093510 1254.3
1093520 1257.0
1093530 1257.5
1093540 1257.5
1093550 1259.3
1093560 1262.7
1093570 1262.7
1093580 1267.1
1093590 1269.5
1093600 1269.5
1093610 1272.1
1093620 1275.7
1093630 1275.2
1093640 1275.2
1093650 1275.9
1093660 1279.8
1093670 1279.8
1093680 1285.7
1093690 1290.8
1093700 1291.7
1093710 1294.2
1093720 1297.0
1093730 1297.0
1093740 1302.1
1093750 1306.0
1093760 1306.0
1093770 1310.7
1093780 1317.7
1093790 1317.7
1093800 1324.0
1093810 1329.2
1093820 1329.2
1093830 1334.1
1093840 1342.4
1093850 1342.4
1093860 1346.5
1093870 1346.0
1093880 1346.0
1093890 1345.9
1093900 1347.0
1093910 1347.0
1093920 1349.4
1093930 1352.6
1093940 1355.5
1093950 1355.5
1093960 1359.2
1093970 1361.2
1093980 1361.2
1093990 1362.9
1094000 1364.0
1094010 1364.0
1094020 1364.5
1094030 1364.6
1094040 1364.6
1094050 1364.8
1094060 1365.2
1094070 1365.2
1094080 1365.4
1094090 1366.0
1094100 1366.0
1094110 1366.5
1094120 1366.6
1094130 1366.6
1094140 1366.5
1094150 1366.2
1094160 1366.2
1094170 1366.4
1094180 1366.6
1094190 1366.6
1094200 1366.6
1094210 1366.6
1094220 1366.6
1094230 1366.8
1094240 1367.2
1094250 1367.8
1094260 1367.8
1094270 1368.6
1094280 1369.4
1094290 1369.4
1094300 1370.3
1094310 1371.3
1094320 1371.3
1094330 1372.1
1094340 1373.2
1094350 1373.0
1094360 1374.3
1094370 1375.6
1094380 1375.6
1094390 1377.1
1094400 1376.8
1094410 1376.8
1094420 1376.4
1094430 1375.5
1094440 1375.5
1094450 1374.3
1094460 1372.5
1094470 1372.5
1094480 1369.8
1094490 1367.7
1094500 1367.7
1094510 1366.9
1094520 1366.1
1094530 1366.1
1094540 1365.3
1094550 1364.4
1094560 1363.7
1094570 1363.7
1094580 1362.7
1094590 1362.0
1094600 1362.0
1094610 1361.4
1094620 1360.6
1094630 1360.6
1094640 1359.6
1094650 1358.3
1094660 1358.3
1094670 1352.4
1094680 1327.5
1094690 1327.5
1094700 1305.2
1094710 1297.5
1094720 1297.5
1094730 1289.4
1094740 1282.8
1094750 1282.8
1094760 1276.5
1094770 1269.8
1094780 1269.8
1094790 1261.0
1094800 1253.3
1094810 1253.3
1094820 1246.3
1094830 1238.4
1094840 1238.4
1094850 1233.2
1094860 1227.6
1094870 1220.3
1094880 1220.3
1094890 1211.4
1094900 1202.8
1094910 1202.8
1094920 1194.9
1094930 1187.3
1094940 1187.3
1094950 1179.6
1094960 1173.6
1094970 1173.6
1094980 1168.9
1094990 1163.6
1095000 1157.6
1095010 1152.3
1095020 1145.6
1095030 1145.6
1095040 1139.5
1095050 1133.6
1095060 1133.6
1095070 1126.7
1095080 1119.5
1095090 1119.5
1095100 1111.6
1095110 1103.4
1095120 1103.4
1095130 1095.7
1095140 1087.1
1095150 1087.1
1095160 1076.1
1095170 1068.2
1095180 1072.6
1095190 1072.6
1095200 1076.7
1095210 1079.5
1095220 1079.5
1095230 1085.0
1095240 1091.0
1095250 1091.0
1095260 1097.1
1095270 1102.5
1095280 1102.5
1095290 1108.6
1095300 1114.7
1095310 1114.7
1095320 1120.2
1095330 1129.2
1095340 1129.2
1095350 1133.7
1095360 1139.4
1095370 1139.4
1095380 1145.2
1095390 1149.8
1095400 1149.8
1095410 1154.9
1095420 1160.7
1095430 1160.7
1095440 1166.7
1095450 1171.3
1095460 1171.3
1095470 1175.8
1095480 1180.9
1095490 1187.2
1095500 1187.2
1095510 1192.8
1095520 1196.0
1095530 1196.0
1095540 1199.8
1095550 1204.4
1095560 1204.4
1095570 1208.8
1095580 1213.3
1095590 1213.3
1095600 1216.6
1095610 1219.3
1095620 1219.3
1095630 1222.4
1095640 1225.3
1095650 1225.3
1095660 1235.9
1095670 1239.6
1095680 1239.6
1095690 1242.5
1095700 1244.3
1095710 1244.3
1095720 1245.9
1095730 1248.2
1095740 1248.2
1095750 1255.4
1095760 1259.6
1095770 1259.6
1095780 1261.2
1095790 1262.3
1095800 1263.3
1095810 1263.3
1095820 1264.2
1095830 1263.8
1095840 1263.8
1095850 1263.1
1095860 1263.3
1095870 1263.3
1095880 1263.4
1095890 1263.6
1095900 1263.6
1095910 1264.1
1095920 1263.0
1095930 1263.0
1095940 1261.9
1095950 1261.4
1095960 1261.4
1095970 1260.9
1095980 1259.6
1095990 1258.2
1096000 1256.8
1096010 1255.6
1096020 1255.6
1096030 1254.8
1096040 1253.9
1096050 1253.9
1096060 1253.3
1096070 1252.3
1096080 1252.3
1096090 1251.2
1096100 1250.9
1096110 1251.6
1096120 1251.6
1096130 1253.3
1096140 1253.6
1096150 1253.6
1096160 1253.6
1096170 1253.1
1096180 1253.1
1096190 1252.0
1096200 1251.2
1096210 1251.2
1096220 1250.2
1096230 1249.6
1096240 1249.6
1096250 1248.3
1096260 1246.3
1096270 1246.3
1096280 1243.3
1096290 1240.4
1096300 1240.4
1096310 1238.0
1096320 1234.3
1096330 1234.3
1096340 1233.6
1096350 1233.2
1096360 1233.2
1096370 1232.9
1096380 1232.4
1096390 1232.4
1096400 1231.8
1096410 1231.5
1096420 1231.1
1096430 1231.1
1096440 1231.1
1096450 1231.3
1096460 1231.3
1096470 1231.4
1096480 1231.1
1096490 1231.1
1096500 1231.5
1096510 1233.3
1096520 1233.3
1096530 1234.6
1096540 1235.6
1096550 1235.6
1096560 1235.7
1096570 1234.8
1096580 1234.8
1096590 1232.8
1096600 1230.3
1096610 1230.3
1096620 1226.3
1096630 1222.6
1096640 1222.6
1096650 1221.3
1096660 1218.9
1096670 1218.9
1096680 1216.6
1096690 1214.4
1096700 1214.4
1096710 1211.1
1096720 1207.1
1096730 1202.6
1096740 1202.6
1096750 1197.4
1096760 1194.5
1096770 1194.5
1096780 1193.8
1096790 1194.0
1096800 1194.0
1096810 1194.0
1096820 1194.0
1096830 1194.0
1096840 1193.8
1096850 1193.3
1096860 1193.3
1096870 1192.6
1096880 1192.1
1096890 1192.1
1096900 1191.7
1096910 1191.0
1096920 1191.0
1096930 1190.1
1096940 1189.1
1096950 1189.1
1096960 1188.0
1096970 1185.1
1096980 1185.1
1096990 1182.8
1097000 1180.4
1097010 1180.4
1097020 1178.8
1097030 1177.5
1097040 1176.4
1097050 1176.4
1097060 1175.2
1097070 1172.4
1097080 1172.4
1097090 1168.9
1097100 1165.6
1097110 1165.6
1097120 1162.5
1097130 1159.8
1097140 1159.8
1097150 1157.7
1097160 1155.1
1097170 1155.1
1097180 1152.3
1097190 1150.3
1097200 1150.3
1097210 1147.5
1097220 1144.6
1097230 1144.6
1097240 1142.8
1097250 1140.8
1097260 1140.8
1097270 1138.0
1097280 1136.0
1097290 1136.0
1097300 1133.4
1097310 1130.9
1097320 1130.9
1097330 1128.7
1097340 1127.0
1097350 1125.3
1097360 1125.3
1097370 1122.3
1097380 1114.1
1097390 1114.1
1097400 1113.1
1097410 1109.3
1097420 1109.3
1097430 1103.7
1097440 1099.9
1097450 1099.9
1097460 1096.5
1097470 1092.5
1097480 1092.5
1097490 1083.9
1097500 1082.5
1097510 1082.5
1097520 1088.4
1097530 1087.9
1097540 1087.9
1097550 1086.7
1097560 1085.6
1097570 1085.6
1097580 1085.0
1097590 1084.2
1097600 1084.2
1097610 1082.8
1097620 1081.1
1097630 1081.3
1097640 1079.2
1097650 1076.5
1097660 1074.0
1097670 1074.0
1097680 1072.2
1097690 1069.8
1097700 1069.8
1097710 1067.2
1097720 1066.0
1097730 1066.0
1097740 1065.1
1097750 1064.2
1097760 1064.2
1097770 1062.9
1097780 1061.2
1097790 1061.2
1097800 1058.6
1097810 1055.9
1097820 1055.9
1097830 1054.0
1097840 1052.2
1097850 1052.2
1097860 1050.7
1097870 1048.6
1097880 1048.6
1097890 1045.9
1097900 1042.7
1097910 1042.7
1097920 1039.4
1097930 1036.7
1097940 1033.7
1097950 1033.7
1097960 1032.9
1097970 1030.2
1097980 1030.2
1097990 1027.6
1098000 1025.6
1098010 1025.6
1098020 1023.5
1098030 1021.5
1098040 1021.5
1098050 1019.8
1098060 1018.3
1098070 1018.3
1098080 1016.7
1098090 1014.9
1098100 1014.9
1098110 1012.6
1098120 1009.5
1098130 1009.5
1098140 1006.6
1098150 1004.0
1098160 1004.0
1098170 1001.5
1098180 998.5
1098190 998.5
1098200 996.1
1098210 995.0
1098220 995.0
1098230 995.3
1098240 995.5
1098250 996.6
1098260 996.6
1098270 998.4
1098280 998.6
1098290 1003.6
1098300 1004.9
1098310 1004.7
1098320 1004.7
1098330 1002.6
1098340 999.2
1098350 999.2
1098360 998.2
1098370 995.4
1098380 995.4
1098390 992.0
1098400 988.8
1098410 988.8
1098420 984.7
1098430 978.2
1098440 978.2
1098450 972.1
1098460 966.1
1098470 966.1
1098480 961.8
1098490 958.4
1098500 958.4
1098510 955.3
1098520 952.5
1098530 952.5
1098540 949.4
1098550 946.7
1098560 944.2
1098570 944.2
1098580 940.1
1098590 938.0
1098600 938.0
1098610 934.5
1098620 934.5
1098630 934.5
1098640 931.1
1098650 927.7
1098660 927.7
1098670 924.3
1098680 921.4
1098690 921.4
1098700 917.9
1098710 913.6
1098720 913.6
1098730 908.7
1098740 904.6
1098750 904.6
1098760 902.1
1098770 899.6
1098780 899.6
1098790 896.4
1098800 893.2
1098810 893.2
1098820 890.3
1098830 887.0
1098840 887.0
1098850 883.1
1098860 878.0
1098870 872.8
1098880 872.8
1098890 868.2
1098900 865.0
1098910 865.0
1098920 861.5
1098930 857.3
1098940 857.3
1098950 861.1
1098960 854.9
1098970 854.9
1098980 848.8
1098990 843.1
1099000 843.1
1099010 838.9
1099020 835.1
1099030 835.1
1099040 829.8
1099050 825.1
1099060 825.1
1099070 820.3
1099080 815.3
1099090 815.3
1099100 810.9
1099110 806.0
1099120 806.0
1099130 801.6
1099140 797.2
1099150 797.2
1099160 786.8
1099170 775.3
1099180 766.7
1099190 766.7
1099200 758.8
1099210 751.5
1099220 751.5
1099230 746.3
1099240 745.7
1099250 745.7
1099260 746.4
1099270 743.7
1099280 743.7
1099290 744.9
1099300 738.9
1099310 738.9
1099320 732.5
1099330 726.0
1099340 726.0
1099350 719.5
1099360 714.9
1099370 714.9
1099380 711.1
1099390 706.7
1099400 706.7
1099410 703.2
1099420 699.9
1099430 699.9
1099440 695.7
1099450 692.3
1099460 692.3
1099470 687.9
1099480 684.2
1099490 680.4
1099500 680.4
1099510 677.9
1099520 675.0
1099530 675.0
1099540 671.5
1099550 667.1
1099560 667.1
1099570 662.8
1099580 659.3
1099590 659.3
1099600 655.4
1099610 651.8
1099620 656.7
1099630 653.2
1099640 650.9
1099650 650.9
1099660 651.3
1099670 650.9
1099680 650.9
1099690 650.7
1099700 650.8
1099710 650.8
1099720 651.1
1099730 651.1
1099740 651.1
1099750 651.3
1099760 651.6
1099770 651.6
1099780 652.0
1099790 652.6
1099800 653.0
1099810 653.0
1099820 653.1
1099830 652.8
1099840 652.8
1099850 652.0
1099860 651.7
1099870 651.7
1099880 651.1
1099890 650.7
1099900 650.7
1099910 650.4
1099920 650.1
1099930 650.1
1099940 650.5
1099950 652.8
1099960 652.8
1099970 653.0
1099980 653.7
1099990 653.7
