1080000 410.7
1080010 410.7
1080020 410.7
1080030 410.7
1080040 410.7
1080050 410.8
1080060 410.8
1080070 410.8
1080080 410.9
1080090 410.9
1080100 411.3
1080110 411.3
1080120 411.3
1080130 411.2
1080140 411.2
1080150 411.2
1080160 411.3
1080170 411.3
1080180 411.3
1080190 411.3
1080200 411.4
1080210 411.5
1080220 411.5
1080230 411.6
1080240 411.7
1080250 411.7
1080260 411.8
1080270 411.9
1080280 411.9
1080290 412.0
1080300 412.1
1080310 412.1
1080320 412.2
1080330 412.3
1080340 412.3
1080350 412.2
1080360 412.2
1080370 412.2
1080380 412.4
1080390 412.5
1080400 412.5
1080410 412.6
1080420 412.7
1080430 412.7
1080440 412.8
1080450 412.8
1080460 412.8
1080470 412.9
1080480 413.0
1080490 413.0
1080500 413.1
1080510 413.2
1080520 413.2
1080530 413.4
1080540 413.6
1080550 413.6
1080560 413.6
1080570 413.6
1080580 413.5
1080590 413.5
1080600 413.4
1080610 413.4
1080620 413.4
1080630 413.5
1080640 413.5
1080650 413.5
1080660 413.5
1080670 413.4
1080680 413.4
1080690 413.5
1080700 413.5
1080710 413.5
1080720 413.6
1080730 413.7
1080740 413.7
1080750 413.9
1080760 413.8
1080770 413.8
1080780 413.8
1080790 413.9
1080800 413.9
1080810 413.9
1080820 414.1
1080830 414.1
1080840 414.2
1080850 414.2
1080860 414.2
1080870 414.2
1080880 414.2
1080890 414.2
1080900 414.2
1080910 414.1
1080920 414.0
1080930 414.0
1080940 413.9
1080950 413.8
1080960 413.8
1080970 413.9
1080980 413.9
1080990 413.9
1081000 413.8
1081010 413.9
1081020 413.9
1081030 414.0
1081040 414.0
1081050 414.0
1081060 414.1
1081070 414.3
1081080 414.3
1081090 414.4
1081100 414.3
1081110 414.3
1081120 414.3
1081130 414.4
1081140 414.4
1081150 414.4
1081160 414.5
1081170 414.5
1081180 414.5
1081190 414.6
1081200 414.7
1081210 414.7
1081220 415.0
1081230 415.2
1081240 415.2
1081250 415.2
1081260 415.2
1081270 415.2
1081280 415.2
1081290 415.3
1081300 415.3
1081310 415.4
1081320 415.5
1081330 415.5
1081340 415.7
1081350 415.8
1081360 415.8
1081370 415.8
1081380 415.8
1081390 416.4
1081400 416.6
1081410 416.7
1081420 416.7
1081430 416.8
1081440 416.8
1081450 416.8
1081460 416.8
1081470 416.9
1081480 417.0
1081490 417.0
1081500 417.1
1081510 417.2
1081520 417.2
1081530 417.0
1081540 416.9
1081550 416.9
1081560 417.1
1081570 417.2
1081580 417.2
1081590 417.1
1081600 417.1
1081610 417.1
1081620 417.2
1081630 417.3
1081640 417.3
1081650 417.3
1081660 417.4
1081670 417.4
1081680 417.6
1081690 417.7
1081700 417.7
1081710 417.8
1081720 418.3
1081730 418.3
1081740 419.3
1081750 419.6
1081760 419.6
1081770 419.3
1081780 419.2
1081790 419.2
1081800 419.2
1081810 419.2
1081820 419.3
1081830 419.3
1081840 419.4
1081850 419.4
1081860 419.4
1081870 419.4
1081880 419.4
1081890 419.4
1081900 419.5
1081910 419.5
1081920 419.5
1081930 419.5
1081940 419.6
1081950 419.6
1081960 419.7
1081970 420.3
1081980 420.3
1081990 421.3
1082000 422.0
1082010 422.0
1082020 421.9
1082030 421.7
1082040 421.7
1082050 421.7
1082060 421.7
1082070 421.7
1082080 421.7
1082090 421.6
1082100 421.5
1082110 421.5
1082120 421.4
1082130 421.3
1082140 421.3
1082150 421.3
1082160 421.3
1082170 421.3
1082180 421.4
1082190 421.4
1082200 421.4
1082210 421.4
1082220 421.5
1082230 421.5
1082240 421.7
1082250 421.8
1082260 421.8
1082270 421.9
1082280 423.3
1082290 423.3
1082300 424.4
1082310 424.5
1082320 424.5
1082330 422.3
1082340 420.7
1082350 421.6
1082360 422.1
1082370 422.4
1082380 422.4
1082390 422.5
1082400 422.5
1082410 422.6
1082420 422.6
1082430 422.9
1082440 423.1
1082450 423.1
1082460 423.2
1082470 423.2
1082480 423.2
1082490 423.2
1082500 423.2
1082510 423.2
1082520 423.2
1082530 423.2
1082540 423.2
1082550 423.2
1082560 423.2
1082570 423.2
1082580 423.3
1082590 423.3
1082600 423.3
1082610 423.4
1082620 423.4
1082630 423.4
1082640 423.5
1082650 423.6
1082660 423.5
1082670 423.6
1082680 423.7
1082690 423.7
1082700 423.8
1082710 423.9
1082720 424.0
1082730 424.0
1082740 423.9
1082750 424.2
1082760 424.2
1082770 424.3
1082780 424.3
1082790 424.3
1082800 425.0
1082810 425.2
1082820 425.2
1082830 426.1
1082840 426.5
1082850 426.5
1082860 426.5
1082870 426.1
1082880 426.1
1082890 426.3
1082900 426.5
1082910 426.5
1082920 426.6
1082930 426.7
1082940 426.7
1082950 426.8
1082960 426.9
1082970 426.9
1082980 427.2
1082990 427.1
1083000 427.1
1083010 427.2
1083020 427.4
1083030 427.4
1083040 427.5
1083050 427.6
1083060 427.6
1083070 427.6
1083080 427.6
1083090 428.0
1083100 428.0
1083110 428.2
1083120 428.5
1083130 428.5
1083140 430.3
1083150 430.5
1083160 430.5
1083170 430.5
1083180 430.4
1083190 430.4
1083200 430.4
1083210 430.4
1083220 430.4
1083230 430.4
1083240 430.4
1083250 430.4
1083260 430.4
1083270 430.4
1083280 430.4
1083290 430.9
1083300 431.3
1083310 431.3
1083320 431.3
1083330 431.4
1083340 431.4
1083350 431.5
1083360 431.6
1083370 431.6
1083380 431.6
1083390 431.7
1083400 432.3
1083410 432.3
1083420 433.0
1083430 432.5
1083440 432.5
1083450 431.5
1083460 431.3
1083470 431.3
1083480 432.3
1083490 432.8
1083500 432.8
1083510 432.1
1083520 432.8
1083530 432.8
1083540 433.0
1083550 431.8
1083560 431.8
1083570 431.8
1083580 431.9
1083590 431.9
1083600 432.1
1083610 432.4
1083620 432.3
1083630 432.6
1083640 432.9
1083650 432.9
1083660 433.4
1083670 433.6
1083680 433.9
1083690 433.9
1083700 434.3
1083710 434.7
1083720 434.7
1083730 435.2
1083740 435.8
1083750 435.8
1083760 436.4
1083770 436.7
1083780 436.7
1083790 437.1
1083800 437.8
1083810 437.8
1083820 438.4
1083830 438.9
1083840 438.9
1083850 439.2
1083860 439.6
1083870 439.6
1083880 440.1
1083890 440.7
1083900 440.7
1083910 441.4
1083920 442.1
1083930 442.6
1083940 443.3
1083950 444.1
1083960 444.1
1083970 444.4
1083980 445.1
1083990 445.7
1084000 445.7
1084010 446.1
1084020 447.3
1084030 447.3
1084040 447.8
1084050 448.2
1084060 448.2
1084070 448.2
1084080 448.0
1084090 448.0
1084100 447.6
1084110 447.5
1084120 447.5
1084130 447.4
1084140 447.5
1084150 447.5
1084160 447.6
1084170 447.3
1084180 447.3
1084190 447.1
1084200 446.9
1084210 446.9
1084220 447.4
1084230 448.5
1084240 448.5
1084250 452.2
1084260 454.5
1084270 454.5
1084280 457.8
1084290 462.3
1084300 467.6
1084310 467.6
1084320 473.5
1084330 481.3
1084340 481.3
1084350 489.0
1084360 496.8
1084370 496.8
1084380 504.5
1084390 509.0
1084400 509.0
1084410 509.0
1084420 505.8
1084430 505.8
1084440 504.3
1084450 506.3
1084460 506.3
1084470 508.7
1084480 511.1
1084490 511.1
1084500 511.0
1084510 510.0
1084520 510.0
1084530 511.1
1084540 513.2
1084550 513.2
1084560 515.8
1084570 524.1
1084580 524.1
1084590 526.2
1084600 528.3
1084610 528.8
1084620 528.8
1084630 530.4
1084640 534.2
1084650 534.2
1084660 540.1
1084670 549.1
1084680 549.1
1084690 558.0
1084700 564.1
1084710 564.1
1084720 572.6
1084730 581.1
1084740 581.1
1084750 589.7
1084760 598.2
1084770 598.2
1084780 606.1
1084790 613.3
1084800 613.3
1084810 619.5
1084820 623.5
1084830 623.5
1084840 625.4
1084850 627.2
1084860 627.2
1084870 629.9
1084880 632.3
1084890 637.2
1084900 640.6
1084910 644.9
1084920 650.2
1084930 650.2
1084940 655.3
1084950 660.3
1084960 660.3
1084970 665.8
1084980 671.4
1084990 671.4
1085000 677.0
1085010 682.6
1085020 682.6
1085030 688.5
1085040 695.4
1085050 695.4
1085060 703.1
1085070 709.1
1085080 709.1
1085090 713.6
1085100 718.1
1085110 718.1
1085120 722.7
1085130 727.9
1085140 727.9
1085150 733.5
1085160 738.8
1085170 738.8
1085180 744.1
1085190 749.3
1085200 749.3
1085210 759.1
1085220 764.6
1085230 769.9
1085240 769.9
1085250 774.6
1085260 778.0
1085270 778.0
1085280 782.6
1085290 788.4
1085300 788.4
1085310 794.0
1085320 799.5
1085330 799.5
1085340 804.9
1085350 810.5
1085360 810.5
1085370 815.5
1085380 819.1
1085390 819.1
1085400 822.8
1085410 825.8
1085420 825.8
1085430 829.3
1085440 833.3
1085450 833.3
1085460 836.8
1085470 843.8
1085480 843.8
1085490 850.8
1085500 852.5
1085510 852.5
1085520 853.7
1085530 863.2
1085540 863.2
1085550 867.1
1085560 869.8
1085570 870.2
1085580 870.2
1085590 870.7
1085600 870.8
1085610 870.8
1085620 870.4
1085630 869.7
1085640 869.7
1085650 868.3
1085660 865.8
1085670 865.8
1085680 862.4
1085690 859.3
1085700 859.3
1085710 857.8
1085720 856.3
1085730 856.3
1085740 854.1
1085750 851.8
1085760 851.8
1085770 849.8
1085780 848.3
1085790 848.3
1085800 846.6
1085810 843.7
1085820 843.7
1085830 838.9
1085840 832.6
1085850 827.8
1085860 819.2
1085870 813.0
1085880 803.2
1085890 803.2
1085900 784.5
1085910 753.9
1085920 753.9
1085930 738.9
1085940 729.5
1085950 729.5
1085960 722.2
1085970 715.5
1085980 715.5
1085990 708.3
1086000 713.2
1086010 713.2
1086020 723.0
1086030 728.7
1086040 728.7
1086050 731.2
1086060 735.1
1086070 735.1
1086080 741.2
1086090 748.5
1086100 748.5
1086110 748.9
1086120 746.2
1086130 746.2
1086140 746.8
1086150 745.2
1086160 745.2
1086170 750.4
1086180 753.5
1086190 759.4
1086200 759.4
1086210 765.2
1086220 770.6
1086230 770.6
1086240 776.0
1086250 781.5
1086260 781.5
1086270 784.6
1086280 786.0
1086290 786.0
1086300 788.6
1086310 787.1
1086320 787.1
1086330 783.2
1086340 778.6
1086350 778.6
1086360 774.4
1086370 770.1
1086380 770.1
1086390 765.8
1086400 761.2
1086410 761.2
1086420 756.8
1086430 752.4
1086440 752.4
1086450 748.7
1086460 744.9
1086470 744.9
1086480 740.1
1086490 732.5
1086500 732.5
1086510 732.5
1086520 732.7
1086530 730.7
1086540 730.7
1086550 728.4
1086560 725.5
1086570 725.5
1086580 720.8
1086590 715.0
1086600 715.0
1086610 720.6
1086620 723.6
1086630 723.6
1086640 723.5
1086650 723.8
1086660 723.8
1086670 718.8
1086680 711.3
1086690 711.3
1086700 705.7
1086710 701.0
1086720 701.0
1086730 693.9
1086740 684.9
1086750 684.9
1086760 680.8
1086770 679.7
1086780 679.7
1086790 674.5
1086800 670.0
1086810 668.5
1086820 668.5
1086830 670.5
1086840 680.6
1086850 680.6
1086860 690.1
1086870 693.8
1086880 693.8
1086890 691.2
1086900 688.0
1086910 688.0
1086920 692.6
1086930 697.0
1086940 697.0
1086950 695.3
1086960 693.4
1086970 693.4
1086980 694.1
1086990 697.7
1087000 697.7
1087010 701.5
1087020 702.6
1087030 702.6
1087040 697.1
1087050 691.2
1087060 691.2
1087070 683.7
1087080 675.0
1087090 675.0
1087100 667.6
1087110 663.9
1087120 660.4
1087130 658.2
1087140 652.3
1087150 646.7
1087160 646.7
1087170 641.9
1087180 637.7
1087190 637.7
1087200 636.9
1087210 635.0
1087220 635.0
1087230 633.6
1087240 635.5
1087250 635.5
1087260 636.2
1087270 637.1
1087280 637.1
1087290 639.3
1087300 638.0
1087310 638.0
1087320 633.2
1087330 630.6
1087340 630.6
1087350 629.5
1087360 627.7
1087370 627.7
1087380 624.9
1087390 622.7
1087400 622.7
1087410 620.9
1087420 619.7
1087430 619.6
1087440 619.6
1087450 620.7
1087460 620.0
1087470 620.0
1087480 618.1
1087490 615.0
1087500 615.0
1087510 613.9
1087520 612.6
1087530 612.6
1087540 611.2
1087550 610.7
1087560 610.7
1087570 609.8
1087580 610.6
1087590 610.6
1087600 612.1
1087610 612.3
1087620 612.3
1087630 612.2
1087640 612.0
1087650 612.0
1087660 611.3
1087670 608.7
1087680 608.7
1087690 610.0
1087700 614.3
1087710 614.3
1087720 614.7
1087730 614.5
1087740 612.7
1087750 612.7
1087760 611.0
1087770 612.1
1087780 612.1
1087790 611.4
1087800 611.4
1087810 611.4
1087820 611.7
1087830 613.1
1087840 613.1
1087850 612.9
1087860 613.0
1087870 613.0
1087880 613.9
1087890 615.1
1087900 615.1
1087910 616.0
1087920 616.7
1087930 616.7
1087940 617.2
1087950 617.2
1087960 617.2
1087970 616.1
1087980 614.4
1087990 614.4
1088000 611.9
1088010 609.8
1088020 609.8
1088030 606.6
1088040 604.3
1088050 604.3
1088060 602.1
1088070 601.0
1088080 600.5
1088090 600.5
1088100 604.0
1088110 597.9
1088120 597.9
1088130 592.9
1088140 587.6
1088150 587.6
1088160 583.3
1088170 579.4
1088180 579.4
1088190 574.3
1088200 571.3
1088210 571.3
1088220 567.9
1088230 561.4
1088240 561.4
1088250 555.7
1088260 550.2
1088270 550.2
1088280 549.8
1088290 550.7
1088300 550.7
1088310 550.3
1088320 552.0
1088330 552.0
1088340 550.6
1088350 545.0
1088360 545.0
1088370 536.5
1088380 528.2
1088390 521.3
1088400 521.3
1088410 515.9
1088420 516.5
1088430 516.5
1088440 511.1
1088450 509.5
1088460 509.5
1088470 508.6
1088480 508.4
1088490 508.4
1088500 508.9
1088510 509.2
1088520 509.2
1088530 509.0
1088540 507.9
1088550 507.9
1088560 505.1
1088570 504.3
1088580 504.3
1088590 506.6
1088600 510.5
1088610 510.5
1088620 514.6
1088630 517.8
1088640 517.8
1088650 521.2
1088660 524.2
1088670 524.2
1088680 527.1
1088690 530.1
1088700 533.5
1088710 533.5
1088720 535.3
1088730 535.4
1088740 531.7
1088750 532.4
1088760 533.4
1088770 533.4
1088780 533.9
1088790 534.5
1088800 534.5
1088810 535.3
1088820 537.0
1088830 537.0
1088840 538.0
1088850 539.4
1088860 539.4
1088870 540.4
1088880 544.0
1088890 544.0
1088900 549.7
1088910 555.2
1088920 555.2
1088930 559.4
1088940 562.3
1088950 562.3
1088960 564.5
1088970 567.4
1088980 567.4
1088990 569.7
1089000 572.1
1089010 576.2
1089020 576.2
1089030 581.1
1089040 586.4
1089050 586.4
1089060 588.3
1089070 594.5
1089080 594.5
1089090 600.4
1089100 604.7
1089110 604.7
1089120 606.9
1089130 608.1
1089140 608.1
1089150 608.4
1089160 609.2
1089170 609.2
1089180 610.4
1089190 611.2
1089200 611.2
1089210 610.4
1089220 609.8
1089230 609.8
1089240 608.5
1089250 606.9
1089260 606.9
1089270 606.7
1089280 606.2
1089290 606.2
1089300 607.6
1089310 609.3
1089320 611.0
1089330 611.0
1089340 613.7
1089350 616.8
1089360 616.8
1089370 619.3
1089380 619.5
1089390 619.5
1089400 622.6
1089410 626.0
1089420 626.0
1089430 627.4
1089440 629.6
1089450 629.6
1089460 632.2
1089470 634.9
1089480 634.9
1089490 637.6
1089500 640.8
1089510 640.8
1089520 644.5
1089530 648.1
1089540 648.1
1089550 650.5
1089560 653.4
1089570 653.4
1089580 657.6
1089590 660.6
1089600 660.6
1089610 663.0
1089620 665.4
1089630 667.8
1089640 667.8
1089650 670.2
1089660 673.2
1089670 673.2
1089680 677.7
1089690 678.9
1089700 678.9
1089710 675.0
1089720 673.3
1089730 673.3
1089740 672.2
1089750 671.4
1089760 671.4
1089770 670.0
1089780 669.2
1089790 669.2
1089800 668.8
1089810 667.2
1089820 667.2
1089830 664.1
1089840 661.2
1089850 661.2
1089860 657.9
1089870 649.9
1089880 649.9
1089890 644.6
1089900 644.5
1089910 644.5
1089920 653.2
1089930 660.6
1089940 665.2
1089950 665.2
1089960 668.8
1089970 672.0
1089980 672.0
1089990 678.7
1090000 693.7
1090010 693.7
1090020 704.1
1090030 700.9
1090040 700.9
1090050 702.6
1090060 705.2
1090070 705.2
1090080 708.0
1090090 710.2
1090100 710.2
1090110 712.3
1090120 716.1
1090130 716.1
1090140 721.3
1090150 724.5
1090160 724.5
1090170 726.4
1090180 728.6
1090190 728.6
1090200 731.1
1090210 733.6
1090220 733.6
1090230 735.8
1090240 738.5
1090250 741.9
1090260 741.9
1090270 746.5
1090280 753.3
1090290 753.3
1090300 758.5
1090310 764.3
1090320 764.3
1090330 769.6
1090340 773.5
1090350 769.4
1090360 772.7
1090370 776.9
1090380 776.9
1090390 781.7
1090400 786.0
1090410 786.0
1090420 789.5
1090430 793.9
1090440 793.9
1090450 798.6
1090460 803.7
1090470 803.7
1090480 808.0
1090490 810.0
1090500 810.0
1090510 811.3
1090520 815.5
1090530 815.5
1090540 821.7
1090550 829.4
1090560 834.8
1090570 834.8
1090580 838.8
1090590 842.6
1090600 842.6
1090610 846.7
1090620 850.6
1090630 850.6
1090640 854.0
1090650 856.9
1090660 856.9
1090670 859.7
1090680 860.8
1090690 860.8
1090700 863.2
1090710 864.6
1090720 864.6
1090730 864.4
1090740 865.3
1090750 865.3
1090760 870.1
1090770 872.2
1090780 872.2
1090790 876.3
1090800 880.9
1090810 880.9
1090820 884.9
1090830 887.0
1090840 887.0
1090850 889.1
1090860 891.7
1090870 894.5
1090880 894.5
1090890 897.8
1090900 901.1
1090910 901.1
1090920 904.2
1090930 906.2
1090940 906.2
1090950 912.8
1090960 918.5
1090970 918.5
1090980 923.5
1090990 930.5
1091000 931.4
1091010 937.7
1091020 942.2
1091030 942.2
1091040 947.0
1091050 951.9
1091060 951.9
1091070 956.0
1091080 959.2
1091090 959.2
1091100 961.8
1091110 964.4
1091120 964.4
1091130 966.6
1091140 968.9
1091150 968.9
1091160 971.7
1091170 974.8
1091180 974.8
1091190 977.6
1091200 979.3
1091210 981.1
1091220 981.1
1091230 982.8
1091240 984.6
1091250 984.6
1091260 986.3
1091270 988.5
1091280 988.5
1091290 990.9
1091300 993.4
1091310 993.4
1091320 997.4
1091330 1002.7
1091340 1002.7
1091350 1004.5
1091360 1006.9
1091370 1006.9
1091380 1009.5
1091390 1011.4
1091400 1011.4
1091410 1017.2
1091420 1025.1
1091430 1025.1
1091440 1031.6
1091450 1037.7
1091460 1037.7
1091470 1045.5
1091480 1053.1
1091490 1053.1
1091500 1058.8
1091510 1063.2
1091520 1066.0
1091530 1066.0
1091540 1066.4
1091550 1066.7
1091560 1066.7
1091570 1068.9
1091580 1071.5
1091590 1071.5
1091600 1074.5
1091610 1076.6
1091620 1076.6
1091630 1078.9
1091640 1083.2
1091650 1083.9
1091660 1088.9
1091670 1093.3
1091680 1093.3
1091690 1097.3
1091700 1100.8
1091710 1100.8
1091720 1104.1
1091730 1105.9
1091740 1105.9
1091750 1107.7
1091760 1110.3
1091770 1110.3
1091780 1113.2
1091790 1116.0
1091800 1116.0
1091810 1118.3
1091820 1121.1
1091830 1124.6
1091840 1124.6
1091850 1127.6
1091860 1133.3
1091870 1133.3
1091880 1140.3
1091890 1144.8
1091900 1144.8
1091910 1149.6
1091920 1153.6
1091930 1153.6
1091940 1157.5
1091950 1161.5
1091960 1161.5
1091970 1166.1
1091980 1168.9
1091990 1168.9
1092000 1172.4
1092010 1175.9
1092020 1175.9
1092030 1178.9
1092040 1181.3
1092050 1181.3
1092060 1182.2
1092070 1182.4
1092080 1182.4
1092090 1182.7
1092100 1185.4
1092110 1185.4
1092120 1187.8
1092130 1189.4
1092140 1191.1
1092150 1191.1
1092160 1193.0
1092170 1196.1
1092180 1196.1
1092190 1197.6
1092200 1197.5
1092210 1197.5
1092220 1198.5
1092230 1200.1
1092240 1200.1
1092250 1204.3
1092260 1208.1
1092270 1208.1
1092280 1209.4
1092290 1209.4
1092300 1205.3
1092310 1205.4
1092320 1205.1
1092330 1205.1
1092340 1206.9
1092350 1208.8
1092360 1208.8
1092370 1209.2
1092380 1209.2
1092390 1209.2
1092400 1209.2
1092410 1210.0
1092420 1210.0
1092430 1212.4
1092440 1216.2
1092450 1220.0
1092460 1220.0
1092470 1223.4
1092480 1225.3
1092490 1225.3
1092500 1225.7
1092510 1226.5
1092520 1226.5
1092530 1227.1
1092540 1228.1
1092550 1228.1
1092560 1230.1
1092570 1227.9
1092580 1227.9
1092590 1222.3
1092600 1219.9
1092610 1219.9
1092620 1219.3
1092630 1213.1
1092640 1213.1
1092650 1216.1
1092660 1219.7
1092670 1219.7
1092680 1220.4
1092690 1220.5
1092700 1220.5
1092710 1220.7
1092720 1221.3
1092730 1221.3
1092740 1223.5
1092750 1225.7
1092760 1229.8
1092770 1229.8
1092780 1232.6
1092790 1234.0
1092800 1234.0
1092810 1236.0
1092820 1237.7
1092830 1237.7
1092840 1240.0
1092850 1242.0
1092860 1242.0
1092870 1244.0
1092880 1245.5
1092890 1245.5
1092900 1248.2
1092910 1252.6
1092920 1252.6
1092930 1256.6
1092940 1255.8
1092950 1250.7
1092960 1249.3
1092970 1245.7
1092980 1245.7
1092990 1243.0
1093000 1246.0
1093010 1246.0
1093020 1252.4
1093030 1258.8
1093040 1258.8
1093050 1263.3
1093060 1266.0
1093070 1268.0
1093080 1268.0
1093090 1270.7
1093100 1273.1
1093110 1273.1
1093120 1278.6
1093130 1284.3
1093140 1284.3
1093150 1288.6
1093160 1290.7
1093170 1290.7
1093180 1291.3
1093190 1290.1
1093200 1290.1
1093210 1289.3
1093220 1289.6
1093230 1289.6
1093240 1291.0
1093250 1291.6
1093260 1291.6
1093270 1291.0
1093280 1286.8
1093290 1286.8
1093300 1288.9
1093310 1290.1
1093320 1290.1
1093330 1290.1
1093340 1289.7
1093350 1289.7
1093360 1288.8
1093370 1289.1
1093380 1289.6
1093390 1289.6
1093400 1288.0
1093410 1284.2
1093420 1284.2
1093430 1281.2
1093440 1279.6
1093450 1279.6
1093460 1279.7
1093470 1279.4
1093480 1279.4
1093490 1280.0
1093500 1279.6
1093510 1279.6
1093520 1280.2
1093530 1281.8
1093540 1281.8
1093550 1284.0
1093560 1286.4
1093570 1286.4
1093580 1290.1
1093590 1294.3
1093600 1294.3
1093610 1301.0
1093620 1303.7
1093630 1303.7
1093640 1306.5
1093650 1308.5
1093660 1308.5
1093670 1311.1
1093680 1312.7
1093690 1315.4
1093700 1315.4
1093710 1317.2
1093720 1318.3
1093730 1318.3
1093740 1319.3
1093750 1320.5
1093760 1320.5
1093770 1321.8
1093780 1323.0
1093790 1323.0
1093800 1323.9
1093810 1324.6
1093820 1324.6
1093830 1324.7
1093840 1324.5
1093850 1324.5
1093860 1324.1
1093870 1323.6
1093880 1323.6
1093890 1322.8
1093900 1323.0
1093910 1323.0
1093920 1323.6
1093930 1323.1
1093940 1323.1
1093950 1322.3
1093960 1321.4
1093970 1321.4
1093980 1320.3
1093990 1319.5
1094000 1319.2
1094010 1319.2
1094020 1318.5
1094030 1317.8
1094040 1317.8
1094050 1317.1
1094060 1315.9
1094070 1315.9
1094080 1313.3
1094090 1310.3
1094100 1310.3
1094110 1308.5
1094120 1307.2
1094130 1307.2
1094140 1304.4
1094150 1301.4
1094160 1301.4
1094170 1299.9
1094180 1300.3
1094190 1300.3
1094200 1299.9
1094210 1298.2
1094220 1298.2
1094230 1297.5
1094240 1296.8
1094250 1296.8
1094260 1295.8
1094270 1294.7
1094280 1294.7
1094290 1293.0
1094300 1291.2
1094310 1291.2
1094320 1289.2
1094330 1287.9
1094340 1285.0
1094350 1285.0
1094360 1281.8
1094370 1279.3
1094380 1279.3
1094390 1276.6
1094400 1275.5
1094410 1275.5
1094420 1275.1
1094430 1274.4
1094440 1274.4
1094450 1273.5
1094460 1272.3
1094470 1272.3
1094480 1270.6
1094490 1268.6
1094500 1268.6
1094510 1266.3
1094520 1264.3
1094530 1264.3
1094540 1262.0
1094550 1259.6
1094560 1259.6
1094570 1258.2
1094580 1257.2
1094590 1255.9
1094600 1255.1
1094610 1252.8
1094620 1252.8
1094630 1252.3
1094640 1253.9
1094650 1253.9
1094660 1253.9
1094670 1253.3
1094680 1251.9
1094690 1251.9
1094700 1250.4
1094710 1250.8
1094720 1250.8
1094730 1251.9
1094740 1250.8
1094750 1250.8
1094760 1250.0
1094770 1248.7
1094780 1248.7
1094790 1247.5
1094800 1246.7
1094810 1246.7
1094820 1246.2
1094830 1245.5
1094840 1245.5
1094850 1244.0
1094860 1242.0
1094870 1242.0
1094880 1239.4
1094890 1237.8
1094900 1237.8
1094910 1235.7
1094920 1235.6
1094930 1235.6
1094940 1237.0
1094950 1235.9
1094960 1235.8
1094970 1235.8
1094980 1236.2
1094990 1236.7
1095000 1236.7
1095010 1237.0
1095020 1237.6
1095030 1237.6
1095040 1238.4
1095050 1239.1
1095060 1239.1
1095070 1239.9
1095080 1240.8
1095090 1240.8
1095100 1241.6
1095110 1241.4
1095120 1241.4
1095130 1240.6
1095140 1239.6
1095150 1239.6
1095160 1238.4
1095170 1236.1
1095180 1236.1
1095190 1233.5
1095200 1232.5
1095210 1232.5
1095220 1231.9
1095230 1231.9
1095240 1231.2
1095250 1230.8
1095260 1230.0
1095270 1228.9
1095280 1228.9
1095290 1227.2
1095300 1225.2
1095310 1225.2
1095320 1224.6
1095330 1225.0
1095340 1225.0
1095350 1225.7
1095360 1226.8
1095370 1226.8
1095380 1228.0
1095390 1228.9
1095400 1228.9
1095410 1229.8
1095420 1230.1
1095430 1230.1
1095440 1229.8
1095450 1230.3
1095460 1230.3
1095470 1231.2
1095480 1231.5
1095490 1231.5
1095500 1230.5
1095510 1228.2
1095520 1228.2
1095530 1225.2
1095540 1221.3
1095550 1221.3
1095560 1216.9
1095570 1210.0
1095580 1205.7
1095590 1205.7
1095600 1201.8
1095610 1197.5
1095620 1197.5
1095630 1184.9
1095640 1169.6
1095650 1169.6
1095660 1158.0
1095670 1134.7
1095680 1134.7
1095690 1118.8
1095700 1105.5
1095710 1105.5
1095720 1090.2
1095730 1074.8
1095740 1074.8
1095750 1064.0
1095760 1054.1
1095770 1054.1
1095780 1044.6
1095790 1039.5
1095800 1039.5
1095810 1035.8
1095820 1028.6
1095830 1028.6
1095840 1025.2
1095850 1024.1
1095860 1024.1
1095870 1025.1
1095880 1027.9
1095890 1028.0
1095900 1036.5
1095910 1033.2
1095920 1029.2
1095930 1029.2
1095940 1008.9
1095950 991.6
1095960 991.6
1095970 975.9
1095980 959.4
1095990 959.4
1096000 948.8
1096010 939.1
1096020 939.1
1096030 926.9
1096040 914.1
1096050 914.1
1096060 897.7
1096070 889.2
1096080 889.2
1096090 880.2
1096100 871.1
1096110 871.1
1096120 863.2
1096130 853.0
1096140 853.0
1096150 823.3
1096160 788.0
1096170 788.0
1096180 779.5
1096190 774.3
1096200 767.7
1096210 767.7
1096220 760.5
1096230 756.1
1096240 756.1
1096250 749.0
1096260 741.9
1096270 741.9
1096280 734.5
1096290 726.9
1096300 726.9
1096310 719.5
1096320 712.5
1096330 712.5
1096340 705.5
1096350 698.3
1096360 698.3
1096370 691.7
1096380 685.3
1096390 685.3
1096400 679.4
1096410 674.7
1096420 674.7
1096430 669.6
1096440 665.3
1096450 665.3
1096460 661.9
1096470 659.0
1096480 659.0
1096490 655.5
1096500 651.6
1096510 647.8
1096520 647.8
1096530 644.0
1096540 638.8
1096550 641.8
1096560 634.2
1096570 627.9
1096580 627.9
1096590 624.8
1096600 620.9
1096610 620.9
1096620 616.8
1096630 614.2
1096640 614.2
1096650 612.6
1096660 611.5
1096670 611.5
1096680 610.7
1096690 610.4
1096700 610.4
1096710 610.5
1096720 610.6
1096730 610.6
1096740 610.7
1096750 610.7
1096760 610.7
1096770 610.6
1096780 610.4
1096790 610.4
1096800 610.1
1096810 609.7
1096820 608.9
1096830 608.9
1096840 608.0
1096850 607.7
1096860 607.7
1096870 607.3
1096880 606.9
1096890 606.9
1096900 605.9
1096910 609.6
1096920 609.6
1096930 610.7
1096940 613.4
1096950 613.4
1096960 611.8
1096970 609.5
1096980 609.5
1096990 609.2
1097000 609.0
1097010 609.0
1097020 608.4
1097030 607.6
1097040 607.6
1097050 607.4
1097060 606.6
1097070 606.6
1097080 605.9
1097090 605.5
1097100 605.5
1097110 606.4
1097120 609.0
1097130 606.2
1097140 606.2
1097150 603.0
1097160 601.6
1097170 601.6
1097180 602.0
1097190 602.7
1097200 602.7
1097210 604.4
1097220 605.6
1097230 605.6
1097240 605.0
1097250 605.2
1097260 605.2
1097270 606.3
1097280 609.8
1097290 609.8
1097300 613.9
1097310 620.0
1097320 620.0
1097330 626.3
1097340 633.0
1097350 633.0
1097360 640.7
1097370 646.5
1097380 646.5
1097390 649.6
1097400 652.3
1097410 652.3
1097420 655.1
1097430 657.9
1097440 657.9
1097450 659.2
1097460 659.2
1097470 660.1
1097480 660.1
1097490 663.0
1097500 667.5
1097510 667.5
1097520 671.5
1097530 675.6
1097540 672.9
1097550 674.8
1097560 676.4
1097570 676.4
1097580 680.7
1097590 685.8
1097600 685.8
1097610 692.5
1097620 698.4
1097630 698.4
1097640 702.6
1097650 703.8
1097660 703.8
1097670 704.7
1097680 706.3
1097690 706.3
1097700 707.4
1097710 708.6
1097720 708.6
1097730 709.3
1097740 709.2
1097750 709.2
1097760 708.5
1097770 707.8
1097780 708.8
1097790 708.8
1097800 709.7
1097810 709.3
1097820 709.3
1097830 707.8
1097840 704.6
1097850 704.6
1097860 700.7
1097870 691.6
1097880 691.6
1097890 690.0
1097900 689.1
1097910 689.1
1097920 686.9
1097930 684.2
1097940 684.2
1097950 681.8
1097960 678.7
1097970 678.7
1097980 675.5
1097990 674.0
1098000 674.0
1098010 670.9
1098020 667.3
1098030 667.3
1098040 663.0
1098050 659.2
1098060 659.2
1098070 656.9
1098080 655.3
1098090 654.5
1098100 654.5
1098110 653.9
1098120 653.3
1098130 653.3
1098140 653.1
1098150 653.7
1098160 653.7
1098170 655.0
1098180 655.8
1098190 655.8
1098200 648.0
1098210 647.2
1098220 647.2
1098230 646.2
1098240 646.4
1098250 646.4
1098260 647.6
1098270 647.7
1098280 647.7
1098290 647.6
1098300 647.2
1098310 647.2
1098320 645.3
1098330 643.4
1098340 643.4
1098350 642.6
1098360 642.1
1098370 642.1
1098380 642.2
1098390 642.8
1098400 644.6
1098410 644.6
1098420 646.4
1098430 649.2
1098440 649.2
1098450 650.8
1098460 652.5
1098470 652.5
1098480 655.2
1098490 657.1
1098500 657.1
1098510 657.3
1098520 658.3
1098530 650.2
1098540 652.0
1098550 653.7
1098560 653.7
1098570 654.7
1098580 655.9
1098590 655.9
1098600 657.9
1098610 659.5
1098620 659.5
1098630 661.7
1098640 666.3
1098650 666.3
1098660 671.7
1098670 675.5
1098680 675.5
1098690 679.2
1098700 682.9
1098710 686.1
1098720 686.1
1098730 688.0
1098740 688.6
1098750 688.6
1098760 688.8
1098770 688.4
1098780 688.4
1098790 686.9
1098800 685.9
1098810 685.9
1098820 683.3
1098830 681.9
1098840 681.9
1098850 683.4
1098860 677.9
1098870 677.9
1098880 681.7
1098890 685.6
1098900 685.6
1098910 687.5
1098920 690.4
1098930 690.4
1098940 693.0
1098950 694.0
1098960 694.0
1098970 694.7
1098980 695.7
1098990 695.7
1099000 696.1
1099010 696.1
1099020 696.1
1099030 696.1
1099040 698.0
1099050 699.8
1099060 699.8
1099070 702.6
1099080 704.5
1099090 704.5
1099100 704.5
1099110 706.4
1099120 706.4
1099130 708.9
1099140 711.5
1099150 711.5
1099160 715.0
1099170 718.7
1099180 718.7
1099190 723.8
1099200 731.3
1099210 731.3
1099220 737.1
1099230 743.0
1099240 743.0
1099250 748.4
1099260 753.5
1099270 753.5
1099280 756.5
1099290 757.7
1099300 757.7
1099310 760.3
1099320 763.6
1099330 766.7
1099340 766.7
1099350 769.6
1099360 772.0
1099370 772.0
1099380 774.0
1099390 777.3
1099400 777.3
1099410 782.8
1099420 787.2
1099430 787.2
1099440 791.1
1099450 793.6
1099460 793.6
1099470 795.8
1099480 797.2
1099490 797.2
1099500 801.0
1099510 806.6
1099520 806.6
1099530 802.4
1099540 804.9
1099550 804.9
1099560 809.8
1099570 812.7
1099580 812.7
1099590 818.0
1099600 819.7
1099610 819.7
1099620 818.9
1099630 814.6
1099640 812.1
1099650 812.1
1099660 809.2
1099670 805.7
1099680 805.7
1099690 802.1
1099700 794.6
1099710 794.6
1099720 784.5
1099730 772.9
1099740 772.9
1099750 765.9
1099760 759.4
1099770 759.4
1099780 752.5
1099790 744.1
1099800 744.1
1099810 737.1
1099820 732.8
1099830 732.8
1099840 730.3
1099850 727.1
1099860 721.1
1099870 717.4
1099880 716.1
1099890 716.1
1099900 714.9
1099910 713.5
1099920 713.5
1099930 712.0
1099940 710.5
1099950 709.5
1099960 709.5
1099970 710.0
1099980 710.6
1099990 710.6
