1080000 412.4
1080010 412.6
1080020 412.6
1080030 412.7
1080040 412.7
1080050 412.7
1080060 412.4
1080070 412.3
1080080 412.3
1080090 412.2
1080100 412.1
1080110 412.1
1080120 412.1
1080130 412.2
1080140 412.2
1080150 412.3
1080160 412.3
1080170 412.3
1080180 412.3
1080190 412.4
1080200 412.5
1080210 412.5
1080220 412.8
1080230 413.0
1080240 413.0
1080250 413.1
1080260 413.2
1080270 413.2
1080280 413.2
1080290 413.2
1080300 413.2
1080310 413.3
1080320 413.4
1080330 413.4
1080340 413.4
1080350 413.4
1080360 413.4
1080370 413.4
1080380 413.4
1080390 413.4
1080400 413.5
1080410 413.3
1080420 413.3
1080430 413.3
1080440 413.3
1080450 413.3
1080460 413.3
1080470 413.2
1080480 413.2
1080490 413.2
1080500 413.2
1080510 413.3
1080520 413.3
1080530 413.5
1080540 413.5
1080550 413.5
1080560 413.6
1080570 413.7
1080580 413.7
1080590 413.8
1080600 413.9
1080610 413.9
1080620 414.0
1080630 414.1
1080640 414.1
1080650 414.2
1080660 414.2
1080670 414.2
1080680 414.2
1080690 414.1
1080700 414.1
1080710 414.2
1080720 414.3
1080730 414.3
1080740 414.4
1080750 414.4
1080760 414.4
1080770 414.5
1080780 414.6
1080790 414.6
1080800 414.6
1080810 414.7
1080820 414.7
1080830 414.7
1080840 414.6
1080850 414.6
1080860 414.6
1080870 414.6
1080880 414.6
1080890 414.6
1080900 414.6
1080910 414.7
1080920 414.7
1080930 414.7
1080940 414.7
1080950 414.7
1080960 414.8
1080970 414.7
1080980 414.7
1080990 414.6
1081000 414.6
1081010 414.6
1081020 414.6
1081030 414.6
1081040 414.6
1081050 414.7
1081060 414.7
1081070 414.7
1081080 414.6
1081090 414.6
1081100 414.7
1081110 414.7
1081120 414.8
1081130 414.9
1081140 414.9
1081150 414.9
1081160 415.0
1081170 415.0
1081180 414.9
1081190 415.0
1081200 415.0
1081210 415.1
1081220 415.2
1081230 415.2
1081240 415.2
1081250 415.4
1081260 415.4
1081270 415.5
1081280 415.7
1081290 415.7
1081300 415.7
1081310 415.7
1081320 415.7
1081330 415.8
1081340 415.8
1081350 415.8
1081360 415.8
1081370 415.9
1081380 415.9
1081390 416.0
1081400 416.1
1081410 416.2
1081420 416.2
1081430 416.3
1081440 416.5
1081450 416.5
1081460 416.8
1081470 416.8
1081480 416.8
1081490 416.9
1081500 417.1
1081510 417.1
1081520 417.1
1081530 416.9
1081540 416.9
1081550 416.7
1081560 416.6
1081570 416.6
1081580 416.7
1081590 416.9
1081600 416.9
1081610 417.0
1081620 417.0
1081630 417.0
1081640 417.1
1081650 417.3
1081660 417.3
1081670 417.3
1081680 417.5
1081690 417.5
1081700 417.5
1081710 417.6
1081720 417.6
1081730 417.8
1081740 418.0
1081750 418.0
1081760 418.0
1081770 418.1
1081780 418.3
1081790 418.3
1081800 418.7
1081810 418.7
1081820 418.7
1081830 418.6
1081840 418.7
1081850 418.7
1081860 418.8
1081870 418.8
1081880 419.1
1081890 419.4
1081900 419.5
1081910 419.5
1081920 419.4
1081930 419.5
1081940 419.5
1081950 419.6
1081960 419.9
1081970 419.9
1081980 420.7
1081990 421.1
1082000 421.1
1082010 421.1
1082020 421.4
1082030 421.4
1082040 421.6
1082050 421.7
1082060 421.7
1082070 421.7
1082080 421.7
1082090 421.8
1082100 421.8
1082110 421.8
1082120 421.8
1082130 421.8
1082140 421.8
1082150 421.9
1082160 421.9
1082170 422.2
1082180 422.0
1082190 422.0
1082200 421.9
1082210 421.7
1082220 421.7
1082230 421.6
1082240 421.7
1082250 421.7
1082260 421.9
1082270 422.0
1082280 422.0
1082290 422.1
1082300 422.4
1082310 422.4
1082320 422.4
1082330 422.4
1082340 422.4
1082350 422.4
1082360 422.7
1082370 422.8
1082380 422.8
1082390 422.9
1082400 423.2
1082410 423.2
1082420 423.4
1082430 424.1
1082440 424.1
1082450 424.1
1082460 423.9
1082470 423.9
1082480 423.8
1082490 423.7
1082500 423.7
1082510 423.3
1082520 423.5
1082530 423.5
1082540 423.7
1082550 423.8
1082560 423.8
1082570 423.5
1082580 423.3
1082590 423.3
1082600 423.4
1082610 423.6
1082620 423.6
1082630 423.9
1082640 424.4
1082650 424.4
1082660 424.7
1082670 425.0
1082680 425.5
1082690 425.5
1082700 426.1
1082710 425.9
1082720 425.9
1082730 425.3
1082740 425.9
1082750 425.9
1082760 425.3
1082770 425.3
1082780 425.3
1082790 425.6
1082800 426.4
1082810 426.4
1082820 426.6
1082830 426.7
1082840 426.7
1082850 426.7
1082860 426.7
1082870 426.7
1082880 426.7
1082890 426.5
1082900 426.5
1082910 426.6
1082920 426.9
1082930 426.9
1082940 426.9
1082950 427.0
1082960 427.0
1082970 427.1
1082980 427.2
1082990 427.4
1083000 427.4
1083010 427.3
1083020 427.3
1083030 427.3
1083040 427.5
1083050 427.5
1083060 427.5
1083070 427.6
1083080 427.7
1083090 427.7
1083100 428.0
1083110 428.3
1083120 428.3
1083130 428.5
1083140 428.6
1083150 428.9
1083160 429.2
1083170 429.4
1083180 429.4
1083190 429.8
1083200 429.9
1083210 429.9
1083220 430.2
1083230 430.7
1083240 430.7
1083250 430.8
1083260 430.9
1083270 430.9
1083280 430.9
1083290 430.9
1083300 430.9
1083310 430.9
1083320 430.8
1083330 430.2
1083340 430.2
1083350 430.1
1083360 430.1
1083370 430.1
1083380 430.4
1083390 430.2
1083400 430.2
1083410 430.2
1083420 430.2
1083430 430.2
1083440 430.3
1083450 430.5
1083460 430.5
1083470 430.9
1083480 431.1
1083490 431.1
1083500 431.1
1083510 431.2
1083520 431.2
1083530 431.3
1083540 431.4
1083550 431.4
1083560 431.5
1083570 431.6
1083580 431.6
1083590 431.5
1083600 431.6
1083610 431.6
1083620 432.5
1083630 432.8
1083640 432.8
1083650 432.8
1083660 432.9
1083670 433.2
1083680 433.2
1083690 433.6
1083700 434.1
1083710 434.1
1083720 434.5
1083730 434.9
1083740 434.9
1083750 435.3
1083760 435.7
1083770 435.7
1083780 436.3
1083790 436.8
1083800 436.8
1083810 437.1
1083820 437.2
1083830 437.2
1083840 437.8
1083850 438.0
1083860 438.0
1083870 438.4
1083880 438.4
1083890 438.4
1083900 438.2
1083910 438.0
1083920 438.0
1083930 437.7
1083940 437.3
1083950 437.2
1083960 437.2
1083970 437.2
1083980 437.4
1083990 437.4
1084000 437.5
1084010 437.7
1084020 437.7
1084030 437.9
1084040 437.9
1084050 437.9
1084060 438.1
1084070 438.1
1084080 438.1
1084090 438.1
1084100 438.5
1084110 438.5
1084120 438.3
1084130 438.3
1084140 438.3
1084150 438.3
1084160 438.7
1084170 438.7
1084180 438.8
1084190 438.7
1084200 438.7
1084210 438.9
1084220 439.4
1084230 439.4
1084240 440.5
1084250 441.0
1084260 441.9
1084270 441.9
1084280 443.9
1084290 445.2
1084300 445.2
1084310 446.1
1084320 447.5
1084330 447.5
1084340 448.7
1084350 449.3
1084360 449.3
1084370 450.4
1084380 451.8
1084390 451.8
1084400 453.3
1084410 454.8
1084420 458.2
1084430 459.8
1084440 459.3
1084450 459.3
1084460 459.7
1084470 463.6
1084480 463.6
1084490 470.9
1084500 477.0
1084510 477.0
1084520 481.2
1084530 482.8
1084540 482.8
1084550 483.0
1084560 485.4
1084570 486.2
1084580 486.2
1084590 487.8
1084600 491.9
1084610 491.9
1084620 498.4
1084630 504.8
1084640 504.8
1084650 509.2
1084660 509.1
1084670 509.1
1084680 505.3
1084690 505.1
1084700 505.1
1084710 508.4
1084720 514.2
1084730 514.2
1084740 521.3
1084750 527.9
1084760 527.9
1084770 533.6
1084780 537.8
1084790 537.8
1084800 542.8
1084810 550.4
1084820 550.4
1084830 558.7
1084840 563.7
1084850 563.7
1084860 567.4
1084870 573.1
1084880 580.4
1084890 580.4
1084900 587.2
1084910 592.5
1084920 592.5
1084930 595.0
1084940 598.5
1084950 598.5
1084960 603.6
1084970 609.7
1084980 609.7
1084990 615.6
1085000 620.5
1085010 620.5
1085020 626.1
1085030 630.2
1085040 630.2
1085050 630.5
1085060 640.3
1085070 640.3
1085080 642.2
1085090 646.7
1085100 646.7
1085110 651.6
1085120 655.7
1085130 655.7
1085140 659.9
1085150 664.3
1085160 664.3
1085170 669.7
1085180 673.9
1085190 677.3
1085200 677.3
1085210 680.0
1085220 683.4
1085230 683.4
1085240 686.4
1085250 689.5
1085260 689.5
1085270 692.1
1085280 694.9
1085290 694.9
1085300 697.1
1085310 699.5
1085320 699.5
1085330 703.0
1085340 707.0
1085350 707.0
1085360 711.4
1085370 714.0
1085380 719.1
1085390 721.2
1085400 723.4
1085410 723.4
1085420 725.2
1085430 728.0
1085440 728.0
1085450 729.8
1085460 729.8
1085470 729.8
1085480 729.6
1085490 729.3
1085500 726.1
1085510 726.1
1085520 722.9
1085530 721.1
1085540 721.1
1085550 723.7
1085560 727.1
1085570 727.1
1085580 726.3
1085590 715.9
1085600 715.9
1085610 710.4
1085620 708.6
1085630 708.6
1085640 707.9
1085650 709.9
1085660 709.9
1085670 716.0
1085680 721.4
1085690 721.4
1085700 733.6
1085710 737.7
1085720 737.7
1085730 739.1
1085740 740.3
1085750 740.3
1085760 741.3
1085770 741.6
1085780 741.6
1085790 740.8
1085800 739.8
1085810 739.5
1085820 739.5
1085830 742.0
1085840 744.4
1085850 744.4
1085860 742.3
1085870 738.9
1085880 738.9
1085890 733.1
1085900 725.9
1085910 725.9
1085920 707.5
1085930 687.0
1085940 687.0
1085950 678.5
1085960 673.9
1085970 673.9
1085980 667.4
1085990 660.6
1086000 660.6
1086010 654.7
1086020 656.7
1086030 656.7
1086040 654.3
1086050 682.1
1086060 682.1
1086070 694.6
1086080 696.0
1086090 696.0
1086100 702.2
1086110 708.4
1086120 708.4
1086130 711.5
1086140 712.5
1086150 717.0
1086160 717.0
1086170 722.9
1086180 728.9
1086190 728.9
1086200 735.0
1086210 740.6
1086220 740.6
1086230 743.8
1086240 742.6
1086250 742.6
1086260 737.9
1086270 731.4
1086280 731.4
1086290 726.0
1086300 719.9
1086310 719.9
1086320 713.4
1086330 709.8
1086340 717.4
1086350 717.0
1086360 717.0
1086370 717.0
1086380 715.5
1086390 711.9
1086400 711.9
1086410 710.3
1086420 706.0
1086430 706.0
1086440 701.1
1086450 698.3
1086460 698.3
1086470 698.3
1086480 701.2
1086490 704.6
1086500 704.6
1086510 705.9
1086520 708.9
1086530 708.9
1086540 710.6
1086550 708.5
1086560 708.5
1086570 704.6
1086580 700.5
1086590 700.5
1086600 695.0
1086610 686.4
1086620 686.4
1086630 677.9
1086640 670.5
1086650 670.5
1086660 670.1
1086670 664.9
1086680 664.9
1086690 654.8
1086700 641.3
1086710 641.3
1086720 626.7
1086730 616.9
1086740 616.9
1086750 615.7
1086760 614.1
1086770 612.1
1086780 612.1
1086790 610.9
1086800 612.7
1086810 612.7
1086820 613.5
1086830 613.3
1086840 613.3
1086850 608.8
1086860 600.6
1086870 600.6
1086880 603.8
1086890 603.4
1086900 603.4
1086910 604.1
1086920 604.1
1086930 604.1
1086940 607.2
1086950 610.1
1086960 610.1
1086970 613.3
1086980 623.3
1086990 623.3
1087000 628.3
1087010 630.9
1087020 630.9
1087030 628.7
1087040 625.8
1087050 625.8
1087060 624.0
1087070 622.7
1087080 621.1
1087090 621.1
1087100 618.2
1087110 617.2
1087120 617.2
1087130 616.2
1087140 613.4
1087150 613.4
1087160 609.7
1087170 606.1
1087180 606.1
1087190 601.7
1087200 599.2
1087210 599.2
1087220 594.1
1087230 589.1
1087240 589.1
1087250 583.3
1087260 574.9
1087270 574.9
1087280 576.0
1087290 581.0
1087300 585.7
1087310 588.6
1087320 592.4
1087330 592.4
1087340 592.4
1087350 592.9
1087360 592.9
1087370 594.2
1087380 594.5
1087390 591.3
1087400 591.3
1087410 589.1
1087420 587.9
1087430 587.9
1087440 586.5
1087450 585.2
1087460 585.2
1087470 583.2
1087480 582.3
1087490 582.3
1087500 582.6
1087510 584.7
1087520 584.7
1087530 586.3
1087540 588.7
1087550 588.7
1087560 589.1
1087570 585.9
1087580 585.9
1087590 581.3
1087600 576.7
1087610 576.7
1087620 578.3
1087630 575.1
1087640 575.1
1087650 575.0
1087660 577.9
1087670 577.9
1087680 579.6
1087690 581.7
1087700 582.7
1087710 582.7
1087720 584.8
1087730 585.9
1087740 585.9
1087750 584.7
1087760 582.5
1087770 582.5
1087780 581.4
1087790 580.3
1087800 580.3
1087810 579.6
1087820 578.9
1087830 578.9
1087840 576.9
1087850 575.1
1087860 575.1
1087870 572.6
1087880 571.3
1087890 571.3
1087900 572.1
1087910 573.8
1087920 573.8
1087930 573.8
1087940 578.7
1087950 578.7
1087960 577.4
1087970 575.2
1087980 575.2
1087990 576.2
1088000 576.1
1088010 573.1
1088020 573.1
1088030 571.8
1088040 571.2
1088050 571.2
1088060 567.9
1088070 562.2
1088080 562.2
1088090 559.3
1088100 556.4
1088110 556.4
1088120 551.7
1088130 546.3
1088140 546.3
1088150 539.1
1088160 532.6
1088170 532.6
1088180 527.6
1088190 526.3
1088200 526.3
1088210 522.8
1088220 516.8
1088230 516.8
1088240 511.3
1088250 508.1
1088260 508.1
1088270 506.2
1088280 503.2
1088290 503.2
1088300 501.4
1088310 503.6
1088320 503.6
1088330 504.8
1088340 505.2
1088350 505.5
1088360 505.5
1088370 505.8
1088380 506.0
1088390 506.0
1088400 506.6
1088410 507.7
1088420 507.7
1088430 508.4
1088440 510.0
1088450 510.0
1088460 512.7
1088470 515.6
1088480 515.6
1088490 519.8
1088500 523.4
1088510 523.4
1088520 526.3
1088530 530.0
1088540 530.0
1088550 535.1
1088560 539.0
1088570 539.0
1088580 543.7
1088590 546.0
1088600 546.0
1088610 549.0
1088620 550.8
1088630 550.8
1088640 553.4
1088650 556.2
1088660 558.8
1088670 558.8
1088680 561.8
1088690 565.2
1088700 565.2
1088710 566.6
1088720 565.1
1088730 565.1
1088740 564.8
1088750 565.2
1088760 565.2
1088770 567.4
1088780 569.6
1088790 569.6
1088800 571.4
1088810 573.7
1088820 573.7
1088830 575.9
1088840 578.7
1088850 578.7
1088860 579.3
1088870 580.5
1088880 580.5
1088890 582.6
1088900 585.1
1088910 582.9
1088920 584.9
1088930 586.6
1088940 586.6
1088950 588.0
1088960 592.2
1088970 596.3
1088980 596.3
1088990 603.1
1089000 608.1
1089010 608.1
1089020 608.9
1089030 608.8
1089040 608.8
1089050 608.1
1089060 605.0
1089070 605.0
1089080 609.5
1089090 610.9
1089100 610.9
1089110 612.3
1089120 612.8
1089130 612.8
1089140 613.8
1089150 613.7
1089160 613.7
1089170 611.6
1089180 608.4
1089190 608.4
1089200 608.4
1089210 611.9
1089220 611.9
1089230 621.6
1089240 623.5
1089250 623.5
1089260 625.8
1089270 629.0
1089280 633.1
1089290 633.1
1089300 637.5
1089310 642.3
1089320 642.3
1089330 646.9
1089340 650.7
1089350 650.7
1089360 653.6
1089370 656.6
1089380 656.6
1089390 659.1
1089400 659.7
1089410 659.7
1089420 661.5
1089430 664.2
1089440 664.2
1089450 666.7
1089460 668.3
1089470 668.3
1089480 668.9
1089490 669.0
1089500 669.0
1089510 671.1
1089520 674.5
1089530 674.5
1089540 677.0
1089550 678.2
1089560 678.2
1089570 678.1
1089580 678.0
1089590 678.2
1089600 678.2
1089610 678.2
1089620 678.8
1089630 678.8
1089640 679.0
1089650 679.2
1089660 679.2
1089670 680.4
1089680 682.2
1089690 682.2
1089700 684.8
1089710 687.0
1089720 687.0
1089730 689.0
1089740 690.6
1089750 690.6
1089760 691.7
1089770 693.3
1089780 693.3
1089790 694.7
1089800 696.1
1089810 696.1
1089820 697.5
1089830 698.9
1089840 698.9
1089850 700.9
1089860 702.5
1089870 702.5
1089880 703.7
1089890 706.7
1089900 708.9
1089910 708.9
1089920 710.6
1089930 711.7
1089940 711.7
1089950 713.5
1089960 715.2
1089970 715.2
1089980 717.1
1089990 720.1
1090000 720.1
1090010 722.4
1090020 724.8
1090030 724.8
1090040 726.8
1090050 728.7
1090060 728.7
1090070 731.6
1090080 734.8
1090090 734.8
1090100 737.9
1090110 740.9
1090120 740.9
1090130 743.2
1090140 744.5
1090150 744.5
1090160 746.2
1090170 748.5
1090180 748.5
1090190 750.4
1090200 748.2
1090210 747.6
1090220 747.6
1090230 744.6
1090240 744.7
1090250 744.7
1090260 746.9
1090270 749.3
1090280 749.3
1090290 753.6
1090300 756.8
1090310 756.8
1090320 759.6
1090330 767.1
1090340 767.1
1090350 775.9
1090360 790.6
1090370 790.6
1090380 804.4
1090390 811.3
1090400 811.3
1090410 817.5
1090420 822.4
1090430 822.4
1090440 823.4
1090450 820.6
1090460 820.6
1090470 820.4
1090480 820.8
1090490 820.8
1090500 820.6
1090510 820.6
1090520 822.0
1090530 818.1
1090540 821.0
1090550 825.9
1090560 825.9
1090570 827.1
1090580 828.5
1090590 828.5
1090600 830.9
1090610 834.6
1090620 834.6
1090630 837.5
1090640 840.1
1090650 840.1
1090660 841.6
1090670 841.1
1090680 841.1
1090690 839.4
1090700 838.8
1090710 838.8
1090720 844.3
1090730 856.9
1090740 856.9
1090750 865.8
1090760 873.0
1090770 873.0
1090780 876.7
1090790 880.2
1090800 880.2
1090810 883.6
1090820 881.6
1090830 881.6
1090840 888.5
1090850 897.5
1090860 902.1
1090870 902.1
1090880 905.9
1090890 909.7
1090900 909.7
1090910 913.4
1090920 916.1
1090930 916.1
1090940 918.9
1090950 921.5
1090960 921.5
1090970 924.1
1090980 926.6
1090990 926.6
1091000 929.2
1091010 930.9
1091020 930.9
1091030 933.1
1091040 935.1
1091050 935.1
1091060 937.1
1091070 939.9
1091080 939.9
1091090 943.6
1091100 948.1
1091110 948.1
1091120 952.5
1091130 958.0
1091140 958.0
1091150 962.4
1091160 965.3
1091170 970.8
1091180 970.8
1091190 975.0
1091200 978.7
1091210 978.7
1091220 982.0
1091230 984.1
1091240 984.1
1091250 985.9
1091260 989.2
1091270 989.2
1091280 992.6
1091290 995.8
1091300 995.8
1091310 998.9
1091320 1002.1
1091330 1002.1
1091340 1005.1
1091350 1008.2
1091360 1008.2
1091370 1011.6
1091380 1014.4
1091390 1014.4
1091400 1017.5
1091410 1020.5
1091420 1020.5
1091430 1023.5
1091440 1026.9
1091450 1026.9
1091460 1030.8
1091470 1035.0
1091480 1039.0
1091490 1039.0
1091500 1043.2
1091510 1046.3
1091520 1046.3
1091530 1048.5
1091540 1051.7
1091550 1051.7
1091560 1055.5
1091570 1059.0
1091580 1059.0
1091590 1062.8
1091600 1066.7
1091610 1066.7
1091620 1070.4
1091630 1073.8
1091640 1073.8
1091650 1078.8
1091660 1084.3
1091670 1084.3
1091680 1089.3
1091690 1093.2
1091700 1093.2
1091710 1096.9
1091720 1100.5
1091730 1100.5
1091740 1103.6
1091750 1105.3
1091760 1105.3
1091770 1107.6
1091780 1110.1
1091790 1112.4
1091800 1112.4
1091810 1114.3
1091820 1118.0
1091830 1118.0
1091840 1120.2
1091850 1123.0
1091860 1123.0
1091870 1126.0
1091880 1128.9
1091890 1128.9
1091900 1132.7
1091910 1137.6
1091920 1137.6
1091930 1143.3
1091940 1149.8
1091950 1149.8
1091960 1156.0
1091970 1159.6
1091980 1159.6
1091990 1164.2
1092000 1168.0
1092010 1168.0
1092020 1170.5
1092030 1173.3
1092040 1173.3
1092050 1175.3
1092060 1177.7
1092070 1177.7
1092080 1179.1
1092090 1181.3
1092100 1184.1
1092110 1184.1
1092120 1186.8
1092130 1189.5
1092140 1189.5
1092150 1193.9
1092160 1197.0
1092170 1197.0
1092180 1200.2
1092190 1203.5
1092200 1203.5
1092210 1206.7
1092220 1209.9
1092230 1209.9
1092240 1212.5
1092250 1214.0
1092260 1214.0
1092270 1215.3
1092280 1217.7
1092290 1217.7
1092300 1221.2
1092310 1224.7
1092320 1224.7
1092330 1227.6
1092340 1230.5
1092350 1230.5
1092360 1233.0
1092370 1236.1
1092380 1236.1
1092390 1239.7
1092400 1244.6
1092410 1249.5
1092420 1249.5
1092430 1254.8
1092440 1259.0
1092450 1259.0
1092460 1262.6
1092470 1264.5
1092480 1264.5
1092490 1267.1
1092500 1270.0
1092510 1270.0
1092520 1270.2
1092530 1269.5
1092540 1269.5
1092550 1269.2
1092560 1268.5
1092570 1268.5
1092580 1267.5
1092590 1266.9
1092600 1266.9
1092610 1266.9
1092620 1268.3
1092630 1268.3
1092640 1271.0
1092650 1274.3
1092660 1274.3
1092670 1279.1
1092680 1284.8
1092690 1284.8
1092700 1291.5
1092710 1296.6
1092720 1300.8
1092730 1300.8
1092740 1304.1
1092750 1305.9
1092760 1305.9
1092770 1303.9
1092780 1301.1
1092790 1301.1
1092800 1291.6
1092810 1292.1
1092820 1292.1
1092830 1292.7
1092840 1293.5
1092850 1293.5
1092860 1293.3
1092870 1293.2
1092880 1293.2
1092890 1294.6
1092900 1298.1
1092910 1298.1
1092920 1302.8
1092930 1306.2
1092940 1306.2
1092950 1307.0
1092960 1308.8
1092970 1308.8
1092980 1312.8
1092990 1316.8
1093000 1316.8
1093010 1317.0
1093020 1316.3
1093030 1313.4
1093040 1313.4
1093050 1309.6
1093060 1309.2
1093070 1309.2
1093080 1307.2
1093090 1304.8
1093100 1304.8
1093110 1303.9
1093120 1302.6
1093130 1299.2
1093140 1297.7
1093150 1296.9
1093160 1296.9
1093170 1295.8
1093180 1294.2
1093190 1294.2
1093200 1293.8
1093210 1293.9
1093220 1293.9
1093230 1294.4
1093240 1294.2
1093250 1294.2
1093260 1293.0
1093270 1291.6
1093280 1291.6
1093290 1290.4
1093300 1289.8
1093310 1289.8
1093320 1289.3
1093330 1288.8
1093340 1288.2
1093350 1288.2
1093360 1287.3
1093370 1286.3
1093380 1286.3
1093390 1285.0
1093400 1283.4
1093410 1283.4
1093420 1280.7
1093430 1280.8
1093440 1280.8
1093450 1283.2
1093460 1282.4
1093470 1282.4
1093480 1281.1
1093490 1278.5
1093500 1278.5
1093510 1275.2
1093520 1273.1
1093530 1273.1
1093540 1274.0
1093550 1274.2
1093560 1274.2
1093570 1273.0
1093580 1271.6
1093590 1271.6
1093600 1270.9
1093610 1268.4
1093620 1268.4
1093630 1269.2
1093640 1269.6
1093650 1269.6
1093660 1269.4
1093670 1267.2
1093680 1268.1
1093690 1268.1
1093700 1268.0
1093710 1267.6
1093720 1267.6
1093730 1266.5
1093740 1267.5
1093750 1267.5
1093760 1268.5
1093770 1267.2
1093780 1270.5
1093790 1268.1
1093800 1270.3
1093810 1270.3
1093820 1270.2
1093830 1268.4
1093840 1268.4
1093850 1268.7
1093860 1270.2
1093870 1270.2
1093880 1273.4
1093890 1277.0
1093900 1277.0
1093910 1278.2
1093920 1278.4
1093930 1278.4
1093940 1278.9
1093950 1279.9
1093960 1279.9
1093970 1281.6
1093980 1283.0
1093990 1284.5
1094000 1284.5
1094010 1286.2
1094020 1287.3
1094030 1287.3
1094040 1288.6
1094050 1289.6
1094060 1289.6
1094070 1290.7
1094080 1292.0
1094090 1292.0
1094100 1293.0
1094110 1296.4
1094120 1296.4
1094130 1296.8
1094140 1296.7
1094150 1296.7
1094160 1296.1
1094170 1295.5
1094180 1295.5
1094190 1295.3
1094200 1295.0
1094210 1295.0
1094220 1294.7
1094230 1294.3
1094240 1294.3
1094250 1293.4
1094260 1291.5
1094270 1291.5
1094280 1289.1
1094290 1286.9
1094300 1285.9
1094310 1285.9
1094320 1284.9
1094330 1284.9
1094340 1284.9
1094350 1286.5
1094360 1286.4
1094370 1286.4
1094380 1285.1
1094390 1284.5
1094400 1284.5
1094410 1283.1
1094420 1281.3
1094430 1281.9
1094440 1280.6
1094450 1278.4
1094460 1278.4
1094470 1275.2
1094480 1272.4
1094490 1272.4
1094500 1270.9
1094510 1269.2
1094520 1269.2
1094530 1267.6
1094540 1265.8
1094550 1265.8
1094560 1264.5
1094570 1263.6
1094580 1263.6
1094590 1262.7
1094600 1262.0
1094610 1263.0
1094620 1263.0
1094630 1263.8
1094640 1263.2
1094650 1263.2
1094660 1263.6
1094670 1265.0
1094680 1265.0
1094690 1266.7
1094700 1268.8
1094710 1268.8
1094720 1270.3
1094730 1270.1
1094740 1270.1
1094750 1269.8
1094760 1268.3
1094770 1268.3
1094780 1265.8
1094790 1263.4
1094800 1263.4
1094810 1262.5
1094820 1262.3
1094830 1262.3
1094840 1262.2
1094850 1262.3
1094860 1262.3
1094870 1263.1
1094880 1263.6
1094890 1263.6
1094900 1263.2
1094910 1261.2
1094920 1260.5
1094930 1260.5
1094940 1259.7
1094950 1259.3
1094960 1259.3
1094970 1261.1
1094980 1262.6
1094990 1262.6
1095000 1263.1
1095010 1263.4
1095020 1263.4
1095030 1263.2
1095040 1262.4
1095050 1262.4
1095060 1261.1
1095070 1259.9
1095080 1259.9
1095090 1258.7
1095100 1257.6
1095110 1257.6
1095120 1256.2
1095130 1255.2
1095140 1255.2
1095150 1253.7
1095160 1251.6
1095170 1251.6
1095180 1249.8
1095190 1248.4
1095200 1248.4
1095210 1246.2
1095220 1244.1
1095230 1243.9
1095240 1243.9
1095250 1245.2
1095260 1246.7
1095270 1246.7
1095280 1247.7
1095290 1248.0
1095300 1248.0
1095310 1248.2
1095320 1247.7
1095330 1247.7
1095340 1245.6
1095350 1242.4
1095360 1242.4
1095370 1238.9
1095380 1235.8
1095390 1235.8
1095400 1232.6
1095410 1231.9
1095420 1231.9
1095430 1229.9
1095440 1227.9
1095450 1227.9
1095460 1224.5
1095470 1221.8
1095480 1221.8
1095490 1220.4
1095500 1219.3
1095510 1219.3
1095520 1213.1
1095530 1200.4
1095540 1189.4
1095550 1189.4
1095560 1176.0
1095570 1162.7
1095580 1162.7
1095590 1151.2
1095600 1138.5
1095610 1138.5
1095620 1127.7
1095630 1113.7
1095640 1113.7
1095650 1094.9
1095660 1073.2
1095670 1073.2
1095680 1053.9
1095690 1047.2
1095700 1047.2
1095710 1039.1
1095720 1030.0
1095730 1030.0
1095740 1009.4
1095750 1001.0
1095760 1001.0
1095770 993.0
1095780 983.3
1095790 983.3
1095800 973.9
1095810 962.1
1095820 962.1
1095830 947.1
1095840 932.5
1095850 924.9
1095860 924.9
1095870 917.3
1095880 909.7
1095890 909.7
1095900 903.4
1095910 897.6
1095920 897.6
1095930 890.9
1095940 882.9
1095950 882.9
1095960 877.7
1095970 871.9
1095980 871.9
1095990 859.7
1096000 847.9
1096010 847.9
1096020 829.6
1096030 789.2
1096040 789.2
1096050 765.7
1096060 756.6
1096070 757.4
1096080 748.4
1096090 734.8
1096100 734.8
1096110 727.4
1096120 725.8
1096130 725.8
1096140 726.3
1096150 726.7
1096160 726.7
1096170 723.7
1096180 718.2
1096190 712.0
1096200 712.0
1096210 705.8
1096220 699.4
1096230 699.4
1096240 692.9
1096250 686.1
1096260 686.1
1096270 680.0
1096280 674.4
1096290 674.4
1096300 669.1
1096310 663.9
1096320 663.9
1096330 658.6
1096340 652.8
1096350 652.8
1096360 644.7
1096370 636.6
1096380 636.6
1096390 629.0
1096400 625.8
1096410 625.8
1096420 619.2
1096430 615.4
1096440 615.4
1096450 613.0
1096460 610.2
1096470 610.2
1096480 607.8
1096490 604.2
1096500 601.1
1096510 601.1
1096520 599.3
1096530 598.8
1096540 598.8
1096550 599.0
1096560 599.1
1096570 599.1
1096580 599.1
1096590 599.0
1096600 599.0
1096610 598.8
1096620 598.8
1096630 598.8
1096640 599.3
1096650 602.5
1096660 602.5
1096670 606.4
1096680 609.0
1096690 609.0
1096700 611.0
1096710 613.0
1096720 613.0
1096730 609.3
1096740 610.9
1096750 610.9
1096760 612.8
1096770 614.8
1096780 614.8
1096790 616.4
1096800 617.9
1096810 619.5
1096820 619.5
1096830 620.2
1096840 620.2
1096850 620.2
1096860 620.8
1096870 624.8
1096880 624.8
1096890 629.8
1096900 633.8
1096910 633.8
1096920 638.7
1096930 644.5
1096940 644.5
1096950 650.2
1096960 654.9
1096970 654.9
1096980 660.2
1096990 665.3
1097000 665.3
1097010 669.5
1097020 671.3
1097030 671.3
1097040 672.4
1097050 673.6
1097060 667.7
1097070 668.8
1097080 669.6
1097090 669.6
1097100 671.4
1097110 673.2
1097120 674.8
1097130 674.8
1097140 676.1
1097150 678.0
1097160 678.0
1097170 680.6
1097180 684.2
1097190 684.2
1097200 688.3
1097210 693.2
1097220 693.2
1097230 698.2
1097240 702.9
1097250 702.9
1097260 707.0
1097270 713.4
1097280 713.4
1097290 721.3
1097300 730.8
1097310 730.8
1097320 736.7
1097330 738.5
1097340 738.5
1097350 741.3
1097360 744.2
1097370 744.2
1097380 746.5
1097390 740.6
1097400 740.6
1097410 743.7
1097420 747.5
1097430 750.9
1097440 750.9
1097450 753.1
1097460 756.2
1097470 756.2
1097480 761.7
1097490 764.0
1097500 764.0
1097510 769.0
1097520 774.3
1097530 774.3
1097540 777.3
1097550 780.2
1097560 780.2
1097570 784.8
1097580 789.6
1097590 789.6
1097600 790.3
1097610 789.6
1097620 789.6
1097630 788.7
1097640 788.2
1097650 788.2
1097660 789.8
1097670 793.7
1097680 793.7
1097690 794.2
1097700 793.6
1097710 793.6
1097720 786.7
1097730 784.7
1097740 783.9
1097750 783.9
1097760 785.7
1097770 785.3
1097780 785.3
1097790 782.8
1097800 782.4
1097810 782.4
1097820 783.4
1097830 784.6
1097840 784.6
1097850 785.7
1097860 786.3
1097870 786.3
1097880 786.3
1097890 786.1
1097900 786.1
1097910 787.6
1097920 789.5
1097930 789.5
1097940 791.1
1097950 794.8
1097960 794.8
1097970 801.6
1097980 811.8
1097990 811.8
1098000 812.1
1098010 812.4
1098020 812.4
1098030 812.2
1098040 812.2
1098050 803.6
1098060 803.6
1098070 804.4
1098080 806.2
1098090 806.2
1098100 807.3
1098110 803.5
1098120 803.5
1098130 794.6
1098140 790.9
1098150 790.9
1098160 790.4
1098170 787.9
1098180 787.9
1098190 781.3
1098200 776.1
1098210 776.1
1098220 772.2
1098230 768.9
1098240 768.9
1098250 766.8
1098260 763.9
1098270 763.9
1098280 761.8
1098290 762.2
1098300 762.2
1098310 762.4
1098320 761.8
1098330 761.8
1098340 761.1
1098350 760.8
1098360 760.5
1098370 760.5
1098380 753.3
1098390 753.8
1098400 753.8
1098410 755.4
1098420 756.6
1098430 756.6
1098440 757.0
1098450 757.0
1098460 757.0
1098470 757.4
1098480 758.1
1098490 758.1
1098500 759.4
1098510 761.2
1098520 761.2
1098530 762.1
1098540 763.3
1098550 763.3
1098560 764.8
1098570 766.2
1098580 766.2
1098590 767.5
1098600 769.9
1098610 769.9
1098620 772.1
1098630 773.2
1098640 773.2
1098650 773.3
1098660 774.2
1098670 776.5
1098680 776.5
1098690 778.2
1098700 776.7
1098710 770.1
1098720 770.1
1098730 772.8
1098740 772.8
1098750 773.9
1098760 775.9
1098770 775.9
1098780 777.0
1098790 776.5
1098800 776.5
1098810 776.3
1098820 776.4
1098830 776.4
1098840 779.5
1098850 784.0
1098860 784.0
1098870 784.5
1098880 782.6
1098890 782.6
1098900 778.9
1098910 777.0
1098920 777.0
1098930 777.7
1098940 780.4
1098950 780.4
1098960 782.4
1098970 784.5
1098980 784.5
1098990 786.7
1099000 789.0
1099010 790.7
1099020 790.7
1099030 792.5
1099040 787.7
1099050 787.7
1099060 788.5
1099070 790.2
1099080 790.2
1099090 793.3
1099100 796.5
1099110 796.5
1099120 802.1
1099130 812.4
1099140 812.4
1099150 818.0
1099160 819.6
1099170 819.6
1099180 820.9
1099190 822.2
1099200 822.2
1099210 823.4
1099220 824.4
1099230 824.4
1099240 825.3
1099250 826.4
1099260 826.4
1099270 827.5
1099280 828.8
1099290 828.8
1099300 829.9
1099310 830.4
1099320 831.2
1099330 831.2
1099340 831.2
1099350 829.9
1099360 829.9
1099370 827.5
1099380 830.7
1099390 830.7
1099400 831.8
1099410 831.7
1099420 831.7
1099430 831.4
1099440 831.3
1099450 831.3
1099460 831.1
1099470 831.0
1099480 831.0
1099490 831.6
1099500 833.1
1099510 833.1
1099520 833.6
1099530 834.2
1099540 834.2
1099550 832.9
1099560 827.7
1099570 827.7
1099580 822.5
1099590 818.7
1099600 818.7
1099610 815.5
1099620 812.9
1099630 810.7
1099640 810.7
1099650 809.7
1099660 808.6
1099670 808.6
1099680 807.6
1099690 806.5
1099700 803.5
1099710 802.4
1099720 801.8
1099730 801.8
1099740 800.7
1099750 797.9
1099760 797.9
1099770 797.8
1099780 798.6
1099790 798.6
1099800 799.2
1099810 799.6
1099820 799.6
1099830 800.3
1099840 799.8
1099850 799.8
1099860 798.6
1099870 796.1
1099880 796.1
1099890 790.5
1099900 788.7
1099910 788.7
1099920 789.7
1099930 790.9
1099940 791.5
1099950 791.5
1099960 791.5
1099970 791.7
1099980 791.7
1099990 791.8
