1080000 413.5
1080010 413.7
1080020 413.7
1080030 413.8
1080040 414.0
1080050 414.0
1080060 414.0
1080070 414.0
1080080 414.0
1080090 414.1
1080100 414.3
1080110 414.3
1080120 414.4
1080130 414.5
1080140 414.5
1080150 414.5
1080160 414.4
1080170 414.4
1080180 414.5
1080190 414.7
1080200 414.7
1080210 414.8
1080220 414.7
1080230 414.7
1080240 414.6
1080250 414.6
1080260 414.7
1080270 414.7
1080280 414.8
1080290 414.9
1080300 414.9
1080310 415.1
1080320 415.3
1080330 415.2
1080340 415.3
1080350 415.1
1080360 415.1
1080370 415.2
1080380 415.5
1080390 415.5
1080400 415.6
1080410 415.7
1080420 415.7
1080430 415.7
1080440 416.2
1080450 416.2
1080460 416.5
1080470 416.1
1080480 416.1
1080490 416.1
1080500 416.0
1080510 416.0
1080520 416.0
1080530 416.1
1080540 416.1
1080550 416.2
1080560 416.3
1080570 416.4
1080580 416.4
1080590 416.5
1080600 416.8
1080610 416.8
1080620 416.9
1080630 416.9
1080640 416.9
1080650 416.9
1080660 416.9
1080670 416.9
1080680 416.7
1080690 416.8
1080700 416.8
1080710 416.9
1080720 416.9
1080730 416.9
1080740 416.8
1080750 416.7
1080760 416.7
1080770 416.6
1080780 416.7
1080790 416.7
1080800 416.7
1080810 416.8
1080820 416.8
1080830 416.9
1080840 416.9
1080850 416.9
1080860 417.0
1080870 417.2
1080880 417.4
1080890 417.4
1080900 417.5
1080910 417.4
1080920 417.4
1080930 417.5
1080940 417.5
1080950 417.5
1080960 417.5
1080970 417.6
1080980 417.6
1080990 417.6
1081000 417.7
1081010 417.7
1081020 417.8
1081030 418.0
1081040 418.0
1081050 418.1
1081060 418.2
1081070 418.2
1081080 418.4
1081090 418.5
1081100 418.5
1081110 418.6
1081120 418.6
1081130 418.6
1081140 418.6
1081150 418.4
1081160 418.4
1081170 418.2
1081180 418.2
1081190 418.2
1081200 418.2
1081210 418.3
1081220 418.4
1081230 418.4
1081240 418.6
1081250 418.5
1081260 418.5
1081270 418.5
1081280 418.5
1081290 418.5
1081300 418.7
1081310 418.7
1081320 418.7
1081330 418.4
1081340 418.3
1081350 418.3
1081360 418.4
1081370 418.6
1081380 418.6
1081390 418.7
1081400 418.8
1081410 418.8
1081420 418.8
1081430 418.8
1081440 418.8
1081450 418.8
1081460 419.0
1081470 419.0
1081480 419.1
1081490 419.2
1081500 419.2
1081510 419.4
1081520 419.6
1081530 419.8
1081540 419.8
1081550 420.1
1081560 420.3
1081570 420.3
1081580 420.3
1081590 420.3
1081600 420.3
1081610 420.3
1081620 420.4
1081630 420.4
1081640 420.5
1081650 420.6
1081660 420.6
1081670 420.6
1081680 420.5
1081690 420.5
1081700 420.4
1081710 420.5
1081720 420.5
1081730 420.6
1081740 420.7
1081750 420.7
1081760 420.9
1081770 421.0
1081780 421.0
1081790 421.2
1081800 421.3
1081810 421.3
1081820 421.4
1081830 421.5
1081840 421.6
1081850 421.6
1081860 421.6
1081870 421.7
1081880 421.7
1081890 421.7
1081900 421.8
1081910 421.8
1081920 422.0
1081930 422.2
1081940 422.2
1081950 422.3
1081960 422.4
1081970 422.4
1081980 422.4
1081990 422.5
1082000 422.5
1082010 422.5
1082020 422.7
1082030 422.7
1082040 422.9
1082050 423.1
1082060 423.1
1082070 423.2
1082080 423.2
1082090 423.2
1082100 423.4
1082110 423.7
1082120 423.7
1082130 424.1
1082140 424.2
1082150 424.2
1082160 424.2
1082170 424.2
1082180 424.4
1082190 424.4
1082200 424.6
1082210 424.6
1082220 424.6
1082230 424.8
1082240 425.1
1082250 425.1
1082260 425.1
1082270 425.3
1082280 425.3
1082290 425.3
1082300 425.4
1082310 425.4
1082320 425.6
1082330 425.6
1082340 425.6
1082350 425.6
1082360 425.6
1082370 425.6
1082380 425.7
1082390 425.7
1082400 425.7
1082410 425.9
1082420 426.1
1082430 426.1
1082440 426.2
1082450 426.3
1082460 426.3
1082470 426.3
1082480 426.6
1082490 427.3
1082500 427.3
1082510 427.6
1082520 427.1
1082530 427.1
1082540 427.0
1082550 426.9
1082560 426.9
1082570 427.0
1082580 427.0
1082590 427.0
1082600 427.3
1082610 428.2
1082620 428.2
1082630 428.6
1082640 428.5
1082650 428.5
1082660 429.5
1082670 429.7
1082680 429.7
1082690 429.6
1082700 428.8
1082710 428.8
1082720 428.7
1082730 428.5
1082740 428.5
1082750 428.2
1082760 428.3
1082770 428.3
1082780 428.7
1082790 429.1
1082800 429.3
1082810 429.3
1082820 428.8
1082830 429.0
1082840 429.0
1082850 429.1
1082860 429.2
1082870 429.3
1082880 429.5
1082890 429.8
1082900 429.8
1082910 430.5
1082920 430.0
1082930 430.0
1082940 430.0
1082950 430.0
1082960 430.0
1082970 430.0
1082980 430.1
1082990 430.1
1083000 430.2
1083010 430.4
1083020 430.4
1083030 430.5
1083040 430.6
1083050 430.6
1083060 430.9
1083070 431.4
1083080 431.4
1083090 431.6
1083100 431.7
1083110 432.2
1083120 432.2
1083130 432.2
1083140 432.2
1083150 432.2
1083160 431.9
1083170 431.8
1083180 432.3
1083190 432.5
1083200 432.7
1083210 432.7
1083220 432.6
1083230 432.5
1083240 432.5
1083250 432.7
1083260 432.7
1083270 432.7
1083280 432.7
1083290 432.7
1083300 432.7
1083310 432.8
1083320 433.0
1083330 433.0
1083340 433.1
1083350 433.0
1083360 433.0
1083370 432.8
1083380 432.9
1083390 432.9
1083400 432.9
1083410 433.4
1083420 434.1
1083430 434.1
1083440 434.2
1083450 433.4
1083460 433.4
1083470 433.3
1083480 433.5
1083490 433.5
1083500 433.2
1083510 433.5
1083520 433.5
1083530 433.6
1083540 433.8
1083550 433.8
1083560 433.9
1083570 433.9
1083580 433.9
1083590 433.9
1083600 434.0
1083610 434.0
1083620 434.1
1083630 434.3
1083640 434.3
1083650 434.4
1083660 434.3
1083670 434.3
1083680 434.3
1083690 434.6
1083700 434.6
1083710 434.7
1083720 435.2
1083730 435.3
1083740 435.3
1083750 436.1
1083760 436.8
1083770 436.8
1083780 436.8
1083790 436.9
1083800 436.9
1083810 437.0
1083820 437.0
1083830 437.0
1083840 436.7
1083850 436.9
1083860 436.9
1083870 437.1
1083880 437.0
1083890 437.0
1083900 437.1
1083910 437.1
1083920 437.1
1083930 437.5
1083940 438.3
1083950 438.3
1083960 438.3
1083970 438.4
1083980 438.4
1083990 438.5
1084000 438.6
1084010 438.6
1084020 438.7
1084030 438.9
1084040 438.9
1084050 438.9
1084060 439.1
1084070 439.3
1084080 439.3
1084090 439.3
1084100 439.3
1084110 439.3
1084120 439.3
1084130 439.4
1084140 439.3
1084150 439.4
1084160 439.4
1084170 439.4
1084180 439.4
1084190 439.4
1084200 439.4
1084210 440.6
1084220 441.9
1084230 441.9
1084240 441.7
1084250 441.7
1084260 441.7
1084270 441.9
1084280 442.3
1084290 442.3
1084300 442.7
1084310 442.9
1084320 442.9
1084330 443.1
1084340 443.7
1084350 443.7
1084360 444.4
1084370 445.0
1084380 445.1
1084390 445.1
1084400 445.4
1084410 445.8
1084420 445.8
1084430 446.3
1084440 446.7
1084450 446.7
1084460 447.5
1084470 448.1
1084480 448.1
1084490 449.0
1084500 449.6
1084510 449.6
1084520 450.1
1084530 450.2
1084540 450.2
1084550 450.8
1084560 451.6
1084570 451.6
1084580 452.5
1084590 453.4
1084600 453.4
1084610 454.6
1084620 455.9
1084630 455.9
1084640 456.7
1084650 457.2
1084660 457.2
1084670 457.8
1084680 458.6
1084690 459.2
1084700 459.2
1084710 459.8
1084720 460.8
1084730 460.8
1084740 461.3
1084750 462.7
1084760 462.7
1084770 464.3
1084780 465.2
1084790 465.2
1084800 466.2
1084810 467.0
1084820 467.0
1084830 467.9
1084840 468.7
1084850 468.7
1084860 469.7
1084870 470.8
1084880 470.8
1084890 471.9
1084900 473.3
1084910 473.3
1084920 474.9
1084930 476.2
1084940 476.2
1084950 477.3
1084960 478.7
1084970 478.7
1084980 480.1
1084990 481.6
1085000 482.4
1085010 482.4
1085020 484.7
1085030 485.7
1085040 485.7
1085050 486.1
1085060 487.5
1085070 487.5
1085080 489.5
1085090 491.3
1085100 492.3
1085110 494.9
1085120 498.1
1085130 498.1
1085140 503.3
1085150 508.7
1085160 508.7
1085170 514.7
1085180 520.9
1085190 520.9
1085200 525.5
1085210 529.0
1085220 529.0
1085230 532.4
1085240 535.7
1085250 535.7
1085260 540.6
1085270 548.6
1085280 548.6
1085290 557.1
1085300 563.6
1085310 568.8
1085320 568.8
1085330 573.2
1085340 577.3
1085350 577.3
1085360 581.9
1085370 585.8
1085380 585.8
1085390 588.1
1085400 588.4
1085410 588.4
1085420 587.7
1085430 585.4
1085440 585.4
1085450 583.6
1085460 582.6
1085470 582.6
1085480 582.4
1085490 583.3
1085500 583.3
1085510 585.0
1085520 586.9
1085530 586.9
1085540 589.0
1085550 590.6
1085560 590.6
1085570 591.8
1085580 593.3
1085590 593.3
1085600 595.5
1085610 597.0
1085620 597.0
1085630 596.6
1085640 594.0
1085650 592.5
1085660 592.5
1085670 593.8
1085680 595.3
1085690 595.3
1085700 596.2
1085710 598.0
1085720 598.0
1085730 599.0
1085740 600.3
1085750 600.3
1085760 602.7
1085770 606.4
1085780 606.4
1085790 610.7
1085800 614.4
1085810 614.4
1085820 617.6
1085830 619.7
1085840 619.7
1085850 619.9
1085860 616.9
1085870 616.9
1085880 612.0
1085890 606.7
1085900 606.7
1085910 602.3
1085920 597.1
1085930 597.1
1085940 591.3
1085950 585.5
1085960 579.7
1085970 579.7
1085980 574.4
1085990 569.4
1086000 569.4
1086010 565.5
1086020 562.8
1086030 562.8
1086040 560.2
1086050 555.6
1086060 557.8
1086070 552.8
1086080 557.4
1086090 557.4
1086100 562.4
1086110 564.5
1086120 564.5
1086130 562.6
1086140 563.2
1086150 563.2
1086160 565.0
1086170 567.3
1086180 567.3
1086190 569.4
1086200 569.1
1086210 569.1
1086220 564.6
1086230 558.1
1086240 558.1
1086250 551.5
1086260 545.8
1086270 550.7
1086280 550.7
1086290 554.3
1086300 553.4
1086310 553.4
1086320 551.2
1086330 548.2
1086340 548.2
1086350 545.1
1086360 541.9
1086370 541.9
1086380 544.4
1086390 537.9
1086400 537.9
1086410 538.6
1086420 542.0
1086430 542.0
1086440 542.3
1086450 542.0
1086460 542.0
1086470 542.4
1086480 543.5
1086490 543.5
1086500 542.7
1086510 542.5
1086520 542.5
1086530 543.3
1086540 544.2
1086550 544.2
1086560 544.0
1086570 542.6
1086580 540.9
1086590 540.9
1086600 538.5
1086610 535.8
1086620 535.8
1086630 531.9
1086640 523.0
1086650 523.0
1086660 514.6
1086670 508.1
1086680 508.1
1086690 501.2
1086700 495.2
1086710 495.2
1086720 490.0
1086730 486.2
1086740 486.2
1086750 483.2
1086760 481.0
1086770 481.0
1086780 479.1
1086790 476.6
1086800 476.6
1086810 472.2
1086820 472.1
1086830 472.1
1086840 475.5
1086850 479.6
1086860 479.6
1086870 486.5
1086880 492.0
1086890 495.4
1086900 495.4
1086910 498.6
1086920 502.8
1086930 502.8
1086940 507.3
1086950 513.1
1086960 513.1
1086970 520.7
1086980 527.5
1086990 527.5
1087000 534.0
1087010 540.0
1087020 538.1
1087030 545.2
1087040 550.8
1087050 550.8
1087060 556.0
1087070 562.2
1087080 562.2
1087090 567.4
1087100 572.1
1087110 572.1
1087120 576.4
1087130 580.2
1087140 580.2
1087150 584.5
1087160 588.3
1087170 588.3
1087180 591.0
1087190 592.2
1087200 592.2
1087210 594.0
1087220 595.4
1087230 596.9
1087240 596.9
1087250 597.4
1087260 597.4
1087270 597.4
1087280 598.3
1087290 599.7
1087300 599.7
1087310 603.1
1087320 607.6
1087330 607.6
1087340 604.8
1087350 607.3
1087360 607.3
1087370 608.1
1087380 609.0
1087390 609.0
1087400 611.9
1087410 615.8
1087420 615.8
1087430 618.0
1087440 619.2
1087450 619.2
1087460 619.2
1087470 618.5
1087480 618.5
1087490 617.8
1087500 616.8
1087510 616.8
1087520 615.3
1087530 614.4
1087540 614.4
1087550 614.4
1087560 614.7
1087570 613.9
1087580 613.9
1087590 611.8
1087600 609.1
1087610 609.1
1087620 605.8
1087630 601.5
1087640 601.5
1087650 596.9
1087660 589.0
1087670 589.0
1087680 585.9
1087690 585.2
1087700 585.2
1087710 585.6
1087720 585.1
1087730 585.1
1087740 584.1
1087750 584.0
1087760 584.0
1087770 584.8
1087780 584.1
1087790 584.1
1087800 582.8
1087810 583.9
1087820 583.9
1087830 585.6
1087840 587.9
1087850 592.1
1087860 592.1
1087870 596.9
1087880 601.7
1087890 601.7
1087900 602.9
1087910 603.9
1087920 603.9
1087930 603.7
1087940 604.8
1087950 604.8
1087960 605.8
1087970 607.5
1087980 607.3
1087990 608.5
1088000 609.9
1088010 609.9
1088020 611.6
1088030 613.3
1088040 613.3
1088050 615.8
1088060 619.0
1088070 619.0
1088080 622.4
1088090 625.8
1088100 625.8
1088110 629.4
1088120 632.8
1088130 632.8
1088140 633.7
1088150 633.1
1088160 633.0
1088170 633.0
1088180 631.7
1088190 631.6
1088200 631.6
1088210 629.7
1088220 630.0
1088230 630.0
1088240 632.6
1088250 632.6
1088260 632.6
1088270 632.2
1088280 634.6
1088290 634.6
1088300 630.5
1088310 634.6
1088320 634.6
1088330 638.4
1088340 640.4
1088350 640.4
1088360 643.4
1088370 651.4
1088380 651.4
1088390 659.6
1088400 665.3
1088410 665.3
1088420 670.5
1088430 678.0
1088440 678.0
1088450 684.3
1088460 688.2
1088470 692.2
1088480 692.2
1088490 697.1
1088500 702.0
1088510 702.0
1088520 706.9
1088530 711.4
1088540 711.4
1088550 715.9
1088560 720.6
1088570 720.6
1088580 724.7
1088590 728.8
1088600 728.8
1088610 729.6
1088620 730.5
1088630 725.2
1088640 726.5
1088650 728.5
1088660 728.5
1088670 731.7
1088680 736.3
1088690 736.3
1088700 734.7
1088710 732.8
1088720 732.8
1088730 733.2
1088740 734.9
1088750 734.9
1088760 736.2
1088770 739.0
1088780 739.0
1088790 741.5
1088800 741.5
1088810 741.3
1088820 741.3
1088830 742.5
1088840 743.4
1088850 743.4
1088860 744.7
1088870 746.7
1088880 746.7
1088890 748.2
1088900 750.3
1088910 750.3
1088920 753.7
1088930 756.1
1088940 756.1
1088950 757.7
1088960 761.1
1088970 761.1
1088980 763.4
1088990 765.8
1089000 765.8
1089010 767.9
1089020 770.4
1089030 770.4
1089040 772.9
1089050 776.2
1089060 776.2
1089070 779.7
1089080 781.6
1089090 781.6
1089100 785.1
1089110 789.4
1089120 792.4
1089130 792.4
1089140 795.0
1089150 795.4
1089160 795.4
1089170 795.6
1089180 795.4
1089190 795.4
1089200 795.3
1089210 795.3
1089220 795.3
1089230 796.0
1089240 796.3
1089250 796.3
1089260 793.3
1089270 785.0
1089280 785.0
1089290 782.9
1089300 782.4
1089310 782.4
1089320 781.5
1089330 782.3
1089340 782.3
1089350 785.3
1089360 782.7
1089370 782.7
1089380 775.5
1089390 770.7
1089400 770.7
1089410 769.2
1089420 767.8
1089430 767.6
1089440 767.6
1089450 766.0
1089460 765.3
1089470 765.3
1089480 764.8
1089490 764.9
1089500 764.9
1089510 766.0
1089520 768.7
1089530 768.7
1089540 772.1
1089550 774.0
1089560 774.0
1089570 778.1
1089580 784.4
1089590 779.6
1089600 783.5
1089610 787.7
1089620 787.7
1089630 792.7
1089640 796.7
1089650 796.7
1089660 800.4
1089670 803.6
1089680 803.6
1089690 806.4
1089700 809.2
1089710 809.2
1089720 811.2
1089730 813.4
1089740 816.5
1089750 816.5
1089760 818.4
1089770 819.5
1089780 819.5
1089790 819.6
1089800 819.2
1089810 819.2
1089820 819.9
1089830 820.5
1089840 820.5
1089850 821.9
1089860 822.7
1089870 822.7
1089880 823.6
1089890 824.3
1089900 824.3
1089910 824.9
1089920 825.1
1089930 825.1
1089940 827.4
1089950 830.9
1089960 830.9
1089970 832.4
1089980 833.5
1089990 833.5
1090000 833.0
1090010 832.1
1090020 832.1
1090030 832.7
1090040 833.0
1090050 833.6
1090060 833.6
1090070 835.8
1090080 838.1
1090090 838.1
1090100 839.2
1090110 840.3
1090120 840.3
1090130 841.5
1090140 842.4
1090150 842.4
1090160 842.9
1090170 845.2
1090180 845.2
1090190 847.7
1090200 851.3
1090210 851.3
1090220 854.8
1090230 858.8
1090240 859.4
1090250 863.7
1090260 867.2
1090270 867.2
1090280 869.6
1090290 872.1
1090300 872.1
1090310 874.3
1090320 876.8
1090330 876.8
1090340 878.7
1090350 881.1
1090360 881.1
1090370 883.2
1090380 885.1
1090390 888.6
1090400 888.6
1090410 892.2
1090420 894.1
1090430 894.1
1090440 896.6
1090450 899.3
1090460 899.3
1090470 903.0
1090480 905.8
1090490 905.8
1090500 909.4
1090510 912.8
1090520 912.8
1090530 914.3
1090540 917.0
1090550 917.0
1090560 918.4
1090570 920.0
1090580 920.0
1090590 923.5
1090600 927.2
1090610 927.2
1090620 932.1
1090630 937.0
1090640 937.0
1090650 941.4
1090660 945.5
1090670 945.5
1090680 949.5
1090690 953.2
1090700 955.3
1090710 955.3
1090720 957.2
1090730 960.0
1090740 960.0
1090750 963.5
1090760 966.1
1090770 966.1
1090780 968.5
1090790 970.2
1090800 970.2
1090810 972.5
1090820 976.8
1090830 976.8
1090840 981.9
1090850 987.6
1090860 987.6
1090870 992.7
1090880 997.2
1090890 998.1
1090900 1002.7
1090910 1006.3
1090920 1006.3
1090930 1010.1
1090940 1015.4
1090950 1015.4
1090960 1019.0
1090970 1020.9
1090980 1020.9
1090990 1023.1
1091000 1026.2
1091010 1029.0
1091020 1029.0
1091030 1031.4
1091040 1034.5
1091050 1034.5
1091060 1037.5
1091070 1040.4
1091080 1040.4
1091090 1044.1
1091100 1047.6
1091110 1047.6
1091120 1050.1
1091130 1053.2
1091140 1053.2
1091150 1056.3
1091160 1059.4
1091170 1059.4
1091180 1062.8
1091190 1066.7
1091200 1066.7
1091210 1069.5
1091220 1072.3
1091230 1072.3
1091240 1074.6
1091250 1076.3
1091260 1076.3
1091270 1078.2
1091280 1081.1
1091290 1081.1
1091300 1083.7
1091310 1085.6
1091320 1086.8
1091330 1086.8
1091340 1088.5
1091350 1090.5
1091360 1090.5
1091370 1092.6
1091380 1095.0
1091390 1095.0
1091400 1098.0
1091410 1100.3
1091420 1100.3
1091430 1103.2
1091440 1107.1
1091450 1107.1
1091460 1110.7
1091470 1114.3
1091480 1114.3
1091490 1117.7
1091500 1121.8
1091510 1121.8
1091520 1126.3
1091530 1131.0
1091540 1129.8
1091550 1134.1
1091560 1138.7
1091570 1138.7
1091580 1143.2
1091590 1146.9
1091600 1146.9
1091610 1150.1
1091620 1153.1
1091630 1156.6
1091640 1156.6
1091650 1159.8
1091660 1163.5
1091670 1163.5
1091680 1166.0
1091690 1168.9
1091700 1168.9
1091710 1171.6
1091720 1173.8
1091730 1173.8
1091740 1175.8
1091750 1176.6
1091760 1176.6
1091770 1177.8
1091780 1179.5
1091790 1179.5
1091800 1180.6
1091810 1181.5
1091820 1181.5
1091830 1183.3
1091840 1185.1
1091850 1185.1
1091860 1188.4
1091870 1192.8
1091880 1192.8
1091890 1198.4
1091900 1202.8
1091910 1202.8
1091920 1208.4
1091930 1214.0
1091940 1218.2
1091950 1218.2
1091960 1221.8
1091970 1225.7
1091980 1225.7
1091990 1230.6
1092000 1235.8
1092010 1235.8
1092020 1238.7
1092030 1240.2
1092040 1240.2
1092050 1243.1
1092060 1246.1
1092070 1246.1
1092080 1247.6
1092090 1250.4
1092100 1250.4
1092110 1254.3
1092120 1260.6
1092130 1260.6
1092140 1267.8
1092150 1272.1
1092160 1272.1
1092170 1275.2
1092180 1280.1
1092190 1285.3
1092200 1288.2
1092210 1289.2
1092220 1289.2
1092230 1291.6
1092240 1294.7
1092250 1294.7
1092260 1297.2
1092270 1299.6
1092280 1302.2
1092290 1302.2
1092300 1304.2
1092310 1305.8
1092320 1305.8
1092330 1307.5
1092340 1310.0
1092350 1310.0
1092360 1313.0
1092370 1315.0
1092380 1315.0
1092390 1316.4
1092400 1318.6
1092410 1318.6
1092420 1321.3
1092430 1324.5
1092440 1324.5
1092450 1325.9
1092460 1326.0
1092470 1326.0
1092480 1324.5
1092490 1322.9
1092500 1322.9
1092510 1316.2
1092520 1314.6
1092530 1314.6
1092540 1311.0
1092550 1304.4
1092560 1304.4
1092570 1297.4
1092580 1290.8
1092590 1285.5
1092600 1285.5
1092610 1278.3
1092620 1272.8
1092630 1272.8
1092640 1269.6
1092650 1265.6
1092660 1265.6
1092670 1261.8
1092680 1257.5
1092690 1257.5
1092700 1254.0
1092710 1252.8
1092720 1252.8
1092730 1252.6
1092740 1251.4
1092750 1251.4
1092760 1250.1
1092770 1248.9
1092780 1248.9
1092790 1248.2
1092800 1248.2
1092810 1248.2
1092820 1247.9
1092830 1247.5
1092840 1246.0
1092850 1245.2
1092860 1244.2
1092870 1244.2
1092880 1243.7
1092890 1242.8
1092900 1241.7
1092910 1241.7
1092920 1240.8
1092930 1239.7
1092940 1239.7
1092950 1239.0
1092960 1238.4
1092970 1238.4
1092980 1237.6
1092990 1236.6
1093000 1236.6
1093010 1235.5
1093020 1233.2
1093030 1233.2
1093040 1232.4
1093050 1233.0
1093060 1233.0
1093070 1234.0
1093080 1233.8
1093090 1233.8
1093100 1233.6
1093110 1233.2
1093120 1233.2
1093130 1232.7
1093140 1231.8
1093150 1231.8
1093160 1231.1
1093170 1230.9
1093180 1230.9
1093190 1230.7
1093200 1230.4
1093210 1229.2
1093220 1229.2
1093230 1227.9
1093240 1228.9
1093250 1228.9
1093260 1229.9
1093270 1230.3
1093280 1230.3
1093290 1230.6
1093300 1230.6
1093310 1230.6
1093320 1230.0
1093330 1228.9
1093340 1228.9
1093350 1228.1
1093360 1228.1
1093370 1228.1
1093380 1227.6
1093390 1226.8
1093400 1226.8
1093410 1226.3
1093420 1223.7
1093430 1223.7
1093440 1215.3
1093450 1207.2
1093460 1207.2
1093470 1206.7
1093480 1212.4
1093490 1209.8
1093500 1218.7
1093510 1226.7
1093520 1228.6
1093530 1228.6
1093540 1229.5
1093550 1230.2
1093560 1230.2
1093570 1230.8
1093580 1229.8
1093590 1229.8
1093600 1226.7
1093610 1222.1
1093620 1222.1
1093630 1216.9
1093640 1211.6
1093650 1211.6
1093660 1206.4
1093670 1202.1
1093680 1202.1
1093690 1197.9
1093700 1195.9
1093710 1195.9
1093720 1193.0
1093730 1190.5
1093740 1190.5
1093750 1189.1
1093760 1188.1
1093770 1188.1
1093780 1185.7
1093790 1185.1
1093800 1185.1
1093810 1185.8
1093820 1187.0
1093830 1187.0
1093840 1187.7
1093850 1188.0
1093860 1187.8
1093870 1187.8
1093880 1187.4
1093890 1187.4
1093900 1187.4
1093910 1187.2
1093920 1187.4
1093930 1187.4
1093940 1186.3
1093950 1181.9
1093960 1181.9
1093970 1176.8
1093980 1171.4
1093990 1171.4
1094000 1167.2
1094010 1165.2
1094020 1165.2
1094030 1163.4
1094040 1159.3
1094050 1159.3
1094060 1156.3
1094070 1155.0
1094080 1155.0
1094090 1156.2
1094100 1156.6
1094110 1156.6
1094120 1155.6
1094130 1153.8
1094140 1154.6
1094150 1153.3
1094160 1149.6
1094170 1145.1
1094180 1145.1
1094190 1139.3
1094200 1134.1
1094210 1134.1
1094220 1131.5
1094230 1130.2
1094240 1130.2
1094250 1128.8
1094260 1126.9
1094270 1126.9
1094280 1125.5
1094290 1123.8
1094300 1123.8
1094310 1122.9
1094320 1122.5
1094330 1122.5
1094340 1121.8
1094350 1120.5
1094360 1120.5
1094370 1119.6
1094380 1118.8
1094390 1118.8
1094400 1118.0
1094410 1116.4
1094420 1116.4
1094430 1114.1
1094440 1112.5
1094450 1112.5
1094460 1110.9
1094470 1111.1
1094480 1110.1
1094490 1110.1
1094500 1109.1
1094510 1108.4
1094520 1108.4
1094530 1109.0
1094540 1108.9
1094550 1108.9
1094560 1108.7
1094570 1109.4
1094580 1109.4
1094590 1110.1
1094600 1110.5
1094610 1110.5
1094620 1110.6
1094630 1110.5
1094640 1110.5
1094650 1110.4
1094660 1110.2
1094670 1110.2
1094680 1109.9
1094690 1109.2
1094700 1109.2
1094710 1107.1
1094720 1103.3
1094730 1103.3
1094740 1099.8
1094750 1097.2
1094760 1097.2
1094770 1095.9
1094780 1094.1
1094790 1092.5
1094800 1094.4
1094810 1093.0
1094820 1092.4
1094830 1092.4
1094840 1092.0
1094850 1091.5
1094860 1091.5
1094870 1090.8
1094880 1089.8
1094890 1089.8
1094900 1091.1
1094910 1092.1
1094920 1092.1
1094930 1093.2
1094940 1094.1
1094950 1094.1
1094960 1094.7
1094970 1094.9
1094980 1094.9
1094990 1094.9
1095000 1094.8
1095010 1094.8
1095020 1094.4
1095030 1093.8
1095040 1093.8
1095050 1093.2
1095060 1092.2
1095070 1092.2
1095080 1090.3
1095090 1087.7
1095100 1085.8
1095110 1085.8
1095120 1084.2
1095130 1083.3
1095140 1083.3
1095150 1081.2
1095160 1079.2
1095170 1079.2
1095180 1077.4
1095190 1075.4
1095200 1075.4
1095210 1072.7
1095220 1068.9
1095230 1068.9
1095240 1065.2
1095250 1063.0
1095260 1063.0
1095270 1062.7
1095280 1062.1
1095290 1062.1
1095300 1061.1
1095310 1059.3
1095320 1059.3
1095330 1057.1
1095340 1055.0
1095350 1055.0
1095360 1052.9
1095370 1051.0
1095380 1051.0
1095390 1049.0
1095400 1047.1
1095410 1047.1
1095420 1045.0
1095430 1043.1
1095440 1041.3
1095450 1041.7
1095460 1039.4
1095470 1036.8
1095480 1036.8
1095490 1034.2
1095500 1031.3
1095510 1031.3
1095520 1029.2
1095530 1029.3
1095540 1029.3
1095550 1030.5
1095560 1029.5
1095570 1029.5
1095580 1028.8
1095590 1029.9
1095600 1029.9
1095610 1030.5
1095620 1030.0
1095630 1030.0
1095640 1029.3
1095650 1029.8
1095660 1029.8
1095670 1031.5
1095680 1032.4
1095690 1032.4
1095700 1032.8
1095710 1032.0
1095720 1032.0
1095730 1030.9
1095740 1030.4
1095750 1028.6
1095760 1028.6
1095770 1023.7
1095780 1009.3
1095790 1009.3
1095800 951.3
1095810 926.6
1095820 926.6
1095830 915.7
1095840 906.1
1095850 906.1
1095860 891.9
1095870 872.6
1095880 872.6
1095890 846.2
1095900 820.2
1095910 820.2
1095920 790.0
1095930 778.7
1095940 778.7
1095950 770.8
1095960 762.9
1095970 762.9
1095980 755.1
1095990 747.8
1096000 747.8
1096010 740.4
1096020 733.1
1096030 733.1
1096040 726.0
1096050 718.6
1096060 711.7
1096070 711.7
1096080 704.4
1096090 697.1
1096100 697.1
1096110 688.5
1096120 681.5
1096130 681.5
1096140 674.8
1096150 668.9
1096160 668.9
1096170 662.8
1096180 656.8
1096190 656.8
1096200 651.0
1096210 645.8
1096220 645.8
1096230 640.4
1096240 635.1
1096250 635.1
1096260 628.2
1096270 621.5
1096280 621.5
1096290 618.5
1096300 615.5
1096310 615.5
1096320 610.1
1096330 605.5
1096340 605.5
1096350 599.9
1096360 596.3
1096370 595.2
1096380 595.2
1096390 594.3
1096400 594.0
1096410 594.0
1096420 594.1
1096430 594.1
1096440 594.2
1096450 594.2
1096460 594.2
1096470 594.2
1096480 594.2
1096490 593.8
1096500 593.8
1096510 592.9
1096520 592.9
1096530 592.9
1096540 592.6
1096550 593.1
1096560 593.1
1096570 592.9
1096580 592.3
1096590 592.3
1096600 592.7
1096610 594.5
1096620 594.5
1096630 594.8
1096640 595.1
1096650 595.1
1096660 595.1
1096670 595.0
1096680 594.7
1096690 594.7
1096700 595.0
1096710 595.4
1096720 595.4
1096730 595.5
1096740 595.7
1096750 595.7
1096760 596.3
1096770 596.7
1096780 596.7
1096790 597.2
1096800 597.4
1096810 597.4
1096820 597.0
1096830 599.3
1096840 599.3
1096850 605.1
1096860 611.5
1096870 611.5
1096880 618.2
1096890 624.5
1096900 624.5
1096910 629.9
1096920 631.1
1096930 631.1
1096940 631.5
1096950 631.8
1096960 631.8
1096970 632.2
1096980 632.5
1096990 632.5
1097000 633.7
1097010 635.0
1097020 635.5
1097030 635.5
1097040 635.8
1097050 636.6
1097060 636.6
1097070 638.6
1097080 640.6
1097090 640.6
1097100 641.7
1097110 643.6
1097120 643.6
1097130 644.4
1097140 647.6
1097150 647.6
1097160 652.1
1097170 656.0
1097180 656.0
1097190 659.2
1097200 661.9
1097210 661.9
1097220 663.0
1097230 665.4
1097240 665.4
1097250 670.6
1097260 674.3
1097270 674.3
1097280 676.9
1097290 679.8
1097300 679.8
1097310 681.6
1097320 683.4
1097330 686.1
1097340 686.1
1097350 688.7
1097360 690.9
1097370 690.9
1097380 693.4
1097390 696.4
1097400 696.4
1097410 699.5
1097420 703.3
1097430 704.6
1097440 709.1
1097450 713.6
1097460 713.6
1097470 718.8
1097480 724.5
1097490 724.5
1097500 729.8
1097510 735.5
1097520 735.5
1097530 741.6
1097540 747.8
1097550 747.8
1097560 754.2
1097570 760.8
1097580 760.8
1097590 767.7
1097600 774.5
1097610 774.5
1097620 781.6
1097630 788.6
1097640 796.1
1097650 796.1
1097660 803.7
1097670 811.6
1097680 811.6
1097690 819.2
1097700 827.5
1097710 827.5
1097720 838.5
1097730 859.1
1097740 859.1
1097750 870.3
1097760 880.4
1097770 880.4
1097780 887.2
1097790 890.5
1097800 890.5
1097810 892.2
1097820 893.8
1097830 893.8
1097840 895.6
1097850 897.4
1097860 897.4
1097870 899.2
1097880 899.9
1097890 899.9
1097900 899.2
1097910 897.7
1097920 897.7
1097930 895.7
1097940 893.4
1097950 891.3
1097960 891.3
1097970 889.1
1097980 886.9
1097990 886.9
1098000 883.8
1098010 880.3
1098020 880.3
1098030 876.4
1098040 872.3
1098050 872.3
1098060 868.0
1098070 864.5
1098080 864.5
1098090 869.0
1098100 867.2
1098110 867.2
1098120 865.6
1098130 864.1
1098140 864.1
1098150 862.5
1098160 860.8
1098170 860.8
1098180 859.2
1098190 856.9
1098200 856.9
1098210 855.7
1098220 854.3
1098230 854.3
1098240 852.8
1098250 851.6
1098260 852.0
1098270 852.0
1098280 851.2
1098290 846.9
1098300 846.9
1098310 843.4
1098320 841.3
1098330 841.3
1098340 839.0
1098350 838.6
1098360 838.6
1098370 840.3
1098380 840.9
1098390 840.9
1098400 840.5
1098410 840.8
1098420 847.6
1098430 849.2
1098440 849.9
1098450 849.9
1098460 851.2
1098470 851.8
1098480 851.8
1098490 853.0
1098500 854.3
1098510 854.3
1098520 855.3
1098530 857.5
1098540 857.5
1098550 859.7
1098560 862.2
1098570 866.9
1098580 866.9
1098590 874.7
1098600 878.9
1098610 878.9
1098620 879.8
1098630 879.9
1098640 879.9
1098650 879.5
1098660 879.4
1098670 879.4
1098680 880.9
1098690 883.3
1098700 883.3
1098710 885.7
1098720 887.1
1098730 887.1
1098740 888.4
1098750 897.0
1098760 897.0
1098770 896.8
1098780 894.2
1098790 894.2
1098800 892.6
1098810 893.1
1098820 893.1
1098830 892.3
1098840 890.9
1098850 890.9
1098860 889.4
1098870 888.5
1098880 888.5
1098890 887.7
1098900 886.7
1098910 885.3
1098920 885.3
1098930 883.6
1098940 881.9
1098950 881.9
1098960 880.0
1098970 877.9
1098980 877.9
1098990 875.7
1099000 873.2
1099010 873.2
1099020 871.6
1099030 870.7
1099040 870.7
1099050 869.7
1099060 869.1
1099070 869.1
1099080 868.1
1099090 868.6
1099100 868.6
1099110 868.7
1099120 868.6
1099130 868.6
1099140 868.8
1099150 869.5
1099160 869.5
1099170 870.7
1099180 870.4
1099190 870.4
1099200 869.2
1099210 868.1
1099220 867.3
1099230 867.3
1099240 867.0
1099250 866.2
1099260 866.2
1099270 865.1
1099280 863.9
1099290 863.9
1099300 862.5
1099310 862.2
1099320 862.2
1099330 862.0
1099340 862.1
1099350 862.1
1099360 861.8
1099370 861.5
1099380 861.5
1099390 860.7
1099400 857.8
1099410 859.6
1099420 856.4
1099430 854.1
1099440 854.1
1099450 851.9
1099460 844.8
1099470 844.8
1099480 838.5
1099490 834.6
1099500 834.6
1099510 830.7
1099520 825.2
1099530 816.9
1099540 816.9
1099550 803.2
1099560 796.1
1099570 796.1
1099580 789.1
1099590 782.4
1099600 782.4
1099610 776.1
1099620 770.9
1099630 770.9
1099640 766.6
1099650 762.0
1099660 762.0
1099670 757.5
1099680 756.0
1099690 756.0
1099700 754.5
1099710 752.0
1099720 752.0
1099730 748.8
1099740 746.0
1099750 746.0
1099760 743.7
1099770 740.9
1099780 740.9
1099790 737.6
1099800 734.6
1099810 734.6
1099820 735.6
1099830 739.5
1099840 743.3
1099850 743.3
1099860 746.9
1099870 752.0
1099880 752.0
1099890 755.6
1099900 757.8
1099910 757.8
1099920 760.7
1099930 763.3
1099940 763.3
1099950 765.0
1099960 766.4
1099970 766.4
1099980 767.1
1099990 767.6
