1080000 414.2
1080010 414.2
1080020 414.2
1080030 414.3
1080040 414.3
1080050 414.3
1080060 414.4
1080070 414.4
1080080 414.4
1080090 414.4
1080100 414.4
1080110 414.5
1080120 414.5
1080130 414.5
1080140 414.5
1080150 414.5
1080160 414.5
1080170 414.5
1080180 414.7
1080190 414.6
1080200 414.6
1080210 414.4
1080220 414.5
1080230 414.5
1080240 414.6
1080250 414.7
1080260 414.7
1080270 414.7
1080280 414.8
1080290 414.8
1080300 415.0
1080310 415.2
1080320 415.2
1080330 415.2
1080340 415.2
1080350 415.2
1080360 415.2
1080370 415.2
1080380 415.2
1080390 415.3
1080400 415.4
1080410 415.4
1080420 415.5
1080430 415.6
1080440 415.6
1080450 415.7
1080460 415.8
1080470 415.8
1080480 416.0
1080490 416.1
1080500 416.2
1080510 416.2
1080520 416.4
1080530 416.4
1080540 416.4
1080550 416.5
1080560 416.4
1080570 416.4
1080580 416.4
1080590 416.5
1080600 416.5
1080610 416.6
1080620 416.8
1080630 416.8
1080640 416.9
1080650 416.9
1080660 416.9
1080670 417.0
1080680 417.1
1080690 417.1
1080700 417.2
1080710 417.3
1080720 417.3
1080730 417.5
1080740 417.6
1080750 417.6
1080760 417.8
1080770 417.9
1080780 417.9
1080790 418.0
1080800 418.0
1080810 418.0
1080820 418.0
1080830 418.1
1080840 418.2
1080850 418.2
1080860 418.3
1080870 418.3
1080880 418.3
1080890 418.4
1080900 418.5
1080910 418.5
1080920 418.5
1080930 418.6
1080940 418.6
1080950 418.8
1080960 418.8
1080970 418.8
1080980 418.7
1080990 418.8
1081000 418.8
1081010 418.9
1081020 418.9
1081030 418.9
1081040 419.0
1081050 419.0
1081060 419.0
1081070 419.0
1081080 419.1
1081090 419.1
1081100 419.1
1081110 419.1
1081120 419.2
1081130 419.2
1081140 419.2
1081150 419.4
1081160 419.4
1081170 419.4
1081180 419.6
1081190 419.6
1081200 420.1
1081210 421.0
1081220 421.0
1081230 420.6
1081240 420.5
1081250 420.5
1081260 420.4
1081270 420.6
1081280 420.6
1081290 420.7
1081300 420.8
1081310 420.8
1081320 420.9
1081330 420.9
1081340 420.9
1081350 421.0
1081360 420.9
1081370 420.9
1081380 420.9
1081390 421.1
1081400 421.1
1081410 421.2
1081420 421.2
1081430 421.2
1081440 421.2
1081450 421.2
1081460 421.4
1081470 421.4
1081480 421.3
1081490 421.4
1081500 421.4
1081510 421.5
1081520 421.5
1081530 421.5
1081540 421.6
1081550 421.7
1081560 421.7
1081570 421.8
1081580 421.9
1081590 421.9
1081600 422.0
1081610 422.1
1081620 422.1
1081630 422.3
1081640 422.4
1081650 422.4
1081660 422.6
1081670 422.7
1081680 422.7
1081690 422.7
1081700 422.7
1081710 422.7
1081720 422.8
1081730 422.9
1081740 422.9
1081750 423.0
1081760 423.1
1081770 423.2
1081780 423.2
1081790 423.3
1081800 423.4
1081810 423.4
1081820 423.5
1081830 423.6
1081840 423.6
1081850 423.7
1081860 423.9
1081870 423.9
1081880 424.0
1081890 424.2
1081900 424.2
1081910 424.4
1081920 424.6
1081930 424.6
1081940 424.8
1081950 425.1
1081960 425.1
1081970 425.1
1081980 425.2
1081990 425.2
1082000 425.3
1082010 425.4
1082020 425.4
1082030 425.5
1082040 425.6
1082050 425.6
1082060 425.7
1082070 425.6
1082080 425.8
1082090 425.8
1082100 425.9
1082110 426.0
1082120 426.0
1082130 426.1
1082140 426.2
1082150 426.2
1082160 426.3
1082170 426.5
1082180 426.5
1082190 426.5
1082200 426.8
1082210 426.8
1082220 426.7
1082230 427.1
1082240 427.1
1082250 427.3
1082260 427.0
1082270 427.0
1082280 426.8
1082290 426.8
1082300 426.8
1082310 426.9
1082320 427.0
1082330 427.0
1082340 427.2
1082350 427.7
1082360 427.7
1082370 428.8
1082380 428.6
1082390 428.6
1082400 428.4
1082410 428.4
1082420 428.2
1082430 428.2
1082440 428.1
1082450 428.0
1082460 428.0
1082470 428.1
1082480 428.5
1082490 428.5
1082500 431.5
1082510 431.0
1082520 431.0
1082530 429.9
1082540 430.2
1082550 430.2
1082560 430.5
1082570 430.9
1082580 430.9
1082590 431.0
1082600 430.9
1082610 430.9
1082620 430.7
1082630 430.8
1082640 430.8
1082650 430.9
1082660 430.6
1082670 430.6
1082680 431.0
1082690 431.0
1082700 431.0
1082710 431.1
1082720 430.8
1082730 430.6
1082740 430.6
1082750 430.6
1082760 430.7
1082770 430.7
1082780 430.9
1082790 430.9
1082800 430.9
1082810 430.9
1082820 431.0
1082830 431.0
1082840 431.1
1082850 431.2
1082860 431.2
1082870 431.3
1082880 431.5
1082890 431.5
1082900 432.1
1082910 432.0
1082920 432.0
1082930 431.8
1082940 431.9
1082950 431.9
1082960 431.9
1082970 432.7
1082980 432.7
1082990 432.8
1083000 432.6
1083010 432.6
1083020 433.3
1083030 432.9
1083040 432.6
1083050 432.6
1083060 432.6
1083070 432.3
1083080 432.3
1083090 432.4
1083100 432.4
1083110 432.4
1083120 432.4
1083130 432.4
1083140 432.4
1083150 432.5
1083160 433.0
1083170 433.0
1083180 433.3
1083190 433.2
1083200 433.2
1083210 433.4
1083220 433.6
1083230 433.6
1083240 433.9
1083250 433.9
1083260 433.9
1083270 433.8
1083280 433.9
1083290 433.8
1083300 434.0
1083310 434.2
1083320 434.2
1083330 434.4
1083340 434.5
1083350 434.7
1083360 434.7
1083370 434.9
1083380 435.0
1083390 435.0
1083400 435.2
1083410 435.2
1083420 435.2
1083430 435.3
1083440 435.3
1083450 435.3
1083460 435.5
1083470 435.8
1083480 435.8
1083490 436.0
1083500 436.4
1083510 436.4
1083520 436.7
1083530 436.5
1083540 436.5
1083550 436.5
1083560 436.5
1083570 436.5
1083580 436.7
1083590 436.6
1083600 436.6
1083610 436.8
1083620 436.9
1083630 436.9
1083640 437.1
1083650 437.1
1083660 437.1
1083670 437.0
1083680 437.2
1083690 437.6
1083700 437.6
1083710 437.8
1083720 437.9
1083730 437.9
1083740 437.9
1083750 438.0
1083760 438.0
1083770 438.2
1083780 438.4
1083790 438.4
1083800 438.5
1083810 438.6
1083820 438.6
1083830 438.6
1083840 438.5
1083850 438.5
1083860 438.7
1083870 439.2
1083880 439.2
1083890 439.2
1083900 439.3
1083910 439.3
1083920 439.4
1083930 439.6
1083940 439.6
1083950 439.6
1083960 439.7
1083970 439.7
1083980 439.6
1083990 439.6
1084000 440.4
1084010 440.4
1084020 440.7
1084030 440.7
1084040 440.7
1084050 440.5
1084060 440.8
1084070 440.8
1084080 441.2
1084090 441.5
1084100 441.5
1084110 441.4
1084120 441.5
1084130 441.5
1084140 441.4
1084150 441.2
1084160 441.2
1084170 441.4
1084180 441.5
1084190 441.5
1084200 441.9
1084210 442.4
1084220 442.4
1084230 442.7
1084240 443.0
1084250 442.1
1084260 442.3
1084270 442.2
1084280 442.2
1084290 442.8
1084300 443.2
1084310 443.3
1084320 443.3
1084330 443.2
1084340 443.3
1084350 443.3
1084360 443.5
1084370 443.6
1084380 443.6
1084390 443.9
1084400 443.9
1084410 443.9
1084420 444.3
1084430 444.7
1084440 444.7
1084450 444.8
1084460 445.0
1084470 445.0
1084480 445.1
1084490 445.2
1084500 445.2
1084510 445.2
1084520 445.2
1084530 445.2
1084540 445.4
1084550 445.9
1084560 445.3
1084570 445.5
1084580 446.1
1084590 446.1
1084600 446.2
1084610 446.3
1084620 446.3
1084630 446.4
1084640 446.5
1084650 446.6
1084660 446.6
1084670 447.2
1084680 447.2
1084690 447.2
1084700 447.1
1084710 447.1
1084720 447.1
1084730 447.2
1084740 447.3
1084750 447.3
1084760 447.4
1084770 447.5
1084780 447.5
1084790 447.6
1084800 447.6
1084810 447.6
1084820 447.8
1084830 448.0
1084840 448.0
1084850 447.9
1084860 448.0
1084870 448.0
1084880 448.2
1084890 448.2
1084900 448.2
1084910 448.5
1084920 448.5
1084930 448.5
1084940 448.4
1084950 448.4
1084960 448.6
1084970 448.6
1084980 448.9
1084990 449.1
1085000 449.1
1085010 449.2
1085020 449.2
1085030 449.2
1085040 450.2
1085050 451.1
1085060 451.1
1085070 450.9
1085080 450.7
1085090 450.7
1085100 451.1
1085110 450.1
1085120 450.1
1085130 448.0
1085140 448.0
1085150 448.0
1085160 448.4
1085170 451.0
1085180 451.0
1085190 452.2
1085200 452.2
1085210 452.2
1085220 452.7
1085230 452.7
1085240 452.7
1085250 452.0
1085260 451.9
1085270 453.1
1085280 453.1
1085290 452.9
1085300 453.6
1085310 453.6
1085320 454.6
1085330 454.8
1085340 454.8
1085350 454.4
1085360 453.5
1085370 453.5
1085380 453.6
1085390 453.7
1085400 453.7
1085410 453.9
1085420 453.8
1085430 453.8
1085440 454.5
1085450 454.5
1085460 454.5
1085470 454.6
1085480 454.7
1085490 454.7
1085500 454.8
1085510 454.8
1085520 454.9
1085530 455.1
1085540 456.1
1085550 456.1
1085560 456.5
1085570 456.9
1085580 456.9
1085590 457.3
1085600 457.7
1085610 457.8
1085620 457.8
1085630 458.6
1085640 461.3
1085650 461.3
1085660 465.4
1085670 470.0
1085680 470.0
1085690 474.3
1085700 478.9
1085710 478.9
1085720 482.9
1085730 487.4
1085740 487.4
1085750 492.6
1085760 498.5
1085770 498.5
1085780 504.6
1085790 510.3
1085800 510.3
1085810 516.7
1085820 521.8
1085830 521.8
1085840 526.5
1085850 529.5
1085860 529.5
1085870 532.5
1085880 534.4
1085890 534.4
1085900 534.9
1085910 533.9
1085920 530.5
1085930 530.5
1085940 527.7
1085950 523.7
1085960 523.7
1085970 518.7
1085980 512.7
1085990 512.7
1086000 507.3
1086010 503.0
1086020 503.0
1086030 499.6
1086040 497.0
1086050 497.0
1086060 494.3
1086070 491.3
1086080 491.3
1086090 488.6
1086100 486.3
1086110 486.3
1086120 483.8
1086130 481.3
1086140 481.3
1086150 479.2
1086160 476.2
1086170 476.2
1086180 476.7
1086190 477.2
1086200 477.2
1086210 477.1
1086220 477.3
1086230 477.6
1086240 477.6
1086250 477.8
1086260 478.0
1086270 478.0
1086280 478.3
1086290 478.8
1086300 478.8
1086310 480.0
1086320 480.6
1086330 480.6
1086340 480.4
1086350 480.8
1086360 480.8
1086370 481.9
1086380 483.0
1086390 483.0
1086400 485.0
1086410 486.8
1086420 486.8
1086430 488.6
1086440 491.1
1086450 491.1
1086460 493.7
1086470 495.1
1086480 489.1
1086490 491.2
1086500 493.3
1086510 493.3
1086520 495.3
1086530 497.7
1086540 497.7
1086550 500.2
1086560 502.0
1086570 505.1
1086580 505.1
1086590 508.7
1086600 513.0
1086610 513.0
1086620 517.8
1086630 520.6
1086640 520.6
1086650 522.7
1086660 523.6
1086670 523.6
1086680 523.7
1086690 527.1
1086700 527.1
1086710 529.2
1086720 531.4
1086730 531.4
1086740 534.4
1086750 537.1
1086760 537.1
1086770 540.5
1086780 544.0
1086790 544.0
1086800 541.7
1086810 543.2
1086820 543.2
1086830 544.5
1086840 546.3
1086850 546.3
1086860 548.0
1086870 549.7
1086880 549.8
1086890 549.8
1086900 549.7
1086910 549.5
1086920 549.5
1086930 551.4
1086940 554.9
1086950 554.9
1086960 558.7
1086970 562.5
1086980 562.5
1086990 565.9
1087000 567.4
1087010 567.4
1087020 569.3
1087030 571.8
1087040 571.8
1087050 576.3
1087060 581.8
1087070 581.8
1087080 587.5
1087090 593.6
1087100 593.6
1087110 599.5
1087120 602.3
1087130 602.3
1087140 606.2
1087150 610.5
1087160 610.5
1087170 614.5
1087180 617.4
1087190 621.7
1087200 621.7
1087210 626.7
1087220 631.2
1087230 631.2
1087240 634.1
1087250 636.4
1087260 636.4
1087270 638.2
1087280 640.3
1087290 640.3
1087300 645.8
1087310 651.4
1087320 651.4
1087330 655.6
1087340 660.0
1087350 660.0
1087360 663.6
1087370 666.9
1087380 666.9
1087390 669.9
1087400 671.3
1087410 671.3
1087420 673.0
1087430 674.7
1087440 674.7
1087450 670.4
1087460 672.5
1087470 672.5
1087480 674.3
1087490 676.8
1087500 679.7
1087510 679.7
1087520 682.8
1087530 685.5
1087540 685.5
1087550 686.7
1087560 687.5
1087570 687.5
1087580 688.8
1087590 691.2
1087600 691.2
1087610 694.2
1087620 696.6
1087630 696.6
1087640 700.8
1087650 704.2
1087660 704.2
1087670 707.4
1087680 710.4
1087690 710.4
1087700 713.4
1087710 715.9
1087720 715.9
1087730 718.0
1087740 719.6
1087750 719.6
1087760 720.9
1087770 725.2
1087780 725.2
1087790 726.9
1087800 730.4
1087810 730.4
1087820 732.9
1087830 734.8
1087840 737.8
1087850 737.8
1087860 739.9
1087870 742.4
1087880 742.4
1087890 745.6
1087900 748.4
1087910 748.4
1087920 752.0
1087930 755.4
1087940 755.4
1087950 758.4
1087960 761.4
1087970 761.4
1087980 764.6
1087990 767.0
1088000 767.0
1088010 768.9
1088020 771.5
1088030 771.5
1088040 773.8
1088050 775.4
1088060 775.4
1088070 777.0
1088080 778.2
1088090 779.8
1088100 780.5
1088110 780.8
1088120 780.8
1088130 782.0
1088140 781.2
1088150 780.8
1088160 780.8
1088170 781.0
1088180 781.5
1088190 781.5
1088200 780.5
1088210 779.8
1088220 779.8
1088230 779.9
1088240 780.1
1088250 780.1
1088260 780.3
1088270 780.2
1088280 780.2
1088290 780.9
1088300 781.6
1088310 781.6
1088320 782.2
1088330 783.1
1088340 783.1
1088350 785.3
1088360 787.0
1088370 787.0
1088380 788.7
1088390 790.9
1088400 790.9
1088410 793.6
1088420 794.7
1088430 794.7
1088440 795.8
1088450 797.0
1088460 798.1
1088470 798.1
1088480 798.8
1088490 799.6
1088500 799.6
1088510 801.5
1088520 802.1
1088530 802.1
1088540 802.2
1088550 802.1
1088560 802.1
1088570 801.7
1088580 800.7
1088590 800.7
1088600 799.9
1088610 799.9
1088620 799.9
1088630 800.3
1088640 800.9
1088650 800.9
1088660 801.4
1088670 801.7
1088680 801.7
1088690 802.8
1088700 803.9
1088710 803.9
1088720 804.7
1088730 807.3
1088740 807.3
1088750 808.9
1088760 810.7
1088770 810.7
1088780 813.0
1088790 815.2
1088800 817.3
1088810 817.3
1088820 819.5
1088830 821.5
1088840 821.5
1088850 823.3
1088860 824.9
1088870 824.9
1088880 826.4
1088890 827.0
1088900 827.0
1088910 828.3
1088920 828.6
1088930 828.6
1088940 828.1
1088950 828.5
1088960 828.5
1088970 828.5
1088980 828.2
1088990 828.2
1089000 829.1
1089010 830.9
1089020 830.9
1089030 831.8
1089040 833.4
1089050 833.4
1089060 840.6
1089070 841.1
1089080 841.1
1089090 843.5
1089100 845.9
1089110 850.7
1089120 850.7
1089130 853.7
1089140 859.0
1089150 859.0
1089160 861.2
1089170 861.2
1089180 861.2
1089190 858.6
1089200 854.8
1089210 854.8
1089220 854.3
1089230 857.7
1089240 857.7
1089250 864.2
1089260 869.7
1089270 869.7
1089280 874.4
1089290 880.2
1089300 880.2
1089310 884.5
1089320 885.6
1089330 885.6
1089340 886.3
1089350 886.6
1089360 886.6
1089370 886.2
1089380 886.7
1089390 886.7
1089400 889.4
1089410 891.1
1089420 893.3
1089430 893.3
1089440 896.6
1089450 898.7
1089460 898.7
1089470 900.3
1089480 902.5
1089490 902.5
1089500 905.2
1089510 906.7
1089520 906.7
1089530 907.1
1089540 907.4
1089550 907.4
1089560 908.6
1089570 909.9
1089580 909.9
1089590 911.3
1089600 912.5
1089610 912.5
1089620 913.9
1089630 915.4
1089640 915.4
1089650 916.8
1089660 916.5
1089670 916.5
1089680 915.9
1089690 917.6
1089700 921.4
1089710 923.4
1089720 925.3
1089730 926.7
1089740 926.7
1089750 930.3
1089760 933.5
1089770 933.5
1089780 936.3
1089790 938.7
1089800 938.7
1089810 940.7
1089820 942.2
1089830 942.2
1089840 944.6
1089850 947.6
1089860 947.6
1089870 950.3
1089880 952.9
1089890 952.9
1089900 955.8
1089910 959.2
1089920 959.2
1089930 962.4
1089940 964.5
1089950 964.5
1089960 967.4
1089970 969.7
1089980 969.7
1089990 973.0
1090000 976.6
1090010 976.6
1090020 978.4
1090030 980.6
1090040 980.6
1090050 982.5
1090060 985.8
1090070 987.5
1090080 987.5
1090090 989.8
1090100 991.8
1090110 991.8
1090120 994.2
1090130 995.9
1090140 995.9
1090150 998.1
1090160 1000.9
1090170 1000.9
1090180 1004.4
1090190 1007.6
1090200 1007.6
1090210 1011.7
1090220 1014.9
1090230 1014.9
1090240 1017.6
1090250 1020.5
1090260 1020.5
1090270 1023.8
1090280 1027.9
1090290 1027.9
1090300 1033.1
1090310 1037.7
1090320 1037.7
1090330 1041.3
1090340 1045.0
1090350 1046.6
1090360 1049.3
1090370 1051.8
1090380 1053.9
1090390 1053.9
1090400 1056.1
1090410 1057.9
1090420 1057.9
1090430 1060.0
1090440 1062.2
1090450 1062.2
1090460 1064.5
1090470 1066.6
1090480 1066.6
1090490 1069.6
1090500 1071.9
1090510 1071.9
1090520 1073.6
1090530 1075.2
1090540 1075.2
1090550 1076.7
1090560 1078.4
1090570 1078.4
1090580 1079.6
1090590 1081.3
1090600 1081.3
1090610 1083.2
1090620 1085.7
1090630 1085.7
1090640 1085.9
1090650 1083.9
1090660 1083.9
1090670 1078.4
1090680 1077.9
1090690 1079.0
1090700 1079.0
1090710 1081.4
1090720 1084.2
1090730 1084.2
1090740 1087.0
1090750 1088.9
1090760 1088.9
1090770 1090.8
1090780 1093.1
1090790 1093.1
1090800 1096.4
1090810 1100.4
1090820 1100.4
1090830 1103.7
1090840 1106.1
1090850 1106.1
1090860 1108.2
1090870 1110.0
1090880 1110.0
1090890 1111.9
1090900 1113.0
1090910 1113.0
1090920 1112.8
1090930 1112.5
1090940 1112.5
1090950 1112.9
1090960 1115.7
1090970 1115.7
1090980 1117.6
1090990 1119.4
1091000 1118.6
1091010 1120.6
1091020 1123.3
1091030 1125.0
1091040 1125.0
1091050 1127.1
1091060 1128.8
1091070 1128.8
1091080 1130.9
1091090 1133.7
1091100 1133.7
1091110 1135.3
1091120 1136.8
1091130 1136.8
1091140 1138.9
1091150 1141.7
1091160 1141.7
1091170 1143.8
1091180 1146.5
1091190 1146.5
1091200 1150.3
1091210 1154.9
1091220 1154.9
1091230 1160.3
1091240 1166.0
1091250 1166.0
1091260 1170.9
1091270 1173.8
1091280 1173.8
1091290 1176.5
1091300 1180.0
1091310 1180.0
1091320 1182.9
1091330 1185.7
1091340 1187.7
1091350 1187.7
1091360 1190.8
1091370 1194.7
1091380 1194.7
1091390 1197.4
1091400 1200.4
1091410 1200.4
1091420 1203.9
1091430 1207.5
1091440 1207.5
1091450 1210.3
1091460 1212.4
1091470 1212.4
1091480 1213.7
1091490 1214.7
1091500 1214.7
1091510 1215.8
1091520 1217.0
1091530 1217.0
1091540 1218.5
1091550 1219.5
1091560 1219.5
1091570 1220.8
1091580 1221.9
1091590 1221.9
1091600 1221.9
1091610 1222.1
1091620 1222.1
1091630 1222.8
1091640 1224.3
1091650 1225.2
1091660 1225.2
1091670 1227.9
1091680 1231.5
1091690 1231.5
1091700 1236.1
1091710 1240.5
1091720 1240.5
1091730 1244.8
1091740 1247.8
1091750 1247.8
1091760 1252.0
1091770 1257.0
1091780 1257.0
1091790 1262.4
1091800 1265.7
1091810 1265.7
1091820 1268.2
1091830 1271.7
1091840 1271.7
1091850 1274.6
1091860 1276.9
1091870 1276.9
1091880 1278.9
1091890 1281.1
1091900 1281.1
1091910 1283.0
1091920 1285.0
1091930 1285.0
1091940 1287.8
1091950 1290.5
1091960 1294.5
1091970 1295.4
1091980 1299.4
1091990 1304.4
1092000 1304.4
1092010 1309.8
1092020 1316.4
1092030 1316.4
1092040 1323.8
1092050 1330.5
1092060 1330.5
1092070 1337.6
1092080 1344.5
1092090 1344.5
1092100 1351.5
1092110 1358.6
1092120 1358.6
1092130 1365.2
1092140 1371.5
1092150 1371.5
1092160 1377.8
1092170 1384.0
1092180 1384.0
1092190 1391.2
1092200 1398.0
1092210 1398.0
1092220 1404.2
1092230 1411.9
1092240 1411.9
1092250 1420.2
1092260 1426.0
1092270 1426.0
1092280 1430.9
1092290 1435.9
1092300 1442.0
1092310 1442.0
1092320 1447.9
1092330 1453.5
1092340 1453.5
1092350 1456.6
1092360 1459.6
1092370 1459.6
1092380 1462.3
1092390 1462.1
1092400 1462.1
1092410 1457.5
1092420 1452.1
1092430 1452.1
1092440 1446.7
1092450 1442.8
1092460 1442.8
1092470 1438.9
1092480 1435.4
1092490 1435.4
1092500 1432.3
1092510 1429.4
1092520 1429.4
1092530 1426.5
1092540 1424.0
1092550 1424.0
1092560 1421.4
1092570 1418.8
1092580 1418.8
1092590 1416.6
1092600 1414.3
1092610 1411.1
1092620 1408.2
1092630 1404.5
1092640 1400.6
1092650 1400.6
1092660 1396.5
1092670 1392.5
1092680 1392.5
1092690 1387.9
1092700 1383.2
1092710 1383.2
1092720 1378.3
1092730 1372.9
1092740 1372.9
1092750 1366.6
1092760 1362.0
1092770 1362.0
1092780 1357.0
1092790 1350.2
1092800 1350.2
1092810 1343.6
1092820 1339.4
1092830 1339.4
1092840 1335.4
1092850 1331.1
1092860 1331.1
1092870 1326.9
1092880 1321.9
1092890 1321.9
1092900 1315.3
1092910 1308.8
1092920 1304.0
1092930 1304.0
1092940 1299.7
1092950 1296.3
1092960 1296.3
1092970 1292.2
1092980 1287.7
1092990 1287.7
1093000 1282.9
1093010 1277.6
1093020 1277.6
1093030 1272.7
1093040 1268.5
1093050 1268.5
1093060 1265.0
1093070 1260.9
1093080 1260.9
1093090 1256.1
1093100 1252.1
1093110 1252.1
1093120 1248.8
1093130 1245.7
1093140 1245.7
1093150 1243.6
1093160 1241.4
1093170 1241.4
1093180 1240.2
1093190 1240.1
1093200 1240.1
1093210 1240.0
1093220 1239.4
1093230 1238.0
1093240 1238.0
1093250 1236.3
1093260 1234.1
1093270 1235.4
1093280 1234.7
1093290 1233.4
1093300 1233.4
1093310 1227.8
1093320 1220.8
1093330 1220.8
1093340 1214.2
1093350 1207.6
1093360 1207.6
1093370 1202.7
1093380 1195.6
1093390 1195.6
1093400 1189.4
1093410 1185.4
1093420 1185.4
1093430 1183.7
1093440 1182.1
1093450 1182.1
1093460 1180.1
1093470 1178.4
1093480 1178.4
1093490 1177.1
1093500 1175.5
1093510 1175.5
1093520 1171.9
1093530 1166.7
1093540 1166.7
1093550 1162.2
1093560 1159.0
1093570 1156.8
1093580 1156.8
1093590 1154.6
1093600 1150.6
1093610 1150.6
1093620 1147.7
1093630 1146.1
1093640 1146.1
1093650 1142.6
1093660 1138.0
1093670 1138.0
1093680 1131.6
1093690 1126.9
1093700 1126.9
1093710 1123.3
1093720 1120.1
1093730 1120.1
1093740 1117.5
1093750 1114.9
1093760 1114.9
1093770 1111.6
1093780 1108.5
1093790 1108.5
1093800 1106.5
1093810 1104.7
1093820 1104.7
1093830 1100.6
1093840 1097.2
1093850 1097.2
1093860 1094.4
1093870 1092.0
1093880 1089.1
1093890 1089.1
1093900 1085.3
1093910 1080.1
1093920 1080.1
1093930 1071.9
1093940 1066.7
1093950 1066.7
1093960 1063.3
1093970 1060.0
1093980 1060.0
1093990 1057.0
1094000 1053.8
1094010 1053.8
1094020 1051.3
1094030 1048.9
1094040 1048.9
1094050 1046.4
1094060 1044.3
1094070 1044.3
1094080 1042.6
1094090 1040.8
1094100 1040.8
1094110 1039.2
1094120 1037.6
1094130 1037.6
1094140 1036.0
1094150 1034.0
1094160 1034.0
1094170 1031.0
1094180 1028.4
1094190 1025.6
1094200 1025.6
1094210 1021.0
1094220 1016.1
1094230 1016.1
1094240 1011.9
1094250 1013.7
1094260 1013.7
1094270 1010.6
1094280 1007.8
1094290 1007.8
1094300 1005.5
1094310 1004.3
1094320 1004.3
1094330 1002.4
1094340 999.4
1094350 999.4
1094360 993.8
1094370 987.4
1094380 987.4
1094390 981.7
1094400 977.7
1094410 977.7
1094420 976.0
1094430 974.0
1094440 974.0
1094450 972.1
1094460 971.5
1094470 971.5
1094480 970.2
1094490 969.2
1094500 969.2
1094510 968.1
1094520 966.6
1094530 965.6
1094540 965.6
1094550 964.1
1094560 961.5
1094570 961.5
1094580 957.0
1094590 955.0
1094600 955.0
1094610 952.5
1094620 949.7
1094630 949.7
1094640 948.3
1094650 947.0
1094660 947.0
1094670 945.2
1094680 941.0
1094690 941.0
1094700 937.2
1094710 934.5
1094720 934.5
1094730 932.1
1094740 929.1
1094750 929.1
1094760 925.2
1094770 918.7
1094780 918.7
1094790 912.6
1094800 907.1
1094810 907.1
1094820 903.2
1094830 900.4
1094840 898.2
1094850 898.2
1094860 895.9
1094870 891.7
1094880 891.7
1094890 884.0
1094900 879.1
1094910 881.8
1094920 879.3
1094930 876.8
1094940 876.8
1094950 872.5
1094960 869.2
1094970 869.2
1094980 867.2
1094990 862.1
1095000 862.1
1095010 857.8
1095020 854.5
1095030 854.5
1095040 849.5
1095050 844.9
1095060 844.9
1095070 840.1
1095080 834.1
1095090 834.1
1095100 828.1
1095110 821.7
1095120 821.7
1095130 816.2
1095140 813.8
1095150 812.3
1095160 812.3
1095170 810.5
1095180 810.8
1095190 810.8
1095200 810.2
1095210 809.9
1095220 809.9
1095230 809.1
1095240 800.4
1095250 800.4
1095260 801.4
1095270 804.0
1095280 804.0
1095290 807.2
1095300 808.7
1095310 808.7
1095320 808.3
1095330 806.6
1095340 806.6
1095350 804.5
1095360 801.1
1095370 801.1
1095380 797.3
1095390 793.7
1095400 793.7
1095410 790.1
1095420 785.7
1095430 785.7
1095440 781.6
1095450 777.6
1095460 777.6
1095470 773.8
1095480 770.5
1095490 767.9
1095500 767.9
1095510 765.6
1095520 763.3
1095530 763.3
1095540 761.0
1095550 758.7
1095560 754.5
1095570 750.9
1095580 747.0
1095590 747.0
1095600 743.3
1095610 740.6
1095620 740.6
1095630 739.8
1095640 738.3
1095650 738.3
1095660 734.1
1095670 728.9
1095680 728.9
1095690 725.2
1095700 725.6
1095710 725.6
1095720 727.5
1095730 727.6
1095740 727.6
1095750 726.0
1095760 722.0
1095770 722.0
1095780 717.5
1095790 714.4
1095800 712.8
1095810 712.8
1095820 713.7
1095830 713.7
1095840 713.7
1095850 709.8
1095860 703.9
1095870 703.9
1095880 699.9
1095890 696.7
1095900 696.7
1095910 695.1
1095920 693.7
1095930 693.7
1095940 692.6
1095950 691.2
1095960 691.2
1095970 690.1
1095980 688.8
1095990 688.8
1096000 687.6
1096010 687.4
1096020 687.4
1096030 687.6
1096040 685.3
1096050 685.3
1096060 682.0
1096070 680.9
1096080 680.9
1096090 679.5
1096100 677.9
1096110 677.1
1096120 677.1
1096130 676.7
1096140 675.7
1096150 675.7
1096160 673.3
1096170 670.3
1096180 670.3
1096190 667.4
1096200 665.2
1096210 665.2
1096220 658.3
1096230 656.9
1096240 656.9
1096250 655.7
1096260 655.0
1096270 655.0
1096280 655.0
1096290 655.7
1096300 655.7
1096310 657.1
1096320 659.5
1096330 659.5
1096340 661.5
1096350 661.1
1096360 661.1
1096370 659.8
1096380 658.5
1096390 658.5
1096400 656.9
1096410 655.4
1096420 654.0
1096430 654.0
1096440 652.6
1096450 651.1
1096460 651.1
1096470 649.7
1096480 648.0
1096490 648.0
1096500 646.4
1096510 644.7
1096520 644.7
1096530 642.9
1096540 640.4
1096550 640.7
1096560 638.2
1096570 636.1
1096580 636.1
1096590 635.2
1096600 634.5
1096610 634.5
1096620 633.0
1096630 631.6
1096640 631.6
1096650 630.2
1096660 628.9
1096670 628.9
1096680 627.6
1096690 626.7
1096700 626.7
1096710 625.5
1096720 624.4
1096730 624.4
1096740 623.2
1096750 622.0
1096760 619.3
1096770 619.3
1096780 612.9
1096790 606.2
1096800 606.2
1096810 602.8
1096820 599.5
1096830 599.5
1096840 596.8
1096850 594.6
1096860 594.6
1096870 592.8
1096880 591.1
1096890 591.1
1096900 590.5
1096910 589.7
1096920 589.7
1096930 588.8
1096940 587.8
1096950 587.8
1096960 586.8
1096970 585.9
1096980 585.9
1096990 585.5
1097000 585.1
1097010 585.1
1097020 584.8
1097030 584.6
1097040 584.6
1097050 584.2
1097060 583.9
1097070 583.5
1097080 583.5
1097090 583.0
1097100 580.8
1097110 580.8
1097120 578.5
1097130 578.3
1097140 578.3
1097150 582.2
1097160 594.7
1097170 594.7
1097180 600.7
1097190 600.8
1097200 600.8
1097210 600.5
1097220 600.3
1097230 600.3
1097240 600.2
1097250 600.2
1097260 600.2
1097270 600.3
1097280 600.4
1097290 600.4
1097300 600.3
1097310 600.3
1097320 600.3
1097330 600.2
1097340 600.0
1097350 600.0
1097360 600.0
1097370 600.0
1097380 600.6
1097390 600.6
1097400 602.0
1097410 604.4
1097420 604.4
1097430 606.9
1097440 609.4
1097450 609.4
1097460 611.5
1097470 613.1
1097480 613.1
1097490 614.3
1097500 614.9
1097510 614.9
1097520 615.1
1097530 615.2
1097540 615.1
1097550 615.1
1097560 615.1
1097570 615.1
1097580 615.1
1097590 615.1
1097600 615.1
1097610 615.0
1097620 614.9
1097630 614.9
1097640 614.8
1097650 614.7
1097660 614.7
1097670 614.6
1097680 614.5
1097690 614.5
1097700 614.5
1097710 614.2
1097720 614.1
1097730 614.1
1097740 613.9
1097750 613.9
1097760 613.9
1097770 614.3
1097780 612.6
1097790 612.6
1097800 610.8
1097810 610.2
1097820 610.2
1097830 608.3
1097840 606.3
1097850 606.3
1097860 604.4
1097870 606.5
1097880 606.5
1097890 604.4
1097900 602.9
1097910 602.9
1097920 602.0
1097930 601.6
1097940 601.6
1097950 601.3
1097960 601.0
1097970 601.0
1097980 601.5
1097990 602.4
1098000 602.4
1098010 603.8
1098020 605.5
1098030 607.5
1098040 607.5
1098050 610.1
1098060 611.9
1098070 611.9
1098080 612.9
1098090 613.3
1098100 613.3
1098110 613.7
1098120 613.9
1098130 613.9
1098140 614.2
1098150 614.3
1098160 614.3
1098170 614.6
1098180 615.0
1098190 615.0
1098200 617.4
1098210 617.8
1098220 617.8
1098230 618.4
1098240 617.3
1098250 617.3
1098260 617.0
1098270 617.4
1098280 617.4
1098290 617.7
1098300 618.2
1098310 618.2
1098320 618.9
1098330 619.8
1098340 619.7
1098350 619.7
1098360 619.7
1098370 617.7
1098380 617.7
1098390 615.5
1098400 615.7
1098410 615.7
1098420 615.4
1098430 615.1
1098440 615.1
1098450 614.5
1098460 614.7
1098470 614.7
1098480 614.6
1098490 614.7
1098500 614.7
1098510 614.9
1098520 615.0
1098530 616.2
1098540 615.2
1098550 613.5
1098560 613.5
1098570 612.6
1098580 611.9
1098590 611.9
1098600 611.4
1098610 610.4
1098620 610.4
1098630 609.2
1098640 608.0
1098650 607.0
1098660 607.0
1098670 606.3
1098680 605.7
1098690 605.7
1098700 605.2
1098710 604.7
1098720 604.7
1098730 604.2
1098740 603.7
1098750 603.7
1098760 603.2
1098770 600.1
1098780 600.1
1098790 593.5
1098800 587.7
1098810 587.7
1098820 582.1
1098830 577.6
1098840 577.6
1098850 574.3
1098860 570.2
1098870 570.2
1098880 568.2
1098890 567.2
1098900 567.2
1098910 566.7
1098920 566.1
1098930 566.1
1098940 565.5
1098950 565.1
1098960 565.1
1098970 564.7
1098980 564.3
1098990 564.1
1099000 564.1
1099010 563.8
1099020 564.1
1099030 564.1
1099040 564.2
1099050 563.9
1099060 563.9
1099070 565.1
1099080 565.3
1099090 565.3
1099100 564.9
1099110 564.6
1099120 564.6
1099130 564.7
1099140 564.1
1099150 564.1
1099160 564.0
1099170 564.3
1099180 564.3
1099190 563.7
1099200 563.7
1099210 563.7
1099220 564.0
1099230 564.3
1099240 564.3
1099250 564.6
1099260 564.9
1099270 564.9
1099280 565.0
1099290 564.9
1099300 564.6
1099310 564.6
1099320 564.0
1099330 563.0
1099340 563.0
1099350 562.3
1099360 562.0
1099370 562.0
1099380 561.9
1099390 562.0
1099400 562.0
1099410 561.7
1099420 562.0
1099430 562.0
1099440 562.1
1099450 561.8
1099460 561.8
1099470 561.2
1099480 561.2
1099490 561.2
1099500 565.1
1099510 570.9
1099520 571.8
1099530 572.9
1099540 574.8
1099550 574.8
1099560 578.9
1099570 582.9
1099580 582.9
1099590 588.3
1099600 594.1
1099610 600.3
1099620 600.3
1099630 606.5
1099640 612.8
1099650 612.8
1099660 619.1
1099670 621.9
1099680 621.9
1099690 622.1
1099700 626.5
1099710 626.5
1099720 627.9
1099730 627.9
1099740 627.9
1099750 627.6
1099760 626.9
1099770 626.9
1099780 626.4
1099790 625.9
1099800 625.9
1099810 625.5
1099820 625.3
1099830 625.3
1099840 625.0
1099850 623.3
1099860 623.3
1099870 622.7
1099880 622.0
1099890 622.0
1099900 621.8
1099910 621.9
1099920 621.4
1099930 621.4
1099940 621.3
1099950 621.3
1099960 621.3
1099970 621.0
1099980 621.1
1099990 621.1
