1080000 414.4
1080010 414.4
1080020 414.4
1080030 414.5
1080040 414.7
1080050 414.7
1080060 414.8
1080070 414.9
1080080 414.9
1080090 415.1
1080100 415.2
1080110 415.2
1080120 415.5
1080130 415.7
1080140 415.7
1080150 415.9
1080160 416.0
1080170 416.0
1080180 416.0
1080190 416.1
1080200 416.1
1080210 416.5
1080220 417.1
1080230 417.3
1080240 417.3
1080250 417.4
1080260 417.3
1080270 417.3
1080280 416.5
1080290 416.5
1080300 416.5
1080310 416.7
1080320 416.7
1080330 416.7
1080340 416.7
1080350 416.8
1080360 416.8
1080370 417.0
1080380 417.4
1080390 417.4
1080400 417.3
1080410 417.3
1080420 417.3
1080430 417.3
1080440 417.3
1080450 417.3
1080460 417.2
1080470 417.0
1080480 417.0
1080490 416.9
1080500 417.1
1080510 417.1
1080520 417.2
1080530 417.3
1080540 417.4
1080550 417.4
1080560 417.4
1080570 417.6
1080580 417.6
1080590 417.7
1080600 417.8
1080610 417.8
1080620 417.8
1080630 417.7
1080640 417.7
1080650 417.8
1080660 418.0
1080670 418.0
1080680 418.1
1080690 418.1
1080700 418.1
1080710 418.2
1080720 418.3
1080730 418.3
1080740 418.3
1080750 418.3
1080760 418.3
1080770 418.4
1080780 418.5
1080790 418.5
1080800 418.6
1080810 418.7
1080820 418.7
1080830 418.9
1080840 419.0
1080850 419.0
1080860 419.1
1080870 419.2
1080880 419.2
1080890 419.2
1080900 419.4
1080910 419.8
1080920 419.8
1080930 420.4
1080940 420.2
1080950 420.2
1080960 420.1
1080970 420.1
1080980 420.1
1080990 420.1
1081000 420.2
1081010 420.2
1081020 420.3
1081030 420.4
1081040 420.4
1081050 420.4
1081060 420.6
1081070 420.6
1081080 420.9
1081090 420.7
1081100 420.7
1081110 420.1
1081120 420.0
1081130 420.0
1081140 420.0
1081150 419.9
1081160 419.9
1081170 420.0
1081180 420.1
1081190 420.2
1081200 420.2
1081210 420.3
1081220 420.5
1081230 420.5
1081240 420.5
1081250 420.7
1081260 420.6
1081270 420.8
1081280 420.9
1081290 420.9
1081300 421.0
1081310 421.2
1081320 421.2
1081330 421.4
1081340 421.5
1081350 421.5
1081360 421.7
1081370 421.8
1081380 421.8
1081390 422.0
1081400 422.1
1081410 422.1
1081420 422.3
1081430 422.3
1081440 422.3
1081450 422.5
1081460 422.7
1081470 422.7
1081480 422.6
1081490 422.8
1081500 423.0
1081510 423.0
1081520 423.2
1081530 423.2
1081540 423.2
1081550 423.3
1081560 423.3
1081570 423.3
1081580 423.3
1081590 423.3
1081600 423.3
1081610 423.5
1081620 423.5
1081630 423.5
1081640 423.6
1081650 423.7
1081660 423.7
1081670 423.9
1081680 423.9
1081690 423.9
1081700 424.1
1081710 424.2
1081720 424.2
1081730 424.3
1081740 424.4
1081750 424.4
1081760 424.3
1081770 424.4
1081780 424.4
1081790 424.5
1081800 424.6
1081810 424.6
1081820 424.6
1081830 424.7
1081840 424.9
1081850 424.9
1081860 424.9
1081870 425.0
1081880 425.0
1081890 425.0
1081900 425.1
1081910 425.1
1081920 425.2
1081930 425.3
1081940 425.3
1081950 425.6
1081960 425.5
1081970 425.5
1081980 425.5
1081990 425.6
1082000 425.6
1082010 425.9
1082020 425.9
1082030 425.9
1082040 425.9
1082050 426.0
1082060 426.0
1082070 426.2
1082080 426.3
1082090 426.3
1082100 426.5
1082110 426.6
1082120 426.6
1082130 426.8
1082140 426.9
1082150 426.8
1082160 426.8
1082170 426.9
1082180 427.1
1082190 427.1
1082200 427.4
1082210 428.0
1082220 428.0
1082230 427.7
1082240 428.1
1082250 428.1
1082260 428.0
1082270 427.8
1082280 427.8
1082290 427.9
1082300 428.0
1082310 428.0
1082320 427.8
1082330 427.9
1082340 427.9
1082350 428.0
1082360 428.1
1082370 428.1
1082380 428.5
1082390 428.2
1082400 428.2
1082410 428.4
1082420 428.6
1082430 428.6
1082440 428.4
1082450 428.4
1082460 428.4
1082470 428.9
1082480 428.8
1082490 428.4
1082500 428.4
1082510 428.4
1082520 429.4
1082530 428.6
1082540 428.9
1082550 428.8
1082560 428.8
1082570 429.4
1082580 429.4
1082590 429.4
1082600 429.5
1082610 429.6
1082620 429.6
1082630 429.7
1082640 429.9
1082650 429.9
1082660 429.8
1082670 429.4
1082680 429.4
1082690 429.4
1082700 429.5
1082710 429.5
1082720 429.7
1082730 429.6
1082740 429.6
1082750 429.5
1082760 429.5
1082770 429.5
1082780 429.5
1082790 429.7
1082800 429.8
1082810 429.8
1082820 430.0
1082830 430.2
1082840 430.2
1082850 430.1
1082860 430.3
1082870 430.3
1082880 430.5
1082890 431.1
1082900 431.1
1082910 431.1
1082920 431.0
1082930 431.0
1082940 431.0
1082950 430.9
1082960 430.9
1082970 430.3
1082980 431.1
1082990 431.1
1083000 431.3
1083010 431.3
1083020 431.3
1083030 431.4
1083040 431.6
1083050 431.6
1083060 431.5
1083070 431.7
1083080 431.7
1083090 431.6
1083100 431.8
1083110 432.1
1083120 432.1
1083130 432.2
1083140 431.9
1083150 431.9
1083160 431.5
1083170 431.6
1083180 431.6
1083190 431.8
1083200 432.3
1083210 432.3
1083220 432.5
1083230 432.5
1083240 432.5
1083250 432.4
1083260 432.4
1083270 432.4
1083280 432.5
1083290 432.6
1083300 432.6
1083310 432.7
1083320 433.0
1083330 433.0
1083340 433.0
1083350 433.1
1083360 433.1
1083370 433.4
1083380 433.7
1083390 433.7
1083400 433.8
1083410 433.9
1083420 433.9
1083430 434.3
1083440 434.3
1083450 434.3
1083460 434.3
1083470 434.5
1083480 434.6
1083490 434.6
1083500 434.7
1083510 434.9
1083520 434.9
1083530 435.1
1083540 435.2
1083550 435.2
1083560 435.4
1083570 435.5
1083580 435.5
1083590 435.6
1083600 435.8
1083610 435.8
1083620 436.1
1083630 436.3
1083640 436.3
1083650 436.4
1083660 436.5
1083670 436.5
1083680 436.7
1083690 436.7
1083700 436.7
1083710 436.8
1083720 436.8
1083730 436.8
1083740 436.9
1083750 437.1
1083760 437.0
1083770 437.0
1083780 437.0
1083790 437.0
1083800 437.0
1083810 437.0
1083820 437.0
1083830 437.0
1083840 437.2
1083850 437.9
1083860 437.9
1083870 439.5
1083880 439.4
1083890 439.4
1083900 439.6
1083910 440.0
1083920 440.0
1083930 440.7
1083940 440.9
1083950 440.9
1083960 441.2
1083970 441.1
1083980 441.1
1083990 439.3
1084000 438.1
1084010 438.1
1084020 437.8
1084030 437.9
1084040 437.9
1084050 438.3
1084060 439.3
1084070 440.6
1084080 440.6
1084090 440.9
1084100 440.1
1084110 440.1
1084120 441.1
1084130 440.7
1084140 440.7
1084150 440.4
1084160 440.2
1084170 440.2
1084180 440.2
1084190 440.0
1084200 440.0
1084210 440.1
1084220 440.1
1084230 440.1
1084240 440.2
1084250 440.2
1084260 440.2
1084270 440.2
1084280 440.5
1084290 440.5
1084300 440.4
1084310 440.6
1084320 440.6
1084330 440.8
1084340 440.8
1084350 440.8
1084360 440.8
1084370 441.1
1084380 441.1
1084390 441.9
1084400 442.5
1084410 442.9
1084420 442.9
1084430 443.4
1084440 443.2
1084450 443.2
1084460 443.2
1084470 443.0
1084480 443.0
1084490 443.0
1084500 443.4
1084510 443.4
1084520 442.4
1084530 443.2
1084540 443.2
1084550 443.4
1084560 443.7
1084570 443.7
1084580 443.9
1084590 443.6
1084600 443.6
1084610 443.5
1084620 444.1
1084630 444.1
1084640 444.8
1084650 445.1
1084660 445.1
1084670 445.2
1084680 445.6
1084690 445.6
1084700 445.9
1084710 445.9
1084720 446.0
1084730 446.0
1084740 446.5
1084750 446.5
1084760 446.3
1084770 446.5
1084780 446.6
1084790 446.6
1084800 446.7
1084810 447.0
1084820 447.0
1084830 447.5
1084840 447.8
1084850 447.8
1084860 448.1
1084870 448.4
1084880 448.4
1084890 448.6
1084900 449.0
1084910 449.0
1084920 449.4
1084930 449.7
1084940 449.7
1084950 449.9
1084960 449.9
1084970 449.9
1084980 450.5
1084990 450.9
1085000 450.9
1085010 451.5
1085020 451.7
1085030 451.7
1085040 452.0
1085050 451.9
1085060 452.4
1085070 452.4
1085080 453.7
1085090 454.1
1085100 454.1
1085110 454.9
1085120 455.6
1085130 455.6
1085140 456.1
1085150 456.7
1085160 456.7
1085170 457.1
1085180 457.7
1085190 457.7
1085200 458.2
1085210 458.6
1085220 458.6
1085230 459.1
1085240 459.6
1085250 459.6
1085260 460.2
1085270 460.7
1085280 460.7
1085290 461.2
1085300 462.1
1085310 462.1
1085320 462.6
1085330 463.0
1085340 463.0
1085350 464.0
1085360 464.7
1085370 464.9
1085380 464.9
1085390 465.4
1085400 465.3
1085410 465.3
1085420 465.9
1085430 466.6
1085440 466.6
1085450 467.8
1085460 469.2
1085470 469.2
1085480 469.7
1085490 469.8
1085500 469.8
1085510 469.9
1085520 472.3
1085530 472.3
1085540 477.1
1085550 483.1
1085560 483.1
1085570 488.2
1085580 493.4
1085590 493.4
1085600 496.3
1085610 500.2
1085620 500.2
1085630 503.9
1085640 509.0
1085650 509.0
1085660 514.9
1085670 520.8
1085680 526.4
1085690 526.4
1085700 528.9
1085710 530.3
1085720 530.6
1085730 531.5
1085740 532.9
1085750 532.9
1085760 535.3
1085770 537.9
1085780 537.9
1085790 539.9
1085800 539.2
1085810 539.2
1085820 533.1
1085830 524.7
1085840 524.7
1085850 516.3
1085860 509.3
1085870 509.3
1085880 502.7
1085890 497.2
1085900 497.2
1085910 495.7
1085920 498.1
1085930 498.1
1085940 498.5
1085950 498.6
1085960 498.6
1085970 499.3
1085980 500.3
1085990 500.3
1086000 500.6
1086010 501.2
1086020 502.4
1086030 502.4
1086040 503.7
1086050 504.2
1086060 504.2
1086070 504.7
1086080 505.0
1086090 505.0
1086100 505.4
1086110 505.7
1086120 505.7
1086130 506.3
1086140 507.1
1086150 507.1
1086160 510.2
1086170 513.9
1086180 513.9
1086190 518.3
1086200 523.6
1086210 523.6
1086220 529.5
1086230 535.3
1086240 535.3
1086250 541.2
1086260 547.7
1086270 547.7
1086280 556.3
1086290 565.3
1086300 565.3
1086310 571.2
1086320 577.0
1086330 582.7
1086340 582.7
1086350 583.4
1086360 585.9
1086370 585.9
1086380 587.1
1086390 588.8
1086400 588.8
1086410 591.2
1086420 592.8
1086430 592.8
1086440 593.8
1086450 594.5
1086460 594.5
1086470 595.1
1086480 596.1
1086490 596.1
1086500 598.8
1086510 601.0
1086520 601.0
1086530 603.4
1086540 605.8
1086550 605.8
1086560 608.1
1086570 611.5
1086580 611.5
1086590 616.0
1086600 621.4
1086610 621.4
1086620 626.8
1086630 632.5
1086640 637.8
1086650 637.8
1086660 642.2
1086670 644.2
1086680 643.1
1086690 642.1
1086700 639.5
1086710 639.5
1086720 635.6
1086730 631.0
1086740 631.0
1086750 626.1
1086760 621.5
1086770 621.5
1086780 625.3
1086790 628.7
1086800 628.7
1086810 631.6
1086820 634.8
1086830 634.8
1086840 638.5
1086850 642.5
1086860 642.5
1086870 645.7
1086880 647.8
1086890 647.8
1086900 649.4
1086910 651.4
1086920 651.4
1086930 653.2
1086940 655.1
1086950 655.1
1086960 655.7
1086970 656.7
1086980 658.1
1086990 658.1
1087000 662.7
1087010 663.1
1087020 663.1
1087030 663.9
1087040 664.8
1087050 664.8
1087060 666.3
1087070 667.4
1087080 667.4
1087090 668.3
1087100 669.6
1087110 669.6
1087120 670.4
1087130 671.7
1087140 671.7
1087150 672.7
1087160 673.9
1087170 673.9
1087180 675.0
1087190 677.4
1087200 677.4
1087210 680.4
1087220 681.7
1087230 681.7
1087240 684.2
1087250 686.2
1087260 686.2
1087270 689.3
1087280 691.8
1087290 694.0
1087300 694.0
1087310 696.2
1087320 696.5
1087330 696.5
1087340 698.8
1087350 699.1
1087360 699.1
1087370 695.0
1087380 690.7
1087390 690.7
1087400 691.5
1087410 691.5
1087420 691.5
1087430 685.8
1087440 683.5
1087450 683.5
1087460 680.2
1087470 679.4
1087480 679.4
1087490 676.7
1087500 673.3
1087510 673.3
1087520 672.5
1087530 673.1
1087540 673.1
1087550 674.8
1087560 676.4
1087570 676.4
1087580 680.2
1087590 685.9
1087600 691.8
1087610 691.8
1087620 698.5
1087630 704.5
1087640 712.0
1087650 717.4
1087660 720.9
1087670 720.9
1087680 724.4
1087690 730.5
1087700 730.5
1087710 738.6
1087720 746.4
1087730 746.4
1087740 752.1
1087750 750.2
1087760 750.2
1087770 742.0
1087780 735.7
1087790 735.7
1087800 733.3
1087810 732.0
1087820 732.0
1087830 728.4
1087840 724.8
1087850 724.8
1087860 718.5
1087870 714.0
1087880 714.0
1087890 713.9
1087900 720.5
1087910 720.5
1087920 727.2
1087930 734.9
1087940 743.2
1087950 743.2
1087960 743.8
1087970 737.6
1087980 737.6
1087990 734.3
1088000 733.2
1088010 733.2
1088020 731.6
1088030 727.5
1088040 727.5
1088050 731.2
1088060 735.9
1088070 735.9
1088080 738.4
1088090 738.0
1088100 738.0
1088110 738.7
1088120 743.6
1088130 743.6
1088140 751.9
1088150 755.7
1088160 755.7
1088170 758.3
1088180 759.4
1088190 759.4
1088200 758.0
1088210 757.2
1088220 757.2
1088230 756.6
1088240 758.9
1088250 764.0
1088260 764.0
1088270 769.1
1088280 768.9
1088290 768.9
1088300 768.4
1088310 766.3
1088320 766.3
1088330 762.0
1088340 755.9
1088350 755.9
1088360 750.4
1088370 742.6
1088380 742.6
1088390 743.6
1088400 749.5
1088410 749.5
1088420 757.1
1088430 764.6
1088440 764.6
1088450 771.5
1088460 778.1
1088470 778.1
1088480 784.9
1088490 791.4
1088500 791.4
1088510 797.5
1088520 798.7
1088530 798.7
1088540 799.6
1088550 804.0
1088560 804.3
1088570 804.3
1088580 802.3
1088590 801.0
1088600 796.2
1088610 793.9
1088620 792.1
1088630 792.1
1088640 796.7
1088650 802.7
1088660 802.7
1088670 808.3
1088680 812.8
1088690 812.8
1088700 815.4
1088710 816.9
1088720 816.9
1088730 814.9
1088740 811.5
1088750 811.5
1088760 808.1
1088770 807.2
1088780 807.2
1088790 806.3
1088800 805.3
1088810 805.3
1088820 804.4
1088830 804.9
1088840 804.9
1088850 805.7
1088860 806.9
1088870 806.9
1088880 808.5
1088890 809.7
1088900 810.5
1088910 810.5
1088920 811.6
1088930 811.1
1088940 811.1
1088950 812.3
1088960 813.4
1088970 813.4
1088980 814.4
1088990 816.1
1089000 816.1
1089010 817.5
1089020 818.1
1089030 818.1
1089040 818.0
1089050 817.5
1089060 817.5
1089070 817.3
1089080 817.1
1089090 817.1
1089100 817.9
1089110 819.7
1089120 819.7
1089130 821.9
1089140 822.7
1089150 822.7
1089160 822.4
1089170 822.1
1089180 822.1
1089190 822.3
1089200 822.5
1089210 821.3
1089220 821.3
1089230 819.9
1089240 817.7
1089250 813.5
1089260 817.4
1089270 820.9
1089280 820.9
1089290 825.0
1089300 828.4
1089310 828.4
1089320 835.9
1089330 841.9
1089340 841.9
1089350 848.1
1089360 851.5
1089370 851.5
1089380 851.7
1089390 855.8
1089400 855.8
1089410 859.6
1089420 863.4
1089430 863.4
1089440 866.9
1089450 870.2
1089460 870.2
1089470 872.9
1089480 876.6
1089490 876.6
1089500 878.4
1089510 879.5
1089520 880.5
1089530 880.5
1089540 883.0
1089550 886.4
1089560 886.4
1089570 887.6
1089580 890.5
1089590 890.5
1089600 892.7
1089610 895.0
1089620 895.0
1089630 896.0
1089640 895.5
1089650 895.5
1089660 893.6
1089670 892.4
1089680 892.4
1089690 891.6
1089700 896.5
1089710 896.5
1089720 900.4
1089730 900.9
1089740 900.9
1089750 899.5
1089760 897.6
1089770 897.6
1089780 899.4
1089790 903.5
1089800 903.5
1089810 906.3
1089820 908.9
1089830 908.9
1089840 910.6
1089850 912.2
1089860 914.8
1089870 914.8
1089880 916.3
1089890 918.2
1089900 917.9
1089910 919.7
1089920 922.6
1089930 922.6
1089940 924.7
1089950 927.2
1089960 927.2
1089970 929.2
1089980 931.5
1089990 931.5
1090000 933.0
1090010 936.3
1090020 936.3
1090030 939.1
1090040 941.6
1090050 941.6
1090060 943.7
1090070 946.3
1090080 946.3
1090090 948.7
1090100 951.7
1090110 951.7
1090120 956.2
1090130 961.2
1090140 961.2
1090150 966.0
1090160 969.8
1090170 973.8
1090180 973.8
1090190 979.1
1090200 985.0
1090210 985.0
1090220 990.6
1090230 995.5
1090240 995.5
1090250 1000.6
1090260 1005.0
1090270 1005.0
1090280 1009.4
1090290 1013.8
1090300 1013.8
1090310 1018.0
1090320 1021.8
1090330 1021.8
1090340 1026.3
1090350 1031.7
1090360 1031.7
1090370 1037.4
1090380 1042.5
1090390 1042.5
1090400 1047.5
1090410 1052.8
1090420 1052.8
1090430 1057.5
1090440 1061.0
1090450 1061.0
1090460 1064.0
1090470 1067.2
1090480 1070.7
1090490 1070.7
1090500 1073.3
1090510 1075.1
1090520 1075.1
1090530 1077.5
1090540 1076.4
1090550 1076.4
1090560 1079.7
1090570 1082.7
1090580 1082.7
1090590 1087.5
1090600 1091.9
1090610 1091.9
1090620 1093.9
1090630 1096.7
1090640 1096.7
1090650 1099.3
1090660 1102.6
1090670 1102.6
1090680 1105.9
1090690 1108.9
1090700 1108.9
1090710 1113.6
1090720 1118.5
1090730 1118.5
1090740 1125.3
1090750 1135.3
1090760 1135.3
1090770 1143.4
1090780 1145.2
1090790 1145.2
1090800 1146.8
1090810 1148.9
1090820 1151.9
1090830 1151.9
1090840 1154.5
1090850 1156.5
1090860 1156.5
1090870 1158.4
1090880 1160.7
1090890 1160.7
1090900 1163.3
1090910 1168.5
1090920 1168.5
1090930 1175.0
1090940 1183.1
1090950 1183.1
1090960 1191.1
1090970 1197.6
1090980 1197.6
1090990 1203.8
1091000 1209.6
1091010 1209.6
1091020 1213.6
1091030 1217.1
1091040 1217.1
1091050 1219.5
1091060 1222.8
1091070 1222.8
1091080 1226.2
1091090 1229.3
1091100 1229.3
1091110 1231.2
1091120 1233.9
1091130 1237.5
1091140 1237.5
1091150 1240.3
1091160 1240.0
1091170 1240.0
1091180 1240.6
1091190 1236.7
1091200 1236.7
1091210 1238.8
1091220 1240.7
1091230 1240.7
1091240 1243.3
1091250 1247.5
1091260 1247.5
1091270 1251.2
1091280 1256.3
1091290 1256.3
1091300 1261.1
1091310 1264.6
1091320 1264.6
1091330 1268.2
1091340 1273.4
1091350 1273.4
1091360 1280.4
1091370 1286.6
1091380 1286.6
1091390 1291.6
1091400 1295.3
1091410 1295.3
1091420 1297.3
1091430 1298.2
1091440 1299.6
1091450 1299.6
1091460 1301.8
1091470 1304.6
1091480 1304.6
1091490 1307.7
1091500 1311.4
1091510 1311.4
1091520 1312.0
1091530 1315.2
1091540 1315.2
1091550 1318.6
1091560 1323.0
1091570 1323.0
1091580 1328.6
1091590 1334.8
1091600 1334.8
1091610 1341.4
1091620 1348.4
1091630 1348.4
1091640 1353.8
1091650 1358.2
1091660 1358.2
1091670 1362.9
1091680 1367.4
1091690 1367.4
1091700 1370.7
1091710 1373.5
1091720 1373.5
1091730 1376.8
1091740 1382.8
1091750 1382.8
1091760 1387.4
1091770 1389.7
1091780 1391.6
1091790 1391.6
1091800 1391.4
1091810 1391.4
1091820 1391.4
1091830 1391.3
1091840 1393.0
1091850 1393.0
1091860 1391.9
1091870 1390.8
1091880 1390.8
1091890 1389.6
1091900 1388.8
1091910 1388.8
1091920 1387.9
1091930 1386.6
1091940 1386.6
1091950 1385.5
1091960 1384.7
1091970 1384.7
1091980 1383.8
1091990 1382.6
1092000 1382.6
1092010 1381.2
1092020 1378.6
1092030 1378.6
1092040 1378.7
1092050 1377.8
1092060 1377.8
1092070 1376.7
1092080 1375.5
1092090 1374.4
1092100 1374.4
1092110 1371.8
1092120 1368.9
1092130 1368.9
1092140 1367.5
1092150 1365.3
1092160 1365.3
1092170 1367.2
1092180 1365.6
1092190 1365.6
1092200 1362.8
1092210 1360.1
1092220 1360.1
1092230 1358.6
1092240 1356.5
1092250 1356.5
1092260 1354.8
1092270 1353.5
1092280 1353.5
1092290 1351.8
1092300 1350.6
1092310 1350.6
1092320 1349.0
1092330 1347.8
1092340 1347.8
1092350 1345.1
1092360 1344.9
1092370 1344.9
1092380 1344.6
1092390 1343.1
1092400 1342.0
1092410 1342.0
1092420 1341.5
1092430 1340.7
1092440 1340.7
1092450 1339.9
1092460 1339.0
1092470 1339.0
1092480 1338.1
1092490 1339.8
1092500 1339.8
1092510 1339.0
1092520 1338.3
1092530 1338.3
1092540 1337.6
1092550 1337.1
1092560 1337.1
1092570 1336.5
1092580 1335.9
1092590 1335.9
1092600 1333.6
1092610 1332.9
1092620 1332.9
1092630 1334.4
1092640 1334.1
1092650 1334.1
1092660 1333.7
1092670 1332.7
1092680 1332.7
1092690 1331.6
1092700 1331.0
1092710 1331.0
1092720 1330.1
1092730 1329.8
1092740 1329.8
1092750 1329.8
1092760 1329.5
1092770 1328.4
1092780 1328.4
1092790 1327.6
1092800 1326.5
1092810 1326.5
1092820 1324.9
1092830 1323.0
1092840 1323.0
1092850 1325.8
1092860 1325.4
1092870 1325.4
1092880 1324.8
1092890 1324.0
1092900 1324.0
1092910 1322.8
1092920 1321.5
1092930 1321.5
1092940 1320.6
1092950 1319.3
1092960 1319.3
1092970 1318.2
1092980 1317.2
1092990 1317.2
1093000 1316.3
1093010 1314.9
1093020 1314.9
1093030 1314.0
1093040 1312.6
1093050 1311.5
1093060 1311.5
1093070 1310.0
1093080 1308.4
1093090 1308.4
1093100 1307.3
1093110 1305.9
1093120 1305.9
1093130 1304.3
1093140 1303.7
1093150 1303.7
1093160 1301.8
1093170 1298.8
1093180 1298.8
1093190 1295.9
1093200 1294.1
1093210 1294.1
1093220 1292.4
1093230 1291.1
1093240 1291.1
1093250 1289.4
1093260 1287.6
1093270 1287.6
1093280 1285.3
1093290 1283.4
1093300 1283.4
1093310 1281.1
1093320 1278.5
1093330 1278.5
1093340 1275.4
1093350 1272.8
1093360 1270.7
1093370 1270.7
1093380 1266.7
1093390 1263.5
1093400 1263.5
1093410 1258.4
1093420 1253.6
1093430 1253.6
1093440 1248.8
1093450 1243.4
1093460 1243.4
1093470 1239.5
1093480 1232.2
1093490 1232.2
1093500 1224.4
1093510 1218.7
1093520 1218.7
1093530 1215.6
1093540 1213.3
1093550 1213.3
1093560 1210.9
1093570 1207.2
1093580 1207.2
1093590 1203.1
1093600 1200.2
1093610 1200.2
1093620 1198.1
1093630 1196.1
1093640 1196.1
1093650 1194.8
1093660 1193.3
1093670 1193.3
1093680 1191.9
1093690 1189.6
1093700 1187.4
1093710 1187.4
1093720 1186.2
1093730 1185.9
1093740 1185.9
1093750 1185.6
1093760 1185.1
1093770 1185.1
1093780 1183.8
1093790 1182.3
1093800 1180.3
1093810 1177.5
1093820 1174.2
1093830 1174.2
1093840 1171.1
1093850 1169.5
1093860 1169.5
1093870 1168.0
1093880 1166.1
1093890 1166.1
1093900 1164.6
1093910 1163.8
1093920 1163.8
1093930 1163.8
1093940 1162.8
1093950 1162.8
1093960 1161.2
1093970 1158.7
1093980 1158.7
1093990 1156.6
1094000 1155.1
1094010 1153.6
1094020 1153.6
1094030 1151.6
1094040 1148.4
1094050 1148.4
1094060 1144.6
1094070 1143.6
1094080 1143.6
1094090 1143.8
1094100 1143.6
1094110 1143.6
1094120 1141.3
1094130 1140.4
1094140 1140.4
1094150 1138.8
1094160 1138.7
1094170 1138.7
1094180 1140.6
1094190 1141.6
1094200 1141.6
1094210 1141.9
1094220 1141.1
1094230 1141.1
1094240 1139.9
1094250 1138.5
1094260 1138.5
1094270 1136.0
1094280 1132.0
1094290 1132.0
1094300 1127.2
1094310 1123.0
1094320 1119.6
1094330 1119.6
1094340 1116.7
1094350 1114.6
1094360 1114.6
1094370 1111.2
1094380 1107.0
1094390 1107.0
1094400 1102.6
1094410 1098.4
1094420 1098.4
1094430 1094.1
1094440 1089.7
1094450 1089.5
1094460 1086.0
1094470 1081.9
1094480 1081.9
1094490 1077.3
1094500 1072.3
1094510 1072.3
1094520 1068.0
1094530 1063.0
1094540 1063.0
1094550 1057.9
1094560 1052.9
1094570 1052.9
1094580 1047.1
1094590 1041.7
1094600 1041.7
1094610 1037.0
1094620 1033.2
1094630 1033.2
1094640 1030.9
1094650 1029.0
1094660 1027.4
1094670 1027.4
1094680 1025.6
1094690 1024.3
1094700 1024.3
1094710 1023.2
1094720 1022.6
1094730 1022.6
1094740 1021.2
1094750 1017.6
1094760 1017.6
1094770 1012.9
1094780 1010.6
1094790 1010.6
1094800 1008.6
1094810 1006.7
1094820 1006.7
1094830 1004.5
1094840 1003.5
1094850 1003.5
1094860 1003.1
1094870 1001.5
1094880 1001.5
1094890 999.2
1094900 996.1
1094910 996.1
1094920 993.0
1094930 989.9
1094940 989.9
1094950 987.4
1094960 984.8
1094970 981.9
1094980 981.9
1094990 979.9
1095000 977.6
1095010 977.6
1095020 974.6
1095030 972.4
1095040 972.4
1095050 972.0
1095060 970.6
1095070 970.6
1095080 968.3
1095090 967.1
1095100 967.1
1095110 965.2
1095120 964.4
1095130 964.4
1095140 962.9
1095150 960.8
1095160 960.8
1095170 958.2
1095180 955.8
1095190 955.8
1095200 954.7
1095210 953.8
1095220 953.8
1095230 952.2
1095240 950.3
1095250 950.3
1095260 949.2
1095270 948.2
1095280 948.2
1095290 945.8
1095300 943.1
1095310 941.5
1095320 941.5
1095330 939.0
1095340 937.9
1095350 937.9
1095360 939.2
1095370 940.0
1095380 940.0
1095390 938.1
1095400 935.1
1095410 935.1
1095420 932.5
1095430 928.1
1095440 928.1
1095450 924.8
1095460 920.0
1095470 920.0
1095480 913.6
1095490 905.1
1095500 905.1
1095510 898.6
1095520 893.4
1095530 893.4
1095540 889.4
1095550 886.7
1095560 886.7
1095570 884.3
1095580 881.0
1095590 881.0
1095600 877.8
1095610 876.9
1095620 875.7
1095630 875.7
1095640 873.6
1095650 872.1
1095660 872.1
1095670 871.4
1095680 870.9
1095690 870.9
1095700 869.7
1095710 867.3
1095720 867.3
1095730 864.9
1095740 861.7
1095750 861.7
1095760 854.0
1095770 849.2
1095780 849.2
1095790 843.4
1095800 837.8
1095810 837.8
1095820 835.0
1095830 833.3
1095840 833.3
1095850 829.9
1095860 826.6
1095870 826.6
1095880 822.2
1095890 817.5
1095900 817.5
1095910 813.2
1095920 808.3
1095930 803.0
1095940 803.0
1095950 798.2
1095960 795.5
1095970 795.5
1095980 793.3
1095990 789.9
1096000 789.9
1096010 785.7
1096020 781.4
1096030 781.4
1096040 776.2
1096050 768.8
1096060 768.8
1096070 764.8
1096080 766.8
1096090 760.6
1096100 760.8
1096110 758.5
1096120 758.5
1096130 755.2
1096140 752.5
1096150 752.5
1096160 749.2
1096170 744.7
1096180 744.7
1096190 740.3
1096200 736.4
1096210 736.4
1096220 732.7
1096230 729.2
1096240 729.2
1096250 725.9
1096260 723.0
1096270 719.9
1096280 719.9
1096290 715.9
1096300 711.5
1096310 711.5
1096320 707.8
1096330 705.0
1096340 705.0
1096350 702.6
1096360 700.1
1096370 700.1
1096380 698.1
1096390 696.0
1096400 696.0
1096410 694.0
1096420 689.7
1096430 689.7
1096440 686.7
1096450 683.9
1096460 683.9
1096470 680.8
1096480 678.1
1096490 678.1
1096500 675.9
1096510 673.7
1096520 673.7
1096530 671.3
1096540 668.7
1096550 668.7
1096560 666.2
1096570 664.7
1096580 664.0
1096590 664.0
1096600 662.1
1096610 661.4
1096620 661.4
1096630 660.2
1096640 658.6
1096650 658.6
1096660 658.0
1096670 657.5
1096680 657.5
1096690 656.6
1096700 655.8
1096710 655.8
1096720 655.2
1096730 654.7
1096740 654.7
1096750 653.7
1096760 653.2
1096770 653.2
1096780 652.8
1096790 652.2
1096800 652.2
1096810 651.7
1096820 651.5
1096830 651.5
1096840 651.6
1096850 651.7
1096860 651.7
1096870 651.7
1096880 651.5
1096890 651.4
1096900 651.4
1096910 651.3
1096920 649.6
1096930 649.6
1096940 641.4
1096950 631.6
1096960 631.6
1096970 623.2
1096980 614.9
1096990 614.9
1097000 616.5
1097010 624.0
1097020 624.0
1097030 628.4
1097040 633.9
1097050 633.9
1097060 637.0
1097070 640.6
1097080 637.4
1097090 641.9
1097100 644.3
1097110 644.3
1097120 647.9
1097130 652.0
1097140 652.0
1097150 654.1
1097160 655.5
1097170 655.5
1097180 657.1
1097190 658.9
1097200 658.9
1097210 661.0
1097220 663.3
1097230 665.8
1097240 665.8
1097250 668.4
1097260 671.1
1097270 671.1
1097280 674.0
1097290 676.8
1097300 676.8
1097310 679.2
1097320 681.0
1097330 681.0
1097340 682.0
1097350 682.9
1097360 682.9
1097370 684.1
1097380 686.6
1097390 686.6
1097400 689.6
1097410 689.5
1097420 689.5
1097430 694.9
1097440 700.4
1097450 700.4
1097460 705.8
1097470 710.8
1097480 710.8
1097490 715.9
1097500 721.0
1097510 721.0
1097520 725.6
1097530 729.0
1097540 731.2
1097550 731.2
1097560 733.0
1097570 734.1
1097580 734.1
1097590 735.0
1097600 735.6
1097610 735.6
1097620 735.5
1097630 734.1
1097640 734.1
1097650 731.1
1097660 724.6
1097670 724.6
1097680 719.1
1097690 715.2
1097700 715.2
1097710 710.7
1097720 707.0
1097730 707.0
1097740 694.8
1097750 692.4
1097760 692.4
1097770 693.0
1097780 694.7
1097790 694.7
1097800 692.9
1097810 689.3
1097820 689.3
1097830 687.8
1097840 685.4
1097850 682.8
1097860 682.8
1097870 679.2
1097880 673.8
1097890 673.8
1097900 670.6
1097910 669.6
1097920 669.6
1097930 667.7
1097940 665.4
1097950 665.4
1097960 663.1
1097970 660.1
1097980 660.1
1097990 657.6
1098000 655.7
1098010 655.7
1098020 653.9
1098030 652.2
1098040 652.2
1098050 649.9
1098060 647.9
1098070 647.0
1098080 645.0
1098090 642.9
1098100 642.9
1098110 640.8
1098120 641.0
1098130 641.0
1098140 641.1
1098150 640.5
1098160 640.5
1098170 639.9
1098180 639.2
1098190 638.4
1098200 638.4
1098210 637.3
1098220 636.2
1098230 636.2
1098240 634.7
1098250 633.0
1098260 633.0
1098270 631.2
1098280 629.3
1098290 629.3
1098300 627.5
1098310 625.8
1098320 625.8
1098330 624.0
1098340 621.9
1098350 621.9
1098360 620.7
1098370 620.2
1098380 620.2
1098390 618.4
1098400 616.8
1098410 616.8
1098420 616.1
1098430 615.9
1098440 615.9
1098450 615.4
1098460 614.6
1098470 614.6
1098480 614.2
1098490 614.4
1098500 614.8
1098510 614.8
1098520 614.7
1098530 614.4
1098540 614.4
1098550 614.3
1098560 613.6
1098570 613.6
1098580 612.4
1098590 608.8
1098600 608.8
1098610 604.1
1098620 603.3
1098630 603.3
1098640 602.3
1098650 601.6
1098660 601.6
1098670 600.5
1098680 597.2
1098690 597.2
1098700 594.5
1098710 590.5
1098720 590.5
1098730 582.1
1098740 579.8
1098750 579.8
1098760 577.3
1098770 577.0
1098780 577.0
1098790 575.8
1098800 574.3
1098810 572.0
1098820 572.0
1098830 571.8
1098840 573.0
1098850 573.0
1098860 573.2
1098870 573.8
1098880 573.8
1098890 576.6
1098900 583.7
1098910 583.7
1098920 588.1
1098930 590.7
1098940 590.7
1098950 591.1
1098960 590.9
1098970 590.9
1098980 590.8
1098990 591.0
1099000 591.0
1099010 592.2
1099020 594.4
1099030 594.4
1099040 595.2
1099050 594.3
1099060 589.9
1099070 589.0
1099080 588.5
1099090 588.5
1099100 588.1
1099110 587.8
1099120 587.6
1099130 587.6
1099140 587.1
1099150 586.6
1099160 586.6
1099170 585.6
1099180 585.5
1099190 585.5
1099200 585.5
1099210 585.3
1099220 585.3
1099230 585.2
1099240 585.0
1099250 585.0
1099260 583.0
1099270 577.7
1099280 577.7
1099290 572.6
1099300 568.4
1099310 568.4
1099320 566.7
1099330 566.1
1099340 566.1
1099350 566.0
1099360 566.1
1099370 566.1
1099380 566.1
1099390 566.1
1099400 566.1
1099410 565.9
1099420 565.9
1099430 565.9
1099440 566.1
1099450 566.2
1099460 563.5
1099470 563.5
1099480 555.3
1099490 552.7
1099500 552.7
1099510 553.8
1099520 557.5
1099530 557.5
1099540 560.2
1099550 557.6
1099560 557.6
1099570 555.2
1099580 555.2
1099590 555.2
1099600 555.2
1099610 555.2
1099620 555.2
1099630 555.2
1099640 555.2
1099650 555.2
1099660 555.2
1099670 555.2
1099680 555.2
1099690 555.2
1099700 555.2
1099710 555.2
1099720 555.8
1099730 559.1
1099740 559.1
1099750 564.6
1099760 570.8
1099770 573.7
1099780 573.7
1099790 577.7
1099800 581.4
1099810 581.4
1099820 583.0
1099830 583.8
1099840 583.8
1099850 585.6
1099860 588.0
1099870 588.0
1099880 589.9
1099890 592.5
1099900 592.5
1099910 595.5
1099920 597.5
1099930 597.5
1099940 598.2
1099950 598.3
1099960 598.3
1099970 597.9
1099980 597.3
1099990 597.3
