1080000 413.7
1080010 413.9
1080020 413.9
1080030 413.9
1080040 414.1
1080050 414.2
1080060 414.1
1080070 414.1
1080080 414.1
1080090 414.1
1080100 414.1
1080110 414.1
1080120 414.3
1080130 414.3
1080140 414.3
1080150 414.3
1080160 414.3
1080170 414.3
1080180 414.3
1080190 414.3
1080200 414.3
1080210 414.2
1080220 414.2
1080230 414.3
1080240 414.4
1080250 414.4
1080260 414.5
1080270 414.6
1080280 414.6
1080290 414.7
1080300 414.8
1080310 414.8
1080320 414.8
1080330 414.9
1080340 414.9
1080350 415.0
1080360 415.0
1080370 415.1
1080380 415.1
1080390 415.1
1080400 415.4
1080410 415.4
1080420 415.5
1080430 415.5
1080440 415.8
1080450 417.6
1080460 419.1
1080470 419.1
1080480 419.3
1080490 419.4
1080500 419.4
1080510 419.2
1080520 416.9
1080530 416.9
1080540 416.5
1080550 416.7
1080560 416.7
1080570 416.8
1080580 416.9
1080590 416.9
1080600 417.1
1080610 417.2
1080620 417.2
1080630 417.3
1080640 417.5
1080650 417.5
1080660 417.6
1080670 417.7
1080680 417.7
1080690 417.7
1080700 417.7
1080710 417.7
1080720 417.7
1080730 417.8
1080740 417.9
1080750 418.1
1080760 418.1
1080770 418.1
1080780 418.1
1080790 418.2
1080800 418.3
1080810 418.3
1080820 418.7
1080830 418.8
1080840 418.8
1080850 418.7
1080860 418.8
1080870 418.8
1080880 418.8
1080890 418.7
1080900 418.7
1080910 419.1
1080920 419.4
1080930 419.4
1080940 419.4
1080950 419.4
1080960 419.4
1080970 419.5
1080980 419.6
1080990 419.6
1081000 419.6
1081010 419.7
1081020 419.7
1081030 419.7
1081040 419.5
1081050 419.6
1081060 419.6
1081070 419.9
1081080 419.9
1081090 419.9
1081100 419.9
1081110 419.9
1081120 419.9
1081130 419.9
1081140 420.0
1081150 420.0
1081160 420.3
1081170 420.5
1081180 420.5
1081190 420.4
1081200 420.6
1081210 420.6
1081220 420.7
1081230 420.7
1081240 420.7
1081250 420.6
1081260 420.6
1081270 420.6
1081280 420.9
1081290 421.0
1081300 421.0
1081310 420.9
1081320 421.1
1081330 421.0
1081340 421.0
1081350 420.9
1081360 421.0
1081370 421.0
1081380 421.2
1081390 421.4
1081400 421.4
1081410 421.6
1081420 422.1
1081430 422.1
1081440 422.7
1081450 422.3
1081460 422.3
1081470 422.0
1081480 422.1
1081490 422.1
1081500 422.3
1081510 422.4
1081520 422.4
1081530 422.4
1081540 422.9
1081550 422.9
1081560 423.1
1081570 423.1
1081580 423.1
1081590 423.3
1081600 423.3
1081610 423.3
1081620 423.6
1081630 423.2
1081640 423.2
1081650 423.0
1081660 423.3
1081670 423.7
1081680 423.7
1081690 423.8
1081700 423.8
1081710 423.8
1081720 423.9
1081730 424.0
1081740 424.0
1081750 423.8
1081760 424.2
1081770 424.2
1081780 424.9
1081790 424.8
1081800 424.8
1081810 424.2
1081820 424.4
1081830 424.4
1081840 424.5
1081850 424.4
1081860 424.4
1081870 424.4
1081880 424.4
1081890 424.4
1081900 424.3
1081910 424.4
1081920 424.4
1081930 424.5
1081940 424.5
1081950 424.5
1081960 424.6
1081970 424.5
1081980 424.6
1081990 424.6
1082000 424.8
1082010 424.9
1082020 424.8
1082030 424.9
1082040 424.9
1082050 424.9
1082060 425.0
1082070 425.0
1082080 425.0
1082090 425.1
1082100 425.2
1082110 425.2
1082120 425.2
1082130 425.3
1082140 425.3
1082150 425.4
1082160 425.4
1082170 425.4
1082180 425.4
1082190 425.5
1082200 425.5
1082210 425.5
1082220 425.5
1082230 425.5
1082240 425.5
1082250 425.4
1082260 425.4
1082270 425.4
1082280 425.3
1082290 425.3
1082300 425.3
1082310 425.4
1082320 425.4
1082330 425.4
1082340 424.4
1082350 424.2
1082360 424.2
1082370 424.5
1082380 424.9
1082390 424.9
1082400 425.5
1082410 428.0
1082420 428.0
1082430 429.2
1082440 427.7
1082450 427.7
1082460 426.8
1082470 426.9
1082480 426.9
1082490 427.0
1082500 427.1
1082510 427.1
1082520 427.1
1082530 427.3
1082540 427.3
1082550 427.3
1082560 427.2
1082570 427.2
1082580 427.0
1082590 426.8
1082600 426.8
1082610 427.0
1082620 427.1
1082630 427.0
1082640 427.0
1082650 427.2
1082660 427.5
1082670 427.5
1082680 427.5
1082690 427.4
1082700 427.4
1082710 427.6
1082720 428.2
1082730 428.2
1082740 427.7
1082750 427.7
1082760 427.7
1082770 427.9
1082780 428.2
1082790 428.2
1082800 428.3
1082810 428.5
1082820 428.5
1082830 428.7
1082840 428.8
1082850 428.8
1082860 428.8
1082870 428.8
1082880 428.8
1082890 428.9
1082900 429.1
1082910 429.1
1082920 429.2
1082930 429.4
1082940 429.4
1082950 429.4
1082960 429.4
1082970 429.4
1082980 429.4
1082990 429.4
1083000 429.9
1083010 429.9
1083020 430.4
1083030 430.6
1083040 430.6
1083050 430.8
1083060 431.3
1083070 431.3
1083080 431.3
1083090 431.4
1083100 431.4
1083110 431.4
1083120 431.3
1083130 431.3
1083140 432.0
1083150 433.0
1083160 433.0
1083170 433.9
1083180 434.2
1083190 434.2
1083200 434.2
1083210 434.1
1083220 434.1
1083230 434.1
1083240 434.1
1083250 434.1
1083260 434.0
1083270 434.1
1083280 434.2
1083290 434.2
1083300 435.1
1083310 436.0
1083320 436.0
1083330 436.1
1083340 433.4
1083350 433.4
1083360 432.1
1083370 432.6
1083380 432.6
1083390 433.6
1083400 435.6
1083410 435.6
1083420 433.2
1083430 434.3
1083440 434.3
1083450 436.0
1083460 435.7
1083470 435.7
1083480 435.3
1083490 434.7
1083500 434.7
1083510 434.1
1083520 433.7
1083530 433.7
1083540 433.5
1083550 433.4
1083560 433.4
1083570 433.3
1083580 433.2
1083590 433.4
1083600 433.4
1083610 433.4
1083620 433.4
1083630 433.4
1083640 433.3
1083650 433.6
1083660 433.6
1083670 433.7
1083680 433.5
1083690 433.5
1083700 433.5
1083710 433.4
1083720 433.4
1083730 433.6
1083740 433.8
1083750 433.8
1083760 433.8
1083770 433.9
1083780 433.9
1083790 434.0
1083800 434.1
1083810 434.1
1083820 434.3
1083830 434.4
1083840 434.4
1083850 434.7
1083860 435.0
1083870 435.0
1083880 434.9
1083890 434.9
1083900 434.9
1083910 435.3
1083920 435.3
1083930 435.6
1083940 435.6
1083950 435.7
1083960 435.6
1083970 435.6
1083980 435.7
1083990 436.1
1084000 436.1
1084010 436.1
1084020 436.1
1084030 436.1
1084040 436.4
1084050 436.6
1084060 436.6
1084070 436.6
1084080 436.7
1084090 436.7
1084100 436.9
1084110 437.0
1084120 437.0
1084130 436.9
1084140 437.0
1084150 437.0
1084160 437.5
1084170 437.8
1084180 437.8
1084190 437.9
1084200 438.0
1084210 438.0
1084220 438.7
1084230 438.9
1084240 438.9
1084250 438.6
1084260 438.7
1084270 438.7
1084280 438.7
1084290 438.9
1084300 439.1
1084310 439.1
1084320 439.1
1084330 439.5
1084340 439.5
1084350 439.9
1084360 439.7
1084370 439.7
1084380 439.9
1084390 440.2
1084400 440.2
1084410 440.2
1084420 440.5
1084430 440.5
1084440 440.7
1084450 440.8
1084460 440.8
1084470 441.2
1084480 441.3
1084490 441.3
1084500 441.4
1084510 441.6
1084520 441.6
1084530 442.0
1084540 442.7
1084550 443.2
1084560 442.6
1084570 443.1
1084580 443.2
1084590 443.2
1084600 443.1
1084610 443.0
1084620 443.0
1084630 442.8
1084640 442.9
1084650 442.9
1084660 443.3
1084670 443.7
1084680 443.7
1084690 444.0
1084700 444.0
1084710 444.0
1084720 444.0
1084730 444.1
1084740 444.1
1084750 444.0
1084760 444.4
1084770 444.4
1084780 445.5
1084790 445.5
1084800 445.5
1084810 445.3
1084820 445.3
1084830 445.3
1084840 445.5
1084850 445.6
1084860 445.6
1084870 446.0
1084880 446.4
1084890 447.0
1084900 447.0
1084910 447.2
1084920 447.5
1084930 447.5
1084940 447.9
1084950 448.2
1084960 448.2
1084970 448.6
1084980 449.2
1084990 449.2
1085000 449.7
1085010 450.2
1085020 450.2
1085030 450.6
1085040 451.0
1085050 451.0
1085060 451.6
1085070 452.2
1085080 452.2
1085090 453.1
1085100 454.6
1085110 454.6
1085120 454.7
1085130 454.6
1085140 454.6
1085150 455.0
1085160 455.8
1085170 455.8
1085180 456.6
1085190 457.2
1085200 457.6
1085210 457.6
1085220 458.3
1085230 458.8
1085240 458.8
1085250 460.0
1085260 460.9
1085270 460.9
1085280 461.4
1085290 462.1
1085300 462.1
1085310 462.7
1085320 462.7
1085330 462.7
1085340 463.3
1085350 463.5
1085360 463.5
1085370 464.6
1085380 464.9
1085390 464.9
1085400 464.6
1085410 466.1
1085420 466.1
1085430 466.7
1085440 466.8
1085450 466.8
1085460 468.1
1085470 468.4
1085480 468.4
1085490 469.0
1085500 469.8
1085510 469.8
1085520 470.5
1085530 470.8
1085540 471.3
1085550 471.3
1085560 471.9
1085570 472.5
1085580 472.5
1085590 472.9
1085600 473.7
1085610 473.7
1085620 474.0
1085630 473.9
1085640 473.9
1085650 474.1
1085660 474.5
1085670 474.5
1085680 474.9
1085690 475.7
1085700 475.7
1085710 476.2
1085720 476.2
1085730 476.2
1085740 476.0
1085750 476.8
1085760 476.8
1085770 476.7
1085780 476.8
1085790 476.8
1085800 476.8
1085810 477.0
1085820 477.0
1085830 477.4
1085840 478.1
1085850 479.0
1085860 479.0
1085870 479.7
1085880 480.9
1085890 480.9
1085900 482.3
1085910 484.4
1085920 484.4
1085930 487.1
1085940 491.0
1085950 491.0
1085960 497.8
1085970 500.8
1085980 500.8
1085990 502.5
1086000 503.3
1086010 503.3
1086020 507.2
1086030 509.8
1086040 509.8
1086050 511.0
1086060 515.2
1086070 515.2
1086080 518.7
1086090 519.5
1086100 519.5
1086110 522.3
1086120 526.1
1086130 526.1
1086140 529.0
1086150 531.2
1086160 532.3
1086170 532.3
1086180 533.7
1086190 535.9
1086200 535.9
1086210 536.5
1086220 537.9
1086230 537.9
1086240 540.1
1086250 542.5
1086260 542.5
1086270 544.6
1086280 548.7
1086290 548.7
1086300 550.0
1086310 551.0
1086320 551.0
1086330 554.9
1086340 557.0
1086350 557.0
1086360 558.6
1086370 560.3
1086380 560.3
1086390 561.5
1086400 562.5
1086410 562.5
1086420 565.2
1086430 566.5
1086440 566.5
1086450 568.5
1086460 571.2
1086470 571.2
1086480 574.4
1086490 576.6
1086500 580.0
1086510 580.0
1086520 584.1
1086530 587.2
1086540 587.2
1086550 589.0
1086560 591.9
1086570 591.9
1086580 596.0
1086590 599.2
1086600 599.2
1086610 601.0
1086620 603.8
1086630 603.8
1086640 607.4
1086650 610.7
1086660 610.7
1086670 613.9
1086680 616.5
1086690 616.5
1086700 618.8
1086710 621.1
1086720 621.1
1086730 622.8
1086740 624.1
1086750 624.1
1086760 627.0
1086770 630.9
1086780 630.9
1086790 635.3
1086800 640.9
1086810 643.8
1086820 643.8
1086830 644.8
1086840 645.1
1086850 645.1
1086860 645.1
1086870 644.6
1086880 644.6
1086890 643.9
1086900 643.2
1086910 643.2
1086920 642.6
1086930 642.1
1086940 642.1
1086950 642.5
1086960 642.6
1086970 642.6
1086980 642.6
1086990 643.1
1087000 643.1
1087010 644.0
1087020 645.5
1087030 645.5
1087040 646.4
1087050 647.0
1087060 647.0
1087070 647.9
1087080 649.2
1087090 649.2
1087100 650.7
1087110 652.3
1087120 652.9
1087130 653.9
1087140 655.9
1087150 658.2
1087160 658.2
1087170 660.1
1087180 662.1
1087190 662.1
1087200 664.1
1087210 666.6
1087220 666.6
1087230 670.3
1087240 672.4
1087250 672.4
1087260 674.3
1087270 675.1
1087280 675.1
1087290 677.4
1087300 680.5
1087310 680.5
1087320 684.2
1087330 688.4
1087340 688.4
1087350 692.5
1087360 695.4
1087370 695.4
1087380 697.1
1087390 697.7
1087400 697.7
1087410 695.6
1087420 692.4
1087430 692.4
1087440 696.6
1087450 700.3
1087460 704.9
1087470 704.9
1087480 708.9
1087490 713.5
1087500 713.5
1087510 717.6
1087520 722.3
1087530 722.3
1087540 726.9
1087550 729.7
1087560 729.7
1087570 733.0
1087580 738.8
1087590 738.8
1087600 745.9
1087610 752.0
1087620 752.0
1087630 757.0
1087640 760.4
1087650 760.4
1087660 762.9
1087670 765.4
1087680 765.4
1087690 767.8
1087700 770.3
1087710 770.3
1087720 772.3
1087730 774.6
1087740 774.6
1087750 776.7
1087760 778.8
1087770 778.9
1087780 778.9
1087790 779.9
1087800 783.0
1087810 783.0
1087820 785.3
1087830 786.8
1087840 786.8
1087850 788.1
1087860 789.5
1087870 789.5
1087880 792.2
1087890 796.4
1087900 796.4
1087910 799.2
1087920 801.3
1087930 801.3
1087940 803.8
1087950 805.5
1087960 805.5
1087970 807.6
1087980 810.5
1087990 810.5
1088000 812.3
1088010 814.8
1088020 814.8
1088030 817.6
1088040 819.6
1088050 819.6
1088060 821.9
1088070 824.6
1088080 824.6
1088090 825.9
1088100 828.9
1088110 831.5
1088120 831.5
1088130 834.0
1088140 836.6
1088150 836.6
1088160 838.7
1088170 839.9
1088180 839.9
1088190 840.6
1088200 842.1
1088210 842.1
1088220 843.0
1088230 843.4
1088240 843.4
1088250 844.0
1088260 844.2
1088270 844.2
1088280 844.3
1088290 845.1
1088300 845.1
1088310 846.5
1088320 847.9
1088330 847.9
1088340 849.1
1088350 850.6
1088360 850.6
1088370 851.6
1088380 853.7
1088390 853.7
1088400 857.3
1088410 857.0
1088420 857.5
1088430 857.5
1088440 858.7
1088450 859.3
1088460 859.3
1088470 862.7
1088480 867.7
1088490 867.7
1088500 871.9
1088510 875.4
1088520 875.4
1088530 877.7
1088540 878.7
1088550 878.7
1088560 879.8
1088570 880.7
1088580 880.7
1088590 882.2
1088600 882.8
1088610 882.8
1088620 883.2
1088630 884.4
1088640 884.4
1088650 888.0
1088660 891.0
1088670 891.0
1088680 893.8
1088690 895.7
1088700 895.7
1088710 897.8
1088720 899.6
1088730 897.1
1088740 899.4
1088750 901.9
1088760 903.7
1088770 903.7
1088780 904.9
1088790 905.7
1088800 905.7
1088810 906.6
1088820 907.3
1088830 907.3
1088840 907.8
1088850 908.1
1088860 908.1
1088870 908.0
1088880 907.4
1088890 907.4
1088900 907.3
1088910 907.7
1088920 907.7
1088930 908.0
1088940 907.5
1088950 907.5
1088960 907.3
1088970 907.8
1088980 907.8
1088990 907.3
1089000 908.1
1089010 908.1
1089020 910.7
1089030 914.2
1089040 914.2
1089050 919.6
1089060 920.9
1089070 919.4
1089080 919.4
1089090 918.4
1089100 920.5
1089110 920.5
1089120 923.4
1089130 929.1
1089140 929.1
1089150 934.4
1089160 939.0
1089170 939.0
1089180 943.4
1089190 947.2
1089200 947.2
1089210 949.7
1089220 950.1
1089230 950.1
1089240 949.4
1089250 950.1
1089260 950.1
1089270 949.5
1089280 948.5
1089290 948.5
1089300 947.0
1089310 948.2
1089320 948.2
1089330 949.5
1089340 949.2
1089350 949.2
1089360 948.2
1089370 947.8
1089380 943.8
1089390 943.8
1089400 944.3
1089410 943.7
1089420 943.7
1089430 940.3
1089440 934.2
1089450 934.2
1089460 937.8
1089470 945.5
1089480 945.5
1089490 953.6
1089500 961.2
1089510 961.2
1089520 966.8
1089530 971.8
1089540 971.8
1089550 976.4
1089560 980.0
1089570 980.0
1089580 983.2
1089590 987.1
1089600 987.1
1089610 990.5
1089620 992.8
1089630 992.8
1089640 993.4
1089650 993.0
1089660 993.0
1089670 992.0
1089680 990.1
1089690 990.1
1089700 984.1
1089710 981.4
1089720 982.1
1089730 982.1
1089740 983.4
1089750 983.8
1089760 983.8
1089770 984.9
1089780 985.5
1089790 985.5
1089800 984.4
1089810 983.2
1089820 983.2
1089830 982.5
1089840 981.9
1089850 981.9
1089860 981.6
1089870 980.7
1089880 980.7
1089890 977.6
1089900 975.2
1089910 975.2
1089920 972.9
1089930 971.6
1089940 971.6
1089950 969.9
1089960 969.6
1089970 969.6
1089980 968.3
1089990 969.6
1090000 969.6
1090010 973.3
1090020 973.1
1090030 976.2
1090040 976.2
1090050 982.7
1090060 989.1
1090070 989.1
1090080 993.2
1090090 997.0
1090100 997.0
1090110 1004.5
1090120 1010.3
1090130 1010.3
1090140 1016.2
1090150 1017.9
1090160 1017.9
1090170 1017.8
1090180 1018.0
1090190 1018.0
1090200 1016.9
1090210 1017.4
1090220 1017.4
1090230 1017.9
1090240 1018.6
1090250 1018.6
1090260 1020.1
1090270 1021.6
1090280 1021.6
1090290 1023.1
1090300 1023.9
1090310 1023.9
1090320 1025.0
1090330 1026.2
1090340 1029.1
1090350 1029.5
1090360 1032.2
1090370 1034.6
1090380 1034.6
1090390 1036.0
1090400 1037.7
1090410 1037.7
1090420 1039.9
1090430 1042.0
1090440 1042.0
1090450 1045.4
1090460 1048.4
1090470 1048.4
1090480 1050.8
1090490 1053.9
1090500 1053.9
1090510 1057.8
1090520 1060.4
1090530 1060.4
1090540 1062.5
1090550 1065.7
1090560 1065.7
1090570 1067.9
1090580 1071.0
1090590 1071.0
1090600 1073.8
1090610 1076.5
1090620 1076.5
1090630 1079.7
1090640 1083.2
1090650 1083.2
1090660 1086.9
1090670 1091.0
1090680 1094.4
1090690 1094.4
1090700 1097.9
1090710 1101.1
1090720 1101.1
1090730 1106.1
1090740 1110.2
1090750 1110.2
1090760 1114.7
1090770 1117.8
1090780 1117.8
1090790 1120.4
1090800 1123.8
1090810 1123.8
1090820 1127.9
1090830 1133.9
1090840 1133.9
1090850 1140.9
1090860 1148.0
1090870 1148.0
1090880 1154.5
1090890 1159.5
1090900 1159.5
1090910 1164.4
1090920 1168.4
1090930 1168.4
1090940 1171.3
1090950 1174.2
1090960 1174.2
1090970 1176.9
1090980 1180.1
1090990 1184.4
1091000 1185.6
1091010 1189.5
1091020 1192.8
1091030 1192.8
1091040 1197.6
1091050 1202.2
1091060 1202.2
1091070 1207.2
1091080 1212.5
1091090 1212.5
1091100 1219.2
1091110 1225.9
1091120 1225.9
1091130 1231.6
1091140 1235.1
1091150 1235.1
1091160 1238.3
1091170 1241.8
1091180 1241.8
1091190 1244.9
1091200 1249.9
1091210 1249.9
1091220 1256.8
1091230 1265.2
1091240 1265.2
1091250 1274.8
1091260 1282.5
1091270 1282.5
1091280 1289.7
1091290 1296.2
1091300 1296.2
1091310 1302.3
1091320 1310.4
1091330 1312.7
1091340 1312.7
1091350 1312.5
1091360 1315.7
1091370 1315.7
1091380 1317.8
1091390 1318.9
1091400 1318.9
1091410 1319.3
1091420 1321.7
1091430 1321.7
1091440 1323.6
1091450 1325.4
1091460 1325.4
1091470 1326.8
1091480 1327.6
1091490 1327.6
1091500 1328.4
1091510 1329.1
1091520 1329.1
1091530 1329.3
1091540 1329.4
1091550 1329.4
1091560 1329.2
1091570 1328.9
1091580 1328.9
1091590 1328.3
1091600 1327.3
1091610 1327.3
1091620 1326.5
1091630 1325.3
1091640 1324.1
1091650 1328.2
1091660 1326.6
1091670 1325.2
1091680 1325.2
1091690 1323.5
1091700 1321.9
1091710 1321.9
1091720 1320.4
1091730 1318.8
1091740 1318.8
1091750 1315.9
1091760 1314.2
1091770 1314.2
1091780 1312.1
1091790 1311.7
1091800 1311.7
1091810 1309.6
1091820 1307.5
1091830 1307.5
1091840 1305.3
1091850 1303.9
1091860 1303.9
1091870 1303.9
1091880 1303.3
1091890 1303.3
1091900 1301.8
1091910 1299.4
1091920 1299.4
1091930 1298.0
1091940 1295.7
1091950 1293.4
1091960 1293.4
1091970 1294.7
1091980 1295.9
1091990 1295.9
1092000 1295.6
1092010 1294.4
1092020 1294.4
1092030 1293.7
1092040 1292.4
1092050 1292.4
1092060 1290.6
1092070 1288.6
1092080 1288.6
1092090 1288.0
1092100 1286.9
1092110 1286.9
1092120 1285.7
1092130 1284.1
1092140 1284.1
1092150 1282.8
1092160 1281.2
1092170 1281.2
1092180 1280.2
1092190 1278.9
1092200 1278.9
1092210 1277.7
1092220 1276.0
1092230 1276.0
1092240 1273.8
1092250 1269.5
1092260 1269.5
1092270 1264.7
1092280 1265.8
1092290 1264.8
1092300 1269.8
1092310 1262.6
1092320 1261.1
1092330 1261.1
1092340 1268.4
1092350 1269.6
1092360 1269.6
1092370 1269.3
1092380 1268.2
1092390 1268.2
1092400 1266.8
1092410 1267.5
1092420 1267.5
1092430 1265.6
1092440 1266.4
1092450 1266.4
1092460 1264.8
1092470 1260.4
1092480 1260.4
1092490 1262.9
1092500 1259.7
1092510 1259.7
1092520 1261.7
1092530 1265.4
1092540 1265.4
1092550 1265.9
1092560 1265.8
1092570 1265.8
1092580 1265.4
1092590 1265.3
1092600 1265.2
1092610 1265.2
1092620 1267.9
1092630 1267.6
1092640 1267.6
1092650 1267.1
1092660 1266.3
1092670 1266.3
1092680 1264.9
1092690 1260.1
1092700 1260.1
1092710 1257.5
1092720 1260.1
1092730 1260.1
1092740 1261.4
1092750 1260.2
1092760 1260.2
1092770 1258.0
1092780 1256.6
1092790 1256.6
1092800 1256.7
1092810 1255.6
1092820 1255.6
1092830 1253.7
1092840 1249.4
1092850 1249.4
1092860 1246.4
1092870 1247.6
1092880 1247.6
1092890 1247.5
1092900 1243.6
1092910 1239.8
1092920 1239.8
1092930 1240.1
1092940 1240.3
1092950 1243.4
1092960 1241.5
1092970 1235.8
1092980 1235.8
1092990 1227.7
1093000 1220.5
1093010 1220.5
1093020 1214.1
1093030 1212.0
1093040 1212.0
1093050 1211.6
1093060 1210.8
1093070 1210.8
1093080 1207.6
1093090 1206.1
1093100 1206.1
1093110 1208.7
1093120 1210.3
1093130 1210.3
1093140 1208.2
1093150 1203.7
1093160 1203.7
1093170 1201.3
1093180 1200.8
1093190 1200.8
1093200 1200.8
1093210 1202.4
1093220 1202.4
1093230 1203.1
1093240 1203.2
1093250 1203.1
1093260 1203.1
1093270 1210.9
1093280 1212.5
1093290 1212.5
1093300 1213.1
1093310 1215.8
1093320 1215.8
1093330 1216.9
1093340 1218.2
1093350 1218.2
1093360 1218.6
1093370 1218.6
1093380 1218.6
1093390 1218.3
1093400 1218.0
1093410 1218.0
1093420 1217.2
1093430 1215.9
1093440 1215.9
1093450 1214.0
1093460 1211.6
1093470 1211.6
1093480 1210.4
1093490 1210.0
1093500 1210.0
1093510 1209.8
1093520 1209.3
1093530 1209.3
1093540 1208.3
1093550 1207.1
1093560 1206.0
1093570 1206.0
1093580 1204.8
1093590 1203.3
1093600 1207.1
1093610 1203.4
1093620 1197.7
1093630 1197.7
1093640 1191.1
1093650 1183.2
1093660 1183.2
1093670 1177.4
1093680 1173.6
1093690 1173.6
1093700 1168.3
1093710 1163.7
1093720 1163.7
1093730 1160.3
1093740 1157.5
1093750 1157.5
1093760 1156.7
1093770 1154.7
1093780 1154.7
1093790 1150.6
1093800 1145.6
1093810 1145.6
1093820 1143.4
1093830 1141.6
1093840 1141.6
1093850 1139.7
1093860 1136.5
1093870 1136.5
1093880 1132.7
1093890 1129.5
1093900 1126.3
1093910 1126.3
1093920 1123.5
1093930 1126.2
1093940 1126.2
1093950 1125.4
1093960 1125.0
1093970 1125.0
1093980 1123.7
1093990 1122.0
1094000 1122.0
1094010 1119.6
1094020 1118.1
1094030 1118.1
1094040 1116.2
1094050 1113.6
1094060 1113.6
1094070 1111.3
1094080 1108.8
1094090 1108.8
1094100 1107.0
1094110 1107.0
1094120 1107.0
1094130 1106.1
1094140 1104.8
1094150 1104.8
1094160 1103.4
1094170 1101.4
1094180 1101.4
1094190 1099.4
1094200 1098.0
1094210 1096.2
1094220 1096.2
1094230 1094.3
1094240 1093.3
1094250 1098.0
1094260 1097.0
1094270 1095.1
1094280 1095.1
1094290 1093.0
1094300 1090.7
1094310 1090.7
1094320 1088.8
1094330 1087.6
1094340 1087.6
1094350 1086.5
1094360 1085.1
1094370 1085.1
1094380 1083.3
1094390 1082.5
1094400 1082.5
1094410 1082.1
1094420 1081.0
1094430 1081.0
1094440 1079.9
1094450 1078.7
1094460 1078.7
1094470 1076.9
1094480 1073.8
1094490 1073.8
1094500 1070.7
1094510 1068.6
1094520 1066.8
1094530 1066.8
1094540 1065.4
1094550 1064.1
1094560 1064.1
1094570 1062.4
1094580 1061.8
1094590 1061.8
1094600 1059.7
1094610 1057.3
1094620 1057.3
1094630 1054.8
1094640 1052.6
1094650 1052.6
1094660 1050.4
1094670 1047.9
1094680 1047.9
1094690 1045.8
1094700 1043.9
1094710 1043.9
1094720 1042.2
1094730 1041.2
1094740 1041.2
1094750 1039.8
1094760 1037.8
1094770 1037.8
1094780 1035.5
1094790 1032.4
1094800 1032.4
1094810 1028.5
1094820 1024.4
1094830 1024.4
1094840 1021.2
1094850 1018.9
1094860 1018.1
1094870 1018.1
1094880 1017.1
1094890 1015.3
1094900 1015.3
1094910 1015.1
1094920 1012.8
1094930 1012.8
1094940 1011.1
1094950 1009.8
1094960 1009.8
1094970 1008.4
1094980 1006.6
1094990 1006.6
1095000 1004.7
1095010 1002.5
1095020 1002.5
1095030 999.6
1095040 996.0
1095050 996.0
1095060 992.7
1095070 989.4
1095080 989.4
1095090 986.2
1095100 983.2
1095110 983.2
1095120 978.7
1095130 974.9
1095140 974.9
1095150 971.8
1095160 969.0
1095170 966.9
1095180 966.9
1095190 965.7
1095200 963.4
1095210 963.4
1095220 961.1
1095230 959.0
1095240 960.4
1095250 958.7
1095260 957.1
1095270 957.1
1095280 955.1
1095290 950.5
1095300 950.5
1095310 947.5
1095320 944.9
1095330 944.9
1095340 941.2
1095350 937.2
1095360 937.2
1095370 933.4
1095380 930.1
1095390 930.1
1095400 926.6
1095410 923.0
1095420 923.0
1095430 918.5
1095440 915.4
1095450 915.4
1095460 912.7
1095470 908.6
1095480 908.6
1095490 905.7
1095500 903.4
1095510 901.1
1095520 901.1
1095530 898.6
1095540 895.9
1095550 895.9
1095560 895.0
1095570 892.4
1095580 892.4
1095590 890.3
1095600 888.3
1095610 888.3
1095620 886.2
1095630 883.3
1095640 883.3
1095650 879.5
1095660 876.2
1095670 876.2
1095680 873.9
1095690 871.1
1095700 871.1
1095710 869.0
1095720 866.1
1095730 866.1
1095740 863.0
1095750 860.7
1095760 860.7
1095770 858.4
1095780 856.5
1095790 856.5
1095800 854.8
1095810 852.3
1095820 847.5
1095830 847.5
1095840 842.4
1095850 837.9
1095860 837.9
1095870 833.8
1095880 828.7
1095890 830.2
1095900 825.7
1095910 820.7
1095920 820.7
1095930 816.0
1095940 811.5
1095950 811.5
1095960 807.2
1095970 803.7
1095980 803.7
1095990 799.8
1096000 796.1
1096010 796.1
1096020 792.2
1096030 788.6
1096040 788.6
1096050 785.4
1096060 783.0
1096070 783.0
1096080 780.9
1096090 779.0
1096100 779.0
1096110 776.8
1096120 775.1
1096130 773.8
1096140 773.8
1096150 772.4
1096160 771.5
1096170 771.5
1096180 769.5
1096190 768.0
1096200 768.0
1096210 765.2
1096220 759.1
1096230 759.1
1096240 755.4
1096250 751.7
1096260 751.7
1096270 748.5
1096280 746.6
1096290 746.6
1096300 743.9
1096310 739.2
1096320 739.2
1096330 734.7
1096340 730.9
1096350 730.9
1096360 727.6
1096370 724.4
1096380 724.4
1096390 721.7
1096400 718.6
1096410 718.6
1096420 715.7
1096430 713.4
1096440 713.4
1096450 712.1
1096460 711.1
1096470 710.7
1096480 710.7
1096490 710.2
1096500 709.4
1096510 709.4
1096520 707.8
1096530 704.9
1096540 704.9
1096550 700.5
1096560 697.9
1096570 697.9
1096580 696.1
1096590 693.9
1096600 693.9
1096610 692.4
1096620 689.0
1096630 689.0
1096640 686.0
1096650 684.3
1096660 684.3
1096670 680.4
1096680 677.2
1096690 677.2
1096700 674.9
1096710 673.1
1096720 673.1
1096730 671.8
1096740 670.7
1096750 670.7
1096760 669.6
1096770 668.3
1096780 666.8
1096790 666.8
1096800 665.3
1096810 663.9
1096820 663.9
1096830 662.5
1096840 661.2
1096850 661.2
1096860 659.6
1096870 658.1
1096880 655.1
1096890 650.4
1096900 654.2
1096910 654.2
1096920 660.4
1096930 661.8
1096940 661.8
1096950 662.9
1096960 664.6
1096970 664.6
1096980 664.5
1096990 664.5
1097000 664.5
1097010 664.6
1097020 665.3
1097030 665.3
1097040 666.0
1097050 667.0
1097060 667.0
1097070 668.5
1097080 670.3
1097090 671.9
1097100 671.9
1097110 673.1
1097120 674.6
1097130 674.6
1097140 676.1
1097150 677.6
1097160 677.6
1097170 678.8
1097180 680.0
1097190 680.0
1097200 681.0
1097210 682.6
1097220 682.6
1097230 683.2
1097240 683.8
1097250 683.8
1097260 684.5
1097270 685.5
1097280 685.5
1097290 686.7
1097300 688.0
1097310 688.0
1097320 689.2
1097330 689.9
1097340 689.9
1097350 690.2
1097360 691.0
1097370 691.0
1097380 692.4
1097390 693.9
1097400 693.9
1097410 695.2
1097420 697.1
1097430 698.8
1097440 698.8
1097450 701.0
1097460 703.9
1097470 703.9
1097480 707.3
1097490 710.8
1097500 710.8
1097510 714.4
1097520 717.7
1097530 717.7
1097540 724.2
1097550 727.9
1097560 727.9
1097570 730.7
1097580 731.8
1097590 731.8
1097600 731.8
1097610 730.2
1097620 730.2
1097630 728.2
1097640 727.2
1097650 727.2
1097660 727.3
1097670 727.3
1097680 727.3
1097690 726.5
1097700 727.0
1097710 727.0
1097720 727.0
1097730 726.7
1097740 726.0
1097750 726.0
1097760 724.8
1097770 723.2
1097780 723.2
1097790 721.3
1097800 719.4
1097810 719.4
1097820 717.4
1097830 714.5
1097840 714.5
1097850 711.0
1097860 707.4
1097870 707.2
1097880 703.1
1097890 699.2
1097900 699.2
1097910 695.6
1097920 691.6
1097930 691.6
1097940 687.6
1097950 683.6
1097960 683.6
1097970 680.5
1097980 677.1
1097990 677.1
1098000 674.2
1098010 671.5
1098020 671.5
1098030 669.0
1098040 666.7
1098050 666.7
1098060 664.7
1098070 662.8
1098080 661.5
1098090 661.5
1098100 660.5
1098110 658.9
1098120 658.9
1098130 657.5
1098140 656.0
1098150 656.0
1098160 654.7
1098170 653.5
1098180 653.5
1098190 652.1
1098200 651.3
1098210 651.3
1098220 650.7
1098230 650.1
1098240 650.1
1098250 649.5
1098260 648.9
1098270 648.9
1098280 648.1
1098290 647.5
1098300 647.5
1098310 646.6
1098320 646.3
1098330 646.3
1098340 647.4
1098350 648.2
1098360 648.2
1098370 648.7
1098380 649.2
1098390 649.6
1098400 649.6
1098410 649.9
1098420 650.2
1098430 650.2
1098440 650.4
1098450 650.9
1098460 650.9
1098470 651.3
1098480 651.4
1098490 651.4
1098500 651.3
1098510 650.7
1098520 650.7
1098530 648.4
1098540 646.6
1098550 646.6
1098560 644.4
1098570 642.1
1098580 642.1
1098590 640.0
1098600 637.8
1098610 637.8
1098620 634.3
1098630 630.3
1098640 630.3
1098650 627.6
1098660 625.1
1098670 625.1
1098680 623.0
1098690 622.0
1098700 621.3
1098710 621.3
1098720 620.8
1098730 620.2
1098740 620.2
1098750 619.3
1098760 617.9
1098770 617.9
1098780 616.5
1098790 614.5
1098800 614.5
1098810 611.8
1098820 607.7
1098830 607.7
1098840 603.3
1098850 600.5
1098860 600.4
1098870 598.8
1098880 597.8
1098890 597.8
1098900 597.3
1098910 597.0
1098920 597.0
1098930 596.9
1098940 596.5
1098950 596.5
1098960 596.2
1098970 595.9
1098980 595.9
1098990 595.6
1099000 595.4
1099010 595.4
1099020 595.2
1099030 595.0
1099040 594.6
1099050 594.6
1099060 594.3
1099070 593.9
1099080 593.9
1099090 593.5
1099100 593.4
1099110 593.4
1099120 593.2
1099130 593.0
1099140 593.0
1099150 592.8
1099160 592.6
1099170 592.6
1099180 592.4
1099190 592.3
1099200 592.3
1099210 592.1
1099220 591.7
1099230 591.7
1099240 591.4
1099250 590.5
1099260 590.5
1099270 589.6
1099280 588.3
1099290 588.3
1099300 585.7
1099310 582.9
1099320 582.9
1099330 581.3
1099340 580.1
1099350 579.0
1099360 579.0
1099370 577.1
1099380 575.2
1099390 575.2
1099400 573.4
1099410 570.2
1099420 570.2
1099430 567.4
1099440 565.6
1099450 565.6
1099460 564.6
1099470 563.9
1099480 563.9
1099490 563.1
1099500 561.0
1099510 561.0
1099520 553.8
1099530 551.5
1099540 551.5
1099550 551.5
1099560 552.0
1099570 552.0
1099580 552.4
1099590 552.9
1099600 552.9
1099610 553.4
1099620 553.7
1099630 553.7
1099640 553.7
1099650 553.5
1099660 553.4
1099670 553.4
1099680 553.4
1099690 553.5
1099700 553.5
1099710 553.5
1099720 553.8
1099730 553.8
1099740 554.3
1099750 554.8
1099760 554.8
1099770 555.1
1099780 554.9
1099790 554.9
1099800 554.5
1099810 555.5
1099820 555.5
1099830 558.1
1099840 559.7
1099850 559.8
1099860 560.1
1099870 559.8
1099880 559.8
1099890 559.3
1099900 559.0
1099910 559.0
1099920 556.9
1099930 554.2
1099940 554.2
1099950 553.0
1099960 552.7
1099970 552.7
1099980 552.8
1099990 553.3
