1080000 410.5
1080010 410.5
1080020 410.6
1080030 410.6
1080040 410.6
1080050 410.7
1080060 410.7
1080070 410.7
1080080 410.7
1080090 410.7
1080100 410.7
1080110 410.7
1080120 410.7
1080130 410.7
1080140 410.8
1080150 410.8
1080160 410.8
1080170 410.9
1080180 410.8
1080190 410.8
1080200 410.8
1080210 410.6
1080220 410.6
1080230 410.6
1080240 410.7
1080250 410.8
1080260 410.8
1080270 410.9
1080280 410.9
1080290 410.9
1080300 410.9
1080310 410.9
1080320 410.9
1080330 411.0
1080340 411.1
1080350 411.1
1080360 411.1
1080370 411.1
1080380 411.1
1080390 411.2
1080400 411.3
1080410 411.3
1080420 411.3
1080430 411.4
1080440 411.4
1080450 411.5
1080460 411.7
1080470 411.7
1080480 411.7
1080490 411.8
1080500 411.8
1080510 412.0
1080520 412.1
1080530 412.0
1080540 412.0
1080550 411.9
1080560 411.6
1080570 411.6
1080580 411.4
1080590 411.5
1080600 411.5
1080610 411.9
1080620 412.1
1080630 412.1
1080640 412.0
1080650 412.4
1080660 412.4
1080670 412.3
1080680 412.5
1080690 412.5
1080700 412.7
1080710 412.6
1080720 412.6
1080730 412.3
1080740 412.4
1080750 412.4
1080760 413.0
1080770 413.3
1080780 413.3
1080790 413.4
1080800 413.6
1080810 413.6
1080820 413.6
1080830 413.5
1080840 413.5
1080850 413.5
1080860 413.7
1080870 413.9
1080880 413.9
1080890 414.3
1080900 414.2
1080910 414.2
1080920 414.1
1080930 414.1
1080940 414.1
1080950 414.2
1080960 414.4
1080970 414.3
1080980 414.5
1080990 414.6
1081000 414.6
1081010 414.7
1081020 414.9
1081030 414.9
1081040 414.9
1081050 415.0
1081060 415.0
1081070 415.1
1081080 415.1
1081090 415.1
1081100 416.7
1081110 417.4
1081120 417.4
1081130 417.4
1081140 417.3
1081150 417.3
1081160 416.2
1081170 415.3
1081180 415.3
1081190 415.3
1081200 415.4
1081210 415.4
1081220 415.4
1081230 415.4
1081240 415.5
1081250 415.5
1081260 415.5
1081270 415.6
1081280 415.7
1081290 415.7
1081300 415.8
1081310 415.8
1081320 415.9
1081330 416.0
1081340 416.0
1081350 416.1
1081360 416.1
1081370 416.1
1081380 416.1
1081390 416.2
1081400 416.2
1081410 416.2
1081420 416.2
1081430 416.2
1081440 416.2
1081450 416.3
1081460 416.3
1081470 416.4
1081480 416.4
1081490 416.4
1081500 416.5
1081510 416.4
1081520 416.4
1081530 416.4
1081540 416.4
1081550 416.5
1081560 416.5
1081570 416.5
1081580 416.5
1081590 416.5
1081600 416.6
1081610 416.7
1081620 416.7
1081630 416.8
1081640 416.9
1081650 416.9
1081660 416.9
1081670 416.9
1081680 416.9
1081690 416.8
1081700 416.8
1081710 416.8
1081720 416.8
1081730 416.9
1081740 416.9
1081750 416.9
1081760 417.0
1081770 417.0
1081780 417.0
1081790 417.0
1081800 417.0
1081810 417.0
1081820 417.0
1081830 417.0
1081840 417.0
1081850 417.0
1081860 417.1
1081870 417.1
1081880 417.3
1081890 417.4
1081900 417.4
1081910 417.7
1081920 417.8
1081930 417.8
1081940 418.0
1081950 418.0
1081960 418.0
1081970 418.1
1081980 418.0
1081990 418.0
1082000 418.0
1082010 418.2
1082020 418.2
1082030 418.3
1082040 418.4
1082050 418.4
1082060 418.5
1082070 418.5
1082080 418.5
1082090 419.3
1082100 419.7
1082110 419.7
1082120 419.2
1082130 419.3
1082140 419.3
1082150 419.5
1082160 419.8
1082170 420.6
1082180 420.6
1082190 421.4
1082200 422.7
1082210 422.7
1082220 422.5
1082230 422.1
1082240 422.1
1082250 421.8
1082260 421.1
1082270 421.1
1082280 418.1
1082290 417.9
1082300 417.9
1082310 417.9
1082320 417.8
1082330 417.8
1082340 418.0
1082350 417.5
1082360 417.5
1082370 416.6
1082380 416.6
1082390 416.6
1082400 416.6
1082410 416.7
1082420 416.7
1082430 419.3
1082440 421.4
1082450 421.4
1082460 423.0
1082470 423.6
1082480 424.3
1082490 424.3
1082500 423.3
1082510 421.8
1082520 421.8
1082530 421.1
1082540 420.6
1082550 420.7
1082560 420.4
1082570 420.2
1082580 420.2
1082590 420.2
1082600 419.9
1082610 419.9
1082620 419.4
1082630 419.7
1082640 419.7
1082650 419.8
1082660 419.7
1082670 419.7
1082680 419.5
1082690 419.5
1082700 419.5
1082710 419.3
1082720 419.2
1082730 419.2
1082740 419.3
1082750 419.4
1082760 419.4
1082770 419.3
1082780 419.3
1082790 419.3
1082800 419.4
1082810 419.6
1082820 419.7
1082830 419.7
1082840 419.7
1082850 419.7
1082860 419.7
1082870 419.8
1082880 420.1
1082890 420.1
1082900 421.0
1082910 420.7
1082920 420.7
1082930 420.5
1082940 420.7
1082950 420.7
1082960 420.8
1082970 420.8
1082980 420.8
1082990 420.8
1083000 420.7
1083010 420.7
1083020 420.9
1083030 421.1
1083040 421.1
1083050 421.0
1083060 421.0
1083070 421.0
1083080 421.1
1083090 421.1
1083100 421.1
1083110 421.0
1083120 421.0
1083130 421.0
1083140 421.0
1083150 420.9
1083160 421.0
1083170 421.0
1083180 420.8
1083190 421.4
1083200 421.4
1083210 421.3
1083220 421.2
1083230 421.2
1083240 421.3
1083250 421.2
1083260 421.2
1083270 421.2
1083280 421.1
1083290 421.1
1083300 421.1
1083310 421.0
1083320 421.0
1083330 420.8
1083340 421.1
1083350 421.1
1083360 421.1
1083370 421.1
1083380 421.1
1083390 421.1
1083400 421.2
1083410 421.2
1083420 421.7
1083430 422.0
1083440 422.0
1083450 421.9
1083460 421.8
1083470 422.0
1083480 422.0
1083490 422.1
1083500 422.2
1083510 422.3
1083520 422.4
1083530 422.6
1083540 422.6
1083550 422.7
1083560 422.6
1083570 422.6
1083580 422.5
1083590 422.5
1083600 422.5
1083610 422.4
1083620 422.5
1083630 422.5
1083640 422.5
1083650 422.5
1083660 422.5
1083670 422.6
1083680 423.0
1083690 423.0
1083700 423.9
1083710 424.1
1083720 424.1
1083730 423.8
1083740 423.1
1083750 423.1
1083760 423.0
1083770 423.1
1083780 423.6
1083790 423.6
1083800 424.4
1083810 425.2
1083820 423.8
1083830 423.9
1083840 423.8
1083850 423.8
1083860 423.8
1083870 423.9
1083880 423.9
1083890 424.1
1083900 424.1
1083910 424.1
1083920 423.9
1083930 424.0
1083940 424.0
1083950 424.1
1083960 424.1
1083970 424.1
1083980 424.1
1083990 424.4
1084000 424.4
1084010 424.4
1084020 424.4
1084030 424.4
1084040 424.3
1084050 424.4
1084060 424.4
1084070 424.5
1084080 424.5
1084090 424.5
1084100 424.1
1084110 424.1
1084120 424.0
1084130 424.0
1084140 424.3
1084150 424.5
1084160 424.5
1084170 424.5
1084180 424.5
1084190 424.5
1084200 424.4
1084210 424.6
1084220 424.6
1084230 424.7
1084240 424.9
1084250 424.9
1084260 425.1
1084270 425.3
1084280 425.3
1084290 424.9
1084300 424.4
1084310 424.4
1084320 424.7
1084330 424.6
1084340 424.6
1084350 424.7
1084360 424.7
1084370 424.7
1084380 424.7
1084390 424.9
1084400 424.9
1084410 425.4
1084420 425.8
1084430 425.8
1084440 426.1
1084450 426.0
1084460 426.5
1084470 426.5
1084480 426.7
1084490 426.0
1084500 426.0
1084510 425.7
1084520 425.8
1084530 425.8
1084540 425.8
1084550 426.1
1084560 426.1
1084570 425.9
1084580 424.2
1084590 424.2
1084600 426.2
1084610 426.2
1084620 426.2
1084630 426.2
1084640 426.0
1084650 426.0
1084660 426.1
1084670 426.1
1084680 426.1
1084690 426.0
1084700 426.0
1084710 426.0
1084720 426.0
1084730 426.1
1084740 426.1
1084750 426.3
1084760 426.6
1084770 427.4
1084780 428.0
1084790 427.6
1084800 427.2
1084810 427.2
1084820 427.1
1084830 427.2
1084840 427.2
1084850 427.2
1084860 427.4
1084870 427.4
1084880 427.5
1084890 427.5
1084900 427.5
1084910 427.5
1084920 427.4
1084930 427.4
1084940 427.3
1084950 427.4
1084960 427.4
1084970 427.6
1084980 427.6
1084990 427.6
1085000 427.7
1085010 427.9
1085020 427.9
1085030 427.8
1085040 427.7
1085050 427.7
1085060 427.8
1085070 428.0
1085080 428.0
1085090 427.9
1085100 428.0
1085110 428.2
1085120 428.2
1085130 428.5
1085140 428.6
1085150 428.6
1085160 428.7
1085170 428.8
1085180 428.8
1085190 429.0
1085200 429.2
1085210 429.2
1085220 429.2
1085230 429.8
1085240 429.8
1085250 430.5
1085260 430.7
1085270 430.7
1085280 430.7
1085290 430.7
1085300 430.7
1085310 430.7
1085320 430.5
1085330 430.5
1085340 430.5
1085350 430.6
1085360 430.6
1085370 430.7
1085380 430.8
1085390 430.8
1085400 431.0
1085410 431.0
1085420 431.4
1085430 431.4
1085440 431.5
1085450 431.6
1085460 431.6
1085470 431.6
1085480 431.5
1085490 431.5
1085500 431.5
1085510 431.8
1085520 431.8
1085530 431.2
1085540 431.9
1085550 431.9
1085560 431.9
1085570 431.6
1085580 431.6
1085590 431.4
1085600 431.6
1085610 431.6
1085620 431.8
1085630 431.8
1085640 431.8
1085650 431.8
1085660 431.9
1085670 431.9
1085680 432.1
1085690 432.3
1085700 432.3
1085710 432.4
1085720 432.7
1085730 432.7
1085740 433.6
1085750 433.6
1085760 433.9
1085770 433.9
1085780 434.2
1085790 434.5
1085800 434.5
1085810 434.8
1085820 435.3
1085830 435.3
1085840 436.2
1085850 437.5
1085860 437.5
1085870 438.0
1085880 439.4
1085890 439.4
1085900 440.6
1085910 441.6
1085920 441.6
1085930 442.3
1085940 442.9
1085950 442.9
1085960 444.0
1085970 445.2
1085980 445.2
1085990 446.6
1086000 448.4
1086010 448.4
1086020 450.6
1086030 450.9
1086040 450.9
1086050 451.8
1086060 453.8
1086070 454.8
1086080 454.8
1086090 456.4
1086100 457.6
1086110 457.6
1086120 458.8
1086130 460.2
1086140 460.2
1086150 461.2
1086160 462.2
1086170 462.2
1086180 463.3
1086190 464.3
1086200 464.3
1086210 465.5
1086220 467.4
1086230 467.4
1086240 468.2
1086250 469.4
1086260 469.4
1086270 470.4
1086280 472.2
1086290 472.2
1086300 474.0
1086310 475.9
1086320 475.9
1086330 478.0
1086340 480.0
1086350 480.0
1086360 481.2
1086370 482.5
1086380 481.2
1086390 483.3
1086400 486.3
1086410 489.1
1086420 489.1
1086430 492.2
1086440 495.7
1086450 495.7
1086460 500.3
1086470 505.7
1086480 505.7
1086490 510.6
1086500 513.4
1086510 513.4
1086520 512.4
1086530 513.4
1086540 513.4
1086550 516.5
1086560 519.5
1086570 519.5
1086580 524.2
1086590 532.0
1086600 532.0
1086610 540.1
1086620 545.4
1086630 545.4
1086640 545.8
1086650 544.3
1086660 544.3
1086670 543.2
1086680 543.3
1086690 543.3
1086700 538.7
1086710 538.1
1086720 537.8
1086730 537.8
1086740 542.8
1086750 549.3
1086760 549.3
1086770 552.4
1086780 559.0
1086790 559.0
1086800 565.6
1086810 570.5
1086820 570.5
1086830 574.6
1086840 577.3
1086850 577.3
1086860 580.0
1086870 583.0
1086880 583.0
1086890 586.8
1086900 590.4
1086910 590.4
1086920 593.8
1086930 597.0
1086940 597.0
1086950 600.1
1086960 603.7
1086970 603.7
1086980 606.7
1086990 611.0
1087000 611.0
1087010 614.6
1087020 613.7
1087030 613.7
1087040 619.0
1087050 621.4
1087060 623.2
1087070 623.2
1087080 625.8
1087090 628.6
1087100 628.6
1087110 634.4
1087120 645.2
1087130 645.2
1087140 650.6
1087150 653.8
1087160 653.8
1087170 656.5
1087180 658.5
1087190 658.5
1087200 660.5
1087210 663.3
1087220 663.3
1087230 665.6
1087240 668.1
1087250 668.1
1087260 671.2
1087270 674.1
1087280 674.1
1087290 677.1
1087300 680.2
1087310 680.2
1087320 683.5
1087330 683.0
1087340 675.6
1087350 681.0
1087360 687.7
1087370 694.8
1087380 694.8
1087390 699.9
1087400 704.0
1087410 704.0
1087420 708.1
1087430 711.7
1087440 711.7
1087450 715.0
1087460 717.9
1087470 717.9
1087480 720.9
1087490 724.4
1087500 724.4
1087510 726.4
1087520 727.8
1087530 727.8
1087540 732.2
1087550 735.0
1087560 735.0
1087570 737.9
1087580 740.4
1087590 740.4
1087600 743.0
1087610 745.5
1087620 745.5
1087630 747.8
1087640 750.0
1087650 750.0
1087660 751.0
1087670 752.9
1087680 752.9
1087690 755.1
1087700 757.3
1087710 759.7
1087720 759.7
1087730 762.2
1087740 765.1
1087750 765.1
1087760 768.6
1087770 772.5
1087780 772.5
1087790 775.5
1087800 778.2
1087810 778.2
1087820 781.3
1087830 784.6
1087840 784.6
1087850 788.3
1087860 791.8
1087870 791.8
1087880 795.2
1087890 798.5
1087900 798.5
1087910 801.7
1087920 805.1
1087930 805.1
1087940 810.4
1087950 814.2
1087960 814.2
1087970 817.2
1087980 820.2
1087990 819.4
1088000 822.7
1088010 825.9
1088020 829.2
1088030 829.2
1088040 832.4
1088050 835.3
1088060 835.3
1088070 838.5
1088080 841.8
1088090 841.8
1088100 844.6
1088110 847.5
1088120 847.5
1088130 850.7
1088140 853.3
1088150 853.3
1088160 857.8
1088170 863.1
1088180 863.1
1088190 869.0
1088200 875.7
1088210 875.7
1088220 882.6
1088230 890.3
1088240 890.3
1088250 898.9
1088260 908.0
1088270 908.0
1088280 916.1
1088290 921.1
1088300 921.1
1088310 915.3
1088320 917.4
1088330 917.4
1088340 922.9
1088350 928.9
1088360 933.8
1088370 933.8
1088380 937.0
1088390 938.8
1088400 938.8
1088410 940.2
1088420 941.0
1088430 941.0
1088440 941.4
1088450 941.5
1088460 941.5
1088470 941.9
1088480 943.0
1088490 943.0
1088500 944.5
1088510 945.6
1088520 945.6
1088530 946.8
1088540 946.6
1088550 946.6
1088560 943.8
1088570 942.8
1088580 942.8
1088590 943.1
1088600 945.4
1088610 945.4
1088620 944.9
1088630 945.6
1088640 945.6
1088650 942.7
1088660 942.5
1088670 943.3
1088680 943.3
1088690 946.3
1088700 949.5
1088710 949.5
1088720 952.4
1088730 954.7
1088740 954.7
1088750 957.4
1088760 959.9
1088770 959.9
1088780 963.6
1088790 969.4
1088800 969.4
1088810 975.0
1088820 975.5
1088830 975.5
1088840 977.2
1088850 981.1
1088860 981.1
1088870 983.5
1088880 985.0
1088890 985.0
1088900 986.6
1088910 987.3
1088920 987.3
1088930 989.1
1088940 990.8
1088950 993.2
1088960 994.2
1088970 992.4
1088980 992.4
1088990 992.8
1089000 992.9
1089010 991.3
1089020 991.3
1089030 991.9
1089040 994.6
1089050 994.6
1089060 996.4
1089070 996.7
1089080 996.7
1089090 996.9
1089100 999.2
1089110 999.2
1089120 1002.3
1089130 1002.9
1089140 1002.9
1089150 1004.7
1089160 1007.5
1089170 1007.5
1089180 1009.3
1089190 1012.6
1089200 1012.6
1089210 1014.1
1089220 1015.1
1089230 1015.1
1089240 1015.2
1089250 1017.1
1089260 1017.1
1089270 1020.7
1089280 1030.0
1089290 1030.0
1089300 1031.7
1089310 1035.9
1089320 1043.3
1089330 1043.3
1089340 1045.7
1089350 1047.8
1089360 1047.8
1089370 1050.7
1089380 1053.1
1089390 1053.1
1089400 1053.6
1089410 1050.8
1089420 1050.8
1089430 1052.3
1089440 1056.6
1089450 1056.6
1089460 1058.2
1089470 1057.8
1089480 1057.8
1089490 1054.1
1089500 1057.7
1089510 1057.7
1089520 1063.2
1089530 1066.8
1089540 1066.8
1089550 1068.4
1089560 1069.3
1089570 1069.3
1089580 1069.7
1089590 1071.3
1089600 1074.2
1089610 1075.9
1089620 1076.6
1089630 1076.6
1089640 1077.3
1089650 1079.2
1089660 1079.5
1089670 1079.5
1089680 1079.6
1089690 1081.7
1089700 1081.7
1089710 1082.1
1089720 1082.1
1089730 1082.1
1089740 1083.0
1089750 1083.7
1089760 1083.7
1089770 1082.7
1089780 1085.6
1089790 1085.6
1089800 1085.8
1089810 1089.2
1089820 1089.2
1089830 1090.9
1089840 1090.5
1089850 1090.5
1089860 1090.7
1089870 1091.0
1089880 1091.0
1089890 1092.6
1089900 1094.3
1089910 1094.3
1089920 1098.8
1089930 1101.7
1089940 1101.7
1089950 1103.4
1089960 1104.1
1089970 1104.0
1089980 1104.0
1089990 1104.8
1090000 1106.6
1090010 1106.6
1090020 1107.0
1090030 1105.1
1090040 1105.1
1090050 1102.9
1090060 1100.7
1090070 1100.7
1090080 1100.6
1090090 1100.4
1090100 1100.4
1090110 1100.6
1090120 1098.7
1090130 1098.7
1090140 1098.7
1090150 1100.1
1090160 1100.1
1090170 1101.2
1090180 1100.2
1090190 1100.2
1090200 1098.2
1090210 1099.4
1090220 1099.4
1090230 1101.7
1090240 1111.8
1090250 1111.8
1090260 1113.3
1090270 1115.0
1090280 1115.0
1090290 1117.1
1090300 1117.1
1090310 1118.3
1090320 1118.3
1090330 1119.7
1090340 1120.7
1090350 1120.7
1090360 1121.6
1090370 1122.5
1090380 1122.5
1090390 1122.5
1090400 1123.3
1090410 1123.3
1090420 1124.7
1090430 1126.8
1090440 1126.8
1090450 1128.6
1090460 1129.8
1090470 1129.8
1090480 1131.0
1090490 1132.2
1090500 1132.2
1090510 1133.4
1090520 1134.5
1090530 1134.5
1090540 1135.3
1090550 1135.8
1090560 1135.8
1090570 1137.6
1090580 1138.0
1090590 1138.0
1090600 1138.6
1090610 1138.9
1090620 1137.6
1090630 1137.6
1090640 1138.0
1090650 1140.8
1090660 1140.8
1090670 1142.0
1090680 1142.2
1090690 1142.2
1090700 1142.8
1090710 1143.2
1090720 1143.2
1090730 1143.7
1090740 1144.2
1090750 1144.2
1090760 1144.8
1090770 1145.1
1090780 1145.1
1090790 1145.2
1090800 1145.2
1090810 1145.2
1090820 1145.2
1090830 1145.0
1090840 1145.0
1090850 1144.4
1090860 1143.8
1090870 1143.8
1090880 1143.1
1090890 1142.4
1090900 1142.4
1090910 1141.3
1090920 1140.4
1090930 1140.4
1090940 1140.8
1090950 1141.3
1090960 1141.9
1090970 1141.9
1090980 1142.4
1090990 1142.7
1091000 1142.7
1091010 1143.0
1091020 1143.2
1091030 1143.2
1091040 1143.5
1091050 1143.8
1091060 1143.8
1091070 1144.2
1091080 1144.4
1091090 1144.4
1091100 1144.6
1091110 1144.8
1091120 1144.8
1091130 1144.9
1091140 1143.8
1091150 1143.8
1091160 1141.6
1091170 1141.8
1091180 1141.8
1091190 1143.6
1091200 1145.7
1091210 1145.7
1091220 1145.7
1091230 1147.8
1091240 1147.8
1091250 1148.6
1091260 1149.7
1091270 1150.4
1091280 1150.4
1091290 1151.0
1091300 1151.8
1091310 1151.8
1091320 1152.2
1091330 1152.4
1091340 1152.4
1091350 1152.6
1091360 1152.8
1091370 1152.8
1091380 1153.0
1091390 1153.1
1091400 1153.1
1091410 1152.7
1091420 1152.9
1091430 1152.9
1091440 1152.8
1091450 1152.2
1091460 1152.2
1091470 1151.3
1091480 1151.2
1091490 1151.2
1091500 1151.3
1091510 1151.4
1091520 1151.4
1091530 1151.6
1091540 1151.8
1091550 1151.8
1091560 1151.6
1091570 1151.4
1091580 1151.4
1091590 1151.1
1091600 1150.7
1091610 1150.1
1091620 1150.1
1091630 1149.4
1091640 1148.2
1091650 1148.2
1091660 1146.8
1091670 1147.6
1091680 1147.6
1091690 1148.0
1091700 1148.2
1091710 1148.2
1091720 1148.4
1091730 1148.5
1091740 1148.5
1091750 1148.8
1091760 1148.8
1091770 1148.8
1091780 1148.4
1091790 1146.7
1091800 1146.7
1091810 1145.7
1091820 1146.9
1091830 1146.9
1091840 1150.4
1091850 1151.4
1091860 1151.4
1091870 1152.4
1091880 1152.8
1091890 1152.8
1091900 1152.1
1091910 1150.6
1091920 1150.6
1091930 1148.6
1091940 1146.7
1091950 1144.7
1091960 1144.7
1091970 1143.8
1091980 1142.5
1091990 1142.5
1092000 1141.4
1092010 1141.1
1092020 1141.1
1092030 1141.3
1092040 1142.0
1092050 1142.0
1092060 1142.9
1092070 1142.8
1092080 1142.8
1092090 1142.0
1092100 1140.8
1092110 1140.8
1092120 1138.6
1092130 1135.4
1092140 1135.4
1092150 1132.3
1092160 1129.1
1092170 1129.1
1092180 1127.1
1092190 1126.4
1092200 1126.4
1092210 1124.6
1092220 1122.3
1092230 1122.3
1092240 1120.0
1092250 1118.2
1092260 1117.1
1092270 1117.1
1092280 1116.0
1092290 1114.9
1092300 1114.9
1092310 1114.3
1092320 1113.8
1092330 1113.8
1092340 1113.0
1092350 1111.7
1092360 1111.7
1092370 1110.1
1092380 1108.4
1092390 1108.4
1092400 1106.8
1092410 1105.4
1092420 1105.4
1092430 1103.8
1092440 1101.8
1092450 1101.8
1092460 1099.2
1092470 1097.1
1092480 1097.1
1092490 1095.5
1092500 1093.9
1092510 1093.9
1092520 1094.4
1092530 1093.5
1092540 1093.5
1092550 1092.7
1092560 1091.8
1092570 1091.8
1092580 1090.5
1092590 1089.7
1092600 1088.9
1092610 1088.9
1092620 1088.2
1092630 1087.3
1092640 1087.3
1092650 1086.5
1092660 1085.7
1092670 1085.7
1092680 1084.8
1092690 1083.8
1092700 1083.8
1092710 1082.5
1092720 1081.1
1092730 1081.1
1092740 1079.7
1092750 1078.1
1092760 1078.1
1092770 1076.3
1092780 1074.4
1092790 1074.4
1092800 1072.6
1092810 1070.7
1092820 1070.7
1092830 1068.9
1092840 1067.9
1092850 1067.9
1092860 1066.2
1092870 1064.7
1092880 1064.7
1092890 1063.3
1092900 1061.8
1092910 1060.6
1092920 1060.6
1092930 1059.2
1092940 1058.2
1092950 1058.2
1092960 1057.9
1092970 1057.9
1092980 1057.9
1092990 1057.9
1093000 1057.8
1093010 1057.8
1093020 1057.6
1093030 1056.9
1093040 1056.9
1093050 1056.2
1093060 1053.5
1093070 1053.5
1093080 1050.3
1093090 1047.7
1093100 1047.7
1093110 1045.6
1093120 1044.2
1093130 1044.2
1093140 1043.3
1093150 1042.8
1093160 1042.8
1093170 1042.8
1093180 1042.3
1093190 1042.3
1093200 1041.5
1093210 1040.1
1093220 1040.1
1093230 1039.4
1093240 1038.5
1093250 1036.9
1093260 1036.9
1093270 1035.5
1093280 1034.3
1093290 1034.3
1093300 1032.7
1093310 1030.3
1093320 1030.3
1093330 1028.4
1093340 1026.1
1093350 1026.1
1093360 1023.8
1093370 1020.2
1093380 1020.2
1093390 1016.7
1093400 1015.0
1093410 1015.0
1093420 1014.1
1093430 1013.5
1093440 1013.5
1093450 1012.7
1093460 1012.0
1093470 1012.0
1093480 1011.3
1093490 1009.8
1093500 1009.7
1093510 1007.2
1093520 1003.0
1093530 1003.0
1093540 998.6
1093550 995.1
1093560 991.9
1093570 991.9
1093580 988.6
1093590 985.9
1093600 985.9
1093610 983.6
1093620 981.6
1093630 981.6
1093640 979.5
1093650 977.7
1093660 977.7
1093670 976.3
1093680 973.6
1093690 973.6
1093700 968.0
1093710 967.9
1093720 967.9
1093730 968.3
1093740 970.1
1093750 970.1
1093760 970.3
1093770 968.2
1093780 968.2
1093790 965.5
1093800 961.9
1093810 961.9
1093820 960.2
1093830 958.6
1093840 958.6
1093850 957.2
1093860 956.3
1093870 956.3
1093880 956.5
1093890 957.1
1093900 956.3
1093910 956.3
1093920 951.8
1093930 944.2
1093940 944.2
1093950 939.6
1093960 934.5
1093970 934.5
1093980 929.5
1093990 925.6
1094000 925.6
1094010 924.0
1094020 921.1
1094030 921.1
1094040 914.8
1094050 908.6
1094060 908.6
1094070 903.2
1094080 896.4
1094090 896.4
1094100 892.2
1094110 892.1
1094120 892.1
1094130 888.5
1094140 883.2
1094150 883.4
1094160 885.7
1094170 887.7
1094180 887.7
1094190 889.3
1094200 890.1
1094210 890.5
1094220 890.5
1094230 892.3
1094240 894.4
1094250 894.4
1094260 894.3
1094270 893.4
1094280 893.4
1094290 893.2
1094300 893.9
1094310 893.9
1094320 895.2
1094330 896.9
1094340 896.9
1094350 896.0
1094360 892.2
1094370 892.2
1094380 889.3
1094390 887.1
1094400 887.1
1094410 885.4
1094420 884.6
1094430 884.6
1094440 882.1
1094450 879.8
1094460 879.8
1094470 877.4
1094480 879.0
1094490 879.0
1094500 877.6
1094510 877.4
1094520 877.4
1094530 877.7
1094540 880.7
1094550 884.7
1094560 884.7
1094570 886.3
1094580 886.2
1094590 886.2
1094600 886.4
1094610 891.2
1094620 891.2
1094630 897.2
1094640 902.8
1094650 902.8
1094660 905.6
1094670 907.2
1094680 907.2
1094690 905.5
1094700 902.8
1094710 902.8
1094720 904.5
1094730 903.7
1094740 903.7
1094750 901.9
1094760 901.0
1094770 901.0
1094780 897.3
1094790 892.1
1094800 892.1
1094810 886.0
1094820 882.9
1094830 882.9
1094840 880.3
1094850 877.9
1094860 875.7
1094870 875.7
1094880 873.9
1094890 872.6
1094900 872.6
1094910 871.7
1094920 870.5
1094930 870.5
1094940 869.2
1094950 867.9
1094960 867.9
1094970 866.8
1094980 866.0
1094990 866.0
1095000 865.2
1095010 864.0
1095020 864.0
1095030 862.4
1095040 860.5
1095050 860.5
1095060 858.7
1095070 856.8
1095080 856.8
1095090 855.5
1095100 854.7
1095110 854.7
1095120 853.3
1095130 848.8
1095140 848.8
1095150 848.7
1095160 847.5
1095170 847.5
1095180 841.3
1095190 833.3
1095200 824.4
1095210 824.4
1095220 816.8
1095230 811.8
1095240 811.8
1095250 807.0
1095260 802.8
1095270 802.8
1095280 799.1
1095290 798.3
1095300 798.3
1095310 798.0
1095320 797.6
1095330 797.6
1095340 798.1
1095350 797.3
1095360 797.3
1095370 796.3
1095380 796.1
1095390 796.1
1095400 796.8
1095410 798.3
1095420 798.3
1095430 797.2
1095440 795.9
1095450 795.9
1095460 801.5
1095470 801.6
1095480 801.6
1095490 801.8
1095500 800.6
1095510 798.5
1095520 798.5
1095530 797.0
1095540 796.4
1095550 796.4
1095560 796.4
1095570 796.7
1095580 796.7
1095590 797.6
1095600 800.1
1095610 800.1
1095620 804.1
1095630 808.4
1095640 808.4
1095650 811.2
1095660 810.8
1095670 810.8
1095680 809.7
1095690 808.0
1095700 808.0
1095710 804.8
1095720 802.2
1095730 802.2
1095740 800.3
1095750 799.1
1095760 799.1
1095770 798.6
1095780 798.1
1095790 796.5
1095800 792.1
1095810 786.8
1095820 786.8
1095830 783.7
1095840 782.7
1095850 782.0
1095860 782.0
1095870 781.1
1095880 779.9
1095890 779.9
1095900 779.0
1095910 778.5
1095920 778.5
1095930 779.4
1095940 780.8
1095950 780.8
1095960 779.4
1095970 777.7
1095980 777.7
1095990 776.5
1096000 777.5
1096010 777.5
1096020 777.4
1096030 773.2
1096040 773.2
1096050 770.0
1096060 766.4
1096070 766.4
1096080 763.3
1096090 760.8
1096100 760.8
1096110 759.2
1096120 761.7
1096130 761.7
1096140 759.5
1096150 756.4
1096160 755.3
1096170 755.3
1096180 757.4
1096190 754.8
1096200 754.8
1096210 752.7
1096220 750.4
1096230 750.4
1096240 747.5
1096250 744.8
1096260 744.8
1096270 742.9
1096280 743.7
1096290 743.7
1096300 747.4
1096310 752.7
1096320 752.7
1096330 750.8
1096340 747.4
1096350 747.4
1096360 748.2
1096370 749.1
1096380 749.1
1096390 749.2
1096400 747.8
1096410 747.8
1096420 746.5
1096430 745.5
1096440 745.5
1096450 743.0
1096460 741.3
1096470 741.3
1096480 739.1
1096490 737.0
1096500 735.4
1096510 735.4
1096520 734.1
1096530 733.5
1096540 733.5
1096550 733.4
1096560 733.8
1096570 733.8
1096580 734.3
1096590 734.9
1096600 734.9
1096610 735.4
1096620 735.9
1096630 735.9
1096640 736.2
1096650 736.3
1096660 736.3
1096670 736.1
1096680 735.7
1096690 735.7
1096700 734.7
1096710 732.8
1096720 732.8
1096730 729.9
1096740 726.6
1096750 726.6
1096760 723.2
1096770 719.8
1096780 717.6
1096790 715.8
1096800 714.9
1096810 714.8
1096820 714.8
1096830 714.8
1096840 714.6
1096850 714.6
1096860 713.8
1096870 712.9
1096880 712.9
1096890 712.1
1096900 711.0
1096910 711.0
1096920 709.7
1096930 708.5
1096940 708.5
1096950 707.8
1096960 707.6
1096970 707.6
1096980 707.0
1096990 705.1
1097000 705.1
1097010 701.4
1097020 695.3
1097030 695.3
1097040 690.6
1097050 686.3
1097060 686.3
1097070 682.0
1097080 678.5
1097090 678.5
1097100 673.8
1097110 668.7
1097120 668.7
1097130 667.9
1097140 668.8
1097150 672.1
1097160 672.1
1097170 673.7
1097180 676.5
1097190 676.5
1097200 676.7
1097210 672.1
1097220 672.1
1097230 665.6
1097240 658.9
1097250 658.9
1097260 651.3
1097270 644.8
1097280 644.8
1097290 640.2
1097300 637.0
1097310 637.0
1097320 635.8
1097330 634.5
1097340 634.5
1097350 634.0
1097360 633.2
1097370 633.2
1097380 631.1
1097390 633.8
1097400 633.8
1097410 635.4
1097420 635.9
1097430 635.9
1097440 635.3
1097450 635.5
1097460 635.1
1097470 635.1
1097480 634.1
1097490 633.6
1097500 633.6
1097510 633.8
1097520 633.9
1097530 633.9
1097540 633.8
1097550 633.7
1097560 633.7
1097570 633.4
1097580 632.8
1097590 632.8
1097600 632.1
1097610 631.4
1097620 631.4
1097630 630.6
1097640 630.2
1097650 630.2
1097660 630.1
1097670 630.0
1097680 630.0
1097690 630.3
1097700 630.4
1097710 630.4
1097720 631.3
1097730 633.5
1097740 633.5
1097750 634.6
1097760 634.5
1097770 631.0
1097780 631.1
1097790 630.6
1097800 629.2
1097810 629.2
1097820 627.8
1097830 626.6
1097840 626.6
1097850 625.3
1097860 624.6
1097870 624.6
1097880 624.0
1097890 623.8
1097900 623.8
1097910 623.8
1097920 622.8
1097930 622.8
1097940 619.1
1097950 616.7
1097960 616.7
1097970 614.9
1097980 613.6
1097990 613.6
1098000 613.0
1098010 612.3
1098020 612.3
1098030 611.7
1098040 611.3
1098050 611.3
1098060 611.1
1098070 610.4
1098080 610.4
1098090 609.9
1098100 609.8
1098110 609.7
1098120 609.7
1098130 608.2
1098140 605.7
1098150 605.7
1098160 605.5
1098170 605.3
1098180 605.3
1098190 604.8
1098200 604.5
1098210 604.5
1098220 603.6
1098230 602.2
1098240 602.2
1098250 600.4
1098260 596.5
1098270 596.5
1098280 592.9
1098290 592.2
1098300 592.2
1098310 591.9
1098320 593.1
1098330 593.1
1098340 596.7
1098350 598.4
1098360 598.4
1098370 597.9
1098380 597.2
1098390 597.2
1098400 596.2
1098410 594.9
1098420 594.9
1098430 590.8
1098440 588.2
1098450 586.8
1098460 586.8
1098470 585.9
1098480 585.2
1098490 585.2
1098500 585.0
1098510 584.3
1098520 584.3
1098530 583.1
1098540 583.3
1098550 583.3
1098560 585.3
1098570 588.2
1098580 588.2
1098590 590.9
1098600 593.5
1098610 593.5
1098620 595.7
1098630 597.5
1098640 597.5
1098650 598.3
1098660 598.2
1098670 598.2
1098680 597.3
1098690 596.2
1098700 596.2
1098710 595.6
1098720 596.2
1098730 596.2
1098740 597.6
1098750 597.5
1098760 592.7
1098770 592.7
1098780 591.6
1098790 589.9
1098800 589.9
1098810 587.8
1098820 578.2
1098830 578.2
1098840 574.4
1098850 574.2
1098860 574.2
1098870 576.4
1098880 579.3
1098890 579.3
1098900 580.4
1098910 581.0
1098920 581.0
1098930 582.8
1098940 581.5
1098950 581.5
1098960 580.1
1098970 577.7
1098980 577.7
1098990 575.5
1099000 572.8
1099010 572.8
1099020 572.9
1099030 572.1
1099040 572.1
1099050 572.5
1099060 576.3
1099070 576.3
1099080 584.0
1099090 597.0
1099100 603.0
1099110 603.0
1099120 608.6
1099130 611.3
1099140 611.3
1099150 609.2
1099160 606.9
1099170 606.9
1099180 604.2
1099190 599.6
1099200 599.6
1099210 597.2
1099220 596.7
1099230 596.7
1099240 597.2
1099250 596.7
1099260 596.7
1099270 596.2
1099280 597.2
1099290 597.2
1099300 600.9
1099310 606.9
1099320 606.9
1099330 610.6
1099340 612.2
1099350 612.2
1099360 613.5
1099370 614.3
1099380 614.3
1099390 615.0
1099400 615.0
1099410 615.0
1099420 617.0
1099430 617.0
1099440 616.2
1099450 616.2
1099460 615.1
1099470 614.3
1099480 614.3
1099490 613.4
1099500 612.4
1099510 612.4
1099520 611.5
1099530 610.8
1099540 610.8
1099550 609.5
1099560 608.5
1099570 608.5
1099580 607.8
1099590 606.9
1099600 606.9
1099610 605.9
1099620 605.2
1099630 605.2
1099640 604.9
1099650 604.5
1099660 604.5
1099670 603.9
1099680 603.5
1099690 603.5
1099700 603.0
1099710 602.3
1099720 602.3
1099730 601.7
1099740 601.5
1099750 602.0
1099760 602.0
1099770 600.5
1099780 597.1
1099790 597.1
1099800 591.5
1099810 583.7
1099820 583.7
1099830 574.8
1099840 566.3
1099850 566.3
1099860 560.9
1099870 556.9
1099880 556.9
1099890 552.5
1099900 548.3
1099910 548.3
1099920 543.8
1099930 542.3
1099940 542.3
1099950 542.5
1099960 542.5
1099970 542.5
1099980 542.4
1099990 544.4
