1080000 409.0
1080010 409.0
1080020 409.0
1080030 409.0
1080040 409.0
1080050 409.0
1080060 409.0
1080070 409.0
1080080 409.1
1080090 409.1
1080100 409.1
1080110 409.3
1080120 410.4
1080130 410.9
1080140 410.9
1080150 411.0
1080160 411.1
1080170 411.1
1080180 410.0
1080190 409.6
1080200 409.6
1080210 409.6
1080220 409.9
1080230 409.9
1080240 410.0
1080250 410.1
1080260 410.1
1080270 410.1
1080280 410.2
1080290 410.2
1080300 410.3
1080310 410.4
1080320 410.4
1080330 410.4
1080340 410.4
1080350 410.4
1080360 410.4
1080370 410.4
1080380 410.4
1080390 410.4
1080400 410.6
1080410 410.6
1080420 410.6
1080430 410.7
1080440 410.7
1080450 410.7
1080460 410.7
1080470 410.7
1080480 410.7
1080490 410.7
1080500 410.7
1080510 410.7
1080520 410.8
1080530 410.8
1080540 410.8
1080550 410.9
1080560 411.1
1080570 411.1
1080580 411.2
1080590 411.4
1080600 411.4
1080610 411.5
1080620 411.4
1080630 411.4
1080640 411.3
1080650 411.3
1080660 411.3
1080670 411.3
1080680 411.3
1080690 411.3
1080700 411.4
1080710 411.6
1080720 411.6
1080730 411.7
1080740 411.7
1080750 411.7
1080760 411.7
1080770 411.7
1080780 411.7
1080790 411.7
1080800 411.8
1080810 411.9
1080820 412.0
1080830 412.1
1080840 412.1
1080850 412.1
1080860 412.1
1080870 412.0
1080880 412.0
1080890 412.0
1080900 411.9
1080910 411.9
1080920 412.0
1080930 412.2
1080940 412.2
1080950 412.2
1080960 412.1
1080970 412.1
1080980 412.1
1080990 412.2
1081000 412.2
1081010 412.3
1081020 412.3
1081030 412.3
1081040 412.4
1081050 412.4
1081060 412.4
1081070 412.4
1081080 412.5
1081090 412.5
1081100 412.7
1081110 413.1
1081120 413.3
1081130 413.3
1081140 413.4
1081150 413.4
1081160 413.4
1081170 413.4
1081180 413.4
1081190 413.4
1081200 413.4
1081210 413.3
1081220 413.3
1081230 413.3
1081240 413.4
1081250 413.4
1081260 413.5
1081270 413.7
1081280 413.7
1081290 413.9
1081300 413.8
1081310 413.8
1081320 413.7
1081330 413.8
1081340 413.8
1081350 413.9
1081360 413.9
1081370 413.9
1081380 413.9
1081390 413.8
1081400 413.8
1081410 413.9
1081420 414.0
1081430 414.1
1081440 414.1
1081450 414.8
1081460 415.0
1081470 415.0
1081480 415.0
1081490 414.9
1081500 414.9
1081510 414.4
1081520 414.0
1081530 414.0
1081540 414.1
1081550 414.1
1081560 414.1
1081570 414.1
1081580 414.2
1081590 414.2
1081600 414.2
1081610 414.4
1081620 414.4
1081630 414.5
1081640 414.6
1081650 414.6
1081660 414.8
1081670 414.8
1081680 414.8
1081690 414.7
1081700 414.5
1081710 414.5
1081720 414.5
1081730 414.6
1081740 414.6
1081750 414.6
1081760 414.7
1081770 414.6
1081780 414.6
1081790 414.6
1081800 414.6
1081810 414.6
1081820 414.6
1081830 414.6
1081840 414.6
1081850 414.6
1081860 414.6
1081870 414.6
1081880 414.7
1081890 414.7
1081900 414.7
1081910 414.7
1081920 414.8
1081930 414.8
1081940 415.0
1081950 415.7
1081960 415.7
1081970 415.9
1081980 416.7
1081990 416.7
1082000 415.1
1082010 415.2
1082020 415.2
1082030 415.2
1082040 415.4
1082050 415.4
1082060 415.6
1082070 415.6
1082080 415.5
1082090 415.6
1082100 415.7
1082110 416.0
1082120 416.0
1082130 417.2
1082140 418.0
1082150 418.0
1082160 418.2
1082170 417.8
1082180 417.8
1082190 415.2
1082200 415.0
1082210 415.0
1082220 416.4
1082230 416.6
1082240 416.6
1082250 416.7
1082260 416.0
1082270 416.0
1082280 416.2
1082290 416.9
1082300 416.9
1082310 416.6
1082320 416.4
1082330 416.4
1082340 416.7
1082350 418.4
1082360 418.4
1082370 418.8
1082380 417.5
1082390 417.5
1082400 417.8
1082410 418.3
1082420 417.8
1082430 417.8
1082440 416.0
1082450 416.0
1082460 416.0
1082470 416.1
1082480 416.1
1082490 416.1
1082500 416.0
1082510 416.0
1082520 416.0
1082530 415.9
1082540 415.7
1082550 415.7
1082560 416.0
1082570 416.0
1082580 416.0
1082590 415.6
1082600 415.5
1082610 415.5
1082620 415.6
1082630 415.6
1082640 415.6
1082650 415.8
1082660 415.8
1082670 415.8
1082680 415.6
1082690 415.6
1082700 415.6
1082710 415.7
1082720 415.6
1082730 415.6
1082740 415.5
1082750 415.5
1082760 415.5
1082770 415.5
1082780 415.6
1082790 415.8
1082800 415.8
1082810 415.8
1082820 415.6
1082830 415.6
1082840 415.8
1082850 415.9
1082860 415.9
1082870 416.0
1082880 416.1
1082890 416.1
1082900 416.1
1082910 416.2
1082920 416.2
1082930 416.2
1082940 416.1
1082950 416.1
1082960 416.0
1082970 416.0
1082980 416.0
1082990 415.9
1083000 415.9
1083010 415.9
1083020 415.9
1083030 415.7
1083040 416.1
1083050 416.1
1083060 415.9
1083070 416.0
1083080 416.0
1083090 415.8
1083100 415.8
1083110 415.8
1083120 416.1
1083130 416.2
1083140 416.2
1083150 416.2
1083160 416.2
1083170 416.2
1083180 416.3
1083190 416.4
1083200 416.4
1083210 416.5
1083220 416.5
1083230 416.5
1083240 416.5
1083250 416.4
1083260 416.4
1083270 416.1
1083280 416.0
1083290 416.0
1083300 416.0
1083310 416.5
1083320 416.5
1083330 416.9
1083340 417.0
1083350 417.0
1083360 417.2
1083370 417.1
1083380 417.1
1083390 417.3
1083400 417.2
1083410 417.3
1083420 417.3
1083430 417.4
1083440 417.7
1083450 417.7
1083460 417.8
1083470 417.7
1083480 417.7
1083490 417.7
1083500 417.9
1083510 417.9
1083520 417.9
1083530 417.9
1083540 417.9
1083550 417.9
1083560 418.1
1083570 418.1
1083580 417.9
1083590 417.9
1083600 417.9
1083610 418.0
1083620 418.1
1083630 418.1
1083640 418.3
1083650 418.2
1083660 418.2
1083670 417.8
1083680 418.0
1083690 418.0
1083700 418.4
1083710 419.0
1083720 419.2
1083730 419.2
1083740 418.9
1083750 418.6
1083760 418.6
1083770 419.3
1083780 419.5
1083790 419.5
1083800 418.9
1083810 418.4
1083820 418.4
1083830 418.3
1083840 418.3
1083850 418.3
1083860 418.0
1083870 417.9
1083880 417.9
1083890 418.2
1083900 418.4
1083910 418.4
1083920 418.3
1083930 418.4
1083940 418.4
1083950 418.5
1083960 418.5
1083970 418.5
1083980 418.5
1083990 418.6
1084000 418.6
1084010 418.8
1084020 419.0
1084030 419.0
1084040 419.0
1084050 419.2
1084060 419.7
1084070 419.7
1084080 420.7
1084090 420.8
1084100 420.8
1084110 420.0
1084120 420.5
1084130 420.5
1084140 420.8
1084150 421.0
1084160 421.0
1084170 421.1
1084180 421.1
1084190 421.1
1084200 421.1
1084210 421.1
1084220 421.1
1084230 421.1
1084240 421.0
1084250 421.0
1084260 420.9
1084270 420.7
1084280 420.7
1084290 420.8
1084300 420.7
1084310 421.2
1084320 421.2
1084330 421.2
1084340 421.2
1084350 421.2
1084360 421.4
1084370 421.4
1084380 421.4
1084390 421.2
1084400 421.0
1084410 421.0
1084420 420.9
1084430 421.0
1084440 421.0
1084450 421.2
1084460 421.2
1084470 421.2
1084480 421.1
1084490 421.0
1084500 421.0
1084510 421.3
1084520 421.8
1084530 421.8
1084540 421.9
1084550 421.9
1084560 421.9
1084570 421.8
1084580 421.5
1084590 421.5
1084600 421.2
1084610 420.5
1084620 420.5
1084630 420.4
1084640 420.5
1084650 420.5
1084660 420.9
1084670 421.1
1084680 421.1
1084690 421.1
1084700 421.6
1084710 421.5
1084720 421.5
1084730 421.5
1084740 422.0
1084750 422.0
1084760 422.8
1084770 423.1
1084780 423.1
1084790 423.3
1084800 423.4
1084810 423.4
1084820 423.4
1084830 423.4
1084840 423.4
1084850 423.3
1084860 423.2
1084870 423.2
1084880 423.2
1084890 423.2
1084900 423.2
1084910 423.3
1084920 423.3
1084930 423.3
1084940 423.4
1084950 423.4
1084960 423.4
1084970 423.4
1084980 423.4
1084990 423.4
1085000 423.3
1085010 423.2
1085020 423.2
1085030 423.5
1085040 423.9
1085050 424.0
1085060 424.0
1085070 424.2
1085080 424.5
1085090 424.5
1085100 426.0
1085110 425.5
1085120 425.5
1085130 424.9
1085140 425.6
1085150 425.6
1085160 425.4
1085170 424.5
1085180 424.5
1085190 424.4
1085200 424.7
1085210 424.7
1085220 425.4
1085230 425.6
1085240 425.6
1085250 425.0
1085260 424.8
1085270 424.9
1085280 425.1
1085290 425.2
1085300 425.2
1085310 425.3
1085320 425.3
1085330 425.3
1085340 425.5
1085350 425.6
1085360 425.7
1085370 425.7
1085380 425.9
1085390 425.9
1085400 425.9
1085410 425.8
1085420 425.7
1085430 425.7
1085440 425.8
1085450 426.1
1085460 426.1
1085470 426.4
1085480 426.5
1085490 426.5
1085500 426.7
1085510 427.0
1085520 427.0
1085530 427.0
1085540 426.8
1085550 426.8
1085560 426.6
1085570 426.6
1085580 426.6
1085590 427.3
1085600 427.4
1085610 427.4
1085620 427.5
1085630 427.6
1085640 427.6
1085650 427.7
1085660 427.9
1085670 427.9
1085680 427.9
1085690 428.0
1085700 427.8
1085710 427.8
1085720 427.8
1085730 427.9
1085740 427.9
1085750 427.9
1085760 428.0
1085770 428.0
1085780 428.1
1085790 428.3
1085800 428.3
1085810 428.6
1085820 428.8
1085830 428.8
1085840 429.0
1085850 429.0
1085860 429.0
1085870 429.2
1085880 429.7
1085890 429.7
1085900 430.2
1085910 430.3
1085920 430.3
1085930 430.2
1085940 430.4
1085950 430.4
1085960 430.7
1085970 430.9
1085980 430.9
1085990 431.5
1086000 432.3
1086010 432.7
1086020 432.7
1086030 432.9
1086040 433.5
1086050 433.5
1086060 434.0
1086070 434.8
1086080 434.8
1086090 435.5
1086100 436.5
1086110 436.5
1086120 438.4
1086130 441.7
1086140 441.7
1086150 446.5
1086160 452.9
1086170 452.9
1086180 457.8
1086190 461.3
1086200 461.3
1086210 465.6
1086220 469.8
1086230 475.7
1086240 479.4
1086250 488.5
1086260 488.5
1086270 496.3
1086280 503.1
1086290 503.1
1086300 509.7
1086310 516.4
1086320 516.4
1086330 523.5
1086340 529.4
1086350 536.4
1086360 536.4
1086370 543.4
1086380 549.2
1086390 549.2
1086400 555.2
1086410 560.8
1086420 560.8
1086430 568.0
1086440 575.2
1086450 575.2
1086460 581.7
1086470 589.2
1086480 589.2
1086490 594.3
1086500 596.9
1086510 596.9
1086520 599.4
1086530 602.0
1086540 602.0
1086550 604.2
1086560 607.4
1086570 607.4
1086580 610.5
1086590 614.4
1086600 614.4
1086610 619.1
1086620 623.8
1086630 623.8
1086640 629.5
1086650 635.5
1086660 635.5
1086670 639.8
1086680 642.3
1086690 645.8
1086700 645.8
1086710 647.7
1086720 648.8
1086730 648.8
1086740 649.7
1086750 651.3
1086760 651.3
1086770 652.3
1086780 653.1
1086790 653.1
1086800 654.8
1086810 656.0
1086820 656.0
1086830 657.1
1086840 657.8
1086850 657.8
1086860 658.7
1086870 659.6
1086880 659.6
1086890 661.0
1086900 662.6
1086910 662.6
1086920 664.3
1086930 666.0
1086940 666.0
1086950 667.5
1086960 669.2
1086970 669.2
1086980 671.0
1086990 673.5
1087000 675.6
1087010 675.6
1087020 677.2
1087030 679.8
1087040 679.8
1087050 682.1
1087060 685.6
1087070 685.6
1087080 689.4
1087090 693.4
1087100 693.4
1087110 697.5
1087120 700.6
1087130 700.6
1087140 703.0
1087150 705.0
1087160 705.0
1087170 707.7
1087180 710.7
1087190 711.3
1087200 714.0
1087210 716.5
1087220 716.5
1087230 719.0
1087240 721.6
1087250 721.6
1087260 724.3
1087270 726.9
1087280 726.9
1087290 729.0
1087300 730.7
1087310 730.7
1087320 732.0
1087330 733.1
1087340 734.0
1087350 734.0
1087360 734.4
1087370 734.6
1087380 734.6
1087390 734.7
1087400 733.9
1087410 733.9
1087420 732.8
1087430 732.3
1087440 732.3
1087450 731.9
1087460 731.7
1087470 731.7
1087480 731.7
1087490 732.0
1087500 732.0
1087510 732.2
1087520 734.3
1087530 734.3
1087540 733.9
1087550 733.3
1087560 733.3
1087570 732.6
1087580 731.5
1087590 731.5
1087600 730.1
1087610 728.5
1087620 728.5
1087630 727.7
1087640 727.9
1087650 728.3
1087660 728.3
1087670 728.4
1087680 729.1
1087690 729.1
1087700 730.0
1087710 731.0
1087720 731.0
1087730 731.8
1087740 732.4
1087750 732.4
1087760 731.4
1087770 729.4
1087780 729.4
1087790 725.5
1087800 720.9
1087810 720.9
1087820 723.6
1087830 725.2
1087840 734.1
1087850 736.1
1087860 738.0
1087870 738.0
1087880 737.5
1087890 735.3
1087900 735.3
1087910 734.4
1087920 739.7
1087930 739.7
1087940 744.9
1087950 748.0
1087960 748.0
1087970 750.4
1087980 751.2
1087990 749.5
1088000 749.5
1088010 746.1
1088020 744.0
1088030 744.0
1088040 742.6
1088050 743.2
1088060 743.2
1088070 745.1
1088080 746.2
1088090 746.2
1088100 747.8
1088110 747.6
1088120 747.6
1088130 748.8
1088140 749.4
1088150 749.4
1088160 758.9
1088170 763.1
1088180 763.1
1088190 767.3
1088200 768.2
1088210 768.2
1088220 769.2
1088230 770.8
1088240 770.8
1088250 769.9
1088260 772.7
1088270 772.7
1088280 775.3
1088290 778.9
1088300 783.3
1088310 783.3
1088320 784.7
1088330 785.9
1088340 785.9
1088350 787.0
1088360 788.1
1088370 788.1
1088380 789.1
1088390 789.9
1088400 789.9
1088410 790.4
1088420 790.2
1088430 790.2
1088440 789.5
1088450 788.7
1088460 788.7
1088470 787.9
1088480 793.9
1088490 793.9
1088500 793.5
1088510 793.2
1088520 793.2
1088530 792.9
1088540 792.8
1088550 792.8
1088560 792.8
1088570 793.8
1088580 793.8
1088590 795.8
1088600 798.1
1088610 798.1
1088620 802.4
1088630 805.1
1088640 803.8
1088650 803.8
1088660 804.4
1088670 810.1
1088680 810.1
1088690 812.7
1088700 817.5
1088710 817.5
1088720 823.6
1088730 830.2
1088740 830.2
1088750 838.6
1088760 845.6
1088770 845.6
1088780 850.1
1088790 852.9
1088800 846.6
1088810 852.3
1088820 860.1
1088830 860.1
1088840 865.0
1088850 868.0
1088860 868.0
1088870 873.3
1088880 880.3
1088890 880.3
1088900 887.0
1088910 894.5
1088920 894.5
1088930 898.1
1088940 901.1
1088950 901.1
1088960 906.0
1088970 912.3
1088980 918.6
1088990 918.6
1089000 920.7
1089010 925.7
1089020 925.7
1089030 930.3
1089040 933.2
1089050 933.2
1089060 934.8
1089070 936.1
1089080 936.1
1089090 937.1
1089100 938.3
1089110 938.3
1089120 939.3
1089130 941.5
1089140 941.5
1089150 942.3
1089160 943.2
1089170 943.2
1089180 944.3
1089190 945.0
1089200 945.0
1089210 945.4
1089220 946.1
1089230 946.1
1089240 946.7
1089250 947.1
1089260 947.1
1089270 944.7
1089280 944.4
1089290 949.2
1089300 949.2
1089310 953.5
1089320 956.4
1089330 956.4
1089340 958.7
1089350 960.7
1089360 960.7
1089370 962.4
1089380 964.2
1089390 964.2
1089400 966.1
1089410 968.3
1089420 968.3
1089430 970.5
1089440 971.9
1089450 974.9
1089460 974.7
1089470 971.7
1089480 971.7
1089490 968.8
1089500 962.9
1089510 962.9
1089520 971.8
1089530 980.8
1089540 980.8
1089550 985.2
1089560 988.8
1089570 988.8
1089580 992.1
1089590 995.3
1089600 995.3
1089610 998.3
1089620 1001.1
1089630 1004.4
1089640 1004.4
1089650 1007.8
1089660 1010.4
1089670 1010.4
1089680 1012.7
1089690 1014.6
1089700 1014.6
1089710 1016.4
1089720 1018.5
1089730 1018.5
1089740 1020.6
1089750 1022.6
1089760 1022.6
1089770 1025.4
1089780 1027.1
1089790 1027.1
1089800 1028.7
1089810 1030.1
1089820 1030.1
1089830 1031.6
1089840 1032.9
1089850 1032.9
1089860 1034.1
1089870 1036.4
1089880 1036.4
1089890 1038.5
1089900 1040.6
1089910 1040.6
1089920 1042.5
1089930 1044.4
1089940 1046.1
1089950 1046.1
1089960 1048.0
1089970 1049.8
1089980 1049.8
1089990 1051.6
1090000 1053.1
1090010 1053.1
1090020 1054.3
1090030 1055.5
1090040 1055.5
1090050 1056.5
1090060 1057.8
1090070 1057.8
1090080 1059.2
1090090 1060.3
1090100 1064.5
1090110 1065.7
1090120 1067.2
1090130 1067.2
1090140 1068.2
1090150 1069.1
1090160 1069.1
1090170 1069.9
1090180 1070.7
1090190 1070.7
1090200 1071.6
1090210 1072.6
1090220 1072.6
1090230 1073.7
1090240 1075.2
1090250 1075.2
1090260 1076.8
1090270 1078.2
1090280 1079.6
1090290 1079.6
1090300 1081.1
1090310 1083.0
1090320 1083.0
1090330 1084.9
1090340 1087.0
1090350 1087.0
1090360 1089.2
1090370 1091.3
1090380 1091.3
1090390 1092.9
1090400 1094.4
1090410 1094.4
1090420 1099.0
1090430 1100.2
1090440 1100.2
1090450 1101.3
1090460 1102.5
1090470 1102.5
1090480 1103.4
1090490 1105.0
1090500 1105.0
1090510 1106.5
1090520 1107.6
1090530 1107.6
1090540 1108.8
1090550 1109.7
1090560 1109.7
1090570 1111.1
1090580 1111.8
1090590 1112.5
1090600 1112.5
1090610 1113.3
1090620 1113.6
1090630 1113.6
1090640 1113.5
1090650 1113.8
1090660 1113.8
1090670 1113.9
1090680 1114.0
1090690 1114.0
1090700 1115.0
1090710 1115.3
1090720 1115.3
1090730 1115.5
1090740 1119.5
1090750 1119.5
1090760 1119.7
1090770 1119.7
1090780 1119.7
1090790 1118.7
1090800 1116.6
1090810 1116.6
1090820 1113.9
1090830 1111.6
1090840 1111.6
1090850 1110.0
1090860 1108.8
1090870 1108.8
1090880 1109.1
1090890 1108.1
1090900 1108.1
1090910 1107.6
1090920 1107.8
1090930 1108.3
1090940 1108.3
1090950 1108.0
1090960 1108.9
1090970 1108.9
1090980 1110.9
1090990 1110.9
1091000 1110.9
1091010 1110.2
1091020 1108.6
1091030 1108.6
1091040 1102.3
1091050 1093.4
1091060 1093.4
1091070 1100.0
1091080 1094.8
1091090 1094.8
1091100 1088.1
1091110 1077.9
1091120 1077.9
1091130 1077.0
1091140 1089.8
1091150 1089.8
1091160 1103.8
1091170 1115.8
1091180 1115.8
1091190 1122.7
1091200 1126.3
1091210 1126.3
1091220 1129.3
1091230 1132.6
1091240 1132.6
1091250 1134.0
1091260 1134.3
1091270 1135.0
1091280 1135.0
1091290 1136.2
1091300 1137.2
1091310 1137.2
1091320 1138.2
1091330 1139.3
1091340 1139.3
1091350 1140.4
1091360 1141.6
1091370 1141.6
1091380 1142.7
1091390 1145.3
1091400 1145.3
1091410 1145.8
1091420 1146.1
1091430 1146.1
1091440 1146.4
1091450 1147.2
1091460 1147.2
1091470 1148.0
1091480 1148.5
1091490 1148.5
1091500 1149.5
1091510 1150.7
1091520 1150.7
1091530 1151.3
1091540 1151.8
1091550 1151.8
1091560 1151.4
1091570 1150.9
1091580 1150.3
1091590 1150.3
1091600 1149.6
1091610 1149.4
1091620 1149.4
1091630 1149.5
1091640 1149.6
1091650 1149.6
1091660 1149.6
1091670 1149.1
1091680 1149.1
1091690 1148.1
1091700 1147.1
1091710 1147.1
1091720 1146.2
1091730 1145.8
1091740 1145.8
1091750 1145.3
1091760 1145.1
1091770 1145.1
1091780 1145.2
1091790 1145.3
1091800 1145.3
1091810 1145.3
1091820 1145.3
1091830 1145.3
1091840 1145.2
1091850 1145.0
1091860 1145.0
1091870 1143.8
1091880 1141.9
1091890 1141.9
1091900 1137.7
1091910 1133.8
1091920 1134.0
1091930 1134.0
1091940 1136.5
1091950 1144.5
1091960 1144.5
1091970 1147.7
1091980 1147.9
1091990 1147.9
1092000 1147.1
1092010 1146.0
1092020 1146.0
1092030 1143.5
1092040 1139.2
1092050 1139.2
1092060 1136.6
1092070 1134.2
1092080 1134.2
1092090 1130.4
1092100 1126.4
1092110 1126.4
1092120 1125.7
1092130 1127.8
1092140 1127.8
1092150 1129.1
1092160 1128.0
1092170 1128.0
1092180 1123.6
1092190 1118.9
1092200 1118.9
1092210 1114.9
1092220 1111.1
1092230 1108.0
1092240 1108.0
1092250 1105.7
1092260 1103.3
1092270 1103.3
1092280 1101.0
1092290 1099.0
1092300 1099.0
1092310 1098.3
1092320 1098.1
1092330 1098.1
1092340 1097.8
1092350 1097.5
1092360 1097.5
1092370 1097.3
1092380 1097.1
1092390 1097.1
1092400 1096.9
1092410 1097.0
1092420 1097.0
1092430 1097.0
1092440 1097.1
1092450 1097.1
1092460 1097.4
1092470 1097.9
1092480 1097.9
1092490 1098.1
1092500 1098.3
1092510 1098.3
1092520 1098.3
1092530 1098.3
1092540 1098.3
1092550 1097.8
1092560 1096.4
1092570 1094.5
1092580 1094.5
1092590 1094.1
1092600 1093.0
1092610 1093.0
1092620 1090.9
1092630 1088.8
1092640 1088.8
1092650 1087.5
1092660 1084.7
1092670 1084.7
1092680 1082.1
1092690 1080.2
1092700 1080.2
1092710 1080.8
1092720 1081.6
1092730 1081.6
1092740 1082.1
1092750 1082.6
1092760 1082.6
1092770 1083.4
1092780 1083.9
1092790 1083.9
1092800 1083.7
1092810 1083.5
1092820 1083.5
1092830 1083.6
1092840 1084.3
1092850 1084.3
1092860 1085.1
1092870 1086.1
1092880 1086.7
1092890 1086.7
1092900 1086.9
1092910 1087.0
1092920 1087.0
1092930 1086.8
1092940 1086.9
1092950 1086.9
1092960 1086.4
1092970 1085.3
1092980 1085.3
1092990 1085.9
1093000 1086.6
1093010 1086.6
1093020 1084.1
1093030 1083.9
1093040 1083.9
1093050 1082.9
1093060 1081.8
1093070 1081.8
1093080 1080.9
1093090 1080.5
1093100 1080.5
1093110 1079.8
1093120 1079.4
1093130 1079.4
1093140 1079.3
1093150 1078.9
1093160 1078.9
1093170 1078.0
1093180 1077.2
1093190 1077.2
1093200 1076.5
1093210 1076.2
1093220 1075.1
1093230 1075.1
1093240 1074.4
1093250 1072.5
1093260 1072.5
1093270 1070.9
1093280 1070.8
1093290 1070.8
1093300 1070.4
1093310 1069.6
1093320 1069.6
1093330 1069.0
1093340 1068.4
1093350 1064.3
1093360 1063.4
1093370 1061.8
1093380 1061.8
1093390 1060.8
1093400 1061.8
1093410 1061.8
1093420 1061.1
1093430 1058.7
1093440 1058.7
1093450 1056.4
1093460 1055.4
1093470 1055.4
1093480 1053.8
1093490 1052.1
1093500 1052.1
1093510 1050.3
1093520 1050.2
1093530 1050.2
1093540 1049.4
1093550 1050.0
1093560 1049.1
1093570 1049.1
1093580 1048.2
1093590 1048.8
1093600 1048.8
1093610 1046.7
1093620 1044.4
1093630 1044.4
1093640 1043.5
1093650 1043.9
1093660 1043.9
1093670 1039.1
1093680 1037.7
1093690 1037.7
1093700 1037.0
1093710 1035.0
1093720 1035.0
1093730 1031.0
1093740 1028.6
1093750 1028.6
1093760 1028.5
1093770 1030.1
1093780 1030.1
1093790 1029.3
1093800 1028.7
1093810 1028.7
1093820 1028.2
1093830 1026.9
1093840 1026.9
1093850 1025.8
1093860 1024.3
1093870 1022.2
1093880 1022.2
1093890 1022.8
1093900 1021.0
1093910 1021.0
1093920 1017.4
1093930 1020.6
1093940 1020.6
1093950 1021.6
1093960 1019.8
1093970 1019.8
1093980 1016.2
1093990 1016.4
1094000 1011.4
1094010 1011.9
1094020 1009.5
1094030 1009.5
1094040 1003.1
1094050 998.4
1094060 998.4
1094070 1003.2
1094080 1004.6
1094090 1004.6
1094100 1005.3
1094110 1003.2
1094120 1003.2
1094130 1000.5
1094140 1002.9
1094150 1002.9
1094160 1002.6
1094170 1000.5
1094180 1000.5
1094190 997.1
1094200 995.9
1094210 993.4
1094220 993.4
1094230 991.9
1094240 990.6
1094250 990.6
1094260 988.2
1094270 985.1
1094280 985.1
1094290 983.5
1094300 982.6
1094310 982.6
1094320 981.4
1094330 974.3
1094340 974.3
1094350 971.9
1094360 970.6
1094370 970.6
1094380 969.1
1094390 966.0
1094400 966.0
1094410 964.8
1094420 964.4
1094430 964.4
1094440 962.7
1094450 960.6
1094460 960.6
1094470 959.1
1094480 954.2
1094490 954.2
1094500 947.2
1094510 941.9
1094520 937.0
1094530 937.0
1094540 932.8
1094550 929.8
1094560 929.8
1094570 928.3
1094580 927.7
1094590 927.7
1094600 926.1
1094610 925.7
1094620 925.7
1094630 929.5
1094640 932.6
1094650 927.7
1094660 927.5
1094670 926.4
1094680 926.4
1094690 925.4
1094700 924.3
1094710 924.3
1094720 922.6
1094730 920.4
1094740 920.4
1094750 918.8
1094760 917.9
1094770 917.9
1094780 912.0
1094790 910.8
1094800 910.8
1094810 909.0
1094820 906.2
1094830 906.2
1094840 904.5
1094850 903.5
1094860 900.7
1094870 900.7
1094880 897.6
1094890 893.7
1094900 893.7
1094910 888.6
1094920 882.8
1094930 882.8
1094940 877.0
1094950 871.8
1094960 871.8
1094970 866.4
1094980 860.3
1094990 860.3
1095000 854.1
1095010 848.4
1095020 848.4
1095030 841.5
1095040 834.5
1095050 834.5
1095060 825.8
1095070 820.2
1095080 820.2
1095090 830.1
1095100 836.1
1095110 836.1
1095120 839.3
1095130 841.6
1095140 841.6
1095150 841.6
1095160 840.7
1095170 838.8
1095180 838.8
1095190 834.3
1095200 830.2
1095210 830.2
1095220 832.6
1095230 835.2
1095240 835.2
1095250 838.5
1095260 844.2
1095270 844.2
1095280 849.4
1095290 854.1
1095300 854.1
1095310 850.5
1095320 844.1
1095330 844.1
1095340 841.3
1095350 839.1
1095360 839.1
1095370 836.4
1095380 836.5
1095390 836.5
1095400 839.6
1095410 841.5
1095420 841.5
1095430 844.9
1095440 848.2
1095450 848.2
1095460 852.0
1095470 852.5
1095480 852.5
1095490 851.4
1095500 849.7
1095510 847.7
1095520 847.7
1095530 846.2
1095540 845.0
1095550 845.0
1095560 843.7
1095570 842.0
1095580 842.0
1095590 840.3
1095600 838.4
1095610 838.4
1095620 836.2
1095630 834.5
1095640 832.9
1095650 831.0
1095660 825.3
1095670 825.3
1095680 818.2
1095690 821.2
1095700 821.2
1095710 825.8
1095720 831.2
1095730 831.2
1095740 831.1
1095750 830.8
1095760 830.8
1095770 831.2
1095780 831.2
1095790 831.2
1095800 832.6
1095810 832.3
1095820 832.3
1095830 831.5
1095840 829.0
1095850 826.6
1095860 826.6
1095870 824.7
1095880 823.8
1095890 823.8
1095900 823.8
1095910 823.4
1095920 823.4
1095930 822.7
1095940 820.3
1095950 820.3
1095960 817.5
1095970 814.7
1095980 814.7
1095990 813.5
1096000 811.5
1096010 811.5
1096020 809.4
1096030 806.9
1096040 806.9
1096050 804.3
1096060 801.2
1096070 801.2
1096080 798.7
1096090 796.3
1096100 796.3
1096110 795.4
1096120 793.4
1096130 793.4
1096140 792.1
1096150 789.9
1096160 788.7
1096170 788.7
1096180 787.2
1096190 785.6
1096200 785.6
1096210 783.7
1096220 781.8
1096230 781.8
1096240 780.0
1096250 778.3
1096260 778.3
1096270 776.4
1096280 774.0
1096290 772.8
1096300 770.9
1096310 769.1
1096320 769.1
1096330 767.2
1096340 764.2
1096350 764.2
1096360 761.6
1096370 761.0
1096380 761.0
1096390 761.7
1096400 761.9
1096410 761.9
1096420 761.4
1096430 760.3
1096440 760.3
1096450 759.5
1096460 759.5
1096470 759.5
1096480 760.2
1096490 761.8
1096500 763.0
1096510 763.0
1096520 763.7
1096530 763.9
1096540 763.9
1096550 763.7
1096560 760.8
1096570 760.8
1096580 758.7
1096590 758.3
1096600 758.3
1096610 757.1
1096620 753.6
1096630 753.6
1096640 753.6
1096650 755.1
1096660 755.1
1096670 760.7
1096680 762.0
1096690 762.0
1096700 762.2
1096710 762.6
1096720 762.6
1096730 762.2
1096740 761.1
1096750 761.1
1096760 759.2
1096770 757.1
1096780 757.1
1096790 755.8
1096800 755.2
1096810 755.1
1096820 755.1
1096830 754.8
1096840 754.0
1096850 754.0
1096860 753.2
1096870 752.3
1096880 752.3
1096890 751.3
1096900 750.9
1096910 750.9
1096920 750.8
1096930 750.3
1096940 750.3
1096950 751.1
1096960 751.7
1096970 751.7
1096980 751.8
1096990 751.4
1097000 751.4
1097010 750.4
1097020 749.1
1097030 749.1
1097040 747.8
1097050 745.2
1097060 745.2
1097070 741.0
1097080 736.6
1097090 736.6
1097100 732.8
1097110 729.8
1097120 729.8
1097130 726.6
1097140 722.2
1097150 719.6
1097160 719.6
1097170 717.6
1097180 716.0
1097190 716.0
1097200 716.8
1097210 717.9
1097220 717.9
1097230 719.1
1097240 721.6
1097250 721.6
1097260 720.3
1097270 718.7
1097280 716.7
1097290 715.9
1097300 715.3
1097310 715.3
1097320 715.0
1097330 715.3
1097340 715.3
1097350 715.7
1097360 715.8
1097370 715.8
1097380 715.6
1097390 715.5
1097400 715.5
1097410 715.1
1097420 714.7
1097430 714.7
1097440 714.4
1097450 713.7
1097460 712.4
1097470 712.4
1097480 711.0
1097490 709.7
1097500 709.7
1097510 709.0
1097520 707.8
1097530 707.8
1097540 707.3
1097550 706.6
1097560 706.6
1097570 706.0
1097580 705.5
1097590 705.5
1097600 705.5
1097610 705.5
1097620 705.5
1097630 704.6
1097640 703.6
1097650 703.6
1097660 703.2
1097670 702.0
1097680 702.0
1097690 700.2
1097700 698.6
1097710 698.6
1097720 696.4
1097730 693.7
1097740 693.7
1097750 692.2
1097760 690.7
1097770 690.7
1097780 689.5
1097790 689.0
1097800 688.9
1097810 688.9
1097820 688.6
1097830 687.3
1097840 687.3
1097850 685.6
1097860 684.2
1097870 684.2
1097880 683.3
1097890 682.8
1097900 682.8
1097910 682.4
1097920 682.4
1097930 682.4
1097940 685.2
1097950 684.8
1097960 684.8
1097970 684.0
1097980 683.2
1097990 683.2
1098000 682.2
1098010 681.1
1098020 681.1
1098030 680.2
1098040 678.8
1098050 678.8
1098060 675.8
1098070 674.8
1098080 674.8
1098090 676.6
1098100 679.0
1098110 679.0
1098120 680.8
1098130 681.8
1098140 682.1
1098150 682.1
1098160 681.9
1098170 679.6
1098180 679.6
1098190 676.7
1098200 675.4
1098210 675.4
1098220 669.6
1098230 667.8
1098240 667.8
1098250 667.3
1098260 665.0
1098270 661.6
1098280 659.0
1098290 658.1
1098300 658.1
1098310 657.7
1098320 658.3
1098330 658.3
1098340 658.9
1098350 656.2
1098360 656.2
1098370 651.3
1098380 647.4
1098390 647.4
1098400 643.8
1098410 640.4
1098420 640.4
1098430 637.9
1098440 636.6
1098450 636.5
1098460 636.5
1098470 635.2
1098480 632.7
1098490 632.7
1098500 631.8
1098510 630.8
1098520 630.8
1098530 629.5
1098540 627.7
1098550 627.7
1098560 624.3
1098570 620.7
1098580 620.7
1098590 618.0
1098600 616.7
1098610 616.7
1098620 615.2
1098630 613.2
1098640 613.2
1098650 609.6
1098660 606.3
1098670 606.3
1098680 604.9
1098690 605.7
1098700 605.7
1098710 606.3
1098720 606.3
1098730 606.3
1098740 607.2
1098750 608.6
1098760 608.6
1098770 609.7
1098780 613.0
1098790 614.2
1098800 614.2
1098810 611.8
1098820 610.2
1098830 610.2
1098840 611.5
1098850 613.5
1098860 613.5
1098870 615.4
1098880 616.6
1098890 616.6
1098900 617.2
1098910 617.6
1098920 617.6
1098930 618.2
1098940 617.0
1098950 617.0
1098960 617.7
1098970 618.1
1098980 618.1
1098990 618.0
1099000 617.3
1099010 617.3
1099020 616.2
1099030 616.6
1099040 616.6
1099050 617.9
1099060 619.3
1099070 619.3
1099080 620.1
1099090 620.5
1099100 621.2
1099110 621.2
1099120 621.7
1099130 622.1
1099140 622.1
1099150 622.8
1099160 623.9
1099170 623.9
1099180 625.0
1099190 625.3
1099200 625.3
1099210 625.1
1099220 624.5
1099230 624.5
1099240 624.6
1099250 625.0
1099260 625.0
1099270 624.0
1099280 624.1
1099290 624.1
1099300 624.0
1099310 623.8
1099320 623.8
1099330 624.3
1099340 624.3
1099350 624.3
1099360 622.8
1099370 622.0
1099380 622.0
1099390 621.9
1099400 621.5
1099410 621.5
1099420 620.8
1099430 619.9
1099440 618.6
1099450 618.6
1099460 617.4
1099470 616.5
1099480 616.5
1099490 615.3
1099500 614.1
1099510 614.1
1099520 613.0
1099530 611.8
1099540 611.8
1099550 610.6
1099560 609.6
1099570 609.6
1099580 608.7
1099590 607.7
1099600 606.9
1099610 606.0
1099620 605.1
1099630 605.1
1099640 603.9
1099650 602.7
1099660 602.7
1099670 601.6
1099680 600.7
1099690 600.7
1099700 600.0
1099710 599.1
1099720 599.1
1099730 597.9
1099740 596.8
1099750 595.6
1099760 595.6
1099770 594.2
1099780 592.6
1099790 592.6
1099800 591.4
1099810 590.0
1099820 590.0
1099830 587.4
1099840 583.2
1099850 583.2
1099860 578.6
1099870 575.9
1099880 575.9
1099890 573.2
1099900 569.8
1099910 569.8
1099920 566.5
1099930 566.3
1099940 566.3
1099950 563.6
1099960 560.9
1099970 560.9
1099980 557.9
1099990 555.2
