1080000 407.0
1080010 407.2
1080020 407.3
1080030 407.3
1080040 407.4
1080050 407.4
1080060 407.4
1080070 407.4
1080080 407.5
1080090 407.5
1080100 407.6
1080110 407.5
1080120 407.5
1080130 407.5
1080140 407.4
1080150 407.2
1080160 407.2
1080170 407.0
1080180 407.2
1080190 407.2
1080200 407.3
1080210 407.2
1080220 407.2
1080230 407.2
1080240 407.2
1080250 407.2
1080260 407.1
1080270 407.1
1080280 407.1
1080290 407.3
1080300 407.4
1080310 407.4
1080320 407.4
1080330 407.5
1080340 407.5
1080350 407.7
1080360 407.8
1080370 407.8
1080380 407.8
1080390 407.8
1080400 407.8
1080410 407.8
1080420 407.9
1080430 408.0
1080440 408.0
1080450 408.1
1080460 408.2
1080470 408.2
1080480 408.3
1080490 408.4
1080500 408.4
1080510 408.4
1080520 408.4
1080530 408.4
1080540 408.4
1080550 408.5
1080560 408.5
1080570 408.6
1080580 408.8
1080590 408.8
1080600 408.9
1080610 409.2
1080620 409.2
1080630 409.4
1080640 409.2
1080650 409.2
1080660 409.2
1080670 409.3
1080680 409.3
1080690 409.3
1080700 409.5
1080710 409.5
1080720 409.7
1080730 409.8
1080740 409.8
1080750 410.0
1080760 410.1
1080770 410.0
1080780 410.0
1080790 410.1
1080800 410.1
1080810 410.1
1080820 410.1
1080830 410.1
1080840 410.1
1080850 410.2
1080860 410.3
1080870 410.3
1080880 410.3
1080890 410.4
1080900 410.4
1080910 410.5
1080920 410.6
1080930 410.6
1080940 410.5
1080950 410.4
1080960 410.4
1080970 410.4
1080980 410.3
1080990 410.3
1081000 410.3
1081010 410.3
1081020 410.3
1081030 410.2
1081040 410.1
1081050 410.1
1081060 410.0
1081070 409.9
1081080 409.9
1081090 410.0
1081100 410.0
1081110 410.1
1081120 410.1
1081130 410.1
1081140 410.1
1081150 410.1
1081160 410.1
1081170 410.3
1081180 410.3
1081190 410.3
1081200 410.4
1081210 410.4
1081220 410.4
1081230 410.4
1081240 410.4
1081250 410.5
1081260 410.5
1081270 410.5
1081280 410.6
1081290 410.7
1081300 410.7
1081310 410.7
1081320 410.7
1081330 410.7
1081340 410.8
1081350 410.7
1081360 410.7
1081370 410.6
1081380 410.6
1081390 410.6
1081400 410.7
1081410 410.8
1081420 410.8
1081430 410.8
1081440 410.8
1081450 410.8
1081460 410.8
1081470 410.8
1081480 410.8
1081490 410.8
1081500 410.8
1081510 410.8
1081520 410.8
1081530 411.0
1081540 411.2
1081550 411.2
1081560 411.0
1081570 411.1
1081580 411.1
1081590 411.2
1081600 411.4
1081610 411.4
1081620 411.5
1081630 411.6
1081640 411.6
1081650 411.6
1081660 411.6
1081670 411.6
1081680 411.5
1081690 411.5
1081700 411.5
1081710 411.7
1081720 413.6
1081730 413.6
1081740 414.6
1081750 414.1
1081760 412.1
1081770 412.1
1081780 411.8
1081790 412.1
1081800 412.1
1081810 412.2
1081820 412.4
1081830 412.4
1081840 412.4
1081850 412.3
1081860 412.3
1081870 412.0
1081880 415.4
1081890 415.4
1081900 414.9
1081910 413.5
1081920 413.5
1081930 413.7
1081940 413.6
1081950 413.6
1081960 413.6
1081970 413.6
1081980 413.6
1081990 412.9
1082000 412.8
1082010 412.8
1082020 412.9
1082030 413.1
1082040 413.1
1082050 413.3
1082060 413.6
1082070 413.6
1082080 413.9
1082090 412.2
1082100 410.9
1082110 410.9
1082120 411.3
1082130 411.2
1082140 411.2
1082150 410.9
1082160 408.7
1082170 408.7
1082180 408.8
1082190 410.4
1082200 410.7
1082210 411.8
1082220 414.0
1082230 414.0
1082240 414.9
1082250 412.4
1082260 412.4
1082270 411.4
1082280 411.4
1082290 411.4
1082300 411.6
1082310 411.7
1082320 411.7
1082330 411.8
1082340 412.0
1082350 412.0
1082360 412.0
1082370 412.1
1082380 412.1
1082390 412.0
1082400 411.4
1082410 411.2
1082420 411.2
1082430 410.9
1082440 410.7
1082450 410.7
1082460 410.5
1082470 410.6
1082480 410.6
1082490 410.6
1082500 410.2
1082510 410.2
1082520 410.2
1082530 410.0
1082540 410.0
1082550 409.9
1082560 410.0
1082570 410.0
1082580 410.6
1082590 410.8
1082600 410.8
1082610 411.0
1082620 411.1
1082630 411.1
1082640 411.0
1082650 410.9
1082660 410.9
1082670 410.7
1082680 410.1
1082690 410.1
1082700 410.1
1082710 410.7
1082720 410.7
1082730 411.6
1082740 411.5
1082750 411.7
1082760 411.7
1082770 411.8
1082780 411.8
1082790 411.8
1082800 411.9
1082810 412.0
1082820 412.0
1082830 411.9
1082840 411.7
1082850 411.7
1082860 411.3
1082870 411.0
1082880 411.0
1082890 411.3
1082900 411.4
1082910 411.4
1082920 411.5
1082930 411.6
1082940 411.6
1082950 411.7
1082960 411.6
1082970 411.6
1082980 411.5
1082990 409.8
1083000 409.8
1083010 409.5
1083020 409.6
1083030 409.6
1083040 409.6
1083050 409.5
1083060 409.5
1083070 409.5
1083080 410.1
1083090 410.6
1083100 410.6
1083110 410.7
1083120 410.8
1083130 410.8
1083140 411.0
1083150 411.1
1083160 411.1
1083170 411.0
1083180 410.8
1083190 410.8
1083200 411.0
1083210 411.0
1083220 411.0
1083230 410.9
1083240 410.4
1083250 410.4
1083260 410.2
1083270 410.6
1083280 410.6
1083290 410.5
1083300 410.3
1083310 410.3
1083320 410.7
1083330 410.9
1083340 410.9
1083350 411.0
1083360 411.0
1083370 411.0
1083380 411.1
1083390 411.7
1083400 411.7
1083410 411.7
1083420 411.6
1083430 411.6
1083440 411.6
1083450 411.8
1083460 412.0
1083470 411.8
1083480 412.1
1083490 412.3
1083500 412.3
1083510 412.4
1083520 412.4
1083530 412.4
1083540 412.4
1083550 412.4
1083560 412.4
1083570 412.4
1083580 412.6
1083590 412.6
1083600 412.8
1083610 412.8
1083620 412.8
1083630 412.9
1083640 413.1
1083650 413.1
1083660 413.1
1083670 413.4
1083680 413.4
1083690 413.6
1083700 413.8
1083710 413.8
1083720 414.0
1083730 414.3
1083740 414.3
1083750 414.3
1083760 414.4
1083770 414.4
1083780 414.4
1083790 414.6
1083800 415.4
1083810 415.4
1083820 415.3
1083830 415.5
1083840 415.5
1083850 414.7
1083860 414.4
1083870 414.4
1083880 414.2
1083890 414.0
1083900 414.0
1083910 414.0
1083920 413.9
1083930 413.9
1083940 413.8
1083950 413.7
1083960 413.7
1083970 413.6
1083980 413.7
1083990 413.7
1084000 413.7
1084010 413.7
1084020 413.7
1084030 413.7
1084040 414.0
1084050 414.0
1084060 414.1
1084070 414.2
1084080 414.1
1084090 414.1
1084100 414.4
1084110 414.5
1084120 414.5
1084130 414.5
1084140 414.6
1084150 414.6
1084160 414.7
1084170 414.5
1084180 414.5
1084190 414.5
1084200 414.6
1084210 414.6
1084220 414.9
1084230 414.9
1084240 414.9
1084250 414.8
1084260 414.9
1084270 414.9
1084280 414.9
1084290 415.1
1084300 415.1
1084310 415.0
1084320 415.2
1084330 415.2
1084340 415.6
1084350 415.8
1084360 415.8
1084370 415.8
1084380 415.8
1084390 415.7
1084400 415.7
1084410 415.6
1084420 415.6
1084430 415.7
1084440 415.7
1084450 415.8
1084460 415.8
1084470 415.8
1084480 415.9
1084490 415.9
1084500 416.0
1084510 416.0
1084520 416.0
1084530 416.1
1084540 416.2
1084550 416.2
1084560 416.4
1084570 416.5
1084580 416.5
1084590 416.4
1084600 416.7
1084610 416.7
1084620 416.9
1084630 416.9
1084640 416.9
1084650 417.8
1084660 418.6
1084670 418.6
1084680 417.5
1084690 417.3
1084700 417.3
1084710 417.8
1084720 418.2
1084730 418.0
1084740 418.2
1084750 418.1
1084760 418.1
1084770 418.1
1084780 418.2
1084790 418.1
1084800 418.1
1084810 418.2
1084820 418.3
1084830 418.3
1084840 418.2
1084850 418.4
1084860 418.4
1084870 419.0
1084880 418.9
1084890 418.9
1084900 418.9
1084910 419.0
1084920 419.0
1084930 419.1
1084940 419.1
1084950 419.1
1084960 419.0
1084970 419.2
1084980 419.2
1084990 419.1
1085000 419.1
1085010 419.1
1085020 419.7
1085030 420.1
1085040 420.1
1085050 420.4
1085060 420.4
1085070 420.5
1085080 420.5
1085090 420.7
1085100 420.9
1085110 420.9
1085120 420.9
1085130 422.8
1085140 422.8
1085150 422.7
1085160 421.5
1085170 421.5
1085180 421.8
1085190 422.0
1085200 422.0
1085210 422.2
1085220 422.7
1085230 422.7
1085240 422.9
1085250 422.9
1085260 422.9
1085270 422.9
1085280 423.0
1085290 423.0
1085300 423.0
1085310 423.1
1085320 423.1
1085330 423.3
1085340 423.8
1085350 423.8
1085360 423.8
1085370 424.3
1085380 424.5
1085390 424.5
1085400 424.7
1085410 424.8
1085420 424.8
1085430 425.1
1085440 425.3
1085450 425.3
1085460 425.8
1085470 425.8
1085480 425.8
1085490 426.0
1085500 426.8
1085510 426.8
1085520 426.6
1085530 426.8
1085540 426.8
1085550 427.1
1085560 427.4
1085570 427.4
1085580 427.7
1085590 428.1
1085600 428.1
1085610 428.5
1085620 429.3
1085630 429.3
1085640 429.8
1085650 430.0
1085660 430.0
1085670 430.4
1085680 430.8
1085690 430.8
1085700 432.0
1085710 432.0
1085720 432.9
1085730 432.9
1085740 433.3
1085750 433.4
1085760 433.4
1085770 433.5
1085780 433.9
1085790 433.9
1085800 434.4
1085810 434.8
1085820 434.8
1085830 435.3
1085840 435.6
1085850 435.6
1085860 436.1
1085870 436.8
1085880 436.8
1085890 436.8
1085900 437.2
1085910 437.2
1085920 438.6
1085930 439.8
1085940 439.8
1085950 439.9
1085960 439.9
1085970 439.9
1085980 440.4
1085990 440.7
1086000 440.7
1086010 441.3
1086020 441.4
1086030 441.4
1086040 441.7
1086050 441.6
1086060 441.7
1086070 441.7
1086080 443.1
1086090 443.9
1086100 443.9
1086110 444.6
1086120 445.4
1086130 445.4
1086140 445.8
1086150 446.3
1086160 446.3
1086170 446.8
1086180 447.3
1086190 447.3
1086200 447.5
1086210 447.4
1086220 447.4
1086230 447.6
1086240 448.8
1086250 448.8
1086260 449.7
1086270 451.0
1086280 451.0
1086290 452.3
1086300 453.5
1086310 453.5
1086320 454.8
1086330 457.4
1086340 455.9
1086350 458.0
1086360 458.9
1086370 460.4
1086380 460.4
1086390 461.5
1086400 462.6
1086410 462.6
1086420 463.5
1086430 464.5
1086440 464.5
1086450 465.1
1086460 467.0
1086470 467.0
1086480 468.2
1086490 468.9
1086500 468.9
1086510 470.5
1086520 470.8
1086530 470.8
1086540 470.6
1086550 470.7
1086560 470.7
1086570 471.3
1086580 472.9
1086590 472.9
1086600 477.6
1086610 477.9
1086620 477.9
1086630 474.6
1086640 472.1
1086650 472.1
1086660 470.3
1086670 467.8
1086680 467.8
1086690 468.3
1086700 471.1
1086710 474.2
1086720 474.2
1086730 477.1
1086740 479.0
1086750 479.0
1086760 480.8
1086770 483.1
1086780 483.1
1086790 485.6
1086800 487.4
1086810 487.4
1086820 489.0
1086830 489.6
1086840 489.6
1086850 490.0
1086860 490.6
1086870 490.6
1086880 491.4
1086890 492.3
1086900 492.3
1086910 494.3
1086920 495.4
1086930 495.4
1086940 496.4
1086950 501.5
1086960 501.5
1086970 507.9
1086980 511.2
1086990 507.7
1087000 509.4
1087010 511.0
1087020 511.0
1087030 512.8
1087040 516.6
1087050 520.8
1087060 520.8
1087070 523.5
1087080 525.3
1087090 525.3
1087100 529.8
1087110 537.1
1087120 537.1
1087130 546.6
1087140 556.9
1087150 556.9
1087160 566.7
1087170 576.8
1087180 576.8
1087190 580.1
1087200 580.1
1087210 580.1
1087220 580.0
1087230 580.2
1087240 580.2
1087250 579.3
1087260 582.1
1087270 582.1
1087280 587.3
1087290 595.7
1087300 595.7
1087310 603.7
1087320 611.3
1087330 611.3
1087340 616.9
1087350 623.7
1087360 634.9
1087370 634.9
1087380 644.1
1087390 647.5
1087400 647.5
1087410 651.3
1087420 655.5
1087430 655.5
1087440 659.4
1087450 662.7
1087460 662.7
1087470 665.9
1087480 668.8
1087490 668.8
1087500 670.6
1087510 671.6
1087520 671.6
1087530 672.4
1087540 672.9
1087550 672.9
1087560 673.3
1087570 673.7
1087580 673.7
1087590 673.9
1087600 674.6
1087610 674.6
1087620 675.9
1087630 678.3
1087640 678.3
1087650 680.2
1087660 682.5
1087670 682.5
1087680 684.7
1087690 687.7
1087700 691.3
1087710 691.3
1087720 694.5
1087730 699.3
1087740 699.3
1087750 704.5
1087760 709.4
1087770 709.4
1087780 714.7
1087790 720.0
1087800 720.0
1087810 725.2
1087820 728.2
1087830 728.2
1087840 730.9
1087850 733.8
1087860 733.8
1087870 737.1
1087880 741.4
1087890 741.4
1087900 745.5
1087910 749.5
1087920 749.5
1087930 753.6
1087940 756.8
1087950 757.5
1087960 759.9
1087970 762.5
1087980 762.5
1087990 764.4
1088000 765.1
1088010 765.2
1088020 765.2
1088030 767.0
1088040 769.5
1088050 769.5
1088060 771.8
1088070 772.9
1088080 772.9
1088090 773.9
1088100 775.5
1088110 775.5
1088120 777.2
1088130 779.1
1088140 779.1
1088150 780.1
1088160 781.1
1088170 781.1
1088180 782.2
1088190 783.3
1088200 783.3
1088210 784.3
1088220 785.3
1088230 785.3
1088240 786.2
1088250 787.6
1088260 787.6
1088270 784.1
1088280 785.7
1088290 785.7
1088300 786.5
1088310 787.0
1088320 787.0
1088330 786.5
1088340 784.4
1088350 778.0
1088360 778.0
1088370 774.8
1088380 782.1
1088390 782.1
1088400 788.4
1088410 795.3
1088420 795.3
1088430 801.9
1088440 806.2
1088450 806.2
1088460 809.1
1088470 813.7
1088480 813.7
1088490 819.5
1088500 823.8
1088510 823.8
1088520 827.6
1088530 832.0
1088540 832.0
1088550 837.5
1088560 840.4
1088570 840.4
1088580 843.2
1088590 845.0
1088600 845.0
1088610 848.3
1088620 850.5
1088630 850.5
1088640 850.9
1088650 850.8
1088660 850.8
1088670 850.4
1088680 849.4
1088690 847.7
1088700 847.7
1088710 846.9
1088720 846.4
1088730 846.4
1088740 845.2
1088750 843.7
1088760 843.7
1088770 842.5
1088780 841.1
1088790 841.1
1088800 839.4
1088810 841.4
1088820 841.4
1088830 843.0
1088840 847.1
1088850 847.1
1088860 847.4
1088870 846.5
1088880 846.5
1088890 845.2
1088900 848.6
1088910 848.6
1088920 854.3
1088930 857.6
1088940 857.6
1088950 858.8
1088960 860.8
1088970 860.8
1088980 863.2
1088990 865.3
1089000 867.3
1089010 867.3
1089020 869.2
1089030 871.2
1089040 871.2
1089050 873.6
1089060 876.6
1089070 876.6
1089080 878.3
1089090 881.3
1089100 881.3
1089110 883.2
1089120 885.1
1089130 885.1
1089140 887.0
1089150 888.8
1089160 888.8
1089170 890.5
1089180 892.0
1089190 892.0
1089200 893.5
1089210 894.8
1089220 894.8
1089230 895.8
1089240 895.6
1089250 895.6
1089260 896.6
1089270 897.2
1089280 897.2
1089290 898.0
1089300 899.1
1089310 899.1
1089320 900.3
1089330 901.5
1089340 902.6
1089350 902.6
1089360 903.8
1089370 905.4
1089380 905.4
1089390 906.3
1089400 907.1
1089410 907.1
1089420 908.8
1089430 909.4
1089440 909.4
1089450 910.3
1089460 911.3
1089470 911.3
1089480 912.1
1089490 913.1
1089500 913.1
1089510 914.1
1089520 915.2
1089530 915.2
1089540 916.3
1089550 917.7
1089560 916.9
1089570 918.0
1089580 919.0
1089590 919.0
1089600 920.3
1089610 922.5
1089620 922.5
1089630 924.3
1089640 925.8
1089650 925.8
1089660 926.3
1089670 926.5
1089680 926.5
1089690 926.5
1089700 926.7
1089710 926.8
1089720 926.8
1089730 927.0
1089740 927.4
1089750 927.4
1089760 927.6
1089770 927.8
1089780 927.8
1089790 927.9
1089800 927.7
1089810 927.7
1089820 927.1
1089830 926.1
1089840 926.1
1089850 925.4
1089860 924.8
1089870 924.8
1089880 918.9
1089890 915.7
1089900 915.7
1089910 913.7
1089920 918.4
1089930 918.4
1089940 921.1
1089950 924.7
1089960 924.7
1089970 929.9
1089980 933.7
1089990 935.3
1090000 935.3
1090010 936.6
1090020 938.1
1090030 938.1
1090040 939.9
1090050 941.7
1090060 941.7
1090070 943.3
1090080 944.9
1090090 944.9
1090100 946.5
1090110 948.1
1090120 948.1
1090130 949.4
1090140 951.0
1090150 951.0
1090160 952.3
1090170 953.3
1090180 953.3
1090190 953.7
1090200 953.6
1090210 955.0
1090220 954.9
1090230 954.8
1090240 954.8
1090250 954.3
1090260 953.0
1090270 953.0
1090280 950.0
1090290 945.5
1090300 945.5
1090310 940.8
1090320 937.1
1090330 933.1
1090340 933.1
1090350 929.2
1090360 932.7
1090370 932.7
1090380 934.4
1090390 934.5
1090400 934.5
1090410 933.7
1090420 932.7
1090430 932.7
1090440 932.7
1090450 932.1
1090460 932.1
1090470 929.5
1090480 931.2
1090490 931.2
1090500 931.9
1090510 932.0
1090520 932.0
1090530 934.4
1090540 933.4
1090550 933.4
1090560 929.9
1090570 927.9
1090580 927.9
1090590 927.3
1090600 927.3
1090610 927.3
1090620 922.6
1090630 916.5
1090640 916.5
1090650 915.1
1090660 914.1
1090670 908.4
1090680 908.4
1090690 902.1
1090700 896.5
1090710 896.5
1090720 894.2
1090730 899.2
1090740 899.2
1090750 908.3
1090760 919.2
1090770 919.2
1090780 924.1
1090790 927.5
1090800 927.5
1090810 935.2
1090820 940.1
1090830 940.1
1090840 943.8
1090850 946.5
1090860 946.2
1090870 951.4
1090880 954.5
1090890 954.5
1090900 956.5
1090910 958.3
1090920 958.3
1090930 960.2
1090940 961.8
1090950 961.8
1090960 962.8
1090970 963.6
1090980 963.6
1090990 963.6
1091000 961.7
1091010 958.2
1091020 958.2
1091030 954.9
1091040 951.6
1091050 951.6
1091060 948.5
1091070 949.9
1091080 949.9
1091090 954.8
1091100 958.6
1091110 958.6
1091120 958.8
1091130 957.4
1091140 957.4
1091150 957.0
1091160 958.8
1091170 958.8
1091180 965.2
1091190 966.9
1091200 966.9
1091210 966.0
1091220 961.6
1091230 961.6
1091240 956.8
1091250 954.8
1091260 954.8
1091270 959.8
1091280 963.2
1091290 963.2
1091300 966.5
1091310 970.5
1091320 976.0
1091330 976.0
1091340 978.7
1091350 980.1
1091360 980.1
1091370 981.8
1091380 983.5
1091390 983.5
1091400 984.8
1091410 985.8
1091420 985.8
1091430 986.7
1091440 986.9
1091450 986.9
1091460 986.3
1091470 985.2
1091480 985.2
1091490 983.9
1091500 982.8
1091510 983.9
1091520 983.3
1091530 982.3
1091540 982.3
1091550 982.9
1091560 982.7
1091570 982.7
1091580 983.0
1091590 983.9
1091600 983.9
1091610 985.2
1091620 984.5
1091630 984.5
1091640 986.3
1091650 989.6
1091660 991.9
1091670 991.9
1091680 993.6
1091690 995.0
1091700 995.0
1091710 996.5
1091720 997.9
1091730 997.9
1091740 999.1
1091750 1000.0
1091760 1000.0
1091770 1000.6
1091780 1001.1
1091790 1001.1
1091800 1001.2
1091810 1001.0
1091820 1001.0
1091830 1001.4
1091840 999.1
1091850 999.1
1091860 997.3
1091870 996.9
1091880 996.9
1091890 996.9
1091900 996.6
1091910 996.6
1091920 996.0
1091930 995.7
1091940 995.7
1091950 995.1
1091960 994.6
1091970 994.4
1091980 994.4
1091990 993.7
1092000 992.9
1092010 992.9
1092020 991.5
1092030 989.3
1092040 989.3
1092050 986.3
1092060 983.1
1092070 983.1
1092080 982.3
1092090 982.6
1092100 982.6
1092110 979.6
1092120 974.3
1092130 974.3
1092140 969.1
1092150 964.2
1092160 964.7
1092170 960.1
1092180 955.2
1092190 955.2
1092200 950.0
1092210 943.8
1092220 943.8
1092230 937.1
1092240 930.9
1092250 930.9
1092260 926.2
1092270 921.0
1092280 921.0
1092290 913.9
1092300 905.2
1092310 904.8
1092320 904.8
1092330 906.0
1092340 906.5
1092350 906.5
1092360 908.3
1092370 911.2
1092380 911.2
1092390 916.4
1092400 923.5
1092410 923.5
1092420 928.1
1092430 933.9
1092440 933.9
1092450 938.9
1092460 939.5
1092470 939.5
1092480 948.6
1092490 949.1
1092500 949.1
1092510 953.6
1092520 959.4
1092530 959.4
1092540 964.9
1092550 971.0
1092560 971.0
1092570 974.9
1092580 974.1
1092590 974.1
1092600 978.7
1092610 984.0
1092620 989.8
1092630 989.8
1092640 995.6
1092650 1001.6
1092660 1001.6
1092670 1008.4
1092680 1014.0
1092690 1014.0
1092700 1020.1
1092710 1025.7
1092720 1025.7
1092730 1031.8
1092740 1035.7
1092750 1035.7
1092760 1042.2
1092770 1049.9
1092780 1049.9
1092790 1056.5
1092800 1062.0
1092810 1069.4
1092820 1075.3
1092830 1080.3
1092840 1080.3
1092850 1084.6
1092860 1087.9
1092870 1087.9
1092880 1090.4
1092890 1093.0
1092900 1093.0
1092910 1095.0
1092920 1097.6
1092930 1097.6
1092940 1099.9
1092950 1102.4
1092960 1106.1
1092970 1106.1
1092980 1110.4
1092990 1115.2
1093000 1115.2
1093010 1118.2
1093020 1119.6
1093030 1119.6
1093040 1120.6
1093050 1122.3
1093060 1122.3
1093070 1123.7
1093080 1124.4
1093090 1124.4
1093100 1124.8
1093110 1124.5
1093120 1124.5
1093130 1124.9
1093140 1130.9
1093150 1130.9
1093160 1129.5
1093170 1130.6
1093180 1130.6
1093190 1133.2
1093200 1134.6
1093210 1134.6
1093220 1135.7
1093230 1136.9
1093240 1136.9
1093250 1137.3
1093260 1137.4
1093270 1137.4
1093280 1138.1
1093290 1138.9
1093300 1139.6
1093310 1139.6
1093320 1140.1
1093330 1140.6
1093340 1140.6
1093350 1142.6
1093360 1143.9
1093370 1143.9
1093380 1146.2
1093390 1147.5
1093400 1147.5
1093410 1148.4
1093420 1150.0
1093430 1150.0
1093440 1152.3
1093450 1152.5
1093460 1159.2
1093470 1161.7
1093480 1162.5
1093490 1162.5
1093500 1163.1
1093510 1164.6
1093520 1164.6
1093530 1164.5
1093540 1165.8
1093550 1165.8
1093560 1165.5
1093570 1165.7
1093580 1165.7
1093590 1166.8
1093600 1167.7
1093610 1167.2
1093620 1167.2
1093630 1168.5
1093640 1170.6
1093650 1170.6
1093660 1172.6
1093670 1174.9
1093680 1174.9
1093690 1177.4
1093700 1179.7
1093710 1179.7
1093720 1181.9
1093730 1184.5
1093740 1184.5
1093750 1186.8
1093760 1188.5
1093770 1188.5
1093780 1189.7
1093790 1192.0
1093800 1192.0
1093810 1192.8
1093820 1192.7
1093830 1192.7
1093840 1191.6
1093850 1189.3
1093860 1189.3
1093870 1186.9
1093880 1184.4
1093890 1184.4
1093900 1181.5
1093910 1178.1
1093920 1178.1
1093930 1174.5
1093940 1170.2
1093950 1165.8
1093960 1165.8
1093970 1161.2
1093980 1155.6
1093990 1155.6
1094000 1148.6
1094010 1140.8
1094020 1140.8
1094030 1134.9
1094040 1130.2
1094050 1130.2
1094060 1121.7
1094070 1113.7
1094080 1113.7
1094090 1108.6
1094100 1101.3
1094110 1101.3
1094120 1094.9
1094130 1088.8
1094140 1088.8
1094150 1080.0
1094160 1076.5
1094170 1076.5
1094180 1074.2
1094190 1066.6
1094200 1066.6
1094210 1063.9
1094220 1059.4
1094230 1059.4
1094240 1055.3
1094250 1053.0
1094260 1053.0
1094270 1047.6
1094280 1041.4
1094290 1040.1
1094300 1040.1
1094310 1040.5
1094320 1039.1
1094330 1039.1
1094340 1038.2
1094350 1037.1
1094360 1037.1
1094370 1035.0
1094380 1033.9
1094390 1033.9
1094400 1032.9
1094410 1031.3
1094420 1031.3
1094430 1030.0
1094440 1026.0
1094450 1026.0
1094460 1024.9
1094470 1024.3
1094480 1024.3
1094490 1021.8
1094500 1018.3
1094510 1018.3
1094520 1018.1
1094530 1019.6
1094540 1019.6
1094550 1019.3
1094560 1020.6
1094570 1020.6
1094580 1020.7
1094590 1018.7
1094600 1015.3
1094610 1015.3
1094620 1009.5
1094630 1013.0
1094640 1013.0
1094650 1017.7
1094660 1020.7
1094670 1020.7
1094680 1021.3
1094690 1021.5
1094700 1021.5
1094710 1021.6
1094720 1021.4
1094730 1021.4
1094740 1021.8
1094750 1022.0
1094760 1022.0
1094770 1017.7
1094780 1017.1
1094790 1017.1
1094800 1014.5
1094810 1011.7
1094820 1011.7
1094830 1014.0
1094840 1012.8
1094850 1012.8
1094860 1014.5
1094870 1016.8
1094880 1016.8
1094890 1016.2
1094900 1015.0
1094910 1015.0
1094920 1015.5
1094930 1014.8
1094940 1013.1
1094950 1013.1
1094960 1010.6
1094970 1008.3
1094980 1008.3
1094990 1007.7
1095000 1007.2
1095010 1007.2
1095020 1006.5
1095030 1002.3
1095040 1002.3
1095050 999.0
1095060 997.9
1095070 997.9
1095080 997.2
1095090 995.9
1095100 991.6
1095110 991.3
1095120 992.0
1095130 992.0
1095140 990.4
1095150 989.1
1095160 989.1
1095170 989.0
1095180 990.4
1095190 990.4
1095200 991.4
1095210 991.7
1095220 991.7
1095230 992.4
1095240 993.5
1095250 993.5
1095260 994.6
1095270 995.3
1095280 995.9
1095290 995.9
1095300 996.3
1095310 996.6
1095320 996.6
1095330 997.9
1095340 999.3
1095350 999.3
1095360 1000.3
1095370 1001.2
1095380 1001.2
1095390 1002.1
1095400 1003.1
1095410 1003.1
1095420 1003.9
1095430 1003.1
1095440 1003.1
1095450 1003.2
1095460 1003.8
1095470 1003.8
1095480 1004.9
1095490 1006.0
1095500 1006.0
1095510 1006.9
1095520 1007.7
1095530 1007.7
1095540 1008.7
1095550 1009.8
1095560 1009.8
1095570 1010.6
1095580 1011.2
1095590 1011.2
1095600 1011.2
1095610 1010.9
1095620 1010.7
1095630 1010.7
1095640 1010.2
1095650 1008.6
1095660 1008.6
1095670 1006.7
1095680 1005.6
1095690 1005.6
1095700 1004.6
1095710 1004.9
1095720 1004.9
1095730 1005.4
1095740 1005.7
1095750 1002.6
1095760 1002.4
1095770 1003.4
1095780 1003.4
1095790 1004.2
1095800 1004.7
1095810 1004.7
1095820 1005.2
1095830 1005.4
1095840 1005.4
1095850 1005.7
1095860 1005.5
1095870 1005.5
1095880 1005.1
1095890 1004.5
1095900 1004.5
1095910 1003.6
1095920 1002.5
1095930 1001.2
1095940 1001.2
1095950 999.5
1095960 997.2
1095970 997.2
1095980 993.9
1095990 991.2
1096000 991.2
1096010 990.9
1096020 989.3
1096030 989.3
1096040 987.0
1096050 984.5
1096060 984.5
1096070 981.6
1096080 973.5
1096090 973.5
1096100 970.9
1096110 966.7
1096120 966.7
1096130 961.4
1096140 957.3
1096150 957.3
1096160 952.5
1096170 948.8
1096180 948.8
1096190 945.3
1096200 942.6
1096210 942.6
1096220 940.3
1096230 937.7
1096240 935.0
1096250 935.0
1096260 932.5
1096270 929.5
1096280 929.5
1096290 926.7
1096300 923.7
1096310 923.7
1096320 920.5
1096330 916.9
1096340 916.9
1096350 911.4
1096360 905.0
1096370 905.0
1096380 898.4
1096390 893.4
1096400 893.4
1096410 888.9
1096420 886.4
1096430 886.4
1096440 883.9
1096450 881.7
1096460 881.7
1096470 879.9
1096480 877.7
1096490 877.7
1096500 874.8
1096510 872.8
1096520 872.8
1096530 871.0
1096540 868.6
1096550 868.6
1096560 865.2
1096570 860.1
1096580 854.6
1096590 854.6
1096600 849.0
1096610 842.4
1096620 842.4
1096630 838.4
1096640 833.9
1096650 833.9
1096660 834.0
1096670 841.3
1096680 841.3
1096690 849.4
1096700 855.5
1096710 855.5
1096720 857.1
1096730 857.9
1096740 854.4
1096750 852.1
1096760 844.9
1096770 844.9
1096780 840.0
1096790 834.0
1096800 834.0
1096810 826.1
1096820 814.9
1096830 814.9
1096840 807.3
1096850 809.5
1096860 809.5
1096870 815.3
1096880 820.9
1096890 820.9
1096900 825.4
1096910 827.2
1096920 830.2
1096930 830.2
1096940 831.7
1096950 832.1
1096960 832.1
1096970 831.9
1096980 831.4
1096990 831.4
1097000 830.6
1097010 829.7
1097020 829.7
1097030 828.5
1097040 826.9
1097050 826.9
1097060 824.9
1097070 816.4
1097080 816.4
1097090 815.3
1097100 814.0
1097110 814.0
1097120 811.4
1097130 808.6
1097140 808.6
1097150 808.9
1097160 808.1
1097170 808.1
1097180 804.6
1097190 804.8
1097200 804.8
1097210 805.2
1097220 803.3
1097230 802.8
1097240 802.8
1097250 801.0
1097260 795.9
1097270 795.9
1097280 796.0
1097290 801.7
1097300 801.7
1097310 805.7
1097320 805.8
1097330 805.8
1097340 804.2
1097350 804.9
1097360 804.9
1097370 805.4
1097380 805.5
1097390 805.5
1097400 801.3
1097410 800.6
1097420 800.6
1097430 798.9
1097440 796.1
1097450 796.1
1097460 793.2
1097470 791.5
1097480 791.5
1097490 792.4
1097500 794.4
1097510 794.4
1097520 794.5
1097530 794.2
1097540 794.2
1097550 793.8
1097560 793.8
1097570 793.3
1097580 793.3
1097590 792.2
1097600 790.9
1097610 790.9
1097620 789.7
1097630 788.4
1097640 788.4
1097650 787.0
1097660 785.3
1097670 785.3
1097680 783.5
1097690 780.7
1097700 780.7
1097710 778.4
1097720 777.5
1097730 773.9
1097740 773.2
1097750 771.9
1097760 771.9
1097770 768.9
1097780 764.1
1097790 764.1
1097800 760.1
1097810 758.2
1097820 758.2
1097830 759.8
1097840 760.1
1097850 760.1
1097860 759.0
1097870 757.7
1097880 757.7
1097890 756.2
1097900 754.5
1097910 752.2
1097920 752.2
1097930 748.9
1097940 744.5
1097950 744.5
1097960 740.0
1097970 736.0
1097980 736.0
1097990 733.1
1098000 731.0
1098010 731.0
1098020 729.0
1098030 727.0
1098040 727.0
1098050 725.3
1098060 722.2
1098070 722.2
1098080 721.2
1098090 720.3
1098100 720.3
1098110 719.7
1098120 719.2
1098130 719.2
1098140 719.1
1098150 718.9
1098160 718.9
1098170 718.1
1098180 717.0
1098190 717.0
1098200 715.8
1098210 714.5
1098220 712.4
1098230 712.4
1098240 707.9
1098250 708.7
1098260 708.7
1098270 709.1
1098280 708.7
1098290 708.7
1098300 707.9
1098310 707.3
1098320 707.3
1098330 707.6
1098340 708.7
1098350 708.7
1098360 710.4
1098370 710.8
1098380 710.8
1098390 705.0
1098400 710.6
1098410 710.6
1098420 715.4
1098430 716.6
1098440 716.6
1098450 716.7
1098460 716.9
1098470 716.9
1098480 717.0
1098490 716.8
1098500 716.8
1098510 716.3
1098520 715.4
1098530 715.4
1098540 714.5
1098550 713.8
1098560 713.6
1098570 713.6
1098580 713.5
1098590 713.2
1098600 713.2
1098610 712.7
1098620 711.9
1098630 711.9
1098640 710.4
1098650 708.7
1098660 708.7
1098670 706.8
1098680 704.9
1098690 704.9
1098700 703.1
1098710 702.1
1098720 698.8
1098730 698.5
1098740 698.3
1098750 698.3
1098760 698.4
1098770 698.6
1098780 698.6
1098790 698.6
1098800 699.0
1098810 699.0
1098820 699.3
1098830 699.5
1098840 699.5
1098850 700.2
1098860 700.2
1098870 700.2
1098880 700.2
1098890 700.6
1098900 700.7
1098910 700.7
1098920 700.8
1098930 701.0
1098940 701.0
1098950 701.3
1098960 701.6
1098970 701.6
1098980 701.7
1098990 701.6
1099000 701.6
1099010 701.0
1099020 700.1
1099030 700.1
1099040 699.2
1099050 696.3
1099060 696.3
1099070 695.6
1099080 694.5
1099090 694.5
1099100 693.3
1099110 691.8
1099120 691.8
1099130 689.7
1099140 688.6
1099150 688.6
1099160 688.4
1099170 688.0
1099180 688.0
1099190 687.1
1099200 685.9
1099210 683.4
1099220 683.4
1099230 680.4
1099240 678.6
1099250 678.6
1099260 677.7
1099270 677.4
1099280 677.4
1099290 676.6
1099300 674.2
1099310 674.2
1099320 673.4
1099330 672.5
1099340 672.5
1099350 671.1
1099360 670.0
1099370 670.0
1099380 669.3
1099390 668.8
1099400 668.8
1099410 667.9
1099420 667.2
1099430 667.2
1099440 666.6
1099450 666.1
1099460 666.1
1099470 665.8
1099480 665.4
1099490 665.4
1099500 664.6
1099510 664.0
1099520 664.0
1099530 663.6
1099540 663.1
1099550 662.2
1099560 662.2
1099570 661.8
1099580 661.5
1099590 661.5
1099600 661.2
1099610 660.4
1099620 660.4
1099630 659.9
1099640 659.8
1099650 659.8
1099660 660.0
1099670 659.6
1099680 659.6
1099690 659.1
1099700 660.9
1099710 660.9
1099720 655.5
1099730 652.7
1099740 652.7
1099750 653.1
1099760 654.9
1099770 654.9
1099780 653.5
1099790 651.7
1099800 651.7
1099810 651.1
1099820 653.6
1099830 653.6
1099840 654.1
1099850 652.8
1099860 649.5
1099870 649.5
1099880 647.6
1099890 645.5
1099900 645.5
1099910 647.1
1099920 646.1
1099930 646.1
1099940 643.1
1099950 641.4
1099960 641.4
1099970 640.5
1099980 639.7
1099990 639.7
