1080000 404.4
1080010 404.4
1080020 404.4
1080030 404.6
1080040 404.9
1080050 404.9
1080060 405.0
1080070 405.0
1080080 405.0
1080090 404.9
1080100 404.8
1080110 404.8
1080120 404.8
1080130 405.0
1080140 405.0
1080150 404.9
1080160 405.2
1080170 405.2
1080180 405.5
1080190 405.5
1080200 405.5
1080210 405.6
1080220 405.7
1080230 405.7
1080240 405.7
1080250 405.6
1080260 405.6
1080270 405.4
1080280 405.3
1080290 405.3
1080300 405.1
1080310 405.1
1080320 405.0
1080330 405.0
1080340 405.0
1080350 404.9
1080360 404.9
1080370 404.9
1080380 404.9
1080390 404.9
1080400 404.9
1080410 404.8
1080420 404.8
1080430 404.6
1080440 404.6
1080450 404.6
1080460 404.6
1080470 404.7
1080480 404.7
1080490 404.8
1080500 405.0
1080510 405.0
1080520 405.2
1080530 405.2
1080540 405.2
1080550 405.2
1080560 405.3
1080570 405.3
1080580 405.4
1080590 405.6
1080600 405.6
1080610 405.7
1080620 405.7
1080630 405.7
1080640 405.7
1080650 405.8
1080660 406.4
1080670 406.4
1080680 406.5
1080690 406.6
1080700 406.6
1080710 406.6
1080720 406.7
1080730 406.7
1080740 406.8
1080750 407.4
1080760 407.4
1080770 407.2
1080780 407.0
1080790 407.0
1080800 406.7
1080810 406.8
1080820 406.8
1080830 406.8
1080840 406.8
1080850 406.8
1080860 406.7
1080870 406.7
1080880 406.7
1080890 406.7
1080900 406.8
1080910 406.8
1080920 406.7
1080930 406.7
1080940 406.7
1080950 406.7
1080960 406.8
1080970 406.8
1080980 407.0
1080990 406.8
1081000 406.7
1081010 406.7
1081020 406.9
1081030 407.1
1081040 407.1
1081050 407.2
1081060 407.2
1081070 407.2
1081080 407.2
1081090 407.1
1081100 407.1
1081110 407.0
1081120 407.1
1081130 407.1
1081140 407.1
1081150 407.2
1081160 407.2
1081170 407.2
1081180 407.2
1081190 407.2
1081200 407.2
1081210 407.2
1081220 407.2
1081230 407.1
1081240 407.1
1081250 407.1
1081260 407.0
1081270 407.2
1081280 407.2
1081290 407.0
1081300 406.9
1081310 406.9
1081320 406.8
1081330 406.8
1081340 406.8
1081350 406.8
1081360 406.8
1081370 406.9
1081380 406.9
1081390 407.1
1081400 407.2
1081410 407.2
1081420 407.2
1081430 407.2
1081440 407.2
1081450 407.2
1081460 407.2
1081470 407.2
1081480 407.2
1081490 407.3
1081500 407.3
1081510 407.4
1081520 407.5
1081530 407.5
1081540 407.4
1081550 407.4
1081560 407.4
1081570 407.4
1081580 407.4
1081590 407.4
1081600 407.4
1081610 407.5
1081620 407.5
1081630 407.5
1081640 407.5
1081650 407.5
1081660 407.5
1081670 407.5
1081680 407.6
1081690 407.6
1081700 407.6
1081710 407.7
1081720 407.7
1081730 407.7
1081740 407.8
1081750 407.8
1081760 407.9
1081770 407.7
1081780 407.7
1081790 407.8
1081800 407.8
1081810 407.8
1081820 407.8
1081830 407.8
1081840 407.8
1081850 407.8
1081860 407.9
1081870 407.9
1081880 408.6
1081890 409.2
1081900 409.2
1081910 409.5
1081920 409.2
1081930 409.2
1081940 408.8
1081950 408.6
1081960 408.6
1081970 408.6
1081980 408.7
1081990 408.7
1082000 408.7
1082010 408.8
1082020 409.2
1082030 409.2
1082040 409.6
1082050 408.3
1082060 408.3
1082070 408.3
1082080 408.3
1082090 408.3
1082100 408.3
1082110 408.3
1082120 408.3
1082130 408.3
1082140 408.4
1082150 408.4
1082160 408.6
1082170 408.6
1082180 408.6
1082190 409.2
1082200 410.3
1082210 410.3
1082220 410.7
1082230 411.0
1082240 411.0
1082250 411.2
1082260 410.5
1082270 410.5
1082280 409.9
1082290 410.2
1082300 410.2
1082310 410.0
1082320 409.2
1082330 410.9
1082340 410.9
1082350 410.2
1082360 408.8
1082370 409.7
1082380 410.7
1082390 410.2
1082400 410.2
1082410 410.2
1082420 409.8
1082430 409.8
1082440 411.4
1082450 411.7
1082460 411.7
1082470 410.8
1082480 409.6
1082490 409.6
1082500 409.8
1082510 410.0
1082520 410.0
1082530 410.2
1082540 410.3
1082550 410.3
1082560 409.4
1082570 407.7
1082580 407.7
1082590 407.0
1082600 408.2
1082610 408.2
1082620 409.8
1082630 410.5
1082640 410.5
1082650 411.1
1082660 410.2
1082670 409.5
1082680 409.5
1082690 409.5
1082700 408.8
1082710 408.8
1082720 409.1
1082730 408.3
1082740 408.3
1082750 409.1
1082760 408.9
1082770 408.9
1082780 408.7
1082790 408.4
1082800 408.4
1082810 408.2
1082820 408.2
1082830 408.2
1082840 408.2
1082850 408.1
1082860 408.1
1082870 408.1
1082880 408.2
1082890 408.2
1082900 408.2
1082910 408.2
1082920 408.2
1082930 408.3
1082940 408.4
1082950 408.4
1082960 408.4
1082970 408.5
1082980 408.5
1082990 409.0
1083000 409.1
1083010 409.7
1083020 409.7
1083030 409.8
1083040 409.7
1083050 409.7
1083060 409.4
1083070 409.2
1083080 409.2
1083090 409.0
1083100 408.8
1083110 408.8
1083120 408.5
1083130 408.2
1083140 408.2
1083150 408.0
1083160 407.9
1083170 407.9
1083180 407.9
1083190 407.9
1083200 407.9
1083210 407.9
1083220 408.0
1083230 408.0
1083240 408.1
1083250 408.2
1083260 408.2
1083270 408.3
1083280 408.3
1083290 408.3
1083300 408.4
1083310 408.4
1083320 408.5
1083330 408.5
1083340 408.6
1083350 408.7
1083360 408.7
1083370 408.7
1083380 408.9
1083390 408.9
1083400 409.1
1083410 409.4
1083420 409.4
1083430 409.4
1083440 409.6
1083450 409.6
1083460 409.8
1083470 409.5
1083480 409.5
1083490 409.4
1083500 409.2
1083510 409.2
1083520 409.0
1083530 408.9
1083540 408.9
1083550 408.9
1083560 408.8
1083570 408.8
1083580 408.8
1083590 408.8
1083600 408.8
1083610 408.8
1083620 408.8
1083630 408.8
1083640 409.0
1083650 409.0
1083660 409.1
1083670 409.1
1083680 409.2
1083690 409.2
1083700 409.2
1083710 409.2
1083720 409.3
1083730 409.3
1083740 409.3
1083750 409.3
1083760 409.3
1083770 409.3
1083780 409.4
1083790 409.4
1083800 409.5
1083810 409.4
1083820 409.4
1083830 409.4
1083840 409.6
1083850 409.6
1083860 409.6
1083870 409.8
1083880 409.8
1083890 410.0
1083900 410.0
1083910 410.0
1083920 410.0
1083930 410.1
1083940 410.1
1083950 410.3
1083960 410.8
1083970 410.8
1083980 410.5
1083990 410.4
1084000 410.5
1084010 410.5
1084020 410.6
1084030 410.7
1084040 410.7
1084050 410.8
1084060 410.9
1084070 410.9
1084080 410.9
1084090 411.0
1084100 411.0
1084110 411.1
1084120 411.1
1084130 411.1
1084140 411.0
1084150 411.0
1084160 411.0
1084170 411.2
1084180 411.4
1084190 411.4
1084200 411.6
1084210 411.7
1084220 411.7
1084230 411.8
1084240 411.9
1084250 411.9
1084260 412.0
1084270 412.0
1084280 412.3
1084290 412.4
1084300 412.3
1084310 412.3
1084320 412.3
1084330 412.2
1084340 412.2
1084350 412.2
1084360 412.2
1084370 412.1
1084380 412.1
1084390 412.1
1084400 412.1
1084410 412.1
1084420 412.2
1084430 412.2
1084440 412.2
1084450 412.2
1084460 412.2
1084470 412.2
1084480 412.2
1084490 412.3
1084500 412.3
1084510 412.4
1084520 412.5
1084530 412.5
1084540 412.6
1084550 412.8
1084560 412.8
1084570 413.1
1084580 413.2
1084590 413.2
1084600 413.5
1084610 413.7
1084620 413.7
1084630 413.8
1084640 414.0
1084650 414.1
1084660 414.1
1084670 414.2
1084680 414.3
1084690 414.3
1084700 414.5
1084710 414.7
1084720 414.7
1084730 414.9
1084740 415.0
1084750 415.0
1084760 415.1
1084770 415.1
1084780 415.1
1084790 415.3
1084800 415.4
1084810 415.4
1084820 415.4
1084830 415.5
1084840 415.5
1084850 415.6
1084860 415.7
1084870 415.7
1084880 415.9
1084890 416.0
1084900 416.0
1084910 415.9
1084920 416.1
1084930 416.1
1084940 416.1
1084950 416.1
1084960 416.1
1084970 416.0
1084980 416.3
1084990 416.5
1085000 416.5
1085010 416.8
1085020 417.6
1085030 417.6
1085040 417.6
1085050 417.7
1085060 417.7
1085070 417.8
1085080 417.9
1085090 417.9
1085100 417.9
1085110 418.0
1085120 418.0
1085130 418.1
1085140 417.7
1085150 417.7
1085160 417.7
1085170 418.1
1085180 418.1
1085190 418.2
1085200 418.3
1085210 418.3
1085220 418.4
1085230 418.5
1085240 418.5
1085250 418.6
1085260 418.7
1085270 418.7
1085280 418.8
1085290 418.8
1085300 418.8
1085310 418.9
1085320 418.8
1085330 419.0
1085340 419.0
1085350 419.0
1085360 419.0
1085370 419.0
1085380 419.1
1085390 419.2
1085400 419.2
1085410 419.2
1085420 419.2
1085430 419.2
1085440 419.3
1085450 419.4
1085460 419.4
1085470 419.4
1085480 419.5
1085490 419.5
1085500 419.6
1085510 419.5
1085520 419.5
1085530 419.1
1085540 419.1
1085550 419.1
1085560 419.1
1085570 419.0
1085580 419.0
1085590 420.3
1085600 420.4
1085610 420.4
1085620 419.5
1085630 419.4
1085640 419.4
1085650 419.5
1085660 419.6
1085670 419.7
1085680 419.7
1085690 419.7
1085700 419.9
1085710 419.9
1085720 420.1
1085730 420.2
1085740 420.2
1085750 420.3
1085760 420.7
1085770 420.7
1085780 420.6
1085790 420.5
1085800 420.5
1085810 420.6
1085820 420.6
1085830 420.6
1085840 420.8
1085850 420.8
1085860 420.8
1085870 420.9
1085880 421.2
1085890 421.2
1085900 421.6
1085910 421.8
1085920 421.8
1085930 421.9
1085940 421.8
1085950 421.8
1085960 421.8
1085970 422.5
1085980 422.5
1085990 422.5
1086000 422.2
1086010 421.7
1086020 421.7
1086030 421.9
1086040 422.1
1086050 422.1
1086060 422.1
1086070 422.4
1086080 422.4
1086090 422.5
1086100 423.1
1086110 423.1
1086120 423.3
1086130 423.6
1086140 423.6
1086150 423.8
1086160 424.0
1086170 424.0
1086180 424.6
1086190 426.8
1086200 427.3
1086210 428.1
1086220 430.4
1086230 430.4
1086240 432.9
1086250 437.7
1086260 437.7
1086270 443.5
1086280 449.8
1086290 449.8
1086300 456.5
1086310 462.9
1086320 468.7
1086330 468.7
1086340 474.6
1086350 480.3
1086360 480.3
1086370 487.5
1086380 494.3
1086390 494.3
1086400 498.6
1086410 501.0
1086420 501.0
1086430 501.5
1086440 501.9
1086450 501.9
1086460 502.0
1086470 502.0
1086480 502.0
1086490 501.7
1086500 501.0
1086510 501.0
1086520 499.5
1086530 497.4
1086540 497.4
1086550 500.0
1086560 505.5
1086570 505.5
1086580 510.2
1086590 512.8
1086600 512.8
1086610 514.9
1086620 516.0
1086630 516.0
1086640 519.1
1086650 521.0
1086660 524.2
1086670 524.2
1086680 529.3
1086690 533.9
1086700 533.9
1086710 539.2
1086720 544.4
1086730 544.4
1086740 548.0
1086750 549.5
1086760 549.5
1086770 551.3
1086780 552.7
1086790 552.7
1086800 553.9
1086810 554.1
1086820 554.1
1086830 554.0
1086840 552.4
1086850 552.4
1086860 551.9
1086870 551.8
1086880 551.8
1086890 551.7
1086900 551.5
1086910 551.5
1086920 551.5
1086930 551.5
1086940 551.5
1086950 551.2
1086960 549.6
1086970 549.6
1086980 548.8
1086990 549.0
1087000 549.3
1087010 549.3
1087020 549.7
1087030 549.8
1087040 549.8
1087050 550.0
1087060 550.5
1087070 550.5
1087080 551.2
1087090 552.0
1087100 552.0
1087110 552.9
1087120 553.8
1087130 553.8
1087140 555.1
1087150 556.2
1087160 556.3
1087170 557.8
1087180 559.0
1087190 559.0
1087200 560.4
1087210 562.3
1087220 562.3
1087230 564.1
1087240 565.3
1087250 565.3
1087260 565.3
1087270 563.6
1087280 563.6
1087290 562.0
1087300 561.2
1087310 561.7
1087320 561.7
1087330 564.3
1087340 566.2
1087350 566.2
1087360 566.6
1087370 568.3
1087380 568.3
1087390 569.3
1087400 572.9
1087410 572.9
1087420 573.5
1087430 575.1
1087440 575.1
1087450 574.3
1087460 572.9
1087470 572.9
1087480 580.8
1087490 587.4
1087500 587.4
1087510 588.8
1087520 587.0
1087530 587.0
1087540 582.1
1087550 584.1
1087560 584.1
1087570 592.3
1087580 601.0
1087590 601.0
1087600 609.6
1087610 614.5
1087620 614.5
1087630 616.5
1087640 617.8
1087650 618.8
1087660 618.8
1087670 620.1
1087680 621.8
1087690 621.8
1087700 623.1
1087710 624.3
1087720 624.3
1087730 625.1
1087740 624.6
1087750 624.6
1087760 620.6
1087770 617.0
1087780 617.0
1087790 617.5
1087800 626.5
1087810 626.5
1087820 630.3
1087830 631.2
1087840 631.2
1087850 633.9
1087860 636.4
1087870 636.4
1087880 637.2
1087890 638.4
1087900 638.4
1087910 639.9
1087920 641.5
1087930 641.5
1087940 643.0
1087950 644.9
1087960 644.9
1087970 646.8
1087980 647.8
1087990 648.0
1088000 648.0
1088010 648.6
1088020 649.8
1088030 649.8
1088040 650.8
1088050 649.8
1088060 649.8
1088070 650.5
1088080 652.1
1088090 652.1
1088100 652.4
1088110 652.8
1088120 652.9
1088130 653.4
1088140 654.0
1088150 654.0
1088160 655.4
1088170 656.8
1088180 656.8
1088190 658.6
1088200 659.6
1088210 659.6
1088220 660.3
1088230 660.8
1088240 660.8
1088250 661.7
1088260 662.4
1088270 662.4
1088280 663.1
1088290 663.9
1088300 663.9
1088310 664.9
1088320 665.9
1088330 666.6
1088340 666.6
1088350 667.1
1088360 667.6
1088370 667.6
1088380 668.0
1088390 668.4
1088400 668.4
1088410 668.6
1088420 668.7
1088430 668.7
1088440 668.6
1088450 668.1
1088460 668.1
1088470 667.5
1088480 667.4
1088490 667.4
1088500 667.9
1088510 668.5
1088520 668.5
1088530 668.9
1088540 669.4
1088550 669.4
1088560 669.6
1088570 670.1
1088580 670.1
1088590 670.7
1088600 671.3
1088610 671.3
1088620 671.8
1088630 672.3
1088640 673.1
1088650 673.1
1088660 673.8
1088670 674.5
1088680 674.5
1088690 675.2
1088700 675.7
1088710 675.7
1088720 676.1
1088730 676.5
1088740 676.5
1088750 676.8
1088760 676.9
1088770 678.0
1088780 678.2
1088790 678.3
1088800 678.3
1088810 678.9
1088820 679.8
1088830 679.8
1088840 680.5
1088850 681.0
1088860 681.0
1088870 681.4
1088880 681.7
1088890 681.7
1088900 682.5
1088910 684.2
1088920 684.2
1088930 686.2
1088940 687.6
1088950 687.6
1088960 689.0
1088970 690.7
1088980 691.9
1088990 691.9
1089000 692.8
1089010 694.4
1089020 694.4
1089030 696.9
1089040 698.7
1089050 698.7
1089060 699.7
1089070 700.9
1089080 700.9
1089090 705.1
1089100 706.5
1089110 706.5
1089120 707.6
1089130 708.4
1089140 708.4
1089150 709.0
1089160 709.4
1089170 709.4
1089180 709.0
1089190 707.7
1089200 707.7
1089210 706.8
1089220 708.9
1089230 708.9
1089240 709.8
1089250 709.0
1089260 709.0
1089270 704.4
1089280 703.1
1089290 703.1
1089300 708.0
1089310 709.5
1089320 711.7
1089330 711.7
1089340 711.6
1089350 709.9
1089360 709.9
1089370 712.1
1089380 714.8
1089390 714.8
1089400 716.0
1089410 720.6
1089420 720.6
1089430 722.0
1089440 723.5
1089450 723.5
1089460 725.1
1089470 726.1
1089480 726.1
1089490 726.8
1089500 727.2
1089510 727.2
1089520 726.1
1089530 725.9
1089540 725.9
1089550 727.2
1089560 726.8
1089570 726.8
1089580 728.8
1089590 729.3
1089600 729.3
1089610 729.3
1089620 729.8
1089630 729.8
1089640 730.3
1089650 731.4
1089660 732.3
1089670 732.3
1089680 732.8
1089690 733.2
1089700 733.2
1089710 732.0
1089720 725.3
1089730 725.3
1089740 723.4
1089750 717.2
1089760 717.2
1089770 709.4
1089780 702.2
1089790 702.2
1089800 692.5
1089810 693.0
1089820 693.0
1089830 701.4
1089840 711.1
1089850 711.1
1089860 720.4
1089870 728.6
1089880 728.6
1089890 738.0
1089900 743.9
1089910 743.9
1089920 743.8
1089930 745.1
1089940 745.1
1089950 745.3
1089960 745.0
1089970 745.3
1089980 745.3
1089990 744.7
1090000 740.1
1090010 740.1
1090020 742.5
1090030 745.9
1090040 745.9
1090050 742.9
1090060 747.2
1090070 747.2
1090080 749.7
1090090 749.4
1090100 749.4
1090110 749.4
1090120 744.9
1090130 744.9
1090140 738.9
1090150 742.4
1090160 742.4
1090170 748.4
1090180 748.1
1090190 748.1
1090200 749.1
1090210 748.6
1090220 748.6
1090230 748.1
1090240 747.0
1090250 747.0
1090260 746.8
1090270 746.2
1090280 746.2
1090290 743.9
1090300 738.2
1090310 731.4
1090320 731.4
1090330 726.8
1090340 727.1
1090350 727.1
1090360 730.5
1090370 736.9
1090380 737.2
1090390 743.1
1090400 745.7
1090410 745.7
1090420 746.0
1090430 746.4
1090440 746.4
1090450 746.6
1090460 746.6
1090470 746.6
1090480 746.5
1090490 746.3
1090500 746.3
1090510 746.2
1090520 745.9
1090530 745.9
1090540 745.3
1090550 744.6
1090560 744.6
1090570 743.9
1090580 744.2
1090590 744.2
1090600 745.1
1090610 745.5
1090620 745.5
1090630 743.9
1090640 740.6
1090650 736.4
1090660 736.4
1090670 734.4
1090680 734.3
1090690 734.3
1090700 733.9
1090710 735.7
1090720 735.7
1090730 736.7
1090740 738.1
1090750 738.1
1090760 739.7
1090770 741.1
1090780 741.1
1090790 742.2
1090800 741.7
1090810 741.7
1090820 735.1
1090830 727.9
1090840 727.9
1090850 723.1
1090860 718.0
1090870 718.0
1090880 714.6
1090890 714.4
1090900 714.4
1090910 723.2
1090920 732.4
1090930 732.4
1090940 739.0
1090950 745.6
1090960 746.5
1090970 746.5
1090980 747.1
1090990 746.6
1091000 746.6
1091010 744.3
1091020 742.4
1091030 743.1
1091040 739.5
1091050 740.8
1091060 740.8
1091070 741.5
1091080 745.1
1091090 745.1
1091100 750.5
1091110 754.7
1091120 754.7
1091130 757.6
1091140 757.6
1091150 757.6
1091160 756.8
1091170 755.0
1091180 755.0
1091190 757.1
1091200 762.3
1091210 762.3
1091220 765.7
1091230 767.2
1091240 767.2
1091250 767.9
1091260 768.9
1091270 768.9
1091280 770.0
1091290 770.5
1091300 771.1
1091310 771.1
1091320 772.4
1091330 774.8
1091340 774.8
1091350 777.4
1091360 782.9
1091370 782.9
1091380 784.4
1091390 785.0
1091400 785.0
1091410 781.9
1091420 782.8
1091430 782.8
1091440 789.3
1091450 789.0
1091460 789.0
1091470 788.4
1091480 795.0
1091490 795.0
1091500 796.0
1091510 797.4
1091520 797.4
1091530 800.4
1091540 801.8
1091550 801.8
1091560 802.2
1091570 801.9
1091580 801.9
1091590 803.1
1091600 803.7
1091610 803.7
1091620 806.0
1091630 807.4
1091640 808.4
1091650 808.4
1091660 809.2
1091670 809.3
1091680 814.5
1091690 815.5
1091700 816.3
1091710 816.3
1091720 817.3
1091730 818.1
1091740 818.1
1091750 818.4
1091760 818.3
1091770 818.3
1091780 818.8
1091790 818.9
1091800 818.9
1091810 818.0
1091820 816.0
1091830 816.0
1091840 813.3
1091850 808.4
1091860 808.4
1091870 803.7
1091880 807.2
1091890 807.2
1091900 811.8
1091910 814.0
1091920 814.0
1091930 814.9
1091940 815.8
1091950 815.8
1091960 816.8
1091970 818.3
1091980 818.5
1091990 818.5
1092000 820.0
1092010 825.5
1092020 825.5
1092030 823.5
1092040 819.4
1092050 819.4
1092060 818.6
1092070 821.1
1092080 821.1
1092090 819.2
1092100 814.3
1092110 814.3
1092120 808.8
1092130 803.0
1092140 803.0
1092150 797.0
1092160 792.2
1092170 792.2
1092180 789.5
1092190 786.2
1092200 786.2
1092210 782.0
1092220 776.5
1092230 776.5
1092240 774.1
1092250 770.6
1092260 770.6
1092270 764.7
1092280 760.4
1092290 762.2
1092300 762.2
1092310 767.8
1092320 770.0
1092330 776.1
1092340 779.3
1092350 783.8
1092360 783.8
1092370 787.6
1092380 789.5
1092390 789.5
1092400 791.7
1092410 794.1
1092420 794.1
1092430 795.5
1092440 797.7
1092450 797.7
1092460 802.4
1092470 807.0
1092480 807.0
1092490 812.5
1092500 810.3
1092510 810.3
1092520 808.9
1092530 806.6
1092540 806.6
1092550 804.2
1092560 799.7
1092570 799.7
1092580 797.0
1092590 793.3
1092600 793.3
1092610 789.1
1092620 788.8
1092630 796.1
1092640 796.1
1092650 801.5
1092660 805.8
1092670 805.8
1092680 809.9
1092690 817.1
1092700 817.1
1092710 825.3
1092720 833.3
1092730 833.3
1092740 842.5
1092750 849.2
1092760 849.2
1092770 852.7
1092780 860.6
1092790 860.6
1092800 864.9
1092810 867.8
1092820 867.8
1092830 870.2
1092840 873.1
1092850 873.1
1092860 876.1
1092870 878.5
1092880 878.5
1092890 880.2
1092900 882.0
1092910 882.0
1092920 884.3
1092930 885.9
1092940 885.9
1092950 887.7
1092960 889.6
1092970 889.2
1092980 889.2
1092990 893.1
1093000 895.5
1093010 895.5
1093020 900.8
1093030 903.0
1093040 903.0
1093050 904.6
1093060 906.4
1093070 906.4
1093080 907.8
1093090 908.9
1093100 908.9
1093110 911.2
1093120 913.9
1093130 913.9
1093140 916.0
1093150 917.9
1093160 917.9
1093170 919.5
1093180 921.6
1093190 921.6
1093200 923.1
1093210 925.2
1093220 925.2
1093230 926.7
1093240 927.9
1093250 927.9
1093260 931.1
1093270 931.8
1093280 931.8
1093290 933.3
1093300 936.8
1093310 945.9
1093320 945.9
1093330 948.1
1093340 950.9
1093350 950.9
1093360 954.0
1093370 955.9
1093380 955.9
1093390 959.3
1093400 962.4
1093410 962.4
1093420 965.8
1093430 968.0
1093440 968.0
1093450 971.5
1093460 977.9
1093470 977.9
1093480 980.8
1093490 983.8
1093500 983.8
1093510 987.0
1093520 989.0
1093530 989.0
1093540 990.7
1093550 993.1
1093560 993.1
1093570 995.7
1093580 997.1
1093590 997.1
1093600 998.8
1093610 1000.4
1093620 1002.2
1093630 1002.2
1093640 1009.3
1093650 1010.2
1093660 1010.2
1093670 1011.6
1093680 1012.7
1093690 1012.7
1093700 1013.2
1093710 1013.5
1093720 1013.5
1093730 1013.0
1093740 1012.8
1093750 1012.8
1093760 1012.3
1093770 1011.2
1093780 1011.2
1093790 1010.2
1093800 1010.6
1093810 1010.6
1093820 1010.3
1093830 1009.6
1093840 1009.6
1093850 1007.8
1093860 1004.3
1093870 1004.3
1093880 1000.3
1093890 996.8
1093900 996.8
1093910 991.6
1093920 987.7
1093930 987.7
1093940 986.3
1093950 983.5
1093960 977.6
1093970 980.9
1093980 975.7
1093990 971.9
1094000 971.9
1094010 968.8
1094020 967.6
1094030 967.6
1094040 967.6
1094050 971.8
1094060 971.8
1094070 975.3
1094080 978.4
1094090 978.4
1094100 980.8
1094110 982.3
1094120 982.3
1094130 984.3
1094140 987.1
1094150 987.1
1094160 990.8
1094170 994.6
1094180 994.6
1094190 997.6
1094200 999.7
1094210 999.7
1094220 1002.2
1094230 1005.1
1094240 1005.1
1094250 1008.6
1094260 1013.1
1094270 1013.1
1094280 1019.1
1094290 1020.4
1094300 1027.9
1094310 1027.9
1094320 1034.5
1094330 1041.3
1094340 1041.3
1094350 1047.5
1094360 1054.2
1094370 1054.2
1094380 1059.0
1094390 1060.4
1094400 1060.4
1094410 1060.9
1094420 1061.2
1094430 1061.2
1094440 1062.6
1094450 1064.1
1094460 1064.1
1094470 1065.7
1094480 1067.1
1094490 1067.1
1094500 1068.9
1094510 1071.8
1094520 1071.8
1094530 1074.0
1094540 1074.4
1094550 1074.4
1094560 1074.9
1094570 1075.4
1094580 1075.4
1094590 1076.1
1094600 1076.7
1094610 1077.0
1094620 1077.8
1094630 1078.2
1094640 1078.7
1094650 1078.7
1094660 1079.1
1094670 1079.0
1094680 1079.0
1094690 1078.3
1094700 1076.9
1094710 1076.9
1094720 1074.8
1094730 1071.7
1094740 1071.7
1094750 1068.2
1094760 1065.6
1094770 1065.6
1094780 1064.1
1094790 1062.2
1094800 1062.2
1094810 1060.3
1094820 1058.2
1094830 1058.2
1094840 1055.3
1094850 1051.0
1094860 1051.0
1094870 1046.5
1094880 1042.1
1094890 1042.1
1094900 1037.4
1094910 1033.0
1094920 1033.0
1094930 1029.2
1094940 1025.9
1094950 1023.9
1094960 1023.9
1094970 1015.6
1094980 1011.9
1094990 1011.9
1095000 1011.0
1095010 1009.5
1095020 1009.5
1095030 1007.6
1095040 1005.5
1095050 1005.5
1095060 1003.1
1095070 1004.8
1095080 1004.8
1095090 1005.4
1095100 1005.3
1095110 1005.3
1095120 1005.9
1095130 1006.3
1095140 1006.3
1095150 1006.2
1095160 1005.4
1095170 1005.4
1095180 1003.8
1095190 1002.6
1095200 1002.6
1095210 1001.4
1095220 999.9
1095230 999.9
1095240 999.8
1095250 1000.5
1095260 1000.5
1095270 1001.2
1095280 1006.5
1095290 1007.3
1095300 1007.3
1095310 1007.2
1095320 1006.4
1095330 1006.4
1095340 1005.8
1095350 1004.0
1095360 1004.0
1095370 1003.3
1095380 1002.8
1095390 1002.8
1095400 1001.2
1095410 998.0
1095420 998.0
1095430 995.7
1095440 993.9
1095450 993.9
1095460 993.9
1095470 999.7
1095480 999.7
1095490 1005.1
1095500 1007.9
1095510 1007.9
1095520 1010.6
1095530 1013.3
1095540 1013.3
1095550 1015.4
1095560 1016.9
1095570 1016.9
1095580 1018.1
1095590 1020.1
1095600 1022.0
1095610 1023.5
1095620 1025.1
1095630 1026.6
1095640 1026.6
1095650 1028.3
1095660 1030.1
1095670 1030.1
1095680 1032.0
1095690 1033.9
1095700 1033.9
1095710 1035.4
1095720 1036.9
1095730 1036.9
1095740 1038.2
1095750 1038.7
1095760 1038.7
1095770 1040.2
1095780 1041.3
1095790 1041.3
1095800 1041.4
1095810 1042.8
1095820 1042.8
1095830 1044.9
1095840 1047.1
1095850 1047.1
1095860 1049.5
1095870 1052.1
1095880 1052.1
1095890 1054.7
1095900 1058.2
1095910 1058.2
1095920 1061.1
1095930 1066.3
1095940 1068.7
1095950 1068.7
1095960 1071.3
1095970 1073.9
1095980 1073.9
1095990 1076.8
1096000 1078.9
1096010 1078.9
1096020 1080.8
1096030 1082.5
1096040 1082.5
1096050 1084.2
1096060 1085.9
1096070 1085.9
1096080 1087.7
1096090 1089.2
1096100 1089.2
1096110 1090.4
1096120 1091.6
1096130 1091.6
1096140 1092.8
1096150 1094.0
1096160 1094.0
1096170 1095.2
1096180 1096.5
1096190 1096.5
1096200 1097.6
1096210 1098.1
1096220 1098.1
1096230 1098.1
1096240 1097.9
1096250 1097.9
1096260 1095.3
1096270 1094.2
1096280 1093.3
1096290 1093.3
1096300 1092.8
1096310 1091.7
1096320 1091.7
1096330 1090.4
1096340 1088.1
1096350 1088.1
1096360 1083.6
1096370 1074.6
1096380 1074.6
1096390 1068.1
1096400 1064.6
1096410 1064.6
1096420 1064.8
1096430 1065.8
1096440 1065.8
1096450 1064.9
1096460 1064.1
1096470 1064.1
1096480 1062.9
1096490 1061.3
1096500 1061.3
1096510 1060.6
1096520 1059.8
1096530 1059.8
1096540 1059.7
1096550 1059.9
1096560 1059.9
1096570 1062.0
1096580 1062.8
1096590 1058.0
1096600 1057.6
1096610 1053.5
1096620 1049.4
1096630 1049.4
1096640 1047.3
1096650 1044.3
1096660 1044.3
1096670 1046.0
1096680 1045.2
1096690 1045.2
1096700 1043.8
1096710 1045.0
1096720 1045.0
1096730 1045.7
1096740 1047.9
1096750 1047.9
1096760 1051.7
1096770 1052.7
1096780 1052.7
1096790 1052.1
1096800 1056.7
1096810 1056.7
1096820 1064.1
1096830 1069.1
1096840 1069.1
1096850 1068.5
1096860 1068.7
1096870 1068.7
1096880 1070.5
1096890 1071.1
1096900 1071.1
1096910 1070.5
1096920 1067.9
1096930 1067.9
1096940 1067.7
1096950 1067.3
1096960 1066.2
1096970 1066.2
1096980 1064.7
1096990 1062.5
1097000 1062.5
1097010 1059.9
1097020 1058.2
1097030 1058.2
1097040 1056.6
1097050 1054.9
1097060 1054.9
1097070 1053.5
1097080 1053.0
1097090 1053.0
1097100 1050.0
1097110 1047.4
1097120 1047.4
1097130 1044.0
1097140 1041.6
1097150 1041.6
1097160 1038.3
1097170 1033.8
1097180 1033.8
1097190 1029.4
1097200 1026.2
1097210 1026.2
1097220 1023.1
1097230 1020.4
1097240 1020.4
1097250 1019.5
1097260 1015.4
1097270 1009.9
1097280 1009.9
1097290 1004.8
1097300 1001.0
1097310 1001.0
1097320 997.9
1097330 994.6
1097340 994.6
1097350 991.5
1097360 989.1
1097370 989.1
1097380 986.7
1097390 984.2
1097400 984.2
1097410 981.6
1097420 977.7
1097430 977.7
1097440 971.7
1097450 964.2
1097460 964.2
1097470 959.0
1097480 952.8
1097490 952.8
1097500 948.8
1097510 944.9
1097520 944.9
1097530 940.2
1097540 936.4
1097550 936.4
1097560 934.4
1097570 933.6
1097580 929.4
1097590 928.5
1097600 927.0
1097610 924.7
1097620 924.7
1097630 922.6
1097640 919.5
1097650 919.5
1097660 919.9
1097670 920.4
1097680 920.4
1097690 919.7
1097700 918.7
1097710 918.7
1097720 917.0
1097730 915.4
1097740 915.4
1097750 914.0
1097760 914.2
1097770 914.2
1097780 915.5
1097790 913.5
1097800 913.5
1097810 912.2
1097820 908.1
1097830 908.1
1097840 908.3
1097850 908.0
1097860 908.0
1097870 905.2
1097880 899.8
1097890 899.8
1097900 893.3
1097910 887.9
1097920 887.9
1097930 890.2
1097940 891.2
1097950 890.9
1097960 890.9
1097970 888.8
1097980 887.2
1097990 887.2
1098000 884.2
1098010 881.6
1098020 881.6
1098030 879.7
1098040 877.2
1098050 877.2
1098060 874.9
1098070 873.3
1098080 873.3
1098090 872.2
1098100 870.0
1098110 870.0
1098120 867.3
1098130 866.1
1098140 866.1
1098150 863.8
1098160 860.6
1098170 860.6
1098180 856.4
1098190 851.9
1098200 851.9
1098210 849.8
1098220 845.9
1098230 845.9
1098240 841.2
1098250 838.8
1098260 836.2
1098270 836.2
1098280 836.1
1098290 838.5
1098300 838.5
1098310 840.6
1098320 842.9
1098330 842.9
1098340 846.5
1098350 850.3
1098360 850.3
1098370 853.1
1098380 854.7
1098390 854.7
1098400 855.3
1098410 854.8
1098420 854.8
1098430 854.3
1098440 854.9
1098450 854.9
1098460 855.3
1098470 854.2
1098480 854.2
1098490 851.2
1098500 847.1
1098510 847.1
1098520 842.2
1098530 838.4
1098540 838.4
1098550 835.3
1098560 834.7
1098570 831.3
1098580 834.7
1098590 830.8
1098600 826.2
1098610 826.2
1098620 822.3
1098630 819.2
1098640 819.2
1098650 818.2
1098660 819.1
1098670 819.1
1098680 819.5
1098690 817.5
1098700 817.5
1098710 814.2
1098720 813.3
1098730 813.3
1098740 813.5
1098750 813.1
1098760 813.1
1098770 812.4
1098780 811.9
1098790 811.9
1098800 811.5
1098810 810.3
1098820 810.3
1098830 808.1
1098840 804.6
1098850 804.6
1098860 802.1
1098870 801.2
1098880 801.2
1098890 800.7
1098900 795.5
1098910 795.5
1098920 793.5
1098930 791.8
1098940 789.8
1098950 789.8
1098960 787.7
1098970 785.7
1098980 785.7
1098990 783.9
1099000 782.4
1099010 782.4
1099020 781.7
1099030 781.4
1099040 781.4
1099050 778.7
1099060 774.8
1099070 774.8
1099080 772.3
1099090 771.2
1099100 771.2
1099110 771.0
1099120 769.2
1099130 769.2
1099140 767.8
1099150 767.4
1099160 767.4
1099170 766.6
1099180 764.0
1099190 764.0
1099200 761.1
1099210 760.1
1099220 760.1
1099230 757.3
1099240 755.1
1099250 755.1
1099260 754.4
1099270 750.4
1099280 744.3
1099290 744.3
1099300 739.7
1099310 737.6
1099320 737.6
1099330 737.5
1099340 736.3
1099350 736.3
1099360 734.0
1099370 731.7
1099380 731.7
1099390 730.0
1099400 727.6
1099410 727.6
1099420 725.3
1099430 722.4
1099440 722.4
1099450 719.9
1099460 717.6
1099470 717.6
1099480 714.7
1099490 711.8
1099500 711.8
1099510 709.3
1099520 706.9
1099530 706.9
1099540 704.7
1099550 702.2
1099560 701.8
1099570 699.7
1099580 697.1
1099590 694.6
1099600 694.6
1099610 692.2
1099620 689.6
1099630 689.6
1099640 687.1
1099650 684.1
1099660 684.1
1099670 682.9
1099680 681.4
1099690 681.4
1099700 680.0
1099710 679.4
1099720 679.4
1099730 677.0
1099740 675.8
1099750 675.8
1099760 675.0
1099770 672.0
1099780 672.0
1099790 667.9
1099800 667.7
1099810 667.7
1099820 665.0
1099830 663.8
1099840 663.8
1099850 664.0
1099860 663.4
1099870 663.4
1099880 661.8
1099890 660.2
1099900 659.2
1099910 657.7
1099920 656.1
1099930 654.6
1099940 654.6
1099950 652.8
1099960 652.0
1099970 652.0
1099980 651.2
1099990 650.0
