1080000 399.5
1080010 399.3
1080020 400.1
1080030 399.3
1080040 400.4
1080050 401.0
1080060 401.0
1080070 401.2
1080080 401.3
1080090 401.3
1080100 401.4
1080110 401.4
1080120 401.4
1080130 401.4
1080140 401.3
1080150 401.3
1080160 401.2
1080170 401.0
1080180 401.0
1080190 400.6
1080200 400.0
1080210 400.0
1080220 399.5
1080230 399.4
1080240 399.4
1080250 399.4
1080260 399.2
1080270 399.2
1080280 399.6
1080290 399.7
1080300 399.7
1080310 399.7
1080320 399.7
1080330 399.7
1080340 399.9
1080350 400.0
1080360 400.2
1080370 400.2
1080380 400.5
1080390 400.1
1080400 400.1
1080410 399.8
1080420 399.9
1080430 399.9
1080440 400.0
1080450 400.1
1080460 400.1
1080470 400.2
1080480 400.2
1080490 400.2
1080500 400.2
1080510 400.3
1080520 400.3
1080530 400.4
1080540 400.5
1080550 400.5
1080560 400.5
1080570 400.5
1080580 400.5
1080590 400.5
1080600 400.5
1080610 400.5
1080620 400.6
1080630 400.7
1080640 400.7
1080650 400.8
1080660 400.7
1080670 400.7
1080680 400.6
1080690 401.1
1080700 401.0
1080710 401.0
1080720 400.5
1080730 400.4
1080740 400.4
1080750 400.4
1080760 400.4
1080770 400.4
1080780 400.3
1080790 400.4
1080800 400.4
1080810 400.4
1080820 400.3
1080830 400.3
1080840 400.4
1080850 400.5
1080860 400.5
1080870 400.4
1080880 400.5
1080890 400.5
1080900 400.6
1080910 400.7
1080920 400.7
1080930 400.8
1080940 400.9
1080950 400.9
1080960 400.9
1080970 401.0
1080980 401.0
1080990 401.1
1081000 401.1
1081010 401.1
1081020 401.2
1081030 401.1
1081040 401.2
1081050 401.2
1081060 401.3
1081070 401.3
1081080 401.3
1081090 401.4
1081100 401.4
1081110 401.4
1081120 401.4
1081130 401.4
1081140 401.4
1081150 401.3
1081160 401.4
1081170 401.4
1081180 401.4
1081190 401.5
1081200 401.5
1081210 401.6
1081220 402.0
1081230 402.0
1081240 401.7
1081250 401.7
1081260 401.7
1081270 401.8
1081280 401.5
1081290 401.7
1081300 401.5
1081310 401.4
1081320 401.4
1081330 401.5
1081340 401.6
1081350 401.6
1081360 401.7
1081370 401.7
1081380 401.8
1081390 401.8
1081400 401.8
1081410 401.9
1081420 401.9
1081430 401.9
1081440 401.9
1081450 401.9
1081460 401.9
1081470 402.0
1081480 402.0
1081490 402.0
1081500 402.1
1081510 402.1
1081520 402.1
1081530 402.1
1081540 402.1
1081550 402.1
1081560 402.2
1081570 402.2
1081580 402.2
1081590 402.3
1081600 402.3
1081610 402.2
1081620 402.3
1081630 402.3
1081640 402.4
1081650 402.4
1081660 402.4
1081670 402.4
1081680 402.6
1081690 402.6
1081700 402.6
1081710 402.7
1081720 402.7
1081730 402.8
1081740 403.0
1081750 402.9
1081760 402.9
1081770 403.0
1081780 402.9
1081790 402.9
1081800 402.8
1081810 402.8
1081820 402.8
1081830 402.8
1081840 402.9
1081850 402.9
1081860 402.8
1081870 402.9
1081880 402.9
1081890 403.0
1081900 403.3
1081910 403.3
1081920 404.0
1081930 404.0
1081940 404.0
1081950 404.1
1081960 404.0
1081970 404.0
1081980 403.9
1081990 403.8
1082000 403.8
1082010 404.0
1082020 404.1
1082030 404.1
1082040 403.8
1082050 403.8
1082060 403.8
1082070 403.8
1082080 403.7
1082090 403.8
1082100 403.8
1082110 403.8
1082120 403.8
1082130 403.8
1082140 403.9
1082150 404.1
1082160 404.1
1082170 404.3
1082180 404.3
1082190 404.3
1082200 404.3
1082210 404.4
1082220 404.4
1082230 404.3
1082240 404.6
1082250 404.5
1082260 404.6
1082270 404.7
1082280 404.7
1082290 404.7
1082300 404.6
1082310 404.6
1082320 404.7
1082330 404.8
1082340 404.8
1082350 404.9
1082360 405.0
1082370 405.0
1082380 405.1
1082390 405.1
1082400 405.1
1082410 405.1
1082420 405.0
1082430 404.9
1082440 404.9
1082450 405.0
1082460 405.2
1082470 405.2
1082480 405.7
1082490 406.3
1082500 406.3
1082510 406.5
1082520 406.7
1082530 406.7
1082540 406.9
1082550 406.9
1082560 407.0
1082570 406.9
1082580 406.7
1082590 406.7
1082600 407.3
1082610 409.5
1082620 409.5
1082630 412.4
1082640 415.4
1082650 415.4
1082660 418.0
1082670 418.9
1082680 418.9
1082690 418.7
1082700 418.6
1082710 418.6
1082720 418.5
1082730 418.4
1082740 418.4
1082750 418.1
1082760 417.4
1082770 417.0
1082780 417.0
1082790 416.9
1082800 415.3
1082810 415.3
1082820 411.1
1082830 408.1
1082840 408.1
1082850 407.4
1082860 407.3
1082870 407.3
1082880 407.2
1082890 407.1
1082900 407.1
1082910 407.1
1082920 407.5
1082930 407.5
1082940 407.7
1082950 407.6
1082960 407.6
1082970 407.4
1082980 408.5
1082990 408.5
1083000 410.6
1083010 409.9
1083020 409.9
1083030 409.4
1083040 409.5
1083050 409.5
1083060 409.5
1083070 409.5
1083080 409.5
1083090 409.6
1083100 412.7
1083110 415.8
1083120 415.8
1083130 411.7
1083140 412.2
1083150 412.2
1083160 411.3
1083170 409.8
1083180 409.8
1083190 409.8
1083200 409.7
1083210 409.7
1083220 409.7
1083230 409.7
1083240 409.7
1083250 409.7
1083260 409.8
1083270 409.8
1083280 409.8
1083290 409.8
1083300 409.8
1083310 409.8
1083320 409.9
1083330 409.9
1083340 409.3
1083350 407.3
1083360 407.3
1083370 406.9
1083380 407.2
1083390 407.2
1083400 407.3
1083410 407.1
1083420 407.1
1083430 407.2
1083440 407.2
1083450 407.2
1083460 407.2
1083470 407.4
1083480 407.3
1083490 407.3
1083500 407.4
1083510 407.3
1083520 407.3
1083530 407.4
1083540 407.3
1083550 407.3
1083560 407.3
1083570 407.4
1083580 407.4
1083590 407.4
1083600 407.4
1083610 407.4
1083620 407.5
1083630 407.5
1083640 407.5
1083650 407.5
1083660 407.5
1083670 407.5
1083680 407.5
1083690 407.5
1083700 407.5
1083710 407.5
1083720 407.5
1083730 407.5
1083740 407.5
1083750 407.5
1083760 407.5
1083770 407.5
1083780 407.6
1083790 407.7
1083800 407.7
1083810 407.6
1083820 407.6
1083830 407.6
1083840 407.7
1083850 407.7
1083860 407.7
1083870 407.8
1083880 407.7
1083890 407.7
1083900 407.7
1083910 407.7
1083920 407.7
1083930 407.7
1083940 407.8
1083950 407.8
1083960 407.9
1083970 408.0
1083980 408.0
1083990 408.0
1084000 408.0
1084010 408.0
1084020 408.0
1084030 408.0
1084040 408.0
1084050 408.1
1084060 408.1
1084070 408.1
1084080 408.2
1084090 408.5
1084100 408.5
1084110 408.6
1084120 408.2
1084130 408.2
1084140 408.3
1084150 408.4
1084160 408.4
1084170 408.4
1084180 408.4
1084190 408.6
1084200 408.6
1084210 408.7
1084220 408.7
1084230 408.7
1084240 408.7
1084250 408.7
1084260 408.7
1084270 408.6
1084280 408.6
1084290 408.6
1084300 408.5
1084310 408.6
1084320 408.6
1084330 408.5
1084340 408.6
1084350 408.6
1084360 408.7
1084370 408.7
1084380 408.7
1084390 408.8
1084400 408.8
1084410 408.8
1084420 408.8
1084430 408.8
1084440 408.8
1084450 408.9
1084460 408.9
1084470 408.9
1084480 408.9
1084490 409.3
1084500 409.4
1084510 409.4
1084520 409.5
1084530 409.6
1084540 409.6
1084550 409.4
1084560 409.6
1084570 409.6
1084580 409.5
1084590 409.4
1084600 409.4
1084610 409.4
1084620 409.5
1084630 409.5
1084640 409.5
1084650 409.5
1084660 409.5
1084670 409.3
1084680 409.2
1084690 409.2
1084700 409.2
1084710 409.2
1084720 409.2
1084730 409.2
1084740 409.2
1084750 409.2
1084760 409.2
1084770 409.2
1084780 409.2
1084790 409.2
1084800 409.2
1084810 409.2
1084820 409.1
1084830 409.1
1084840 408.9
1084850 408.9
1084860 409.2
1084870 409.4
1084880 409.4
1084890 409.5
1084900 409.5
1084910 409.5
1084920 409.6
1084930 409.5
1084940 409.5
1084950 409.3
1084960 409.3
1084970 409.3
1084980 409.3
1084990 409.3
1085000 409.3
1085010 409.5
1085020 409.7
1085030 409.7
1085040 409.9
1085050 409.9
1085060 409.9
1085070 409.7
1085080 409.7
1085090 409.7
1085100 408.8
1085110 408.6
1085120 408.6
1085130 408.7
1085140 409.9
1085150 409.9
1085160 409.7
1085170 409.7
1085180 409.8
1085190 409.8
1085200 409.8
1085210 409.9
1085220 409.9
1085230 409.9
1085240 410.0
1085250 410.0
1085260 410.1
1085270 410.3
1085280 410.3
1085290 410.7
1085300 410.9
1085310 410.9
1085320 411.1
1085330 411.4
1085340 411.4
1085350 411.7
1085360 412.4
1085370 412.4
1085380 413.2
1085390 412.6
1085400 412.6
1085410 412.7
1085420 413.0
1085430 412.6
1085440 413.0
1085450 413.4
1085460 413.4
1085470 415.2
1085480 418.3
1085490 418.3
1085500 418.7
1085510 419.1
1085520 420.3
1085530 420.3
1085540 424.3
1085550 426.1
1085560 426.1
1085570 425.5
1085580 423.1
1085590 423.1
1085600 423.0
1085610 423.5
1085620 423.5
1085630 423.9
1085640 424.9
1085650 424.9
1085660 426.7
1085670 429.6
1085680 429.6
1085690 430.7
1085700 432.0
1085710 432.0
1085720 433.7
1085730 436.8
1085740 436.8
1085750 440.4
1085760 443.8
1085770 443.8
1085780 445.8
1085790 447.9
1085800 447.9
1085810 449.7
1085820 450.8
1085830 450.8
1085840 452.1
1085850 453.6
1085860 456.2
1085870 456.2
1085880 457.0
1085890 457.4
1085900 457.4
1085910 458.3
1085920 459.5
1085930 459.5
1085940 459.8
1085950 461.0
1085960 461.0
1085970 463.4
1085980 465.2
1085990 465.2
1086000 465.8
1086010 467.3
1086020 467.3
1086030 469.6
1086040 470.5
1086050 470.5
1086060 472.4
1086070 476.4
1086080 476.4
1086090 480.2
1086100 486.4
1086110 486.4
1086120 489.0
1086130 490.8
1086140 490.8
1086150 491.9
1086160 493.7
1086170 493.7
1086180 496.9
1086190 499.3
1086200 501.5
1086210 501.5
1086220 504.8
1086230 507.1
1086240 507.1
1086250 508.5
1086260 509.5
1086270 509.5
1086280 509.5
1086290 508.8
1086300 508.8
1086310 508.4
1086320 508.2
1086330 508.2
1086340 508.3
1086350 509.3
1086360 509.3
1086370 510.3
1086380 511.1
1086390 511.1
1086400 512.4
1086410 513.8
1086420 513.8
1086430 515.8
1086440 518.4
1086450 518.4
1086460 521.4
1086470 523.5
1086480 523.5
1086490 525.7
1086500 528.8
1086510 528.8
1086520 532.8
1086530 536.0
1086540 537.4
1086550 537.4
1086560 537.4
1086570 537.6
1086580 537.6
1086590 538.8
1086600 540.7
1086610 540.7
1086620 542.2
1086630 544.0
1086640 544.0
1086650 546.0
1086660 547.6
1086670 547.6
1086680 549.3
1086690 551.5
1086700 551.5
1086710 553.4
1086720 551.9
1086730 551.9
1086740 554.0
1086750 555.4
1086760 555.4
1086770 556.7
1086780 558.3
1086790 558.3
1086800 558.8
1086810 559.0
1086820 559.0
1086830 559.1
1086840 559.3
1086850 559.3
1086860 559.7
1086870 560.1
1086880 560.7
1086890 560.7
1086900 561.4
1086910 562.1
1086920 562.1
1086930 562.8
1086940 563.3
1086950 563.3
1086960 563.5
1086970 563.9
1086980 563.9
1086990 564.9
1087000 565.8
1087010 565.8
1087020 567.1
1087030 568.5
1087040 567.7
1087050 569.7
1087060 572.2
1087070 572.2
1087080 575.1
1087090 577.7
1087100 577.7
1087110 580.5
1087120 582.9
1087130 582.9
1087140 584.8
1087150 586.3
1087160 586.3
1087170 587.3
1087180 588.2
1087190 588.2
1087200 589.5
1087210 590.8
1087220 591.8
1087230 591.8
1087240 592.3
1087250 592.2
1087260 592.2
1087270 592.2
1087280 592.7
1087290 592.7
1087300 592.1
1087310 591.6
1087320 591.6
1087330 591.3
1087340 591.9
1087350 591.9
1087360 591.5
1087370 592.1
1087380 592.1
1087390 592.5
1087400 592.7
1087410 592.7
1087420 592.8
1087430 593.2
1087440 593.2
1087450 594.0
1087460 594.9
1087470 594.9
1087480 595.6
1087490 595.9
1087500 595.9
1087510 596.2
1087520 596.8
1087530 596.8
1087540 597.4
1087550 598.0
1087560 598.0
1087570 598.6
1087580 599.0
1087590 598.6
1087600 598.6
1087610 598.4
1087620 598.7
1087630 598.7
1087640 597.9
1087650 592.0
1087660 592.0
1087670 586.8
1087680 596.9
1087690 596.9
1087700 602.6
1087710 606.6
1087720 606.6
1087730 609.2
1087740 612.0
1087750 612.0
1087760 614.1
1087770 616.6
1087780 616.6
1087790 618.9
1087800 620.8
1087810 620.8
1087820 622.4
1087830 623.9
1087840 623.9
1087850 625.3
1087860 627.2
1087870 627.2
1087880 629.0
1087890 631.0
1087900 631.0
1087910 632.8
1087920 634.6
1087930 636.1
1087940 636.1
1087950 637.6
1087960 639.6
1087970 639.6
1087980 642.1
1087990 644.2
1088000 641.3
1088010 642.9
1088020 644.8
1088030 644.8
1088040 646.6
1088050 649.1
1088060 649.1
1088070 652.0
1088080 654.7
1088090 654.7
1088100 657.2
1088110 659.3
1088120 659.3
1088130 660.9
1088140 662.2
1088150 662.2
1088160 663.3
1088170 663.8
1088180 663.8
1088190 664.0
1088200 664.3
1088210 664.3
1088220 665.0
1088230 665.5
1088240 665.5
1088250 666.6
1088260 668.1
1088270 669.8
1088280 669.8
1088290 671.2
1088300 671.7
1088310 671.7
1088320 671.9
1088330 673.4
1088340 673.4
1088350 675.0
1088360 676.9
1088370 676.9
1088380 679.4
1088390 681.6
1088400 681.6
1088410 683.7
1088420 685.3
1088430 685.3
1088440 687.2
1088450 688.7
1088460 688.7
1088470 687.2
1088480 685.9
1088490 685.9
1088500 685.3
1088510 686.1
1088520 686.1
1088530 687.4
1088540 688.7
1088550 688.7
1088560 689.9
1088570 690.9
1088580 690.9
1088590 692.2
1088600 692.3
1088610 690.4
1088620 690.4
1088630 688.8
1088640 688.1
1088650 679.6
1088660 680.3
1088670 679.6
1088680 679.6
1088690 682.2
1088700 682.5
1088710 682.5
1088720 681.5
1088730 679.8
1088740 679.8
1088750 685.1
1088760 689.4
1088770 689.4
1088780 688.7
1088790 680.3
1088800 680.3
1088810 672.9
1088820 666.0
1088830 666.0
1088840 660.5
1088850 658.6
1088860 658.6
1088870 660.9
1088880 662.9
1088890 662.9
1088900 670.7
1088910 675.5
1088920 675.5
1088930 674.4
1088940 671.9
1088950 668.3
1088960 668.3
1088970 656.9
1088980 656.2
1088990 656.2
1089000 652.9
1089010 655.5
1089020 655.5
1089030 661.7
1089040 671.9
1089050 671.9
1089060 681.7
1089070 688.7
1089080 688.7
1089090 694.6
1089100 695.5
1089110 695.5
1089120 694.0
1089130 691.9
1089140 691.9
1089150 693.0
1089160 693.2
1089170 693.2
1089180 694.0
1089190 693.4
1089200 693.4
1089210 693.0
1089220 692.6
1089230 692.6
1089240 692.3
1089250 692.4
1089260 692.4
1089270 694.3
1089280 694.4
1089290 687.1
1089300 687.1
1089310 687.8
1089320 689.8
1089330 689.8
1089340 690.5
1089350 690.9
1089360 690.9
1089370 690.5
1089380 692.4
1089390 692.4
1089400 696.7
1089410 697.3
1089420 697.3
1089430 698.7
1089440 702.2
1089450 702.2
1089460 704.8
1089470 708.3
1089480 708.3
1089490 711.4
1089500 714.9
1089510 714.9
1089520 718.4
1089530 722.1
1089540 722.1
1089550 726.3
1089560 730.5
1089570 730.5
1089580 735.0
1089590 740.2
1089600 740.2
1089610 743.7
1089620 738.1
1089630 740.7
1089640 740.7
1089650 742.3
1089660 744.8
1089670 744.8
1089680 747.7
1089690 750.7
1089700 750.7
1089710 754.9
1089720 761.4
1089730 761.4
1089740 766.2
1089750 769.7
1089760 769.7
1089770 772.3
1089780 773.7
1089790 773.7
1089800 775.2
1089810 778.3
1089820 778.3
1089830 780.6
1089840 783.6
1089850 783.6
1089860 785.8
1089870 788.0
1089880 788.0
1089890 790.2
1089900 792.4
1089910 792.4
1089920 794.6
1089930 796.7
1089940 794.8
1089950 795.5
1089960 795.4
1089970 795.1
1089980 795.1
1089990 795.2
1090000 795.5
1090010 795.5
1090020 796.1
1090030 796.3
1090040 796.3
1090050 796.8
1090060 797.5
1090070 797.5
1090080 798.1
1090090 798.5
1090100 798.5
1090110 799.2
1090120 799.6
1090130 799.6
1090140 798.2
1090150 798.2
1090160 798.2
1090170 803.5
1090180 809.1
1090190 809.1
1090200 812.2
1090210 813.4
1090220 813.4
1090230 813.7
1090240 816.1
1090250 816.1
1090260 811.1
1090270 811.3
1090280 811.3
1090290 811.4
1090300 811.7
1090310 811.7
1090320 811.3
1090330 811.9
1090340 811.9
1090350 811.9
1090360 812.2
1090370 813.3
1090380 813.3
1090390 814.6
1090400 816.8
1090410 816.8
1090420 819.2
1090430 821.1
1090440 821.1
1090450 821.4
1090460 823.0
1090470 823.0
1090480 826.2
1090490 828.6
1090500 828.6
1090510 831.8
1090520 835.1
1090530 835.1
1090540 837.6
1090550 839.6
1090560 839.6
1090570 841.8
1090580 843.7
1090590 846.5
1090600 848.8
1090610 850.9
1090620 850.9
1090630 852.6
1090640 854.3
1090650 854.3
1090660 856.3
1090670 858.4
1090680 859.7
1090690 859.7
1090700 860.7
1090710 862.6
1090720 862.6
1090730 864.8
1090740 866.4
1090750 866.4
1090760 868.5
1090770 871.0
1090780 871.0
1090790 873.6
1090800 874.9
1090810 874.9
1090820 877.3
1090830 880.5
1090840 880.5
1090850 882.9
1090860 885.4
1090870 885.4
1090880 887.9
1090890 890.2
1090900 890.2
1090910 897.6
1090920 899.8
1090930 899.8
1090940 901.8
1090950 903.8
1090960 903.8
1090970 905.5
1090980 907.0
1090990 907.0
1091000 908.4
1091010 910.5
1091020 913.2
1091030 913.2
1091040 915.8
1091050 917.8
1091060 917.8
1091070 918.9
1091080 919.4
1091090 919.4
1091100 920.2
1091110 920.9
1091120 920.9
1091130 921.6
1091140 923.0
1091150 923.0
1091160 924.4
1091170 925.7
1091180 925.7
1091190 927.1
1091200 928.3
1091210 928.3
1091220 929.6
1091230 931.0
1091240 935.9
1091250 937.1
1091260 938.4
1091270 938.4
1091280 939.0
1091290 938.8
1091300 938.8
1091310 938.0
1091320 936.2
1091330 936.2
1091340 933.5
1091350 931.5
1091360 930.1
1091370 930.1
1091380 928.9
1091390 927.7
1091400 927.7
1091410 926.6
1091420 925.5
1091430 925.5
1091440 924.3
1091450 923.2
1091460 923.2
1091470 922.5
1091480 921.9
1091490 921.9
1091500 921.2
1091510 920.6
1091520 920.6
1091530 920.0
1091540 919.7
1091550 919.7
1091560 920.4
1091570 920.3
1091580 920.3
1091590 920.2
1091600 920.5
1091610 920.5
1091620 921.2
1091630 922.3
1091640 922.3
1091650 923.0
1091660 923.7
1091670 923.7
1091680 924.2
1091690 923.9
1091700 922.5
1091710 922.5
1091720 920.2
1091730 918.1
1091740 918.1
1091750 916.4
1091760 914.8
1091770 914.8
1091780 913.2
1091790 911.7
1091800 911.7
1091810 910.1
1091820 908.6
1091830 908.6
1091840 907.0
1091850 905.3
1091860 905.3
1091870 903.5
1091880 902.0
1091890 900.8
1091900 900.0
1091910 899.8
1091920 899.8
1091930 898.8
1091940 898.5
1091950 898.5
1091960 897.9
1091970 896.2
1091980 896.2
1091990 894.0
1092000 891.6
1092010 891.6
1092020 887.7
1092030 884.5
1092040 883.2
1092050 883.2
1092060 880.8
1092070 878.2
1092080 878.2
1092090 876.1
1092100 874.3
1092110 874.3
1092120 872.6
1092130 871.0
1092140 871.0
1092150 869.4
1092160 867.7
1092170 867.7
1092180 865.9
1092190 864.7
1092200 864.7
1092210 863.3
1092220 863.2
1092230 863.2
1092240 862.9
1092250 862.4
1092260 862.4
1092270 862.5
1092280 862.7
1092290 862.7
1092300 862.5
1092310 861.9
1092320 861.9
1092330 861.4
1092340 859.9
1092350 859.9
1092360 858.0
1092370 854.2
1092380 849.2
1092390 849.2
1092400 845.5
1092410 848.9
1092420 848.9
1092430 854.0
1092440 856.5
1092450 856.5
1092460 857.8
1092470 858.1
1092480 858.1
1092490 858.1
1092500 858.0
1092510 858.0
1092520 857.6
1092530 857.1
1092540 857.7
1092550 856.9
1092560 856.2
1092570 856.2
1092580 855.5
1092590 854.7
1092600 854.7
1092610 853.7
1092620 852.7
1092630 852.7
1092640 851.3
1092650 849.8
1092660 849.8
1092670 847.3
1092680 843.8
1092690 843.8
1092700 840.5
1092710 839.6
1092720 840.0
1092730 840.0
1092740 838.5
1092750 835.7
1092760 835.7
1092770 832.4
1092780 829.5
1092790 829.5
1092800 825.9
1092810 822.6
1092820 822.6
1092830 819.3
1092840 816.6
1092850 816.6
1092860 815.6
1092870 814.4
1092880 814.4
1092890 813.5
1092900 812.2
1092910 812.2
1092920 811.4
1092930 809.0
1092940 809.0
1092950 804.2
1092960 800.7
1092970 800.7
1092980 800.0
1092990 798.7
1093000 798.7
1093010 796.2
1093020 793.7
1093030 793.7
1093040 791.0
1093050 787.6
1093060 787.6
1093070 782.9
1093080 779.7
1093090 772.8
1093100 772.8
1093110 767.8
1093120 765.8
1093130 765.8
1093140 758.7
1093150 750.9
1093160 750.9
1093170 745.9
1093180 743.9
1093190 746.7
1093200 743.8
1093210 743.8
1093220 743.8
1093230 743.2
1093240 743.0
1093250 743.0
1093260 742.5
1093270 739.9
1093280 739.9
1093290 739.0
1093300 736.1
1093310 736.1
1093320 732.7
1093330 734.9
1093340 734.9
1093350 738.5
1093360 740.9
1093370 740.9
1093380 741.2
1093390 740.8
1093400 740.8
1093410 740.3
1093420 739.3
1093430 738.5
1093440 738.5
1093450 737.7
1093460 736.7
1093470 736.7
1093480 735.4
1093490 733.9
1093500 733.9
1093510 732.7
1093520 729.4
1093530 729.4
1093540 728.4
1093550 727.0
1093560 727.0
1093570 726.7
1093580 726.5
1093590 726.5
1093600 724.0
1093610 722.6
1093620 722.6
1093630 723.5
1093640 723.1
1093650 723.1
1093660 722.2
1093670 720.9
1093680 720.9
1093690 719.3
1093700 717.4
1093710 717.4
1093720 715.3
1093730 713.3
1093740 713.3
1093750 711.1
1093760 709.7
1093770 709.3
1093780 709.3
1093790 708.5
1093800 707.6
1093810 707.6
1093820 706.9
1093830 706.1
1093840 706.4
1093850 705.6
1093860 704.5
1093870 704.5
1093880 703.9
1093890 703.6
1093900 703.6
1093910 704.5
1093920 704.7
1093930 704.7
1093940 704.0
1093950 703.0
1093960 703.0
1093970 702.5
1093980 702.9
1093990 702.9
1094000 703.7
1094010 704.1
1094020 704.1
1094030 704.4
1094040 704.7
1094050 704.7
1094060 704.4
1094070 704.0
1094080 704.0
1094090 703.6
1094100 703.3
1094110 703.0
1094120 703.0
1094130 702.9
1094140 702.8
1094150 702.8
1094160 703.1
1094170 703.7
1094180 703.7
1094190 703.9
1094200 703.7
1094210 703.7
1094220 704.1
1094230 704.0
1094240 704.0
1094250 703.0
1094260 702.2
1094270 702.2
1094280 701.9
1094290 701.8
1094300 701.8
1094310 701.9
1094320 702.1
1094330 702.1
1094340 702.3
1094350 702.0
1094360 702.0
1094370 700.9
1094380 697.7
1094390 697.7
1094400 694.7
1094410 693.4
1094420 693.4
1094430 692.6
1094440 692.0
1094450 691.3
1094460 691.3
1094470 690.6
1094480 689.9
1094490 689.9
1094500 689.5
1094510 689.0
1094520 689.0
1094530 688.6
1094540 688.0
1094550 688.0
1094560 687.3
1094570 686.6
1094580 686.6
1094590 685.8
1094600 684.8
1094610 684.8
1094620 680.6
1094630 674.6
1094640 674.6
1094650 672.4
1094660 671.2
1094670 671.2
1094680 670.5
1094690 669.9
1094700 669.9
1094710 669.3
1094720 670.7
1094730 670.7
1094740 671.8
1094750 672.2
1094760 672.2
1094770 671.1
1094780 670.4
1094790 672.0
1094800 672.0
1094810 672.3
1094820 673.1
1094830 678.1
1094840 679.8
1094850 681.5
1094860 681.5
1094870 684.6
1094880 686.4
1094890 686.4
1094900 687.9
1094910 688.9
1094920 688.9
1094930 689.4
1094940 689.3
1094950 689.3
1094960 688.9
1094970 688.4
1094980 688.4
1094990 688.6
1095000 688.5
1095010 688.5
1095020 687.4
1095030 685.5
1095040 685.5
1095050 685.6
1095060 688.1
1095070 688.1
1095080 688.3
1095090 687.5
1095100 687.5
1095110 688.1
1095120 689.5
1095130 691.3
1095140 691.3
1095150 696.6
1095160 697.7
1095170 697.7
1095180 698.4
1095190 699.5
1095200 699.5
1095210 700.4
1095220 701.1
1095230 701.1
1095240 701.5
1095250 701.7
1095260 701.7
1095270 701.9
1095280 701.8
1095290 701.8
1095300 701.5
1095310 700.6
1095320 700.6
1095330 699.0
1095340 698.5
1095350 698.5
1095360 698.6
1095370 698.9
1095380 698.9
1095390 699.6
1095400 700.4
1095410 700.4
1095420 701.1
1095430 701.4
1095440 701.4
1095450 701.1
1095460 700.5
1095470 699.9
1095480 700.7
1095490 700.3
1095500 699.7
1095510 699.7
1095520 699.2
1095530 698.9
1095540 698.9
1095550 698.6
1095560 698.6
1095570 698.6
1095580 698.1
1095590 696.6
1095600 696.6
1095610 694.7
1095620 693.2
1095630 693.2
1095640 691.5
1095650 690.2
1095660 690.2
1095670 689.6
1095680 689.1
1095690 689.1
1095700 688.3
1095710 687.3
1095720 687.3
1095730 686.1
1095740 684.9
1095750 684.9
1095760 683.9
1095770 682.8
1095780 682.8
1095790 681.7
1095800 680.6
1095810 679.0
1095820 679.0
1095830 678.4
1095840 676.7
1095850 676.7
1095860 673.3
1095870 669.2
1095880 669.2
1095890 665.5
1095900 667.3
1095910 667.3
1095920 669.0
1095930 666.8
1095940 666.8
1095950 660.0
1095960 656.0
1095970 656.0
1095980 661.6
1095990 664.6
1096000 664.6
1096010 663.5
1096020 661.6
1096030 661.6
1096040 659.6
1096050 657.7
1096060 657.7
1096070 657.0
1096080 657.9
1096090 657.9
1096100 664.0
1096110 671.5
1096120 671.5
1096130 677.2
1096140 678.4
1096150 681.6
1096160 681.6
1096170 683.3
1096180 684.6
1096190 684.6
1096200 684.9
1096210 685.0
1096220 685.0
1096230 684.3
1096240 684.4
1096250 684.4
1096260 684.7
1096270 685.3
1096280 685.3
1096290 686.1
1096300 686.9
1096310 686.9
1096320 687.4
1096330 687.5
1096340 687.5
1096350 687.0
1096360 685.8
1096370 685.8
1096380 683.4
1096390 681.2
1096400 681.2
1096410 679.4
1096420 680.1
1096430 680.1
1096440 680.4
1096450 681.0
1096460 681.0
1096470 683.4
1096480 683.9
1096490 683.8
1096500 683.8
1096510 684.0
1096520 684.2
1096530 684.2
1096540 684.1
1096550 684.0
1096560 684.0
1096570 683.9
1096580 684.0
1096590 684.0
1096600 684.4
1096610 685.4
1096620 685.4
1096630 687.7
1096640 689.7
1096650 689.7
1096660 691.4
1096670 692.6
1096680 692.6
1096690 693.5
1096700 694.3
1096710 694.3
1096720 695.0
1096730 695.7
1096740 695.7
1096750 696.5
1096760 697.4
1096770 697.4
1096780 698.3
1096790 698.7
1096800 699.2
1096810 699.5
1096820 698.6
1096830 698.6
1096840 695.4
1096850 693.6
1096860 693.2
1096870 693.2
1096880 694.3
1096890 696.6
1096900 696.6
1096910 698.7
1096920 701.1
1096930 701.1
1096940 702.0
1096950 703.9
1096960 703.9
1096970 705.9
1096980 707.8
1096990 707.8
1097000 709.6
1097010 711.0
1097020 711.0
1097030 711.6
1097040 711.7
1097050 711.7
1097060 711.6
1097070 711.3
1097080 711.3
1097090 709.2
1097100 707.4
1097110 707.4
1097120 704.2
1097130 701.0
1097140 701.0
1097150 696.7
1097160 695.0
1097170 695.0
1097180 690.3
1097190 686.9
1097200 684.7
1097210 684.7
1097220 682.3
1097230 679.0
1097240 679.0
1097250 676.1
1097260 673.6
1097270 673.6
1097280 671.8
1097290 670.6
1097300 670.6
1097310 669.3
1097320 668.1
1097330 668.1
1097340 667.1
1097350 666.2
1097360 666.2
1097370 665.3
1097380 664.1
1097390 664.1
1097400 662.5
1097410 661.3
1097420 661.3
1097430 659.7
1097440 657.3
1097450 657.3
1097460 657.6
1097470 655.7
1097480 655.7
1097490 652.6
1097500 648.2
1097510 648.2
1097520 644.9
1097530 642.8
1097540 641.6
1097550 641.6
1097560 640.6
1097570 639.7
1097580 639.7
1097590 639.2
1097600 639.6
1097610 639.6
1097620 639.8
1097630 639.3
1097640 639.3
1097650 637.0
1097660 630.3
1097670 630.3
1097680 623.4
1097690 618.6
1097700 618.6
1097710 613.8
1097720 610.4
1097730 610.4
1097740 609.4
1097750 610.8
1097760 610.8
1097770 610.1
1097780 604.6
1097790 606.9
1097800 601.9
1097810 602.6
1097820 602.6
1097830 609.6
1097840 616.1
1097850 616.1
1097860 623.4
1097870 626.7
1097880 627.5
1097890 627.5
1097900 627.8
1097910 628.6
1097920 628.6
1097930 629.1
1097940 628.4
1097950 628.4
1097960 624.6
1097970 618.3
1097980 618.3
1097990 612.5
1098000 608.9
1098010 608.9
1098020 606.7
1098030 602.3
1098040 602.3
1098050 597.8
1098060 592.6
1098070 592.6
1098080 588.5
1098090 581.5
1098100 581.5
1098110 573.9
1098120 567.8
1098130 567.8
1098140 562.4
1098150 555.0
1098160 555.0
1098170 548.8
1098180 544.1
1098190 544.1
1098200 539.9
1098210 535.8
1098220 527.4
1098230 527.4
1098240 523.2
1098250 527.8
1098260 527.8
1098270 532.1
1098280 535.5
1098290 535.5
1098300 541.4
1098310 544.6
1098320 544.6
1098330 541.1
1098340 535.0
1098350 535.0
1098360 525.6
1098370 518.4
1098380 518.4
1098390 512.6
1098400 504.5
1098410 504.5
1098420 499.6
1098430 498.8
1098440 498.8
1098450 505.8
1098460 504.9
1098470 504.9
1098480 503.6
1098490 498.3
1098500 498.3
1098510 491.7
1098520 485.2
1098530 485.2
1098540 477.5
1098550 472.8
1098560 472.8
1098570 472.8
1098580 473.8
1098590 474.2
1098600 474.2
1098610 473.7
1098620 473.4
1098630 473.4
1098640 474.8
1098650 476.9
1098660 476.9
1098670 479.3
1098680 479.8
1098690 479.8
1098700 479.4
1098710 479.4
1098720 479.4
1098730 480.5
1098740 482.5
1098750 482.5
1098760 485.8
1098770 486.8
1098780 481.9
1098790 482.1
1098800 483.4
1098810 483.4
1098820 485.7
1098830 486.8
1098840 486.8
1098850 485.6
1098860 479.2
1098870 479.2
1098880 475.7
1098890 475.3
1098900 475.2
1098910 475.2
1098920 475.0
1098930 475.1
1098940 475.1
1098950 478.5
1098960 482.0
1098970 482.0
1098980 482.3
1098990 482.4
1099000 482.4
1099010 482.6
1099020 485.3
1099030 485.3
1099040 492.0
1099050 498.1
1099060 498.1
1099070 506.1
1099080 515.6
1099090 515.6
1099100 524.5
1099110 534.3
1099120 534.3
1099130 538.7
1099140 538.5
1099150 538.5
1099160 538.2
1099170 537.6
1099180 537.6
1099190 536.7
1099200 525.3
1099210 525.3
1099220 515.9
1099230 509.5
1099240 505.6
1099250 505.6
1099260 502.0
1099270 499.6
1099280 499.6
1099290 498.5
1099300 497.1
1099310 497.1
1099320 492.7
1099330 483.5
1099340 483.5
1099350 479.8
1099360 479.6
1099370 479.6
1099380 479.8
1099390 480.0
1099400 480.0
1099410 483.4
1099420 485.9
1099430 485.9
1099440 488.8
1099450 492.8
1099460 492.8
1099470 498.3
1099480 505.7
1099490 505.7
1099500 511.4
1099510 514.1
1099520 514.1
1099530 521.2
1099540 526.9
1099550 526.9
1099560 530.5
1099570 533.8
1099580 538.5
1099590 538.5
1099600 542.5
1099610 543.4
1099620 543.4
1099630 543.5
1099640 543.2
1099650 543.2
1099660 543.2
1099670 543.4
1099680 543.4
1099690 543.6
1099700 543.8
1099710 543.8
1099720 544.1
1099730 544.5
1099740 544.5
1099750 545.2
1099760 546.4
1099770 546.4
1099780 546.9
1099790 548.7
1099800 548.7
1099810 551.1
1099820 553.4
1099830 553.4
1099840 555.2
1099850 555.9
1099860 555.9
1099870 551.9
1099880 547.0
1099890 547.0
1099900 544.5
1099910 543.5
1099920 540.8
1099930 540.8
1099940 536.4
1099950 533.4
1099960 533.4
1099970 530.9
1099980 526.0
1099990 526.0
