1080000 399.2
1080010 399.3
1080020 399.4
1080030 399.4
1080040 399.4
1080050 399.4
1080060 399.4
1080070 399.3
1080080 399.4
1080090 399.4
1080100 399.3
1080110 399.3
1080120 399.3
1080130 399.3
1080140 399.5
1080150 399.5
1080160 399.7
1080170 399.5
1080180 399.5
1080190 399.4
1080200 399.3
1080210 399.3
1080220 399.3
1080230 399.4
1080240 399.3
1080250 399.3
1080260 399.5
1080270 399.6
1080280 399.6
1080290 399.5
1080300 399.4
1080310 399.4
1080320 399.2
1080330 399.4
1080340 399.4
1080350 399.6
1080360 399.6
1080370 399.6
1080380 399.5
1080390 399.5
1080400 399.5
1080410 399.5
1080420 399.5
1080430 399.5
1080440 399.5
1080450 399.5
1080460 399.5
1080470 399.5
1080480 399.4
1080490 399.4
1080500 399.4
1080510 399.5
1080520 399.5
1080530 399.6
1080540 399.6
1080550 399.7
1080560 399.7
1080570 399.9
1080580 400.0
1080590 400.0
1080600 400.2
1080610 400.2
1080620 400.2
1080630 400.4
1080640 400.3
1080650 400.3
1080660 400.3
1080670 400.3
1080680 400.3
1080690 400.3
1080700 400.3
1080710 400.3
1080720 400.2
1080730 399.5
1080740 399.5
1080750 399.4
1080760 399.6
1080770 399.6
1080780 399.7
1080790 399.7
1080800 399.7
1080810 399.7
1080820 399.5
1080830 399.5
1080840 399.6
1080850 399.8
1080860 399.8
1080870 399.9
1080880 399.9
1080890 399.9
1080900 399.9
1080910 399.9
1080920 399.9
1080930 399.9
1080940 400.6
1080950 400.9
1080960 400.9
1080970 401.1
1080980 401.3
1080990 401.3
1081000 401.4
1081010 401.6
1081020 401.6
1081030 401.8
1081040 401.8
1081050 401.8
1081060 401.7
1081070 401.7
1081080 401.7
1081090 401.7
1081100 401.5
1081110 401.5
1081120 401.2
1081130 401.0
1081140 401.0
1081150 401.0
1081160 401.0
1081170 401.0
1081180 400.8
1081190 400.9
1081200 400.9
1081210 401.0
1081220 400.9
1081230 400.9
1081240 400.8
1081250 400.8
1081260 400.8
1081270 400.8
1081280 401.0
1081290 401.1
1081300 401.1
1081310 401.2
1081320 401.3
1081330 401.3
1081340 401.6
1081350 401.8
1081360 401.6
1081370 401.8
1081380 401.9
1081390 401.9
1081400 401.9
1081410 402.1
1081420 402.1
1081430 402.2
1081440 402.3
1081450 402.3
1081460 402.4
1081470 402.6
1081480 402.6
1081490 402.8
1081500 402.7
1081510 402.7
1081520 402.6
1081530 402.6
1081540 402.6
1081550 402.5
1081560 402.7
1081570 402.7
1081580 402.9
1081590 403.0
1081600 402.9
1081610 402.9
1081620 402.8
1081630 402.9
1081640 402.9
1081650 402.9
1081660 403.0
1081670 403.0
1081680 403.0
1081690 403.1
1081700 403.1
1081710 403.1
1081720 403.1
1081730 403.1
1081740 403.1
1081750 403.0
1081760 403.0
1081770 403.1
1081780 403.2
1081790 403.2
1081800 403.1
1081810 403.2
1081820 403.2
1081830 403.4
1081840 403.4
1081850 403.4
1081860 403.4
1081870 403.4
1081880 403.4
1081890 403.4
1081900 403.4
1081910 403.4
1081920 403.5
1081930 403.4
1081940 403.4
1081950 403.4
1081960 403.5
1081970 403.5
1081980 403.5
1081990 403.6
1082000 403.6
1082010 403.6
1082020 403.5
1082030 403.6
1082040 403.6
1082050 403.6
1082060 403.7
1082070 403.7
1082080 403.7
1082090 403.7
1082100 403.7
1082110 403.8
1082120 403.7
1082130 403.7
1082140 403.8
1082150 403.8
1082160 403.8
1082170 404.0
1082180 405.1
1082190 405.1
1082200 406.4
1082210 409.1
1082220 409.1
1082230 409.8
1082240 409.7
1082250 409.7
1082260 411.8
1082270 412.5
1082280 412.4
1082290 412.4
1082300 412.1
1082310 409.3
1082320 409.3
1082330 406.2
1082340 405.3
1082350 405.3
1082360 404.3
1082370 404.3
1082380 404.3
1082390 404.3
1082400 404.3
1082410 404.3
1082420 404.4
1082430 404.4
1082440 404.4
1082450 404.4
1082460 404.4
1082470 404.4
1082480 404.4
1082490 404.4
1082500 404.4
1082510 404.4
1082520 404.4
1082530 404.4
1082540 404.4
1082550 404.7
1082560 404.7
1082570 405.4
1082580 405.7
1082590 405.7
1082600 405.2
1082610 404.6
1082620 404.7
1082630 404.6
1082640 404.7
1082650 404.6
1082660 404.6
1082670 404.6
1082680 404.7
1082690 404.7
1082700 404.7
1082710 404.7
1082720 404.7
1082730 404.7
1082740 404.8
1082750 404.8
1082760 404.8
1082770 404.8
1082780 404.8
1082790 404.9
1082800 405.0
1082810 405.0
1082820 405.1
1082830 405.4
1082840 405.4
1082850 405.4
1082860 405.7
1082870 405.7
1082880 405.9
1082890 406.0
1082900 406.0
1082910 406.0
1082920 405.9
1082930 405.9
1082940 405.9
1082950 406.0
1082960 406.0
1082970 406.0
1082980 406.1
1082990 406.1
1083000 406.1
1083010 406.1
1083020 406.3
1083030 406.3
1083040 406.4
1083050 406.5
1083060 406.5
1083070 407.3
1083080 407.6
1083090 407.6
1083100 408.4
1083110 408.7
1083120 408.7
1083130 408.8
1083140 409.1
1083150 409.1
1083160 409.2
1083170 409.5
1083180 409.5
1083190 409.6
1083200 409.6
1083210 409.6
1083220 409.7
1083230 409.7
1083240 409.7
1083250 409.6
1083260 409.5
1083270 409.4
1083280 409.5
1083290 409.6
1083300 409.5
1083310 409.5
1083320 409.6
1083330 409.7
1083340 409.7
1083350 409.8
1083360 409.7
1083370 409.7
1083380 409.8
1083390 410.0
1083400 410.0
1083410 410.0
1083420 410.0
1083430 410.0
1083440 409.8
1083450 409.9
1083460 409.9
1083470 410.0
1083480 409.9
1083490 409.9
1083500 409.9
1083510 409.9
1083520 409.9
1083530 409.8
1083540 409.7
1083550 409.7
1083560 409.7
1083570 409.7
1083580 409.7
1083590 409.8
1083600 409.8
1083610 409.8
1083620 409.7
1083630 409.7
1083640 409.7
1083650 409.7
1083660 409.6
1083670 409.6
1083680 409.6
1083690 409.7
1083700 409.7
1083710 409.7
1083720 409.7
1083730 409.7
1083740 409.7
1083750 409.8
1083760 409.8
1083770 409.8
1083780 409.8
1083790 409.8
1083800 409.8
1083810 409.8
1083820 409.8
1083830 409.8
1083840 409.8
1083850 409.8
1083860 409.8
1083870 409.8
1083880 409.7
1083890 409.7
1083900 409.6
1083910 409.7
1083920 409.7
1083930 409.7
1083940 409.7
1083950 409.7
1083960 409.7
1083970 409.7
1083980 409.8
1083990 409.8
1084000 409.8
1084010 410.1
1084020 410.1
1084030 410.4
1084040 410.4
1084050 410.4
1084060 410.4
1084070 410.4
1084080 410.4
1084090 410.4
1084100 410.4
1084110 410.4
1084120 410.3
1084130 410.1
1084140 410.1
1084150 409.7
1084160 409.3
1084170 409.3
1084180 408.8
1084190 408.8
1084200 408.8
1084210 408.9
1084220 409.1
1084230 409.1
1084240 409.2
1084250 409.2
1084260 409.2
1084270 409.1
1084280 409.1
1084290 409.1
1084300 408.9
1084310 409.2
1084320 409.4
1084330 409.4
1084340 409.5
1084350 409.5
1084360 409.5
1084370 409.4
1084380 409.4
1084390 409.4
1084400 409.5
1084410 409.6
1084420 409.6
1084430 409.7
1084440 409.8
1084450 409.8
1084460 409.8
1084470 409.9
1084480 409.9
1084490 410.0
1084500 409.9
1084510 409.9
1084520 409.9
1084530 410.1
1084540 410.2
1084550 410.3
1084560 410.3
1084570 410.3
1084580 410.4
1084590 410.4
1084600 410.4
1084610 410.3
1084620 410.2
1084630 410.2
1084640 410.1
1084650 410.0
1084660 409.9
1084670 409.9
1084680 409.8
1084690 409.9
1084700 409.9
1084710 410.0
1084720 409.9
1084730 409.9
1084740 409.8
1084750 409.7
1084760 409.7
1084770 409.8
1084780 409.8
1084790 409.8
1084800 409.8
1084810 409.8
1084820 409.8
1084830 409.9
1084840 409.9
1084850 409.9
1084860 410.0
1084870 409.9
1084880 409.9
1084890 409.9
1084900 409.9
1084910 409.9
1084920 410.1
1084930 410.1
1084940 410.1
1084950 410.1
1084960 410.2
1084970 410.2
1084980 410.3
1084990 410.3
1085000 411.0
1085010 411.0
1085020 411.2
1085030 411.3
1085040 411.3
1085050 411.2
1085060 410.7
1085070 410.7
1085080 410.7
1085090 411.2
1085100 411.2
1085110 411.4
1085120 411.6
1085130 411.6
1085140 411.5
1085150 411.4
1085160 411.4
1085170 411.4
1085180 411.5
1085190 411.5
1085200 411.5
1085210 411.6
1085220 411.6
1085230 411.8
1085240 411.9
1085250 411.9
1085260 412.3
1085270 412.5
1085280 412.5
1085290 412.8
1085300 413.2
1085310 413.2
1085320 413.3
1085330 413.5
1085340 413.6
1085350 413.6
1085360 413.8
1085370 413.9
1085380 413.9
1085390 414.2
1085400 414.4
1085410 414.4
1085420 414.7
1085430 415.0
1085440 415.0
1085450 415.3
1085460 415.7
1085470 415.7
1085480 416.3
1085490 416.9
1085500 416.9
1085510 417.1
1085520 419.5
1085530 419.5
1085540 419.7
1085550 419.7
1085560 419.7
1085570 419.7
1085580 420.3
1085590 420.3
1085600 421.1
1085610 421.6
1085620 421.6
1085630 422.4
1085640 423.3
1085650 423.3
1085660 424.2
1085670 425.7
1085680 426.3
1085690 426.3
1085700 426.7
1085710 427.1
1085720 427.1
1085730 426.8
1085740 426.7
1085750 426.7
1085760 427.0
1085770 427.4
1085780 427.4
1085790 428.0
1085800 428.7
1085810 428.7
1085820 429.2
1085830 429.9
1085840 429.9
1085850 430.3
1085860 431.0
1085870 431.0
1085880 431.5
1085890 432.2
1085900 432.2
1085910 433.9
1085920 437.2
1085930 437.2
1085940 439.3
1085950 442.7
1085960 442.7
1085970 449.2
1085980 453.3
1085990 453.3
1086000 455.8
1086010 457.6
1086020 457.6
1086030 459.6
1086040 461.6
1086050 463.8
1086060 463.8
1086070 465.7
1086080 466.6
1086090 466.6
1086100 467.6
1086110 468.8
1086120 468.8
1086130 469.2
1086140 468.8
1086150 468.8
1086160 468.7
1086170 468.6
1086180 468.6
1086190 468.4
1086200 467.9
1086210 467.9
1086220 468.3
1086230 468.3
1086240 468.3
1086250 469.3
1086260 470.0
1086270 470.0
1086280 472.6
1086290 474.6
1086300 474.6
1086310 476.9
1086320 477.4
1086330 477.4
1086340 478.5
1086350 481.7
1086360 481.7
1086370 481.4
1086380 483.5
1086390 485.2
1086400 485.2
1086410 486.1
1086420 487.7
1086430 487.7
1086440 489.8
1086450 491.7
1086460 490.0
1086470 492.1
1086480 493.8
1086490 493.8
1086500 495.7
1086510 497.0
1086520 497.0
1086530 500.8
1086540 503.8
1086550 503.8
1086560 507.0
1086570 510.8
1086580 510.8
1086590 514.0
1086600 516.2
1086610 516.2
1086620 518.8
1086630 522.9
1086640 522.9
1086650 527.0
1086660 530.7
1086670 530.7
1086680 534.6
1086690 537.7
1086700 537.7
1086710 540.5
1086720 544.0
1086730 547.0
1086740 547.0
1086750 549.7
1086760 551.8
1086770 551.8
1086780 554.2
1086790 552.7
1086800 552.7
1086810 554.8
1086820 557.7
1086830 557.7
1086840 560.7
1086850 563.0
1086860 563.0
1086870 565.6
1086880 567.1
1086890 567.1
1086900 569.6
1086910 572.2
1086920 572.2
1086930 574.2
1086940 576.2
1086950 576.2
1086960 578.3
1086970 580.2
1086980 580.2
1086990 581.5
1087000 582.5
1087010 582.5
1087020 583.5
1087030 584.6
1087040 584.6
1087050 585.8
1087060 587.0
1087070 588.3
1087080 588.3
1087090 589.5
1087100 590.7
1087110 588.1
1087120 589.3
1087130 591.1
1087140 591.1
1087150 593.2
1087160 595.2
1087170 595.2
1087180 597.2
1087190 599.0
1087200 599.0
1087210 601.1
1087220 603.3
1087230 603.3
1087240 605.8
1087250 608.2
1087260 608.2
1087270 610.3
1087280 612.5
1087290 612.5
1087300 613.9
1087310 615.4
1087320 615.4
1087330 614.9
1087340 615.8
1087350 615.8
1087360 614.5
1087370 613.4
1087380 613.4
1087390 612.7
1087400 611.6
1087410 610.7
1087420 610.7
1087430 610.6
1087440 613.2
1087450 613.2
1087460 615.5
1087470 617.7
1087480 617.7
1087490 620.2
1087500 623.4
1087510 623.4
1087520 626.0
1087530 627.4
1087540 627.4
1087550 630.0
1087560 631.7
1087570 631.7
1087580 635.3
1087590 637.8
1087600 637.8
1087610 639.9
1087620 642.1
1087630 642.1
1087640 644.6
1087650 647.2
1087660 647.2
1087670 649.9
1087680 652.7
1087690 652.7
1087700 654.6
1087710 655.4
1087720 655.4
1087730 655.5
1087740 655.2
1087750 655.7
1087760 655.7
1087770 655.7
1087780 655.6
1087790 655.6
1087800 655.5
1087810 655.1
1087820 655.1
1087830 654.9
1087840 655.8
1087850 655.8
1087860 656.9
1087870 658.5
1087880 658.5
1087890 660.0
1087900 661.2
1087910 661.2
1087920 662.1
1087930 662.8
1087940 662.8
1087950 663.5
1087960 664.2
1087970 664.2
1087980 664.9
1087990 665.7
1088000 665.7
1088010 666.2
1088020 666.6
1088030 666.6
1088040 667.9
1088050 670.0
1088060 670.0
1088070 672.5
1088080 674.0
1088090 675.0
1088100 675.0
1088110 675.8
1088120 676.6
1088130 676.6
1088140 677.5
1088150 678.8
1088160 678.8
1088170 680.1
1088180 681.5
1088190 681.5
1088200 682.7
1088210 683.8
1088220 683.8
1088230 685.2
1088240 686.4
1088250 686.4
1088260 687.7
1088270 689.1
1088280 689.1
1088290 690.7
1088300 692.9
1088310 692.9
1088320 695.0
1088330 697.1
1088340 697.1
1088350 698.7
1088360 699.9
1088370 699.9
1088380 703.5
1088390 709.0
1088400 709.0
1088410 710.8
1088420 712.9
1088430 714.7
1088440 714.7
1088450 716.4
1088460 718.5
1088470 718.5
1088480 719.6
1088490 720.1
1088500 720.1
1088510 720.8
1088520 721.6
1088530 721.6
1088540 722.9
1088550 723.9
1088560 723.9
1088570 725.3
1088580 727.4
1088590 727.4
1088600 728.9
1088610 730.4
1088620 730.4
1088630 733.5
1088640 736.7
1088650 736.7
1088660 740.5
1088670 744.5
1088680 744.5
1088690 747.5
1088700 749.9
1088710 749.9
1088720 754.9
1088730 757.2
1088740 757.2
1088750 758.6
1088760 760.6
1088770 762.8
1088780 762.8
1088790 764.7
1088800 765.9
1088810 765.9
1088820 766.3
1088830 766.2
1088840 766.2
1088850 766.7
1088860 766.8
1088870 766.8
1088880 766.3
1088890 766.5
1088900 766.5
1088910 767.0
1088920 767.6
1088930 767.6
1088940 768.2
1088950 768.6
1088960 768.6
1088970 769.0
1088980 769.2
1088990 769.2
1089000 769.5
1089010 770.1
1089020 770.1
1089030 770.0
1089040 773.7
1089050 773.7
1089060 773.3
1089070 773.3
1089080 773.3
1089090 772.9
1089100 771.6
1089110 772.4
1089120 772.4
1089130 772.3
1089140 770.4
1089150 770.4
1089160 773.7
1089170 775.8
1089180 775.8
1089190 778.0
1089200 780.5
1089210 780.5
1089220 783.0
1089230 785.3
1089240 785.3
1089250 787.0
1089260 788.7
1089270 788.7
1089280 790.7
1089290 792.8
1089300 792.8
1089310 794.2
1089320 795.5
1089330 795.5
1089340 796.5
1089350 797.5
1089360 804.6
1089370 805.4
1089380 806.3
1089390 806.3
1089400 807.5
1089410 809.5
1089420 809.5
1089430 810.9
1089440 811.9
1089450 813.2
1089460 813.2
1089470 815.8
1089480 817.8
1089490 817.8
1089500 818.2
1089510 819.6
1089520 819.6
1089530 821.8
1089540 824.8
1089550 824.8
1089560 828.5
1089570 832.3
1089580 832.3
1089590 835.9
1089600 840.1
1089610 840.1
1089620 843.1
1089630 845.3
1089640 845.3
1089650 847.5
1089660 849.9
1089670 849.9
1089680 852.5
1089690 851.8
1089700 851.8
1089710 853.7
1089720 856.0
1089730 856.0
1089740 858.6
1089750 860.1
1089760 860.1
1089770 861.6
1089780 863.1
1089790 864.3
1089800 864.3
1089810 865.0
1089820 865.3
1089830 865.3
1089840 865.4
1089850 865.5
1089860 865.5
1089870 865.7
1089880 865.9
1089890 865.9
1089900 866.3
1089910 866.8
1089920 866.8
1089930 867.4
1089940 868.0
1089950 868.0
1089960 868.6
1089970 869.2
1089980 869.2
1089990 869.8
1090000 870.3
1090010 873.7
1090020 874.1
1090030 876.0
1090040 876.0
1090050 878.4
1090060 880.2
1090070 880.2
1090080 881.5
1090090 882.6
1090100 882.6
1090110 883.8
1090120 885.4
1090130 886.7
1090140 886.7
1090150 888.3
1090160 890.2
1090170 890.2
1090180 891.4
1090190 892.7
1090200 892.7
1090210 894.2
1090220 895.7
1090230 895.7
1090240 897.0
1090250 898.3
1090260 898.3
1090270 899.4
1090280 900.4
1090290 900.4
1090300 900.7
1090310 901.0
1090320 901.0
1090330 897.2
1090340 897.6
1090350 897.6
1090360 898.2
1090370 898.4
1090380 898.4
1090390 898.6
1090400 898.9
1090410 898.9
1090420 899.3
1090430 899.5
1090440 899.5
1090450 899.4
1090460 899.2
1090470 898.8
1090480 898.8
1090490 898.4
1090500 897.8
1090510 897.8
1090520 897.2
1090530 895.9
1090540 895.9
1090550 893.5
1090560 892.1
1090570 892.1
1090580 891.1
1090590 889.3
1090600 889.3
1090610 888.4
1090620 887.3
1090630 887.3
1090640 886.6
1090650 885.4
1090660 881.2
1090670 880.1
1090680 878.9
1090690 878.9
1090700 879.0
1090710 877.9
1090720 877.9
1090730 876.6
1090740 874.7
1090750 874.7
1090760 872.9
1090770 871.4
1090780 871.4
1090790 870.6
1090800 869.7
1090810 868.9
1090820 868.9
1090830 868.0
1090840 867.2
1090850 867.2
1090860 866.8
1090870 866.9
1090880 866.9
1090890 867.2
1090900 867.3
1090910 867.3
1090920 867.2
1090930 867.1
1090940 867.1
1090950 866.9
1090960 866.6
1090970 866.6
1090980 864.7
1090990 865.1
1091000 865.1
1091010 865.5
1091020 865.6
1091030 865.6
1091040 865.6
1091050 865.7
1091060 865.7
1091070 865.7
1091080 865.9
1091090 865.9
1091100 866.6
1091110 867.1
1091120 867.1
1091130 867.6
1091140 867.9
1091150 868.1
1091160 868.1
1091170 868.3
1091180 868.4
1091190 868.4
1091200 868.5
1091210 868.7
1091220 868.7
1091230 868.8
1091240 868.9
1091250 868.9
1091260 868.9
1091270 868.9
1091280 868.9
1091290 868.9
1091300 869.0
1091310 867.5
1091320 867.5
1091330 865.6
1091340 865.6
1091350 867.5
1091360 869.3
1091370 869.3
1091380 870.5
1091390 871.1
1091400 871.1
1091410 872.8
1091420 874.1
1091430 874.1
1091440 875.4
1091450 876.6
1091460 876.6
1091470 877.2
1091480 877.9
1091490 877.9
1091500 879.0
1091510 879.8
1091520 880.0
1091530 880.0
1091540 880.7
1091550 881.0
1091560 881.0
1091570 881.3
1091580 881.4
1091590 881.4
1091600 881.2
1091610 881.5
1091620 881.5
1091630 882.5
1091640 883.1
1091650 883.1
1091660 884.6
1091670 886.1
1091680 886.1
1091690 886.9
1091700 887.7
1091710 887.7
1091720 888.2
1091730 888.4
1091740 888.4
1091750 888.5
1091760 888.7
1091770 888.7
1091780 888.9
1091790 889.0
1091800 889.0
1091810 889.0
1091820 889.1
1091830 889.1
1091840 889.1
1091850 889.1
1091860 889.1
1091870 889.1
1091880 889.1
1091890 889.0
1091900 889.0
1091910 889.0
1091920 889.1
1091930 889.1
1091940 889.0
1091950 889.1
1091960 889.0
1091970 888.7
1091980 887.8
1091990 887.8
1092000 887.5
1092010 887.4
1092020 887.4
1092030 887.3
1092040 887.7
1092050 887.7
1092060 887.8
1092070 887.5
1092080 887.5
1092090 887.3
1092100 887.1
1092110 887.1
1092120 886.7
1092130 885.9
1092140 885.9
1092150 885.1
1092160 884.0
1092170 884.0
1092180 882.5
1092190 882.8
1092200 883.7
1092210 883.7
1092220 884.3
1092230 884.7
1092240 884.7
1092250 884.8
1092260 884.4
1092270 884.4
1092280 884.5
1092290 883.6
1092300 883.6
1092310 882.3
1092320 881.1
1092330 881.1
1092340 879.7
1092350 878.2
1092360 878.2
1092370 876.5
1092380 874.8
1092390 874.8
1092400 872.9
1092410 871.1
1092420 871.1
1092430 869.9
1092440 869.2
1092450 869.2
1092460 869.1
1092470 868.8
1092480 868.8
1092490 868.2
1092500 867.7
1092510 867.7
1092520 866.9
1092530 865.6
1092540 864.0
1092550 864.0
1092560 861.7
1092570 858.6
1092580 858.6
1092590 855.9
1092600 853.0
1092610 852.5
1092620 850.6
1092630 848.9
1092640 848.9
1092650 847.1
1092660 844.6
1092670 844.6
1092680 841.3
1092690 837.7
1092700 837.7
1092710 833.9
1092720 829.7
1092730 829.7
1092740 824.7
1092750 819.4
1092760 819.4
1092770 815.1
1092780 812.4
1092790 812.4
1092800 809.4
1092810 808.4
1092820 808.4
1092830 807.5
1092840 804.8
1092850 804.8
1092860 801.7
1092870 798.8
1092880 796.4
1092890 796.4
1092900 794.2
1092910 791.7
1092920 791.7
1092930 785.2
1092940 782.4
1092950 782.4
1092960 779.6
1092970 776.2
1092980 776.2
1092990 772.4
1093000 769.1
1093010 769.1
1093020 765.9
1093030 762.8
1093040 762.8
1093050 759.9
1093060 756.2
1093070 756.2
1093080 752.9
1093090 749.1
1093100 749.1
1093110 746.2
1093120 743.5
1093130 743.5
1093140 739.9
1093150 737.1
1093160 737.1
1093170 734.8
1093180 732.1
1093190 732.1
1093200 729.3
1093210 729.6
1093220 731.4
1093230 731.4
1093240 732.5
1093250 732.4
1093260 737.2
1093270 734.1
1093280 730.3
1093290 730.3
1093300 727.4
1093310 724.9
1093320 724.9
1093330 722.3
1093340 719.6
1093350 719.6
1093360 716.6
1093370 713.7
1093380 713.7
1093390 710.9
1093400 708.1
1093410 708.1
1093420 706.6
1093430 704.5
1093440 704.5
1093450 701.5
1093460 700.1
1093470 700.1
1093480 699.9
1093490 699.6
1093500 699.6
1093510 699.0
1093520 698.7
1093530 698.7
1093540 698.8
1093550 699.1
1093560 698.2
1093570 698.2
1093580 697.9
1093590 697.4
1093600 697.4
1093610 696.8
1093620 696.7
1093630 696.7
1093640 696.7
1093650 696.4
1093660 696.4
1093670 696.1
1093680 695.9
1093690 695.9
1093700 696.7
1093710 698.7
1093720 698.7
1093730 701.0
1093740 703.3
1093750 703.3
1093760 705.4
1093770 707.6
1093780 707.6
1093790 710.0
1093800 712.1
1093810 712.1
1093820 713.8
1093830 715.5
1093840 715.5
1093850 717.5
1093860 719.8
1093870 719.8
1093880 721.4
1093890 722.7
1093900 724.3
1093910 725.5
1093920 728.0
1093930 730.1
1093940 730.1
1093950 732.1
1093960 734.5
1093970 734.5
1093980 736.9
1093990 739.2
1094000 739.2
1094010 740.4
1094020 741.3
1094030 741.3
1094040 741.9
1094050 742.4
1094060 742.4
1094070 742.8
1094080 743.4
1094090 743.4
1094100 744.1
1094110 744.7
1094120 744.7
1094130 745.2
1094140 745.5
1094150 745.5
1094160 745.7
1094170 745.6
1094180 745.6
1094190 745.2
1094200 745.2
1094210 745.2
1094220 745.4
1094230 745.9
1094240 747.1
1094250 747.1
1094260 747.0
1094270 747.1
1094280 747.1
1094290 747.6
1094300 747.8
1094310 747.8
1094320 747.8
1094330 748.0
1094340 748.0
1094350 748.2
1094360 748.0
1094370 748.0
1094380 747.1
1094390 745.8
1094400 745.8
1094410 743.7
1094420 741.0
1094430 741.0
1094440 738.3
1094450 735.5
1094460 735.5
1094470 733.4
1094480 731.5
1094490 731.5
1094500 729.4
1094510 727.8
1094520 727.8
1094530 726.3
1094540 724.6
1094550 724.6
1094560 721.3
1094570 717.5
1094580 716.3
1094590 716.3
1094600 715.3
1094610 714.3
1094620 714.3
1094630 713.3
1094640 712.6
1094650 712.6
1094660 712.1
1094670 712.1
1094680 712.1
1094690 712.2
1094700 710.6
1094710 710.6
1094720 710.2
1094730 709.9
1094740 709.9
1094750 709.3
1094760 708.5
1094770 708.5
1094780 708.0
1094790 707.4
1094800 707.4
1094810 706.9
1094820 706.1
1094830 706.1
1094840 705.4
1094850 704.6
1094860 704.6
1094870 704.2
1094880 703.8
1094890 703.8
1094900 703.0
1094910 702.9
1094920 702.8
1094930 702.8
1094940 702.7
1094950 702.7
1094960 702.7
1094970 703.1
1094980 703.3
1094990 703.3
1095000 703.4
1095010 703.0
1095020 703.0
1095030 702.8
1095040 702.5
1095050 702.5
1095060 702.2
1095070 701.7
1095080 701.7
1095090 701.2
1095100 700.8
1095110 700.8
1095120 700.6
1095130 700.7
1095140 700.7
1095150 700.9
1095160 701.0
1095170 701.0
1095180 701.1
1095190 701.1
1095200 701.1
1095210 701.0
1095220 700.1
1095230 700.1
1095240 698.8
1095250 697.0
1095260 697.2
1095270 697.2
1095280 697.5
1095290 697.8
1095300 697.8
1095310 698.5
1095320 699.5
1095330 699.5
1095340 700.7
1095350 702.0
1095360 702.0
1095370 703.4
1095380 704.8
1095390 704.8
1095400 706.0
1095410 706.8
1095420 706.8
1095430 707.9
1095440 708.5
1095450 708.5
1095460 709.0
1095470 709.5
1095480 709.5
1095490 710.0
1095500 710.1
1095510 710.1
1095520 710.4
1095530 710.4
1095540 710.4
1095550 711.4
1095560 711.0
1095570 711.0
1095580 710.6
1095590 710.5
1095600 710.7
1095610 710.7
1095620 710.9
1095630 710.8
1095640 710.8
1095650 710.5
1095660 709.7
1095670 709.7
1095680 709.5
1095690 709.4
1095700 709.4
1095710 708.6
1095720 708.3
1095730 708.3
1095740 707.3
1095750 706.2
1095760 706.2
1095770 705.5
1095780 705.6
1095790 705.6
1095800 705.9
1095810 705.7
1095820 705.7
1095830 705.3
1095840 704.9
1095850 704.9
1095860 704.4
1095870 704.0
1095880 704.0
1095890 703.4
1095900 701.1
1095910 701.1
1095920 695.4
1095930 690.7
1095940 690.0
1095950 690.0
1095960 693.5
1095970 696.4
1095980 696.4
1095990 697.6
1096000 698.5
1096010 698.5
1096020 699.0
1096030 700.0
1096040 700.0
1096050 700.8
1096060 701.7
1096070 701.7
1096080 702.5
1096090 703.4
1096100 703.4
1096110 704.2
1096120 704.9
1096130 704.9
1096140 705.5
1096150 706.0
1096160 706.0
1096170 706.3
1096180 706.4
1096190 706.4
1096200 706.5
1096210 707.3
1096220 707.3
1096230 707.5
1096240 707.5
1096250 707.5
1096260 707.2
1096270 706.6
1096280 706.5
1096290 706.5
1096300 707.0
1096310 707.7
1096320 707.7
1096330 708.7
1096340 710.6
1096350 710.6
1096360 713.3
1096370 714.9
1096380 714.9
1096390 715.0
1096400 714.9
1096410 714.9
1096420 714.8
1096430 714.1
1096440 714.1
1096450 713.9
1096460 714.9
1096470 714.9
1096480 715.8
1096490 716.8
1096500 716.8
1096510 717.6
1096520 717.7
1096530 717.7
1096540 718.4
1096550 719.0
1096560 719.0
1096570 719.8
1096580 723.3
1096590 723.3
1096600 725.3
1096610 725.9
1096620 727.1
1096630 727.1
1096640 728.6
1096650 729.7
1096660 729.7
1096670 730.2
1096680 731.7
1096690 731.7
1096700 731.8
1096710 733.1
1096720 733.1
1096730 734.4
1096740 735.1
1096750 735.1
1096760 735.6
1096770 736.0
1096780 736.0
1096790 736.6
1096800 737.2
1096810 737.2
1096820 737.8
1096830 738.3
1096840 738.3
1096850 738.7
1096860 739.1
1096870 740.3
1096880 740.8
1096890 740.2
1096900 740.2
1096910 739.8
1096920 739.2
1096930 739.2
1096940 739.1
1096950 738.7
1096960 739.7
1096970 739.7
1096980 740.3
1096990 740.0
1097000 740.0
1097010 740.1
1097020 740.3
1097030 740.3
1097040 740.6
1097050 740.7
1097060 740.7
1097070 740.8
1097080 741.4
1097090 741.4
1097100 741.8
1097110 742.3
1097120 742.3
1097130 743.0
1097140 744.0
1097150 744.0
1097160 743.5
1097170 743.2
1097180 743.2
1097190 743.2
1097200 744.4
1097210 744.4
1097220 744.3
1097230 744.2
1097240 744.2
1097250 743.9
1097260 743.4
1097270 743.4
1097280 743.1
1097290 742.9
1097300 742.4
1097310 742.4
1097320 742.1
1097330 741.7
1097340 741.7
1097350 741.3
1097360 740.9
1097370 740.9
1097380 740.6
1097390 739.9
1097400 739.9
1097410 738.8
1097420 737.5
1097430 737.5
1097440 736.2
1097450 734.8
1097460 734.8
1097470 733.1
1097480 730.5
1097490 730.5
1097500 728.1
1097510 725.9
1097520 725.9
1097530 725.6
1097540 724.0
1097550 724.0
1097560 722.2
1097570 720.5
1097580 720.5
1097590 717.1
1097600 713.7
1097610 713.7
1097620 712.0
1097630 709.3
1097640 707.0
1097650 707.0
1097660 705.4
1097670 705.8
1097680 705.8
1097690 704.6
1097700 703.6
1097710 703.6
1097720 700.7
1097730 697.6
1097740 697.6
1097750 695.2
1097760 693.5
1097770 693.5
1097780 691.5
1097790 689.1
1097800 689.1
1097810 686.3
1097820 684.8
1097830 684.8
1097840 684.8
1097850 684.5
1097860 685.1
1097870 684.9
1097880 684.1
1097890 684.1
1097900 682.9
1097910 681.7
1097920 681.7
1097930 680.4
1097940 679.6
1097950 679.6
1097960 678.9
1097970 677.8
1097980 676.2
1097990 676.2
1098000 674.7
1098010 673.5
1098020 673.5
1098030 672.4
1098040 671.3
1098050 671.3
1098060 670.3
1098070 669.6
1098080 669.6
1098090 668.9
1098100 668.3
1098110 668.3
1098120 668.0
1098130 668.0
1098140 668.0
1098150 668.1
1098160 665.2
1098170 665.2
1098180 658.3
1098190 655.9
1098200 655.9
1098210 653.9
1098220 652.2
1098230 652.2
1098240 649.8
1098250 649.8
1098260 649.8
1098270 652.2
1098280 656.4
1098290 656.4
1098300 660.7
1098310 660.2
1098320 654.8
1098330 654.8
1098340 650.5
1098350 648.5
1098360 648.5
1098370 646.4
1098380 644.2
1098390 644.2
1098400 641.9
1098410 637.5
1098420 637.5
1098430 631.4
1098440 625.7
1098450 625.7
1098460 621.2
1098470 618.1
1098480 618.1
1098490 616.9
1098500 617.4
1098510 617.4
1098520 624.2
1098530 621.7
1098540 621.7
1098550 623.6
1098560 625.1
1098570 625.1
1098580 623.6
1098590 622.4
1098600 622.4
1098610 621.3
1098620 620.9
1098630 620.9
1098640 621.0
1098650 620.3
1098660 618.3
1098670 618.3
1098680 616.2
1098690 614.0
1098700 614.0
1098710 612.0
1098720 610.2
1098730 610.2
1098740 608.4
1098750 606.5
1098760 606.5
1098770 604.4
1098780 602.4
1098790 602.4
1098800 600.6
1098810 599.0
1098820 599.0
1098830 596.7
1098840 590.9
1098850 589.9
1098860 585.5
1098870 585.5
1098880 585.5
1098890 589.1
1098900 588.7
1098910 588.7
1098920 587.9
1098930 587.3
1098940 587.3
1098950 586.4
1098960 584.7
1098970 584.7
1098980 583.0
1098990 581.5
1099000 580.5
1099010 580.5
1099020 579.5
1099030 578.5
1099040 578.5
1099050 578.1
1099060 577.8
1099070 577.8
1099080 578.0
1099090 577.6
1099100 577.6
1099110 577.2
1099120 577.0
1099130 577.0
1099140 577.3
1099150 573.6
1099160 573.6
1099170 566.1
1099180 561.1
1099190 561.1
1099200 555.3
1099210 551.8
1099220 551.8
1099230 549.0
1099240 547.5
1099250 547.5
1099260 546.1
1099270 543.9
1099280 543.9
1099290 541.8
1099300 540.5
1099310 540.5
1099320 536.5
1099330 531.9
1099340 527.6
1099350 527.6
1099360 526.6
1099370 525.4
1099380 525.4
1099390 524.1
1099400 522.0
1099410 522.0
1099420 523.1
1099430 529.9
1099440 529.9
1099450 535.6
1099460 542.4
1099470 542.4
1099480 548.8
1099490 556.0
1099500 556.0
1099510 559.5
1099520 558.7
1099530 558.7
1099540 557.3
1099550 553.8
1099560 553.8
1099570 550.7
1099580 549.0
1099590 549.0
1099600 544.8
1099610 539.9
1099620 539.9
1099630 531.9
1099640 523.2
1099650 523.2
1099660 524.9
1099670 531.3
1099680 535.3
1099690 535.3
1099700 537.4
1099710 544.7
1099720 544.7
1099730 547.9
1099740 546.3
1099750 546.3
1099760 547.0
1099770 547.8
1099780 547.8
1099790 550.8
1099800 551.9
1099810 551.9
1099820 551.7
1099830 551.7
1099840 551.7
1099850 551.6
1099860 552.0
1099870 552.0
1099880 552.4
1099890 552.4
1099900 552.4
1099910 552.6
1099920 552.9
1099930 552.9
1099940 552.7
1099950 551.9
1099960 551.9
1099970 550.2
1099980 548.1
1099990 548.1
