1080000 399.2
1080010 399.1
1080020 399.1
1080030 399.1
1080040 399.4
1080050 399.4
1080060 399.7
1080070 400.1
1080080 400.1
1080090 400.9
1080100 401.2
1080110 401.2
1080120 401.3
1080130 401.3
1080140 401.3
1080150 401.0
1080160 400.4
1080170 400.4
1080180 400.3
1080190 400.1
1080200 400.1
1080210 400.0
1080220 400.0
1080230 400.0
1080240 400.1
1080250 400.2
1080260 400.2
1080270 400.3
1080280 400.5
1080290 400.5
1080300 400.5
1080310 400.6
1080320 400.7
1080330 400.7
1080340 400.0
1080350 399.9
1080360 399.9
1080370 400.0
1080380 400.0
1080390 400.0
1080400 399.9
1080410 400.1
1080420 400.1
1080430 400.1
1080440 400.2
1080450 400.2
1080460 400.2
1080470 400.2
1080480 400.2
1080490 400.3
1080500 400.3
1080510 400.3
1080520 400.4
1080530 400.7
1080540 400.7
1080550 400.8
1080560 400.8
1080570 400.8
1080580 400.7
1080590 400.8
1080600 400.8
1080610 400.8
1080620 400.8
1080630 400.8
1080640 400.8
1080650 400.7
1080660 400.8
1080670 400.8
1080680 401.2
1080690 401.3
1080700 401.3
1080710 400.9
1080720 401.0
1080730 401.0
1080740 400.8
1080750 400.8
1080760 400.8
1080770 400.9
1080780 400.9
1080790 400.9
1080800 401.0
1080810 401.1
1080820 401.1
1080830 401.2
1080840 401.1
1080850 401.1
1080860 401.1
1080870 401.2
1080880 401.2
1080890 401.2
1080900 401.3
1080910 401.3
1080920 401.3
1080930 401.4
1080940 401.4
1080950 401.5
1080960 401.5
1080970 401.5
1080980 401.5
1080990 401.6
1081000 401.8
1081010 401.8
1081020 401.8
1081030 401.8
1081040 401.8
1081050 401.9
1081060 401.9
1081070 401.9
1081080 401.9
1081090 402.0
1081100 402.0
1081110 402.0
1081120 402.1
1081130 402.1
1081140 402.2
1081150 402.3
1081160 402.3
1081170 402.3
1081180 402.2
1081190 402.2
1081200 402.4
1081210 402.5
1081220 402.5
1081230 402.3
1081240 402.6
1081250 402.6
1081260 402.7
1081270 402.8
1081280 402.8
1081290 402.8
1081300 402.6
1081310 402.6
1081320 402.7
1081330 402.8
1081340 402.8
1081350 402.8
1081360 402.9
1081370 402.8
1081380 402.8
1081390 402.6
1081400 402.6
1081410 402.6
1081420 402.7
1081430 402.8
1081440 402.8
1081450 402.9
1081460 403.1
1081470 403.1
1081480 403.2
1081490 403.2
1081500 403.2
1081510 403.7
1081520 403.9
1081530 403.9
1081540 403.4
1081550 403.3
1081560 403.3
1081570 403.3
1081580 403.5
1081590 403.5
1081600 403.6
1081610 403.7
1081620 403.7
1081630 403.8
1081640 403.9
1081650 403.9
1081660 404.0
1081670 404.0
1081680 404.1
1081690 404.1
1081700 404.2
1081710 404.3
1081720 404.3
1081730 404.4
1081740 404.4
1081750 404.4
1081760 404.6
1081770 404.6
1081780 404.6
1081790 404.7
1081800 404.8
1081810 404.8
1081820 404.9
1081830 405.0
1081840 405.0
1081850 405.0
1081860 405.1
1081870 405.1
1081880 405.2
1081890 405.1
1081900 405.1
1081910 405.2
1081920 405.3
1081930 405.3
1081940 405.3
1081950 405.3
1081960 405.3
1081970 405.4
1081980 405.5
1081990 405.5
1082000 405.5
1082010 405.6
1082020 405.7
1082030 405.7
1082040 405.7
1082050 405.8
1082060 405.8
1082070 405.8
1082080 405.8
1082090 405.8
1082100 405.9
1082110 406.0
1082120 406.0
1082130 406.1
1082140 406.1
1082150 406.1
1082160 406.0
1082170 406.1
1082180 406.1
1082190 406.2
1082200 406.1
1082210 406.1
1082220 406.1
1082230 406.2
1082240 406.2
1082250 406.3
1082260 406.4
1082270 406.3
1082280 406.4
1082290 406.6
1082300 406.6
1082310 406.7
1082320 406.6
1082330 406.6
1082340 406.5
1082350 406.5
1082360 406.6
1082370 406.6
1082380 406.5
1082390 406.8
1082400 406.8
1082410 406.9
1082420 406.9
1082430 406.9
1082440 407.0
1082450 407.0
1082460 407.0
1082470 407.0
1082480 407.0
1082490 407.0
1082500 406.9
1082510 406.9
1082520 406.9
1082530 406.9
1082540 407.0
1082550 407.0
1082560 407.1
1082570 407.1
1082580 407.1
1082590 406.9
1082600 406.9
1082610 406.9
1082620 406.7
1082630 406.7
1082640 406.7
1082650 406.7
1082660 406.9
1082670 406.9
1082680 407.0
1082690 407.2
1082700 407.2
1082710 407.2
1082720 407.0
1082730 407.1
1082740 407.1
1082750 407.7
1082760 407.9
1082770 407.9
1082780 407.7
1082790 407.7
1082800 407.7
1082810 407.4
1082820 407.0
1082830 407.0
1082840 407.6
1082850 409.2
1082860 409.2
1082870 409.9
1082880 410.1
1082890 410.1
1082900 408.6
1082910 405.3
1082920 405.3
1082930 404.6
1082940 407.0
1082950 407.0
1082960 407.9
1082970 408.0
1082980 408.0
1082990 408.1
1083000 408.2
1083010 408.2
1083020 408.2
1083030 408.2
1083040 408.2
1083050 408.2
1083060 408.3
1083070 408.2
1083080 408.2
1083090 408.2
1083100 408.2
1083110 408.2
1083120 408.4
1083130 409.1
1083140 409.1
1083150 408.7
1083160 408.6
1083170 408.6
1083180 408.5
1083190 408.3
1083200 408.3
1083210 408.2
1083220 408.2
1083230 408.2
1083240 408.2
1083250 408.1
1083260 408.1
1083270 408.2
1083280 408.1
1083290 408.1
1083300 408.2
1083310 408.2
1083320 408.2
1083330 408.3
1083340 408.3
1083350 408.3
1083360 408.3
1083370 408.3
1083380 408.3
1083390 408.3
1083400 408.3
1083410 408.3
1083420 408.3
1083430 408.4
1083440 408.7
1083450 408.7
1083460 408.6
1083470 408.2
1083480 408.2
1083490 409.1
1083500 411.4
1083510 411.4
1083520 413.9
1083530 414.7
1083540 413.4
1083550 412.9
1083560 413.0
1083570 413.0
1083580 413.0
1083590 413.0
1083600 413.0
1083610 413.5
1083620 414.8
1083630 414.8
1083640 414.4
1083650 412.3
1083660 412.3
1083670 409.8
1083680 408.6
1083690 408.6
1083700 408.5
1083710 408.3
1083720 408.3
1083730 408.2
1083740 408.2
1083750 408.2
1083760 408.2
1083770 408.3
1083780 408.3
1083790 408.3
1083800 408.3
1083810 408.3
1083820 408.3
1083830 408.3
1083840 408.4
1083850 408.4
1083860 408.5
1083870 408.5
1083880 408.5
1083890 408.6
1083900 408.6
1083910 408.6
1083920 408.6
1083930 408.7
1083940 408.7
1083950 408.8
1083960 408.8
1083970 408.8
1083980 408.9
1083990 408.9
1084000 408.9
1084010 408.8
1084020 408.8
1084030 408.8
1084040 408.8
1084050 408.8
1084060 408.8
1084070 408.7
1084080 408.7
1084090 408.8
1084100 408.8
1084110 408.8
1084120 408.8
1084130 408.8
1084140 408.8
1084150 408.9
1084160 408.9
1084170 408.9
1084180 408.8
1084190 408.8
1084200 409.0
1084210 409.2
1084220 409.2
1084230 409.2
1084240 409.3
1084250 409.3
1084260 409.3
1084270 409.4
1084280 409.4
1084290 409.4
1084300 409.0
1084310 409.0
1084320 408.9
1084330 409.0
1084340 409.0
1084350 409.1
1084360 409.2
1084370 409.2
1084380 409.4
1084390 409.5
1084400 409.5
1084410 409.4
1084420 409.5
1084430 409.5
1084440 409.5
1084450 409.4
1084460 409.4
1084470 409.4
1084480 409.4
1084490 409.5
1084500 409.5
1084510 409.5
1084520 409.9
1084530 409.9
1084540 410.3
1084550 410.1
1084560 410.1
1084570 409.8
1084580 409.7
1084590 409.7
1084600 409.7
1084610 410.0
1084620 410.0
1084630 410.1
1084640 410.1
1084650 410.1
1084660 410.1
1084670 410.1
1084680 410.1
1084690 410.1
1084700 410.1
1084710 410.1
1084720 410.1
1084730 409.9
1084740 409.9
1084750 410.0
1084760 409.9
1084770 409.9
1084780 409.9
1084790 410.0
1084800 410.0
1084810 410.0
1084820 409.9
1084830 410.0
1084840 410.0
1084850 410.4
1084860 410.9
1084870 410.9
1084880 410.8
1084890 410.5
1084900 410.5
1084910 410.2
1084920 410.3
1084930 410.3
1084940 410.8
1084950 411.2
1084960 411.2
1084970 411.4
1084980 411.0
1084990 411.0
1085000 411.4
1085010 411.1
1085020 411.1
1085030 410.9
1085040 410.7
1085050 410.7
1085060 410.7
1085070 410.7
1085080 410.7
1085090 410.7
1085100 410.8
1085110 410.8
1085120 410.8
1085130 410.9
1085140 411.5
1085150 411.5
1085160 411.5
1085170 412.0
1085180 412.0
1085190 412.2
1085200 412.1
1085210 412.1
1085220 412.0
1085230 412.0
1085240 412.0
1085250 412.2
1085260 412.6
1085270 412.6
1085280 412.8
1085290 412.8
1085300 412.8
1085310 413.2
1085320 413.5
1085330 413.5
1085340 413.7
1085350 414.1
1085360 414.1
1085370 414.4
1085380 415.0
1085390 415.0
1085400 415.2
1085410 415.6
1085420 415.6
1085430 415.9
1085440 416.5
1085450 416.5
1085460 417.3
1085470 417.6
1085480 418.1
1085490 418.1
1085500 418.6
1085510 418.6
1085520 418.6
1085530 418.5
1085540 419.0
1085550 419.0
1085560 420.9
1085570 422.2
1085580 422.2
1085590 422.1
1085600 422.7
1085610 422.7
1085620 423.8
1085630 424.5
1085640 424.5
1085650 426.1
1085660 428.3
1085670 428.3
1085680 431.6
1085690 432.6
1085700 432.6
1085710 431.5
1085720 430.9
1085730 430.9
1085740 431.7
1085750 433.3
1085760 433.3
1085770 434.9
1085780 435.1
1085790 435.1
1085800 438.1
1085810 440.3
1085820 440.1
1085830 440.1
1085840 440.8
1085850 442.0
1085860 442.0
1085870 442.0
1085880 442.7
1085890 442.7
1085900 444.0
1085910 445.2
1085920 445.2
1085930 446.8
1085940 448.4
1085950 448.4
1085960 449.5
1085970 451.2
1085980 451.2
1085990 452.1
1086000 453.3
1086010 453.3
1086020 456.6
1086030 460.9
1086040 460.9
1086050 464.8
1086060 466.2
1086070 466.2
1086080 467.1
1086090 468.6
1086100 476.8
1086110 479.6
1086120 482.7
1086130 482.7
1086140 487.6
1086150 495.6
1086160 497.3
1086170 497.3
1086180 497.8
1086190 498.9
1086200 498.9
1086210 500.2
1086220 501.5
1086230 501.5
1086240 504.5
1086250 507.7
1086260 507.7
1086270 508.9
1086280 513.0
1086290 513.0
1086300 521.1
1086310 528.8
1086320 528.8
1086330 535.9
1086340 537.0
1086350 537.0
1086360 537.2
1086370 540.0
1086380 540.0
1086390 545.3
1086400 550.8
1086410 550.8
1086420 546.9
1086430 551.4
1086440 551.4
1086450 555.7
1086460 559.5
1086470 559.5
1086480 561.9
1086490 564.0
1086500 567.8
1086510 567.8
1086520 571.0
1086530 572.9
1086540 572.9
1086550 574.6
1086560 576.3
1086570 576.3
1086580 577.6
1086590 578.8
1086600 578.8
1086610 578.5
1086620 576.6
1086630 576.6
1086640 574.3
1086650 571.0
1086660 571.0
1086670 569.0
1086680 568.9
1086690 568.9
1086700 569.1
1086710 570.7
1086720 570.7
1086730 572.0
1086740 580.5
1086750 580.5
1086760 582.4
1086770 584.4
1086780 584.4
1086790 586.7
1086800 589.2
1086810 589.2
1086820 591.3
1086830 593.4
1086840 594.4
1086850 594.4
1086860 598.2
1086870 602.8
1086880 602.8
1086890 604.7
1086900 606.2
1086910 606.2
1086920 607.5
1086930 609.1
1086940 609.1
1086950 610.3
1086960 610.9
1086970 610.9
1086980 611.6
1086990 614.0
1087000 614.0
1087010 616.9
1087020 618.7
1087030 618.7
1087040 620.4
1087050 621.7
1087060 623.9
1087070 624.8
1087080 625.6
1087090 625.6
1087100 626.6
1087110 627.6
1087120 627.6
1087130 628.6
1087140 629.5
1087150 629.5
1087160 630.4
1087170 631.2
1087180 632.4
1087190 632.4
1087200 633.8
1087210 635.2
1087220 635.2
1087230 636.9
1087240 638.9
1087250 638.9
1087260 640.6
1087270 642.5
1087280 642.5
1087290 644.3
1087300 645.9
1087310 645.9
1087320 647.3
1087330 648.6
1087340 648.6
1087350 649.6
1087360 650.3
1087370 650.3
1087380 650.6
1087390 651.5
1087400 651.5
1087410 650.0
1087420 648.8
1087430 648.8
1087440 647.4
1087450 645.8
1087460 645.8
1087470 645.1
1087480 646.7
1087490 646.7
1087500 648.1
1087510 649.4
1087520 649.4
1087530 650.9
1087540 652.5
1087550 654.1
1087560 654.1
1087570 655.3
1087580 655.6
1087590 655.6
1087600 655.3
1087610 656.9
1087620 656.9
1087630 658.1
1087640 658.8
1087650 658.8
1087660 659.6
1087670 660.4
1087680 660.4
1087690 660.5
1087700 661.1
1087710 663.4
1087720 662.9
1087730 664.2
1087740 664.2
1087750 664.8
1087760 666.6
1087770 666.6
1087780 668.2
1087790 669.6
1087800 669.6
1087810 672.6
1087820 675.3
1087830 675.3
1087840 678.0
1087850 680.7
1087860 680.7
1087870 682.5
1087880 683.8
1087890 685.7
1087900 685.7
1087910 687.4
1087920 689.4
1087930 689.4
1087940 691.7
1087950 694.1
1087960 694.1
1087970 695.9
1087980 697.3
1087990 697.3
1088000 699.3
1088010 701.0
1088020 701.0
1088030 706.2
1088040 707.6
1088050 707.6
1088060 709.2
1088070 710.8
1088080 710.8
1088090 712.6
1088100 714.1
1088110 714.1
1088120 714.8
1088130 714.3
1088140 714.3
1088150 710.7
1088160 707.5
1088170 707.5
1088180 703.8
1088190 702.6
1088200 702.6
1088210 700.4
1088220 697.3
1088230 695.1
1088240 695.1
1088250 693.7
1088260 698.0
1088270 698.0
1088280 702.9
1088290 708.7
1088300 708.7
1088310 714.5
1088320 719.4
1088330 719.4
1088340 722.4
1088350 725.6
1088360 725.6
1088370 728.6
1088380 731.5
1088390 731.5
1088400 734.4
1088410 737.5
1088420 737.5
1088430 740.7
1088440 744.0
1088450 744.0
1088460 747.5
1088470 750.8
1088480 750.8
1088490 753.6
1088500 756.9
1088510 756.9
1088520 758.8
1088530 761.0
1088540 761.0
1088550 763.0
1088560 764.8
1088570 766.1
1088580 766.1
1088590 767.2
1088600 768.0
1088610 768.0
1088620 768.8
1088630 769.6
1088640 769.6
1088650 770.3
1088660 770.9
1088670 769.8
1088680 770.3
1088690 770.8
1088700 770.8
1088710 771.4
1088720 771.9
1088730 771.9
1088740 772.9
1088750 774.3
1088760 774.3
1088770 774.7
1088780 774.8
1088790 774.8
1088800 775.3
1088810 775.7
1088820 775.7
1088830 776.0
1088840 776.0
1088850 776.0
1088860 775.8
1088870 775.2
1088880 775.2
1088890 774.3
1088900 773.2
1088910 772.1
1088920 772.1
1088930 770.8
1088940 771.5
1088950 771.5
1088960 772.5
1088970 772.9
1088980 772.9
1088990 772.9
1089000 770.3
1089010 770.3
1089020 769.8
1089030 768.9
1089040 768.9
1089050 767.8
1089060 766.8
1089070 766.8
1089080 765.8
1089090 765.0
1089100 765.0
1089110 764.2
1089120 764.0
1089130 764.0
1089140 765.5
1089150 765.3
1089160 765.3
1089170 765.5
1089180 766.3
1089190 766.3
1089200 766.3
1089210 765.9
1089220 765.9
1089230 764.7
1089240 763.7
1089250 763.2
1089260 763.2
1089270 763.1
1089280 762.6
1089290 762.6
1089300 761.0
1089310 760.1
1089320 756.8
1089330 757.0
1089340 756.9
1089350 756.9
1089360 757.8
1089370 759.2
1089380 759.2
1089390 759.3
1089400 758.8
1089410 758.8
1089420 758.4
1089430 757.6
1089440 757.6
1089450 756.3
1089460 755.3
1089470 755.3
1089480 754.2
1089490 753.3
1089500 753.3
1089510 751.8
1089520 749.0
1089530 749.0
1089540 747.4
1089550 746.6
1089560 746.6
1089570 747.2
1089580 750.2
1089590 750.2
1089600 753.2
1089610 754.9
1089620 755.6
1089630 755.6
1089640 753.4
1089650 758.3
1089660 758.3
1089670 760.9
1089680 763.3
1089690 763.3
1089700 765.3
1089710 767.3
1089720 767.3
1089730 769.4
1089740 771.6
1089750 771.6
1089760 774.3
1089770 775.8
1089780 775.8
1089790 777.5
1089800 779.3
1089810 779.3
1089820 780.8
1089830 782.0
1089840 782.0
1089850 782.9
1089860 783.6
1089870 783.6
1089880 784.2
1089890 784.6
1089900 784.6
1089910 784.8
1089920 784.9
1089930 784.9
1089940 784.2
1089950 785.4
1089960 786.4
1089970 783.4
1089980 783.2
1089990 783.8
1090000 783.8
1090010 783.9
1090020 784.0
1090030 784.0
1090040 782.6
1090050 782.8
1090060 782.8
1090070 781.9
1090080 782.7
1090090 782.7
1090100 782.2
1090110 781.2
1090120 781.2
1090130 785.8
1090140 788.2
1090150 788.2
1090160 788.7
1090170 791.2
1090180 791.2
1090190 793.0
1090200 794.3
1090210 794.3
1090220 795.8
1090230 797.3
1090240 797.3
1090250 798.5
1090260 799.5
1090270 799.5
1090280 800.3
1090290 799.6
1090300 799.2
1090310 799.2
1090320 796.4
1090330 792.8
1090340 792.8
1090350 790.0
1090360 785.7
1090370 785.7
1090380 789.3
1090390 795.7
1090400 795.7
1090410 797.4
1090420 799.7
1090430 799.7
1090440 801.7
1090450 803.3
1090460 803.3
1090470 803.9
1090480 805.8
1090490 805.8
1090500 810.2
1090510 813.7
1090520 813.7
1090530 816.3
1090540 818.4
1090550 818.4
1090560 820.4
1090570 822.2
1090580 822.2
1090590 824.1
1090600 825.9
1090610 825.9
1090620 829.4
1090630 831.3
1090640 832.9
1090650 832.9
1090660 834.7
1090670 836.3
1090680 836.3
1090690 838.0
1090700 839.6
1090710 839.6
1090720 841.1
1090730 842.4
1090740 842.4
1090750 843.5
1090760 844.4
1090770 844.4
1090780 845.0
1090790 845.6
1090800 845.6
1090810 846.2
1090820 846.8
1090830 846.8
1090840 847.6
1090850 848.1
1090860 848.1
1090870 848.3
1090880 848.5
1090890 848.5
1090900 848.2
1090910 847.2
1090920 847.2
1090930 845.9
1090940 843.5
1090950 843.5
1090960 844.4
1090970 845.7
1090980 847.1
1090990 847.1
1091000 848.4
1091010 849.8
1091020 849.8
1091030 851.5
1091040 853.5
1091050 853.5
1091060 855.3
1091070 857.6
1091080 857.6
1091090 860.2
1091100 862.6
1091110 862.6
1091120 864.9
1091130 867.1
1091140 867.1
1091150 869.4
1091160 871.5
1091170 871.5
1091180 873.5
1091190 875.1
1091200 875.1
1091210 876.6
1091220 878.4
1091230 878.4
1091240 880.4
1091250 882.5
1091260 883.9
1091270 886.0
1091280 888.7
1091290 888.7
1091300 891.8
1091310 895.1
1091320 895.1
1091330 898.1
1091340 900.8
1091350 903.3
1091360 903.3
1091370 905.6
1091380 907.9
1091390 907.9
1091400 910.7
1091410 912.8
1091420 912.8
1091430 914.9
1091440 916.8
1091450 916.8
1091460 918.8
1091470 920.4
1091480 920.4
1091490 921.9
1091500 923.4
1091510 923.4
1091520 924.8
1091530 926.0
1091540 926.0
1091550 927.5
1091560 929.0
1091570 929.0
1091580 930.2
1091590 935.1
1091600 935.1
1091610 936.9
1091620 939.2
1091630 939.2
1091640 942.2
1091650 944.2
1091660 944.2
1091670 945.7
1091680 946.9
1091690 947.6
1091700 947.6
1091710 948.6
1091720 949.6
1091730 949.6
1091740 950.2
1091750 949.9
1091760 949.9
1091770 949.2
1091780 948.9
1091790 948.9
1091800 949.0
1091810 949.1
1091820 949.1
1091830 949.6
1091840 951.5
1091850 951.5
1091860 953.6
1091870 955.5
1091880 955.5
1091890 956.0
1091900 954.6
1091910 951.4
1091920 947.2
1091930 942.8
1091940 942.8
1091950 939.0
1091960 935.9
1091970 935.9
1091980 933.5
1091990 931.6
1092000 931.6
1092010 930.9
1092020 931.3
1092030 932.1
1092040 932.1
1092050 933.0
1092060 933.9
1092070 933.9
1092080 934.3
1092090 933.1
1092100 933.1
1092110 930.3
1092120 927.3
1092130 927.3
1092140 924.9
1092150 922.7
1092160 922.7
1092170 921.0
1092180 919.6
1092190 919.6
1092200 918.4
1092210 917.6
1092220 917.6
1092230 917.2
1092240 917.0
1092250 917.0
1092260 917.0
1092270 916.6
1092280 916.6
1092290 915.7
1092300 914.4
1092310 914.4
1092320 912.8
1092330 911.0
1092340 911.0
1092350 909.4
1092360 908.8
1092370 908.7
1092380 908.7
1092390 908.6
1092400 908.4
1092410 908.4
1092420 908.1
1092430 907.6
1092440 907.6
1092450 906.9
1092460 906.1
1092470 906.1
1092480 905.4
1092490 903.7
1092500 903.7
1092510 902.4
1092520 902.3
1092530 902.3
1092540 900.9
1092550 894.3
1092560 894.3
1092570 891.8
1092580 898.1
1092590 898.1
1092600 900.0
1092610 900.2
1092620 900.2
1092630 900.2
1092640 900.7
1092650 900.7
1092660 900.5
1092670 899.4
1092680 899.4
1092690 897.9
1092700 896.5
1092710 895.5
1092720 895.5
1092730 894.7
1092740 893.9
1092750 893.9
1092760 892.6
1092770 890.9
1092780 890.9
1092790 888.2
1092800 885.1
1092810 885.1
1092820 881.5
1092830 879.4
1092840 879.4
1092850 876.6
1092860 872.9
1092870 872.9
1092880 870.1
1092890 859.8
1092900 859.8
1092910 855.7
1092920 853.7
1092930 853.7
1092940 852.1
1092950 850.1
1092960 850.1
1092970 848.0
1092980 846.1
1092990 846.1
1093000 844.1
1093010 842.3
1093020 842.3
1093030 840.5
1093040 839.1
1093050 837.7
1093060 837.7
1093070 836.3
1093080 835.1
1093090 835.1
1093100 833.5
1093110 831.5
1093120 831.5
1093130 829.5
1093140 827.3
1093150 827.3
1093160 824.4
1093170 821.7
1093180 821.7
1093190 819.1
1093200 817.4
1093210 817.4
1093220 814.5
1093230 814.5
1093240 814.5
1093250 813.4
1093260 811.9
1093270 811.9
1093280 810.0
1093290 807.4
1093300 807.4
1093310 804.8
1093320 803.5
1093330 803.5
1093340 802.8
1093350 801.6
1093360 801.6
1093370 800.6
1093380 799.7
1093390 799.7
1093400 798.0
1093410 795.6
1093420 793.3
1093430 793.3
1093440 791.7
1093450 790.2
1093460 790.2
1093470 789.1
1093480 787.6
1093490 787.6
1093500 786.9
1093510 787.2
1093520 787.2
1093530 787.1
1093540 785.7
1093550 785.7
1093560 784.8
1093570 783.9
1093580 783.9
1093590 782.9
1093600 781.5
1093610 781.5
1093620 779.7
1093630 778.0
1093640 778.0
1093650 776.0
1093660 773.8
1093670 773.8
1093680 771.1
1093690 767.3
1093700 767.3
1093710 765.0
1093720 763.9
1093730 763.9
1093740 765.1
1093750 765.3
1093760 764.8
1093770 764.8
1093780 764.0
1093790 762.7
1093800 762.7
1093810 761.3
1093820 760.0
1093830 760.0
1093840 758.9
1093850 757.1
1093860 757.1
1093870 753.7
1093880 747.8
1093890 747.8
1093900 741.6
1093910 740.8
1093920 740.8
1093930 744.9
1093940 747.7
1093950 747.7
1093960 746.9
1093970 744.6
1093980 744.6
1093990 743.1
1094000 741.7
1094010 741.7
1094020 740.4
1094030 739.2
1094040 739.2
1094050 737.8
1094060 736.2
1094070 736.2
1094080 734.6
1094090 731.3
1094100 727.4
1094110 727.4
1094120 725.4
1094130 724.8
1094140 724.8
1094150 723.9
1094160 722.9
1094170 722.9
1094180 721.5
1094190 719.6
1094200 717.3
1094210 714.2
1094220 715.0
1094230 715.0
1094240 715.6
1094250 714.8
1094260 714.8
1094270 713.4
1094280 711.7
1094290 711.7
1094300 710.6
1094310 709.7
1094320 709.7
1094330 708.4
1094340 707.4
1094350 707.4
1094360 706.2
1094370 705.2
1094380 705.2
1094390 704.8
1094400 704.4
1094410 704.4
1094420 703.9
1094430 703.1
1094440 702.4
1094450 702.4
1094460 701.9
1094470 701.9
1094480 701.9
1094490 701.9
1094500 701.8
1094510 701.8
1094520 701.6
1094530 699.6
1094540 699.6
1094550 699.3
1094560 698.9
1094570 698.9
1094580 698.5
1094590 697.9
1094600 697.9
1094610 696.4
1094620 694.4
1094630 694.4
1094640 694.7
1094650 694.7
1094660 694.7
1094670 693.6
1094680 692.7
1094690 692.7
1094700 692.9
1094710 693.6
1094720 693.6
1094730 693.9
1094740 693.7
1094750 693.7
1094760 693.6
1094770 693.3
1094780 693.2
1094790 693.2
1094800 693.7
1094810 694.4
1094820 694.4
1094830 694.2
1094840 693.3
1094850 691.5
1094860 690.8
1094870 690.7
1094880 690.7
1094890 691.3
1094900 691.7
1094910 691.7
1094920 692.2
1094930 691.0
1094940 691.0
1094950 690.6
1094960 690.6
1094970 690.6
1094980 690.7
1094990 690.0
1095000 690.0
1095010 687.7
1095020 686.3
1095030 686.3
1095040 684.6
1095050 683.3
1095060 683.3
1095070 682.2
1095080 681.1
1095090 681.1
1095100 679.9
1095110 678.7
1095120 676.9
1095130 676.9
1095140 674.9
1095150 672.2
1095160 672.2
1095170 670.0
1095180 668.3
1095190 668.3
1095200 667.8
1095210 667.4
1095220 667.4
1095230 667.0
1095240 666.5
1095250 666.5
1095260 665.8
1095270 665.0
1095280 665.0
1095290 664.1
1095300 663.4
1095310 663.4
1095320 663.0
1095330 663.0
1095340 663.0
1095350 662.9
1095360 662.7
1095370 662.7
1095380 662.7
1095390 662.8
1095400 662.8
1095410 662.8
1095420 662.7
1095430 662.7
1095440 662.7
1095450 662.6
1095460 662.5
1095470 662.5
1095480 662.5
1095490 662.6
1095500 662.6
1095510 663.4
1095520 662.6
1095530 662.6
1095540 654.2
1095550 646.6
1095560 646.6
1095570 644.1
1095580 643.1
1095590 643.1
1095600 641.0
1095610 639.4
1095620 639.4
1095630 638.7
1095640 637.9
1095650 637.9
1095660 636.7
1095670 634.6
1095680 634.6
1095690 630.7
1095700 624.6
1095710 624.6
1095720 618.2
1095730 609.6
1095740 609.6
1095750 600.7
1095760 597.8
1095770 597.8
1095780 603.3
1095790 609.2
1095800 609.2
1095810 609.6
1095820 609.8
1095830 615.5
1095840 618.7
1095850 623.7
1095860 628.4
1095870 628.4
1095880 628.9
1095890 631.3
1095900 631.3
1095910 635.3
1095920 637.3
1095930 637.3
1095940 635.9
1095950 639.4
1095960 639.4
1095970 643.1
1095980 644.7
1095990 644.7
1096000 645.1
1096010 645.8
1096020 645.8
1096030 644.4
1096040 643.3
1096050 643.3
1096060 640.9
1096070 637.5
1096080 637.5
1096090 630.9
1096100 619.1
1096110 619.1
1096120 606.6
1096130 606.5
1096140 606.5
1096150 610.7
1096160 612.2
1096170 624.8
1096180 624.8
1096190 629.5
1096200 631.7
1096210 631.7
1096220 636.6
1096230 639.4
1096240 639.4
1096250 642.2
1096260 650.9
1096270 650.9
1096280 657.2
1096290 659.3
1096300 659.3
1096310 663.7
1096320 665.7
1096330 665.7
1096340 666.5
1096350 667.8
1096360 667.8
1096370 667.8
1096380 668.0
1096390 668.0
1096400 668.3
1096410 668.9
1096420 668.9
1096430 669.6
1096440 670.2
1096450 670.2
1096460 670.1
1096470 669.9
1096480 669.9
1096490 669.4
1096500 669.4
1096510 668.4
1096520 668.4
1096530 667.6
1096540 667.0
1096550 667.0
1096560 666.8
1096570 666.8
1096580 666.8
1096590 666.9
1096600 666.8
1096610 666.8
1096620 666.4
1096630 665.8
1096640 665.8
1096650 665.3
1096660 664.7
1096670 664.7
1096680 664.3
1096690 664.0
1096700 664.0
1096710 663.9
1096720 663.6
1096730 663.6
1096740 663.2
1096750 662.6
1096760 662.6
1096770 661.0
1096780 657.5
1096790 657.5
1096800 654.8
1096810 657.1
1096820 657.1
1096830 661.2
1096840 661.7
1096850 661.7
1096860 661.7
1096870 661.6
1096880 661.5
1096890 661.5
1096900 661.5
1096910 661.3
1096920 661.3
1096930 660.7
1096940 659.5
1096950 659.5
1096960 658.8
1096970 658.7
1096980 658.7
1096990 658.1
1097000 657.9
1097010 657.9
1097020 658.3
1097030 659.0
1097040 659.0
1097050 658.5
1097060 656.7
1097070 656.7
1097080 650.7
1097090 642.8
1097100 642.8
1097110 636.8
1097120 632.0
1097130 632.0
1097140 629.7
1097150 631.0
1097160 639.3
1097170 641.6
1097180 645.6
1097190 647.4
1097200 647.4
1097210 645.5
1097220 641.9
1097230 641.9
1097240 638.1
1097250 634.5
1097260 634.5
1097270 631.2
1097280 628.0
1097290 628.0
1097300 625.1
1097310 622.7
1097320 622.7
1097330 620.0
1097340 617.6
1097350 617.6
1097360 616.3
1097370 615.4
1097380 615.4
1097390 614.2
1097400 613.4
1097410 613.4
1097420 612.6
1097430 611.8
1097440 611.8
1097450 611.0
1097460 609.9
1097470 609.9
1097480 608.7
1097490 607.0
1097500 607.0
1097510 605.7
1097520 604.6
1097530 603.2
1097540 603.2
1097550 601.8
1097560 600.2
1097570 600.2
1097580 598.9
1097590 597.1
1097600 597.1
1097610 594.4
1097620 592.7
1097630 592.7
1097640 591.7
1097650 589.7
1097660 589.7
1097670 586.6
1097680 583.8
1097690 583.8
1097700 580.5
1097710 576.7
1097720 576.7
1097730 572.5
1097740 568.6
1097750 568.6
1097760 564.2
1097770 561.4
1097780 561.4
1097790 559.9
1097800 558.7
1097810 558.7
1097820 558.3
1097830 556.8
1097840 556.8
1097850 556.0
1097860 555.6
1097870 554.9
1097880 554.9
1097890 554.3
1097900 553.9
1097910 553.9
1097920 552.9
1097930 548.8
1097940 548.8
1097950 542.2
1097960 535.2
1097970 535.2
1097980 528.9
1097990 523.0
1098000 523.0
1098010 517.2
1098020 512.6
1098030 512.6
1098040 514.8
1098050 519.8
1098060 519.8
1098070 524.5
1098080 528.7
1098090 528.7
1098100 533.8
1098110 535.0
1098120 535.0
1098130 537.3
1098140 539.5
1098150 548.1
1098160 548.9
1098170 544.5
1098180 544.5
1098190 539.5
1098200 534.7
1098210 534.7
1098220 531.5
1098230 529.8
1098240 528.5
1098250 528.5
1098260 526.8
1098270 523.7
1098280 523.7
1098290 519.3
1098300 513.9
1098310 513.9
1098320 509.0
1098330 505.5
1098340 505.5
1098350 502.5
1098360 499.5
1098370 499.5
1098380 495.1
1098390 484.4
1098400 484.4
1098410 476.7
1098420 472.1
1098430 472.1
1098440 470.6
1098450 470.6
1098460 470.6
1098470 470.6
1098480 471.4
1098490 471.4
1098500 473.9
1098510 475.5
1098520 475.5
1098530 479.3
1098540 486.7
1098550 486.7
1098560 492.4
1098570 496.6
1098580 502.5
1098590 502.5
1098600 506.3
1098610 509.4
1098620 509.4
1098630 511.2
1098640 513.8
1098650 513.8
1098660 518.0
1098670 519.5
1098680 519.5
1098690 520.2
1098700 522.9
1098710 522.9
1098720 526.3
1098730 529.6
1098740 529.6
1098750 534.7
1098760 539.7
1098770 539.7
1098780 546.0
1098790 548.1
1098800 548.1
1098810 547.6
1098820 548.3
1098830 548.3
1098840 550.3
1098850 551.7
1098860 551.7
1098870 552.5
1098880 552.4
1098890 552.4
1098900 551.4
1098910 547.7
1098920 542.9
1098930 542.9
1098940 535.6
1098950 531.4
1098960 531.4
1098970 528.7
1098980 528.0
1098990 528.0
1099000 527.4
1099010 526.7
1099020 526.7
1099030 526.8
1099040 527.0
1099050 527.0
1099060 526.9
1099070 526.6
1099080 526.6
1099090 527.0
1099100 528.3
1099110 528.3
1099120 529.5
1099130 530.6
1099140 527.0
1099150 528.0
1099160 528.0
1099170 528.0
1099180 530.2
1099190 531.6
1099200 531.6
1099210 533.8
1099220 533.5
1099230 533.5
1099240 531.4
1099250 531.6
1099260 533.3
1099270 533.3
1099280 534.8
1099290 537.6
1099300 537.6
1099310 539.6
1099320 542.0
1099330 542.0
1099340 545.5
1099350 549.1
1099360 549.1
1099370 549.7
1099380 548.8
1099390 548.8
1099400 541.6
1099410 541.7
1099420 541.7
1099430 545.7
1099440 545.5
1099450 545.5
1099460 546.1
1099470 554.0
1099480 554.0
1099490 558.0
1099500 562.2
1099510 562.2
1099520 566.6
1099530 567.5
1099540 567.5
1099550 567.5
1099560 567.5
1099570 567.5
1099580 568.0
1099590 568.5
1099600 569.1
1099610 569.1
1099620 569.7
1099630 570.1
1099640 570.1
1099650 570.7
1099660 571.1
1099670 571.1
1099680 571.4
1099690 571.6
1099700 571.6
1099710 571.6
1099720 571.6
1099730 571.6
1099740 571.6
1099750 571.9
1099760 571.9
1099770 572.5
1099780 573.3
1099790 573.3
1099800 573.9
1099810 573.9
1099820 573.9
1099830 575.2
1099840 576.2
1099850 576.2
1099860 576.1
1099870 574.7
1099880 574.7
1099890 577.8
1099900 579.0
1099910 579.0
1099920 580.5
1099930 581.9
1099940 583.4
1099950 583.4
1099960 585.1
1099970 587.0
1099980 587.0
1099990 589.3
