1080000 399.6
1080010 399.7
1080020 399.7
1080030 399.8
1080040 399.9
1080050 399.9
1080060 399.9
1080070 400.0
1080080 400.0
1080090 400.0
1080100 400.2
1080110 400.2
1080120 400.1
1080130 400.2
1080140 400.2
1080150 400.2
1080160 400.2
1080170 400.2
1080180 400.3
1080190 400.3
1080200 400.3
1080210 400.4
1080220 400.5
1080230 400.6
1080240 400.6
1080250 400.5
1080260 400.5
1080270 400.5
1080280 400.6
1080290 400.6
1080300 400.6
1080310 400.7
1080320 400.8
1080330 400.8
1080340 400.9
1080350 401.2
1080360 401.2
1080370 400.9
1080380 401.2
1080390 401.2
1080400 401.2
1080410 401.4
1080420 401.4
1080430 401.5
1080440 401.5
1080450 401.5
1080460 401.5
1080470 401.2
1080480 401.2
1080490 401.1
1080500 401.1
1080510 401.1
1080520 401.3
1080530 401.5
1080540 401.7
1080550 401.7
1080560 401.9
1080570 402.1
1080580 402.1
1080590 402.1
1080600 402.2
1080610 402.2
1080620 402.2
1080630 402.2
1080640 402.2
1080650 402.5
1080660 402.5
1080670 402.5
1080680 402.5
1080690 403.1
1080700 403.1
1080710 403.2
1080720 403.2
1080730 403.2
1080740 403.5
1080750 403.4
1080760 403.4
1080770 402.8
1080780 402.6
1080790 402.6
1080800 402.8
1080810 402.8
1080820 402.8
1080830 402.8
1080840 402.3
1080850 402.3
1080860 402.4
1080870 402.9
1080880 402.9
1080890 402.8
1080900 402.0
1080910 402.0
1080920 402.0
1080930 402.1
1080940 402.6
1080950 402.6
1080960 403.0
1080970 403.1
1080980 403.1
1080990 403.6
1081000 403.6
1081010 403.6
1081020 403.2
1081030 403.0
1081040 403.0
1081050 403.0
1081060 403.0
1081070 403.0
1081080 403.0
1081090 403.1
1081100 403.1
1081110 403.1
1081120 403.2
1081130 403.2
1081140 403.4
1081150 403.4
1081160 403.4
1081170 403.4
1081180 403.6
1081190 403.6
1081200 403.6
1081210 403.7
1081220 403.7
1081230 403.8
1081240 403.8
1081250 403.9
1081260 403.9
1081270 403.9
1081280 404.0
1081290 404.0
1081300 404.1
1081310 404.2
1081320 404.2
1081330 404.3
1081340 405.0
1081350 405.0
1081360 404.8
1081370 404.9
1081380 404.9
1081390 404.8
1081400 404.6
1081410 404.6
1081420 404.8
1081430 405.0
1081440 405.0
1081450 404.8
1081460 404.8
1081470 404.8
1081480 404.8
1081490 404.8
1081500 404.8
1081510 404.8
1081520 404.9
1081530 404.9
1081540 404.7
1081550 404.6
1081560 404.6
1081570 404.6
1081580 404.5
1081590 404.6
1081600 404.6
1081610 404.7
1081620 404.8
1081630 404.8
1081640 404.9
1081650 405.0
1081660 405.0
1081670 405.2
1081680 405.3
1081690 405.3
1081700 405.4
1081710 405.2
1081720 405.2
1081730 405.3
1081740 405.4
1081750 405.4
1081760 405.5
1081770 405.6
1081780 405.6
1081790 405.8
1081800 405.9
1081810 405.9
1081820 406.0
1081830 406.1
1081840 406.1
1081850 406.3
1081860 406.5
1081870 406.5
1081880 406.6
1081890 406.6
1081900 406.6
1081910 406.5
1081920 406.5
1081930 406.7
1081940 406.7
1081950 406.8
1081960 406.9
1081970 406.9
1081980 406.8
1081990 407.0
1082000 407.0
1082010 407.3
1082020 407.5
1082030 407.5
1082040 407.2
1082050 407.1
1082060 407.1
1082070 407.1
1082080 407.1
1082090 407.1
1082100 407.2
1082110 407.1
1082120 407.1
1082130 407.2
1082140 407.3
1082150 407.3
1082160 407.4
1082170 407.4
1082180 407.4
1082190 407.5
1082200 407.5
1082210 407.5
1082220 407.5
1082230 407.6
1082240 407.6
1082250 407.6
1082260 407.6
1082270 407.6
1082280 407.6
1082290 407.8
1082300 407.7
1082310 407.7
1082320 407.8
1082330 407.8
1082340 407.8
1082350 407.9
1082360 408.0
1082370 408.0
1082380 408.0
1082390 408.1
1082400 408.1
1082410 408.1
1082420 408.1
1082430 408.1
1082440 408.3
1082450 408.5
1082460 408.5
1082470 408.5
1082480 408.5
1082490 408.5
1082500 408.5
1082510 408.4
1082520 408.4
1082530 408.4
1082540 408.3
1082550 408.3
1082560 408.2
1082570 408.3
1082580 408.3
1082590 408.2
1082600 408.3
1082610 408.3
1082620 408.2
1082630 408.2
1082640 408.3
1082650 408.3
1082660 408.3
1082670 408.9
1082680 408.9
1082690 409.8
1082700 409.2
1082710 409.2
1082720 409.2
1082730 409.8
1082740 409.8
1082750 409.1
1082760 408.5
1082770 408.5
1082780 408.4
1082790 408.3
1082800 408.3
1082810 408.4
1082820 408.4
1082830 408.4
1082840 409.1
1082850 410.6
1082860 410.6
1082870 409.3
1082880 409.2
1082890 409.2
1082900 409.1
1082910 409.4
1082920 409.4
1082930 409.5
1082940 409.5
1082950 409.5
1082960 409.6
1082970 409.5
1082980 409.4
1082990 409.4
1083000 409.5
1083010 409.4
1083020 409.4
1083030 409.4
1083040 409.4
1083050 409.4
1083060 409.4
1083070 409.3
1083080 409.3
1083090 409.4
1083100 409.5
1083110 409.5
1083120 409.5
1083130 409.5
1083140 409.5
1083150 409.4
1083160 409.4
1083170 409.4
1083180 409.7
1083190 410.0
1083200 410.0
1083210 409.6
1083220 409.7
1083230 409.7
1083240 409.7
1083250 409.8
1083260 409.8
1083270 410.2
1083280 410.2
1083290 410.2
1083300 410.4
1083310 410.2
1083320 409.8
1083330 409.8
1083340 409.6
1083350 409.6
1083360 409.6
1083370 410.0
1083380 409.6
1083390 409.6
1083400 410.5
1083410 410.6
1083420 410.6
1083430 410.2
1083440 410.2
1083450 410.2
1083460 410.1
1083470 409.9
1083480 409.9
1083490 410.0
1083500 410.1
1083510 410.1
1083520 410.0
1083530 410.0
1083540 410.0
1083550 410.2
1083560 410.2
1083570 410.2
1083580 410.3
1083590 410.2
1083600 410.2
1083610 410.3
1083620 410.2
1083630 410.2
1083640 410.1
1083650 410.2
1083660 410.2
1083670 410.2
1083680 410.3
1083690 410.3
1083700 410.0
1083710 410.3
1083720 410.8
1083730 410.8
1083740 410.5
1083750 411.1
1083760 411.1
1083770 410.7
1083780 410.7
1083790 410.7
1083800 410.9
1083810 411.0
1083820 411.0
1083830 410.9
1083840 411.0
1083850 411.0
1083860 410.9
1083870 410.8
1083880 410.8
1083890 410.8
1083900 411.0
1083910 411.0
1083920 411.1
1083930 411.1
1083940 411.1
1083950 411.2
1083960 411.2
1083970 411.2
1083980 413.1
1083990 414.2
1084000 414.2
1084010 410.5
1084020 409.4
1084030 409.6
1084040 409.6
1084050 410.1
1084060 413.4
1084070 413.4
1084080 414.0
1084090 412.0
1084100 412.0
1084110 410.8
1084120 410.7
1084130 410.7
1084140 410.8
1084150 411.0
1084160 411.0
1084170 411.3
1084180 411.5
1084190 411.5
1084200 411.4
1084210 411.7
1084220 411.7
1084230 411.9
1084240 411.9
1084250 411.9
1084260 411.9
1084270 412.0
1084280 412.0
1084290 411.9
1084300 411.9
1084310 411.9
1084320 411.8
1084330 411.7
1084340 411.7
1084350 411.7
1084360 411.3
1084370 411.1
1084380 411.1
1084390 411.4
1084400 411.6
1084410 411.6
1084420 411.7
1084430 411.8
1084440 411.8
1084450 411.9
1084460 411.6
1084470 411.6
1084480 411.4
1084490 411.4
1084500 411.4
1084510 411.4
1084520 411.5
1084530 411.5
1084540 411.5
1084550 411.5
1084560 411.5
1084570 411.5
1084580 411.5
1084590 411.5
1084600 411.5
1084610 411.7
1084620 411.7
1084630 411.7
1084640 412.0
1084650 412.0
1084660 411.9
1084670 412.0
1084680 412.0
1084690 412.0
1084700 412.1
1084710 412.7
1084720 412.7
1084730 412.8
1084740 413.0
1084750 413.0
1084760 413.0
1084770 412.8
1084780 412.8
1084790 412.7
1084800 412.5
1084810 412.5
1084820 412.5
1084830 412.7
1084840 412.7
1084850 412.7
1084860 412.7
1084870 412.7
1084880 412.7
1084890 412.7
1084900 412.7
1084910 412.3
1084920 412.3
1084930 412.3
1084940 412.1
1084950 412.1
1084960 412.1
1084970 412.3
1084980 412.8
1084990 412.8
1085000 412.9
1085010 412.6
1085020 412.6
1085030 412.4
1085040 413.1
1085050 413.1
1085060 413.4
1085070 412.9
1085080 412.7
1085090 412.7
1085100 412.7
1085110 412.9
1085120 412.9
1085130 413.0
1085140 413.3
1085150 413.3
1085160 413.3
1085170 413.3
1085180 413.3
1085190 413.4
1085200 413.3
1085210 413.3
1085220 413.3
1085230 413.5
1085240 413.5
1085250 413.7
1085260 413.9
1085270 413.9
1085280 414.3
1085290 414.6
1085300 414.5
1085310 414.9
1085320 415.3
1085330 415.3
1085340 415.4
1085350 415.4
1085360 415.4
1085370 415.6
1085380 416.0
1085390 416.0
1085400 416.5
1085410 416.9
1085420 417.7
1085430 417.7
1085440 417.9
1085450 418.1
1085460 418.1
1085470 418.6
1085480 419.5
1085490 419.5
1085500 419.7
1085510 419.6
1085520 419.6
1085530 419.9
1085540 420.5
1085550 420.5
1085560 421.5
1085570 423.3
1085580 423.3
1085590 426.1
1085600 427.5
1085610 427.5
1085620 430.8
1085630 430.7
1085640 430.7
1085650 432.7
1085660 434.4
1085670 434.4
1085680 436.3
1085690 437.8
1085700 437.8
1085710 440.9
1085720 443.2
1085730 443.2
1085740 445.3
1085750 447.2
1085760 450.3
1085770 450.3
1085780 450.7
1085790 451.6
1085800 451.6
1085810 454.0
1085820 455.7
1085830 455.7
1085840 457.4
1085850 458.8
1085860 458.8
1085870 460.3
1085880 462.0
1085890 462.0
1085900 465.6
1085910 467.5
1085920 467.5
1085930 469.6
1085940 472.6
1085950 472.6
1085960 475.1
1085970 477.2
1085980 477.2
1085990 479.1
1086000 481.6
1086010 481.6
1086020 485.2
1086030 490.6
1086040 490.6
1086050 495.3
1086060 498.1
1086070 498.1
1086080 500.7
1086090 502.0
1086100 502.9
1086110 502.9
1086120 503.5
1086130 504.0
1086140 504.0
1086150 504.6
1086160 505.1
1086170 505.1
1086180 505.4
1086190 505.1
1086200 505.1
1086210 505.1
1086220 505.5
1086230 505.5
1086240 505.4
1086250 504.8
1086260 507.5
1086270 508.1
1086280 513.0
1086290 513.0
1086300 516.4
1086310 517.6
1086320 517.6
1086330 518.8
1086340 520.0
1086350 520.0
1086360 521.4
1086370 522.4
1086380 522.4
1086390 523.6
1086400 525.2
1086410 525.2
1086420 527.3
1086430 529.0
1086440 530.4
1086450 530.4
1086460 531.7
1086470 533.4
1086480 533.4
1086490 534.7
1086500 536.4
1086510 536.4
1086520 538.0
1086530 539.4
1086540 539.4
1086550 540.3
1086560 540.5
1086570 540.5
1086580 537.7
1086590 534.3
1086600 534.3
1086610 529.2
1086620 525.4
1086630 525.4
1086640 532.7
1086650 536.9
1086660 536.9
1086670 539.6
1086680 541.8
1086690 541.8
1086700 543.7
1086710 545.3
1086720 545.3
1086730 546.9
1086740 548.4
1086750 548.4
1086760 549.2
1086770 546.6
1086780 546.6
1086790 545.6
1086800 546.1
1086810 548.5
1086820 548.5
1086830 552.4
1086840 556.8
1086850 556.8
1086860 561.0
1086870 564.4
1086880 564.4
1086890 566.8
1086900 567.9
1086910 567.9
1086920 569.8
1086930 571.5
1086940 571.5
1086950 573.5
1086960 575.5
1086970 575.5
1086980 577.8
1086990 580.0
1087000 580.0
1087010 582.1
1087020 584.1
1087030 584.1
1087040 585.9
1087050 587.8
1087060 587.8
1087070 588.6
1087080 588.4
1087090 588.4
1087100 589.2
1087110 590.7
1087120 590.7
1087130 591.8
1087140 593.7
1087150 595.8
1087160 595.8
1087170 600.9
1087180 605.9
1087190 605.9
1087200 609.3
1087210 612.7
1087220 616.2
1087230 616.4
1087240 615.0
1087250 615.0
1087260 613.0
1087270 611.5
1087280 611.5
1087290 611.0
1087300 611.5
1087310 611.5
1087320 612.4
1087330 613.7
1087340 613.7
1087350 614.4
1087360 609.9
1087370 609.9
1087380 605.4
1087390 605.3
1087400 605.3
1087410 606.2
1087420 607.5
1087430 607.5
1087440 609.2
1087450 611.3
1087460 611.3
1087470 612.8
1087480 613.3
1087490 614.7
1087500 614.7
1087510 617.8
1087520 620.8
1087530 620.8
1087540 622.4
1087550 631.4
1087560 631.4
1087570 632.9
1087580 635.3
1087590 635.3
1087600 637.7
1087610 640.0
1087620 640.0
1087630 641.6
1087640 642.7
1087650 642.7
1087660 643.8
1087670 644.7
1087680 644.7
1087690 646.0
1087700 648.0
1087710 648.0
1087720 649.6
1087730 650.7
1087740 650.7
1087750 651.4
1087760 651.8
1087770 651.8
1087780 653.1
1087790 654.4
1087800 654.4
1087810 656.0
1087820 656.8
1087830 658.7
1087840 658.7
1087850 660.3
1087860 661.8
1087870 666.5
1087880 668.2
1087890 669.6
1087900 669.6
1087910 672.2
1087920 674.3
1087930 674.3
1087940 676.2
1087950 678.0
1087960 678.0
1087970 679.8
1087980 681.3
1087990 681.3
1088000 682.6
1088010 684.3
1088020 684.3
1088030 685.8
1088040 686.9
1088050 686.9
1088060 688.3
1088070 689.6
1088080 689.6
1088090 691.0
1088100 692.1
1088110 692.1
1088120 693.1
1088130 694.0
1088140 694.0
1088150 694.5
1088160 695.3
1088170 695.3
1088180 694.4
1088190 698.5
1088200 700.0
1088210 700.0
1088220 702.2
1088230 704.2
1088240 704.2
1088250 705.9
1088260 707.0
1088270 707.0
1088280 708.6
1088290 710.6
1088300 710.6
1088310 712.5
1088320 714.4
1088330 714.4
1088340 716.2
1088350 717.9
1088360 717.9
1088370 719.5
1088380 721.7
1088390 721.7
1088400 723.4
1088410 725.1
1088420 725.1
1088430 727.2
1088440 730.1
1088450 730.1
1088460 732.6
1088470 734.5
1088480 734.5
1088490 736.6
1088500 738.5
1088510 743.7
1088520 746.3
1088530 748.3
1088540 750.3
1088550 750.3
1088560 752.3
1088570 753.7
1088580 753.7
1088590 754.6
1088600 755.4
1088610 755.4
1088620 756.3
1088630 757.1
1088640 757.1
1088650 758.7
1088660 760.5
1088670 760.5
1088680 762.3
1088690 764.3
1088700 764.3
1088710 766.1
1088720 767.2
1088730 767.2
1088740 768.0
1088750 768.5
1088760 768.5
1088770 769.1
1088780 769.9
1088790 769.9
1088800 772.0
1088810 774.3
1088820 774.3
1088830 776.1
1088840 772.6
1088850 772.6
1088860 773.1
1088870 774.0
1088880 774.7
1088890 774.7
1088900 775.3
1088910 776.0
1088920 776.0
1088930 776.9
1088940 778.0
1088950 778.0
1088960 779.3
1088970 780.5
1088980 780.5
1088990 781.6
1089000 782.6
1089010 782.6
1089020 783.4
1089030 784.1
1089040 784.1
1089050 784.7
1089060 785.2
1089070 785.2
1089080 785.6
1089090 786.2
1089100 786.2
1089110 786.8
1089120 788.0
1089130 788.0
1089140 789.3
1089150 790.7
1089160 789.7
1089170 791.1
1089180 792.3
1089190 792.3
1089200 793.6
1089210 795.1
1089220 796.8
1089230 796.8
1089240 798.7
1089250 800.5
1089260 800.5
1089270 802.2
1089280 804.0
1089290 804.0
1089300 806.0
1089310 807.6
1089320 807.6
1089330 809.2
1089340 810.5
1089350 810.5
1089360 811.7
1089370 813.0
1089380 813.0
1089390 814.1
1089400 815.0
1089410 815.0
1089420 815.7
1089430 816.1
1089440 816.1
1089450 816.3
1089460 817.0
1089470 817.0
1089480 816.8
1089490 817.7
1089500 817.7
1089510 818.6
1089520 819.7
1089530 819.7
1089540 820.5
1089550 820.8
1089560 820.5
1089570 820.5
1089580 819.8
1089590 819.1
1089600 819.1
1089610 818.7
1089620 818.7
1089630 818.7
1089640 819.4
1089650 820.4
1089660 820.4
1089670 821.4
1089680 822.5
1089690 822.5
1089700 824.1
1089710 825.6
1089720 825.6
1089730 826.1
1089740 826.0
1089750 826.0
1089760 827.0
1089770 828.3
1089780 828.3
1089790 827.9
1089800 827.9
1089810 833.6
1089820 836.2
1089830 837.4
1089840 837.4
1089850 838.7
1089860 840.4
1089870 840.4
1089880 842.3
1089890 843.8
1089900 843.8
1089910 845.8
1089920 848.4
1089930 851.3
1089940 851.3
1089950 854.3
1089960 855.6
1089970 855.6
1089980 856.4
1089990 857.3
1090000 857.3
1090010 859.3
1090020 860.8
1090030 860.8
1090040 861.3
1090050 860.5
1090060 860.5
1090070 858.6
1090080 856.0
1090090 856.0
1090100 853.3
1090110 850.6
1090120 850.6
1090130 847.6
1090140 847.1
1090150 847.1
1090160 847.3
1090170 847.7
1090180 847.7
1090190 848.5
1090200 849.4
1090210 849.4
1090220 850.8
1090230 852.5
1090240 852.5
1090250 854.6
1090260 856.3
1090270 857.4
1090280 857.4
1090290 856.2
1090300 854.5
1090310 854.5
1090320 853.9
1090330 854.5
1090340 854.5
1090350 855.5
1090360 856.8
1090370 856.8
1090380 858.3
1090390 859.9
1090400 859.9
1090410 861.6
1090420 863.1
1090430 863.1
1090440 864.8
1090450 871.8
1090460 871.8
1090470 873.8
1090480 876.0
1090490 876.0
1090500 877.8
1090510 879.4
1090520 879.4
1090530 881.2
1090540 882.8
1090550 882.8
1090560 884.2
1090570 885.5
1090580 885.5
1090590 886.5
1090600 887.5
1090610 887.9
1090620 887.9
1090630 887.4
1090640 884.4
1090650 884.4
1090660 880.3
1090670 876.4
1090680 876.4
1090690 872.8
1090700 869.8
1090710 869.8
1090720 867.5
1090730 865.7
1090740 865.7
1090750 863.9
1090760 862.9
1090770 862.9
1090780 866.2
1090790 867.6
1090800 867.6
1090810 869.4
1090820 870.9
1090830 870.9
1090840 872.2
1090850 873.3
1090860 873.3
1090870 873.2
1090880 870.8
1090890 870.8
1090900 866.5
1090910 862.9
1090920 862.9
1090930 862.2
1090940 864.5
1090950 864.5
1090960 864.5
1090970 863.1
1090980 864.3
1090990 864.3
1091000 866.3
1091010 869.2
1091020 869.2
1091030 871.2
1091040 873.2
1091050 873.2
1091060 874.0
1091070 874.9
1091080 874.9
1091090 876.2
1091100 882.4
1091110 882.4
1091120 883.7
1091130 885.1
1091140 885.1
1091150 886.3
1091160 887.6
1091170 887.6
1091180 888.9
1091190 890.3
1091200 890.3
1091210 891.4
1091220 892.7
1091230 892.7
1091240 893.9
1091250 894.9
1091260 894.9
1091270 895.5
1091280 896.2
1091290 896.2
1091300 896.7
1091310 897.1
1091320 897.6
1091330 897.6
1091340 898.2
1091350 898.8
1091360 898.8
1091370 899.5
1091380 900.3
1091390 900.3
1091400 900.9
1091410 901.5
1091420 901.5
1091430 900.5
1091440 901.2
1091450 901.2
1091460 901.9
1091470 902.7
1091480 902.7
1091490 903.4
1091500 904.2
1091510 904.2
1091520 904.9
1091530 905.7
1091540 905.7
1091550 906.4
1091560 906.9
1091570 906.9
1091580 907.3
1091590 907.6
1091600 907.6
1091610 908.1
1091620 908.9
1091630 908.9
1091640 909.7
1091650 910.9
1091660 912.5
1091670 912.5
1091680 914.3
1091690 916.4
1091700 916.4
1091710 918.4
1091720 920.1
1091730 920.1
1091740 921.9
1091750 924.2
1091760 924.2
1091770 926.0
1091780 927.3
1091790 927.3
1091800 928.0
1091810 928.7
1091820 928.7
1091830 929.1
1091840 929.5
1091850 929.5
1091860 930.1
1091870 930.6
1091880 930.6
1091890 931.1
1091900 931.5
1091910 931.5
1091920 931.8
1091930 931.5
1091940 931.5
1091950 930.4
1091960 929.0
1091970 929.0
1091980 927.5
1091990 926.7
1092000 926.1
1092010 926.1
1092020 925.7
1092030 925.5
1092040 925.5
1092050 925.7
1092060 925.9
1092070 925.9
1092080 925.4
1092090 925.9
1092100 925.9
1092110 926.3
1092120 926.4
1092130 926.4
1092140 926.4
1092150 926.5
1092160 926.5
1092170 926.9
1092180 927.9
1092190 927.9
1092200 928.4
1092210 928.4
1092220 928.4
1092230 929.6
1092240 930.9
1092250 930.9
1092260 932.4
1092270 934.2
1092280 934.2
1092290 935.9
1092300 937.0
1092310 937.0
1092320 937.7
1092330 938.3
1092340 940.3
1092350 940.3
1092360 942.6
1092370 944.0
1092380 944.0
1092390 945.0
1092400 948.5
1092410 948.5
1092420 948.9
1092430 950.0
1092440 950.0
1092450 951.5
1092460 953.0
1092470 953.0
1092480 954.5
1092490 955.9
1092500 955.9
1092510 956.7
1092520 957.0
1092530 957.0
1092540 956.8
1092550 956.4
1092560 956.4
1092570 955.6
1092580 954.1
1092590 954.1
1092600 950.6
1092610 947.0
1092620 947.0
1092630 944.4
1092640 942.0
1092650 942.0
1092660 939.8
1092670 937.7
1092680 937.7
1092690 935.4
1092700 933.3
1092710 931.1
1092720 931.1
1092730 927.5
1092740 924.8
1092750 924.8
1092760 922.3
1092770 920.1
1092780 920.1
1092790 918.6
1092800 917.5
1092810 917.5
1092820 916.7
1092830 915.9
1092840 915.9
1092850 915.1
1092860 914.5
1092870 914.5
1092880 914.0
1092890 913.7
1092900 913.7
1092910 913.7
1092920 912.6
1092930 912.6
1092940 912.4
1092950 912.0
1092960 912.0
1092970 911.4
1092980 911.0
1092990 911.0
1093000 908.0
1093010 903.6
1093020 903.6
1093030 900.5
1093040 898.8
1093050 897.7
1093060 897.8
1093070 897.1
1093080 896.3
1093090 896.3
1093100 895.1
1093110 893.2
1093120 893.2
1093130 888.7
1093140 882.0
1093150 882.0
1093160 877.5
1093170 875.0
1093180 875.0
1093190 873.1
1093200 870.5
1093210 870.5
1093220 872.2
1093230 875.6
1093240 875.6
1093250 878.8
1093260 880.6
1093270 880.6
1093280 881.3
1093290 881.4
1093300 881.4
1093310 880.4
1093320 878.0
1093330 878.0
1093340 874.6
1093350 871.5
1093360 871.5
1093370 870.1
1093380 870.6
1093390 868.9
1093400 868.9
1093410 866.4
1093420 863.0
1093430 863.0
1093440 863.0
1093450 863.6
1093460 863.6
1093470 862.5
1093480 859.0
1093490 859.0
1093500 853.8
1093510 847.8
1093520 847.8
1093530 842.6
1093540 838.2
1093550 838.2
1093560 834.1
1093570 829.9
1093580 829.9
1093590 826.8
1093600 823.3
1093610 823.3
1093620 819.7
1093630 817.7
1093640 817.7
1093650 816.3
1093660 815.5
1093670 815.5
1093680 814.6
1093690 813.8
1093700 813.8
1093710 812.9
1093720 812.0
1093730 810.8
1093740 810.8
1093750 809.6
1093760 808.6
1093770 808.6
1093780 807.7
1093790 806.8
1093800 806.8
1093810 805.9
1093820 805.3
1093830 805.3
1093840 804.3
1093850 802.4
1093860 802.4
1093870 800.2
1093880 799.4
1093890 799.4
1093900 798.7
1093910 797.9
1093920 797.9
1093930 796.3
1093940 795.3
1093950 795.3
1093960 794.4
1093970 792.9
1093980 792.9
1093990 792.6
1094000 791.5
1094010 791.5
1094020 790.7
1094030 790.1
1094040 788.4
1094050 788.5
1094060 788.6
1094070 788.6
1094080 787.6
1094090 786.2
1094100 785.0
1094110 785.0
1094120 782.6
1094130 778.8
1094140 778.8
1094150 774.6
1094160 770.2
1094170 770.2
1094180 765.4
1094190 760.4
1094200 760.4
1094210 755.7
1094220 751.2
1094230 751.2
1094240 747.7
1094250 745.0
1094260 745.0
1094270 743.4
1094280 741.5
1094290 741.5
1094300 739.5
1094310 735.3
1094320 735.3
1094330 738.7
1094340 743.0
1094350 743.0
1094360 750.9
1094370 752.4
1094380 752.4
1094390 752.2
1094400 751.0
1094410 751.0
1094420 749.5
1094430 748.3
1094440 747.0
1094450 747.0
1094460 745.7
1094470 744.3
1094480 744.3
1094490 743.1
1094500 742.3
1094510 742.3
1094520 741.6
1094530 741.2
1094540 741.2
1094550 740.7
1094560 740.0
1094570 740.0
1094580 738.8
1094590 737.5
1094600 737.5
1094610 736.2
1094620 734.9
1094630 734.9
1094640 733.7
1094650 732.6
1094660 732.6
1094670 731.6
1094680 731.5
1094690 731.3
1094700 730.8
1094710 729.8
1094720 729.8
1094730 728.7
1094740 727.6
1094750 727.6
1094760 726.5
1094770 725.6
1094780 724.6
1094790 724.6
1094800 723.6
1094810 722.3
1094820 722.3
1094830 720.9
1094840 719.8
1094850 719.8
1094860 718.5
1094870 716.7
1094880 716.7
1094890 714.8
1094900 713.0
1094910 713.0
1094920 711.1
1094930 709.6
1094940 709.6
1094950 707.6
1094960 705.5
1094970 705.5
1094980 703.4
1094990 701.9
1095000 701.9
1095010 700.7
1095020 699.7
1095030 699.7
1095040 698.6
1095050 697.5
1095060 697.5
1095070 696.1
1095080 694.4
1095090 694.4
1095100 692.9
1095110 691.4
1095120 690.0
1095130 690.0
1095140 688.5
1095150 687.8
1095160 687.8
1095170 684.2
1095180 679.5
1095190 679.5
1095200 676.6
1095210 679.1
1095220 679.1
1095230 682.7
1095240 683.7
1095250 683.7
1095260 680.6
1095270 674.1
1095280 674.1
1095290 670.3
1095300 667.6
1095310 667.6
1095320 662.2
1095330 656.7
1095340 656.7
1095350 654.0
1095360 645.7
1095370 645.7
1095380 638.4
1095390 634.2
1095400 634.2
1095410 632.1
1095420 629.7
1095430 629.7
1095440 627.1
1095450 624.4
1095460 621.9
1095470 621.9
1095480 620.1
1095490 618.1
1095500 618.1
1095510 616.3
1095520 614.4
1095530 614.4
1095540 613.1
1095550 612.3
1095560 612.3
1095570 611.3
1095580 610.5
1095590 610.5
1095600 609.7
1095610 609.6
1095620 609.6
1095630 609.0
1095640 608.4
1095650 608.4
1095660 608.7
1095670 608.9
1095680 611.6
1095690 611.6
1095700 610.7
1095710 610.7
1095720 609.3
1095730 607.6
1095740 607.6
1095750 605.8
1095760 604.2
1095770 604.2
1095780 602.7
1095790 601.4
1095800 601.4
1095810 600.3
1095820 598.9
1095830 597.3
1095840 597.3
1095850 595.7
1095860 593.2
1095870 593.2
1095880 589.1
1095890 583.2
1095900 583.2
1095910 577.3
1095920 571.7
1095930 571.7
1095940 565.3
1095950 559.6
1095960 559.6
1095970 554.7
1095980 549.6
1095990 549.6
1096000 542.1
1096010 542.3
1096020 542.3
1096030 541.3
1096040 541.0
1096050 541.0
1096060 539.3
1096070 539.8
1096080 539.8
1096090 539.7
1096100 537.7
1096110 537.7
1096120 534.6
1096130 530.8
1096140 530.8
1096150 530.2
1096160 528.2
1096170 527.5
1096180 527.5
1096190 530.3
1096200 530.6
1096210 530.6
1096220 524.9
1096230 523.4
1096240 523.4
1096250 525.7
1096260 529.2
1096270 529.2
1096280 534.6
1096290 540.5
1096300 540.5
1096310 542.9
1096320 543.6
1096330 547.9
1096340 549.4
1096350 550.9
1096360 550.9
1096370 552.6
1096380 556.1
1096390 556.1
1096400 558.4
1096410 558.3
1096420 558.3
1096430 559.7
1096440 561.5
1096450 561.5
1096460 563.7
1096470 565.6
1096480 565.6
1096490 568.6
1096500 570.4
1096510 571.7
1096520 571.7
1096530 572.4
1096540 573.7
1096550 573.7
1096560 576.8
1096570 579.4
1096580 579.4
1096590 579.1
1096600 578.4
1096610 578.4
1096620 578.8
1096630 579.7
1096640 579.7
1096650 581.6
1096660 586.5
1096670 586.5
1096680 589.6
1096690 595.1
1096700 595.1
1096710 601.8
1096720 608.5
1096730 608.5
1096740 613.9
1096750 614.7
1096760 614.7
1096770 612.8
1096780 606.7
1096790 606.7
1096800 603.4
1096810 596.6
1096820 596.6
1096830 590.8
1096840 587.6
1096850 585.9
1096860 585.9
1096870 584.3
1096880 583.4
1096890 583.4
1096900 583.1
1096910 581.6
1096920 581.6
1096930 578.5
1096940 575.1
1096950 575.1
1096960 572.6
1096970 568.5
1096980 568.5
1096990 569.0
1097000 565.4
1097010 565.4
1097020 562.4
1097030 559.1
1097040 559.1
1097050 555.8
1097060 553.7
1097070 553.7
1097080 552.4
1097090 551.1
1097100 551.1
1097110 549.0
1097120 546.8
1097130 546.8
1097140 541.6
1097150 537.5
1097160 537.5
1097170 534.0
1097180 531.7
1097190 528.5
1097200 528.5
1097210 525.6
1097220 521.9
1097230 521.9
1097240 515.4
1097250 515.6
1097260 515.6
1097270 516.5
1097280 515.6
1097290 515.6
1097300 515.7
1097310 515.6
1097320 520.4
1097330 523.8
1097340 531.8
1097350 531.8
1097360 537.2
1097370 543.4
1097380 543.4
1097390 549.7
1097400 551.7
1097410 551.7
1097420 550.8
1097430 550.4
1097440 550.4
1097450 549.0
1097460 543.5
1097470 543.5
1097480 537.0
1097490 532.6
1097500 532.6
1097510 540.5
1097520 544.7
1097530 546.8
1097540 546.8
1097550 551.3
1097560 554.2
1097570 554.2
1097580 556.0
1097590 560.1
1097600 560.1
1097610 561.5
1097620 560.7
1097630 560.7
1097640 562.1
1097650 567.8
1097660 567.8
1097670 571.0
1097680 574.0
1097690 574.0
1097700 576.6
1097710 578.1
1097720 578.1
1097730 574.7
1097740 573.0
1097750 573.0
1097760 575.4
1097770 575.1
1097780 575.1
1097790 578.5
1097800 579.7
1097810 579.7
1097820 579.5
1097830 579.5
1097840 579.5
1097850 578.1
1097860 575.7
1097870 575.7
1097880 573.5
1097890 572.1
1097900 569.3
1097910 569.3
1097920 565.4
1097930 559.4
1097940 559.4
1097950 544.4
1097960 532.1
1097970 532.1
1097980 511.1
1097990 502.6
1098000 502.6
1098010 491.2
1098020 478.4
1098030 478.4
1098040 467.9
1098050 465.8
1098060 465.8
1098070 466.3
1098080 472.1
1098090 472.1
1098100 480.3
1098110 497.8
1098120 497.8
1098130 520.8
1098140 525.3
1098150 525.3
1098160 524.4
1098170 532.7
1098180 532.7
1098190 547.8
1098200 557.7
1098210 557.7
1098220 556.9
1098230 554.4
1098240 553.1
1098250 553.1
1098260 559.3
1098270 563.8
1098280 563.8
1098290 562.0
1098300 558.7
1098310 550.5
1098320 551.7
1098330 551.4
1098340 551.4
1098350 551.1
1098360 553.2
1098370 553.2
1098380 559.4
1098390 567.9
1098400 567.9
1098410 577.7
1098420 588.0
1098430 588.0
1098440 596.2
1098450 600.2
1098460 600.2
1098470 602.5
1098480 603.2
1098490 603.2
1098500 603.7
1098510 604.5
1098520 604.5
1098530 604.2
1098540 602.6
1098550 602.6
1098560 598.7
1098570 598.5
1098580 602.0
1098590 602.0
1098600 606.1
1098610 607.6
1098620 607.6
1098630 609.1
1098640 610.4
1098650 609.7
1098660 610.4
1098670 610.9
1098680 610.9
1098690 611.5
1098700 611.8
1098710 611.8
1098720 612.2
1098730 612.5
1098740 612.5
1098750 612.5
1098760 612.7
1098770 612.7
1098780 613.3
1098790 614.5
1098800 614.5
1098810 615.4
1098820 616.6
1098830 616.6
1098840 618.2
1098850 620.0
1098860 620.0
1098870 621.5
1098880 622.9
1098890 622.9
1098900 624.2
1098910 625.7
1098920 627.2
1098930 627.2
1098940 628.5
1098950 629.8
1098960 629.8
1098970 631.0
1098980 630.3
1098990 630.3
1099000 631.8
1099010 632.0
1099020 632.0
1099030 632.7
1099040 633.3
1099050 633.3
1099060 634.0
1099070 634.5
1099080 634.5
1099090 635.2
1099100 635.9
1099110 635.9
1099120 636.6
1099130 637.3
1099140 637.3
1099150 638.2
1099160 639.3
1099170 639.3
1099180 640.3
1099190 641.5
1099200 641.5
1099210 642.9
1099220 644.4
1099230 644.4
1099240 645.9
1099250 647.0
1099260 648.1
1099270 648.1
1099280 649.4
1099290 650.3
1099300 650.3
1099310 648.7
1099320 649.2
1099330 649.2
1099340 649.6
1099350 649.8
1099360 649.8
1099370 650.1
1099380 650.5
1099390 650.5
1099400 650.8
1099410 651.1
1099420 651.1
1099430 651.6
1099440 652.2
1099450 652.2
1099460 652.8
1099470 653.5
1099480 653.5
1099490 654.2
1099500 655.0
1099510 655.0
1099520 655.8
1099530 656.4
1099540 656.4
1099550 657.3
1099560 658.1
1099570 658.1
1099580 658.8
1099590 659.6
1099600 659.6
1099610 660.3
1099620 660.8
1099630 661.5
1099640 659.9
1099650 660.4
1099660 661.3
1099670 661.3
1099680 662.2
1099690 661.9
1099700 661.9
1099710 662.0
1099720 661.8
1099730 661.8
1099740 661.5
1099750 661.4
1099760 661.4
1099770 661.9
1099780 662.1
1099790 662.1
1099800 662.2
1099810 662.8
1099820 662.8
1099830 663.7
1099840 664.6
1099850 664.6
1099860 665.6
1099870 666.7
1099880 666.7
1099890 668.0
1099900 669.1
1099910 669.1
1099920 670.4
1099930 671.7
1099940 671.7
1099950 673.0
1099960 674.2
1099970 674.5
1099980 674.5
1099990 675.0
