1080000 399.4
1080010 399.4
1080020 399.4
1080030 399.3
1080040 399.3
1080050 399.3
1080060 399.3
1080070 399.4
1080080 399.6
1080090 399.6
1080100 400.0
1080110 400.8
1080120 400.8
1080130 401.0
1080140 401.1
1080150 401.1
1080160 401.1
1080170 401.2
1080180 401.2
1080190 401.5
1080200 401.3
1080210 401.3
1080220 400.7
1080230 400.4
1080240 400.4
1080250 400.4
1080260 400.2
1080270 400.2
1080280 400.3
1080290 400.3
1080300 400.3
1080310 400.1
1080320 400.1
1080330 400.1
1080340 400.3
1080350 400.3
1080360 400.3
1080370 400.2
1080380 400.3
1080390 400.3
1080400 400.3
1080410 400.2
1080420 400.2
1080430 400.2
1080440 400.3
1080450 400.3
1080460 400.3
1080470 400.4
1080480 400.4
1080490 400.4
1080500 400.5
1080510 400.4
1080520 400.4
1080530 400.4
1080540 400.5
1080550 400.5
1080560 400.6
1080570 400.6
1080580 400.6
1080590 400.7
1080600 400.8
1080610 400.8
1080620 400.8
1080630 400.8
1080640 400.8
1080650 401.1
1080660 400.8
1080670 400.8
1080680 400.8
1080690 400.8
1080700 401.0
1080710 400.8
1080720 400.9
1080730 400.9
1080740 400.9
1080750 400.9
1080760 400.9
1080770 401.0
1080780 401.1
1080790 401.1
1080800 401.1
1080810 401.2
1080820 401.3
1080830 401.3
1080840 401.3
1080850 401.3
1080860 401.3
1080870 401.4
1080880 401.5
1080890 401.5
1080900 401.5
1080910 401.6
1080920 401.6
1080930 401.6
1080940 401.6
1080950 401.6
1080960 401.6
1080970 401.7
1080980 401.7
1080990 401.7
1081000 401.7
1081010 401.7
1081020 401.8
1081030 401.8
1081040 401.8
1081050 401.9
1081060 402.0
1081070 402.0
1081080 401.9
1081090 402.0
1081100 402.0
1081110 401.9
1081120 402.0
1081130 402.2
1081140 402.2
1081150 402.3
1081160 402.4
1081170 402.4
1081180 402.4
1081190 402.3
1081200 402.3
1081210 402.3
1081220 402.4
1081230 402.4
1081240 402.4
1081250 402.5
1081260 402.5
1081270 402.6
1081280 402.8
1081290 402.8
1081300 402.9
1081310 402.9
1081320 402.9
1081330 402.9
1081340 402.9
1081350 402.9
1081360 402.9
1081370 402.8
1081380 402.8
1081390 402.9
1081400 402.8
1081410 402.8
1081420 402.8
1081430 402.8
1081440 402.8
1081450 402.8
1081460 403.1
1081470 403.7
1081480 403.7
1081490 403.4
1081500 403.0
1081510 403.0
1081520 403.3
1081530 403.6
1081540 403.6
1081550 403.9
1081560 404.0
1081570 404.0
1081580 404.0
1081590 403.9
1081600 403.9
1081610 403.6
1081620 403.5
1081630 403.5
1081640 403.6
1081650 404.0
1081660 404.0
1081670 404.0
1081680 404.1
1081690 404.1
1081700 404.1
1081710 404.1
1081720 404.1
1081730 404.3
1081740 404.3
1081750 404.3
1081760 404.5
1081770 404.7
1081780 404.7
1081790 404.9
1081800 405.0
1081810 404.9
1081820 404.9
1081830 405.1
1081840 405.3
1081850 405.3
1081860 405.4
1081870 405.4
1081880 405.4
1081890 405.5
1081900 405.6
1081910 405.6
1081920 405.6
1081930 405.6
1081940 405.6
1081950 405.5
1081960 405.5
1081970 405.6
1081980 405.6
1081990 405.7
1082000 405.7
1082010 405.7
1082020 405.8
1082030 405.8
1082040 405.8
1082050 405.8
1082060 405.8
1082070 405.8
1082080 405.8
1082090 405.8
1082100 405.9
1082110 406.0
1082120 406.0
1082130 406.0
1082140 406.1
1082150 406.1
1082160 406.1
1082170 406.2
1082180 406.3
1082190 406.3
1082200 406.4
1082210 406.4
1082220 406.4
1082230 406.5
1082240 406.5
1082250 406.5
1082260 406.6
1082270 406.5
1082280 406.5
1082290 406.6
1082300 406.8
1082310 406.8
1082320 406.9
1082330 407.1
1082340 407.1
1082350 407.2
1082360 407.1
1082370 407.1
1082380 407.2
1082390 407.2
1082400 407.2
1082410 407.1
1082420 406.9
1082430 406.9
1082440 407.0
1082450 407.0
1082460 407.0
1082470 407.0
1082480 407.0
1082490 407.0
1082500 407.0
1082510 407.0
1082520 407.1
1082530 407.1
1082540 407.0
1082550 406.9
1082560 406.9
1082570 407.3
1082580 407.3
1082590 407.3
1082600 407.1
1082610 407.1
1082620 407.1
1082630 407.1
1082640 407.3
1082650 407.3
1082660 408.1
1082670 407.6
1082680 407.6
1082690 407.4
1082700 407.6
1082710 407.6
1082720 408.3
1082730 409.3
1082740 409.3
1082750 410.3
1082760 409.9
1082770 409.9
1082780 407.7
1082790 407.4
1082800 407.4
1082810 407.6
1082820 409.0
1082830 409.0
1082840 409.7
1082850 410.1
1082860 409.2
1082870 409.2
1082880 407.7
1082890 407.6
1082900 407.6
1082910 407.3
1082920 406.2
1082930 406.2
1082940 406.9
1082950 408.0
1082960 408.0
1082970 408.1
1082980 408.2
1082990 408.2
1083000 408.2
1083010 408.2
1083020 408.2
1083030 408.2
1083040 408.1
1083050 408.1
1083060 408.1
1083070 408.1
1083080 408.1
1083090 408.2
1083100 408.2
1083110 408.2
1083120 408.2
1083130 408.2
1083140 408.2
1083150 408.7
1083160 408.7
1083170 408.7
1083180 408.5
1083190 408.4
1083200 408.1
1083210 408.1
1083220 408.1
1083230 408.1
1083240 408.1
1083250 408.2
1083260 408.1
1083270 408.1
1083280 408.2
1083290 408.2
1083300 408.2
1083310 408.3
1083320 408.3
1083330 408.3
1083340 408.3
1083350 408.3
1083360 408.3
1083370 408.3
1083380 408.4
1083390 408.4
1083400 408.3
1083410 408.3
1083420 408.3
1083430 408.4
1083440 408.3
1083450 408.3
1083460 408.3
1083470 408.3
1083480 408.3
1083490 408.3
1083500 408.5
1083510 408.5
1083520 408.7
1083530 408.6
1083540 408.7
1083550 408.7
1083560 412.7
1083570 414.8
1083580 414.8
1083590 414.2
1083600 412.0
1083610 412.0
1083620 411.6
1083630 411.7
1083640 411.7
1083650 411.7
1083660 412.0
1083670 412.0
1083680 413.4
1083690 415.0
1083700 415.0
1083710 414.3
1083720 411.6
1083730 411.6
1083740 409.4
1083750 408.9
1083760 408.9
1083770 408.7
1083780 408.4
1083790 408.4
1083800 408.4
1083810 408.4
1083820 408.4
1083830 408.5
1083840 408.6
1083850 408.6
1083860 408.6
1083870 408.5
1083880 408.6
1083890 408.6
1083900 408.6
1083910 408.6
1083920 408.6
1083930 408.7
1083940 408.7
1083950 408.7
1083960 408.7
1083970 408.8
1083980 408.8
1083990 408.8
1084000 408.8
1084010 408.8
1084020 409.1
1084030 409.3
1084040 409.3
1084050 409.3
1084060 409.2
1084070 409.2
1084080 409.1
1084090 409.0
1084100 409.0
1084110 409.0
1084120 409.0
1084130 409.0
1084140 409.0
1084150 409.0
1084160 409.0
1084170 409.1
1084180 409.0
1084190 409.0
1084200 409.0
1084210 409.0
1084220 409.0
1084230 409.0
1084240 409.1
1084250 409.4
1084260 409.4
1084270 409.5
1084280 409.7
1084290 409.7
1084300 409.7
1084310 409.7
1084320 409.7
1084330 409.4
1084340 409.3
1084350 409.3
1084360 409.2
1084370 409.3
1084380 409.3
1084390 409.5
1084400 409.5
1084410 409.5
1084420 409.5
1084430 409.5
1084440 409.5
1084450 409.5
1084460 409.3
1084470 409.3
1084480 409.1
1084490 409.0
1084500 409.0
1084510 409.3
1084520 409.5
1084530 409.5
1084540 409.5
1084550 409.6
1084560 409.6
1084570 409.6
1084580 409.7
1084590 409.8
1084600 409.8
1084610 410.0
1084620 410.2
1084630 410.2
1084640 410.3
1084650 410.3
1084660 410.3
1084670 410.3
1084680 410.3
1084690 410.3
1084700 410.3
1084710 410.3
1084720 410.3
1084730 410.1
1084740 410.1
1084750 410.1
1084760 410.1
1084770 410.1
1084780 410.1
1084790 410.1
1084800 410.1
1084810 410.1
1084820 410.1
1084830 410.1
1084840 410.1
1084850 410.2
1084860 410.1
1084870 410.1
1084880 410.2
1084890 410.4
1084900 410.4
1084910 410.8
1084920 411.0
1084930 410.9
1084940 410.9
1084950 410.5
1084960 410.4
1084970 410.4
1084980 410.5
1084990 410.6
1085000 410.6
1085010 410.7
1085020 411.0
1085030 411.0
1085040 410.9
1085050 411.0
1085060 411.0
1085070 411.3
1085080 411.8
1085090 411.8
1085100 411.5
1085110 411.5
1085120 411.5
1085130 411.6
1085140 411.6
1085150 411.5
1085160 411.3
1085170 411.4
1085180 411.4
1085190 411.5
1085200 411.9
1085210 411.9
1085220 412.0
1085230 412.2
1085240 412.2
1085250 412.5
1085260 412.5
1085270 412.7
1085280 412.7
1085290 412.7
1085300 412.8
1085310 412.8
1085320 413.3
1085330 413.8
1085340 413.8
1085350 413.9
1085360 414.2
1085370 414.2
1085380 414.4
1085390 414.6
1085400 414.6
1085410 415.1
1085420 415.3
1085430 415.3
1085440 415.5
1085450 415.7
1085460 415.7
1085470 416.5
1085480 417.0
1085490 417.0
1085500 417.3
1085510 417.8
1085520 417.8
1085530 418.7
1085540 419.0
1085550 419.0
1085560 420.0
1085570 421.3
1085580 421.3
1085590 423.3
1085600 426.0
1085610 426.7
1085620 426.7
1085630 426.6
1085640 428.2
1085650 428.2
1085660 429.9
1085670 431.7
1085680 431.7
1085690 433.3
1085700 436.5
1085710 436.5
1085720 441.6
1085730 444.8
1085740 444.8
1085750 446.7
1085760 448.4
1085770 448.4
1085780 450.2
1085790 451.9
1085800 452.4
1085810 454.4
1085820 456.9
1085830 456.9
1085840 459.2
1085850 461.4
1085860 461.4
1085870 463.5
1085880 466.4
1085890 466.4
1085900 469.3
1085910 471.8
1085920 471.8
1085930 474.3
1085940 476.7
1085950 476.7
1085960 478.5
1085970 480.7
1085980 482.9
1085990 482.9
1086000 484.7
1086010 484.9
1086020 484.9
1086030 484.3
1086040 483.6
1086050 483.6
1086060 482.1
1086070 484.7
1086080 484.7
1086090 487.9
1086100 489.4
1086110 489.4
1086120 483.4
1086130 487.8
1086140 487.8
1086150 492.4
1086160 497.5
1086170 497.5
1086180 504.0
1086190 510.3
1086200 510.3
1086210 515.7
1086220 521.9
1086230 521.9
1086240 530.8
1086250 537.8
1086260 537.8
1086270 543.8
1086280 546.9
1086290 546.9
1086300 549.4
1086310 552.2
1086320 556.1
1086330 556.1
1086340 559.9
1086350 564.1
1086360 564.1
1086370 567.3
1086380 569.6
1086390 569.6
1086400 572.2
1086410 574.6
1086420 574.6
1086430 576.7
1086440 577.8
1086450 577.8
1086460 579.7
1086470 581.3
1086480 581.3
1086490 583.3
1086500 584.4
1086510 584.4
1086520 585.7
1086530 587.3
1086540 587.3
1086550 588.9
1086560 590.7
1086570 590.7
1086580 592.8
1086590 594.0
1086600 594.0
1086610 593.8
1086620 593.5
1086630 593.5
1086640 592.9
1086650 592.1
1086660 589.9
1086670 589.9
1086680 588.4
1086690 587.8
1086700 587.8
1086710 588.2
1086720 588.7
1086730 588.7
1086740 590.6
1086750 591.4
1086760 584.2
1086770 583.9
1086780 583.1
1086790 583.1
1086800 581.8
1086810 581.7
1086820 581.7
1086830 582.6
1086840 584.0
1086850 584.0
1086860 584.9
1086870 584.6
1086880 584.6
1086890 585.9
1086900 587.5
1086910 587.5
1086920 589.8
1086930 592.6
1086940 592.6
1086950 595.2
1086960 597.2
1086970 597.2
1086980 597.9
1086990 598.6
1087000 599.0
1087010 599.0
1087020 599.1
1087030 598.6
1087040 598.6
1087050 600.3
1087060 605.2
1087070 605.2
1087080 615.0
1087090 616.4
1087100 616.4
1087110 617.9
1087120 618.8
1087130 618.8
1087140 619.6
1087150 620.9
1087160 620.9
1087170 622.0
1087180 623.3
1087190 623.3
1087200 624.6
1087210 626.0
1087220 626.0
1087230 627.6
1087240 629.5
1087250 629.5
1087260 631.5
1087270 633.3
1087280 633.3
1087290 635.3
1087300 637.1
1087310 637.1
1087320 638.9
1087330 640.5
1087340 641.8
1087350 641.8
1087360 642.4
1087370 642.4
1087380 642.4
1087390 642.1
1087400 643.5
1087410 643.5
1087420 640.8
1087430 638.4
1087440 638.4
1087450 637.7
1087460 639.6
1087470 639.6
1087480 642.5
1087490 645.9
1087500 645.9
1087510 649.2
1087520 652.4
1087530 652.4
1087540 654.4
1087550 655.3
1087560 655.3
1087570 656.0
1087580 658.6
1087590 658.6
1087600 661.4
1087610 662.5
1087620 662.5
1087630 663.6
1087640 664.5
1087650 664.5
1087660 665.4
1087670 666.5
1087680 667.5
1087690 667.5
1087700 668.9
1087710 670.3
1087720 667.7
1087730 668.8
1087740 669.8
1087750 669.8
1087760 670.9
1087770 671.9
1087780 671.9
1087790 672.5
1087800 674.2
1087810 674.2
1087820 677.0
1087830 680.4
1087840 680.4
1087850 684.3
1087860 686.4
1087870 686.4
1087880 686.9
1087890 687.9
1087900 687.9
1087910 690.8
1087920 694.2
1087930 694.2
1087940 697.8
1087950 701.0
1087960 701.0
1087970 703.2
1087980 705.0
1087990 705.0
1088000 706.6
1088010 708.2
1088020 708.2
1088030 709.8
1088040 709.1
1088050 710.6
1088060 710.6
1088070 712.0
1088080 713.4
1088090 713.4
1088100 714.5
1088110 715.3
1088120 715.3
1088130 715.8
1088140 716.1
1088150 716.1
1088160 716.5
1088170 717.2
1088180 717.2
1088190 718.0
1088200 719.1
1088210 719.1
1088220 720.9
1088230 723.0
1088240 723.0
1088250 724.9
1088260 726.6
1088270 726.6
1088280 727.8
1088290 727.0
1088300 727.0
1088310 724.8
1088320 721.0
1088330 721.0
1088340 722.0
1088350 722.3
1088360 722.3
1088370 720.0
1088380 723.3
1088390 725.8
1088400 725.8
1088410 726.5
1088420 727.9
1088430 727.9
1088440 729.5
1088450 732.9
1088460 732.9
1088470 736.2
1088480 742.7
1088490 742.7
1088500 750.7
1088510 758.0
1088520 758.0
1088530 761.3
1088540 763.4
1088550 763.4
1088560 766.3
1088570 768.2
1088580 768.2
1088590 769.9
1088600 771.3
1088610 771.3
1088620 772.6
1088630 774.1
1088640 774.1
1088650 775.5
1088660 776.5
1088670 776.5
1088680 777.2
1088690 775.6
1088700 775.6
1088710 776.0
1088720 776.0
1088730 775.7
1088740 775.7
1088750 775.6
1088760 775.7
1088770 775.7
1088780 776.0
1088790 776.5
1088800 776.5
1088810 777.1
1088820 777.5
1088830 777.5
1088840 778.1
1088850 778.7
1088860 778.7
1088870 779.5
1088880 779.9
1088890 779.9
1088900 780.0
1088910 780.2
1088920 780.2
1088930 780.5
1088940 780.4
1088950 780.4
1088960 780.7
1088970 780.8
1088980 780.8
1088990 780.9
1089000 781.0
1089010 778.0
1089020 777.9
1089030 777.8
1089040 777.8
1089050 777.6
1089060 777.3
1089070 777.1
1089080 777.1
1089090 777.0
1089100 777.2
1089110 777.2
1089120 777.4
1089130 777.9
1089140 777.9
1089150 779.4
1089160 780.6
1089170 780.6
1089180 780.9
1089190 780.8
1089200 780.8
1089210 781.0
1089220 781.3
1089230 781.3
1089240 781.5
1089250 781.3
1089260 781.3
1089270 780.5
1089280 779.3
1089290 779.3
1089300 778.0
1089310 776.2
1089320 776.2
1089330 775.1
1089340 770.3
1089350 770.3
1089360 769.5
1089370 768.2
1089380 768.2
1089390 766.6
1089400 765.7
1089410 765.7
1089420 765.7
1089430 765.3
1089440 766.0
1089450 766.0
1089460 766.1
1089470 765.4
1089480 765.4
1089490 764.4
1089500 763.6
1089510 763.6
1089520 763.0
1089530 761.8
1089540 761.8
1089550 761.5
1089560 759.8
1089570 759.8
1089580 762.1
1089590 762.7
1089600 762.7
1089610 762.5
1089620 762.2
1089630 762.2
1089640 760.8
1089650 761.7
1089660 761.0
1089670 763.6
1089680 765.1
1089690 765.1
1089700 766.6
1089710 768.5
1089720 768.5
1089730 770.7
1089740 772.0
1089750 773.8
1089760 773.8
1089770 775.8
1089780 777.9
1089790 777.9
1089800 780.2
1089810 782.7
1089820 782.7
1089830 784.8
1089840 786.6
1089850 786.6
1089860 788.1
1089870 789.2
1089880 789.2
1089890 790.0
1089900 790.6
1089910 790.6
1089920 791.0
1089930 791.2
1089940 791.2
1089950 791.6
1089960 792.0
1089970 792.0
1089980 791.7
1089990 792.4
1090000 792.4
1090010 792.7
1090020 792.9
1090030 792.9
1090040 792.9
1090050 793.0
1090060 793.0
1090070 792.9
1090080 792.6
1090090 792.6
1090100 792.3
1090110 792.3
1090120 792.9
1090130 792.9
1090140 793.5
1090150 794.5
1090160 794.5
1090170 795.7
1090180 796.9
1090190 796.9
1090200 798.4
1090210 799.6
1090220 799.6
1090230 800.6
1090240 801.7
1090250 801.7
1090260 802.9
1090270 803.7
1090280 803.7
1090290 804.1
1090300 804.1
1090310 803.4
1090320 802.9
1090330 802.7
1090340 802.7
1090350 802.4
1090360 801.5
1090370 801.5
1090380 799.3
1090390 799.4
1090400 799.4
1090410 800.3
1090420 801.4
1090430 801.4
1090440 802.6
1090450 804.1
1090460 806.4
1090470 806.4
1090480 808.3
1090490 807.7
1090500 807.7
1090510 806.6
1090520 805.7
1090530 805.7
1090540 806.2
1090550 808.7
1090560 808.7
1090570 811.1
1090580 813.1
1090590 813.1
1090600 815.2
1090610 817.1
1090620 817.1
1090630 824.8
1090640 826.5
1090650 826.5
1090660 828.1
1090670 829.0
1090680 829.0
1090690 830.1
1090700 833.0
1090710 833.0
1090720 834.7
1090730 835.2
1090740 835.2
1090750 835.7
1090760 836.4
1090770 836.4
1090780 837.3
1090790 838.4
1090800 839.7
1090810 839.7
1090820 841.1
1090830 842.4
1090840 842.4
1090850 843.7
1090860 845.0
1090870 845.0
1090880 846.2
1090890 847.3
1090900 847.3
1090910 848.2
1090920 849.1
1090930 849.1
1090940 850.0
1090950 851.4
1090960 851.4
1090970 852.0
1090980 852.5
1090990 852.5
1091000 852.8
1091010 853.0
1091020 853.0
1091030 853.2
1091040 853.6
1091050 853.6
1091060 853.8
1091070 854.9
1091080 854.9
1091090 856.4
1091100 857.8
1091110 857.8
1091120 859.4
1091130 861.1
1091140 862.7
1091150 862.7
1091160 864.7
1091170 866.8
1091180 866.8
1091190 868.7
1091200 870.4
1091210 870.4
1091220 872.1
1091230 873.9
1091240 873.9
1091250 875.8
1091260 877.9
1091270 877.9
1091280 881.8
1091290 883.9
1091300 883.9
1091310 885.8
1091320 887.6
1091330 887.6
1091340 889.6
1091350 892.0
1091360 892.0
1091370 894.7
1091380 897.4
1091390 897.4
1091400 899.9
1091410 901.9
1091420 901.9
1091430 903.7
1091440 905.3
1091450 905.3
1091460 906.8
1091470 908.0
1091480 909.1
1091490 909.1
1091500 910.2
1091510 911.6
1091520 911.6
1091530 912.9
1091540 914.1
1091550 914.1
1091560 915.3
1091570 916.2
1091580 916.2
1091590 917.3
1091600 921.1
1091610 921.1
1091620 922.6
1091630 924.4
1091640 924.4
1091650 926.1
1091660 928.5
1091670 928.5
1091680 930.5
1091690 932.1
1091700 932.1
1091710 934.0
1091720 936.3
1091730 936.3
1091740 938.8
1091750 940.8
1091760 940.8
1091770 942.9
1091780 945.1
1091790 945.1
1091800 947.2
1091810 948.6
1091820 948.6
1091830 949.5
1091840 949.8
1091850 948.5
1091860 948.5
1091870 946.4
1091880 944.4
1091890 944.4
1091900 942.4
1091910 940.7
1091920 940.7
1091930 940.1
1091940 938.0
1091950 938.0
1091960 936.6
1091970 935.9
1091980 935.9
1091990 935.5
1092000 935.1
1092010 935.1
1092020 934.6
1092030 933.5
1092040 933.5
1092050 931.8
1092060 929.4
1092070 929.4
1092080 926.7
1092090 925.4
1092100 925.4
1092110 925.4
1092120 926.2
1092130 926.2
1092140 927.4
1092150 928.5
1092160 928.5
1092170 929.7
1092180 930.5
1092190 930.3
1092200 930.3
1092210 928.2
1092220 925.5
1092230 925.5
1092240 923.3
1092250 918.6
1092260 918.6
1092270 917.3
1092280 916.6
1092290 916.6
1092300 916.2
1092310 916.3
1092320 916.3
1092330 916.8
1092340 917.4
1092350 917.4
1092360 918.5
1092370 918.2
1092380 918.2
1092390 916.1
1092400 913.2
1092410 913.2
1092420 910.9
1092430 909.0
1092440 909.0
1092450 908.1
1092460 907.8
1092470 907.8
1092480 907.4
1092490 907.2
1092500 907.2
1092510 907.7
1092520 908.3
1092530 908.8
1092540 908.8
1092550 908.7
1092560 907.6
1092570 907.6
1092580 900.6
1092590 898.6
1092600 898.6
1092610 898.6
1092620 902.2
1092630 902.2
1092640 906.1
1092650 908.1
1092660 908.1
1092670 909.5
1092680 910.4
1092690 910.4
1092700 910.9
1092710 910.9
1092720 910.9
1092730 910.0
1092740 907.6
1092750 907.6
1092760 905.5
1092770 903.7
1092780 903.7
1092790 902.4
1092800 901.6
1092810 901.6
1092820 900.4
1092830 899.0
1092840 899.0
1092850 897.3
1092860 895.0
1092870 892.7
1092880 892.7
1092890 889.4
1092900 885.2
1092910 878.7
1092920 875.8
1092930 872.5
1092940 872.5
1092950 868.5
1092960 864.2
1092970 864.2
1092980 860.2
1092990 856.8
1093000 856.8
1093010 852.7
1093020 848.7
1093030 848.7
1093040 846.1
1093050 844.1
1093060 844.1
1093070 842.0
1093080 839.7
1093090 839.7
1093100 837.3
1093110 835.4
1093120 835.4
1093130 833.8
1093140 832.0
1093150 832.0
1093160 830.2
1093170 828.7
1093180 828.7
1093190 826.5
1093200 824.5
1093210 823.4
1093220 823.4
1093230 819.2
1093240 817.3
1093250 817.3
1093260 816.2
1093270 815.2
1093280 815.2
1093290 813.4
1093300 811.7
1093310 811.7
1093320 810.2
1093330 808.7
1093340 808.7
1093350 807.1
1093360 805.8
1093370 805.8
1093380 805.1
1093390 804.0
1093400 804.0
1093410 802.2
1093420 799.9
1093430 799.9
1093440 798.3
1093450 797.2
1093460 797.2
1093470 796.5
1093480 796.1
1093490 796.1
1093500 795.2
1093510 793.8
1093520 793.8
1093530 792.9
1093540 791.0
1093550 789.0
1093560 788.5
1093570 786.4
1093580 784.6
1093590 784.6
1093600 783.5
1093610 781.7
1093620 781.7
1093630 780.0
1093640 778.0
1093650 778.0
1093660 776.5
1093670 777.3
1093680 777.3
1093690 776.3
1093700 773.9
1093710 773.9
1093720 771.7
1093730 770.2
1093740 770.2
1093750 768.7
1093760 767.4
1093770 767.4
1093780 766.2
1093790 765.1
1093800 765.1
1093810 761.6
1093820 758.4
1093830 758.4
1093840 761.8
1093850 762.8
1093860 762.8
1093870 761.8
1093880 759.9
1093890 758.7
1093900 757.4
1093910 756.0
1093920 754.9
1093930 754.9
1093940 753.9
1093950 753.3
1093960 753.3
1093970 752.5
1093980 750.1
1093990 750.1
1094000 748.3
1094010 746.9
1094020 746.9
1094030 745.0
1094040 743.0
1094050 743.0
1094060 741.3
1094070 740.1
1094080 740.1
1094090 739.1
1094100 738.2
1094110 738.2
1094120 737.1
1094130 735.6
1094140 735.6
1094150 732.9
1094160 729.7
1094170 729.7
1094180 727.5
1094190 726.3
1094200 726.3
1094210 723.1
1094220 723.6
1094230 723.6
1094240 723.7
1094250 723.6
1094260 722.4
1094270 722.4
1094280 720.6
1094290 719.0
1094300 719.0
1094310 717.9
1094320 717.1
1094330 717.1
1094340 716.4
1094350 715.6
1094360 715.6
1094370 714.7
1094380 713.6
1094390 713.6
1094400 712.1
1094410 710.8
1094420 710.8
1094430 710.1
1094440 709.7
1094450 709.7
1094460 709.0
1094470 708.7
1094480 708.7
1094490 708.5
1094500 708.3
1094510 708.3
1094520 708.0
1094530 707.3
1094540 706.4
1094550 706.0
1094560 705.6
1094570 705.6
1094580 705.1
1094590 704.6
1094600 703.9
1094610 703.9
1094620 703.0
1094630 702.7
1094640 702.7
1094650 702.6
1094660 702.4
1094670 702.4
1094680 701.7
1094690 702.1
1094700 702.1
1094710 702.6
1094720 702.6
1094730 702.6
1094740 702.3
1094750 701.9
1094760 701.9
1094770 701.6
1094780 701.1
1094790 701.1
1094800 700.2
1094810 699.1
1094820 699.1
1094830 697.9
1094840 696.9
1094850 696.9
1094860 696.2
1094870 695.6
1094880 695.6
1094890 695.2
1094900 694.4
1094910 694.4
1094920 694.2
1094930 693.6
1094940 693.2
1094950 693.2
1094960 693.1
1094970 693.3
1094980 693.3
1094990 693.0
1095000 692.4
1095010 692.4
1095020 691.1
1095030 689.1
1095040 689.1
1095050 687.1
1095060 685.1
1095070 685.1
1095080 683.2
1095090 681.6
1095100 681.6
1095110 680.0
1095120 678.6
1095130 678.6
1095140 679.0
1095150 678.3
1095160 678.3
1095170 678.0
1095180 678.2
1095190 678.2
1095200 675.9
1095210 673.7
1095220 673.7
1095230 671.5
1095240 669.7
1095250 669.7
1095260 667.9
1095270 666.5
1095280 665.6
1095290 665.6
1095300 665.1
1095310 664.6
1095320 664.6
1095330 663.9
1095340 663.0
1095350 663.0
1095360 662.6
1095370 662.7
1095380 662.7
1095390 662.8
1095400 662.8
1095410 662.8
1095420 662.7
1095430 662.5
1095440 662.5
1095450 662.1
1095460 662.0
1095470 662.0
1095480 662.3
1095490 657.5
1095500 657.5
1095510 650.4
1095520 647.1
1095530 648.6
1095540 643.3
1095550 639.3
1095560 639.3
1095570 638.5
1095580 638.0
1095590 638.0
1095600 635.9
1095610 633.6
1095620 632.1
1095630 632.1
1095640 630.5
1095650 628.8
1095660 628.8
1095670 625.8
1095680 622.9
1095690 622.9
1095700 618.9
1095710 613.2
1095720 613.2
1095730 607.0
1095740 601.6
1095750 601.6
1095760 595.3
1095770 593.7
1095780 593.7
1095790 599.2
1095800 600.5
1095810 600.5
1095820 599.5
1095830 600.7
1095840 600.7
1095850 608.9
1095860 609.5
1095870 609.5
1095880 608.8
1095890 607.2
1095900 607.2
1095910 605.2
1095920 604.9
1095930 604.9
1095940 606.7
1095950 609.1
1095960 612.3
1095970 612.3
1095980 615.8
1095990 620.5
1096000 620.5
1096010 625.5
1096020 627.6
1096030 627.6
1096040 626.0
1096050 624.3
1096060 624.3
1096070 616.0
1096080 605.5
1096090 605.5
1096100 599.5
1096110 594.4
1096120 594.4
1096130 592.0
1096140 586.8
1096150 586.8
1096160 583.0
1096170 584.3
1096180 588.7
1096190 598.6
1096200 609.1
1096210 609.1
1096220 619.0
1096230 625.3
1096240 625.3
1096250 631.5
1096260 633.5
1096270 633.5
1096280 632.5
1096290 633.4
1096300 633.4
1096310 635.7
1096320 638.0
1096330 642.1
1096340 642.1
1096350 649.2
1096360 655.1
1096370 655.1
1096380 660.9
1096390 666.4
1096400 666.4
1096410 666.7
1096420 666.2
1096430 666.2
1096440 666.3
1096450 666.6
1096460 666.6
1096470 666.8
1096480 666.8
1096490 666.8
1096500 666.9
1096510 667.5
1096520 667.5
1096530 666.6
1096540 666.3
1096550 666.3
1096560 665.9
1096570 665.6
1096580 665.6
1096590 665.3
1096600 665.0
1096610 665.0
1096620 664.8
1096630 664.7
1096640 664.7
1096650 664.6
1096660 664.6
1096670 664.2
1096680 664.2
1096690 663.5
1096700 662.9
1096710 662.9
1096720 662.7
1096730 662.4
1096740 662.4
1096750 662.2
1096760 662.1
1096770 662.1
1096780 661.7
1096790 659.9
1096800 659.9
1096810 656.6
1096820 652.2
1096830 652.2
1096840 651.3
1096850 653.8
1096860 653.8
1096870 659.2
1096880 661.4
1096890 661.4
1096900 661.3
1096910 661.2
1096920 661.2
1096930 661.0
1096940 660.4
1096950 660.4
1096960 659.9
1096970 658.9
1096980 658.9
1096990 656.3
1097000 652.0
1097010 649.8
1097020 649.8
1097030 648.5
1097040 648.1
1097050 648.1
1097060 648.5
1097070 647.8
1097080 647.8
1097090 645.4
1097100 641.1
1097110 641.1
1097120 638.8
1097130 637.4
1097140 637.4
1097150 631.7
1097160 624.8
1097170 624.8
1097180 620.7
1097190 621.4
1097200 621.4
1097210 623.1
1097220 620.6
1097230 620.6
1097240 620.1
1097250 620.1
1097260 620.1
1097270 619.9
1097280 617.5
1097290 617.5
1097300 614.9
1097310 613.9
1097320 613.9
1097330 613.8
1097340 613.6
1097350 613.8
1097360 613.8
1097370 614.3
1097380 613.6
1097390 613.6
1097400 612.9
1097410 612.2
1097420 612.2
1097430 611.3
1097440 610.0
1097450 610.0
1097460 608.6
1097470 607.4
1097480 607.4
1097490 606.6
1097500 605.7
1097510 605.7
1097520 604.6
1097530 603.3
1097540 603.3
1097550 602.4
1097560 601.5
1097570 601.5
1097580 599.9
1097590 597.6
1097600 597.6
1097610 594.0
1097620 590.0
1097630 590.0
1097640 586.2
1097650 581.5
1097660 581.5
1097670 577.1
1097680 572.8
1097690 569.8
1097700 569.8
1097710 567.2
1097720 564.2
1097730 564.2
1097740 561.0
1097750 558.6
1097760 558.6
1097770 556.6
1097780 554.8
1097790 554.8
1097800 554.2
1097810 553.1
1097820 553.1
1097830 553.7
1097840 553.2
1097850 553.2
1097860 552.1
1097870 551.3
1097880 551.3
1097890 551.2
1097900 551.2
1097910 551.2
1097920 551.0
1097930 550.7
1097940 550.7
1097950 550.5
1097960 550.6
1097970 550.6
1097980 544.2
1097990 535.8
1098000 535.8
1098010 528.2
1098020 521.0
1098030 513.5
1098040 513.5
1098050 508.0
1098060 503.6
1098070 503.6
1098080 504.3
1098090 508.4
1098100 508.4
1098110 508.9
1098120 510.6
1098130 510.6
1098140 511.6
1098150 512.4
1098160 519.1
1098170 521.6
1098180 520.3
1098190 520.3
1098200 513.4
1098210 515.5
1098220 515.5
1098230 518.8
1098240 514.4
1098250 514.4
1098260 510.9
1098270 509.6
1098280 509.6
1098290 505.8
1098300 500.7
1098310 500.7
1098320 496.7
1098330 493.7
1098340 493.7
1098350 491.7
1098360 491.2
1098370 491.0
1098380 491.0
1098390 488.0
1098400 477.1
1098410 477.1
1098420 470.5
1098430 470.6
1098440 470.6
1098450 470.5
1098460 470.5
1098470 470.5
1098480 470.5
1098490 473.2
1098500 473.2
1098510 477.7
1098520 484.7
1098530 484.7
1098540 487.3
1098550 491.5
1098560 491.5
1098570 496.1
1098580 499.9
1098590 499.9
1098600 502.7
1098610 506.6
1098620 506.6
1098630 510.4
1098640 513.2
1098650 513.2
1098660 515.4
1098670 517.7
1098680 517.7
1098690 520.5
1098700 522.3
1098710 522.3
1098720 524.6
1098730 524.7
1098740 525.7
1098750 525.7
1098760 529.7
1098770 536.5
1098780 536.5
1098790 543.3
1098800 548.9
1098810 548.9
1098820 550.0
1098830 551.4
1098840 551.4
1098850 552.5
1098860 553.7
1098870 553.7
1098880 554.8
1098890 555.5
1098900 555.5
1098910 556.2
1098920 556.7
1098930 556.7
1098940 557.3
1098950 554.9
1098960 554.9
1098970 551.4
1098980 549.2
1098990 549.2
1099000 545.5
1099010 542.4
1099020 542.4
1099030 540.3
1099040 539.9
1099050 539.9
1099060 539.9
1099070 539.6
1099080 539.3
1099090 539.3
1099100 539.5
1099110 540.6
1099120 540.6
1099130 541.5
1099140 543.3
1099150 543.3
1099160 540.8
1099170 543.1
1099180 543.1
1099190 546.4
1099200 549.8
1099210 549.8
1099220 551.6
1099230 553.6
1099240 553.6
1099250 554.9
1099260 554.3
1099270 554.3
1099280 553.4
1099290 555.6
1099300 555.6
1099310 560.3
1099320 563.9
1099330 563.9
1099340 564.5
1099350 563.9
1099360 563.9
1099370 564.1
1099380 565.1
1099390 565.1
1099400 562.4
1099410 556.2
1099420 561.4
1099430 561.4
1099440 565.9
1099450 566.0
1099460 566.0
1099470 565.5
1099480 565.8
1099490 559.6
1099500 560.6
1099510 563.3
1099520 563.3
1099530 565.9
1099540 567.8
1099550 567.8
1099560 568.9
1099570 569.8
1099580 569.8
1099590 570.9
1099600 572.1
1099610 572.1
1099620 573.4
1099630 574.4
1099640 574.4
1099650 575.2
1099660 576.1
1099670 576.1
1099680 577.0
1099690 577.9
1099700 577.9
1099710 579.0
1099720 580.9
1099730 580.9
1099740 582.8
1099750 584.8
1099760 586.3
1099770 586.3
1099780 587.0
1099790 587.3
1099800 587.3
1099810 587.5
1099820 583.8
1099830 583.8
1099840 584.3
1099850 584.8
1099860 584.8
1099870 584.3
1099880 583.1
1099890 583.1
1099900 583.5
1099910 586.1
1099920 586.1
1099930 590.1
1099940 593.2
1099950 593.2
1099960 593.7
1099970 593.4
1099980 593.4
1099990 593.5
