1080000 400.2
1080010 400.1
1080020 400.1
1080030 400.1
1080040 400.1
1080050 400.1
1080060 400.2
1080070 400.2
1080080 400.2
1080090 400.2
1080100 400.3
1080110 400.3
1080120 400.3
1080130 400.4
1080140 400.4
1080150 400.4
1080160 400.4
1080170 400.4
1080180 400.5
1080190 400.6
1080200 400.6
1080210 400.7
1080220 400.6
1080230 400.6
1080240 400.7
1080250 400.7
1080260 400.7
1080270 400.7
1080280 400.7
1080290 400.7
1080300 400.8
1080310 400.9
1080320 400.8
1080330 400.8
1080340 400.9
1080350 400.9
1080360 400.9
1080370 401.1
1080380 401.2
1080390 401.2
1080400 401.3
1080410 401.4
1080420 401.4
1080430 401.5
1080440 401.5
1080450 401.5
1080460 401.5
1080470 401.5
1080480 401.5
1080490 401.6
1080500 401.6
1080510 401.6
1080520 401.7
1080530 401.6
1080540 401.6
1080550 401.7
1080560 401.8
1080570 401.8
1080580 401.8
1080590 401.8
1080600 401.8
1080610 401.8
1080620 402.0
1080630 402.0
1080640 402.1
1080650 402.1
1080660 402.0
1080670 402.0
1080680 402.0
1080690 402.0
1080700 402.0
1080710 402.0
1080720 402.1
1080730 402.1
1080740 402.1
1080750 402.2
1080760 402.2
1080770 402.2
1080780 402.3
1080790 402.3
1080800 402.4
1080810 402.5
1080820 402.5
1080830 402.6
1080840 402.6
1080850 402.6
1080860 402.6
1080870 402.6
1080880 402.6
1080890 402.7
1080900 402.8
1080910 402.8
1080920 402.8
1080930 402.9
1080940 402.9
1080950 402.9
1080960 402.9
1080970 402.9
1080980 402.9
1080990 402.9
1081000 402.9
1081010 402.9
1081020 403.0
1081030 402.9
1081040 402.9
1081050 402.8
1081060 402.7
1081070 402.7
1081080 402.6
1081090 402.9
1081100 402.9
1081110 403.0
1081120 403.0
1081130 403.0
1081140 403.1
1081150 403.2
1081160 403.2
1081170 403.2
1081180 403.2
1081190 403.2
1081200 403.2
1081210 403.3
1081220 403.3
1081230 403.2
1081240 403.6
1081250 403.6
1081260 403.6
1081270 403.6
1081280 403.6
1081290 403.5
1081300 403.7
1081310 403.7
1081320 403.8
1081330 403.9
1081340 403.9
1081350 404.0
1081360 403.9
1081370 403.8
1081380 403.8
1081390 403.6
1081400 403.7
1081410 403.7
1081420 403.8
1081430 403.9
1081440 403.9
1081450 404.0
1081460 403.9
1081470 403.9
1081480 404.2
1081490 404.5
1081500 404.5
1081510 404.6
1081520 404.8
1081530 404.8
1081540 404.9
1081550 405.0
1081560 405.0
1081570 405.1
1081580 405.2
1081590 405.2
1081600 405.3
1081610 405.4
1081620 405.4
1081630 405.6
1081640 405.6
1081650 405.6
1081660 405.7
1081670 405.8
1081680 405.8
1081690 405.9
1081700 406.0
1081710 406.0
1081720 406.0
1081730 406.1
1081740 406.1
1081750 406.1
1081760 406.2
1081770 406.3
1081780 406.3
1081790 406.3
1081800 406.5
1081810 406.5
1081820 406.7
1081830 406.7
1081840 406.7
1081850 406.8
1081860 407.0
1081870 407.0
1081880 407.0
1081890 407.0
1081900 407.0
1081910 406.8
1081920 406.7
1081930 406.7
1081940 406.8
1081950 406.6
1081960 406.6
1081970 406.8
1081980 407.0
1081990 407.0
1082000 407.0
1082010 406.8
1082020 406.8
1082030 406.7
1082040 406.9
1082050 407.0
1082060 407.0
1082070 406.8
1082080 406.7
1082090 406.7
1082100 406.6
1082110 406.6
1082120 406.8
1082130 406.7
1082140 406.7
1082150 406.7
1082160 406.7
1082170 406.9
1082180 406.9
1082190 407.1
1082200 407.5
1082210 407.5
1082220 407.8
1082230 407.8
1082240 407.8
1082250 407.8
1082260 407.7
1082270 407.7
1082280 407.7
1082290 407.8
1082300 407.8
1082310 407.9
1082320 408.1
1082330 408.1
1082340 408.1
1082350 408.3
1082360 408.3
1082370 408.4
1082380 408.6
1082390 408.6
1082400 408.8
1082410 408.9
1082420 409.0
1082430 409.0
1082440 409.2
1082450 409.2
1082460 409.2
1082470 409.3
1082480 409.3
1082490 409.3
1082500 409.2
1082510 409.2
1082520 409.2
1082530 409.4
1082540 409.8
1082550 409.8
1082560 409.8
1082570 409.8
1082580 409.8
1082590 409.7
1082600 409.6
1082610 409.6
1082620 409.6
1082630 409.6
1082640 409.6
1082650 409.7
1082660 409.7
1082670 409.7
1082680 409.6
1082690 409.4
1082700 409.4
1082710 409.4
1082720 409.7
1082730 409.7
1082740 409.7
1082750 409.9
1082760 409.9
1082770 409.9
1082780 409.9
1082790 410.1
1082800 410.1
1082810 409.9
1082820 409.7
1082830 409.7
1082840 410.0
1082850 410.3
1082860 410.3
1082870 410.3
1082880 410.2
1082890 410.2
1082900 410.5
1082910 410.4
1082920 410.4
1082930 410.4
1082940 410.5
1082950 410.5
1082960 410.7
1082970 410.6
1082980 410.6
1082990 410.7
1083000 410.9
1083010 410.9
1083020 410.9
1083030 411.0
1083040 411.0
1083050 411.1
1083060 411.1
1083070 411.1
1083080 411.1
1083090 411.1
1083100 411.6
1083110 411.6
1083120 411.7
1083130 411.7
1083140 411.7
1083150 411.8
1083160 411.7
1083170 411.7
1083180 411.8
1083190 411.8
1083200 411.8
1083210 411.8
1083220 411.8
1083230 411.8
1083240 411.6
1083250 411.9
1083260 411.9
1083270 412.0
1083280 411.7
1083290 411.7
1083300 411.3
1083310 411.0
1083320 411.0
1083330 410.9
1083340 411.2
1083350 411.2
1083360 411.4
1083370 411.3
1083380 411.3
1083390 411.3
1083400 411.5
1083410 411.5
1083420 411.8
1083430 412.6
1083440 412.6
1083450 412.9
1083460 412.5
1083470 412.0
1083480 412.0
1083490 411.8
1083500 411.9
1083510 411.9
1083520 412.4
1083530 412.4
1083540 412.4
1083550 412.4
1083560 412.3
1083570 412.3
1083580 412.3
1083590 412.3
1083600 412.3
1083610 412.5
1083620 412.5
1083630 412.5
1083640 412.5
1083650 412.5
1083660 412.5
1083670 412.6
1083680 412.5
1083690 412.5
1083700 412.4
1083710 412.5
1083720 412.5
1083730 412.5
1083740 412.5
1083750 412.5
1083760 412.5
1083770 412.5
1083780 412.5
1083790 412.4
1083800 412.4
1083810 412.3
1083820 412.3
1083830 412.3
1083840 412.3
1083850 412.3
1083860 412.4
1083870 412.6
1083880 412.6
1083890 412.7
1083900 412.6
1083910 412.6
1083920 412.5
1083930 412.6
1083940 412.6
1083950 412.6
1083960 412.7
1083970 412.7
1083980 412.8
1083990 412.9
1084000 412.9
1084010 413.1
1084020 413.1
1084030 413.2
1084040 413.1
1084050 413.0
1084060 413.0
1084070 412.9
1084080 412.8
1084090 412.8
1084100 412.9
1084110 412.9
1084120 412.9
1084130 413.0
1084140 413.2
1084150 413.3
1084160 413.3
1084170 413.8
1084180 415.8
1084190 415.8
1084200 416.6
1084210 412.5
1084220 412.5
1084230 412.0
1084240 412.2
1084250 412.2
1084260 412.6
1084270 413.3
1084280 413.3
1084290 413.5
1084300 414.7
1084310 414.7
1084320 416.9
1084330 414.6
1084340 414.6
1084350 413.7
1084360 413.7
1084370 413.7
1084380 413.9
1084390 414.0
1084400 414.0
1084410 414.1
1084420 414.0
1084430 414.0
1084440 413.9
1084450 413.9
1084460 413.9
1084470 413.9
1084480 414.0
1084490 414.0
1084500 414.3
1084510 414.4
1084520 414.4
1084530 414.4
1084540 414.3
1084550 414.4
1084560 414.4
1084570 414.4
1084580 414.5
1084590 414.5
1084600 415.2
1084610 415.3
1084620 415.3
1084630 415.3
1084640 414.9
1084650 414.9
1084660 414.3
1084670 414.5
1084680 414.5
1084690 414.5
1084700 414.7
1084710 414.7
1084720 414.7
1084730 414.8
1084740 414.8
1084750 414.9
1084760 415.2
1084770 415.2
1084780 415.3
1084790 415.6
1084800 415.6
1084810 415.3
1084820 415.0
1084830 415.0
1084840 414.8
1084850 414.8
1084860 415.2
1084870 415.2
1084880 415.8
1084890 415.4
1084900 415.4
1084910 415.2
1084920 415.2
1084930 415.2
1084940 415.1
1084950 415.1
1084960 415.1
1084970 415.1
1084980 415.2
1084990 415.2
1085000 415.3
1085010 415.3
1085020 415.3
1085030 415.1
1085040 415.2
1085050 415.2
1085060 415.4
1085070 415.6
1085080 415.6
1085090 415.5
1085100 415.4
1085110 415.4
1085120 415.1
1085130 415.1
1085140 415.1
1085150 415.2
1085160 415.3
1085170 415.3
1085180 415.6
1085190 415.8
1085200 415.8
1085210 415.8
1085220 415.5
1085230 415.5
1085240 415.5
1085250 415.5
1085260 415.5
1085270 415.5
1085280 415.3
1085290 415.3
1085300 415.3
1085310 415.5
1085320 416.3
1085330 416.3
1085340 415.9
1085350 415.9
1085360 415.9
1085370 416.1
1085380 416.3
1085390 416.3
1085400 416.3
1085410 416.1
1085420 416.1
1085430 416.0
1085440 415.8
1085450 415.8
1085460 415.8
1085470 415.8
1085480 415.8
1085490 415.7
1085500 415.6
1085510 415.6
1085520 415.6
1085530 415.6
1085540 415.6
1085550 415.6
1085560 415.7
1085570 415.7
1085580 415.7
1085590 415.8
1085600 415.8
1085610 415.8
1085620 416.0
1085630 416.2
1085640 416.2
1085650 416.2
1085660 416.1
1085670 416.1
1085680 416.0
1085690 416.3
1085700 416.3
1085710 416.5
1085720 416.5
1085730 416.5
1085740 418.8
1085750 420.5
1085760 420.5
1085770 421.0
1085780 421.8
1085790 421.8
1085800 424.8
1085810 427.9
1085820 427.9
1085830 429.9
1085840 430.5
1085850 430.5
1085860 430.8
1085870 430.9
1085880 430.9
1085890 431.3
1085900 432.0
1085910 432.5
1085920 432.5
1085930 432.6
1085940 432.7
1085950 432.7
1085960 432.5
1085970 432.4
1085980 432.4
1085990 432.6
1086000 433.0
1086010 433.0
1086020 432.7
1086030 432.5
1086040 432.5
1086050 432.6
1086060 432.7
1086070 432.7
1086080 432.8
1086090 433.2
1086100 433.2
1086110 433.4
1086120 433.7
1086130 433.7
1086140 433.9
1086150 434.0
1086160 434.0
1086170 434.1
1086180 434.4
1086190 434.4
1086200 434.6
1086210 435.0
1086220 435.0
1086230 435.9
1086240 437.6
1086250 439.4
1086260 439.4
1086270 444.4
1086280 445.1
1086290 445.1
1086300 445.4
1086310 446.3
1086320 446.3
1086330 446.7
1086340 446.7
1086350 446.7
1086360 446.5
1086370 446.0
1086380 446.0
1086390 445.5
1086400 445.6
1086410 445.6
1086420 445.9
1086430 446.0
1086440 446.0
1086450 445.9
1086460 446.4
1086470 446.4
1086480 446.8
1086490 446.6
1086500 446.6
1086510 447.4
1086520 448.7
1086530 448.7
1086540 449.1
1086550 449.4
1086560 449.4
1086570 450.1
1086580 450.6
1086590 456.0
1086600 456.0
1086610 456.2
1086620 456.3
1086630 456.3
1086640 456.7
1086650 456.9
1086660 456.9
1086670 457.1
1086680 457.8
1086690 457.8
1086700 458.0
1086710 458.1
1086720 458.1
1086730 458.2
1086740 458.3
1086750 458.3
1086760 458.3
1086770 458.7
1086780 458.7
1086790 459.4
1086800 459.5
1086810 459.5
1086820 459.8
1086830 460.8
1086840 460.8
1086850 461.5
1086860 461.5
1086870 461.5
1086880 462.0
1086890 464.1
1086900 464.1
1086910 464.8
1086920 465.0
1086930 465.0
1086940 463.5
1086950 457.0
1086960 452.0
1086970 452.0
1086980 447.1
1086990 443.1
1087000 443.1
1087010 441.5
1087020 440.6
1087030 440.6
1087040 439.8
1087050 436.8
1087060 436.8
1087070 433.2
1087080 430.1
1087090 430.1
1087100 428.1
1087110 427.7
1087120 427.7
1087130 426.7
1087140 424.5
1087150 424.5
1087160 422.1
1087170 419.9
1087180 419.9
1087190 418.9
1087200 418.3
1087210 418.3
1087220 418.1
1087230 421.6
1087240 421.6
1087250 420.1
1087260 420.0
1087270 420.0
1087280 420.0
1087290 419.4
1087300 419.5
1087310 419.5
1087320 419.0
1087330 418.8
1087340 418.8
1087350 418.2
1087360 418.5
1087370 418.5
1087380 418.7
1087390 418.7
1087400 418.7
1087410 418.5
1087420 418.4
1087430 418.4
1087440 418.6
1087450 419.5
1087460 419.5
1087470 419.4
1087480 419.1
1087490 419.1
1087500 419.3
1087510 419.9
1087520 419.9
1087530 420.6
1087540 421.5
1087550 424.3
1087560 424.8
1087570 426.3
1087580 426.3
1087590 429.5
1087600 431.8
1087610 431.8
1087620 431.0
1087630 430.7
1087640 430.5
1087650 430.5
1087660 430.7
1087670 430.0
1087680 430.0
1087690 429.3
1087700 429.4
1087710 429.4
1087720 428.4
1087730 427.0
1087740 427.0
1087750 424.8
1087760 423.0
1087770 423.0
1087780 423.1
1087790 427.8
1087800 427.8
1087810 431.5
1087820 433.4
1087830 433.4
1087840 434.8
1087850 436.9
1087860 436.9
1087870 437.2
1087880 441.5
1087890 441.5
1087900 441.9
1087910 443.9
1087920 443.9
1087930 448.2
1087940 450.9
1087950 450.9
1087960 455.5
1087970 455.6
1087980 455.6
1087990 453.0
1088000 457.5
1088010 461.5
1088020 461.5
1088030 456.9
1088040 451.3
1088050 451.3
1088060 451.1
1088070 450.8
1088080 450.8
1088090 450.8
1088100 451.4
1088110 451.4
1088120 452.6
1088130 453.1
1088140 453.1
1088150 452.7
1088160 452.7
1088170 452.7
1088180 456.1
1088190 459.5
1088200 461.3
1088210 465.2
1088220 466.5
1088230 466.5
1088240 467.4
1088250 470.0
1088260 470.0
1088270 473.5
1088280 475.0
1088290 475.0
1088300 477.4
1088310 477.8
1088320 477.8
1088330 475.8
1088340 476.9
1088350 478.0
1088360 478.0
1088370 477.3
1088380 478.5
1088390 478.5
1088400 480.5
1088410 482.0
1088420 482.0
1088430 483.4
1088440 485.3
1088450 485.3
1088460 486.8
1088470 488.0
1088480 488.0
1088490 489.5
1088500 490.3
1088510 490.3
1088520 495.0
1088530 497.5
1088540 497.5
1088550 500.5
1088560 502.5
1088570 502.5
1088580 505.3
1088590 509.0
1088600 509.0
1088610 511.1
1088620 513.1
1088630 513.1
1088640 515.0
1088650 518.6
1088660 518.6
1088670 521.7
1088680 525.2
1088690 528.5
1088700 528.5
1088710 530.6
1088720 531.4
1088730 531.4
1088740 530.3
1088750 528.9
1088760 528.9
1088770 535.1
1088780 539.5
1088790 539.5
1088800 540.1
1088810 541.9
1088820 541.9
1088830 544.3
1088840 552.5
1088850 552.5
1088860 554.4
1088870 558.2
1088880 558.2
1088890 561.9
1088900 564.0
1088910 564.0
1088920 565.1
1088930 567.6
1088940 567.6
1088950 570.3
1088960 573.3
1088970 573.3
1088980 576.9
1088990 576.2
1089000 576.2
1089010 572.9
1089020 576.3
1089030 576.3
1089040 581.3
1089050 583.5
1089060 584.8
1089070 584.8
1089080 588.5
1089090 589.2
1089100 589.2
1089110 590.4
1089120 592.9
1089130 592.9
1089140 593.7
1089150 594.8
1089160 594.8
1089170 601.7
1089180 603.3
1089190 603.3
1089200 604.0
1089210 604.4
1089220 604.4
1089230 605.0
1089240 605.1
1089250 605.1
1089260 605.1
1089270 605.3
1089280 605.3
1089290 605.2
1089300 608.3
1089310 608.3
1089320 612.6
1089330 614.5
1089340 614.5
1089350 616.3
1089360 619.3
1089370 619.3
1089380 619.3
1089390 614.8
1089400 612.3
1089410 612.3
1089420 612.1
1089430 613.0
1089440 613.0
1089450 616.8
1089460 619.2
1089470 619.2
1089480 619.6
1089490 623.4
1089500 623.4
1089510 624.7
1089520 625.8
1089530 625.8
1089540 628.6
1089550 631.8
1089560 631.8
1089570 636.5
1089580 639.8
1089590 639.8
1089600 641.8
1089610 643.7
1089620 643.7
1089630 645.5
1089640 647.0
1089650 647.0
1089660 648.7
1089670 651.1
1089680 651.1
1089690 653.4
1089700 655.7
1089710 655.7
1089720 659.1
1089730 661.0
1089740 662.3
1089750 662.3
1089760 664.8
1089770 666.7
1089780 666.7
1089790 669.0
1089800 671.5
1089810 676.5
1089820 678.8
1089830 680.6
1089840 680.6
1089850 682.2
1089860 683.9
1089870 683.9
1089880 687.1
1089890 689.4
1089900 689.4
1089910 691.7
1089920 693.6
1089930 693.6
1089940 695.5
1089950 696.6
1089960 696.6
1089970 696.8
1089980 696.4
1089990 696.4
1090000 695.6
1090010 695.9
1090020 695.9
1090030 696.1
1090040 695.2
1090050 695.2
1090060 694.5
1090070 694.6
1090080 694.6
1090090 693.7
1090100 692.7
1090110 691.9
1090120 691.9
1090130 691.3
1090140 690.7
1090150 690.7
1090160 684.0
1090170 675.9
1090180 675.9
1090190 669.2
1090200 663.3
1090210 663.3
1090220 664.3
1090230 667.0
1090240 667.0
1090250 668.9
1090260 671.3
1090270 671.3
1090280 671.8
1090290 664.9
1090300 664.9
1090310 659.2
1090320 660.8
1090330 660.8
1090340 663.1
1090350 664.6
1090360 664.6
1090370 665.7
1090380 664.6
1090390 664.6
1090400 664.5
1090410 661.1
1090420 661.1
1090430 657.6
1090440 653.8
1090450 649.9
1090460 654.4
1090470 644.1
1090480 643.8
1090490 643.8
1090500 654.8
1090510 658.6
1090520 658.6
1090530 659.0
1090540 656.4
1090550 656.4
1090560 659.8
1090570 664.3
1090580 664.3
1090590 665.7
1090600 671.2
1090610 671.2
1090620 676.5
1090630 677.9
1090640 677.9
1090650 681.2
1090660 685.7
1090670 685.7
1090680 689.3
1090690 698.9
1090700 698.9
1090710 704.7
1090720 708.2
1090730 708.2
1090740 712.6
1090750 718.4
1090760 718.4
1090770 721.5
1090780 723.5
1090790 727.3
1090800 727.3
1090810 729.7
1090820 733.5
1090830 733.5
1090840 736.8
1090850 739.3
1090860 739.3
1090870 740.7
1090880 741.3
1090890 741.3
1090900 742.0
1090910 743.5
1090920 743.5
1090930 745.8
1090940 748.8
1090950 748.8
1090960 751.6
1090970 753.8
1090980 753.8
1090990 755.8
1091000 757.6
1091010 757.6
1091020 759.1
1091030 760.1
1091040 760.1
1091050 760.8
1091060 762.8
1091070 762.8
1091080 764.7
1091090 766.0
1091100 766.0
1091110 773.4
1091120 777.8
1091130 777.8
1091140 781.3
1091150 782.7
1091160 782.9
1091170 782.9
1091180 783.6
1091190 788.8
1091200 788.8
1091210 790.2
1091220 791.0
1091230 791.0
1091240 791.4
1091250 792.8
1091260 792.8
1091270 793.7
1091280 793.8
1091290 793.8
1091300 795.8
1091310 797.5
1091320 797.5
1091330 799.2
1091340 800.8
1091350 800.8
1091360 801.1
1091370 800.9
1091380 800.9
1091390 801.9
1091400 803.1
1091410 803.1
1091420 805.6
1091430 810.7
1091440 810.7
1091450 811.0
1091460 811.0
1091470 811.0
1091480 811.0
1091490 811.1
1091500 811.3
1091510 811.3
1091520 810.4
1091530 803.0
1091540 803.0
1091550 799.8
1091560 796.1
1091570 796.1
1091580 805.0
1091590 810.8
1091600 810.8
1091610 816.7
1091620 823.0
1091630 823.0
1091640 828.1
1091650 832.4
1091660 832.4
1091670 836.0
1091680 839.4
1091690 839.4
1091700 842.7
1091710 846.2
1091720 846.2
1091730 849.8
1091740 853.5
1091750 853.5
1091760 857.8
1091770 861.6
1091780 861.6
1091790 864.7
1091800 866.9
1091810 866.9
1091820 869.2
1091830 872.5
1091840 876.8
1091850 876.8
1091860 880.3
1091870 883.8
1091880 883.8
1091890 887.3
1091900 890.2
1091910 890.2
1091920 896.1
1091930 897.7
1091940 897.7
1091950 898.6
1091960 899.2
1091970 899.2
1091980 899.2
1091990 899.4
1092000 899.4
1092010 901.3
1092020 903.4
1092030 903.4
1092040 905.1
1092050 907.4
1092060 907.4
1092070 909.7
1092080 912.0
1092090 917.5
1092100 920.2
1092110 922.7
1092120 922.7
1092130 925.0
1092140 926.7
1092150 926.7
1092160 927.3
1092170 925.9
1092180 925.9
1092190 920.2
1092200 914.4
1092210 908.8
1092220 908.8
1092230 902.7
1092240 897.0
1092250 897.0
1092260 892.6
1092270 888.5
1092280 888.5
1092290 884.7
1092300 880.9
1092310 880.9
1092320 877.3
1092330 873.5
1092340 873.5
1092350 867.7
1092360 860.7
1092370 860.7
1092380 855.4
1092390 850.1
1092400 850.1
1092410 847.4
1092420 848.2
1092430 848.2
1092440 850.9
1092450 852.6
1092460 852.6
1092470 853.8
1092480 853.5
1092490 853.5
1092500 852.7
1092510 853.3
1092520 853.3
1092530 854.8
1092540 856.8
1092550 858.4
1092560 858.4
1092570 860.2
1092580 858.4
1092590 858.4
1092600 855.0
1092610 851.7
1092620 851.7
1092630 848.7
1092640 845.7
1092650 845.7
1092660 841.4
1092670 837.9
1092680 837.9
1092690 834.5
1092700 831.2
1092710 831.2
1092720 827.8
1092730 824.1
1092740 823.7
1092750 820.1
1092760 817.4
1092770 817.4
1092780 814.0
1092790 811.6
1092800 811.6
1092810 807.9
1092820 802.3
1092830 802.3
1092840 795.1
1092850 794.1
1092860 794.1
1092870 792.4
1092880 794.4
1092890 800.3
1092900 800.3
1092910 803.3
1092920 804.1
1092930 804.1
1092940 804.7
1092950 805.3
1092960 805.3
1092970 805.3
1092980 807.4
1092990 807.4
1093000 809.6
1093010 811.2
1093020 811.2
1093030 812.1
1093040 812.7
1093050 812.7
1093060 814.7
1093070 813.8
1093080 813.8
1093090 809.8
1093100 807.2
1093110 807.2
1093120 806.5
1093130 806.9
1093140 806.9
1093150 808.7
1093160 811.1
1093170 811.1
1093180 813.0
1093190 814.2
1093200 814.2
1093210 816.4
1093220 818.1
1093230 818.1
1093240 818.4
1093250 818.4
1093260 818.9
1093270 818.9
1093280 819.3
1093290 819.7
1093300 819.7
1093310 820.5
1093320 821.0
1093330 821.0
1093340 820.6
1093350 819.6
1093360 819.6
1093370 817.6
1093380 815.3
1093390 814.2
1093400 811.6
1093410 809.6
1093420 809.6
1093430 807.6
1093440 804.8
1093450 804.8
1093460 801.6
1093470 798.7
1093480 798.7
1093490 796.5
1093500 794.3
1093510 794.3
1093520 791.9
1093530 789.2
1093540 789.2
1093550 786.1
1093560 782.7
1093570 782.7
1093580 779.6
1093590 774.6
1093600 766.8
1093610 766.8
1093620 761.1
1093630 756.9
1093640 756.9
1093650 754.1
1093660 754.3
1093670 754.3
1093680 756.1
1093690 758.0
1093700 758.0
1093710 758.6
1093720 764.5
1093730 764.5
1093740 763.4
1093750 761.6
1093760 761.6
1093770 756.5
1093780 749.0
1093790 749.0
1093800 744.5
1093810 747.1
1093820 747.1
1093830 749.8
1093840 751.9
1093850 751.9
1093860 753.3
1093870 754.2
1093880 754.2
1093890 754.6
1093900 754.7
1093910 754.7
1093920 755.0
1093930 755.4
1093940 755.6
1093950 755.6
1093960 756.2
1093970 756.2
1093980 756.2
1093990 756.4
1094000 756.1
1094010 756.1
1094020 757.2
1094030 757.2
1094040 759.4
1094050 759.1
1094060 757.9
1094070 757.9
1094080 755.6
1094090 753.1
1094100 753.1
1094110 751.0
1094120 749.7
1094130 749.7
1094140 749.0
1094150 748.1
1094160 748.1
1094170 748.2
1094180 748.1
1094190 748.1
1094200 747.8
1094210 747.8
1094220 747.8
1094230 747.6
1094240 746.9
1094250 746.9
1094260 745.8
1094270 744.5
1094280 743.6
1094290 743.6
1094300 742.8
1094310 742.0
1094320 742.0
1094330 741.1
1094340 740.2
1094350 740.2
1094360 739.5
1094370 739.9
1094380 739.9
1094390 738.8
1094400 736.5
1094410 736.5
1094420 733.7
1094430 731.2
1094440 731.2
1094450 729.9
1094460 729.6
1094470 729.6
1094480 729.2
1094490 728.4
1094500 728.4
1094510 727.5
1094520 726.3
1094530 726.3
1094540 724.8
1094550 722.6
1094560 722.6
1094570 720.3
1094580 718.2
1094590 718.2
1094600 716.0
1094610 714.4
1094620 714.4
1094630 713.5
1094640 709.7
1094650 703.7
1094660 703.7
1094670 699.7
1094680 696.5
1094690 696.5
1094700 693.4
1094710 689.6
1094720 689.6
1094730 685.6
1094740 682.7
1094750 682.7
1094760 680.6
1094770 678.9
1094780 678.9
1094790 677.9
1094800 677.6
1094810 677.6
1094820 676.1
1094830 673.3
1094840 673.3
1094850 670.6
1094860 667.9
1094870 667.9
1094880 666.1
1094890 663.5
1094900 663.5
1094910 659.4
1094920 655.1
1094930 655.1
1094940 650.9
1094950 648.2
1094960 648.2
1094970 647.2
1094980 646.2
1094990 644.8
1095000 644.8
1095010 642.6
1095020 639.4
1095030 638.8
1095040 637.3
1095050 634.5
1095060 634.5
1095070 631.6
1095080 629.6
1095090 629.6
1095100 628.1
1095110 627.1
1095120 627.1
1095130 626.3
1095140 626.7
1095150 626.7
1095160 626.7
1095170 626.6
1095180 626.6
1095190 625.8
1095200 623.8
1095210 623.8
1095220 620.4
1095230 616.0
1095240 616.0
1095250 612.6
1095260 610.9
1095270 610.9
1095280 610.4
1095290 610.4
1095300 610.4
1095310 609.6
1095320 606.6
1095330 604.4
1095340 604.4
1095350 602.6
1095360 601.6
1095370 601.6
1095380 599.0
1095390 597.0
1095400 597.0
1095410 595.8
1095420 594.3
1095430 594.3
1095440 592.7
1095450 590.9
1095460 590.9
1095470 588.8
1095480 586.5
1095490 586.5
1095500 584.4
1095510 582.7
1095520 582.7
1095530 580.5
1095540 578.1
1095550 578.1
1095560 576.3
1095570 574.7
1095580 574.7
1095590 573.3
1095600 571.4
1095610 571.4
1095620 569.1
1095630 566.7
1095640 566.7
1095650 565.3
1095660 562.7
1095670 562.7
1095680 561.0
1095690 558.0
1095700 554.0
1095710 554.0
1095720 550.0
1095730 547.3
1095740 547.3
1095750 544.1
1095760 541.7
1095770 541.7
1095780 539.6
1095790 536.7
1095800 536.7
1095810 534.7
1095820 532.2
1095830 532.2
1095840 529.0
1095850 526.1
1095860 526.1
1095870 520.4
1095880 515.5
1095890 515.5
1095900 512.2
1095910 508.6
1095920 508.6
1095930 505.6
1095940 504.1
1095950 504.1
1095960 502.3
1095970 499.2
1095980 499.2
1095990 496.5
1096000 493.1
1096010 490.7
1096020 486.1
1096030 482.1
1096040 479.0
1096050 479.0
1096060 475.1
1096070 470.8
1096080 470.8
1096090 467.8
1096100 459.8
1096110 459.8
1096120 456.4
1096130 456.4
1096140 456.4
1096150 456.4
1096160 456.4
1096170 456.4
1096180 456.4
1096190 457.3
1096200 457.3
1096210 459.3
1096220 459.5
1096230 459.5
1096240 459.1
1096250 459.9
1096260 459.9
1096270 463.1
1096280 466.5
1096290 466.5
1096300 468.5
1096310 469.7
1096320 469.7
1096330 471.1
1096340 471.9
1096350 471.9
1096360 476.9
1096370 478.9
1096380 479.6
1096390 479.6
1096400 479.7
1096410 479.5
1096420 479.5
1096430 479.3
1096440 479.4
1096450 479.4
1096460 480.1
1096470 481.2
1096480 481.2
1096490 483.5
1096500 487.7
1096510 487.7
1096520 491.5
1096530 492.8
1096540 492.8
1096550 492.5
1096560 492.3
1096570 492.3
1096580 491.8
1096590 490.6
1096600 490.6
1096610 488.4
1096620 484.7
1096630 484.7
1096640 481.9
1096650 480.6
1096660 480.6
1096670 477.7
1096680 475.6
1096690 475.6
1096700 473.3
1096710 471.2
1096720 467.9
1096730 467.9
1096740 464.5
1096750 461.8
1096760 461.8
1096770 458.3
1096780 457.7
1096790 457.7
1096800 457.7
1096810 458.0
1096820 458.0
1096830 459.2
1096840 461.8
1096850 461.8
1096860 463.3
1096870 463.6
1096880 463.6
1096890 462.6
1096900 462.6
1096910 462.6
1096920 461.9
1096930 462.1
1096940 462.1
1096950 462.6
1096960 463.2
1096970 463.2
1096980 463.7
1096990 463.8
1097000 462.4
1097010 463.6
1097020 463.5
1097030 463.5
1097040 461.4
1097050 459.7
1097060 459.7
1097070 459.5
1097080 459.6
1097090 459.7
1097100 459.7
1097110 460.6
1097120 464.0
1097130 464.0
1097140 467.6
1097150 474.6
1097160 474.6
1097170 482.0
1097180 488.7
1097190 488.7
1097200 489.7
1097210 493.5
1097220 493.5
1097230 498.3
1097240 498.0
1097250 498.0
1097260 496.4
1097270 494.3
1097280 494.3
1097290 494.0
1097300 494.9
1097310 494.9
1097320 493.3
1097330 498.5
1097340 498.5
1097350 499.2
1097360 504.8
1097370 504.8
1097380 509.5
1097390 510.5
1097400 510.5
1097410 513.6
1097420 516.2
1097430 516.6
1097440 516.6
1097450 517.9
1097460 518.7
1097470 518.7
1097480 519.3
1097490 520.7
1097500 520.7
1097510 522.6
1097520 522.5
1097530 522.5
1097540 522.8
1097550 525.7
1097560 525.7
1097570 529.5
1097580 533.2
1097590 533.2
1097600 534.3
1097610 535.5
1097620 535.5
1097630 537.9
1097640 539.0
1097650 539.0
1097660 542.0
1097670 542.7
1097680 542.7
1097690 547.1
1097700 554.1
1097710 554.1
1097720 561.9
1097730 567.2
1097740 567.2
1097750 575.3
1097760 579.7
1097770 578.5
1097780 578.5
1097790 576.1
1097800 576.7
1097810 576.7
1097820 580.5
1097830 584.9
1097840 584.9
1097850 588.4
1097860 593.3
1097870 593.3
1097880 599.1
1097890 603.7
1097900 603.7
1097910 610.3
1097920 613.5
1097930 613.5
1097940 613.8
1097950 614.2
1097960 614.2
1097970 615.5
1097980 617.4
1097990 615.6
1098000 615.4
1098010 614.8
1098020 614.8
1098030 614.4
1098040 614.3
1098050 614.3
1098060 614.2
1098070 614.2
1098080 614.2
1098090 614.1
1098100 613.9
1098110 613.7
1098120 613.7
1098130 613.6
1098140 613.4
1098150 613.4
1098160 613.1
1098170 613.0
1098180 613.0
1098190 613.4
1098200 613.6
1098210 613.6
1098220 613.7
1098230 613.6
1098240 613.6
1098250 613.2
1098260 613.2
1098270 613.2
1098280 613.4
1098290 613.8
1098300 613.8
1098310 614.2
1098320 614.4
1098330 614.4
1098340 614.3
1098350 614.1
1098360 614.1
1098370 613.7
1098380 614.2
1098390 614.2
1098400 614.4
1098410 614.6
1098420 614.6
1098430 614.7
1098440 614.4
1098450 614.4
1098460 614.4
1098470 614.6
1098480 614.7
1098490 614.7
1098500 614.6
1098510 613.7
1098520 613.7
1098530 612.9
1098540 609.7
1098550 609.7
1098560 611.0
1098570 613.9
1098580 613.9
1098590 615.1
1098600 616.2
1098610 616.2
1098620 616.9
1098630 617.3
1098640 617.3
1098650 617.6
1098660 617.9
1098670 617.9
1098680 618.2
1098690 618.4
1098700 618.4
1098710 618.8
1098720 619.4
1098730 619.4
1098740 620.0
1098750 620.4
1098760 620.4
1098770 620.8
1098780 621.2
1098790 621.2
1098800 621.8
1098810 622.3
1098820 623.1
1098830 623.1
1098840 623.8
1098850 624.5
1098860 624.5
1098870 625.2
1098880 625.6
1098890 625.6
1098900 626.0
1098910 626.7
1098920 626.7
1098930 627.1
1098940 627.6
1098950 627.6
1098960 628.0
1098970 628.4
1098980 628.4
1098990 629.2
1099000 629.6
1099010 629.6
1099020 630.0
1099030 630.2
1099040 630.2
1099050 630.5
1099060 631.0
1099070 631.0
1099080 631.4
1099090 631.4
1099100 631.4
1099110 631.4
1099120 631.4
1099130 631.4
1099140 631.6
1099150 631.9
1099160 632.2
1099170 632.2
1099180 632.7
1099190 633.2
1099200 633.2
1099210 633.3
1099220 633.3
1099230 633.3
1099240 632.9
1099250 632.9
1099260 632.9
1099270 632.8
1099280 632.7
1099290 632.7
1099300 632.7
1099310 632.8
1099320 632.7
1099330 632.9
1099340 633.1
1099350 633.1
1099360 632.8
1099370 632.8
1099380 632.8
1099390 632.7
1099400 632.6
1099410 632.6
1099420 632.4
1099430 631.8
1099440 631.8
1099450 631.5
1099460 630.7
1099470 630.7
1099480 629.7
1099490 629.6
1099500 629.6
1099510 629.8
1099520 630.1
1099530 630.5
1099540 630.5
1099550 630.8
1099560 631.0
1099570 631.0
1099580 631.3
1099590 631.6
1099600 631.6
1099610 631.9
1099620 631.8
1099630 631.8
1099640 631.8
1099650 631.7
1099660 631.7
1099670 632.0
1099680 632.4
1099690 632.4
1099700 632.6
1099710 632.8
1099720 632.8
1099730 633.0
1099740 633.2
1099750 633.2
1099760 633.3
1099770 633.5
1099780 633.5
1099790 633.9
1099800 634.1
1099810 634.1
1099820 634.1
1099830 634.2
1099840 634.2
1099850 634.2
1099860 633.9
1099870 633.8
1099880 633.8
1099890 633.8
1099900 633.6
1099910 633.6
1099920 633.6
1099930 633.8
1099940 633.8
1099950 633.4
1099960 633.0
1099970 633.0
1099980 633.0
1099990 632.6
