1080000 400.6
1080010 400.7
1080020 400.8
1080030 400.8
1080040 400.8
1080050 400.8
1080060 400.8
1080070 400.9
1080080 400.9
1080090 400.9
1080100 400.9
1080110 401.3
1080120 401.3
1080130 401.4
1080140 401.5
1080150 401.5
1080160 401.3
1080170 401.3
1080180 401.3
1080190 401.4
1080200 401.3
1080210 401.6
1080220 401.3
1080230 401.2
1080240 401.2
1080250 401.1
1080260 401.1
1080270 401.1
1080280 401.3
1080290 401.4
1080300 401.4
1080310 401.4
1080320 401.4
1080330 401.4
1080340 401.4
1080350 401.4
1080360 401.4
1080370 401.5
1080380 401.3
1080390 401.2
1080400 401.2
1080410 401.2
1080420 401.4
1080430 401.4
1080440 401.4
1080450 401.3
1080460 401.3
1080470 401.5
1080480 401.8
1080490 401.8
1080500 401.9
1080510 402.1
1080520 402.1
1080530 402.3
1080540 402.4
1080550 402.4
1080560 403.2
1080570 402.6
1080580 402.6
1080590 402.7
1080600 402.9
1080610 402.9
1080620 403.0
1080630 403.0
1080640 403.0
1080650 403.0
1080660 402.9
1080670 402.9
1080680 402.6
1080690 402.4
1080700 402.4
1080710 402.6
1080720 402.5
1080730 402.6
1080740 402.6
1080750 402.7
1080760 402.7
1080770 402.7
1080780 402.5
1080790 402.6
1080800 402.6
1080810 402.7
1080820 402.9
1080830 402.9
1080840 403.0
1080850 403.0
1080860 403.0
1080870 403.1
1080880 403.1
1080890 403.1
1080900 403.1
1080910 403.2
1080920 403.2
1080930 403.2
1080940 403.1
1080950 403.1
1080960 403.2
1080970 403.2
1080980 403.2
1080990 403.2
1081000 403.3
1081010 403.3
1081020 403.3
1081030 403.3
1081040 403.3
1081050 403.3
1081060 403.7
1081070 403.7
1081080 403.9
1081090 403.9
1081100 403.8
1081110 403.8
1081120 403.9
1081130 403.7
1081140 403.7
1081150 403.8
1081160 403.8
1081170 403.8
1081180 403.6
1081190 403.8
1081200 403.8
1081210 403.8
1081220 403.8
1081230 403.8
1081240 403.8
1081250 403.9
1081260 403.9
1081270 403.9
1081280 403.9
1081290 403.9
1081300 404.0
1081310 404.0
1081320 404.0
1081330 404.1
1081340 404.1
1081350 404.1
1081360 404.2
1081370 404.2
1081380 404.2
1081390 404.3
1081400 404.4
1081410 404.4
1081420 404.4
1081430 404.4
1081440 404.4
1081450 404.4
1081460 404.5
1081470 404.5
1081480 404.5
1081490 404.5
1081500 404.6
1081510 404.6
1081520 404.7
1081530 404.8
1081540 404.8
1081550 404.9
1081560 405.0
1081570 405.0
1081580 405.1
1081590 405.1
1081600 405.1
1081610 405.2
1081620 405.2
1081630 405.2
1081640 405.2
1081650 405.3
1081660 405.3
1081670 405.4
1081680 405.4
1081690 405.4
1081700 405.4
1081710 405.4
1081720 405.4
1081730 405.4
1081740 405.4
1081750 405.4
1081760 405.5
1081770 405.6
1081780 405.6
1081790 405.6
1081800 405.9
1081810 406.0
1081820 406.0
1081830 406.1
1081840 406.1
1081850 406.1
1081860 406.1
1081870 406.1
1081880 406.1
1081890 406.3
1081900 406.4
1081910 406.4
1081920 406.4
1081930 406.6
1081940 406.6
1081950 407.0
1081960 407.2
1081970 407.2
1081980 407.0
1081990 407.0
1082000 407.0
1082010 407.1
1082020 407.1
1082030 407.1
1082040 406.8
1082050 406.9
1082060 406.9
1082070 407.0
1082080 406.9
1082090 406.9
1082100 406.9
1082110 407.0
1082120 407.0
1082130 407.0
1082140 407.0
1082150 407.1
1082160 407.1
1082170 407.1
1082180 407.2
1082190 407.2
1082200 407.4
1082210 407.5
1082220 407.5
1082230 407.5
1082240 407.4
1082250 407.4
1082260 407.4
1082270 407.5
1082280 407.5
1082290 407.6
1082300 407.5
1082310 407.5
1082320 407.6
1082330 407.7
1082340 407.7
1082350 407.8
1082360 407.8
1082370 407.8
1082380 408.2
1082390 408.4
1082400 408.4
1082410 408.6
1082420 408.6
1082430 408.7
1082440 408.9
1082450 409.1
1082460 409.1
1082470 409.1
1082480 409.0
1082490 408.4
1082500 408.4
1082510 408.7
1082520 408.4
1082530 408.4
1082540 407.4
1082550 408.3
1082560 408.3
1082570 409.5
1082580 409.7
1082590 409.7
1082600 410.0
1082610 410.2
1082620 410.2
1082630 410.2
1082640 409.9
1082650 409.9
1082660 410.0
1082670 410.0
1082680 410.0
1082690 410.1
1082700 410.3
1082710 410.3
1082720 410.4
1082730 410.5
1082740 410.4
1082750 410.4
1082760 410.6
1082770 410.6
1082780 410.6
1082790 410.7
1082800 410.7
1082810 410.6
1082820 410.4
1082830 410.5
1082840 410.5
1082850 411.1
1082860 411.5
1082870 411.5
1082880 411.2
1082890 411.0
1082900 411.0
1082910 411.1
1082920 411.1
1082930 411.1
1082940 411.2
1082950 411.4
1082960 411.4
1082970 411.5
1082980 411.5
1082990 411.5
1083000 411.5
1083010 411.5
1083020 411.5
1083030 411.5
1083040 411.4
1083050 411.4
1083060 411.3
1083070 411.3
1083080 411.3
1083090 411.3
1083100 411.3
1083110 411.3
1083120 411.5
1083130 411.5
1083140 411.5
1083150 411.6
1083160 411.6
1083170 411.6
1083180 411.5
1083190 411.6
1083200 411.8
1083210 411.8
1083220 411.9
1083230 412.2
1083240 412.2
1083250 412.1
1083260 412.0
1083270 412.0
1083280 412.6
1083290 412.8
1083300 412.8
1083310 412.7
1083320 413.0
1083330 413.0
1083340 413.1
1083350 413.0
1083360 413.0
1083370 412.9
1083380 413.0
1083390 413.0
1083400 412.9
1083410 413.0
1083420 413.0
1083430 413.0
1083440 412.9
1083450 412.9
1083460 413.0
1083470 413.0
1083480 413.0
1083490 413.1
1083500 413.2
1083510 413.2
1083520 413.2
1083530 413.1
1083540 413.2
1083550 413.2
1083560 413.3
1083570 413.3
1083580 413.3
1083590 413.3
1083600 413.3
1083610 413.3
1083620 413.3
1083630 413.4
1083640 413.4
1083650 413.6
1083660 413.6
1083670 413.6
1083680 413.6
1083690 413.7
1083700 413.7
1083710 413.6
1083720 413.4
1083730 413.4
1083740 413.3
1083750 413.4
1083760 413.4
1083770 413.4
1083780 413.5
1083790 413.5
1083800 413.5
1083810 413.5
1083820 413.5
1083830 413.5
1083840 413.6
1083850 413.6
1083860 413.5
1083870 413.4
1083880 413.4
1083890 413.3
1083900 413.4
1083910 413.4
1083920 413.4
1083930 413.6
1083940 413.7
1083950 413.7
1083960 413.8
1083970 413.8
1083980 413.8
1083990 413.9
1084000 414.0
1084010 414.0
1084020 414.0
1084030 414.1
1084040 414.1
1084050 414.1
1084060 414.1
1084070 414.1
1084080 414.1
1084090 414.2
1084100 414.2
1084110 414.3
1084120 414.5
1084130 414.5
1084140 414.7
1084150 414.7
1084160 414.7
1084170 414.7
1084180 414.7
1084190 414.7
1084200 414.9
1084210 415.5
1084220 415.5
1084230 417.3
1084240 417.0
1084250 413.5
1084260 413.5
1084270 413.3
1084280 413.1
1084290 413.1
1084300 413.3
1084310 414.8
1084320 414.8
1084330 415.1
1084340 415.0
1084350 415.0
1084360 415.2
1084370 415.3
1084380 415.3
1084390 415.4
1084400 415.8
1084410 415.8
1084420 416.6
1084430 417.9
1084440 417.9
1084450 418.1
1084460 416.3
1084470 416.3
1084480 415.4
1084490 415.0
1084500 415.0
1084510 415.1
1084520 415.1
1084530 415.1
1084540 415.2
1084550 415.1
1084560 415.1
1084570 415.2
1084580 415.2
1084590 415.2
1084600 415.2
1084610 415.2
1084620 415.2
1084630 415.2
1084640 415.3
1084650 415.3
1084660 415.3
1084670 415.4
1084680 415.4
1084690 415.4
1084700 415.5
1084710 415.6
1084720 415.6
1084730 415.8
1084740 415.7
1084750 415.7
1084760 415.7
1084770 415.8
1084780 415.8
1084790 415.9
1084800 415.9
1084810 415.9
1084820 416.0
1084830 416.2
1084840 416.2
1084850 416.2
1084860 416.5
1084870 416.5
1084880 416.9
1084890 417.1
1084900 417.1
1084910 416.8
1084920 416.6
1084930 416.6
1084940 416.5
1084950 415.9
1084960 415.7
1084970 415.7
1084980 416.4
1084990 416.1
1085000 416.1
1085010 416.1
1085020 416.4
1085030 416.4
1085040 416.3
1085050 416.4
1085060 416.4
1085070 416.5
1085080 416.5
1085090 416.5
1085100 416.4
1085110 416.5
1085120 416.5
1085130 416.8
1085140 417.2
1085150 417.2
1085160 417.2
1085170 417.0
1085180 417.0
1085190 417.0
1085200 417.0
1085210 417.0
1085220 416.9
1085230 416.8
1085240 416.8
1085250 416.8
1085260 416.8
1085270 416.8
1085280 416.9
1085290 416.9
1085300 417.0
1085310 417.0
1085320 417.1
1085330 417.1
1085340 417.1
1085350 416.9
1085360 416.8
1085370 416.8
1085380 416.9
1085390 417.0
1085400 417.0
1085410 417.0
1085420 416.9
1085430 416.9
1085440 416.8
1085450 416.8
1085460 416.8
1085470 417.1
1085480 417.4
1085490 417.4
1085500 417.3
1085510 417.3
1085520 417.3
1085530 417.2
1085540 417.0
1085550 417.0
1085560 416.8
1085570 416.8
1085580 416.8
1085590 416.9
1085600 417.0
1085610 417.0
1085620 417.0
1085630 417.1
1085640 417.3
1085650 417.3
1085660 417.9
1085670 418.3
1085680 418.3
1085690 418.0
1085700 417.9
1085710 417.9
1085720 417.9
1085730 417.9
1085740 417.9
1085750 418.0
1085760 418.0
1085770 418.0
1085780 417.9
1085790 418.0
1085800 418.0
1085810 418.3
1085820 418.2
1085830 418.2
1085840 418.3
1085850 418.3
1085860 418.3
1085870 418.7
1085880 421.3
1085890 421.3
1085900 426.5
1085910 429.0
1085920 429.0
1085930 432.1
1085940 432.5
1085950 432.5
1085960 432.5
1085970 432.4
1085980 432.4
1085990 432.5
1086000 432.6
1086010 432.9
1086020 432.9
1086030 433.0
1086040 433.4
1086050 433.4
1086060 433.5
1086070 433.6
1086080 433.6
1086090 433.6
1086100 433.7
1086110 433.7
1086120 434.2
1086130 434.2
1086140 434.2
1086150 434.0
1086160 434.0
1086170 434.0
1086180 434.1
1086190 434.2
1086200 434.2
1086210 434.4
1086220 434.4
1086230 434.4
1086240 434.5
1086250 434.5
1086260 434.5
1086270 434.6
1086280 434.6
1086290 434.6
1086300 434.6
1086310 433.9
1086320 433.9
1086330 429.2
1086340 424.3
1086350 422.8
1086360 422.8
1086370 422.0
1086380 421.4
1086390 421.4
1086400 421.4
1086410 421.4
1086420 421.4
1086430 421.4
1086440 421.4
1086450 421.4
1086460 421.4
1086470 422.1
1086480 422.1
1086490 422.6
1086500 422.6
1086510 422.6
1086520 422.4
1086530 422.0
1086540 422.0
1086550 420.3
1086560 417.8
1086570 417.8
1086580 418.4
1086590 416.3
1086600 416.3
1086610 416.0
1086620 416.0
1086630 416.0
1086640 416.1
1086650 416.1
1086660 416.1
1086670 416.0
1086680 416.1
1086690 416.1
1086700 416.1
1086710 416.1
1086720 416.6
1086730 416.6
1086740 418.8
1086750 419.4
1086760 419.4
1086770 419.7
1086780 419.9
1086790 419.9
1086800 420.5
1086810 424.0
1086820 424.0
1086830 424.6
1086840 424.7
1086850 424.7
1086860 424.7
1086870 424.7
1086880 424.7
1086890 424.7
1086900 424.6
1086910 424.6
1086920 424.8
1086930 425.6
1086940 425.6
1086950 426.2
1086960 426.4
1086970 426.4
1086980 426.7
1086990 426.8
1087000 426.8
1087010 426.8
1087020 426.8
1087030 426.8
1087040 426.8
1087050 426.4
1087060 427.0
1087070 427.0
1087080 428.1
1087090 428.8
1087100 428.8
1087110 428.9
1087120 430.0
1087130 430.0
1087140 431.7
1087150 433.4
1087160 433.4
1087170 436.1
1087180 438.1
1087190 438.1
1087200 440.8
1087210 446.5
1087220 446.3
1087230 452.8
1087240 459.9
1087250 459.9
1087260 466.6
1087270 471.5
1087280 471.5
1087290 473.4
1087300 474.8
1087310 474.8
1087320 476.4
1087330 478.0
1087340 478.0
1087350 478.6
1087360 479.1
1087370 479.1
1087380 479.8
1087390 480.6
1087400 481.5
1087410 481.5
1087420 482.5
1087430 483.3
1087440 483.3
1087450 484.0
1087460 484.9
1087470 484.9
1087480 486.0
1087490 487.0
1087500 487.0
1087510 487.9
1087520 489.0
1087530 489.0
1087540 490.5
1087550 491.7
1087560 491.7
1087570 492.6
1087580 493.4
1087590 493.4
1087600 494.3
1087610 495.2
1087620 495.2
1087630 496.2
1087640 497.3
1087650 497.3
1087660 498.6
1087670 500.2
1087680 500.2
1087690 501.5
1087700 503.1
1087710 503.1
1087720 504.4
1087730 505.9
1087740 507.8
1087750 507.8
1087760 510.0
1087770 512.4
1087780 512.4
1087790 515.1
1087800 517.0
1087810 517.0
1087820 518.9
1087830 520.8
1087840 520.8
1087850 522.5
1087860 526.5
1087870 526.5
1087880 524.8
1087890 524.1
1087900 524.1
1087910 525.2
1087920 527.9
1087930 527.9
1087940 528.5
1087950 529.3
1087960 529.3
1087970 528.9
1087980 521.7
1087990 521.7
1088000 518.1
1088010 521.0
1088020 521.0
1088030 525.6
1088040 527.0
1088050 527.0
1088060 526.8
1088070 524.6
1088080 524.6
1088090 519.4
1088100 512.6
1088110 505.2
1088120 505.2
1088130 506.7
1088140 511.7
1088150 511.7
1088160 513.8
1088170 512.1
1088180 512.1
1088190 500.5
1088200 496.3
1088210 496.3
1088220 491.8
1088230 488.2
1088240 488.2
1088250 487.8
1088260 487.1
1088270 487.1
1088280 483.4
1088290 476.5
1088300 476.5
1088310 470.9
1088320 465.2
1088330 465.2
1088340 458.7
1088350 452.6
1088360 452.6
1088370 449.4
1088380 446.4
1088390 446.4
1088400 444.9
1088410 443.5
1088420 443.5
1088430 442.0
1088440 439.6
1088450 435.4
1088460 435.4
1088470 431.4
1088480 428.3
1088490 428.3
1088500 425.4
1088510 424.9
1088520 424.9
1088530 424.8
1088540 424.7
1088550 424.7
1088560 424.7
1088570 424.8
1088580 424.8
1088590 424.7
1088600 425.4
1088610 425.4
1088620 427.5
1088630 432.6
1088640 432.6
1088650 440.4
1088660 444.8
1088670 444.8
1088680 442.6
1088690 440.8
1088700 440.8
1088710 444.0
1088720 446.2
1088730 446.2
1088740 452.0
1088750 454.2
1088760 454.2
1088770 456.2
1088780 461.9
1088790 466.6
1088800 466.6
1088810 468.7
1088820 468.7
1088830 474.1
1088840 473.9
1088850 475.5
1088860 475.5
1088870 478.6
1088880 481.6
1088890 481.6
1088900 484.7
1088910 487.7
1088920 487.7
1088930 488.9
1088940 490.6
1088950 490.6
1088960 492.6
1088970 495.0
1088980 495.0
1088990 497.8
1089000 500.0
1089010 500.0
1089020 500.5
1089030 498.9
1089040 498.9
1089050 495.7
1089060 492.8
1089070 492.8
1089080 493.1
1089090 493.5
1089100 493.5
1089110 494.0
1089120 495.1
1089130 495.1
1089140 496.1
1089150 497.2
1089160 505.1
1089170 505.1
1089180 503.2
1089190 500.4
1089200 500.4
1089210 500.0
1089220 500.2
1089230 500.2
1089240 503.1
1089250 501.0
1089260 501.0
1089270 492.5
1089280 487.4
1089290 487.4
1089300 484.8
1089310 483.8
1089320 483.8
1089330 484.9
1089340 488.0
1089350 488.0
1089360 491.7
1089370 492.5
1089380 492.5
1089390 493.9
1089400 496.3
1089410 496.3
1089420 497.8
1089430 496.3
1089440 496.3
1089450 497.0
1089460 500.6
1089470 500.6
1089480 509.5
1089490 511.8
1089500 512.7
1089510 512.7
1089520 513.6
1089530 514.3
1089540 514.3
1089550 514.5
1089560 514.3
1089570 514.3
1089580 512.4
1089590 511.0
1089600 511.0
1089610 510.0
1089620 510.2
1089630 510.2
1089640 512.3
1089650 514.9
1089660 514.9
1089670 515.3
1089680 515.7
1089690 515.7
1089700 516.5
1089710 519.6
1089720 519.6
1089730 521.9
1089740 522.3
1089750 522.3
1089760 523.4
1089770 524.4
1089780 524.4
1089790 525.9
1089800 534.1
1089810 534.1
1089820 536.4
1089830 537.9
1089840 537.9
1089850 540.2
1089860 544.7
1089870 546.7
1089880 546.7
1089890 548.4
1089900 550.6
1089910 550.6
1089920 553.3
1089930 556.8
1089940 556.8
1089950 560.6
1089960 565.8
1089970 565.8
1089980 570.2
1089990 573.0
1090000 573.0
1090010 574.8
1090020 577.5
1090030 577.5
1090040 581.1
1090050 584.6
1090060 584.6
1090070 587.3
1090080 590.0
1090090 590.0
1090100 592.1
1090110 594.0
1090120 594.0
1090130 602.8
1090140 606.0
1090150 606.0
1090160 609.3
1090170 612.1
1090180 612.1
1090190 615.3
1090200 609.0
1090210 589.0
1090220 589.0
1090230 581.3
1090240 576.1
1090250 576.1
1090260 579.9
1090270 587.2
1090280 587.2
1090290 599.0
1090300 615.3
1090310 615.3
1090320 629.3
1090330 633.0
1090340 633.0
1090350 634.8
1090360 636.7
1090370 636.7
1090380 637.9
1090390 638.8
1090400 638.8
1090410 640.8
1090420 642.5
1090430 642.5
1090440 642.7
1090450 646.5
1090460 646.5
1090470 648.2
1090480 649.5
1090490 649.5
1090500 650.4
1090510 651.6
1090520 651.6
1090530 653.4
1090540 655.0
1090550 656.7
1090560 656.7
1090570 658.7
1090580 661.1
1090590 661.1
1090600 663.5
1090610 666.1
1090620 666.1
1090630 668.2
1090640 670.4
1090650 670.4
1090660 672.4
1090670 674.2
1090680 674.2
1090690 675.8
1090700 677.1
1090710 677.1
1090720 678.1
1090730 679.0
1090740 679.0
1090750 680.1
1090760 681.3
1090770 683.7
1090780 685.3
1090790 686.9
1090800 686.9
1090810 688.6
1090820 690.1
1090830 690.1
1090840 691.6
1090850 693.1
1090860 693.1
1090870 694.6
1090880 696.0
1090890 696.0
1090900 696.7
1090910 696.5
1090920 695.3
1090930 695.3
1090940 693.3
1090950 689.8
1090960 689.8
1090970 691.1
1090980 692.7
1090990 692.7
1091000 694.1
1091010 695.5
1091020 695.5
1091030 696.5
1091040 698.0
1091050 698.0
1091060 699.1
1091070 700.4
1091080 700.4
1091090 700.8
1091100 695.1
1091110 695.1
1091120 690.0
1091130 688.8
1091140 688.8
1091150 687.3
1091160 689.3
1091170 689.3
1091180 683.5
1091190 678.0
1091200 678.0
1091210 677.6
1091220 681.8
1091230 681.8
1091240 685.9
1091250 688.4
1091260 695.3
1091270 695.3
1091280 704.7
1091290 712.0
1091300 712.0
1091310 716.1
1091320 719.5
1091330 719.5
1091340 721.6
1091350 725.6
1091360 725.6
1091370 727.8
1091380 729.8
1091390 729.8
1091400 731.8
1091410 734.7
1091420 737.7
1091430 740.2
1091440 743.9
1091450 743.9
1091460 746.7
1091470 749.9
1091480 749.9
1091490 752.6
1091500 755.2
1091510 755.2
1091520 757.8
1091530 760.1
1091540 760.1
1091550 762.3
1091560 764.3
1091570 764.3
1091580 766.2
1091590 767.6
1091600 768.7
1091610 768.7
1091620 769.0
1091630 769.0
1091640 769.0
1091650 769.0
1091660 769.2
1091670 769.2
1091680 770.0
1091690 770.8
1091700 770.8
1091710 772.3
1091720 773.6
1091730 773.6
1091740 775.4
1091750 781.1
1091760 781.1
1091770 780.8
1091780 782.4
1091790 782.4
1091800 782.6
1091810 784.0
1091820 784.0
1091830 784.9
1091840 787.5
1091850 787.5
1091860 791.3
1091870 793.5
1091880 793.5
1091890 793.0
1091900 792.1
1091910 792.1
1091920 792.8
1091930 794.7
1091940 794.7
1091950 795.4
1091960 797.0
1091970 799.7
1091980 799.7
1091990 802.4
1092000 805.4
1092010 805.4
1092020 806.8
1092030 809.7
1092040 809.7
1092050 812.8
1092060 814.3
1092070 818.0
1092080 821.1
1092090 824.2
1092100 824.2
1092110 827.7
1092120 830.5
1092130 830.5
1092140 833.4
1092150 837.5
1092160 837.5
1092170 840.8
1092180 842.8
1092190 842.8
1092200 843.0
1092210 839.8
1092220 839.8
1092230 834.0
1092240 825.6
1092250 825.6
1092260 818.9
1092270 821.2
1092280 821.2
1092290 823.3
1092300 825.7
1092310 827.2
1092320 827.2
1092330 815.9
1092340 814.2
1092350 814.2
1092360 817.0
1092370 817.3
1092380 817.3
1092390 815.5
1092400 815.1
1092410 815.1
1092420 812.8
1092430 810.9
1092440 810.9
1092450 809.4
1092460 808.3
1092470 808.3
1092480 806.8
1092490 805.3
1092500 805.3
1092510 803.1
1092520 801.1
1092530 801.1
1092540 797.4
1092550 793.6
1092560 793.6
1092570 796.0
1092580 797.8
1092590 797.8
1092600 798.3
1092610 798.0
1092620 798.0
1092630 797.5
1092640 796.7
1092650 795.7
1092660 795.7
1092670 793.5
1092680 789.3
1092690 789.3
1092700 786.3
1092710 781.1
1092720 781.1
1092730 791.4
1092740 794.5
1092750 794.5
1092760 794.3
1092770 793.7
1092780 793.7
1092790 792.8
1092800 791.8
1092810 791.8
1092820 790.9
1092830 790.3
1092840 790.3
1092850 789.5
1092860 787.9
1092870 787.9
1092880 786.7
1092890 785.4
1092900 785.4
1092910 783.3
1092920 781.2
1092930 781.2
1092940 779.2
1092950 777.6
1092960 777.6
1092970 776.5
1092980 775.2
1092990 775.2
1093000 774.0
1093010 771.2
1093020 766.6
1093030 766.6
1093040 762.6
1093050 755.5
1093060 755.5
1093070 758.7
1093080 762.3
1093090 762.3
1093100 763.0
1093110 762.6
1093120 762.6
1093130 760.0
1093140 754.5
1093150 754.5
1093160 751.7
1093170 753.5
1093180 753.5
1093190 753.1
1093200 752.2
1093210 752.2
1093220 751.9
1093230 753.9
1093240 753.9
1093250 756.3
1093260 758.0
1093270 758.0
1093280 760.4
1093290 763.2
1093300 763.2
1093310 766.3
1093320 769.1
1093330 769.1
1093340 770.4
1093350 771.1
1093360 771.7
1093370 771.7
1093380 774.2
1093390 773.9
1093400 773.9
1093410 772.8
1093420 772.4
1093430 772.4
1093440 772.8
1093450 773.0
1093460 773.0
1093470 773.2
1093480 773.3
1093490 773.3
1093500 773.0
1093510 772.5
1093520 772.5
1093530 772.2
1093540 772.4
1093550 772.4
1093560 773.0
1093570 773.7
1093580 773.7
1093590 774.7
1093600 776.2
1093610 776.2
1093620 777.2
1093630 777.3
1093640 777.3
1093650 775.6
1093660 772.1
1093670 772.1
1093680 767.6
1093690 763.2
1093700 759.5
1093710 759.0
1093720 757.3
1093730 753.1
1093740 753.1
1093750 750.6
1093760 749.9
1093770 749.9
1093780 747.9
1093790 745.2
1093800 745.2
1093810 742.6
1093820 740.8
1093830 740.8
1093840 740.6
1093850 740.0
1093860 740.0
1093870 738.2
1093880 735.6
1093890 735.6
1093900 733.1
1093910 730.3
1093920 730.3
1093930 725.2
1093940 719.3
1093950 719.3
1093960 715.0
1093970 710.1
1093980 710.1
1093990 704.4
1094000 699.1
1094010 699.1
1094020 702.0
1094030 708.7
1094040 708.7
1094050 709.1
1094060 708.6
1094070 707.2
1094080 707.2
1094090 705.4
1094100 704.8
1094110 704.8
1094120 706.2
1094130 707.3
1094140 707.3
1094150 708.4
1094160 710.0
1094170 710.0
1094180 711.3
1094190 712.2
1094200 712.2
1094210 713.4
1094220 714.3
1094230 714.3
1094240 714.4
1094250 714.1
1094260 714.1
1094270 712.9
1094280 712.3
1094290 712.3
1094300 712.1
1094310 711.6
1094320 711.6
1094330 710.9
1094340 710.1
1094350 710.1
1094360 711.8
1094370 711.4
1094380 711.4
1094390 710.7
1094400 709.3
1094410 707.4
1094420 707.4
1094430 706.4
1094440 706.1
1094450 706.1
1094460 706.2
1094470 706.7
1094480 706.7
1094490 707.1
1094500 707.6
1094510 707.6
1094520 708.3
1094530 708.3
1094540 708.3
1094550 707.0
1094560 705.4
1094570 705.4
1094580 702.2
1094590 699.0
1094600 699.0
1094610 696.4
1094620 694.7
1094630 694.7
1094640 693.6
1094650 692.5
1094660 692.5
1094670 691.4
1094680 690.4
1094690 690.4
1094700 688.7
1094710 685.2
1094720 685.2
1094730 681.6
1094740 678.2
1094750 675.2
1094760 675.2
1094770 672.2
1094780 669.7
1094790 669.7
1094800 667.2
1094810 664.7
1094820 664.7
1094830 662.2
1094840 660.0
1094850 660.0
1094860 657.1
1094870 653.5
1094880 653.5
1094890 648.9
1094900 645.9
1094910 645.9
1094920 645.5
1094930 646.7
1094940 646.7
1094950 647.9
1094960 648.3
1094970 648.3
1094980 647.7
1094990 646.7
1095000 646.7
1095010 645.4
1095020 645.1
1095030 645.1
1095040 644.1
1095050 642.7
1095060 642.7
1095070 640.4
1095080 637.9
1095090 637.9
1095100 635.4
1095110 633.7
1095120 633.0
1095130 633.0
1095140 632.0
1095150 631.2
1095160 631.2
1095170 630.2
1095180 628.6
1095190 628.6
1095200 626.2
1095210 622.2
1095220 622.2
1095230 619.4
1095240 618.3
1095250 618.3
1095260 618.0
1095270 618.4
1095280 618.4
1095290 617.2
1095300 612.2
1095310 612.2
1095320 604.3
1095330 598.6
1095340 598.6
1095350 597.7
1095360 596.2
1095370 596.2
1095380 595.5
1095390 594.6
1095400 594.6
1095410 593.4
1095420 591.8
1095430 591.8
1095440 590.0
1095450 588.5
1095460 587.6
1095470 587.6
1095480 587.0
1095490 584.4
1095500 584.4
1095510 581.1
1095520 579.7
1095530 579.7
1095540 577.4
1095550 575.5
1095560 575.5
1095570 576.4
1095580 578.0
1095590 578.0
1095600 578.9
1095610 576.8
1095620 576.8
1095630 572.4
1095640 570.7
1095650 570.7
1095660 567.8
1095670 565.3
1095680 565.3
1095690 560.4
1095700 555.7
1095710 555.7
1095720 552.2
1095730 549.1
1095740 549.1
1095750 545.6
1095760 542.6
1095770 542.6
1095780 539.3
1095790 537.9
1095800 535.6
1095810 535.6
1095820 532.4
1095830 530.8
1095840 530.8
1095850 527.2
1095860 522.1
1095870 522.1
1095880 517.0
1095890 513.9
1095900 513.9
1095910 510.5
1095920 511.0
1095930 511.0
1095940 514.6
1095950 512.7
1095960 512.7
1095970 509.0
1095980 502.8
1095990 502.8
1096000 490.1
1096010 483.7
1096020 483.7
1096030 478.4
1096040 473.3
1096050 473.3
1096060 469.3
1096070 464.5
1096080 464.5
1096090 459.7
1096100 456.9
1096110 456.9
1096120 455.5
1096130 454.5
1096140 454.5
1096150 454.3
1096160 454.3
1096170 454.3
1096180 454.3
1096190 454.5
1096200 454.7
1096210 454.7
1096220 456.8
1096230 460.6
1096240 460.6
1096250 466.5
1096260 471.3
1096270 471.3
1096280 474.1
1096290 476.4
1096300 476.4
1096310 478.9
1096320 484.9
1096330 485.0
1096340 492.4
1096350 499.0
1096360 499.0
1096370 508.4
1096380 514.6
1096390 514.6
1096400 520.2
1096410 526.8
1096420 526.8
1096430 532.6
1096440 537.4
1096450 537.4
1096460 541.9
1096470 545.7
1096480 545.7
1096490 549.0
1096500 552.3
1096510 554.0
1096520 554.0
1096530 554.7
1096540 556.0
1096550 556.0
1096560 558.7
1096570 562.3
1096580 562.3
1096590 562.7
1096600 559.1
1096610 559.1
1096620 557.5
1096630 556.5
1096640 556.5
1096650 554.8
1096660 551.4
1096670 551.4
1096680 549.1
1096690 546.7
1096700 546.7
1096710 543.5
1096720 538.2
1096730 538.2
1096740 531.9
1096750 527.2
1096760 527.2
1096770 521.9
1096780 515.9
1096790 515.9
1096800 511.2
1096810 507.6
1096820 507.6
1096830 504.6
1096840 502.7
1096850 501.0
1096860 501.0
1096870 498.9
1096880 498.5
1096890 498.5
1096900 499.0
1096910 498.9
1096920 498.9
1096930 499.2
1096940 502.1
1096950 502.1
1096960 504.0
1096970 504.3
1096980 504.3
1096990 497.7
1097000 496.4
1097010 496.4
1097020 497.7
1097030 499.3
1097040 499.3
1097050 499.5
1097060 499.4
1097070 499.4
1097080 499.5
1097090 499.8
1097100 499.8
1097110 500.9
1097120 501.4
1097130 501.4
1097140 501.3
1097150 500.9
1097160 500.9
1097170 500.6
1097180 500.4
1097190 500.4
1097200 500.2
1097210 500.1
1097220 500.4
1097230 500.4
1097240 501.6
1097250 503.4
1097260 503.4
1097270 503.0
1097280 498.1
1097290 498.1
1097300 495.1
1097310 491.8
1097320 492.2
1097330 488.7
1097340 485.9
1097350 485.9
1097360 484.0
1097370 481.5
1097380 481.5
1097390 479.1
1097400 474.3
1097410 474.3
1097420 470.1
1097430 465.7
1097440 465.7
1097450 465.3
1097460 464.4
1097470 464.4
1097480 463.7
1097490 463.8
1097500 463.8
1097510 463.9
1097520 465.1
1097530 465.1
1097540 466.3
1097550 466.4
1097560 466.6
1097570 466.6
1097580 466.7
1097590 467.0
1097600 467.0
1097610 468.7
1097620 472.3
1097630 472.3
1097640 474.4
1097650 476.7
1097660 476.7
1097670 478.8
1097680 481.5
1097690 481.5
1097700 483.8
1097710 486.7
1097720 486.7
1097730 493.3
1097740 497.7
1097750 497.7
1097760 500.0
1097770 502.4
1097780 502.4
1097790 505.7
1097800 509.2
1097810 509.2
1097820 510.9
1097830 514.4
1097840 514.4
1097850 518.2
1097860 522.5
1097870 522.5
1097880 525.4
1097890 527.8
1097900 531.5
1097910 531.5
1097920 532.4
1097930 533.8
1097940 533.8
1097950 537.0
1097960 537.9
1097970 537.9
1097980 540.6
1097990 545.1
1098000 545.1
1098010 549.3
1098020 551.0
1098030 551.0
1098040 551.2
1098050 552.2
1098060 552.2
1098070 554.8
1098080 558.2
1098090 558.2
1098100 562.2
1098110 566.9
1098120 566.9
1098130 572.5
1098140 578.3
1098150 578.3
1098160 583.8
1098170 589.0
1098180 589.0
1098190 594.7
1098200 598.9
1098210 598.9
1098220 601.9
1098230 603.9
1098240 603.9
1098250 606.0
1098260 607.6
1098270 604.7
1098280 604.7
1098290 599.6
1098300 596.5
1098310 603.1
1098320 602.4
1098330 598.0
1098340 598.0
1098350 596.3
1098360 593.9
1098370 593.9
1098380 593.8
1098390 591.9
1098400 591.9
1098410 588.0
1098420 587.2
1098430 587.2
1098440 588.8
1098450 590.7
1098460 590.7
1098470 595.5
1098480 598.4
1098490 598.4
1098500 597.6
1098510 595.3
1098520 595.3
1098530 596.9
1098540 599.5
1098550 599.5
1098560 603.0
1098570 604.5
1098580 604.5
1098590 608.0
1098600 613.1
1098610 617.6
1098620 617.6
1098630 618.3
1098640 620.2
1098650 620.2
1098660 618.9
1098670 617.2
1098680 617.2
1098690 615.6
1098700 614.7
1098710 614.7
1098720 611.7
1098730 609.3
1098740 609.3
1098750 607.5
1098760 606.0
1098770 606.0
1098780 604.8
1098790 603.3
1098800 603.3
1098810 603.3
1098820 604.9
1098830 604.9
1098840 606.3
1098850 606.5
1098860 606.5
1098870 605.7
1098880 605.4
1098890 605.4
1098900 607.1
1098910 607.7
1098920 607.7
1098930 608.3
1098940 608.7
1098950 609.2
1098960 609.2
1098970 613.1
1098980 613.0
1098990 613.0
1099000 613.5
1099010 616.2
1099020 616.2
1099030 621.2
1099040 626.0
1099050 626.0
1099060 629.2
1099070 629.6
1099080 629.6
1099090 629.9
1099100 630.1
1099110 630.1
1099120 630.4
1099130 630.6
1099140 630.6
1099150 631.0
1099160 631.1
1099170 631.1
1099180 631.2
1099190 631.2
1099200 631.2
1099210 631.2
1099220 631.1
1099230 631.1
1099240 631.0
1099250 630.9
1099260 630.9
1099270 630.9
1099280 630.9
1099290 630.9
1099300 630.8
1099310 631.4
1099320 631.2
1099330 631.2
1099340 631.0
1099350 630.9
1099360 630.9
1099370 630.9
1099380 630.9
1099390 630.9
1099400 630.7
1099410 630.6
1099420 630.6
1099430 630.4
1099440 630.2
1099450 630.2
1099460 630.0
1099470 629.8
1099480 629.8
1099490 629.4
1099500 629.0
1099510 629.0
1099520 629.0
1099530 628.8
1099540 628.8
1099550 628.1
1099560 628.1
1099570 628.1
1099580 627.7
1099590 627.4
1099600 627.4
1099610 628.5
1099620 629.3
1099630 629.3
1099640 630.0
1099650 630.3
1099660 630.4
1099670 630.4
1099680 630.4
1099690 630.5
1099700 630.5
1099710 630.6
1099720 630.7
1099730 630.7
1099740 631.1
1099750 630.9
1099760 630.9
1099770 630.6
1099780 630.5
1099790 630.5
1099800 630.4
1099810 630.6
1099820 630.6
1099830 630.4
1099840 630.2
1099850 630.2
1099860 629.9
1099870 629.3
1099880 629.3
1099890 628.5
1099900 627.2
1099910 627.2
1099920 624.6
1099930 619.1
1099940 619.1
1099950 614.6
1099960 618.9
1099970 615.9
1099980 621.8
1099990 626.5
