1080000 401.5
1080010 401.4
1080020 401.5
1080030 401.5
1080040 401.5
1080050 401.5
1080060 401.5
1080070 401.6
1080080 401.6
1080090 401.7
1080100 401.7
1080110 401.5
1080120 401.7
1080130 401.7
1080140 401.8
1080150 401.9
1080160 401.9
1080170 402.0
1080180 402.2
1080190 402.2
1080200 402.3
1080210 402.4
1080220 402.4
1080230 402.4
1080240 402.5
1080250 402.5
1080260 402.6
1080270 402.7
1080280 402.7
1080290 402.8
1080300 402.8
1080310 402.8
1080320 402.8
1080330 402.7
1080340 402.7
1080350 402.5
1080360 402.5
1080370 402.5
1080380 402.5
1080390 402.5
1080400 402.5
1080410 402.3
1080420 402.2
1080430 402.2
1080440 402.2
1080450 402.5
1080460 402.7
1080470 402.7
1080480 402.6
1080490 402.7
1080500 402.7
1080510 402.9
1080520 403.0
1080530 403.0
1080540 403.0
1080550 403.0
1080560 403.0
1080570 403.0
1080580 403.0
1080590 403.0
1080600 403.0
1080610 403.1
1080620 403.1
1080630 403.1
1080640 403.1
1080650 403.1
1080660 403.1
1080670 403.2
1080680 403.2
1080690 403.1
1080700 403.1
1080710 403.1
1080720 403.1
1080730 403.2
1080740 403.2
1080750 403.2
1080760 403.2
1080770 403.2
1080780 403.4
1080790 403.5
1080800 403.4
1080810 403.4
1080820 403.5
1080830 403.5
1080840 403.5
1080850 403.6
1080860 403.6
1080870 403.6
1080880 403.7
1080890 403.7
1080900 403.7
1080910 403.7
1080920 403.7
1080930 403.7
1080940 403.8
1080950 403.9
1080960 403.9
1080970 403.9
1080980 403.9
1080990 403.9
1081000 403.9
1081010 404.0
1081020 404.0
1081030 404.0
1081040 404.0
1081050 404.0
1081060 404.2
1081070 404.3
1081080 404.3
1081090 404.3
1081100 404.3
1081110 404.3
1081120 404.3
1081130 404.3
1081140 404.3
1081150 404.4
1081160 404.5
1081170 404.6
1081180 404.6
1081190 404.7
1081200 404.8
1081210 404.8
1081220 404.8
1081230 405.0
1081240 405.0
1081250 404.9
1081260 404.8
1081270 404.8
1081280 404.8
1081290 404.8
1081300 404.8
1081310 404.8
1081320 405.0
1081330 405.0
1081340 405.2
1081350 405.1
1081360 405.1
1081370 405.1
1081380 405.1
1081390 405.1
1081400 404.9
1081410 405.1
1081420 405.1
1081430 405.3
1081440 405.2
1081450 405.2
1081460 405.1
1081470 405.1
1081480 405.1
1081490 405.1
1081500 405.1
1081510 405.3
1081520 405.3
1081530 405.7
1081540 405.7
1081550 405.7
1081560 406.1
1081570 406.5
1081580 406.5
1081590 406.6
1081600 406.5
1081610 406.5
1081620 406.7
1081630 406.2
1081640 406.1
1081650 406.2
1081660 406.3
1081670 406.3
1081680 406.5
1081690 406.6
1081700 406.6
1081710 407.2
1081720 407.5
1081730 407.5
1081740 407.1
1081750 407.1
1081760 407.1
1081770 407.2
1081780 407.7
1081790 407.7
1081800 407.7
1081810 407.0
1081820 407.0
1081830 407.6
1081840 407.4
1081850 407.2
1081860 407.2
1081870 407.0
1081880 407.1
1081890 407.1
1081900 407.3
1081910 407.4
1081920 407.4
1081930 407.3
1081940 407.2
1081950 407.2
1081960 407.3
1081970 407.3
1081980 407.3
1081990 407.4
1082000 407.4
1082010 407.4
1082020 407.5
1082030 407.5
1082040 407.5
1082050 407.5
1082060 407.6
1082070 407.6
1082080 407.7
1082090 407.8
1082100 407.8
1082110 407.8
1082120 407.8
1082130 407.8
1082140 407.9
1082150 408.3
1082160 408.3
1082170 409.2
1082180 409.7
1082190 409.7
1082200 409.0
1082210 407.7
1082220 407.6
1082230 407.6
1082240 408.0
1082250 408.0
1082260 408.0
1082270 408.0
1082280 408.2
1082290 408.2
1082300 408.4
1082310 408.7
1082320 408.7
1082330 408.7
1082340 408.4
1082350 408.4
1082360 408.4
1082370 408.3
1082380 408.3
1082390 408.3
1082400 409.8
1082410 409.8
1082420 410.5
1082430 410.4
1082440 410.4
1082450 409.0
1082460 408.4
1082470 408.4
1082480 408.6
1082490 409.5
1082500 409.5
1082510 409.2
1082520 409.1
1082530 409.1
1082540 408.8
1082550 408.7
1082560 408.8
1082570 408.8
1082580 409.0
1082590 409.1
1082600 409.1
1082610 409.4
1082620 409.7
1082630 409.7
1082640 409.3
1082650 409.5
1082660 409.5
1082670 409.7
1082680 409.7
1082690 409.7
1082700 409.8
1082710 409.8
1082720 409.8
1082730 409.6
1082740 409.2
1082750 409.2
1082760 409.1
1082770 409.1
1082780 409.1
1082790 409.2
1082800 409.3
1082810 409.3
1082820 409.4
1082830 409.4
1082840 409.4
1082850 409.5
1082860 409.8
1082870 409.8
1082880 409.9
1082890 409.7
1082900 409.7
1082910 409.7
1082920 409.7
1082930 410.0
1082940 410.0
1082950 410.1
1082960 410.3
1082970 410.3
1082980 410.5
1082990 410.1
1083000 410.1
1083010 410.4
1083020 410.4
1083030 410.4
1083040 410.1
1083050 410.3
1083060 410.3
1083070 410.3
1083080 410.3
1083090 410.3
1083100 410.3
1083110 410.3
1083120 410.3
1083130 410.4
1083140 410.8
1083150 410.8
1083160 411.0
1083170 410.8
1083180 410.8
1083190 410.5
1083200 410.4
1083210 410.4
1083220 410.4
1083230 410.5
1083240 410.5
1083250 410.4
1083260 410.6
1083270 411.0
1083280 411.0
1083290 411.6
1083300 411.7
1083310 411.7
1083320 411.7
1083330 411.7
1083340 411.7
1083350 411.4
1083360 411.2
1083370 411.2
1083380 411.1
1083390 411.1
1083400 411.1
1083410 411.2
1083420 411.5
1083430 411.5
1083440 411.3
1083450 411.3
1083460 411.3
1083470 411.4
1083480 411.4
1083490 411.4
1083500 411.4
1083510 411.5
1083520 411.5
1083530 411.6
1083540 411.8
1083550 411.7
1083560 411.8
1083570 411.8
1083580 411.8
1083590 411.9
1083600 412.0
1083610 412.0
1083620 412.0
1083630 412.2
1083640 412.3
1083650 412.3
1083660 412.5
1083670 412.8
1083680 412.8
1083690 412.8
1083700 412.7
1083710 412.7
1083720 412.6
1083730 412.7
1083740 412.7
1083750 412.7
1083760 412.8
1083770 412.8
1083780 412.8
1083790 412.9
1083800 412.9
1083810 412.9
1083820 413.0
1083830 413.0
1083840 413.0
1083850 413.0
1083860 413.0
1083870 413.0
1083880 413.1
1083890 413.1
1083900 413.2
1083910 413.4
1083920 413.4
1083930 413.3
1083940 413.3
1083950 413.3
1083960 413.3
1083970 413.4
1083980 413.3
1083990 413.3
1084000 413.4
1084010 413.5
1084020 413.5
1084030 413.8
1084040 413.9
1084050 413.9
1084060 413.7
1084070 413.6
1084080 413.6
1084090 413.6
1084100 413.6
1084110 413.6
1084120 413.7
1084130 413.8
1084140 413.8
1084150 413.8
1084160 413.8
1084170 413.8
1084180 413.8
1084190 414.1
1084200 414.1
1084210 414.2
1084220 414.2
1084230 414.2
1084240 414.2
1084250 414.1
1084260 414.1
1084270 414.2
1084280 414.4
1084290 414.4
1084300 415.4
1084310 420.3
1084320 420.3
1084330 421.0
1084340 417.3
1084350 416.7
1084360 416.7
1084370 416.5
1084380 416.4
1084390 416.4
1084400 416.2
1084410 415.8
1084420 415.8
1084430 419.2
1084440 419.5
1084450 419.5
1084460 418.5
1084470 417.6
1084480 417.6
1084490 415.2
1084500 415.0
1084510 415.0
1084520 414.9
1084530 415.0
1084540 415.0
1084550 415.3
1084560 415.4
1084570 415.4
1084580 415.4
1084590 415.3
1084600 415.3
1084610 415.3
1084620 415.4
1084630 415.4
1084640 415.5
1084650 415.5
1084660 415.5
1084670 415.6
1084680 415.7
1084690 415.7
1084700 415.7
1084710 415.9
1084720 416.2
1084730 416.2
1084740 416.0
1084750 416.1
1084760 416.1
1084770 416.3
1084780 416.3
1084790 416.3
1084800 416.2
1084810 417.1
1084820 417.1
1084830 417.4
1084840 417.9
1084850 417.9
1084860 416.9
1084870 416.0
1084880 416.0
1084890 416.5
1084900 417.6
1084910 417.6
1084920 417.6
1084930 417.8
1084940 417.8
1084950 417.8
1084960 417.5
1084970 417.5
1084980 417.8
1084990 417.9
1085000 417.9
1085010 417.9
1085020 418.0
1085030 418.1
1085040 418.1
1085050 417.8
1085060 417.4
1085070 417.4
1085080 417.1
1085090 417.0
1085100 417.0
1085110 417.1
1085120 417.4
1085130 417.4
1085140 417.7
1085150 417.7
1085160 417.7
1085170 417.8
1085180 417.6
1085190 417.6
1085200 417.7
1085210 417.9
1085220 417.9
1085230 418.0
1085240 418.1
1085250 418.1
1085260 418.8
1085270 418.9
1085280 418.9
1085290 418.9
1085300 419.1
1085310 419.1
1085320 419.0
1085330 418.8
1085340 418.8
1085350 418.8
1085360 418.7
1085370 418.7
1085380 418.6
1085390 418.6
1085400 418.7
1085410 418.7
1085420 418.7
1085430 418.8
1085440 418.8
1085450 418.8
1085460 418.9
1085470 419.0
1085480 419.0
1085490 419.0
1085500 419.0
1085510 418.9
1085520 418.5
1085530 418.5
1085540 417.4
1085550 415.9
1085560 415.9
1085570 415.2
1085580 414.7
1085590 414.7
1085600 413.1
1085610 412.2
1085620 412.2
1085630 411.9
1085640 411.7
1085650 411.7
1085660 411.7
1085670 411.7
1085680 411.7
1085690 411.7
1085700 411.7
1085710 411.7
1085720 411.7
1085730 411.7
1085740 411.9
1085750 411.9
1085760 413.4
1085770 416.0
1085780 416.0
1085790 414.4
1085800 415.8
1085810 415.8
1085820 417.8
1085830 418.9
1085840 418.9
1085850 419.1
1085860 419.1
1085870 419.1
1085880 419.1
1085890 419.0
1085900 419.0
1085910 419.0
1085920 420.5
1085930 420.5
1085940 420.2
1085950 420.1
1085960 420.1
1085970 419.7
1085980 419.5
1085990 419.5
1086000 419.9
1086010 419.9
1086020 419.9
1086030 420.0
1086040 420.1
1086050 420.1
1086060 420.1
1086070 420.1
1086080 420.1
1086090 420.1
1086100 420.2
1086110 420.2
1086120 420.2
1086130 420.1
1086140 420.1
1086150 420.1
1086160 420.2
1086170 420.3
1086180 420.3
1086190 420.3
1086200 420.3
1086210 420.3
1086220 420.4
1086230 420.3
1086240 420.3
1086250 420.3
1086260 420.4
1086270 420.4
1086280 420.6
1086290 420.7
1086300 420.7
1086310 420.8
1086320 421.1
1086330 421.1
1086340 420.7
1086350 420.7
1086360 420.7
1086370 420.6
1086380 420.5
1086390 420.5
1086400 420.4
1086410 420.5
1086420 420.5
1086430 420.5
1086440 420.6
1086450 420.7
1086460 420.7
1086470 420.8
1086480 420.9
1086490 420.9
1086500 421.5
1086510 421.4
1086520 421.4
1086530 420.5
1086540 421.3
1086550 421.3
1086560 421.4
1086570 421.5
1086580 421.5
1086590 421.6
1086600 421.5
1086610 421.5
1086620 421.1
1086630 421.1
1086640 421.1
1086650 421.4
1086660 421.7
1086670 421.7
1086680 421.7
1086690 421.7
1086700 421.7
1086710 421.8
1086720 421.8
1086730 421.8
1086740 421.7
1086750 421.6
1086760 421.6
1086770 421.7
1086780 423.6
1086790 425.9
1086800 425.9
1086810 427.6
1086820 428.4
1086830 428.4
1086840 428.6
1086850 428.8
1086860 428.8
1086870 429.5
1086880 430.9
1086890 430.9
1086900 432.2
1086910 433.3
1086920 433.3
1086930 434.6
1086940 436.0
1086950 436.0
1086960 437.6
1086970 439.0
1086980 439.0
1086990 441.2
1087000 443.8
1087010 443.8
1087020 446.2
1087030 448.1
1087040 448.1
1087050 449.3
1087060 451.9
1087070 451.9
1087080 454.8
1087090 457.8
1087100 457.8
1087110 458.0
1087120 458.4
1087130 458.4
1087140 458.8
1087150 459.0
1087160 459.2
1087170 459.2
1087180 460.0
1087190 460.0
1087200 460.0
1087210 462.2
1087220 465.1
1087230 465.1
1087240 467.5
1087250 468.9
1087260 468.9
1087270 470.6
1087280 471.6
1087290 471.6
1087300 472.9
1087310 474.4
1087320 474.4
1087330 475.8
1087340 477.1
1087350 477.1
1087360 478.4
1087370 479.9
1087380 479.9
1087390 478.3
1087400 479.6
1087410 479.6
1087420 481.0
1087430 482.6
1087440 482.6
1087450 484.0
1087460 482.7
1087470 482.7
1087480 479.0
1087490 476.0
1087500 473.0
1087510 473.0
1087520 473.8
1087530 478.5
1087540 478.5
1087550 484.1
1087560 488.3
1087570 488.3
1087580 494.5
1087590 499.2
1087600 499.2
1087610 502.7
1087620 505.1
1087630 505.1
1087640 506.7
1087650 508.0
1087660 508.0
1087670 508.5
1087680 506.6
1087690 506.6
1087700 500.7
1087710 488.1
1087720 488.1
1087730 483.2
1087740 476.4
1087750 476.4
1087760 468.5
1087770 462.1
1087780 462.1
1087790 459.9
1087800 460.3
1087810 460.3
1087820 463.6
1087830 467.1
1087840 467.1
1087850 468.9
1087860 471.6
1087870 474.3
1087880 474.3
1087890 476.6
1087900 479.0
1087910 479.0
1087920 483.9
1087930 491.0
1087940 491.0
1087950 490.9
1087960 487.6
1087970 487.6
1087980 494.3
1087990 502.6
1088000 502.6
1088010 507.2
1088020 506.0
1088030 506.0
1088040 512.7
1088050 516.2
1088060 516.2
1088070 514.7
1088080 511.3
1088090 511.3
1088100 511.1
1088110 507.5
1088120 507.5
1088130 502.9
1088140 507.9
1088150 507.9
1088160 512.1
1088170 513.5
1088180 513.5
1088190 515.9
1088200 515.2
1088210 512.6
1088220 512.6
1088230 515.3
1088240 517.6
1088250 517.6
1088260 514.3
1088270 509.8
1088280 509.8
1088290 508.6
1088300 506.1
1088310 506.1
1088320 504.4
1088330 505.6
1088340 505.6
1088350 506.1
1088360 511.5
1088370 511.5
1088380 513.6
1088390 517.3
1088400 517.3
1088410 519.4
1088420 520.6
1088430 520.6
1088440 520.4
1088450 521.7
1088460 521.7
1088470 522.3
1088480 523.0
1088490 523.0
1088500 524.1
1088510 525.5
1088520 525.5
1088530 527.3
1088540 530.3
1088550 530.3
1088560 533.7
1088570 535.8
1088580 536.5
1088590 536.5
1088600 538.1
1088610 539.9
1088620 539.9
1088630 543.3
1088640 544.0
1088650 544.0
1088660 541.8
1088670 541.7
1088680 549.2
1088690 546.5
1088700 545.4
1088710 545.4
1088720 544.1
1088730 543.2
1088740 543.2
1088750 544.0
1088760 544.7
1088770 544.7
1088780 547.7
1088790 551.9
1088800 551.9
1088810 556.0
1088820 559.3
1088830 559.3
1088840 562.2
1088850 563.8
1088860 563.8
1088870 564.7
1088880 565.1
1088890 565.1
1088900 565.6
1088910 566.1
1088920 566.5
1088930 566.5
1088940 566.9
1088950 567.6
1088960 567.6
1088970 568.0
1088980 568.7
1088990 568.7
1089000 570.7
1089010 571.7
1089020 571.7
1089030 571.7
1089040 570.9
1089050 570.9
1089060 570.4
1089070 570.9
1089080 570.9
1089090 572.1
1089100 572.6
1089110 572.6
1089120 573.0
1089130 573.4
1089140 573.4
1089150 573.3
1089160 573.8
1089170 573.8
1089180 574.5
1089190 575.2
1089200 575.2
1089210 575.7
1089220 576.0
1089230 576.0
1089240 576.3
1089250 576.4
1089260 576.6
1089270 576.6
1089280 576.9
1089290 577.1
1089300 577.1
1089310 577.7
1089320 578.1
1089330 577.5
1089340 577.9
1089350 578.6
1089360 578.6
1089370 579.9
1089380 581.5
1089390 581.5
1089400 582.6
1089410 583.4
1089420 583.4
1089430 583.6
1089440 582.9
1089450 582.9
1089460 582.3
1089470 582.1
1089480 582.1
1089490 582.2
1089500 582.5
1089510 582.5
1089520 580.7
1089530 577.2
1089540 577.2
1089550 572.4
1089560 566.7
1089570 566.7
1089580 562.8
1089590 559.6
1089600 559.6
1089610 557.5
1089620 556.8
1089630 555.5
1089640 555.5
1089650 551.0
1089660 555.5
1089670 555.5
1089680 552.8
1089690 546.5
1089700 546.5
1089710 541.2
1089720 535.8
1089730 535.8
1089740 519.8
1089750 504.6
1089760 504.6
1089770 496.0
1089780 489.7
1089790 489.7
1089800 483.0
1089810 477.2
1089820 477.2
1089830 470.6
1089840 463.6
1089850 463.6
1089860 455.2
1089870 448.7
1089880 448.7
1089890 446.7
1089900 443.8
1089910 443.8
1089920 440.1
1089930 436.2
1089940 436.2
1089950 433.4
1089960 430.7
1089970 427.5
1089980 427.5
1089990 427.6
1090000 427.9
1090010 427.9
1090020 428.3
1090030 428.5
1090040 428.5
1090050 428.7
1090060 428.8
1090070 428.8
1090080 429.0
1090090 429.0
1090100 429.0
1090110 429.1
1090120 429.2
1090130 429.2
1090140 429.9
1090150 431.5
1090160 431.5
1090170 434.0
1090180 437.9
1090190 437.9
1090200 442.7
1090210 444.8
1090220 444.8
1090230 444.2
1090240 442.5
1090250 442.5
1090260 440.5
1090270 439.7
1090280 439.7
1090290 440.9
1090300 444.7
1090310 444.7
1090320 447.6
1090330 450.4
1090340 454.1
1090350 454.1
1090360 459.5
1090370 460.7
1090380 460.7
1090390 460.9
1090400 463.7
1090410 463.7
1090420 467.4
1090430 470.1
1090440 470.1
1090450 472.0
1090460 472.3
1090470 472.3
1090480 472.0
1090490 474.3
1090500 474.3
1090510 477.2
1090520 479.0
1090530 479.0
1090540 483.8
1090550 486.2
1090560 486.2
1090570 491.0
1090580 497.5
1090590 497.5
1090600 506.5
1090610 510.0
1090620 515.1
1090630 517.1
1090640 511.7
1090650 511.7
1090660 505.6
1090670 505.3
1090680 507.7
1090690 507.7
1090700 505.3
1090710 503.7
1090720 503.7
1090730 501.8
1090740 504.3
1090750 504.3
1090760 513.3
1090770 527.1
1090780 527.1
1090790 532.9
1090800 535.7
1090810 535.7
1090820 538.3
1090830 541.4
1090840 541.4
1090850 544.6
1090860 548.2
1090870 548.2
1090880 551.8
1090890 559.5
1090900 559.5
1090910 568.0
1090920 572.6
1090930 572.6
1090940 575.5
1090950 583.3
1090960 583.3
1090970 585.4
1090980 587.9
1090990 587.9
1091000 589.9
1091010 591.2
1091020 591.2
1091030 592.1
1091040 592.7
1091050 593.6
1091060 593.6
1091070 594.6
1091080 595.0
1091090 595.0
1091100 595.7
1091110 596.3
1091120 596.3
1091130 597.0
1091140 597.9
1091150 597.9
1091160 598.6
1091170 599.5
1091180 599.5
1091190 600.3
1091200 601.5
1091210 601.5
1091220 602.9
1091230 604.7
1091240 604.7
1091250 606.9
1091260 608.8
1091270 612.8
1091280 614.0
1091290 615.9
1091300 615.9
1091310 617.7
1091320 619.3
1091330 619.3
1091340 621.1
1091350 622.8
1091360 622.8
1091370 624.5
1091380 625.6
1091390 626.0
1091400 626.0
1091410 629.5
1091420 632.4
1091430 632.4
1091440 635.2
1091450 636.2
1091460 636.2
1091470 636.8
1091480 637.2
1091490 637.2
1091500 638.7
1091510 639.6
1091520 639.6
1091530 640.2
1091540 641.5
1091550 641.5
1091560 642.9
1091570 643.8
1091580 643.8
1091590 644.8
1091600 648.9
1091610 648.9
1091620 650.5
1091630 652.2
1091640 652.2
1091650 653.1
1091660 653.0
1091670 653.0
1091680 652.2
1091690 651.4
1091700 651.4
1091710 649.7
1091720 645.0
1091730 645.0
1091740 650.4
1091750 653.3
1091760 653.6
1091770 653.6
1091780 654.3
1091790 654.9
1091800 654.9
1091810 655.4
1091820 655.2
1091830 655.2
1091840 653.8
1091850 657.9
1091860 657.9
1091870 659.7
1091880 661.1
1091890 661.1
1091900 662.6
1091910 664.1
1091920 667.3
1091930 668.1
1091940 668.5
1091950 668.5
1091960 669.1
1091970 669.6
1091980 669.6
1091990 670.3
1092000 671.2
1092010 671.2
1092020 672.2
1092030 673.0
1092040 673.0
1092050 673.5
1092060 673.7
1092070 673.7
1092080 673.4
1092090 671.7
1092100 665.8
1092110 665.8
1092120 662.9
1092130 669.3
1092140 669.3
1092150 671.7
1092160 671.4
1092170 671.4
1092180 668.9
1092190 668.0
1092200 668.0
1092210 669.0
1092220 666.9
1092230 666.9
1092240 663.0
1092250 665.3
1092260 665.3
1092270 668.2
1092280 673.9
1092290 673.9
1092300 678.7
1092310 681.6
1092320 681.6
1092330 683.1
1092340 684.5
1092350 684.5
1092360 685.8
1092370 687.0
1092380 687.0
1092390 688.4
1092400 689.7
1092410 689.7
1092420 690.9
1092430 691.8
1092440 692.8
1092450 692.8
1092460 693.6
1092470 694.6
1092480 694.6
1092490 695.5
1092500 696.7
1092510 696.7
1092520 698.2
1092530 699.6
1092540 699.6
1092550 701.0
1092560 702.0
1092570 703.3
1092580 704.3
1092590 705.4
1092600 705.4
1092610 707.2
1092620 709.1
1092630 709.1
1092640 710.8
1092650 712.3
1092660 712.3
1092670 713.6
1092680 715.2
1092690 715.2
1092700 716.8
1092710 718.2
1092720 718.2
1092730 719.4
1092740 720.6
1092750 720.6
1092760 721.8
1092770 722.5
1092780 722.5
1092790 722.6
1092800 722.7
1092810 722.7
1092820 722.7
1092830 722.7
1092840 723.0
1092850 723.0
1092860 723.1
1092870 723.1
1092880 723.1
1092890 723.4
1092900 726.1
1092910 726.1
1092920 725.3
1092930 724.9
1092940 724.9
1092950 725.1
1092960 725.1
1092970 725.1
1092980 724.8
1092990 724.0
1093000 724.0
1093010 722.0
1093020 719.9
1093030 719.9
1093040 717.7
1093050 715.7
1093060 715.7
1093070 714.1
1093080 713.2
1093090 713.2
1093100 711.4
1093110 710.4
1093120 710.4
1093130 709.1
1093140 707.6
1093150 706.3
1093160 706.3
1093170 705.4
1093180 704.4
1093190 704.4
1093200 703.6
1093210 703.1
1093220 703.1
1093230 700.8
1093240 699.1
1093250 699.1
1093260 696.8
1093270 694.8
1093280 694.8
1093290 693.1
1093300 691.9
1093310 691.9
1093320 691.0
1093330 685.5
1093340 685.5
1093350 680.1
1093360 679.6
1093370 679.6
1093380 681.0
1093390 681.4
1093400 681.4
1093410 681.2
1093420 679.2
1093430 679.2
1093440 673.7
1093450 671.7
1093460 671.7
1093470 675.4
1093480 677.8
1093490 677.8
1093500 677.7
1093510 673.9
1093520 666.6
1093530 666.6
1093540 660.2
1093550 660.2
1093560 660.2
1093570 664.8
1093580 669.9
1093590 669.9
1093600 674.8
1093610 675.7
1093620 675.7
1093630 675.3
1093640 675.0
1093650 675.0
1093660 674.4
1093670 674.3
1093680 674.3
1093690 674.8
1093700 675.1
1093710 675.1
1093720 675.1
1093730 674.9
1093740 674.9
1093750 674.7
1093760 675.3
1093770 675.3
1093780 675.5
1093790 675.7
1093800 675.7
1093810 675.8
1093820 676.1
1093830 676.1
1093840 676.6
1093850 676.8
1093860 676.6
1093870 676.6
1093880 677.8
1093890 677.8
1093900 677.8
1093910 677.8
1093920 677.8
1093930 677.8
1093940 677.9
1093950 678.0
1093960 678.0
1093970 677.9
1093980 677.6
1093990 677.6
1094000 677.3
1094010 676.8
1094020 676.8
1094030 675.8
1094040 675.1
1094050 675.1
1094060 674.5
1094070 673.2
1094080 673.2
1094090 671.8
1094100 671.2
1094110 671.2
1094120 670.9
1094130 670.3
1094140 670.3
1094150 669.3
1094160 668.2
1094170 668.2
1094180 666.9
1094190 665.4
1094200 664.1
1094210 664.0
1094220 662.7
1094230 661.9
1094240 661.9
1094250 660.6
1094260 657.6
1094270 657.6
1094280 655.9
1094290 651.6
1094300 651.6
1094310 648.0
1094320 644.4
1094330 644.4
1094340 638.1
1094350 629.2
1094360 629.2
1094370 622.9
1094380 617.0
1094390 617.0
1094400 609.4
1094410 602.8
1094420 602.8
1094430 598.2
1094440 592.2
1094450 592.2
1094460 592.0
1094470 595.6
1094480 595.6
1094490 598.9
1094500 602.0
1094510 602.0
1094520 605.5
1094530 609.2
1094540 611.8
1094550 614.0
1094560 614.7
1094570 615.0
1094580 615.0
1094590 614.3
1094600 612.4
1094610 612.4
1094620 610.3
1094630 609.9
1094640 609.9
1094650 609.0
1094660 604.5
1094670 604.5
1094680 605.6
1094690 607.9
1094700 607.9
1094710 610.4
1094720 614.3
1094730 614.3
1094740 617.7
1094750 619.7
1094760 619.7
1094770 622.1
1094780 623.9
1094790 623.9
1094800 627.7
1094810 630.2
1094820 630.2
1094830 631.9
1094840 630.5
1094850 630.5
1094860 625.2
1094870 620.0
1094880 620.0
1094890 615.6
1094900 611.3
1094910 606.7
1094920 606.7
1094930 604.4
1094940 603.1
1094950 603.1
1094960 603.0
1094970 602.8
1094980 602.8
1094990 600.4
1095000 596.2
1095010 596.2
1095020 592.5
1095030 588.9
1095040 588.9
1095050 586.0
1095060 584.0
1095070 584.0
1095080 582.2
1095090 580.6
1095100 580.6
1095110 579.4
1095120 577.9
1095130 577.9
1095140 574.9
1095150 571.8
1095160 571.8
1095170 568.6
1095180 565.4
1095190 564.7
1095200 561.0
1095210 557.3
1095220 557.3
1095230 554.5
1095240 552.4
1095250 552.4
1095260 550.9
1095270 549.6
1095280 547.5
1095290 547.5
1095300 545.3
1095310 543.2
1095320 543.2
1095330 540.2
1095340 536.1
1095350 536.1
1095360 531.5
1095370 527.3
1095380 527.3
1095390 522.9
1095400 518.4
1095410 518.4
1095420 513.9
1095430 509.5
1095440 509.5
1095450 505.4
1095460 501.5
1095470 501.5
1095480 497.2
1095490 493.1
1095500 493.1
1095510 487.9
1095520 484.1
1095530 484.1
1095540 485.7
1095550 486.3
1095560 486.3
1095570 486.5
1095580 484.9
1095590 484.9
1095600 482.8
1095610 479.4
1095620 477.7
1095630 477.7
1095640 474.5
1095650 471.7
1095660 471.7
1095670 469.5
1095680 468.2
1095690 468.2
1095700 467.2
1095710 466.5
1095720 466.5
1095730 465.6
1095740 463.9
1095750 463.9
1095760 462.8
1095770 462.2
1095780 462.2
1095790 460.8
1095800 458.8
1095810 458.8
1095820 456.1
1095830 452.9
1095840 452.9
1095850 452.5
1095860 452.4
1095870 452.4
1095880 452.4
1095890 452.5
1095900 452.5
1095910 452.7
1095920 452.7
1095930 452.7
1095940 453.2
1095950 455.2
1095960 455.7
1095970 455.7
1095980 456.4
1095990 456.8
1096000 456.8
1096010 457.0
1096020 457.0
1096030 457.0
1096040 457.1
1096050 457.5
1096060 457.5
1096070 458.1
1096080 458.4
1096090 458.4
1096100 458.5
1096110 458.8
1096120 458.8
1096130 460.3
1096140 461.1
1096150 461.1
1096160 461.6
1096170 462.5
1096180 466.1
1096190 467.3
1096200 468.4
1096210 468.4
1096220 467.4
1096230 465.0
1096240 465.0
1096250 464.1
1096260 464.0
1096270 464.0
1096280 464.2
1096290 464.5
1096300 464.5
1096310 464.8
1096320 465.1
1096330 465.4
1096340 465.4
1096350 465.8
1096360 466.3
1096370 466.3
1096380 467.1
1096390 468.0
1096400 468.0
1096410 469.2
1096420 472.1
1096430 472.1
1096440 474.6
1096450 475.3
1096460 475.3
1096470 478.8
1096480 481.6
1096490 481.6
1096500 484.2
1096510 488.3
1096520 488.3
1096530 488.3
1096540 488.5
1096550 488.5
1096560 489.2
1096570 490.0
1096580 490.0
1096590 490.1
1096600 492.0
1096610 492.0
1096620 493.8
1096630 493.7
1096640 493.7
1096650 495.7
1096660 497.4
1096670 497.5
1096680 497.5
1096690 499.3
1096700 502.5
1096710 502.5
1096720 506.5
1096730 510.9
1096740 510.9
1096750 515.9
1096760 523.8
1096770 523.8
1096780 530.8
1096790 536.3
1096800 536.3
1096810 539.3
1096820 542.4
1096830 542.4
1096840 545.3
1096850 550.7
1096860 550.7
1096870 556.0
1096880 560.5
1096890 560.5
1096900 563.8
1096910 566.3
1096920 566.3
1096930 568.1
1096940 570.3
1096950 570.3
1096960 572.5
1096970 574.9
1096980 574.9
1096990 577.2
1097000 579.5
1097010 579.5
1097020 581.5
1097030 583.9
1097040 586.7
1097050 586.7
1097060 589.6
1097070 592.7
1097080 592.7
1097090 595.6
1097100 598.0
1097110 598.0
1097120 600.2
1097130 602.1
1097140 602.1
1097150 603.5
1097160 604.8
1097170 604.0
1097180 605.1
1097190 606.1
1097200 606.1
1097210 606.9
1097220 607.3
1097230 607.3
1097240 607.3
1097250 606.1
1097260 606.1
1097270 601.9
1097280 596.6
1097290 596.6
1097300 591.6
1097310 586.7
1097320 586.7
1097330 582.0
1097340 576.3
1097350 576.3
1097360 570.2
1097370 564.3
1097380 561.1
1097390 561.1
1097400 557.5
1097410 554.9
1097420 554.9
1097430 553.3
1097440 554.6
1097450 554.6
1097460 551.2
1097470 547.7
1097480 547.7
1097490 546.3
1097500 543.3
1097510 543.3
1097520 543.6
1097530 544.8
1097540 544.8
1097550 548.0
1097560 550.5
1097570 550.5
1097580 549.3
1097590 546.0
1097600 546.0
1097610 542.6
1097620 539.8
1097630 539.8
1097640 537.8
1097650 535.5
1097660 535.5
1097670 532.7
1097680 530.3
1097690 530.3
1097700 525.8
1097710 518.1
1097720 512.3
1097730 512.3
1097740 509.5
1097750 507.2
1097760 507.2
1097770 506.4
1097780 505.4
1097790 505.4
1097800 504.4
1097810 503.5
1097820 503.5
1097830 498.5
1097840 497.8
1097850 497.8
1097860 498.3
1097870 498.9
1097880 498.9
1097890 499.7
1097900 501.1
1097910 501.1
1097920 504.4
1097930 506.0
1097940 506.0
1097950 505.9
1097960 505.6
1097970 505.6
1097980 504.4
1097990 502.9
1098000 502.9
1098010 500.8
1098020 499.2
1098030 499.2
1098040 498.9
1098050 500.5
1098060 500.5
1098070 504.0
1098080 507.7
1098090 511.2
1098100 511.2
1098110 515.3
1098120 523.5
1098130 523.5
1098140 525.1
1098150 525.8
1098160 524.0
1098170 524.0
1098180 523.3
1098190 523.3
1098200 523.9
1098210 523.3
1098220 523.3
1098230 523.1
1098240 524.3
1098250 524.3
1098260 525.7
1098270 526.9
1098280 526.9
1098290 528.3
1098300 529.9
1098310 529.9
1098320 530.4
1098330 529.7
1098340 529.7
1098350 527.2
1098360 524.1
1098370 524.1
1098380 520.0
1098390 517.3
1098400 517.3
1098410 515.9
1098420 516.3
1098430 518.4
1098440 518.4
1098450 521.4
1098460 524.0
1098470 524.0
1098480 523.7
1098490 519.6
1098500 519.6
1098510 517.4
1098520 514.0
1098530 514.0
1098540 510.4
1098550 507.3
1098560 507.3
1098570 505.2
1098580 503.9
1098590 503.9
1098600 503.2
1098610 503.0
1098620 503.0
1098630 503.7
1098640 503.4
1098650 503.4
1098660 504.4
1098670 507.7
1098680 507.7
1098690 512.6
1098700 514.1
1098710 514.1
1098720 511.9
1098730 509.4
1098740 509.4
1098750 508.1
1098760 507.7
1098770 507.0
1098780 507.0
1098790 505.5
1098800 503.0
1098810 503.0
1098820 501.2
1098830 501.1
1098840 501.1
1098850 501.5
1098860 501.9
1098870 501.9
1098880 503.3
1098890 502.2
1098900 502.2
1098910 499.9
1098920 499.9
1098930 499.9
1098940 499.6
1098950 498.4
1098960 498.4
1098970 497.3
1098980 496.7
1098990 496.7
1099000 496.2
1099010 496.3
1099020 496.3
1099030 493.4
1099040 492.8
1099050 492.8
1099060 492.9
1099070 491.9
1099080 491.9
1099090 491.1
1099100 489.7
1099110 489.7
1099120 487.6
1099130 483.9
1099140 482.6
1099150 479.9
1099160 480.3
1099170 480.9
1099180 480.9
1099190 481.0
1099200 481.5
1099210 481.5
1099220 481.5
1099230 481.8
1099240 481.8
1099250 481.9
1099260 482.8
1099270 482.8
1099280 485.6
1099290 487.7
1099300 487.7
1099310 490.0
1099320 492.0
1099330 492.0
1099340 493.3
1099350 491.0
1099360 491.0
1099370 487.6
1099380 484.8
1099390 484.8
1099400 484.1
1099410 484.3
1099420 484.3
1099430 486.1
1099440 487.1
1099450 487.1
1099460 487.4
1099470 487.6
1099480 487.5
1099490 487.5
1099500 487.6
1099510 487.7
1099520 487.7
1099530 487.4
1099540 486.8
1099550 486.8
1099560 486.1
1099570 485.8
1099580 485.8
1099590 485.4
1099600 485.5
1099610 485.5
1099620 488.7
1099630 491.8
1099640 491.8
1099650 492.6
1099660 492.7
1099670 492.7
1099680 492.8
1099690 493.0
1099700 493.0
1099710 493.3
1099720 492.4
1099730 492.4
1099740 495.6
1099750 504.4
1099760 504.4
1099770 511.4
1099780 516.2
1099790 516.2
1099800 518.7
1099810 522.4
1099820 527.5
1099830 531.7
1099840 537.6
1099850 542.5
1099860 542.5
1099870 546.2
1099880 549.0
1099890 549.0
1099900 553.7
1099910 561.9
1099920 561.9
1099930 570.7
1099940 578.5
1099950 578.5
1099960 583.0
1099970 586.4
1099980 586.4
1099990 588.8
