1080000 402.0
1080010 402.0
1080020 402.1
1080030 402.1
1080040 402.1
1080050 402.3
1080060 402.3
1080070 402.3
1080080 402.0
1080090 401.7
1080100 401.7
1080110 401.7
1080120 401.8
1080130 401.8
1080140 401.8
1080150 401.8
1080160 401.8
1080170 402.1
1080180 402.3
1080190 402.3
1080200 402.5
1080210 402.4
1080220 402.2
1080230 402.2
1080240 402.3
1080250 402.3
1080260 402.3
1080270 402.2
1080280 402.3
1080290 402.2
1080300 402.5
1080310 402.8
1080320 402.8
1080330 402.7
1080340 402.6
1080350 402.6
1080360 402.5
1080370 402.5
1080380 402.5
1080390 402.8
1080400 402.9
1080410 402.9
1080420 402.8
1080430 402.6
1080440 402.6
1080450 402.5
1080460 402.6
1080470 402.6
1080480 402.7
1080490 402.8
1080500 402.8
1080510 403.4
1080520 403.6
1080530 403.6
1080540 403.6
1080550 403.7
1080560 403.7
1080570 403.5
1080580 403.0
1080590 402.9
1080600 402.9
1080610 403.5
1080620 403.3
1080630 403.3
1080640 403.4
1080650 403.5
1080660 403.5
1080670 403.7
1080680 403.9
1080690 403.9
1080700 404.2
1080710 404.9
1080720 404.9
1080730 404.8
1080740 404.7
1080750 404.7
1080760 404.7
1080770 404.6
1080780 404.6
1080790 404.5
1080800 404.4
1080810 404.4
1080820 404.1
1080830 404.0
1080840 404.0
1080850 404.2
1080860 404.4
1080870 404.4
1080880 404.5
1080890 404.6
1080900 404.6
1080910 404.7
1080920 404.6
1080930 404.6
1080940 404.6
1080950 404.6
1080960 404.8
1080970 404.8
1080980 404.8
1080990 405.0
1081000 405.0
1081010 404.9
1081020 405.0
1081030 405.0
1081040 405.0
1081050 405.2
1081060 405.2
1081070 405.4
1081080 405.5
1081090 405.5
1081100 406.2
1081110 405.5
1081120 405.5
1081130 405.4
1081140 405.5
1081150 405.5
1081160 405.7
1081170 405.9
1081180 405.9
1081190 405.7
1081200 405.7
1081210 405.7
1081220 405.9
1081230 406.1
1081240 405.9
1081250 406.2
1081260 406.6
1081270 406.6
1081280 406.9
1081290 407.3
1081300 407.8
1081310 407.8
1081320 407.9
1081330 407.7
1081340 407.7
1081350 407.7
1081360 407.7
1081370 407.7
1081380 407.5
1081390 406.9
1081400 406.9
1081410 406.9
1081420 406.4
1081430 406.4
1081440 406.9
1081450 407.0
1081460 407.0
1081470 407.2
1081480 407.1
1081490 407.1
1081500 407.1
1081510 407.1
1081520 407.1
1081530 406.6
1081540 406.8
1081550 406.8
1081560 406.9
1081570 407.1
1081580 407.1
1081590 408.0
1081600 408.9
1081610 408.9
1081620 408.8
1081630 407.7
1081640 406.0
1081650 406.0
1081660 405.1
1081670 403.8
1081680 403.8
1081690 403.0
1081700 401.9
1081710 401.9
1081720 402.0
1081730 401.9
1081740 401.9
1081750 401.9
1081760 402.0
1081770 402.0
1081780 402.0
1081790 402.0
1081800 402.0
1081810 402.1
1081820 402.1
1081830 402.1
1081840 402.2
1081850 402.2
1081860 402.2
1081870 402.6
1081880 402.4
1081890 402.4
1081900 402.5
1081910 402.8
1081920 402.8
1081930 403.4
1081940 404.5
1081950 404.5
1081960 405.4
1081970 406.3
1081980 406.3
1081990 406.4
1082000 406.3
1082010 406.4
1082020 406.4
1082030 406.5
1082040 407.1
1082050 407.1
1082060 407.8
1082070 408.7
1082080 408.7
1082090 409.4
1082100 410.0
1082110 410.0
1082120 410.2
1082130 409.8
1082140 409.8
1082150 409.7
1082160 409.8
1082170 409.8
1082180 409.6
1082190 409.5
1082200 410.0
1082210 409.8
1082220 409.9
1082230 409.9
1082240 410.2
1082250 410.4
1082260 410.4
1082270 410.6
1082280 411.0
1082290 411.0
1082300 411.1
1082310 411.5
1082320 411.5
1082330 411.2
1082340 411.6
1082350 411.8
1082360 411.8
1082370 412.5
1082380 412.5
1082390 412.5
1082400 412.2
1082410 412.5
1082420 412.5
1082430 412.5
1082440 414.2
1082450 414.2
1082460 413.3
1082470 414.2
1082480 414.2
1082490 415.3
1082500 416.1
1082510 411.7
1082520 411.8
1082530 411.6
1082540 411.6
1082550 411.1
1082560 410.9
1082570 410.9
1082580 410.8
1082590 410.7
1082600 410.7
1082610 410.7
1082620 410.7
1082630 410.7
1082640 410.6
1082650 410.4
1082660 410.4
1082670 410.5
1082680 410.4
1082690 410.4
1082700 410.3
1082710 410.2
1082720 410.2
1082730 410.2
1082740 410.3
1082750 410.5
1082760 410.5
1082770 410.6
1082780 410.6
1082790 410.6
1082800 410.7
1082810 410.6
1082820 410.6
1082830 410.6
1082840 411.0
1082850 411.0
1082860 411.2
1082870 411.1
1082880 411.1
1082890 411.2
1082900 411.3
1082910 411.3
1082920 411.4
1082930 411.5
1082940 411.5
1082950 411.6
1082960 411.7
1082970 411.7
1082980 412.0
1082990 412.2
1083000 412.2
1083010 412.2
1083020 412.2
1083030 412.2
1083040 412.3
1083050 412.3
1083060 412.4
1083070 412.4
1083080 412.5
1083090 412.5
1083100 412.5
1083110 412.6
1083120 412.6
1083130 412.6
1083140 412.8
1083150 412.9
1083160 412.9
1083170 413.1
1083180 413.2
1083190 413.2
1083200 413.5
1083210 413.9
1083220 413.9
1083230 414.1
1083240 414.4
1083250 414.4
1083260 414.1
1083270 413.9
1083280 413.9
1083290 414.7
1083300 414.6
1083310 414.6
1083320 414.4
1083330 414.4
1083340 414.4
1083350 415.0
1083360 415.3
1083370 415.3
1083380 415.3
1083390 415.3
1083400 415.3
1083410 415.2
1083420 415.4
1083430 415.7
1083440 415.7
1083450 416.1
1083460 416.1
1083470 416.0
1083480 416.3
1083490 416.6
1083500 416.6
1083510 416.7
1083520 416.6
1083530 416.6
1083540 416.5
1083550 416.0
1083560 416.0
1083570 415.0
1083580 413.5
1083590 413.5
1083600 412.9
1083610 412.7
1083620 412.7
1083630 412.8
1083640 412.8
1083650 412.8
1083660 412.8
1083670 412.9
1083680 412.9
1083690 413.1
1083700 411.8
1083710 411.8
1083720 410.3
1083730 412.3
1083740 412.3
1083750 413.0
1083760 413.4
1083770 413.4
1083780 413.7
1083790 413.5
1083800 413.3
1083810 413.3
1083820 413.3
1083830 413.3
1083840 413.3
1083850 413.3
1083860 413.3
1083870 413.3
1083880 413.3
1083890 413.3
1083900 413.3
1083910 413.3
1083920 413.4
1083930 413.4
1083940 413.4
1083950 413.4
1083960 413.4
1083970 413.5
1083980 413.6
1083990 413.6
1084000 413.7
1084010 413.9
1084020 413.9
1084030 414.0
1084040 414.2
1084050 414.2
1084060 414.8
1084070 414.8
1084080 414.8
1084090 414.6
1084100 414.6
1084110 414.8
1084120 414.8
1084130 414.8
1084140 414.8
1084150 414.8
1084160 414.8
1084170 414.8
1084180 414.8
1084190 414.9
1084200 414.9
1084210 414.9
1084220 415.0
1084230 415.1
1084240 415.1
1084250 415.5
1084260 417.1
1084270 417.1
1084280 416.6
1084290 416.4
1084300 416.4
1084310 416.4
1084320 417.1
1084330 417.1
1084340 417.4
1084350 417.2
1084360 417.2
1084370 416.7
1084380 416.1
1084390 416.1
1084400 415.8
1084410 415.4
1084420 415.4
1084430 416.9
1084440 417.0
1084450 417.0
1084460 416.8
1084470 416.6
1084480 416.6
1084490 416.9
1084500 417.1
1084510 416.9
1084520 416.9
1084530 418.2
1084540 418.7
1084550 418.7
1084560 419.4
1084570 421.3
1084580 421.3
1084590 421.8
1084600 421.9
1084610 421.9
1084620 421.8
1084630 422.2
1084640 422.2
1084650 423.1
1084660 423.8
1084670 423.8
1084680 423.6
1084690 422.7
1084700 422.7
1084710 421.6
1084720 420.2
1084730 420.2
1084740 417.9
1084750 417.9
1084760 417.9
1084770 418.2
1084780 418.2
1084790 418.2
1084800 418.3
1084810 418.0
1084820 418.0
1084830 418.0
1084840 417.9
1084850 417.9
1084860 417.9
1084870 417.9
1084880 417.8
1084890 417.8
1084900 417.5
1084910 417.4
1084920 417.4
1084930 417.9
1084940 418.9
1084950 418.9
1084960 419.8
1084970 420.5
1084980 420.5
1084990 421.2
1085000 421.1
1085010 421.1
1085020 423.9
1085030 429.0
1085040 429.0
1085050 435.7
1085060 442.6
1085070 440.1
1085080 445.3
1085090 449.6
1085100 449.6
1085110 454.4
1085120 459.0
1085130 459.0
1085140 464.8
1085150 470.2
1085160 470.2
1085170 473.6
1085180 478.0
1085190 478.0
1085200 485.6
1085210 491.1
1085220 495.7
1085230 495.7
1085240 500.5
1085250 505.3
1085260 505.3
1085270 508.6
1085280 512.0
1085290 512.0
1085300 515.1
1085310 517.7
1085320 517.7
1085330 522.7
1085340 527.9
1085350 527.9
1085360 532.3
1085370 535.4
1085380 535.4
1085390 532.7
1085400 534.1
1085410 534.1
1085420 536.1
1085430 539.3
1085440 539.3
1085450 544.1
1085460 547.2
1085470 547.2
1085480 551.7
1085490 557.3
1085500 557.3
1085510 562.1
1085520 566.5
1085530 566.5
1085540 573.2
1085550 575.8
1085560 576.8
1085570 576.8
1085580 580.4
1085590 584.3
1085600 584.3
1085610 588.8
1085620 595.6
1085630 595.6
1085640 612.7
1085650 638.2
1085660 638.2
1085670 642.8
1085680 644.1
1085690 644.1
1085700 645.4
1085710 646.5
1085720 646.5
1085730 648.3
1085740 650.8
1085750 650.8
1085760 652.8
1085770 654.1
1085780 654.1
1085790 655.0
1085800 655.8
1085810 655.8
1085820 656.5
1085830 657.4
1085840 657.4
1085850 658.0
1085860 658.9
1085870 658.9
1085880 660.2
1085890 661.1
1085900 661.1
1085910 661.8
1085920 662.6
1085930 663.5
1085940 663.5
1085950 664.6
1085960 666.0
1085970 666.0
1085980 667.1
1085990 667.9
1086000 667.9
1086010 668.3
1086020 668.9
1086030 671.4
1086040 672.0
1086050 672.5
1086060 672.5
1086070 673.3
1086080 674.3
1086090 674.3
1086100 675.6
1086110 676.9
1086120 676.9
1086130 678.0
1086140 679.2
1086150 679.2
1086160 680.3
1086170 684.5
1086180 684.5
1086190 689.1
1086200 692.5
1086210 692.5
1086220 694.9
1086230 696.9
1086240 696.9
1086250 698.5
1086260 699.7
1086270 701.0
1086280 701.0
1086290 701.9
1086300 702.9
1086310 702.9
1086320 703.6
1086330 704.1
1086340 704.1
1086350 704.6
1086360 704.9
1086370 704.9
1086380 706.0
1086390 707.1
1086400 707.1
1086410 707.8
1086420 708.0
1086430 708.0
1086440 707.7
1086450 707.9
1086460 707.9
1086470 708.8
1086480 709.6
1086490 709.6
1086500 710.7
1086510 711.8
1086520 711.8
1086530 712.6
1086540 713.7
1086550 713.7
1086560 714.5
1086570 715.7
1086580 715.7
1086590 716.7
1086600 717.7
1086610 717.7
1086620 718.8
1086630 719.8
1086640 720.9
1086650 720.9
1086660 721.9
1086670 723.9
1086680 723.9
1086690 725.1
1086700 727.3
1086710 727.3
1086720 728.2
1086730 727.8
1086740 727.8
1086750 710.3
1086760 699.4
1086770 699.4
1086780 695.6
1086790 695.3
1086800 695.3
1086810 695.7
1086820 696.6
1086830 696.6
1086840 696.6
1086850 697.1
1086860 697.1
1086870 694.8
1086880 695.0
1086890 695.0
1086900 688.4
1086910 680.9
1086920 680.9
1086930 677.2
1086940 675.5
1086950 675.5
1086960 674.8
1086970 674.6
1086980 677.1
1086990 669.9
1087000 670.2
1087010 669.8
1087020 669.8
1087030 668.9
1087040 666.8
1087050 666.8
1087060 664.2
1087070 661.6
1087080 661.6
1087090 659.2
1087100 657.1
1087110 657.1
1087120 655.1
1087130 653.2
1087140 653.2
1087150 651.9
1087160 650.7
1087170 650.7
1087180 648.8
1087190 646.7
1087200 646.7
1087210 644.6
1087220 642.2
1087230 642.2
1087240 639.5
1087250 637.2
1087260 637.2
1087270 635.6
1087280 633.4
1087290 633.4
1087300 631.6
1087310 625.5
1087320 625.5
1087330 623.2
1087340 619.9
1087350 616.4
1087360 616.4
1087370 613.7
1087380 611.7
1087390 611.7
1087400 610.0
1087410 608.2
1087420 608.2
1087430 606.3
1087440 604.8
1087450 604.8
1087460 603.5
1087470 602.8
1087480 602.8
1087490 601.6
1087500 597.4
1087510 597.4
1087520 595.7
1087530 596.8
1087540 596.8
1087550 597.1
1087560 594.2
1087570 594.2
1087580 591.0
1087590 589.0
1087600 589.0
1087610 587.1
1087620 587.1
1087630 584.1
1087640 586.2
1087650 588.1
1087660 588.1
1087670 588.8
1087680 589.9
1087690 590.4
1087700 590.4
1087710 590.6
1087720 590.5
1087730 590.5
1087740 590.8
1087750 591.0
1087760 591.0
1087770 591.3
1087780 591.7
1087790 591.7
1087800 592.2
1087810 592.4
1087820 592.4
1087830 591.6
1087840 588.2
1087850 588.2
1087860 584.2
1087870 580.6
1087880 580.6
1087890 580.7
1087900 577.9
1087910 577.9
1087920 577.9
1087930 577.4
1087940 577.4
1087950 572.3
1087960 565.7
1087970 565.7
1087980 563.5
1087990 568.0
1088000 568.0
1088010 573.4
1088020 572.7
1088030 572.7
1088040 568.1
1088050 566.9
1088060 570.9
1088070 570.9
1088080 575.8
1088090 580.9
1088100 580.9
1088110 584.9
1088120 587.1
1088130 587.1
1088140 588.7
1088150 588.8
1088160 588.8
1088170 588.7
1088180 588.6
1088190 588.6
1088200 588.2
1088210 587.9
1088220 587.9
1088230 588.2
1088240 588.1
1088250 588.1
1088260 585.3
1088270 577.5
1088280 575.6
1088290 568.6
1088300 561.9
1088310 561.9
1088320 556.0
1088330 552.6
1088340 552.6
1088350 549.9
1088360 553.9
1088370 553.9
1088380 560.3
1088390 565.9
1088400 571.5
1088410 571.5
1088420 574.4
1088430 574.3
1088440 574.3
1088450 572.7
1088460 570.0
1088470 570.0
1088480 568.3
1088490 567.5
1088500 567.5
1088510 567.0
1088520 566.2
1088530 566.2
1088540 563.6
1088550 560.6
1088560 560.6
1088570 557.3
1088580 553.1
1088590 553.1
1088600 549.0
1088610 545.2
1088620 545.2
1088630 541.4
1088640 538.5
1088650 538.5
1088660 529.1
1088670 525.1
1088680 525.1
1088690 529.6
1088700 532.5
1088710 532.5
1088720 534.3
1088730 540.0
1088740 540.0
1088750 545.0
1088760 550.1
1088770 555.0
1088780 555.0
1088790 559.8
1088800 565.4
1088810 565.4
1088820 573.0
1088830 580.6
1088840 580.6
1088850 585.5
1088860 585.0
1088870 585.0
1088880 584.2
1088890 583.5
1088900 583.5
1088910 583.1
1088920 581.0
1088930 581.0
1088940 580.9
1088950 579.4
1088960 579.4
1088970 574.9
1088980 570.1
1088990 570.1
1089000 564.2
1089010 557.5
1089020 557.5
1089030 552.3
1089040 548.1
1089050 548.1
1089060 546.6
1089070 549.7
1089080 549.7
1089090 552.1
1089100 555.2
1089110 553.6
1089120 553.6
1089130 548.9
1089140 545.6
1089150 545.6
1089160 544.7
1089170 547.8
1089180 547.8
1089190 552.2
1089200 555.9
1089210 555.9
1089220 559.2
1089230 557.4
1089240 557.4
1089250 562.7
1089260 564.4
1089270 564.4
1089280 567.7
1089290 573.1
1089300 573.1
1089310 580.8
1089320 585.6
1089330 585.6
1089340 586.7
1089350 587.1
1089360 587.1
1089370 588.6
1089380 590.4
1089390 590.4
1089400 590.7
1089410 590.6
1089420 590.6
1089430 591.1
1089440 591.3
1089450 591.3
1089460 591.5
1089470 591.3
1089480 591.2
1089490 591.2
1089500 591.2
1089510 591.6
1089520 591.6
1089530 592.0
1089540 592.3
1089550 592.3
1089560 592.5
1089570 593.2
1089580 593.2
1089590 593.2
1089600 593.1
1089610 593.1
1089620 593.1
1089630 593.1
1089640 593.1
1089650 593.3
1089660 593.5
1089670 593.5
1089680 593.8
1089690 594.4
1089700 594.4
1089710 595.0
1089720 595.6
1089730 595.6
1089740 596.2
1089750 596.8
1089760 596.8
1089770 597.3
1089780 597.9
1089790 597.9
1089800 598.6
1089810 599.2
1089820 599.2
1089830 600.2
1089840 601.3
1089850 602.4
1089860 602.4
1089870 603.6
1089880 604.5
1089890 604.7
1089900 605.3
1089910 605.3
1089920 605.3
1089930 604.6
1089940 603.3
1089950 603.3
1089960 599.8
1089970 596.5
1089980 596.5
1089990 589.1
1090000 580.8
1090010 580.8
1090020 576.9
1090030 578.6
1090040 578.6
1090050 577.5
1090060 573.2
1090070 573.2
1090080 574.0
1090090 573.3
1090100 573.3
1090110 574.1
1090120 576.0
1090130 576.0
1090140 578.3
1090150 581.6
1090160 581.6
1090170 579.4
1090180 576.9
1090190 576.1
1090200 576.1
1090210 576.2
1090220 574.4
1090230 574.4
1090240 572.2
1090250 569.0
1090260 569.0
1090270 565.0
1090280 561.1
1090290 561.1
1090300 557.4
1090310 554.3
1090320 554.3
1090330 550.5
1090340 546.5
1090350 546.5
1090360 542.0
1090370 536.7
1090380 536.7
1090390 531.2
1090400 526.8
1090410 526.8
1090420 526.0
1090430 525.7
1090440 525.7
1090450 523.4
1090460 520.4
1090470 520.4
1090480 517.1
1090490 515.9
1090500 515.9
1090510 512.9
1090520 507.2
1090530 507.2
1090540 500.9
1090550 492.2
1090560 477.0
1090570 477.0
1090580 468.5
1090590 465.6
1090600 465.6
1090610 465.4
1090620 468.1
1090630 468.1
1090640 471.4
1090650 473.7
1090660 473.7
1090670 473.3
1090680 478.9
1090690 478.9
1090700 483.8
1090710 489.0
1090720 489.0
1090730 487.0
1090740 481.4
1090750 481.4
1090760 480.2
1090770 475.8
1090780 475.8
1090790 469.3
1090800 469.8
1090810 469.8
1090820 465.9
1090830 465.9
1090840 465.9
1090850 466.4
1090860 466.0
1090870 459.4
1090880 459.5
1090890 459.8
1090900 459.3
1090910 459.3
1090920 459.1
1090930 459.6
1090940 459.6
1090950 458.5
1090960 457.4
1090970 457.4
1090980 457.2
1090990 456.1
1091000 456.1
1091010 453.4
1091020 451.6
1091030 451.6
1091040 452.6
1091050 451.7
1091060 451.7
1091070 447.7
1091080 441.5
1091090 441.5
1091100 436.6
1091110 434.4
1091120 434.4
1091130 432.5
1091140 432.4
1091150 432.4
1091160 432.4
1091170 432.4
1091180 432.4
1091190 432.3
1091200 432.4
1091210 432.4
1091220 432.6
1091230 433.2
1091240 433.2
1091250 435.4
1091260 439.1
1091270 441.3
1091280 441.3
1091290 443.9
1091300 446.2
1091310 446.2
1091320 448.1
1091330 449.9
1091340 449.9
1091350 451.5
1091360 452.8
1091370 452.8
1091380 454.7
1091390 455.7
1091400 455.7
1091410 457.4
1091420 458.1
1091430 458.1
1091440 459.1
1091450 461.6
1091460 461.6
1091470 465.8
1091480 469.4
1091490 469.4
1091500 471.4
1091510 472.2
1091520 476.6
1091530 478.5
1091540 480.6
1091550 480.6
1091560 483.7
1091570 486.4
1091580 486.4
1091590 490.2
1091600 493.1
1091610 496.1
1091620 496.1
1091630 496.9
1091640 496.3
1091650 496.3
1091660 500.2
1091670 501.0
1091680 501.0
1091690 500.4
1091700 502.6
1091710 502.6
1091720 512.5
1091730 520.4
1091740 520.4
1091750 522.4
1091760 522.2
1091770 522.2
1091780 526.5
1091790 531.1
1091800 531.1
1091810 533.3
1091820 534.2
1091830 534.2
1091840 535.0
1091850 533.5
1091860 533.5
1091870 532.7
1091880 531.8
1091890 531.8
1091900 533.0
1091910 535.4
1091920 535.4
1091930 538.3
1091940 542.7
1091950 542.7
1091960 549.2
1091970 558.5
1091980 563.2
1091990 563.2
1092000 566.4
1092010 569.5
1092020 569.5
1092030 572.4
1092040 574.2
1092050 574.2
1092060 575.3
1092070 578.7
1092080 578.7
1092090 582.1
1092100 584.0
1092110 584.0
1092120 585.6
1092130 587.1
1092140 587.1
1092150 588.7
1092160 590.3
1092170 592.7
1092180 594.3
1092190 595.6
1092200 595.6
1092210 596.7
1092220 597.3
1092230 597.3
1092240 597.6
1092250 597.6
1092260 597.6
1092270 597.5
1092280 597.3
1092290 597.3
1092300 597.6
1092310 598.4
1092320 599.5
1092330 599.5
1092340 600.7
1092350 602.1
1092360 602.1
1092370 602.9
1092380 600.7
1092390 600.7
1092400 593.2
1092410 586.1
1092420 586.1
1092430 578.8
1092440 571.3
1092450 571.3
1092460 565.1
1092470 562.1
1092480 562.1
1092490 563.5
1092500 564.9
1092510 564.9
1092520 556.8
1092530 554.7
1092540 554.7
1092550 565.1
1092560 570.0
1092570 570.0
1092580 574.2
1092590 576.8
1092600 576.8
1092610 580.8
1092620 585.1
1092630 585.1
1092640 588.6
1092650 592.4
1092660 592.4
1092670 595.8
1092680 594.5
1092690 595.0
1092700 595.0
1092710 598.0
1092720 597.9
1092730 597.9
1092740 595.2
1092750 594.0
1092760 594.0
1092770 588.8
1092780 587.6
1092790 587.6
1092800 593.6
1092810 600.5
1092820 599.5
1092830 606.1
1092840 609.4
1092850 609.4
1092860 610.7
1092870 611.3
1092880 611.3
1092890 611.7
1092900 612.2
1092910 612.2
1092920 612.8
1092930 613.1
1092940 613.1
1092950 613.5
1092960 613.8
1092970 613.8
1092980 614.2
1092990 614.5
1093000 614.5
1093010 613.5
1093020 610.7
1093030 614.8
1093040 614.8
1093050 615.1
1093060 615.7
1093070 615.7
1093080 617.2
1093090 619.1
1093100 619.1
1093110 621.2
1093120 623.0
1093130 623.0
1093140 624.6
1093150 626.6
1093160 626.6
1093170 627.8
1093180 628.5
1093190 628.5
1093200 629.2
1093210 629.8
1093220 629.8
1093230 630.1
1093240 630.2
1093250 630.2
1093260 630.4
1093270 630.6
1093280 630.6
1093290 630.2
1093300 629.2
1093310 629.2
1093320 629.6
1093330 630.9
1093340 630.9
1093350 631.9
1093360 632.9
1093370 632.9
1093380 634.7
1093390 636.4
1093400 637.4
1093410 637.4
1093420 638.4
1093430 640.4
1093440 640.4
1093450 642.4
1093460 643.6
1093470 646.7
1093480 648.1
1093490 649.3
1093500 649.3
1093510 650.3
1093520 651.1
1093530 651.1
1093540 651.2
1093550 651.4
1093560 651.4
1093570 651.9
1093580 652.8
1093590 652.8
1093600 653.7
1093610 654.3
1093620 654.3
1093630 654.5
1093640 654.5
1093650 654.5
1093660 654.2
1093670 652.5
1093680 652.5
1093690 650.5
1093700 649.1
1093710 649.1
1093720 647.4
1093730 645.4
1093740 643.7
1093750 643.7
1093760 642.1
1093770 640.2
1093780 640.2
1093790 639.5
1093800 640.0
1093810 640.0
1093820 640.0
1093830 639.7
1093840 639.7
1093850 639.6
1093860 639.2
1093870 639.2
1093880 638.9
1093890 638.9
1093900 638.9
1093910 638.8
1093920 638.8
1093930 638.8
1093940 638.7
1093950 638.5
1093960 638.5
1093970 637.6
1093980 636.3
1093990 636.3
1094000 634.5
1094010 632.8
1094020 632.8
1094030 631.8
1094040 630.9
1094050 630.9
1094060 630.1
1094070 629.3
1094080 629.3
1094090 628.5
1094100 627.7
1094110 626.6
1094120 626.6
1094130 623.3
1094140 621.0
1094150 621.0
1094160 618.8
1094170 616.8
1094180 616.8
1094190 614.9
1094200 613.3
1094210 613.3
1094220 611.7
1094230 609.6
1094240 609.6
1094250 608.5
1094260 608.0
1094270 608.0
1094280 605.9
1094290 603.1
1094300 603.1
1094310 602.4
1094320 600.2
1094330 600.2
1094340 595.2
1094350 590.8
1094360 590.8
1094370 592.5
1094380 591.6
1094390 591.6
1094400 589.8
1094410 585.6
1094420 585.6
1094430 580.2
1094440 576.1
1094450 549.8
1094460 549.8
1094470 547.2
1094480 547.8
1094490 547.8
1094500 543.3
1094510 539.7
1094520 539.7
1094530 536.1
1094540 534.5
1094550 534.5
1094560 541.1
1094570 549.4
1094580 549.4
1094590 554.7
1094600 551.9
1094610 551.9
1094620 545.3
1094630 540.6
1094640 540.6
1094650 535.2
1094660 535.9
1094670 535.9
1094680 538.7
1094690 542.8
1094700 542.8
1094710 545.6
1094720 544.9
1094730 544.9
1094740 544.8
1094750 541.1
1094760 541.1
1094770 532.4
1094780 523.8
1094790 523.8
1094800 515.0
1094810 504.2
1094820 495.1
1094830 495.1
1094840 486.3
1094850 478.3
1094860 478.3
1094870 475.3
1094880 480.4
1094890 480.4
1094900 489.8
1094910 499.5
1094920 499.5
1094930 508.0
1094940 516.3
1094950 516.3
1094960 524.3
1094970 532.7
1094980 532.7
1094990 541.5
1095000 544.7
1095010 544.7
1095020 542.9
1095030 540.8
1095040 540.8
1095050 539.9
1095060 537.6
1095070 537.6
1095080 532.6
1095090 531.2
1095100 531.2
1095110 539.0
1095120 541.2
1095130 541.2
1095140 541.0
1095150 534.5
1095160 525.8
1095170 525.8
1095180 524.7
1095190 530.5
1095200 530.5
1095210 535.2
1095220 533.5
1095230 533.5
1095240 535.2
1095250 539.1
1095260 539.1
1095270 541.1
1095280 544.4
1095290 544.4
1095300 543.1
1095310 536.7
1095320 536.7
1095330 528.2
1095340 522.1
1095350 522.1
1095360 523.3
1095370 527.3
1095380 527.3
1095390 530.5
1095400 533.1
1095410 533.1
1095420 538.0
1095430 540.9
1095440 544.0
1095450 540.3
1095460 534.7
1095470 534.7
1095480 529.4
1095490 525.0
1095500 525.0
1095510 515.3
1095520 499.9
1095530 485.3
1095540 485.3
1095550 477.7
1095560 470.5
1095570 470.5
1095580 466.5
1095590 458.5
1095600 458.5
1095610 449.3
1095620 448.9
1095630 448.9
1095640 448.8
1095650 448.8
1095660 448.8
1095670 449.3
1095680 451.4
1095690 451.4
1095700 453.6
1095710 455.2
1095720 455.2
1095730 457.0
1095740 459.5
1095750 459.5
1095760 463.4
1095770 469.4
1095780 469.4
1095790 475.1
1095800 479.8
1095810 479.8
1095820 483.0
1095830 485.0
1095840 485.0
1095850 487.8
1095860 492.9
1095870 500.4
1095880 500.4
1095890 506.3
1095900 511.1
1095910 511.1
1095920 515.1
1095930 519.3
1095940 519.3
1095950 523.8
1095960 527.3
1095970 527.3
1095980 529.3
1095990 533.8
1096000 533.8
1096010 539.0
1096020 545.7
1096030 545.7
1096040 557.4
1096050 560.6
1096060 560.6
1096070 561.1
1096080 561.6
1096090 561.6
1096100 563.0
1096110 564.3
1096120 564.3
1096130 565.3
1096140 564.9
1096150 564.9
1096160 565.1
1096170 566.0
1096180 566.0
1096190 567.8
1096200 569.5
1096210 569.5
1096220 571.5
1096230 573.5
1096240 575.6
1096250 575.6
1096260 577.5
1096270 579.6
1096280 579.6
1096290 581.8
1096300 584.8
1096310 584.8
1096320 587.8
1096330 590.4
1096340 590.4
1096350 593.0
1096360 595.8
1096370 595.8
1096380 598.4
1096390 601.1
1096400 601.1
1096410 603.4
1096420 605.3
1096430 607.0
1096440 608.8
1096450 610.4
1096460 610.4
1096470 612.1
1096480 614.0
1096490 614.0
1096500 615.8
1096510 617.8
1096520 617.8
1096530 619.3
1096540 620.8
1096550 620.8
1096560 622.4
1096570 624.3
1096580 626.3
1096590 626.3
1096600 628.0
1096610 629.5
1096620 629.5
1096630 631.2
1096640 632.9
1096650 632.9
1096660 634.7
1096670 636.4
1096680 636.4
1096690 638.4
1096700 639.8
1096710 639.8
1096720 641.1
1096730 642.1
1096740 642.1
1096750 643.2
1096760 644.2
1096770 644.2
1096780 645.2
1096790 646.8
1096800 646.8
1096810 648.3
1096820 650.0
1096830 650.0
1096840 651.7
1096850 653.4
1096860 653.4
1096870 655.2
1096880 656.9
1096890 656.9
1096900 658.8
1096910 660.7
1096920 660.7
1096930 662.3
1096940 663.9
1096950 665.3
1096960 665.3
1096970 666.7
1096980 667.9
1096990 667.9
1097000 668.9
1097010 669.8
1097020 669.8
1097030 670.5
1097040 670.9
1097050 670.9
1097060 671.4
1097070 672.0
1097080 672.0
1097090 672.0
1097100 672.2
1097110 672.2
1097120 672.6
1097130 673.4
1097140 673.4
1097150 674.2
1097160 674.9
1097170 674.9
1097180 675.6
1097190 676.4
1097200 676.4
1097210 677.4
1097220 678.8
1097230 678.8
1097240 680.3
1097250 682.2
1097260 682.2
1097270 683.8
1097280 685.2
1097290 686.4
1097300 686.4
1097310 687.5
1097320 688.7
1097330 688.7
1097340 690.1
1097350 691.5
1097360 691.5
1097370 692.5
1097380 693.0
1097390 693.0
1097400 693.2
1097410 693.2
1097420 691.2
1097430 691.1
1097440 691.0
1097450 691.0
1097460 690.9
1097470 690.8
1097480 690.8
1097490 691.9
1097500 692.8
1097510 692.8
1097520 693.4
1097530 694.2
1097540 694.2
1097550 694.5
1097560 694.3
1097570 694.3
1097580 693.8
1097590 694.1
1097600 694.1
1097610 694.5
1097620 694.9
1097630 694.9
1097640 694.8
1097650 693.4
1097660 692.1
1097670 692.1
1097680 690.9
1097690 689.8
1097700 689.8
1097710 688.6
1097720 686.8
1097730 686.8
1097740 685.2
1097750 682.7
1097760 682.7
1097770 682.7
1097780 683.5
1097790 683.5
1097800 684.3
1097810 684.9
1097820 684.9
1097830 685.7
1097840 686.6
1097850 686.6
1097860 687.2
1097870 687.9
1097880 687.9
1097890 688.5
1097900 688.8
1097910 688.8
1097920 688.8
1097930 688.6
1097940 688.6
1097950 687.9
1097960 687.1
1097970 687.1
1097980 686.5
1097990 685.8
1098000 685.4
1098010 685.4
1098020 684.5
1098030 683.7
1098040 683.7
1098050 682.6
1098060 681.5
1098070 681.5
1098080 679.6
1098090 678.3
1098100 678.3
1098110 677.6
1098120 678.6
1098130 678.6
1098140 678.8
1098150 679.0
1098160 679.0
1098170 679.1
1098180 678.9
1098190 678.9
1098200 678.6
1098210 678.4
1098220 678.4
1098230 678.1
1098240 678.0
1098250 678.0
1098260 677.9
1098270 677.7
1098280 677.7
1098290 677.4
1098300 677.3
1098310 677.3
1098320 677.0
1098330 676.7
1098340 676.7
1098350 676.8
1098360 676.9
1098370 677.1
1098380 677.1
1098390 677.1
1098400 677.2
1098410 676.6
1098420 676.9
1098430 676.9
1098440 676.9
1098450 676.7
1098460 676.4
1098470 676.4
1098480 676.0
1098490 675.5
1098500 675.5
1098510 675.1
1098520 674.8
1098530 674.8
1098540 674.4
1098550 674.3
1098560 674.3
1098570 674.5
1098580 674.6
1098590 674.6
1098600 674.5
1098610 674.6
1098620 674.6
1098630 674.6
1098640 674.5
1098650 674.5
1098660 674.7
1098670 674.9
1098680 674.9
1098690 674.8
1098700 674.4
1098710 673.7
1098720 673.7
1098730 673.0
1098740 671.3
1098750 671.3
1098760 671.3
1098770 671.0
1098780 671.0
1098790 670.6
1098800 671.7
1098810 671.7
1098820 672.2
1098830 672.7
1098840 672.7
1098850 673.1
1098860 673.2
1098870 673.2
1098880 672.9
1098890 672.1
1098900 672.1
1098910 670.8
1098920 669.3
1098930 669.3
1098940 668.5
1098950 667.7
1098960 667.7
1098970 666.7
1098980 665.7
1098990 665.7
1099000 664.9
1099010 664.4
1099020 664.4
1099030 663.6
1099040 660.8
1099050 659.1
1099060 659.1
1099070 654.8
1099080 658.5
1099090 658.5
1099100 660.2
1099110 660.1
1099120 660.1
1099130 659.9
1099140 659.6
1099150 659.6
1099160 659.6
1099170 659.5
1099180 659.5
1099190 659.3
1099200 659.1
1099210 659.1
1099220 658.9
1099230 658.7
1099240 658.7
1099250 658.0
1099260 652.7
1099270 652.7
1099280 645.3
1099290 641.3
1099300 641.3
1099310 638.7
1099320 635.8
1099330 635.8
1099340 637.4
1099350 639.3
1099360 639.3
1099370 636.3
1099380 633.1
1099390 633.1
1099400 621.2
1099410 618.1
1099420 616.5
1099430 616.5
1099440 614.0
1099450 610.8
1099460 610.8
1099470 607.2
1099480 604.0
1099490 604.0
1099500 601.5
1099510 599.5
1099520 599.5
1099530 597.7
1099540 594.9
1099550 594.9
1099560 592.8
1099570 590.1
1099580 590.1
1099590 587.3
1099600 585.0
1099610 585.0
1099620 583.0
1099630 582.7
1099640 582.7
1099650 581.2
1099660 577.5
1099670 577.5
1099680 575.3
1099690 573.9
1099700 573.9
1099710 572.6
1099720 571.8
1099730 568.6
1099740 566.8
1099750 565.4
1099760 563.1
1099770 563.1
1099780 561.0
1099790 559.4
1099800 559.4
1099810 557.7
1099820 556.2
1099830 556.2
1099840 554.3
1099850 552.1
1099860 552.1
1099870 550.7
1099880 550.7
1099890 550.7
1099900 553.3
1099910 554.8
1099920 554.8
1099930 555.6
1099940 555.4
1099950 555.4
1099960 555.1
1099970 555.2
1099980 555.2
1099990 556.2
