1080000 401.7
1080010 402.0
1080020 401.7
1080030 401.4
1080040 401.4
1080050 401.4
1080060 401.7
1080070 401.7
1080080 401.8
1080090 401.4
1080100 401.4
1080110 401.5
1080120 401.8
1080130 401.8
1080140 402.0
1080150 401.9
1080160 401.9
1080170 401.8
1080180 401.7
1080190 401.7
1080200 402.1
1080210 402.9
1080220 402.9
1080230 402.8
1080240 402.9
1080250 402.9
1080260 402.9
1080270 403.0
1080280 403.0
1080290 403.0
1080300 402.9
1080310 402.9
1080320 402.9
1080330 402.9
1080340 402.9
1080350 403.0
1080360 403.0
1080370 402.9
1080380 402.9
1080390 402.8
1080400 402.9
1080410 402.9
1080420 403.4
1080430 403.5
1080440 403.5
1080450 402.8
1080460 402.9
1080470 402.9
1080480 403.5
1080490 403.8
1080500 403.8
1080510 403.7
1080520 403.8
1080530 403.8
1080540 403.6
1080550 404.0
1080560 404.0
1080570 403.9
1080580 403.7
1080590 403.7
1080600 403.8
1080610 403.8
1080620 403.8
1080630 403.8
1080640 404.0
1080650 404.0
1080660 404.1
1080670 404.0
1080680 404.0
1080690 404.0
1080700 404.1
1080710 404.1
1080720 404.4
1080730 404.6
1080740 404.6
1080750 404.6
1080760 404.4
1080770 404.1
1080780 404.1
1080790 404.2
1080800 404.3
1080810 404.3
1080820 404.3
1080830 404.3
1080840 404.3
1080850 404.3
1080860 404.5
1080870 404.5
1080880 404.9
1080890 405.5
1080900 405.5
1080910 405.5
1080920 405.7
1080930 405.7
1080940 405.8
1080950 405.8
1080960 405.8
1080970 406.2
1080980 406.7
1080990 405.7
1081000 407.0
1081010 407.2
1081020 407.2
1081030 406.8
1081040 406.7
1081050 406.7
1081060 406.6
1081070 406.5
1081080 406.5
1081090 406.5
1081100 406.7
1081110 406.6
1081120 406.6
1081130 406.7
1081140 407.0
1081150 407.0
1081160 406.6
1081170 406.1
1081180 406.1
1081190 406.4
1081200 406.4
1081210 406.4
1081220 406.4
1081230 407.1
1081240 407.1
1081250 408.0
1081260 406.7
1081270 406.7
1081280 404.6
1081290 402.8
1081300 402.8
1081310 402.6
1081320 401.5
1081330 401.5
1081340 401.5
1081350 401.5
1081360 401.5
1081370 401.5
1081380 401.5
1081390 401.5
1081400 401.5
1081410 401.5
1081420 401.5
1081430 402.2
1081440 403.8
1081450 404.5
1081460 404.5
1081470 404.5
1081480 405.1
1081490 405.1
1081500 406.1
1081510 408.1
1081520 408.1
1081530 408.9
1081540 408.6
1081550 408.6
1081560 407.6
1081570 407.8
1081580 407.8
1081590 407.5
1081600 407.1
1081610 407.1
1081620 407.2
1081630 407.2
1081640 407.2
1081650 407.2
1081660 407.3
1081670 407.3
1081680 407.3
1081690 407.3
1081700 407.3
1081710 407.3
1081720 407.6
1081730 407.6
1081740 407.6
1081750 407.5
1081760 407.5
1081770 407.4
1081780 407.3
1081790 407.3
1081800 407.3
1081810 407.3
1081820 407.1
1081830 407.1
1081840 407.6
1081850 408.1
1081860 408.1
1081870 407.0
1081880 406.6
1081890 406.6
1081900 406.6
1081910 406.6
1081920 406.6
1081930 406.6
1081940 406.5
1081950 406.5
1081960 406.6
1081970 406.5
1081980 406.5
1081990 406.5
1082000 406.6
1082010 406.6
1082020 406.6
1082030 406.6
1082040 406.6
1082050 406.7
1082060 406.6
1082070 406.6
1082080 406.4
1082090 407.0
1082100 407.0
1082110 407.2
1082120 407.2
1082130 407.2
1082140 407.3
1082150 407.4
1082160 408.3
1082170 408.3
1082180 407.8
1082190 406.9
1082200 406.9
1082210 407.5
1082220 408.7
1082230 408.7
1082240 409.1
1082250 410.9
1082260 410.9
1082270 410.5
1082280 409.3
1082290 409.3
1082300 409.6
1082310 410.2
1082320 410.2
1082330 410.8
1082340 411.3
1082350 411.3
1082360 411.9
1082370 412.7
1082380 412.7
1082390 413.5
1082400 413.7
1082410 413.7
1082420 413.8
1082430 415.1
1082440 415.1
1082450 415.9
1082460 416.6
1082470 416.6
1082480 417.2
1082490 417.7
1082500 417.7
1082510 418.3
1082520 418.6
1082530 418.7
1082540 418.7
1082550 418.7
1082560 418.7
1082570 418.7
1082580 418.1
1082590 418.1
1082600 418.1
1082610 418.2
1082620 418.5
1082630 418.5
1082640 418.7
1082650 418.9
1082660 418.9
1082670 419.0
1082680 419.1
1082690 419.1
1082700 419.3
1082710 419.4
1082720 419.4
1082730 419.5
1082740 419.7
1082750 419.7
1082760 419.9
1082770 419.8
1082780 419.8
1082790 420.0
1082800 420.1
1082810 420.1
1082820 420.3
1082830 420.6
1082840 420.6
1082850 420.9
1082860 421.1
1082870 421.3
1082880 421.3
1082890 421.9
1082900 422.2
1082910 422.2
1082920 422.8
1082930 423.5
1082940 423.5
1082950 424.0
1082960 424.4
1082970 424.4
1082980 425.0
1082990 425.8
1083000 425.8
1083010 426.7
1083020 427.3
1083030 427.3
1083040 427.4
1083050 427.4
1083060 427.4
1083070 427.4
1083080 427.3
1083090 427.3
1083100 427.3
1083110 427.2
1083120 427.2
1083130 427.3
1083140 428.6
1083150 428.6
1083160 430.2
1083170 431.7
1083180 431.7
1083190 432.6
1083200 433.0
1083210 433.4
1083220 433.5
1083230 434.1
1083240 436.0
1083250 436.0
1083260 436.8
1083270 437.4
1083280 437.4
1083290 437.3
1083300 436.2
1083310 436.2
1083320 434.0
1083330 433.5
1083340 433.5
1083350 432.1
1083360 429.5
1083370 429.5
1083380 428.0
1083390 427.1
1083400 427.1
1083410 426.2
1083420 425.3
1083430 425.3
1083440 423.5
1083450 421.7
1083460 421.7
1083470 420.8
1083480 418.1
1083490 418.1
1083500 417.8
1083510 416.5
1083520 416.5
1083530 414.4
1083540 413.9
1083550 413.9
1083560 413.9
1083570 413.6
1083580 413.6
1083590 413.5
1083600 413.4
1083610 412.8
1083620 412.8
1083630 412.9
1083640 413.1
1083650 413.1
1083660 413.0
1083670 413.6
1083680 413.6
1083690 414.2
1083700 414.2
1083710 414.2
1083720 414.1
1083730 414.0
1083740 414.0
1083750 413.6
1083760 413.1
1083770 413.1
1083780 413.0
1083790 412.8
1083800 412.8
1083810 412.9
1083820 412.9
1083830 412.9
1083840 412.9
1083850 413.2
1083860 413.2
1083870 413.4
1083880 413.4
1083890 413.4
1083900 413.3
1083910 413.3
1083920 413.3
1083930 414.3
1083940 413.5
1083950 413.2
1083960 413.2
1083970 413.3
1083980 413.6
1083990 413.6
1084000 413.9
1084010 414.1
1084020 414.1
1084030 414.0
1084040 413.5
1084050 413.5
1084060 413.2
1084070 413.2
1084080 413.2
1084090 413.4
1084100 413.4
1084110 413.4
1084120 413.4
1084130 414.2
1084140 414.2
1084150 414.3
1084160 414.4
1084170 414.5
1084180 414.4
1084190 414.1
1084200 414.1
1084210 414.2
1084220 414.2
1084230 414.2
1084240 414.3
1084250 414.3
1084260 414.3
1084270 414.4
1084280 414.6
1084290 414.6
1084300 414.6
1084310 414.6
1084320 414.7
1084330 414.7
1084340 414.6
1084350 414.7
1084360 414.7
1084370 414.7
1084380 414.4
1084390 414.4
1084400 414.5
1084410 414.7
1084420 414.7
1084430 414.9
1084440 414.9
1084450 414.9
1084460 415.0
1084470 415.5
1084480 415.5
1084490 418.1
1084500 418.2
1084510 418.2
1084520 418.1
1084530 418.2
1084540 418.2
1084550 419.5
1084560 421.6
1084570 421.6
1084580 424.1
1084590 424.9
1084600 424.9
1084610 425.2
1084620 425.4
1084630 425.4
1084640 425.6
1084650 426.1
1084660 428.3
1084670 428.3
1084680 430.6
1084690 431.3
1084700 431.3
1084710 431.5
1084720 432.2
1084730 432.2
1084740 433.1
1084750 434.8
1084760 434.8
1084770 437.2
1084780 441.0
1084790 441.0
1084800 446.7
1084810 447.9
1084820 447.9
1084830 451.4
1084840 453.3
1084850 453.3
1084860 454.6
1084870 459.5
1084880 459.5
1084890 462.3
1084900 469.0
1084910 469.0
1084920 474.8
1084930 479.2
1084940 479.2
1084950 485.0
1084960 491.3
1084970 491.3
1084980 497.7
1084990 503.4
1085000 503.4
1085010 508.9
1085020 514.2
1085030 518.8
1085040 518.8
1085050 524.1
1085060 529.9
1085070 529.9
1085080 535.1
1085090 540.7
1085100 540.7
1085110 545.5
1085120 550.3
1085130 543.6
1085140 547.7
1085150 553.3
1085160 553.3
1085170 558.7
1085180 563.1
1085190 563.1
1085200 566.0
1085210 569.4
1085220 569.4
1085230 573.0
1085240 577.9
1085250 577.9
1085260 582.7
1085270 587.6
1085280 587.6
1085290 593.5
1085300 599.4
1085310 599.4
1085320 605.3
1085330 609.7
1085340 609.7
1085350 614.4
1085360 619.4
1085370 624.4
1085380 624.4
1085390 625.3
1085400 624.4
1085410 624.4
1085420 621.5
1085430 620.5
1085440 620.5
1085450 615.6
1085460 615.2
1085470 615.2
1085480 614.4
1085490 613.5
1085500 613.5
1085510 613.6
1085520 614.3
1085530 614.3
1085540 615.4
1085550 616.9
1085560 616.9
1085570 619.2
1085580 621.3
1085590 621.3
1085600 623.7
1085610 626.0
1085620 626.0
1085630 628.5
1085640 631.7
1085650 631.7
1085660 635.3
1085670 639.1
1085680 639.1
1085690 643.2
1085700 647.4
1085710 647.4
1085720 652.2
1085730 657.7
1085740 663.4
1085750 663.4
1085760 666.6
1085770 660.4
1085780 660.4
1085790 665.7
1085800 669.3
1085810 669.3
1085820 673.6
1085830 676.4
1085840 676.4
1085850 678.4
1085860 679.8
1085870 679.8
1085880 681.6
1085890 683.0
1085900 683.0
1085910 684.1
1085920 685.1
1085930 685.1
1085940 685.7
1085950 686.5
1085960 686.5
1085970 687.2
1085980 687.7
1085990 687.7
1086000 687.5
1086010 686.5
1086020 686.5
1086030 683.7
1086040 681.1
1086050 681.1
1086060 679.0
1086070 676.9
1086080 675.3
1086090 672.0
1086100 671.6
1086110 671.2
1086120 671.2
1086130 670.6
1086140 670.0
1086150 670.0
1086160 669.3
1086170 668.7
1086180 668.7
1086190 668.6
1086200 668.7
1086210 668.7
1086220 668.3
1086230 668.6
1086240 668.6
1086250 669.2
1086260 669.1
1086270 669.1
1086280 668.6
1086290 668.8
1086300 668.8
1086310 669.2
1086320 669.5
1086330 669.5
1086340 670.5
1086350 671.6
1086360 671.6
1086370 672.0
1086380 671.7
1086390 671.7
1086400 672.4
1086410 669.3
1086420 669.3
1086430 673.6
1086440 678.5
1086450 681.3
1086460 681.3
1086470 684.4
1086480 687.0
1086490 687.0
1086500 689.4
1086510 691.2
1086520 691.2
1086530 692.3
1086540 694.1
1086550 694.1
1086560 696.7
1086570 698.8
1086580 698.8
1086590 700.3
1086600 701.6
1086610 701.6
1086620 702.8
1086630 703.7
1086640 703.7
1086650 704.4
1086660 705.2
1086670 705.2
1086680 705.8
1086690 706.1
1086700 706.1
1086710 705.9
1086720 705.4
1086730 701.5
1086740 702.0
1086750 702.8
1086760 702.8
1086770 703.5
1086780 704.3
1086790 704.8
1086800 704.8
1086810 705.0
1086820 706.0
1086830 706.0
1086840 706.9
1086850 707.7
1086860 707.7
1086870 708.7
1086880 709.9
1086890 709.9
1086900 710.6
1086910 711.1
1086920 711.1
1086930 712.4
1086940 713.7
1086950 713.7
1086960 714.9
1086970 716.2
1086980 716.2
1086990 717.5
1087000 718.5
1087010 718.5
1087020 719.1
1087030 720.1
1087040 720.1
1087050 722.9
1087060 724.0
1087070 724.0
1087080 724.9
1087090 725.7
1087100 725.7
1087110 724.9
1087120 721.9
1087130 721.9
1087140 717.2
1087150 711.3
1087160 707.8
1087170 707.8
1087180 706.3
1087190 706.1
1087200 706.1
1087210 706.1
1087220 706.2
1087230 706.2
1087240 706.7
1087250 707.6
1087260 707.6
1087270 708.4
1087280 709.2
1087290 709.2
1087300 710.0
1087310 710.7
1087320 710.7
1087330 711.1
1087340 710.3
1087350 710.3
1087360 704.8
1087370 682.3
1087380 682.3
1087390 679.2
1087400 676.0
1087410 676.0
1087420 673.0
1087430 669.7
1087440 669.7
1087450 666.0
1087460 663.3
1087470 663.3
1087480 661.6
1087490 660.2
1087500 660.2
1087510 658.7
1087520 657.2
1087530 656.9
1087540 656.9
1087550 656.4
1087560 654.8
1087570 654.8
1087580 654.3
1087590 655.1
1087600 655.1
1087610 654.9
1087620 654.3
1087630 654.3
1087640 654.1
1087650 653.9
1087660 653.9
1087670 653.8
1087680 653.5
1087690 653.5
1087700 649.6
1087710 648.7
1087720 648.7
1087730 647.9
1087740 647.2
1087750 647.2
1087760 646.4
1087770 645.5
1087780 645.5
1087790 644.6
1087800 643.5
1087810 643.5
1087820 642.0
1087830 639.8
1087840 639.8
1087850 637.4
1087860 634.5
1087870 631.3
1087880 631.3
1087890 630.4
1087900 625.1
1087910 625.1
1087920 621.5
1087930 624.6
1087940 624.6
1087950 622.7
1087960 621.0
1087970 621.0
1087980 626.5
1087990 628.0
1088000 628.0
1088010 627.8
1088020 623.8
1088030 623.8
1088040 622.9
1088050 621.9
1088060 621.9
1088070 620.1
1088080 618.8
1088090 618.8
1088100 618.7
1088110 618.8
1088120 618.8
1088130 618.4
1088140 617.6
1088150 617.6
1088160 616.3
1088170 615.7
1088180 615.7
1088190 615.9
1088200 615.5
1088210 615.5
1088220 613.2
1088230 608.6
1088240 604.3
1088250 604.3
1088260 602.9
1088270 603.3
1088280 603.3
1088290 601.2
1088300 597.8
1088310 597.8
1088320 595.8
1088330 590.8
1088340 589.7
1088350 590.2
1088360 593.1
1088370 593.1
1088380 592.4
1088390 588.7
1088400 588.7
1088410 582.4
1088420 575.7
1088430 575.7
1088440 570.2
1088450 562.9
1088460 562.9
1088470 564.0
1088480 570.1
1088490 570.1
1088500 574.4
1088510 576.8
1088520 576.8
1088530 578.3
1088540 578.4
1088550 578.4
1088560 578.4
1088570 578.0
1088580 581.8
1088590 581.8
1088600 588.0
1088610 592.8
1088620 592.8
1088630 600.2
1088640 602.9
1088650 602.9
1088660 601.7
1088670 601.6
1088680 601.6
1088690 601.6
1088700 601.3
1088710 601.3
1088720 601.0
1088730 600.6
1088740 600.6
1088750 600.1
1088760 599.5
1088770 599.5
1088780 598.9
1088790 598.3
1088800 598.3
1088810 597.9
1088820 597.4
1088830 597.4
1088840 596.9
1088850 597.0
1088860 597.0
1088870 597.4
1088880 597.5
1088890 597.5
1088900 597.5
1088910 597.2
1088920 597.2
1088930 595.9
1088940 594.1
1088950 589.9
1088960 589.9
1088970 586.5
1088980 589.4
1088990 589.2
1089000 587.8
1089010 585.7
1089020 585.7
1089030 585.3
1089040 586.4
1089050 586.4
1089060 588.5
1089070 592.2
1089080 592.2
1089090 593.0
1089100 592.6
1089110 592.6
1089120 592.0
1089130 591.7
1089140 591.7
1089150 590.9
1089160 591.2
1089170 591.2
1089180 591.0
1089190 590.9
1089200 590.9
1089210 590.6
1089220 587.6
1089230 587.6
1089240 582.5
1089250 577.4
1089260 577.4
1089270 576.1
1089280 572.4
1089290 569.1
1089300 569.1
1089310 566.3
1089320 566.1
1089330 566.1
1089340 566.4
1089350 567.8
1089360 567.8
1089370 568.8
1089380 570.0
1089390 570.0
1089400 572.4
1089410 578.0
1089420 578.0
1089430 583.7
1089440 590.6
1089450 590.6
1089460 595.7
1089470 597.4
1089480 597.4
1089490 598.4
1089500 599.3
1089510 599.3
1089520 599.8
1089530 599.9
1089540 599.9
1089550 600.1
1089560 600.7
1089570 600.7
1089580 601.6
1089590 602.7
1089600 602.7
1089610 603.7
1089620 605.1
1089630 603.9
1089640 605.5
1089650 607.1
1089660 608.3
1089670 608.3
1089680 609.7
1089690 610.9
1089700 610.9
1089710 612.1
1089720 613.2
1089730 613.2
1089740 614.2
1089750 613.7
1089760 613.7
1089770 610.5
1089780 605.3
1089790 605.3
1089800 602.1
1089810 598.6
1089820 598.6
1089830 595.5
1089840 589.8
1089850 589.8
1089860 582.2
1089870 572.8
1089880 572.8
1089890 567.0
1089900 561.0
1089910 561.0
1089920 556.4
1089930 552.4
1089940 552.4
1089950 547.7
1089960 544.0
1089970 544.0
1089980 538.2
1089990 533.4
1090000 533.4
1090010 531.6
1090020 529.8
1090030 526.9
1090040 526.9
1090050 522.6
1090060 519.4
1090070 519.4
1090080 519.5
1090090 519.9
1090100 519.9
1090110 519.6
1090120 519.9
1090130 519.9
1090140 522.1
1090150 523.8
1090160 523.8
1090170 524.2
1090180 521.6
1090190 521.6
1090200 521.3
1090210 520.0
1090220 520.0
1090230 519.8
1090240 519.4
1090250 519.4
1090260 517.4
1090270 516.4
1090280 511.3
1090290 509.9
1090300 509.6
1090310 509.6
1090320 509.1
1090330 506.3
1090340 506.3
1090350 504.4
1090360 506.0
1090370 507.5
1090380 507.5
1090390 510.4
1090400 513.5
1090410 513.5
1090420 517.4
1090430 522.0
1090440 522.0
1090450 523.6
1090460 524.4
1090470 524.4
1090480 528.6
1090490 533.0
1090500 533.0
1090510 538.1
1090520 542.0
1090530 542.0
1090540 542.5
1090550 541.8
1090560 541.8
1090570 540.3
1090580 538.0
1090590 538.0
1090600 534.9
1090610 531.8
1090620 531.8
1090630 528.0
1090640 526.3
1090650 526.3
1090660 527.0
1090670 527.8
1090680 527.8
1090690 528.5
1090700 529.6
1090710 529.6
1090720 531.3
1090730 533.8
1090740 536.5
1090750 536.5
1090760 538.6
1090770 538.7
1090780 538.7
1090790 537.5
1090800 536.1
1090810 536.1
1090820 535.2
1090830 533.7
1090840 533.7
1090850 532.6
1090860 535.1
1090870 535.1
1090880 537.3
1090890 538.6
1090900 538.6
1090910 540.7
1090920 543.6
1090930 542.0
1090940 542.8
1090950 542.3
1090960 542.3
1090970 541.1
1090980 539.6
1090990 539.6
1091000 538.3
1091010 536.8
1091020 536.8
1091030 535.4
1091040 533.7
1091050 533.7
1091060 532.5
1091070 533.0
1091080 533.4
1091090 533.4
1091100 533.6
1091110 533.8
1091120 533.8
1091130 534.3
1091140 534.6
1091150 534.6
1091160 534.5
1091170 532.6
1091180 532.6
1091190 528.1
1091200 525.9
1091210 525.9
1091220 522.9
1091230 517.2
1091240 517.2
1091250 510.2
1091260 497.3
1091270 497.3
1091280 490.1
1091290 478.5
1091300 478.5
1091310 466.8
1091320 459.9
1091330 459.9
1091340 451.5
1091350 445.8
1091360 445.8
1091370 440.4
1091380 437.6
1091390 437.6
1091400 437.0
1091410 436.8
1091420 436.8
1091430 436.7
1091440 436.6
1091450 436.2
1091460 436.2
1091470 435.1
1091480 434.0
1091490 434.0
1091500 433.7
1091510 433.6
1091520 433.6
1091530 433.6
1091540 433.6
1091550 433.6
1091560 433.6
1091570 433.6
1091580 433.6
1091590 433.6
1091600 433.6
1091610 433.6
1091620 433.6
1091630 433.7
1091640 433.7
1091650 434.1
1091660 434.9
1091670 434.9
1091680 435.4
1091690 436.3
1091700 436.3
1091710 438.3
1091720 441.2
1091730 441.2
1091740 443.6
1091750 445.8
1091760 445.8
1091770 448.0
1091780 450.9
1091790 453.7
1091800 453.7
1091810 457.0
1091820 468.4
1091830 468.4
1091840 491.8
1091850 497.3
1091860 497.3
1091870 499.6
1091880 501.6
1091890 501.6
1091900 504.0
1091910 511.4
1091920 511.4
1091930 513.2
1091940 515.4
1091950 515.4
1091960 518.8
1091970 521.1
1091980 521.1
1091990 519.5
1092000 525.4
1092010 525.4
1092020 531.0
1092030 535.0
1092040 535.0
1092050 536.9
1092060 537.8
1092070 537.8
1092080 539.6
1092090 541.6
1092100 541.6
1092110 543.7
1092120 543.2
1092130 543.2
1092140 538.9
1092150 533.6
1092160 530.5
1092170 530.5
1092180 521.8
1092190 513.9
1092200 513.9
1092210 509.4
1092220 511.8
1092230 517.5
1092240 520.5
1092250 521.7
1092260 521.7
1092270 525.9
1092280 528.4
1092290 528.4
1092300 531.0
1092310 533.4
1092320 533.4
1092330 533.4
1092340 527.1
1092350 527.1
1092360 517.4
1092370 512.9
1092380 512.9
1092390 512.5
1092400 513.5
1092410 513.5
1092420 517.8
1092430 521.3
1092440 521.3
1092450 523.9
1092460 525.6
1092470 525.6
1092480 527.3
1092490 529.6
1092500 528.4
1092510 528.4
1092520 524.0
1092530 526.8
1092540 526.8
1092550 525.3
1092560 521.2
1092570 521.2
1092580 514.5
1092590 508.2
1092600 508.2
1092610 510.9
1092620 517.5
1092630 517.5
1092640 522.1
1092650 525.1
1092660 525.1
1092670 528.7
1092680 532.7
1092690 532.7
1092700 536.0
1092710 534.0
1092720 534.0
1092730 532.4
1092740 534.6
1092750 534.6
1092760 537.6
1092770 541.4
1092780 541.4
1092790 542.5
1092800 542.9
1092810 542.9
1092820 545.6
1092830 549.1
1092840 549.1
1092850 552.7
1092860 558.8
1092870 563.0
1092880 560.1
1092890 564.8
1092900 568.3
1092910 568.3
1092920 571.4
1092930 575.3
1092940 575.3
1092950 580.0
1092960 585.5
1092970 585.5
1092980 590.3
1092990 594.1
1093000 594.1
1093010 596.4
1093020 598.6
1093030 598.6
1093040 600.0
1093050 600.9
1093060 600.9
1093070 601.9
1093080 603.1
1093090 603.1
1093100 604.3
1093110 605.3
1093120 605.3
1093130 606.3
1093140 607.3
1093150 607.3
1093160 608.4
1093170 608.8
1093180 608.8
1093190 608.5
1093200 607.4
1093210 611.3
1093220 611.3
1093230 612.6
1093240 613.2
1093250 613.2
1093260 613.5
1093270 613.5
1093280 613.5
1093290 613.5
1093300 613.7
1093310 613.7
1093320 613.8
1093330 613.7
1093340 613.7
1093350 613.9
1093360 614.2
1093370 614.2
1093380 614.3
1093390 613.9
1093400 613.9
1093410 613.1
1093420 611.8
1093430 611.8
1093440 611.7
1093450 613.2
1093460 613.2
1093470 614.6
1093480 615.6
1093490 615.6
1093500 615.9
1093510 616.3
1093520 616.3
1093530 616.8
1093540 617.9
1093550 617.9
1093560 618.2
1093570 618.5
1093580 618.5
1093590 618.5
1093600 618.5
1093610 618.4
1093620 618.4
1093630 619.8
1093640 620.3
1093650 620.3
1093660 620.7
1093670 621.3
1093680 621.3
1093690 622.1
1093700 623.8
1093710 623.8
1093720 625.8
1093730 627.6
1093740 627.6
1093750 628.9
1093760 629.7
1093770 629.7
1093780 630.2
1093790 630.6
1093800 630.6
1093810 630.9
1093820 630.6
1093830 630.6
1093840 630.2
1093850 630.3
1093860 632.0
1093870 631.7
1093880 631.5
1093890 631.5
1093900 631.3
1093910 631.3
1093920 631.5
1093930 631.5
1093940 631.2
1093950 630.1
1093960 630.1
1093970 629.1
1093980 628.1
1093990 628.1
1094000 627.9
1094010 629.2
1094020 629.2
1094030 631.5
1094040 631.3
1094050 631.3
1094060 630.7
1094070 630.1
1094080 630.1
1094090 629.4
1094100 628.1
1094110 628.1
1094120 626.1
1094130 624.1
1094140 624.1
1094150 622.5
1094160 621.6
1094170 621.6
1094180 620.2
1094190 618.3
1094200 618.3
1094210 617.1
1094220 616.7
1094230 616.7
1094240 616.9
1094250 617.1
1094260 617.1
1094270 617.0
1094280 616.3
1094290 614.8
1094300 614.8
1094310 612.7
1094320 610.6
1094330 610.6
1094340 608.3
1094350 605.9
1094360 605.9
1094370 602.7
1094380 599.6
1094390 599.6
1094400 596.6
1094410 594.0
1094420 594.0
1094430 591.3
1094440 587.9
1094450 587.9
1094460 585.4
1094470 583.2
1094480 583.2
1094490 580.7
1094500 575.7
1094510 575.7
1094520 570.7
1094530 567.2
1094540 567.2
1094550 564.6
1094560 563.2
1094570 563.2
1094580 562.6
1094590 561.9
1094600 561.9
1094610 560.8
1094620 560.3
1094630 560.3
1094640 559.1
1094650 552.0
1094660 544.9
1094670 544.9
1094680 538.6
1094690 532.2
1094700 532.2
1094710 525.3
1094720 519.9
1094730 519.9
1094740 513.2
1094750 508.5
1094760 508.5
1094770 504.4
1094780 494.7
1094790 494.7
1094800 484.9
1094810 476.1
1094820 476.1
1094830 471.6
1094840 474.3
1094850 480.1
1094860 481.1
1094870 461.8
1094880 461.8
1094890 470.2
1094900 479.8
1094910 479.8
1094920 488.9
1094930 494.0
1094940 494.0
1094950 500.6
1094960 490.2
1094970 490.2
1094980 480.1
1094990 462.2
1095000 451.5
1095010 451.5
1095020 447.5
1095030 446.3
1095040 446.3
1095050 446.3
1095060 446.3
1095070 446.3
1095080 446.5
1095090 446.7
1095100 446.7
1095110 446.8
1095120 446.8
1095130 446.8
1095140 446.7
1095150 446.9
1095160 446.9
1095170 446.9
1095180 447.1
1095190 447.1
1095200 447.4
1095210 447.0
1095220 447.0
1095230 446.9
1095240 446.9
1095250 446.9
1095260 447.0
1095270 447.1
1095280 447.1
1095290 447.1
1095300 447.2
1095310 447.2
1095320 447.3
1095330 447.6
1095340 447.6
1095350 447.7
1095360 447.8
1095370 447.9
1095380 447.9
1095390 447.9
1095400 447.9
1095410 447.9
1095420 448.0
1095430 448.0
1095440 448.0
1095450 448.0
1095460 448.1
1095470 448.1
1095480 449.6
1095490 452.1
1095500 448.4
1095510 450.1
1095520 453.1
1095530 453.1
1095540 454.7
1095550 457.2
1095560 457.2
1095570 460.2
1095580 463.7
1095590 463.7
1095600 466.6
1095610 469.3
1095620 469.3
1095630 471.4
1095640 476.7
1095650 476.7
1095660 482.9
1095670 489.2
1095680 489.2
1095690 492.3
1095700 494.0
1095710 498.0
1095720 498.0
1095730 501.7
1095740 502.3
1095750 502.3
1095760 504.1
1095770 509.0
1095780 509.0
1095790 510.4
1095800 511.6
1095810 511.6
1095820 515.3
1095830 510.6
1095840 510.6
1095850 516.8
1095860 520.5
1095870 520.5
1095880 521.0
1095890 522.8
1095900 522.8
1095910 522.5
1095920 526.2
1095930 526.2
1095940 539.2
1095950 547.4
1095960 547.4
1095970 558.9
1095980 565.8
1095990 565.8
1096000 574.2
1096010 579.5
1096020 579.5
1096030 583.0
1096040 584.1
1096050 584.1
1096060 583.7
1096070 580.3
1096080 577.3
1096090 577.3
1096100 575.4
1096110 574.4
1096120 574.4
1096130 573.3
1096140 570.6
1096150 570.6
1096160 565.5
1096170 560.2
1096180 560.2
1096190 555.0
1096200 552.3
1096210 552.3
1096220 558.0
1096230 563.6
1096240 563.6
1096250 567.6
1096260 569.0
1096270 569.0
1096280 571.2
1096290 573.0
1096300 573.0
1096310 574.6
1096320 575.9
1096330 575.9
1096340 577.3
1096350 578.8
1096360 578.8
1096370 580.9
1096380 583.1
1096390 583.1
1096400 585.3
1096410 588.0
1096420 590.7
1096430 590.7
1096440 592.9
1096450 594.6
1096460 594.6
1096470 595.7
1096480 596.6
1096490 598.0
1096500 599.0
1096510 599.8
1096520 599.8
1096530 600.6
1096540 602.1
1096550 602.1
1096560 604.1
1096570 605.4
1096580 605.4
1096590 605.5
1096600 607.4
1096610 607.4
1096620 610.1
1096630 611.5
1096640 611.5
1096650 612.7
1096660 614.2
1096670 614.2
1096680 615.4
1096690 616.6
1096700 616.6
1096710 618.1
1096720 619.8
1096730 619.8
1096740 621.7
1096750 624.1
1096760 624.1
1096770 628.0
1096780 630.4
1096790 634.9
1096800 634.9
1096810 639.9
1096820 647.5
1096830 647.5
1096840 650.1
1096850 652.9
1096860 652.9
1096870 656.9
1096880 661.8
1096890 661.8
1096900 665.4
1096910 669.1
1096920 669.1
1096930 671.2
1096940 672.2
1096950 672.2
1096960 672.7
1096970 673.2
1096980 673.2
1096990 674.4
1097000 676.0
1097010 676.0
1097020 677.4
1097030 679.8
1097040 679.8
1097050 683.5
1097060 687.6
1097070 687.6
1097080 691.3
1097090 695.2
1097100 695.2
1097110 699.1
1097120 700.3
1097130 699.7
1097140 699.7
1097150 699.9
1097160 699.1
1097170 699.1
1097180 698.5
1097190 698.4
1097200 698.4
1097210 699.0
1097220 700.1
1097230 700.1
1097240 701.2
1097250 702.7
1097260 702.7
1097270 705.7
1097280 709.8
1097290 709.8
1097300 713.7
1097310 717.2
1097320 717.2
1097330 719.9
1097340 720.6
1097350 720.6
1097360 717.9
1097370 713.3
1097380 713.3
1097390 710.8
1097400 709.1
1097410 709.1
1097420 707.7
1097430 708.2
1097440 708.2
1097450 708.1
1097460 707.1
1097470 707.1
1097480 706.2
1097490 705.9
1097500 706.8
1097510 706.8
1097520 707.9
1097530 709.6
1097540 709.6
1097550 711.1
1097560 712.6
1097570 712.6
1097580 713.9
1097590 714.5
1097600 714.5
1097610 714.9
1097620 715.2
1097630 715.2
1097640 715.5
1097650 715.9
1097660 715.9
1097670 716.2
1097680 716.1
1097690 716.1
1097700 715.8
1097710 715.3
1097720 715.3
1097730 715.0
1097740 714.5
1097750 714.5
1097760 714.0
1097770 713.4
1097780 713.4
1097790 712.8
1097800 712.1
1097810 710.1
1097820 709.5
1097830 709.1
1097840 708.5
1097850 708.5
1097860 707.7
1097870 706.7
1097880 706.7
1097890 706.0
1097900 705.6
1097910 705.6
1097920 705.6
1097930 705.6
1097940 705.6
1097950 705.7
1097960 705.8
1097970 705.8
1097980 705.6
1097990 705.5
1098000 705.5
1098010 705.3
1098020 705.1
1098030 705.1
1098040 705.1
1098050 705.3
1098060 705.3
1098070 705.6
1098080 706.0
1098090 706.0
1098100 706.3
1098110 706.6
1098120 706.6
1098130 706.6
1098140 704.0
1098150 704.0
1098160 703.9
1098170 703.8
1098180 703.8
1098190 703.8
1098200 704.1
1098210 704.3
1098220 704.3
1098230 704.5
1098240 704.9
1098250 704.9
1098260 705.2
1098270 705.3
1098280 705.3
1098290 705.4
1098300 705.2
1098310 705.2
1098320 704.6
1098330 704.1
1098340 704.1
1098350 703.8
1098360 703.9
1098370 703.9
1098380 704.0
1098390 704.1
1098400 704.1
1098410 703.8
1098420 703.3
1098430 703.3
1098440 703.0
1098450 703.1
1098460 703.1
1098470 701.9
1098480 701.6
1098490 701.6
1098500 701.1
1098510 700.7
1098520 700.7
1098530 700.4
1098540 700.2
1098550 700.5
1098560 700.5
1098570 700.6
1098580 700.4
1098590 700.4
1098600 700.0
1098610 699.4
1098620 699.4
1098630 698.4
1098640 697.5
1098650 697.5
1098660 696.6
1098670 695.7
1098680 695.7
1098690 695.0
1098700 694.2
1098710 694.2
1098720 693.8
1098730 693.7
1098740 693.7
1098750 693.2
1098760 692.1
1098770 692.1
1098780 691.6
1098790 691.3
1098800 691.0
1098810 690.8
1098820 690.6
1098830 690.6
1098840 690.4
1098850 690.1
1098860 690.1
1098870 689.8
1098880 689.3
1098890 689.3
1098900 688.3
1098910 687.6
1098920 687.1
1098930 687.1
1098940 686.6
1098950 685.3
1098960 685.3
1098970 683.8
1098980 683.8
1098990 683.8
1099000 684.6
1099010 684.6
1099020 684.6
1099030 684.3
1099040 683.9
1099050 683.9
1099060 683.5
1099070 683.0
1099080 683.0
1099090 682.2
1099100 681.2
1099110 681.2
1099120 680.5
1099130 679.9
1099140 677.9
1099150 678.0
1099160 678.3
1099170 678.3
1099180 678.5
1099190 679.0
1099200 679.0
1099210 679.5
1099220 680.0
1099230 680.0
1099240 680.2
1099250 680.2
1099260 680.1
1099270 680.1
1099280 678.4
1099290 674.5
1099300 674.5
1099310 671.3
1099320 669.0
1099330 669.0
1099340 667.5
1099350 665.6
1099360 665.6
1099370 662.3
1099380 657.2
1099390 657.2
1099400 651.8
1099410 645.8
1099420 645.8
1099430 639.7
1099440 634.8
1099450 634.8
1099460 634.6
1099470 632.1
1099480 632.1
1099490 627.3
1099500 622.3
1099510 622.3
1099520 621.3
1099530 622.0
1099540 622.0
1099550 622.7
1099560 622.7
1099570 622.7
1099580 621.8
1099590 620.1
1099600 620.1
1099610 617.0
1099620 615.5
1099630 613.9
1099640 613.9
1099650 613.5
1099660 613.3
1099670 613.3
1099680 612.8
1099690 611.1
1099700 611.1
1099710 610.6
1099720 609.6
1099730 609.6
1099740 607.6
1099750 605.4
1099760 605.4
1099770 603.3
1099780 600.6
1099790 600.6
1099800 596.0
1099810 593.8
1099820 593.8
1099830 591.9
1099840 590.1
1099850 590.1
1099860 588.1
1099870 587.2
1099880 587.2
1099890 588.7
1099900 589.5
1099910 589.5
1099920 590.0
1099930 595.3
1099940 595.3
1099950 600.9
1099960 602.4
1099970 599.2
1099980 599.2
1099990 597.7
