1080000 396.8
1080010 397.4
1080020 396.8
1080030 396.8
1080040 396.8
1080050 396.8
1080060 396.8
1080070 396.8
1080080 396.8
1080090 396.8
1080100 397.0
1080110 397.3
1080120 397.3
1080130 399.9
1080140 402.6
1080150 402.6
1080160 403.1
1080170 402.9
1080180 402.9
1080190 402.7
1080200 402.1
1080210 402.1
1080220 401.7
1080230 401.5
1080240 401.5
1080250 401.6
1080260 401.6
1080270 401.7
1080280 401.7
1080290 401.7
1080300 401.7
1080310 401.8
1080320 401.7
1080330 401.7
1080340 401.7
1080350 401.7
1080360 401.7
1080370 401.7
1080380 401.7
1080390 401.7
1080400 401.7
1080410 401.8
1080420 401.7
1080430 401.7
1080440 401.6
1080450 401.7
1080460 401.7
1080470 401.7
1080480 402.0
1080490 402.0
1080500 403.0
1080510 402.8
1080520 402.8
1080530 402.2
1080540 402.3
1080550 402.3
1080560 402.2
1080570 402.2
1080580 402.2
1080590 402.3
1080600 402.3
1080610 402.3
1080620 402.2
1080630 402.1
1080640 402.1
1080650 402.1
1080660 402.1
1080670 402.1
1080680 402.2
1080690 402.1
1080700 402.1
1080710 402.1
1080720 402.5
1080730 402.5
1080740 402.8
1080750 402.7
1080760 402.7
1080770 402.7
1080780 402.8
1080790 402.4
1080800 402.4
1080810 402.1
1080820 402.0
1080830 402.0
1080840 401.9
1080850 401.8
1080860 401.8
1080870 401.7
1080880 401.8
1080890 401.8
1080900 402.3
1080910 402.3
1080920 402.3
1080930 402.2
1080940 402.0
1080950 402.0
1080960 401.8
1080970 401.6
1080980 401.6
1080990 401.6
1081000 401.8
1081010 401.8
1081020 401.9
1081030 402.1
1081040 402.1
1081050 402.0
1081060 401.8
1081070 401.8
1081080 401.6
1081090 401.6
1081100 401.6
1081110 401.6
1081120 401.5
1081130 401.5
1081140 401.5
1081150 401.4
1081160 401.4
1081170 401.4
1081180 401.6
1081190 401.6
1081200 401.6
1081210 401.5
1081220 401.6
1081230 401.6
1081240 401.7
1081250 402.0
1081260 402.0
1081270 402.4
1081280 402.2
1081290 402.2
1081300 401.6
1081310 401.1
1081320 401.1
1081330 401.1
1081340 401.0
1081350 401.0
1081360 401.0
1081370 401.0
1081380 401.0
1081390 400.9
1081400 400.8
1081410 400.8
1081420 400.9
1081430 401.3
1081440 401.3
1081450 401.5
1081460 401.5
1081470 401.4
1081480 401.4
1081490 401.4
1081500 401.4
1081510 401.4
1081520 401.5
1081530 401.4
1081540 401.4
1081550 401.4
1081560 401.7
1081570 401.7
1081580 401.9
1081590 402.0
1081600 402.0
1081610 401.7
1081620 401.7
1081630 401.7
1081640 401.4
1081650 401.1
1081660 401.1
1081670 401.3
1081680 401.3
1081690 401.3
1081700 401.3
1081710 401.3
1081720 401.3
1081730 401.2
1081740 401.2
1081750 401.2
1081760 401.1
1081770 401.1
1081780 401.1
1081790 401.1
1081800 401.2
1081810 401.2
1081820 401.1
1081830 401.3
1081840 401.4
1081850 401.4
1081860 401.5
1081870 401.5
1081880 401.5
1081890 401.5
1081900 401.4
1081910 401.4
1081920 401.5
1081930 401.3
1081940 401.3
1081950 401.2
1081960 401.1
1081970 401.1
1081980 401.2
1081990 401.2
1082000 401.2
1082010 401.1
1082020 401.0
1082030 401.0
1082040 401.2
1082050 401.2
1082060 401.2
1082070 401.1
1082080 401.2
1082090 401.2
1082100 401.3
1082110 401.3
1082120 401.3
1082130 401.2
1082140 401.3
1082150 401.3
1082160 401.3
1082170 401.5
1082180 401.8
1082190 401.8
1082200 401.4
1082210 401.6
1082220 401.6
1082230 401.6
1082240 401.5
1082250 401.5
1082260 401.5
1082270 401.4
1082280 401.4
1082290 402.0
1082300 403.9
1082310 403.9
1082320 403.7
1082330 401.5
1082340 401.5
1082350 401.0
1082360 401.2
1082370 401.2
1082380 401.3
1082390 401.1
1082400 401.1
1082410 401.1
1082420 401.3
1082430 401.3
1082440 401.4
1082450 401.1
1082460 401.1
1082470 401.0
1082480 400.8
1082490 400.9
1082500 400.9
1082510 401.0
1082520 401.0
1082530 400.9
1082540 400.9
1082550 401.0
1082560 401.0
1082570 400.7
1082580 400.9
1082590 400.9
1082600 400.8
1082610 401.2
1082620 401.2
1082630 401.7
1082640 401.8
1082650 401.8
1082660 401.9
1082670 401.8
1082680 401.8
1082690 401.6
1082700 400.9
1082710 400.9
1082720 401.1
1082730 401.1
1082740 401.1
1082750 401.1
1082760 401.1
1082770 401.1
1082780 401.0
1082790 400.9
1082800 400.9
1082810 401.0
1082820 400.9
1082830 400.9
1082840 400.8
1082850 400.7
1082860 400.7
1082870 400.7
1082880 400.8
1082890 400.8
1082900 400.7
1082910 400.3
1082920 400.2
1082930 400.2
1082940 400.1
1082950 400.5
1082960 400.5
1082970 400.7
1082980 400.9
1082990 400.9
1083000 401.1
1083010 401.3
1083020 401.3
1083030 401.3
1083040 401.4
1083050 401.4
1083060 401.2
1083070 401.0
1083080 401.0
1083090 400.9
1083100 400.7
1083110 400.7
1083120 400.5
1083130 400.5
1083140 400.5
1083150 400.4
1083160 400.6
1083170 400.6
1083180 400.9
1083190 400.8
1083200 400.8
1083210 400.8
1083220 400.6
1083230 400.6
1083240 400.5
1083250 400.4
1083260 400.4
1083270 400.3
1083280 400.3
1083290 400.3
1083300 400.3
1083310 400.4
1083320 400.4
1083330 400.4
1083340 400.4
1083350 400.3
1083360 400.3
1083370 400.1
1083380 400.1
1083390 400.1
1083400 399.7
1083410 399.8
1083420 399.8
1083430 400.0
1083440 400.0
1083450 400.0
1083460 400.2
1083470 400.2
1083480 400.2
1083490 400.0
1083500 400.0
1083510 400.0
1083520 400.0
1083530 400.0
1083540 400.0
1083550 400.0
1083560 400.1
1083570 400.1
1083580 400.1
1083590 400.2
1083600 400.2
1083610 400.2
1083620 400.2
1083630 400.7
1083640 400.7
1083650 405.7
1083660 410.9
1083670 410.9
1083680 412.2
1083690 413.4
1083700 413.4
1083710 416.9
1083720 419.0
1083730 419.0
1083740 421.2
1083750 423.0
1083760 423.0
1083770 427.3
1083780 427.4
1083790 427.4
1083800 427.3
1083810 427.3
1083820 427.3
1083830 427.3
1083840 427.2
1083850 427.2
1083860 427.2
1083870 427.2
1083880 427.2
1083890 427.3
1083900 427.3
1083910 427.3
1083920 427.4
1083930 427.7
1083940 427.7
1083950 428.0
1083960 428.1
1083970 428.1
1083980 428.0
1083990 428.0
1084000 428.1
1084010 428.1
1084020 428.3
1084030 428.8
1084040 428.8
1084050 429.2
1084060 429.3
1084070 429.3
1084080 429.8
1084090 429.8
1084100 429.8
1084110 429.9
1084120 430.1
1084130 430.1
1084140 430.2
1084150 430.3
1084160 430.3
1084170 430.5
1084180 430.1
1084190 430.1
1084200 429.8
1084210 430.1
1084220 430.1
1084230 430.7
1084240 430.7
1084250 430.7
1084260 429.9
1084270 428.0
1084280 428.0
1084290 427.4
1084300 427.0
1084310 427.0
1084320 426.9
1084330 426.9
1084340 426.9
1084350 426.9
1084360 426.9
1084370 427.0
1084380 427.0
1084390 427.0
1084400 427.1
1084410 427.1
1084420 427.0
1084430 427.0
1084440 427.0
1084450 427.0
1084460 427.0
1084470 427.0
1084480 427.1
1084490 427.6
1084500 427.6
1084510 427.6
1084520 427.4
1084530 427.4
1084540 427.4
1084550 427.5
1084560 427.5
1084570 427.8
1084580 427.9
1084590 427.9
1084600 427.7
1084610 427.8
1084620 427.8
1084630 427.6
1084640 427.7
1084650 427.7
1084660 427.5
1084670 427.4
1084680 427.4
1084690 427.1
1084700 427.1
1084710 427.4
1084720 427.5
1084730 427.3
1084740 427.0
1084750 427.0
1084760 427.1
1084770 427.3
1084780 427.3
1084790 427.6
1084800 427.5
1084810 427.5
1084820 427.4
1084830 427.3
1084840 427.3
1084850 427.2
1084860 427.0
1084870 427.0
1084880 427.1
1084890 427.1
1084900 427.1
1084910 427.1
1084920 426.9
1084930 426.9
1084940 426.7
1084950 426.9
1084960 426.9
1084970 426.9
1084980 426.8
1084990 426.8
1085000 426.7
1085010 426.3
1085020 426.3
1085030 426.0
1085040 425.7
1085050 425.7
1085060 425.0
1085070 426.1
1085080 426.7
1085090 426.7
1085100 426.7
1085110 426.8
1085120 426.8
1085130 426.8
1085140 426.7
1085150 426.7
1085160 426.4
1085170 426.2
1085180 426.2
1085190 425.5
1085200 422.1
1085210 422.1
1085220 418.1
1085230 414.2
1085240 414.2
1085250 412.6
1085260 412.6
1085270 412.6
1085280 412.6
1085290 412.5
1085300 412.5
1085310 413.7
1085320 415.8
1085330 415.8
1085340 417.1
1085350 417.3
1085360 421.3
1085370 423.5
1085380 425.0
1085390 425.0
1085400 427.3
1085410 428.5
1085420 428.5
1085430 429.4
1085440 430.0
1085450 430.4
1085460 430.4
1085470 430.0
1085480 429.8
1085490 429.8
1085500 430.9
1085510 433.6
1085520 433.6
1085530 434.8
1085540 435.1
1085550 435.1
1085560 435.3
1085570 435.6
1085580 435.6
1085590 434.9
1085600 434.3
1085610 434.3
1085620 434.0
1085630 434.5
1085640 434.5
1085650 435.1
1085660 437.0
1085670 437.0
1085680 442.2
1085690 442.7
1085700 442.7
1085710 442.9
1085720 442.8
1085730 442.8
1085740 443.9
1085750 445.7
1085760 445.7
1085770 447.5
1085780 448.9
1085790 448.9
1085800 450.0
1085810 450.5
1085820 449.2
1085830 449.2
1085840 445.4
1085850 446.6
1085860 446.6
1085870 451.5
1085880 454.0
1085890 454.0
1085900 455.3
1085910 456.6
1085920 456.6
1085930 457.8
1085940 458.2
1085950 458.2
1085960 458.8
1085970 459.9
1085980 459.9
1085990 461.0
1086000 462.3
1086010 462.8
1086020 463.8
1086030 464.9
1086040 464.9
1086050 466.1
1086060 466.9
1086070 466.9
1086080 468.0
1086090 470.0
1086100 470.0
1086110 472.5
1086120 475.2
1086130 475.2
1086140 477.8
1086150 480.8
1086160 484.0
1086170 484.0
1086180 487.4
1086190 491.2
1086200 491.2
1086210 494.8
1086220 498.1
1086230 498.1
1086240 502.2
1086250 507.5
1086260 507.5
1086270 511.6
1086280 515.3
1086290 515.3
1086300 517.5
1086310 518.9
1086320 518.9
1086330 523.8
1086340 526.4
1086350 526.4
1086360 528.0
1086370 529.1
1086380 529.1
1086390 531.5
1086400 534.7
1086410 534.7
1086420 537.9
1086430 539.7
1086440 539.7
1086450 540.8
1086460 541.0
1086470 541.0
1086480 540.9
1086490 537.3
1086500 537.3
1086510 537.3
1086520 540.3
1086530 540.5
1086540 540.5
1086550 542.0
1086560 545.3
1086570 545.3
1086580 548.7
1086590 553.2
1086600 553.2
1086610 558.2
1086620 563.9
1086630 563.9
1086640 569.5
1086650 577.4
1086660 577.4
1086670 582.9
1086680 585.0
1086690 585.0
1086700 585.8
1086710 586.1
1086720 586.1
1086730 588.9
1086740 594.3
1086750 594.3
1086760 600.7
1086770 604.3
1086780 604.3
1086790 607.5
1086800 609.9
1086810 609.9
1086820 610.7
1086830 611.9
1086840 611.9
1086850 614.4
1086860 620.2
1086870 620.2
1086880 625.0
1086890 629.7
1086900 634.4
1086910 634.4
1086920 639.7
1086930 646.2
1086940 646.2
1086950 655.5
1086960 663.4
1086970 663.4
1086980 668.1
1086990 671.6
1087000 671.6
1087010 677.1
1087020 683.6
1087030 683.6
1087040 691.4
1087050 698.3
1087060 698.3
1087070 704.0
1087080 706.9
1087090 706.9
1087100 708.4
1087110 709.7
1087120 709.7
1087130 710.9
1087140 712.0
1087150 712.0
1087160 713.3
1087170 714.5
1087180 714.5
1087190 714.2
1087200 716.7
1087210 716.7
1087220 720.6
1087230 723.6
1087240 726.9
1087250 726.9
1087260 730.7
1087270 731.5
1087280 731.5
1087290 732.4
1087300 734.0
1087310 734.0
1087320 736.4
1087330 738.0
1087340 738.0
1087350 740.6
1087360 743.2
1087370 743.2
1087380 745.0
1087390 747.2
1087400 747.2
1087410 751.7
1087420 756.7
1087430 756.7
1087440 759.0
1087450 761.9
1087460 761.9
1087470 765.9
1087480 772.3
1087490 772.3
1087500 782.5
1087510 793.7
1087520 793.7
1087530 805.9
1087540 813.3
1087550 813.3
1087560 817.7
1087570 821.3
1087580 821.3
1087590 826.2
1087600 832.3
1087610 839.0
1087620 839.0
1087630 845.7
1087640 853.9
1087650 853.9
1087660 863.0
1087670 865.3
1087680 865.3
1087690 866.9
1087700 868.9
1087710 868.9
1087720 871.3
1087730 874.7
1087740 874.7
1087750 877.6
1087760 881.0
1087770 881.0
1087780 883.7
1087790 888.0
1087800 888.0
1087810 894.2
1087820 899.0
1087830 899.0
1087840 903.2
1087850 908.2
1087860 908.2
1087870 912.3
1087880 916.0
1087890 916.0
1087900 919.1
1087910 921.4
1087920 921.4
1087930 925.0
1087940 927.7
1087950 927.7
1087960 938.2
1087970 940.6
1087980 942.6
1087990 942.6
1088000 942.7
1088010 943.2
1088020 943.2
1088030 944.6
1088040 945.9
1088050 945.9
1088060 946.9
1088070 948.0
1088080 948.0
1088090 949.2
1088100 949.5
1088110 949.5
1088120 948.2
1088130 944.7
1088140 944.7
1088150 941.3
1088160 939.2
1088170 939.2
1088180 938.7
1088190 939.0
1088200 939.0
1088210 938.5
1088220 937.5
1088230 937.5
1088240 936.6
1088250 935.4
1088260 927.3
1088270 926.5
1088280 923.9
1088290 923.9
1088300 921.5
1088310 919.9
1088320 919.9
1088330 917.6
1088340 916.2
1088350 914.8
1088360 914.8
1088370 913.5
1088380 913.4
1088390 913.4
1088400 913.8
1088410 913.1
1088420 913.1
1088430 912.0
1088440 909.7
1088450 909.7
1088460 908.6
1088470 908.0
1088480 908.0
1088490 915.1
1088500 920.9
1088510 920.9
1088520 924.1
1088530 925.5
1088540 925.5
1088550 927.9
1088560 930.5
1088570 930.5
1088580 927.0
1088590 930.1
1088600 930.1
1088610 932.5
1088620 934.8
1088630 934.8
1088640 937.5
1088650 941.0
1088660 941.0
1088670 942.5
1088680 944.1
1088690 945.7
1088700 945.7
1088710 946.7
1088720 948.7
1088730 948.7
1088740 951.4
1088750 953.0
1088760 953.0
1088770 953.6
1088780 954.5
1088790 954.5
1088800 954.4
1088810 955.2
1088820 955.2
1088830 955.0
1088840 955.8
1088850 955.8
1088860 956.2
1088870 955.5
1088880 955.5
1088890 955.5
1088900 949.0
1088910 949.0
1088920 949.3
1088930 949.1
1088940 949.1
1088950 949.0
1088960 949.5
1088970 949.5
1088980 948.8
1088990 946.7
1089000 946.7
1089010 943.1
1089020 942.9
1089030 942.9
1089040 943.7
1089050 941.2
1089060 937.6
1089070 937.6
1089080 933.3
1089090 927.6
1089100 927.6
1089110 923.4
1089120 919.4
1089130 919.4
1089140 915.5
1089150 910.9
1089160 910.9
1089170 906.9
1089180 903.7
1089190 903.7
1089200 901.8
1089210 898.0
1089220 896.9
1089230 894.8
1089240 892.8
1089250 892.8
1089260 891.3
1089270 890.1
1089280 890.1
1089290 888.4
1089300 886.1
1089310 886.1
1089320 879.8
1089330 871.3
1089340 871.3
1089350 866.4
1089360 861.6
1089370 861.6
1089380 856.1
1089390 850.9
1089400 850.9
1089410 845.8
1089420 841.5
1089430 837.5
1089440 837.5
1089450 833.8
1089460 830.4
1089470 830.4
1089480 825.9
1089490 821.7
1089500 821.7
1089510 817.5
1089520 813.2
1089530 813.2
1089540 808.9
1089550 800.1
1089560 800.1
1089570 795.6
1089580 791.8
1089590 791.8
1089600 788.2
1089610 784.7
1089620 784.7
1089630 781.5
1089640 778.4
1089650 778.4
1089660 775.7
1089670 773.2
1089680 773.2
1089690 770.6
1089700 767.9
1089710 767.9
1089720 765.9
1089730 763.7
1089740 763.7
1089750 761.2
1089760 758.6
1089770 756.1
1089780 756.1
1089790 754.0
1089800 751.8
1089810 751.8
1089820 749.8
1089830 747.3
1089840 747.3
1089850 745.3
1089860 743.7
1089870 743.5
1089880 741.4
1089890 738.8
1089900 738.8
1089910 737.2
1089920 736.2
1089930 736.2
1089940 728.0
1089950 717.9
1089960 717.9
1089970 703.2
1089980 697.1
1089990 697.1
1090000 687.0
1090010 679.3
1090020 679.3
1090030 669.4
1090040 653.5
1090050 653.5
1090060 645.6
1090070 639.1
1090080 639.1
1090090 635.6
1090100 628.7
1090110 628.7
1090120 621.3
1090130 614.2
1090140 607.6
1090150 607.6
1090160 597.9
1090170 590.0
1090180 590.0
1090190 570.7
1090200 561.4
1090210 561.4
1090220 543.5
1090230 536.6
1090240 536.6
1090250 537.5
1090260 544.2
1090270 544.2
1090280 548.9
1090290 552.3
1090300 552.3
1090310 556.7
1090320 559.7
1090330 559.7
1090340 569.3
1090350 581.0
1090360 581.0
1090370 589.6
1090380 600.4
1090390 600.4
1090400 608.1
1090410 614.4
1090420 614.4
1090430 619.9
1090440 625.6
1090450 625.6
1090460 633.3
1090470 639.1
1090480 639.1
1090490 643.0
1090500 646.2
1090510 648.5
1090520 644.9
1090530 649.9
1090540 653.5
1090550 653.5
1090560 656.4
1090570 658.8
1090580 658.8
1090590 661.1
1090600 662.8
1090610 662.8
1090620 663.0
1090630 665.5
1090640 665.5
1090650 670.4
1090660 673.2
1090670 673.2
1090680 676.0
1090690 677.6
1090700 677.6
1090710 678.8
1090720 679.5
1090730 679.5
1090740 679.4
1090750 678.9
1090760 678.9
1090770 678.5
1090780 678.3
1090790 678.3
1090800 677.9
1090810 677.8
1090820 677.8
1090830 678.1
1090840 678.2
1090850 676.4
1090860 676.4
1090870 676.2
1090880 675.7
1090890 675.7
1090900 674.9
1090910 674.4
1090920 674.4
1090930 673.9
1090940 672.8
1090950 672.8
1090960 671.8
1090970 671.3
1090980 671.3
1090990 671.0
1091000 670.6
1091010 670.6
1091020 670.1
1091030 669.5
1091040 669.5
1091050 668.8
1091060 668.2
1091070 668.2
1091080 667.6
1091090 667.5
1091100 667.5
1091110 667.4
1091120 667.2
1091130 667.2
1091140 666.8
1091150 666.5
1091160 666.5
1091170 665.1
1091180 664.6
1091190 664.6
1091200 664.1
1091210 663.8
1091220 663.3
1091230 663.3
1091240 662.2
1091250 660.9
1091260 660.9
1091270 657.8
1091280 651.6
1091290 651.6
1091300 641.9
1091310 638.5
1091320 638.5
1091330 642.5
1091340 647.6
1091350 647.6
1091360 650.9
1091370 652.7
1091380 652.7
1091390 652.1
1091400 652.2
1091410 652.2
1091420 644.3
1091430 634.7
1091440 634.7
1091450 628.1
1091460 625.2
1091470 625.2
1091480 631.2
1091490 633.9
1091500 629.7
1091510 634.6
1091520 636.0
1091530 636.0
1091540 633.9
1091550 629.1
1091560 629.1
1091570 625.9
1091580 627.9
1091590 634.2
1091600 634.2
1091610 636.0
1091620 636.1
1091630 636.1
1091640 631.9
1091650 625.3
1091660 625.3
1091670 619.7
1091680 618.3
1091690 618.3
1091700 622.7
1091710 628.1
1091720 628.1
1091730 631.6
1091740 630.9
1091750 630.9
1091760 630.3
1091770 631.7
1091780 631.7
1091790 634.0
1091800 635.9
1091810 635.9
1091820 631.8
1091830 631.3
1091840 631.3
1091850 630.7
1091860 631.7
1091870 631.7
1091880 630.6
1091890 623.7
1091900 623.7
1091910 614.9
1091920 608.3
1091930 602.1
1091940 602.1
1091950 600.9
1091960 605.7
1091970 605.7
1091980 613.7
1091990 620.9
1092000 620.9
1092010 629.3
1092020 635.4
1092030 635.4
1092040 638.7
1092050 641.8
1092060 641.8
1092070 645.5
1092080 645.1
1092090 645.1
1092100 643.6
1092110 642.5
1092120 642.5
1092130 642.1
1092140 641.5
1092150 636.3
1092160 636.2
1092170 636.3
1092180 636.3
1092190 630.8
1092200 626.4
1092210 626.4
1092220 627.9
1092230 627.8
1092240 627.8
1092250 624.7
1092260 621.6
1092270 621.6
1092280 620.2
1092290 619.0
1092300 620.6
1092310 620.6
1092320 621.5
1092330 622.1
1092340 622.1
1092350 622.7
1092360 623.4
1092370 623.4
1092380 623.5
1092390 623.0
1092400 623.0
1092410 622.6
1092420 622.8
1092430 622.8
1092440 623.3
1092450 624.0
1092460 624.0
1092470 616.0
1092480 617.6
1092490 617.6
1092500 616.1
1092510 612.5
1092520 612.5
1092530 607.3
1092540 601.9
1092550 601.9
1092560 599.4
1092570 602.4
1092580 602.4
1092590 601.7
1092600 600.9
1092610 600.9
1092620 602.8
1092630 603.4
1092640 603.4
1092650 604.6
1092660 606.3
1092670 607.8
1092680 607.8
1092690 607.7
1092700 605.5
1092710 605.5
1092720 605.4
1092730 609.0
1092740 609.0
1092750 612.7
1092760 614.6
1092770 614.6
1092780 615.4
1092790 615.7
1092800 613.5
1092810 613.1
1092820 612.6
1092830 612.6
1092840 612.0
1092850 611.1
1092860 611.1
1092870 610.3
1092880 610.1
1092890 610.1
1092900 610.5
1092910 611.1
1092920 611.1
1092930 611.8
1092940 605.9
1092950 605.9
1092960 597.1
1092970 588.9
1092980 588.9
1092990 582.0
1093000 578.3
1093010 578.1
1093020 578.1
1093030 582.8
1093040 586.8
1093050 586.8
1093060 589.8
1093070 592.6
1093080 592.6
1093090 597.1
1093100 600.9
1093110 600.9
1093120 605.6
1093130 613.2
1093140 613.2
1093150 609.2
1093160 610.0
1093170 610.0
1093180 618.4
1093190 622.4
1093200 622.4
1093210 624.4
1093220 626.9
1093230 626.9
1093240 628.6
1093250 630.9
1093260 630.9
1093270 635.1
1093280 638.4
1093290 638.4
1093300 640.1
1093310 641.4
1093320 641.4
1093330 642.2
1093340 642.5
1093350 642.5
1093360 642.2
1093370 641.8
1093380 641.2
1093390 641.2
1093400 640.6
1093410 639.6
1093420 639.6
1093430 638.0
1093440 636.4
1093450 635.9
1093460 634.5
1093470 633.1
1093480 633.1
1093490 631.9
1093500 631.0
1093510 631.0
1093520 630.3
1093530 629.3
1093540 629.3
1093550 627.2
1093560 622.8
1093570 622.8
1093580 622.1
1093590 623.4
1093600 623.4
1093610 624.5
1093620 624.2
1093630 624.2
1093640 623.1
1093650 622.1
1093660 622.1
1093670 619.8
1093680 614.7
1093690 614.7
1093700 610.0
1093710 608.0
1093720 608.0
1093730 605.2
1093740 599.0
1093750 591.6
1093760 591.6
1093770 592.0
1093780 577.5
1093790 577.5
1093800 572.2
1093810 563.9
1093820 563.9
1093830 555.4
1093840 561.8
1093850 561.8
1093860 571.5
1093870 582.1
1093880 582.1
1093890 590.9
1093900 592.5
1093910 592.5
1093920 588.8
1093930 585.3
1093940 585.3
1093950 580.4
1093960 575.6
1093970 575.6
1093980 570.9
1093990 565.6
1094000 565.6
1094010 559.4
1094020 555.0
1094030 555.0
1094040 550.2
1094050 545.5
1094060 545.5
1094070 541.5
1094080 539.7
1094090 539.7
1094100 538.5
1094110 532.3
1094120 527.5
1094130 527.5
1094140 521.8
1094150 513.8
1094160 513.8
1094170 506.9
1094180 500.3
1094190 500.3
1094200 503.4
1094210 513.1
1094220 513.1
1094230 523.4
1094240 532.3
1094250 532.3
1094260 537.8
1094270 538.4
1094280 538.4
1094290 540.3
1094300 541.9
1094310 541.9
1094320 544.1
1094330 549.1
1094340 549.1
1094350 552.9
1094360 553.9
1094370 553.9
1094380 554.3
1094390 555.3
1094400 555.3
1094410 557.6
1094420 562.6
1094430 563.5
1094440 569.8
1094450 572.5
1094460 569.9
1094470 569.9
1094480 564.8
1094490 563.8
1094500 563.8
1094510 569.2
1094520 574.6
1094530 574.6
1094540 575.9
1094550 575.5
1094560 575.5
1094570 575.9
1094580 577.4
1094590 577.4
1094600 582.0
1094610 584.5
1094620 584.5
1094630 588.6
1094640 594.2
1094650 594.2
1094660 600.3
1094670 602.7
1094680 602.7
1094690 602.9
1094700 602.8
1094710 602.8
1094720 602.6
1094730 602.7
1094740 602.7
1094750 602.8
1094760 602.7
1094770 602.7
1094780 602.5
1094790 601.9
1094800 601.9
1094810 601.3
1094820 600.8
1094830 600.5
1094840 600.5
1094850 600.3
1094860 600.0
1094870 600.0
1094880 599.5
1094890 598.5
1094900 598.5
1094910 598.2
1094920 598.9
1094930 598.9
1094940 597.7
1094950 595.2
1094960 595.2
1094970 593.4
1094980 593.3
1094990 593.3
1095000 591.8
1095010 590.1
1095020 590.1
1095030 589.0
1095040 587.2
1095050 587.2
1095060 584.4
1095070 581.0
1095080 581.0
1095090 572.5
1095100 569.5
1095110 569.5
1095120 567.8
1095130 565.7
1095140 565.7
1095150 563.0
1095160 560.5
1095170 560.5
1095180 559.6
1095190 559.8
1095200 562.8
1095210 562.8
1095220 566.8
1095230 569.8
1095240 569.8
1095250 573.3
1095260 577.2
1095270 577.2
1095280 579.7
1095290 580.2
1095300 580.2
1095310 583.0
1095320 585.7
1095330 585.7
1095340 587.1
1095350 587.5
1095360 587.5
1095370 587.1
1095380 586.4
1095390 586.4
1095400 586.0
1095410 585.5
1095420 584.9
1095430 584.5
1095440 583.9
1095450 583.9
1095460 583.3
1095470 582.8
1095480 582.8
1095490 582.8
1095500 582.3
1095510 582.3
1095520 581.9
1095530 581.5
1095540 579.8
1095550 579.8
1095560 575.4
1095570 574.8
1095580 574.8
1095590 578.7
1095600 578.9
1095610 578.9
1095620 578.2
1095630 577.7
1095640 577.7
1095650 577.8
1095660 577.8
1095670 577.8
1095680 577.6
1095690 577.4
1095700 577.4
1095710 576.8
1095720 574.2
1095730 574.2
1095740 570.6
1095750 565.9
1095760 565.9
1095770 560.1
1095780 555.0
1095790 555.0
1095800 550.6
1095810 546.5
1095820 546.5
1095830 541.0
1095840 534.5
1095850 534.5
1095860 527.1
1095870 520.5
1095880 520.5
1095890 516.7
1095900 512.2
1095910 504.5
1095920 504.5
1095930 500.1
1095940 494.1
1095950 494.1
1095960 485.4
1095970 478.6
1095980 478.6
1095990 477.1
1096000 477.6
1096010 477.6
1096020 481.6
1096030 482.4
1096040 482.4
1096050 482.8
1096060 482.2
1096070 482.2
1096080 487.8
1096090 481.8
1096100 481.8
1096110 478.6
1096120 478.3
1096130 478.3
1096140 479.7
1096150 484.4
1096160 484.4
1096170 491.0
1096180 495.0
1096190 495.0
1096200 499.6
1096210 505.1
1096220 505.1
1096230 509.1
1096240 513.4
1096250 513.4
1096260 516.9
1096270 521.2
1096280 527.9
1096290 527.9
1096300 532.9
1096310 537.5
1096320 537.5
1096330 542.1
1096340 546.9
1096350 546.9
1096360 549.2
1096370 542.9
1096380 542.9
1096390 541.2
1096400 541.1
1096410 545.8
1096420 549.1
1096430 554.3
1096440 554.3
1096450 558.8
1096460 557.4
1096470 557.4
1096480 556.4
1096490 560.6
1096500 560.6
1096510 565.0
1096520 566.4
1096530 566.4
1096540 567.8
1096550 570.9
1096560 570.9
1096570 571.7
1096580 573.6
1096590 573.6
1096600 574.2
1096610 574.4
1096620 574.3
1096630 574.3
1096640 574.4
1096650 574.4
1096660 574.4
1096670 574.4
1096680 574.5
1096690 574.5
1096700 574.3
1096710 573.2
1096720 573.2
1096730 571.7
1096740 568.7
1096750 568.7
1096760 565.1
1096770 562.8
1096780 562.8
1096790 562.2
1096800 559.8
1096810 559.8
1096820 559.2
1096830 561.5
1096840 561.5
1096850 566.3
1096860 569.1
1096870 569.1
1096880 570.0
1096890 570.1
1096900 570.1
1096910 570.3
1096920 570.5
1096930 570.5
1096940 570.6
1096950 570.5
1096960 570.5
1096970 570.3
1096980 570.3
1096990 570.3
1097000 570.3
1097010 570.3
1097020 570.4
1097030 570.4
1097040 570.5
1097050 570.6
1097060 570.1
1097070 570.0
1097080 569.9
1097090 569.9
1097100 570.4
1097110 571.1
1097120 571.1
1097130 571.6
1097140 571.9
1097150 571.9
1097160 572.3
1097170 572.9
1097180 572.9
1097190 573.5
1097200 574.6
1097210 574.6
1097220 576.3
1097230 577.8
1097240 577.8
1097250 578.4
1097260 578.4
1097270 578.4
1097280 578.2
1097290 578.1
1097300 578.1
1097310 577.7
1097320 576.8
1097330 576.8
1097340 576.1
1097350 576.8
1097360 578.1
1097370 578.1
1097380 578.7
1097390 578.9
1097400 578.9
1097410 578.6
1097420 576.7
1097430 576.7
1097440 576.9
1097450 577.3
1097460 577.3
1097470 578.7
1097480 580.0
1097490 580.0
1097500 579.2
1097510 579.7
1097520 579.7
1097530 580.1
1097540 580.7
1097550 580.7
1097560 581.4
1097570 583.0
1097580 583.0
1097590 584.4
1097600 584.9
1097610 584.9
1097620 586.5
1097630 588.6
1097640 588.6
1097650 591.2
1097660 594.3
1097670 594.3
1097680 597.4
1097690 600.3
1097700 603.1
1097710 603.1
1097720 605.7
1097730 610.1
1097740 610.1
1097750 612.7
1097760 615.0
1097770 615.0
1097780 618.2
1097790 622.1
1097800 622.1
1097810 626.7
1097820 631.4
1097830 631.4
1097840 636.0
1097850 640.9
1097860 640.9
1097870 645.5
1097880 649.7
1097890 649.7
1097900 653.3
1097910 657.0
1097920 657.0
1097930 661.2
1097940 665.4
1097950 665.4
1097960 668.8
1097970 670.9
1097980 670.9
1097990 672.0
1098000 673.1
1098010 673.1
1098020 674.3
1098030 675.9
1098040 675.9
1098050 677.7
1098060 681.6
1098070 684.1
1098080 684.1
1098090 687.7
1098100 690.9
1098110 690.9
1098120 693.8
1098130 697.3
1098140 697.3
1098150 701.2
1098160 706.4
1098170 706.4
1098180 711.0
1098190 714.7
1098200 714.7
1098210 718.9
1098220 722.4
1098230 722.4
1098240 725.9
1098250 731.7
1098260 731.7
1098270 736.5
1098280 740.6
1098290 740.6
1098300 744.8
1098310 749.9
1098320 749.9
1098330 754.5
1098340 758.8
1098350 758.8
1098360 763.5
1098370 768.0
1098380 768.0
1098390 775.2
1098400 779.5
1098410 779.5
1098420 783.8
1098430 787.6
1098440 791.8
1098450 791.8
1098460 796.0
1098470 799.8
1098480 799.8
1098490 803.1
1098500 806.6
1098510 806.6
1098520 809.9
1098530 812.3
1098540 812.3
1098550 814.2
1098560 816.1
1098570 816.1
1098580 818.0
1098590 820.1
1098600 820.1
1098610 822.0
1098620 823.9
1098630 823.9
1098640 825.9
1098650 827.5
1098660 827.5
1098670 828.8
1098680 830.1
1098690 830.1
1098700 831.4
1098710 832.5
1098720 831.1
1098730 832.5
1098740 833.5
1098750 833.5
1098760 834.6
1098770 836.0
1098780 836.9
1098790 836.9
1098800 838.2
1098810 840.0
1098820 840.0
1098830 842.5
1098840 845.7
1098850 845.7
1098860 849.3
1098870 853.2
1098880 853.2
1098890 857.4
1098900 861.7
1098910 861.7
1098920 864.9
1098930 866.7
1098940 866.7
1098950 867.1
1098960 866.7
1098970 866.7
1098980 865.9
1098990 864.9
1099000 864.9
1099010 863.2
1099020 862.1
1099030 862.1
1099040 861.3
1099050 860.6
1099060 860.6
1099070 860.4
1099080 860.6
1099090 860.6
1099100 861.1
1099110 861.2
1099120 861.2
1099130 861.2
1099140 862.9
1099150 863.6
1099160 863.6
1099170 863.7
1099180 863.4
1099190 863.4
1099200 863.3
1099210 863.4
1099220 863.4
1099230 862.7
1099240 861.4
1099250 861.4
1099260 860.2
1099270 858.9
1099280 858.9
1099290 857.7
1099300 856.7
1099310 856.7
1099320 855.9
1099330 855.5
1099340 855.5
1099350 854.5
1099360 853.5
1099370 853.5
1099380 851.2
1099390 850.1
1099400 850.1
1099410 848.7
1099420 847.2
1099430 847.2
1099440 845.7
1099450 844.3
1099460 844.3
1099470 842.7
1099480 840.9
1099490 838.8
1099500 838.8
1099510 836.5
1099520 834.3
1099530 834.3
1099540 833.5
1099550 834.0
1099560 834.0
1099570 834.3
1099580 834.2
1099590 834.2
1099600 833.9
1099610 833.5
1099620 833.5
1099630 833.1
1099640 832.7
1099650 832.7
1099660 832.3
1099670 831.5
1099680 831.5
1099690 830.3
1099700 830.9
1099710 829.5
1099720 829.5
1099730 829.4
1099740 829.4
1099750 829.0
1099760 828.5
1099770 828.5
1099780 828.3
1099790 828.0
1099800 828.0
1099810 827.6
1099820 826.8
1099830 826.8
1099840 825.8
1099850 824.9
1099860 824.1
1099870 824.1
1099880 823.5
1099890 823.0
1099900 823.0
1099910 822.9
1099920 822.9
1099930 822.9
1099940 822.9
1099950 822.4
1099960 822.4
1099970 820.9
1099980 819.9
1099990 819.9
