1080000 399.8
1080010 399.8
1080020 402.0
1080030 402.4
1080040 402.4
1080050 401.6
1080060 401.5
1080070 401.5
1080080 401.7
1080090 402.0
1080100 402.0
1080110 401.9
1080120 401.8
1080130 401.8
1080140 402.3
1080150 401.9
1080160 401.9
1080170 401.1
1080180 401.0
1080190 400.9
1080200 400.9
1080210 401.3
1080220 401.4
1080230 401.4
1080240 401.4
1080250 401.3
1080260 401.3
1080270 401.4
1080280 401.5
1080290 401.5
1080300 401.5
1080310 401.6
1080320 401.6
1080330 401.6
1080340 401.3
1080350 401.3
1080360 401.4
1080370 401.4
1080380 401.4
1080390 401.3
1080400 401.4
1080410 401.4
1080420 401.5
1080430 401.6
1080440 401.6
1080450 401.8
1080460 402.1
1080470 402.1
1080480 402.2
1080490 402.1
1080500 402.1
1080510 401.7
1080520 401.7
1080530 401.7
1080540 401.7
1080550 401.7
1080560 402.0
1080570 402.0
1080580 402.7
1080590 402.1
1080600 402.1
1080610 401.6
1080620 403.3
1080630 403.3
1080640 404.6
1080650 404.5
1080660 404.5
1080670 403.2
1080680 402.0
1080690 402.0
1080700 401.8
1080710 401.6
1080720 401.6
1080730 401.2
1080740 401.1
1080750 401.1
1080760 401.2
1080770 401.2
1080780 401.2
1080790 401.1
1080800 401.1
1080810 401.1
1080820 401.2
1080830 401.2
1080840 401.2
1080850 401.3
1080860 401.3
1080870 401.3
1080880 401.2
1080890 401.2
1080900 401.2
1080910 401.2
1080920 401.2
1080930 401.3
1080940 401.3
1080950 401.4
1080960 401.3
1080970 401.3
1080980 401.5
1080990 401.4
1081000 401.4
1081010 401.3
1081020 401.4
1081030 401.4
1081040 401.5
1081050 401.5
1081060 401.5
1081070 401.5
1081080 401.4
1081090 401.4
1081100 401.4
1081110 401.1
1081120 401.1
1081130 400.6
1081140 400.7
1081150 400.6
1081160 400.8
1081170 400.9
1081180 400.9
1081190 401.1
1081200 401.3
1081210 401.3
1081220 401.3
1081230 401.1
1081240 401.1
1081250 401.0
1081260 401.0
1081270 401.0
1081280 401.1
1081290 401.2
1081300 401.1
1081310 401.1
1081320 401.1
1081330 401.1
1081340 401.1
1081350 401.2
1081360 401.1
1081370 401.1
1081380 401.1
1081390 401.2
1081400 401.2
1081410 401.2
1081420 401.2
1081430 401.2
1081440 401.1
1081450 401.0
1081460 401.0
1081470 401.0
1081480 401.1
1081490 401.1
1081500 401.3
1081510 401.4
1081520 401.4
1081530 401.1
1081540 401.1
1081550 401.1
1081560 401.2
1081570 401.1
1081580 401.1
1081590 401.2
1081600 401.2
1081610 401.2
1081620 400.9
1081630 400.8
1081640 400.8
1081650 400.8
1081660 400.8
1081670 400.8
1081680 400.8
1081690 401.0
1081700 400.8
1081710 400.8
1081720 400.8
1081730 400.9
1081740 400.9
1081750 400.9
1081760 400.8
1081770 400.8
1081780 400.8
1081790 400.9
1081800 400.9
1081810 400.9
1081820 400.9
1081830 400.9
1081840 400.9
1081850 400.9
1081860 400.9
1081870 400.7
1081880 400.6
1081890 400.6
1081900 400.4
1081910 400.2
1081920 400.2
1081930 400.3
1081940 400.1
1081950 400.1
1081960 400.1
1081970 399.8
1081980 399.8
1081990 400.0
1082000 400.4
1082010 400.7
1082020 400.7
1082030 400.7
1082040 400.7
1082050 400.7
1082060 400.6
1082070 400.6
1082080 400.6
1082090 400.5
1082100 400.5
1082110 400.5
1082120 400.4
1082130 400.2
1082140 400.2
1082150 400.5
1082160 400.9
1082170 400.9
1082180 400.7
1082190 400.5
1082200 400.5
1082210 400.4
1082220 400.5
1082230 400.5
1082240 400.6
1082250 400.3
1082260 400.3
1082270 400.1
1082280 400.3
1082290 400.3
1082300 400.4
1082310 400.3
1082320 400.3
1082330 400.3
1082340 400.4
1082350 400.4
1082360 400.5
1082370 400.6
1082380 400.0
1082390 400.0
1082400 399.9
1082410 400.6
1082420 402.1
1082430 403.1
1082440 402.8
1082450 402.8
1082460 401.4
1082470 400.7
1082480 400.7
1082490 400.7
1082500 400.7
1082510 400.7
1082520 400.7
1082530 400.4
1082540 400.4
1082550 400.3
1082560 400.3
1082570 400.3
1082580 400.4
1082590 400.4
1082600 400.4
1082610 400.4
1082620 400.5
1082630 400.5
1082640 400.5
1082650 400.5
1082660 400.5
1082670 400.5
1082680 400.4
1082690 400.4
1082700 400.2
1082710 400.1
1082720 400.0
1082730 400.0
1082740 400.0
1082750 399.9
1082760 399.9
1082770 399.8
1082780 399.7
1082790 399.7
1082800 399.9
1082810 400.1
1082820 400.1
1082830 400.5
1082840 400.5
1082850 400.5
1082860 400.4
1082870 400.3
1082880 400.3
1082890 400.2
1082900 400.5
1082910 400.5
1082920 400.5
1082930 400.4
1082940 400.4
1082950 400.2
1082960 400.0
1082970 400.0
1082980 400.6
1082990 400.0
1083000 400.0
1083010 399.7
1083020 399.8
1083030 399.8
1083040 399.9
1083050 400.0
1083060 400.0
1083070 400.0
1083080 400.1
1083090 400.6
1083100 400.6
1083110 400.8
1083120 400.6
1083130 400.6
1083140 400.2
1083150 400.2
1083160 400.2
1083170 400.3
1083180 400.0
1083190 400.0
1083200 400.1
1083210 400.1
1083220 400.1
1083230 400.1
1083240 400.3
1083250 400.3
1083260 400.2
1083270 400.1
1083280 400.1
1083290 400.1
1083300 400.1
1083310 400.1
1083320 400.3
1083330 400.3
1083340 400.3
1083350 400.3
1083360 400.1
1083370 400.1
1083380 400.1
1083390 400.1
1083400 400.1
1083410 400.0
1083420 400.0
1083430 400.0
1083440 400.0
1083450 400.0
1083460 400.0
1083470 400.0
1083480 400.0
1083490 400.1
1083500 400.1
1083510 400.0
1083520 399.9
1083530 399.9
1083540 399.9
1083550 399.8
1083560 399.8
1083570 399.7
1083580 399.6
1083590 399.6
1083600 399.8
1083610 400.0
1083620 400.0
1083630 400.1
1083640 400.0
1083650 400.0
1083660 400.2
1083670 400.7
1083680 400.7
1083690 402.7
1083700 409.1
1083710 409.1
1083720 410.1
1083730 410.1
1083740 410.1
1083750 409.1
1083760 405.5
1083770 405.5
1083780 404.4
1083790 407.3
1083800 407.3
1083810 410.6
1083820 411.5
1083830 411.9
1083840 411.9
1083850 412.4
1083860 412.9
1083870 412.9
1083880 414.1
1083890 416.0
1083900 416.0
1083910 418.1
1083920 419.5
1083930 419.5
1083940 420.1
1083950 422.5
1083960 422.5
1083970 425.4
1083980 427.3
1083990 427.3
1084000 427.3
1084010 428.4
1084020 428.4
1084030 428.5
1084040 428.4
1084050 428.4
1084060 428.4
1084070 428.3
1084080 428.3
1084090 428.2
1084100 428.4
1084110 428.4
1084120 428.7
1084130 428.7
1084140 428.7
1084150 428.4
1084160 428.2
1084170 428.4
1084180 428.4
1084190 428.9
1084200 428.9
1084210 428.9
1084220 428.6
1084230 429.0
1084240 429.0
1084250 428.9
1084260 428.1
1084270 428.1
1084280 427.3
1084290 426.7
1084300 426.7
1084310 427.1
1084320 427.5
1084330 427.5
1084340 427.4
1084350 427.4
1084360 427.4
1084370 427.4
1084380 427.4
1084390 427.4
1084400 427.2
1084410 427.2
1084420 427.2
1084430 427.3
1084440 427.1
1084450 427.1
1084460 427.3
1084470 427.5
1084480 427.5
1084490 427.2
1084500 426.9
1084510 426.9
1084520 426.9
1084530 426.9
1084540 426.9
1084550 426.9
1084560 426.7
1084570 426.6
1084580 426.6
1084590 426.5
1084600 426.5
1084610 426.5
1084620 426.4
1084630 426.4
1084640 426.4
1084650 426.4
1084660 426.1
1084670 426.1
1084680 425.9
1084690 425.7
1084700 425.7
1084710 425.7
1084720 425.9
1084730 425.9
1084740 425.9
1084750 425.8
1084760 425.8
1084770 425.8
1084780 425.7
1084790 425.7
1084800 425.4
1084810 425.0
1084820 425.0
1084830 424.8
1084840 425.0
1084850 425.0
1084860 425.1
1084870 425.1
1084880 425.1
1084890 425.4
1084900 425.4
1084910 425.4
1084920 425.4
1084930 425.6
1084940 425.5
1084950 425.5
1084960 425.4
1084970 425.9
1084980 425.9
1084990 425.6
1085000 425.5
1085010 425.5
1085020 425.6
1085030 425.6
1085040 425.6
1085050 425.8
1085060 424.9
1085070 424.9
1085080 422.2
1085090 420.1
1085100 420.1
1085110 415.8
1085120 413.0
1085130 413.0
1085140 411.0
1085150 409.4
1085160 409.4
1085170 409.1
1085180 409.8
1085190 409.8
1085200 410.8
1085210 412.0
1085220 412.0
1085230 413.1
1085240 414.3
1085250 414.3
1085260 415.7
1085270 417.7
1085280 420.7
1085290 418.3
1085300 419.4
1085310 420.5
1085320 420.5
1085330 420.6
1085340 421.9
1085350 421.9
1085360 423.8
1085370 424.5
1085380 424.5
1085390 427.5
1085400 429.3
1085410 429.3
1085420 429.5
1085430 428.7
1085440 428.7
1085450 429.7
1085460 430.0
1085470 430.0
1085480 431.1
1085490 432.2
1085500 432.2
1085510 432.8
1085520 433.1
1085530 433.1
1085540 434.3
1085550 435.5
1085560 435.5
1085570 436.2
1085580 436.7
1085590 436.7
1085600 437.7
1085610 438.2
1085620 439.5
1085630 439.5
1085640 440.1
1085650 440.8
1085660 440.8
1085670 442.9
1085680 446.3
1085690 446.3
1085700 448.0
1085710 450.2
1085720 450.2
1085730 452.0
1085740 452.9
1085750 452.9
1085760 454.8
1085770 456.2
1085780 456.2
1085790 457.8
1085800 459.5
1085810 459.5
1085820 461.1
1085830 462.0
1085840 462.0
1085850 463.1
1085860 463.8
1085870 463.8
1085880 464.6
1085890 465.7
1085900 465.7
1085910 466.9
1085920 468.2
1085930 468.2
1085940 470.9
1085950 472.2
1085960 472.2
1085970 473.6
1085980 474.4
1085990 474.7
1086000 474.7
1086010 475.5
1086020 477.0
1086030 477.0
1086040 477.7
1086050 478.3
1086060 478.3
1086070 478.8
1086080 479.2
1086090 479.2
1086100 479.8
1086110 480.4
1086120 480.4
1086130 481.2
1086140 482.0
1086150 482.0
1086160 483.1
1086170 484.4
1086180 484.4
1086190 485.7
1086200 487.0
1086210 487.0
1086220 489.0
1086230 489.6
1086240 489.6
1086250 490.8
1086260 492.8
1086270 492.8
1086280 494.0
1086290 495.4
1086300 495.4
1086310 496.6
1086320 497.9
1086330 497.9
1086340 499.0
1086350 499.9
1086360 500.7
1086370 500.7
1086380 501.6
1086390 502.7
1086400 502.7
1086410 504.6
1086420 507.5
1086430 507.5
1086440 510.2
1086450 511.4
1086460 511.4
1086470 509.8
1086480 507.4
1086490 507.4
1086500 510.4
1086510 513.3
1086520 513.3
1086530 510.9
1086540 513.1
1086550 513.1
1086560 517.1
1086570 519.8
1086580 520.4
1086590 524.1
1086600 529.6
1086610 529.6
1086620 534.8
1086630 538.1
1086640 538.1
1086650 538.8
1086660 537.8
1086670 537.8
1086680 539.8
1086690 547.8
1086700 547.8
1086710 559.5
1086720 563.1
1086730 566.2
1086740 566.2
1086750 572.5
1086760 579.1
1086770 579.1
1086780 584.3
1086790 585.5
1086800 585.5
1086810 586.0
1086820 588.7
1086830 588.7
1086840 594.6
1086850 600.7
1086860 600.7
1086870 607.0
1086880 613.3
1086890 613.3
1086900 620.0
1086910 626.8
1086920 626.8
1086930 634.1
1086940 640.5
1086950 640.5
1086960 645.9
1086970 651.8
1086980 651.8
1086990 659.9
1087000 665.2
1087010 665.2
1087020 672.8
1087030 678.3
1087040 678.3
1087050 679.3
1087060 679.8
1087070 680.9
1087080 680.9
1087090 682.0
1087100 681.7
1087110 681.7
1087120 683.6
1087130 685.3
1087140 685.3
1087150 686.6
1087160 688.8
1087170 688.8
1087180 691.6
1087190 696.5
1087200 696.5
1087210 698.8
1087220 701.2
1087230 701.2
1087240 700.0
1087250 699.5
1087260 699.5
1087270 700.3
1087280 703.4
1087290 703.4
1087300 707.5
1087310 713.8
1087320 713.8
1087330 719.3
1087340 723.7
1087350 723.7
1087360 727.9
1087370 733.2
1087380 733.2
1087390 738.0
1087400 744.1
1087410 744.1
1087420 749.5
1087430 755.2
1087440 764.5
1087450 764.5
1087460 779.0
1087470 788.6
1087480 788.6
1087490 795.9
1087500 801.6
1087510 801.6
1087520 810.1
1087530 824.2
1087540 816.1
1087550 829.7
1087560 841.2
1087570 841.2
1087580 846.4
1087590 850.3
1087600 850.3
1087610 855.3
1087620 860.2
1087630 860.2
1087640 864.9
1087650 869.1
1087660 869.1
1087670 871.1
1087680 870.6
1087690 870.6
1087700 871.2
1087710 872.5
1087720 872.5
1087730 874.2
1087740 876.5
1087750 876.5
1087760 880.4
1087770 884.2
1087780 884.2
1087790 886.8
1087800 889.0
1087810 890.9
1087820 890.9
1087830 894.2
1087840 896.9
1087850 896.9
1087860 900.6
1087870 901.8
1087880 901.8
1087890 905.4
1087900 909.3
1087910 909.3
1087920 913.7
1087930 917.6
1087940 917.6
1087950 920.7
1087960 921.9
1087970 921.9
1087980 922.1
1087990 924.9
1088000 924.9
1088010 928.6
1088020 933.5
1088030 933.5
1088040 939.6
1088050 945.8
1088060 945.8
1088070 956.5
1088080 973.9
1088090 973.9
1088100 988.0
1088110 991.0
1088120 991.0
1088130 992.0
1088140 993.1
1088150 993.7
1088160 993.7
1088170 994.3
1088180 995.1
1088190 994.1
1088200 992.7
1088210 989.9
1088220 989.9
1088230 986.1
1088240 982.2
1088250 982.2
1088260 979.2
1088270 977.2
1088280 977.2
1088290 975.3
1088300 973.4
1088310 973.4
1088320 971.9
1088330 971.9
1088340 971.9
1088350 972.5
1088360 972.6
1088370 972.6
1088380 972.1
1088390 971.9
1088400 971.9
1088410 972.1
1088420 972.7
1088430 972.7
1088440 973.1
1088450 973.1
1088460 973.1
1088470 975.6
1088480 978.3
1088490 978.3
1088500 980.8
1088510 980.6
1088520 982.9
1088530 982.9
1088540 984.2
1088550 984.2
1088560 984.2
1088570 983.5
1088580 984.7
1088590 984.7
1088600 987.0
1088610 988.1
1088620 988.1
1088630 988.8
1088640 990.0
1088650 990.0
1088660 991.8
1088670 994.3
1088680 994.3
1088690 996.6
1088700 998.2
1088710 998.2
1088720 999.7
1088730 1001.5
1088740 1001.5
1088750 1003.3
1088760 1004.8
1088770 1004.8
1088780 1006.3
1088790 1007.1
1088800 1007.1
1088810 1007.5
1088820 1007.1
1088830 1009.0
1088840 1006.0
1088850 1000.9
1088860 1000.9
1088870 996.6
1088880 992.4
1088890 989.5
1088900 989.5
1088910 987.8
1088920 986.7
1088930 986.7
1088940 986.6
1088950 987.2
1088960 987.2
1088970 987.4
1088980 985.8
1088990 985.8
1089000 982.2
1089010 977.8
1089020 977.8
1089030 972.6
1089040 968.2
1089050 968.2
1089060 965.0
1089070 962.3
1089080 962.3
1089090 961.2
1089100 959.6
1089110 959.6
1089120 955.3
1089130 949.7
1089140 949.7
1089150 946.2
1089160 943.4
1089170 943.4
1089180 940.5
1089190 934.6
1089200 934.6
1089210 929.5
1089220 924.5
1089230 924.5
1089240 919.3
1089250 914.0
1089260 909.5
1089270 909.5
1089280 903.0
1089290 896.3
1089300 896.3
1089310 888.1
1089320 883.1
1089330 883.1
1089340 880.2
1089350 877.2
1089360 877.2
1089370 872.1
1089380 866.8
1089390 866.8
1089400 865.0
1089410 867.6
1089420 867.6
1089430 868.0
1089440 867.7
1089450 867.7
1089460 867.4
1089470 867.8
1089480 869.5
1089490 870.2
1089500 869.0
1089510 869.0
1089520 864.9
1089530 859.6
1089540 859.6
1089550 854.8
1089560 848.9
1089570 848.9
1089580 842.3
1089590 836.0
1089600 831.2
1089610 831.2
1089620 826.0
1089630 818.2
1089640 818.2
1089650 813.0
1089660 806.5
1089670 806.5
1089680 798.1
1089690 790.9
1089700 790.9
1089710 786.2
1089720 779.9
1089730 779.9
1089740 773.5
1089750 766.1
1089760 766.1
1089770 760.5
1089780 756.2
1089790 756.2
1089800 756.1
1089810 750.2
1089820 750.2
1089830 743.4
1089840 737.8
1089850 737.8
1089860 734.2
1089870 731.3
1089880 731.3
1089890 727.7
1089900 722.4
1089910 722.4
1089920 715.9
1089930 710.3
1089940 710.3
1089950 703.7
1089960 695.1
1089970 689.1
1089980 689.1
1089990 681.9
1090000 674.3
1090010 674.3
1090020 667.5
1090030 659.7
1090040 659.7
1090050 651.3
1090060 645.5
1090070 645.5
1090080 642.5
1090090 636.6
1090100 636.6
1090110 623.0
1090120 599.8
1090130 597.7
1090140 592.0
1090150 585.9
1090160 585.9
1090170 582.6
1090180 571.9
1090190 571.9
1090200 570.5
1090210 573.8
1090220 573.8
1090230 565.6
1090240 574.5
1090250 574.5
1090260 591.0
1090270 599.2
1090280 599.2
1090290 608.6
1090300 623.5
1090310 623.5
1090320 632.0
1090330 636.7
1090340 640.3
1090350 640.3
1090360 646.3
1090370 655.1
1090380 655.1
1090390 663.7
1090400 670.6
1090410 670.6
1090420 674.4
1090430 678.6
1090440 678.6
1090450 678.6
1090460 683.7
1090470 683.7
1090480 689.0
1090490 693.7
1090500 693.7
1090510 698.9
1090520 705.0
1090530 705.0
1090540 712.0
1090550 718.4
1090560 718.4
1090570 723.5
1090580 728.8
1090590 728.8
1090600 733.0
1090610 736.8
1090620 736.8
1090630 739.7
1090640 742.7
1090650 742.7
1090660 746.1
1090670 749.2
1090680 751.3
1090690 751.3
1090700 752.7
1090710 754.8
1090720 754.8
1090730 756.2
1090740 757.0
1090750 757.0
1090760 757.1
1090770 749.8
1090780 749.8
1090790 748.2
1090800 746.1
1090810 746.1
1090820 742.4
1090830 736.1
1090840 736.1
1090850 730.9
1090860 729.8
1090870 729.8
1090880 729.6
1090890 730.5
1090900 730.5
1090910 730.4
1090920 729.4
1090930 729.4
1090940 728.6
1090950 728.5
1090960 728.5
1090970 728.3
1090980 727.1
1090990 727.1
1091000 718.9
1091010 711.9
1091020 711.9
1091030 708.1
1091040 707.0
1091050 704.1
1091060 704.1
1091070 700.3
1091080 697.2
1091090 697.2
1091100 694.1
1091110 694.9
1091120 694.9
1091130 694.0
1091140 692.7
1091150 692.7
1091160 691.4
1091170 689.1
1091180 689.1
1091190 686.1
1091200 682.5
1091210 682.5
1091220 680.2
1091230 677.9
1091240 677.9
1091250 676.0
1091260 674.3
1091270 674.3
1091280 675.0
1091290 674.5
1091300 674.5
1091310 673.4
1091320 672.6
1091330 672.6
1091340 672.2
1091350 671.1
1091360 671.1
1091370 670.1
1091380 669.4
1091390 669.4
1091400 668.5
1091410 667.5
1091420 666.8
1091430 666.8
1091440 665.4
1091450 666.3
1091460 666.3
1091470 666.3
1091480 666.1
1091490 666.1
1091500 665.0
1091510 663.6
1091520 663.6
1091530 662.6
1091540 662.0
1091550 662.0
1091560 661.5
1091570 661.0
1091580 661.0
1091590 660.5
1091600 660.2
1091610 660.2
1091620 659.8
1091630 659.5
1091640 659.5
1091650 659.1
1091660 658.7
1091670 658.7
1091680 658.4
1091690 658.3
1091700 658.3
1091710 658.1
1091720 658.0
1091730 658.0
1091740 658.0
1091750 657.6
1091760 657.8
1091770 657.8
1091780 657.8
1091790 657.8
1091800 657.8
1091810 657.6
1091820 657.3
1091830 657.3
1091840 656.9
1091850 656.7
1091860 656.7
1091870 653.9
1091880 651.2
1091890 651.2
1091900 646.9
1091910 637.4
1091920 637.4
1091930 629.6
1091940 628.4
1091950 628.4
1091960 633.3
1091970 638.1
1091980 638.1
1091990 638.2
1092000 641.8
1092010 641.8
1092020 647.5
1092030 653.7
1092040 653.7
1092050 657.0
1092060 657.2
1092070 657.2
1092080 656.9
1092090 657.0
1092100 657.0
1092110 657.1
1092120 657.2
1092130 657.3
1092140 657.3
1092150 657.4
1092160 657.5
1092170 657.5
1092180 657.1
1092190 656.9
1092200 656.9
1092210 656.9
1092220 656.8
1092230 656.8
1092240 656.9
1092250 656.8
1092260 656.8
1092270 656.9
1092280 656.7
1092290 656.7
1092300 656.3
1092310 654.9
1092320 654.9
1092330 654.5
1092340 654.0
1092350 654.0
1092360 652.8
1092370 652.6
1092380 652.6
1092390 651.1
1092400 648.0
1092410 648.0
1092420 645.1
1092430 642.8
1092440 642.8
1092450 640.3
1092460 638.9
1092470 638.9
1092480 639.3
1092490 640.2
1092500 640.7
1092510 640.7
1092520 640.6
1092530 640.7
1092540 640.7
1092550 641.1
1092560 641.0
1092570 641.0
1092580 640.8
1092590 640.9
1092600 640.9
1092610 641.1
1092620 641.8
1092630 641.8
1092640 642.9
1092650 643.9
1092660 643.9
1092670 645.1
1092680 646.2
1092690 646.2
1092700 646.9
1092710 647.3
1092720 647.3
1092730 646.1
1092740 645.0
1092750 645.0
1092760 644.2
1092770 644.2
1092780 644.2
1092790 644.5
1092800 642.9
1092810 642.9
1092820 635.2
1092830 627.5
1092840 627.5
1092850 623.8
1092860 621.0
1092870 618.8
1092880 618.8
1092890 622.7
1092900 618.2
1092910 618.2
1092920 610.0
1092930 602.9
1092940 602.9
1092950 597.9
1092960 596.7
1092970 596.7
1092980 592.7
1092990 588.0
1093000 588.0
1093010 585.3
1093020 588.9
1093030 588.9
1093040 590.9
1093050 591.1
1093060 591.1
1093070 593.6
1093080 596.2
1093090 596.2
1093100 599.5
1093110 604.4
1093120 604.4
1093130 609.6
1093140 617.3
1093150 617.3
1093160 624.5
1093170 628.5
1093180 628.5
1093190 632.9
1093200 637.1
1093210 639.3
1093220 639.3
1093230 640.4
1093240 641.1
1093250 641.1
1093260 641.9
1093270 642.5
1093280 642.5
1093290 642.9
1093300 643.0
1093310 643.0
1093320 642.8
1093330 642.2
1093340 642.2
1093350 641.5
1093360 640.7
1093370 640.7
1093380 639.8
1093390 639.2
1093400 639.2
1093410 638.8
1093420 638.3
1093430 638.3
1093440 637.8
1093450 637.0
1093460 637.0
1093470 636.2
1093480 635.3
1093490 635.3
1093500 634.3
1093510 633.4
1093520 633.4
1093530 632.5
1093540 631.7
1093550 631.7
1093560 630.9
1093570 630.1
1093580 629.5
1093590 629.5
1093600 629.0
1093610 628.5
1093620 628.5
1093630 627.9
1093640 627.4
1093650 627.4
1093660 626.7
1093670 625.9
1093680 625.9
1093690 622.5
1093700 616.5
1093710 615.1
1093720 610.8
1093730 608.9
1093740 608.9
1093750 606.3
1093760 604.8
1093770 604.8
1093780 602.5
1093790 599.3
1093800 599.3
1093810 596.2
1093820 593.9
1093830 593.9
1093840 594.0
1093850 597.6
1093860 597.6
1093870 601.4
1093880 603.5
1093890 603.5
1093900 605.5
1093910 610.5
1093920 610.5
1093930 617.4
1093940 617.8
1093950 615.5
1093960 615.5
1093970 612.6
1093980 609.7
1093990 609.7
1094000 606.4
1094010 603.3
1094020 603.3
1094030 598.4
1094040 597.5
1094050 597.5
1094060 594.7
1094070 588.0
1094080 588.0
1094090 581.3
1094100 571.4
1094110 571.4
1094120 557.5
1094130 550.2
1094140 550.2
1094150 552.6
1094160 561.6
1094170 561.6
1094180 566.8
1094190 565.7
1094200 565.7
1094210 561.8
1094220 555.3
1094230 555.3
1094240 548.4
1094250 546.1
1094260 546.1
1094270 551.3
1094280 556.0
1094290 558.3
1094300 558.3
1094310 559.5
1094320 560.5
1094330 560.5
1094340 561.8
1094350 564.2
1094360 562.6
1094370 566.0
1094380 570.3
1094390 570.3
1094400 575.2
1094410 580.3
1094420 580.3
1094430 585.3
1094440 590.3
1094450 590.3
1094460 595.8
1094470 601.6
1094480 601.6
1094490 604.8
1094500 605.2
1094510 605.2
1094520 605.3
1094530 605.4
1094540 605.4
1094550 605.4
1094560 605.2
1094570 605.2
1094580 605.0
1094590 604.7
1094600 604.7
1094610 604.4
1094620 604.0
1094630 604.0
1094640 603.6
1094650 603.2
1094660 602.8
1094670 602.8
1094680 602.4
1094690 602.5
1094700 602.5
1094710 602.2
1094720 601.8
1094730 601.8
1094740 601.6
1094750 601.2
1094760 601.2
1094770 600.9
1094780 600.5
1094790 600.5
1094800 600.0
1094810 599.7
1094820 599.7
1094830 599.4
1094840 599.1
1094850 599.1
1094860 598.8
1094870 598.5
1094880 598.5
1094890 598.0
1094900 597.5
1094910 597.5
1094920 597.1
1094930 596.6
1094940 596.6
1094950 596.1
1094960 595.6
1094970 595.6
1094980 594.9
1094990 594.3
1095000 594.3
1095010 593.6
1095020 593.8
1095030 593.1
1095040 593.1
1095050 592.6
1095060 592.8
1095070 592.8
1095080 592.8
1095090 592.5
1095100 592.5
1095110 592.2
1095120 592.0
1095130 592.0
1095140 591.8
1095150 591.6
1095160 591.6
1095170 591.3
1095180 591.0
1095190 591.0
1095200 590.7
1095210 590.4
1095220 590.4
1095230 590.0
1095240 589.6
1095250 589.6
1095260 589.3
1095270 589.0
1095280 589.0
1095290 588.6
1095300 588.2
1095310 588.2
1095320 587.8
1095330 587.5
1095340 587.5
1095350 587.3
1095360 586.9
1095370 586.5
1095380 586.5
1095390 586.0
1095400 585.6
1095410 585.6
1095420 585.3
1095430 584.9
1095440 584.9
1095450 584.5
1095460 584.0
1095470 584.0
1095480 583.6
1095490 583.1
1095500 583.1
1095510 582.8
1095520 582.5
1095530 582.5
1095540 582.3
1095550 581.9
1095560 581.9
1095570 581.3
1095580 580.7
1095590 580.7
1095600 580.2
1095610 579.7
1095620 579.7
1095630 579.2
1095640 578.6
1095650 578.6
1095660 578.0
1095670 576.0
1095680 575.7
1095690 571.7
1095700 568.0
1095710 568.0
1095720 566.3
1095730 564.6
1095740 562.8
1095750 562.8
1095760 559.0
1095770 556.1
1095780 556.1
1095790 554.8
1095800 554.1
1095810 554.1
1095820 555.2
1095830 554.0
1095840 554.0
1095850 548.3
1095860 546.4
1095870 546.4
1095880 543.4
1095890 544.0
1095900 544.0
1095910 546.0
1095920 548.1
1095930 548.1
1095940 549.8
1095950 551.2
1095960 551.2
1095970 549.2
1095980 546.8
1095990 546.8
1096000 537.7
1096010 530.6
1096020 530.6
1096030 534.1
1096040 540.0
1096050 540.0
1096060 546.2
1096070 543.3
1096080 543.3
1096090 534.0
1096100 526.6
1096110 518.9
1096120 518.9
1096130 512.8
1096140 504.1
1096150 504.1
1096160 502.6
1096170 508.9
1096180 508.9
1096190 516.0
1096200 516.8
1096210 516.8
1096220 510.5
1096230 503.5
1096240 503.5
1096250 500.7
1096260 497.4
1096270 497.4
1096280 495.7
1096290 494.1
1096300 494.1
1096310 492.0
1096320 491.2
1096330 485.2
1096340 483.5
1096350 482.4
1096360 482.4
1096370 482.6
1096380 483.0
1096390 483.0
1096400 483.6
1096410 485.6
1096420 485.6
1096430 490.0
1096440 494.4
1096450 498.4
1096460 498.4
1096470 502.8
1096480 507.4
1096490 507.4
1096500 512.5
1096510 515.0
1096520 515.0
1096530 516.0
1096540 520.5
1096550 520.5
1096560 524.5
1096570 528.2
1096580 528.2
1096590 532.2
1096600 535.8
1096610 535.8
1096620 539.9
1096630 544.1
1096640 544.1
1096650 549.0
1096660 558.5
1096670 558.5
1096680 562.7
1096690 558.5
1096700 558.5
1096710 548.8
1096720 537.5
1096730 537.5
1096740 531.0
1096750 531.9
1096760 531.9
1096770 533.7
1096780 532.3
1096790 532.3
1096800 535.4
1096810 543.5
1096820 551.5
1096830 551.5
1096840 556.3
1096850 559.1
1096860 559.1
1096870 561.5
1096880 564.4
1096890 564.4
1096900 565.8
1096910 567.2
1096920 567.2
1096930 568.4
1096940 568.6
1096950 568.6
1096960 568.3
1096970 568.2
1096980 568.2
1096990 567.0
1097000 567.1
1097010 567.1
1097020 567.3
1097030 567.9
1097040 567.9
1097050 568.5
1097060 568.9
1097070 568.9
1097080 569.3
1097090 569.8
1097100 569.8
1097110 570.5
1097120 571.4
1097130 571.4
1097140 572.1
1097150 572.6
1097160 572.6
1097170 572.6
1097180 572.6
1097190 572.5
1097200 572.5
1097210 572.1
1097220 571.5
1097230 571.5
1097240 571.1
1097250 571.5
1097260 571.5
1097270 572.5
1097280 573.3
1097290 573.3
1097300 574.2
1097310 574.7
1097320 576.0
1097330 575.5
1097340 574.6
1097350 574.6
1097360 572.9
1097370 571.6
1097380 571.6
1097390 569.4
1097400 569.0
1097410 569.0
1097420 569.1
1097430 571.0
1097440 571.0
1097450 571.7
1097460 571.4
1097470 571.4
1097480 570.6
1097490 571.0
1097500 571.0
1097510 571.4
1097520 572.2
1097530 573.1
1097540 573.1
1097550 574.0
1097560 575.3
1097570 575.3
1097580 576.3
1097590 578.1
1097600 578.1
1097610 579.7
1097620 582.0
1097630 582.0
1097640 584.2
1097650 586.1
1097660 586.1
1097670 588.0
1097680 590.1
1097690 590.1
1097700 592.0
1097710 593.7
1097720 593.7
1097730 595.3
1097740 597.2
1097750 597.2
1097760 600.1
1097770 603.2
1097780 603.2
1097790 604.9
1097800 608.0
1097810 608.0
1097820 610.3
1097830 612.5
1097840 612.5
1097850 614.8
1097860 616.7
1097870 616.7
1097880 618.8
1097890 621.4
1097900 624.8
1097910 624.8
1097920 627.9
1097930 630.6
1097940 630.6
1097950 633.4
1097960 636.3
1097970 636.3
1097980 645.5
1097990 646.8
1098000 646.8
1098010 647.4
1098020 649.2
1098030 649.2
1098040 652.3
1098050 655.9
1098060 655.9
1098070 659.7
1098080 663.4
1098090 663.4
1098100 667.0
1098110 671.4
1098120 671.4
1098130 677.5
1098140 681.7
1098150 681.7
1098160 684.6
1098170 686.4
1098180 686.4
1098190 689.4
1098200 692.1
1098210 692.1
1098220 695.6
1098230 700.0
1098240 700.0
1098250 704.5
1098260 709.1
1098270 714.1
1098280 714.1
1098290 719.1
1098300 724.0
1098310 728.2
1098320 732.5
1098330 736.3
1098340 736.3
1098350 739.7
1098360 743.0
1098370 743.0
1098380 745.5
1098390 745.7
1098400 745.7
1098410 747.9
1098420 752.3
1098430 752.3
1098440 755.9
1098450 759.3
1098460 759.3
1098470 762.9
1098480 766.0
1098490 766.0
1098500 768.9
1098510 771.6
1098520 771.6
1098530 774.5
1098540 780.1
1098550 780.1
1098560 784.8
1098570 788.3
1098580 788.3
1098590 791.7
1098600 794.6
1098610 794.6
1098620 797.6
1098630 801.1
1098640 804.6
1098650 808.2
1098660 811.5
1098670 815.9
1098680 815.9
1098690 820.2
1098700 824.7
1098710 824.7
1098720 829.0
1098730 833.3
1098740 833.3
1098750 837.8
1098760 842.2
1098770 842.2
1098780 845.9
1098790 847.3
1098800 847.3
1098810 845.7
1098820 841.6
1098830 841.6
1098840 838.3
1098850 835.8
1098860 835.8
1098870 834.1
1098880 832.6
1098890 832.6
1098900 831.7
1098910 831.6
1098920 831.6
1098930 832.1
1098940 832.2
1098950 832.2
1098960 832.6
1098970 834.4
1098980 839.8
1098990 839.8
1099000 842.6
1099010 845.6
1099020 845.6
1099030 849.7
1099040 853.1
1099050 853.1
1099060 854.7
1099070 855.6
1099080 855.6
1099090 857.3
1099100 858.5
1099110 858.5
1099120 859.8
1099130 860.9
1099140 860.9
1099150 861.7
1099160 862.8
1099170 862.8
1099180 864.4
1099190 865.7
1099200 865.7
1099210 867.8
1099220 871.2
1099230 871.2
1099240 875.1
1099250 878.3
1099260 878.3
1099270 881.0
1099280 882.9
1099290 882.9
1099300 884.2
1099310 884.0
1099320 884.0
1099330 883.1
1099340 880.4
1099350 877.1
1099360 877.1
1099370 874.9
1099380 873.0
1099390 873.0
1099400 871.2
1099410 869.5
1099420 869.5
1099430 867.8
1099440 866.8
1099450 866.8
1099460 866.2
1099470 865.9
1099480 865.9
1099490 864.6
1099500 865.4
1099510 865.4
1099520 865.6
1099530 865.5
1099540 865.5
1099550 865.2
1099560 864.6
1099570 864.6
1099580 863.7
1099590 862.6
1099600 862.6
1099610 861.2
1099620 859.7
1099630 859.7
1099640 855.5
1099650 853.8
1099660 853.8
1099670 851.9
1099680 850.5
1099690 850.5
1099700 849.2
1099710 848.4
1099720 848.5
1099730 848.5
1099740 848.3
1099750 847.6
1099760 847.6
1099770 846.8
1099780 845.8
1099790 845.8
1099800 844.6
1099810 843.5
1099820 843.5
1099830 842.3
1099840 841.2
1099850 841.2
1099860 840.4
1099870 839.3
1099880 839.3
1099890 838.2
1099900 837.8
1099910 837.8
1099920 837.7
1099930 837.2
1099940 837.2
1099950 836.8
1099960 837.2
1099970 834.1
1099980 834.1
1099990 833.7
