1080000 402.1
1080010 402.1
1080020 402.3
1080030 402.3
1080040 402.4
1080050 402.2
1080060 402.3
1080070 402.3
1080080 402.3
1080090 402.3
1080100 402.3
1080110 402.3
1080120 402.3
1080130 402.3
1080140 402.2
1080150 402.3
1080160 402.3
1080170 402.2
1080180 402.2
1080190 402.2
1080200 402.1
1080210 401.7
1080220 401.7
1080230 401.5
1080240 401.5
1080250 401.5
1080260 401.9
1080270 402.0
1080280 402.0
1080290 402.3
1080300 402.4
1080310 402.4
1080320 402.6
1080330 402.8
1080340 402.8
1080350 402.8
1080360 403.0
1080370 403.0
1080380 403.5
1080390 403.8
1080400 403.8
1080410 404.6
1080420 403.8
1080430 401.8
1080440 401.8
1080450 399.9
1080460 399.6
1080470 399.7
1080480 399.7
1080490 399.8
1080500 399.8
1080510 399.8
1080520 399.8
1080530 399.8
1080540 399.9
1080550 399.9
1080560 399.9
1080570 399.9
1080580 400.2
1080590 400.2
1080600 402.3
1080610 402.9
1080620 402.9
1080630 403.4
1080640 404.7
1080650 404.7
1080660 404.9
1080670 404.0
1080680 404.0
1080690 404.2
1080700 404.4
1080710 404.4
1080720 404.4
1080730 404.2
1080740 404.2
1080750 404.3
1080760 404.3
1080770 404.8
1080780 404.6
1080790 405.5
1080800 405.7
1080810 405.7
1080820 404.8
1080830 404.2
1080840 404.2
1080850 404.3
1080860 404.4
1080870 404.4
1080880 404.4
1080890 404.4
1080900 404.4
1080910 404.8
1080920 404.5
1080930 404.5
1080940 404.3
1080950 404.3
1080960 404.3
1080970 404.1
1080980 403.8
1080990 403.8
1081000 402.9
1081010 402.9
1081020 402.9
1081030 402.8
1081040 402.8
1081050 402.8
1081060 402.7
1081070 403.2
1081080 403.2
1081090 403.8
1081100 404.3
1081110 404.3
1081120 404.4
1081130 404.4
1081140 404.5
1081150 404.5
1081160 404.5
1081170 404.4
1081180 404.4
1081190 404.4
1081200 404.0
1081210 404.0
1081220 404.1
1081230 404.3
1081240 404.3
1081250 404.2
1081260 404.2
1081270 404.2
1081280 404.1
1081290 404.0
1081300 404.0
1081310 403.7
1081320 403.5
1081330 403.5
1081340 403.4
1081350 403.5
1081360 403.5
1081370 403.8
1081380 404.1
1081390 404.1
1081400 404.1
1081410 403.4
1081420 404.2
1081430 404.2
1081440 404.1
1081450 404.1
1081460 404.1
1081470 404.0
1081480 404.0
1081490 403.8
1081500 404.2
1081510 404.4
1081520 404.4
1081530 404.4
1081540 404.4
1081550 404.4
1081560 404.4
1081570 404.4
1081580 404.4
1081590 404.3
1081600 404.1
1081610 404.1
1081620 404.1
1081630 403.9
1081640 403.9
1081650 403.8
1081660 403.7
1081670 403.7
1081680 403.6
1081690 403.7
1081700 403.7
1081710 403.7
1081720 403.6
1081730 403.5
1081740 403.6
1081750 403.4
1081760 403.4
1081770 403.3
1081780 403.4
1081790 403.4
1081800 403.5
1081810 403.6
1081820 403.6
1081830 403.5
1081840 403.5
1081850 403.6
1081860 403.6
1081870 403.6
1081880 403.6
1081890 403.6
1081900 403.6
1081910 403.6
1081920 403.6
1081930 403.5
1081940 403.5
1081950 403.5
1081960 403.5
1081970 403.5
1081980 403.5
1081990 403.7
1082000 403.5
1082010 403.5
1082020 403.4
1082030 403.4
1082040 403.4
1082050 403.6
1082060 403.4
1082070 403.4
1082080 403.4
1082090 403.6
1082100 403.6
1082110 403.6
1082120 403.5
1082130 403.5
1082140 405.8
1082150 406.6
1082160 406.6
1082170 404.5
1082180 403.4
1082190 403.4
1082200 403.1
1082210 403.1
1082220 403.4
1082230 403.4
1082240 403.4
1082250 403.3
1082260 403.3
1082270 403.4
1082280 403.3
1082290 403.3
1082300 402.8
1082310 402.5
1082320 402.5
1082330 402.9
1082340 402.8
1082350 402.8
1082360 402.7
1082370 402.6
1082380 402.6
1082390 402.7
1082400 402.8
1082410 402.8
1082420 402.8
1082430 402.5
1082440 402.5
1082450 402.7
1082460 402.7
1082470 402.7
1082480 402.6
1082490 402.6
1082500 402.6
1082510 402.6
1082520 402.6
1082530 402.6
1082540 402.7
1082550 402.6
1082560 402.6
1082570 402.5
1082580 402.4
1082590 402.3
1082600 402.3
1082610 402.4
1082620 402.4
1082630 402.4
1082640 402.3
1082650 402.4
1082660 402.4
1082670 402.5
1082680 402.6
1082690 402.2
1082700 402.2
1082710 402.2
1082720 402.2
1082730 402.2
1082740 402.1
1082750 402.1
1082760 402.0
1082770 401.9
1082780 401.9
1082790 401.9
1082800 402.0
1082810 402.0
1082820 402.1
1082830 402.1
1082840 402.1
1082850 402.1
1082860 402.2
1082870 402.2
1082880 402.4
1082890 402.6
1082900 402.6
1082910 402.1
1082920 401.8
1082930 401.6
1082940 401.6
1082950 401.6
1082960 401.5
1082970 401.5
1082980 401.4
1082990 401.4
1083000 401.4
1083010 401.4
1083020 401.5
1083030 401.5
1083040 401.2
1083050 401.0
1083060 401.0
1083070 400.9
1083080 400.8
1083090 400.8
1083100 400.8
1083110 400.8
1083120 400.8
1083130 400.9
1083140 400.9
1083150 400.9
1083160 400.9
1083170 400.7
1083180 400.7
1083190 400.5
1083200 400.9
1083210 400.9
1083220 401.1
1083230 401.3
1083240 401.3
1083250 401.5
1083260 401.7
1083270 401.7
1083280 401.6
1083290 401.6
1083300 401.6
1083310 401.6
1083320 401.6
1083330 401.3
1083340 401.3
1083350 403.0
1083360 406.6
1083370 406.6
1083380 409.4
1083390 412.5
1083400 412.5
1083410 416.0
1083420 420.4
1083430 420.4
1083440 425.0
1083450 427.5
1083460 427.5
1083470 427.5
1083480 427.6
1083490 427.6
1083500 427.6
1083510 427.5
1083520 427.5
1083530 427.6
1083540 427.5
1083550 427.5
1083560 427.4
1083570 427.2
1083580 427.2
1083590 427.4
1083600 427.6
1083610 427.6
1083620 427.8
1083630 427.9
1083640 427.5
1083650 427.6
1083660 427.9
1083670 427.4
1083680 427.4
1083690 426.8
1083700 426.9
1083710 426.9
1083720 426.3
1083730 425.8
1083740 425.8
1083750 425.5
1083760 423.6
1083770 423.6
1083780 419.4
1083790 418.6
1083800 418.6
1083810 419.8
1083820 419.9
1083830 419.9
1083840 419.6
1083850 419.6
1083860 419.6
1083870 419.3
1083880 418.9
1083890 418.9
1083900 418.9
1083910 420.0
1083920 420.0
1083930 420.6
1083940 420.8
1083950 420.8
1083960 421.0
1083970 421.2
1083980 421.2
1083990 423.6
1084000 425.7
1084010 426.3
1084020 426.3
1084030 427.4
1084040 428.9
1084050 428.9
1084060 429.1
1084070 429.1
1084080 429.1
1084090 429.2
1084100 429.3
1084110 429.3
1084120 429.4
1084130 429.7
1084140 429.7
1084150 429.7
1084160 429.7
1084170 429.7
1084180 429.8
1084190 429.6
1084200 429.6
1084210 429.4
1084220 429.3
1084230 429.3
1084240 429.2
1084250 429.0
1084260 429.0
1084270 429.1
1084280 429.1
1084290 429.1
1084300 429.2
1084310 429.4
1084320 429.4
1084330 429.4
1084340 429.4
1084350 429.4
1084360 430.3
1084370 429.5
1084380 429.4
1084390 429.4
1084400 429.6
1084410 429.8
1084420 429.8
1084430 430.1
1084440 430.1
1084450 430.1
1084460 430.5
1084470 430.7
1084480 430.7
1084490 430.8
1084500 430.8
1084510 430.8
1084520 430.7
1084530 430.7
1084540 430.7
1084550 430.9
1084560 430.8
1084570 430.8
1084580 430.6
1084590 430.6
1084600 430.8
1084610 430.6
1084620 430.4
1084630 430.4
1084640 430.5
1084650 431.1
1084660 431.1
1084670 430.3
1084680 429.8
1084690 429.8
1084700 429.8
1084710 429.7
1084720 429.7
1084730 429.9
1084740 430.4
1084750 430.6
1084760 430.6
1084770 430.6
1084780 430.8
1084790 430.8
1084800 430.8
1084810 430.6
1084820 430.6
1084830 430.4
1084840 430.5
1084850 430.5
1084860 430.5
1084870 430.6
1084880 430.6
1084890 430.8
1084900 430.9
1084910 430.9
1084920 431.0
1084930 431.1
1084940 431.1
1084950 431.2
1084960 431.8
1084970 431.8
1084980 432.3
1084990 432.3
1085000 432.3
1085010 432.4
1085020 433.0
1085030 433.0
1085040 433.9
1085050 434.8
1085060 434.8
1085070 435.2
1085080 435.5
1085090 436.6
1085100 436.6
1085110 437.9
1085120 438.8
1085130 438.8
1085140 440.7
1085150 442.9
1085160 442.9
1085170 444.1
1085180 445.1
1085190 445.1
1085200 446.4
1085210 447.3
1085220 447.3
1085230 448.7
1085240 451.2
1085250 451.2
1085260 452.4
1085270 453.7
1085280 453.7
1085290 454.6
1085300 455.8
1085310 455.8
1085320 456.8
1085330 458.5
1085340 458.5
1085350 459.4
1085360 462.6
1085370 462.6
1085380 464.7
1085390 466.4
1085400 466.4
1085410 467.6
1085420 468.8
1085430 468.8
1085440 469.7
1085450 470.2
1085460 471.7
1085470 471.7
1085480 472.8
1085490 473.9
1085500 473.9
1085510 475.0
1085520 475.7
1085530 475.7
1085540 476.5
1085550 478.3
1085560 482.1
1085570 482.3
1085580 480.3
1085590 480.3
1085600 481.6
1085610 484.4
1085620 484.4
1085630 486.1
1085640 487.2
1085650 487.2
1085660 488.1
1085670 489.1
1085680 489.1
1085690 491.0
1085700 492.9
1085710 492.9
1085720 494.7
1085730 497.7
1085740 497.7
1085750 499.7
1085760 501.4
1085770 501.4
1085780 502.5
1085790 503.8
1085800 503.8
1085810 504.4
1085820 506.0
1085830 508.0
1085840 508.0
1085850 510.1
1085860 512.6
1085870 512.6
1085880 516.5
1085890 519.4
1085900 519.4
1085910 522.1
1085920 524.9
1085930 524.9
1085940 527.8
1085950 530.2
1085960 530.2
1085970 532.7
1085980 534.3
1085990 534.3
1086000 535.9
1086010 537.4
1086020 537.4
1086030 537.8
1086040 538.5
1086050 538.5
1086060 539.0
1086070 539.6
1086080 539.6
1086090 539.7
1086100 540.7
1086110 540.7
1086120 539.9
1086130 536.0
1086140 536.0
1086150 534.3
1086160 533.7
1086170 533.5
1086180 533.5
1086190 533.2
1086200 539.8
1086210 539.8
1086220 540.1
1086230 539.5
1086240 539.5
1086250 539.4
1086260 543.9
1086270 543.9
1086280 548.9
1086290 553.1
1086300 553.1
1086310 556.4
1086320 558.5
1086330 558.5
1086340 560.3
1086350 562.5
1086360 562.5
1086370 563.9
1086380 564.5
1086390 564.5
1086400 565.0
1086410 565.7
1086420 565.7
1086430 567.1
1086440 568.9
1086450 568.9
1086460 570.6
1086470 572.6
1086480 572.6
1086490 574.8
1086500 577.3
1086510 577.3
1086520 582.8
1086530 585.6
1086540 588.6
1086550 588.6
1086560 591.4
1086570 593.6
1086580 593.6
1086590 595.2
1086600 595.9
1086610 595.9
1086620 594.9
1086630 596.2
1086640 596.2
1086650 599.0
1086660 602.8
1086670 602.8
1086680 606.3
1086690 609.1
1086700 609.1
1086710 611.0
1086720 614.4
1086730 614.4
1086740 618.7
1086750 622.5
1086760 622.5
1086770 627.6
1086780 633.0
1086790 633.0
1086800 636.5
1086810 639.4
1086820 639.4
1086830 643.4
1086840 647.8
1086850 647.8
1086860 651.8
1086870 654.0
1086880 654.0
1086890 655.7
1086900 658.5
1086910 663.4
1086920 663.4
1086930 670.3
1086940 676.0
1086950 676.0
1086960 681.0
1086970 686.6
1086980 686.6
1086990 694.3
1087000 702.2
1087010 702.2
1087020 715.4
1087030 727.2
1087040 727.2
1087050 730.0
1087060 731.0
1087070 731.0
1087080 732.1
1087090 733.3
1087100 733.3
1087110 734.3
1087120 735.3
1087130 735.3
1087140 736.6
1087150 737.9
1087160 737.9
1087170 742.0
1087180 743.6
1087190 743.6
1087200 746.8
1087210 750.2
1087220 750.2
1087230 754.4
1087240 759.4
1087250 764.3
1087260 764.3
1087270 769.2
1087280 772.8
1087290 772.8
1087300 777.9
1087310 785.0
1087320 785.0
1087330 790.4
1087340 793.1
1087350 793.1
1087360 794.1
1087370 796.1
1087380 796.1
1087390 799.1
1087400 803.5
1087410 803.5
1087420 808.7
1087430 813.2
1087440 813.2
1087450 816.7
1087460 819.9
1087470 819.9
1087480 823.3
1087490 824.2
1087500 824.2
1087510 827.5
1087520 829.8
1087530 829.8
1087540 831.1
1087550 831.9
1087560 831.9
1087570 832.8
1087580 833.6
1087590 833.6
1087600 833.6
1087610 833.3
1087620 833.1
1087630 833.1
1087640 833.3
1087650 834.1
1087660 834.1
1087670 835.7
1087680 838.4
1087690 838.4
1087700 841.4
1087710 844.8
1087720 844.8
1087730 848.0
1087740 850.2
1087750 850.2
1087760 852.0
1087770 854.1
1087780 854.1
1087790 856.0
1087800 858.0
1087810 857.8
1087820 859.1
1087830 860.2
1087840 860.2
1087850 861.2
1087860 862.0
1087870 862.0
1087880 862.8
1087890 863.2
1087900 863.2
1087910 863.3
1087920 861.8
1087930 861.8
1087940 859.2
1087950 853.0
1087960 853.0
1087970 846.0
1087980 841.0
1087990 836.3
1088000 836.3
1088010 832.5
1088020 828.1
1088030 828.1
1088040 822.1
1088050 815.7
1088060 815.7
1088070 812.8
1088080 810.6
1088090 810.6
1088100 806.0
1088110 801.6
1088120 801.6
1088130 791.9
1088140 784.5
1088150 784.5
1088160 779.6
1088170 779.9
1088180 779.9
1088190 778.4
1088200 774.7
1088210 774.7
1088220 768.9
1088230 763.6
1088240 763.6
1088250 758.5
1088260 754.0
1088270 754.0
1088280 750.1
1088290 746.2
1088300 746.2
1088310 742.0
1088320 739.8
1088330 739.5
1088340 739.5
1088350 735.6
1088360 727.5
1088370 727.5
1088380 723.1
1088390 720.8
1088400 720.8
1088410 724.8
1088420 726.9
1088430 726.9
1088440 730.4
1088450 730.8
1088460 730.8
1088470 733.8
1088480 736.7
1088490 736.7
1088500 740.8
1088510 742.8
1088520 742.8
1088530 744.7
1088540 746.5
1088550 746.5
1088560 747.6
1088570 748.0
1088580 748.0
1088590 748.4
1088600 749.3
1088610 749.3
1088620 749.9
1088630 750.7
1088640 750.7
1088650 751.6
1088660 752.1
1088670 752.1
1088680 752.7
1088690 753.0
1088700 753.7
1088710 753.7
1088720 754.9
1088730 756.1
1088740 756.1
1088750 756.5
1088760 756.8
1088770 756.8
1088780 756.8
1088790 757.2
1088800 757.2
1088810 757.6
1088820 758.3
1088830 758.3
1088840 758.7
1088850 759.0
1088860 759.0
1088870 759.5
1088880 759.8
1088890 759.8
1088900 760.2
1088910 760.6
1088920 760.6
1088930 760.5
1088940 760.6
1088950 760.6
1088960 760.0
1088970 759.3
1088980 759.3
1088990 759.3
1089000 759.5
1089010 759.5
1089020 759.5
1089030 759.5
1089040 759.5
1089050 759.9
1089060 760.0
1089070 759.9
1089080 759.9
1089090 758.9
1089100 750.6
1089110 750.6
1089120 748.3
1089130 744.3
1089140 744.3
1089150 740.0
1089160 737.3
1089170 737.3
1089180 735.7
1089190 734.2
1089200 734.2
1089210 736.4
1089220 734.3
1089230 734.3
1089240 731.4
1089250 729.9
1089260 729.9
1089270 729.3
1089280 729.4
1089290 729.4
1089300 729.2
1089310 729.0
1089320 729.0
1089330 728.9
1089340 729.1
1089350 729.1
1089360 729.5
1089370 730.0
1089380 730.0
1089390 732.1
1089400 732.6
1089410 732.6
1089420 730.0
1089430 729.3
1089440 728.1
1089450 728.1
1089460 726.2
1089470 724.9
1089480 724.9
1089490 724.1
1089500 722.9
1089510 722.9
1089520 722.1
1089530 721.3
1089540 721.3
1089550 720.3
1089560 719.9
1089570 719.9
1089580 719.8
1089590 719.8
1089600 719.8
1089610 719.3
1089620 716.3
1089630 716.3
1089640 716.8
1089650 712.0
1089660 712.0
1089670 706.2
1089680 702.3
1089690 702.3
1089700 699.5
1089710 696.9
1089720 696.9
1089730 695.3
1089740 694.4
1089750 692.0
1089760 690.5
1089770 688.8
1089780 687.1
1089790 687.1
1089800 686.2
1089810 685.6
1089820 685.6
1089830 685.1
1089840 684.7
1089850 684.7
1089860 684.4
1089870 684.3
1089880 684.3
1089890 683.9
1089900 683.4
1089910 683.4
1089920 682.6
1089930 682.0
1089940 682.0
1089950 681.4
1089960 681.2
1089970 681.2
1089980 680.7
1089990 679.9
1090000 679.9
1090010 679.0
1090020 676.4
1090030 676.4
1090040 669.6
1090050 663.8
1090060 663.8
1090070 661.5
1090080 654.2
1090090 654.2
1090100 643.4
1090110 633.7
1090120 631.2
1090130 631.2
1090140 630.0
1090150 621.1
1090160 621.1
1090170 610.7
1090180 600.9
1090190 600.9
1090200 590.1
1090210 580.4
1090220 580.4
1090230 571.8
1090240 563.4
1090250 563.4
1090260 556.6
1090270 551.5
1090280 551.5
1090290 548.0
1090300 546.7
1090310 546.7
1090320 543.4
1090330 538.3
1090340 538.3
1090350 533.2
1090360 533.2
1090370 533.2
1090380 531.8
1090390 529.4
1090400 529.4
1090410 522.8
1090420 515.6
1090430 515.6
1090440 510.6
1090450 507.3
1090460 507.3
1090470 501.5
1090480 496.0
1090490 491.9
1090500 491.9
1090510 486.7
1090520 481.8
1090530 481.8
1090540 478.2
1090550 475.1
1090560 475.1
1090570 475.5
1090580 478.2
1090590 478.2
1090600 479.9
1090610 482.4
1090620 482.4
1090630 485.3
1090640 491.3
1090650 491.3
1090660 497.8
1090670 503.2
1090680 503.2
1090690 505.4
1090700 510.3
1090710 510.3
1090720 505.8
1090730 511.3
1090740 511.3
1090750 513.5
1090760 512.2
1090770 512.2
1090780 513.7
1090790 521.0
1090800 521.0
1090810 528.6
1090820 534.9
1090830 534.9
1090840 540.7
1090850 547.0
1090860 551.6
1090870 551.6
1090880 553.5
1090890 553.4
1090900 553.4
1090910 552.1
1090920 550.9
1090930 550.9
1090940 550.7
1090950 550.4
1090960 550.4
1090970 550.1
1090980 546.1
1090990 546.1
1091000 539.1
1091010 536.7
1091020 536.7
1091030 533.8
1091040 535.7
1091050 535.7
1091060 546.0
1091070 554.7
1091080 554.7
1091090 557.6
1091100 559.6
1091110 559.6
1091120 561.3
1091130 564.0
1091140 564.0
1091150 567.0
1091160 568.2
1091170 568.2
1091180 568.6
1091190 571.4
1091200 574.6
1091210 574.6
1091220 578.2
1091230 582.5
1091240 582.5
1091250 583.6
1091260 582.3
1091270 582.3
1091280 580.7
1091290 578.4
1091300 578.4
1091310 576.6
1091320 575.3
1091330 575.3
1091340 573.9
1091350 572.2
1091360 572.2
1091370 566.6
1091380 564.7
1091390 564.7
1091400 563.2
1091410 560.3
1091420 560.3
1091430 557.1
1091440 554.6
1091450 554.6
1091460 551.4
1091470 547.4
1091480 547.4
1091490 544.7
1091500 541.9
1091510 541.9
1091520 539.8
1091530 535.6
1091540 535.6
1091550 527.2
1091560 521.4
1091570 528.1
1091580 528.1
1091590 534.0
1091600 538.4
1091610 538.4
1091620 544.1
1091630 544.8
1091640 544.8
1091650 539.4
1091660 531.7
1091670 531.7
1091680 526.3
1091690 525.6
1091700 525.6
1091710 528.6
1091720 534.7
1091730 534.7
1091740 541.5
1091750 545.6
1091760 545.6
1091770 547.4
1091780 549.7
1091790 549.7
1091800 551.4
1091810 552.6
1091820 552.6
1091830 553.6
1091840 554.4
1091850 554.4
1091860 555.2
1091870 555.4
1091880 555.4
1091890 555.1
1091900 555.0
1091910 555.0
1091920 555.5
1091930 555.5
1091940 554.9
1091950 554.9
1091960 554.6
1091970 554.7
1091980 554.7
1091990 553.4
1092000 552.0
1092010 552.0
1092020 550.0
1092030 549.2
1092040 549.2
1092050 548.5
1092060 548.1
1092070 548.1
1092080 547.6
1092090 548.6
1092100 548.6
1092110 549.1
1092120 550.4
1092130 550.4
1092140 552.3
1092150 553.4
1092160 553.4
1092170 554.5
1092180 555.1
1092190 555.1
1092200 555.2
1092210 554.2
1092220 554.2
1092230 553.3
1092240 552.8
1092250 552.8
1092260 553.0
1092270 553.5
1092280 553.7
1092290 553.7
1092300 554.5
1092310 555.3
1092320 555.3
1092330 555.9
1092340 556.7
1092350 555.7
1092360 554.9
1092370 552.8
1092380 552.8
1092390 550.6
1092400 548.6
1092410 548.6
1092420 547.7
1092430 546.8
1092440 546.8
1092450 545.5
1092460 543.0
1092470 543.0
1092480 541.2
1092490 539.6
1092500 539.6
1092510 537.7
1092520 536.8
1092530 536.8
1092540 536.7
1092550 536.8
1092560 536.8
1092570 536.5
1092580 537.1
1092590 537.1
1092600 536.0
1092610 532.3
1092620 532.3
1092630 531.2
1092640 532.8
1092650 532.6
1092660 532.6
1092670 525.7
1092680 523.3
1092690 523.3
1092700 520.9
1092710 526.9
1092720 526.9
1092730 529.7
1092740 530.5
1092750 530.5
1092760 531.2
1092770 531.7
1092780 531.7
1092790 532.1
1092800 533.0
1092810 533.0
1092820 535.0
1092830 535.3
1092840 535.3
1092850 529.6
1092860 525.0
1092870 525.0
1092880 524.6
1092890 521.6
1092900 521.6
1092910 517.8
1092920 516.8
1092930 516.8
1092940 515.0
1092950 511.1
1092960 511.1
1092970 508.1
1092980 513.3
1092990 513.3
1093000 507.5
1093010 507.4
1093020 510.9
1093030 510.9
1093040 510.2
1093050 511.2
1093060 511.2
1093070 501.9
1093080 489.0
1093090 489.0
1093100 481.3
1093110 475.5
1093120 475.5
1093130 469.1
1093140 471.9
1093150 471.9
1093160 477.6
1093170 482.7
1093180 482.7
1093190 486.3
1093200 490.4
1093210 490.4
1093220 496.4
1093230 504.2
1093240 504.2
1093250 513.0
1093260 522.0
1093270 522.0
1093280 525.0
1093290 525.4
1093300 525.4
1093310 524.7
1093320 523.1
1093330 523.1
1093340 523.3
1093350 523.9
1093360 525.1
1093370 525.1
1093380 526.8
1093390 528.1
1093400 528.1
1093410 527.5
1093420 515.7
1093430 515.7
1093440 505.1
1093450 496.5
1093460 496.5
1093470 487.0
1093480 476.9
1093490 476.9
1093500 464.6
1093510 455.0
1093520 455.0
1093530 449.0
1093540 442.4
1093550 442.4
1093560 441.3
1093570 441.3
1093580 441.3
1093590 441.3
1093600 442.2
1093610 442.2
1093620 444.7
1093630 445.5
1093640 445.5
1093650 445.5
1093660 445.6
1093670 445.6
1093680 445.6
1093690 446.9
1093700 446.9
1093710 447.3
1093720 448.0
1093730 452.3
1093740 452.3
1093750 458.1
1093760 459.6
1093770 459.6
1093780 459.8
1093790 459.5
1093800 459.5
1093810 459.1
1093820 458.9
1093830 458.9
1093840 457.9
1093850 451.1
1093860 451.1
1093870 443.7
1093880 442.9
1093890 442.9
1093900 442.8
1093910 442.8
1093920 442.8
1093930 442.9
1093940 442.9
1093950 442.9
1093960 442.9
1093970 443.0
1093980 442.9
1093990 443.0
1094000 443.1
1094010 443.1
1094020 444.3
1094030 447.9
1094040 447.9
1094050 453.3
1094060 462.1
1094070 472.5
1094080 472.5
1094090 478.6
1094100 474.1
1094110 474.1
1094120 465.8
1094130 457.0
1094140 457.0
1094150 451.9
1094160 457.0
1094170 457.0
1094180 464.5
1094190 468.7
1094200 468.7
1094210 476.1
1094220 502.3
1094230 502.3
1094240 508.8
1094250 504.6
1094260 504.6
1094270 504.4
1094280 513.6
1094290 513.6
1094300 518.5
1094310 525.7
1094320 525.7
1094330 530.6
1094340 534.1
1094350 534.1
1094360 537.6
1094370 542.5
1094380 542.5
1094390 545.5
1094400 547.8
1094410 547.8
1094420 550.3
1094430 553.8
1094440 557.5
1094450 557.5
1094460 561.1
1094470 565.0
1094480 565.0
1094490 569.4
1094500 573.5
1094510 573.5
1094520 577.2
1094530 580.3
1094540 580.3
1094550 582.6
1094560 584.9
1094570 584.9
1094580 587.5
1094590 590.3
1094600 590.3
1094610 592.8
1094620 595.0
1094630 595.4
1094640 595.8
1094650 595.1
1094660 595.1
1094670 594.0
1094680 593.9
1094690 593.9
1094700 593.3
1094710 591.1
1094720 591.1
1094730 587.3
1094740 582.4
1094750 582.4
1094760 577.3
1094770 572.3
1094780 572.3
1094790 567.7
1094800 562.8
1094810 558.8
1094820 558.8
1094830 555.3
1094840 552.2
1094850 552.2
1094860 550.0
1094870 549.5
1094880 549.5
1094890 547.9
1094900 544.4
1094910 544.4
1094920 539.7
1094930 536.7
1094940 536.7
1094950 532.1
1094960 522.0
1094970 522.0
1094980 515.5
1094990 508.5
1095000 508.5
1095010 501.4
1095020 495.3
1095030 495.3
1095040 490.4
1095050 483.8
1095060 483.8
1095070 474.2
1095080 466.6
1095090 466.6
1095100 461.3
1095110 459.0
1095120 459.0
1095130 457.2
1095140 455.9
1095150 456.2
1095160 456.2
1095170 457.6
1095180 461.7
1095190 461.7
1095200 466.4
1095210 471.7
1095220 471.7
1095230 476.8
1095240 480.8
1095250 480.8
1095260 484.4
1095270 487.9
1095280 487.9
1095290 497.6
1095300 499.9
1095310 499.9
1095320 501.3
1095330 499.2
1095340 499.2
1095350 496.8
1095360 487.8
1095370 487.8
1095380 488.5
1095390 492.2
1095400 492.2
1095410 493.1
1095420 491.2
1095430 491.2
1095440 490.2
1095450 490.8
1095460 490.8
1095470 494.3
1095480 498.3
1095490 498.3
1095500 500.3
1095510 498.5
1095520 495.6
1095530 495.6
1095540 496.1
1095550 494.3
1095560 494.3
1095570 495.1
1095580 498.9
1095590 498.9
1095600 502.4
1095610 506.1
1095620 509.4
1095630 512.0
1095640 514.0
1095650 514.0
1095660 516.0
1095670 517.1
1095680 517.1
1095690 518.4
1095700 521.0
1095710 521.0
1095720 525.1
1095730 529.6
1095740 529.6
1095750 534.1
1095760 537.5
1095770 537.5
1095780 541.5
1095790 546.1
1095800 546.1
1095810 550.0
1095820 554.1
1095830 554.1
1095840 558.2
1095850 561.9
1095860 565.8
1095870 565.8
1095880 569.7
1095890 573.6
1095900 573.6
1095910 577.7
1095920 581.1
1095930 581.1
1095940 578.4
1095950 585.5
1095960 585.5
1095970 575.6
1095980 574.9
1095990 574.9
1096000 578.7
1096010 583.0
1096020 583.0
1096030 587.1
1096040 591.2
1096050 591.2
1096060 594.9
1096070 597.6
1096080 597.6
1096090 600.5
1096100 601.3
1096110 601.3
1096120 601.0
1096130 600.3
1096140 600.3
1096150 599.3
1096160 598.2
1096170 598.2
1096180 597.2
1096190 596.6
1096200 596.6
1096210 596.1
1096220 595.8
1096230 596.1
1096240 596.1
1096250 595.7
1096260 595.5
1096270 595.5
1096280 595.9
1096290 595.6
1096300 595.6
1096310 595.2
1096320 595.1
1096330 595.1
1096340 595.0
1096350 594.9
1096360 594.9
1096370 594.7
1096380 594.3
1096390 594.3
1096400 593.6
1096410 592.9
1096420 592.9
1096430 592.1
1096440 591.4
1096450 591.4
1096460 590.5
1096470 589.9
1096480 589.9
1096490 590.7
1096500 591.1
1096510 591.1
1096520 590.7
1096530 588.8
1096540 588.8
1096550 585.9
1096560 583.2
1096570 583.2
1096580 581.7
1096590 580.4
1096600 578.9
1096610 578.9
1096620 577.7
1096630 576.7
1096640 576.7
1096650 575.6
1096660 574.4
1096670 574.4
1096680 573.7
1096690 573.9
1096700 573.9
1096710 574.9
1096720 575.9
1096730 575.9
1096740 576.4
1096750 576.5
1096760 576.5
1096770 576.9
1096780 576.9
1096790 576.9
1096800 577.0
1096810 577.1
1096820 577.1
1096830 577.0
1096840 577.0
1096850 577.0
1096860 576.7
1096870 576.9
1096880 576.9
1096890 577.7
1096900 578.0
1096910 578.0
1096920 578.1
1096930 578.0
1096940 579.1
1096950 579.1
1096960 580.5
1096970 581.5
1096980 581.5
1096990 582.1
1097000 583.0
1097010 583.0
1097020 583.5
1097030 584.1
1097040 584.1
1097050 584.2
1097060 583.9
1097070 583.9
1097080 583.1
1097090 584.1
1097100 584.1
1097110 584.5
1097120 584.5
1097130 584.5
1097140 584.6
1097150 585.8
1097160 585.8
1097170 586.4
1097180 587.1
1097190 587.1
1097200 587.6
1097210 587.9
1097220 587.9
1097230 588.7
1097240 589.7
1097250 589.7
1097260 590.7
1097270 591.5
1097280 591.5
1097290 592.8
1097300 595.3
1097310 595.9
1097320 595.9
1097330 597.4
1097340 600.1
1097350 600.1
1097360 602.5
1097370 604.3
1097380 604.3
1097390 606.3
1097400 608.3
1097410 608.3
1097420 610.5
1097430 613.2
1097440 613.2
1097450 615.2
1097460 616.9
1097470 616.9
1097480 618.6
1097490 620.2
1097500 620.2
1097510 622.1
1097520 624.4
1097530 624.4
1097540 627.1
1097550 631.1
1097560 631.1
1097570 635.9
1097580 640.4
1097590 640.4
1097600 646.5
1097610 648.4
1097620 648.4
1097630 648.7
1097640 649.1
1097650 649.6
1097660 649.6
1097670 649.8
1097680 651.8
1097690 651.8
1097700 656.9
1097710 661.9
1097720 661.9
1097730 666.0
1097740 667.9
1097750 667.9
1097760 669.8
1097770 674.5
1097780 674.5
1097790 679.4
1097800 682.8
1097810 682.8
1097820 685.4
1097830 689.2
1097840 689.2
1097850 693.3
1097860 697.6
1097870 697.6
1097880 702.9
1097890 708.0
1097900 708.0
1097910 714.2
1097920 720.4
1097930 724.3
1097940 730.0
1097950 735.2
1097960 735.2
1097970 740.5
1097980 746.5
1097990 746.5
1098000 751.8
1098010 755.1
1098020 757.4
1098030 757.4
1098040 758.2
1098050 761.2
1098060 761.2
1098070 764.0
1098080 765.9
1098090 765.9
1098100 767.6
1098110 769.7
1098120 769.7
1098130 772.2
1098140 774.8
1098150 774.8
1098160 777.6
1098170 780.4
1098180 780.4
1098190 783.3
1098200 786.7
1098210 786.7
1098220 789.8
1098230 792.2
1098240 792.2
1098250 795.0
1098260 800.2
1098270 800.2
1098280 802.4
1098290 803.5
1098300 803.5
1098310 804.8
1098320 806.3
1098330 806.3
1098340 807.8
1098350 809.4
1098360 809.4
1098370 811.0
1098380 812.8
1098390 814.5
1098400 814.5
1098410 816.1
1098420 817.5
1098430 817.5
1098440 819.1
1098450 820.6
1098460 820.6
1098470 822.4
1098480 823.8
1098490 823.8
1098500 825.2
1098510 826.5
1098520 826.5
1098530 827.5
1098540 828.5
1098550 828.5
1098560 829.4
1098570 829.0
1098580 829.0
1098590 824.6
1098600 824.4
1098610 824.4
1098620 824.2
1098630 823.8
1098640 823.8
1098650 823.6
1098660 823.4
1098670 823.4
1098680 822.9
1098690 822.2
1098700 822.2
1098710 821.4
1098720 820.7
1098730 820.1
1098740 820.1
1098750 819.5
1098760 819.0
1098770 819.0
1098780 818.6
1098790 818.3
1098800 818.3
1098810 817.7
1098820 816.6
1098830 816.6
1098840 814.8
1098850 812.7
1098860 812.7
1098870 810.9
1098880 809.6
1098890 809.6
1098900 808.4
1098910 807.7
1098920 806.7
1098930 806.8
1098940 806.7
1098950 806.7
1098960 806.7
1098970 806.9
1098980 806.9
1098990 806.9
1099000 807.0
1099010 807.0
1099020 806.9
1099030 807.0
1099040 807.0
1099050 806.9
1099060 806.5
1099070 806.5
1099080 806.1
1099090 805.7
1099100 804.9
1099110 804.9
1099120 803.4
1099130 801.0
1099140 801.0
1099150 800.6
1099160 800.7
1099170 800.7
1099180 800.2
1099190 799.5
1099200 799.5
1099210 798.6
1099220 797.8
1099230 797.8
1099240 797.5
1099250 796.0
1099260 796.0
1099270 795.4
1099280 795.1
1099290 795.1
1099300 794.8
1099310 794.5
1099320 794.5
1099330 794.3
1099340 793.5
1099350 793.5
1099360 793.5
1099370 793.9
1099380 793.9
1099390 793.8
1099400 793.9
1099410 793.9
1099420 794.2
1099430 794.1
1099440 794.3
1099450 794.3
1099460 794.1
1099470 789.5
1099480 789.5
1099490 780.7
1099500 780.0
1099510 780.0
1099520 787.2
1099530 789.8
1099540 789.8
1099550 788.8
1099560 787.2
1099570 787.2
1099580 784.2
1099590 783.6
1099600 783.6
1099610 782.0
1099620 780.5
1099630 780.5
1099640 778.3
1099650 775.1
1099660 775.1
1099670 774.9
1099680 775.6
1099690 775.6
1099700 774.3
1099710 772.8
1099720 772.8
1099730 771.8
1099740 771.7
1099750 771.7
1099760 771.7
1099770 771.9
1099780 771.9
1099790 771.6
1099800 770.8
1099810 769.9
1099820 769.9
1099830 768.3
1099840 766.9
1099850 766.9
1099860 765.1
1099870 763.8
1099880 763.8
1099890 763.3
1099900 763.1
1099910 763.1
1099920 759.3
1099930 757.4
1099940 757.4
1099950 756.1
1099960 755.2
1099970 755.2
1099980 754.5
1099990 753.4
