1080000 398.2
1080010 398.2
1080020 398.1
1080030 398.1
1080040 398.0
1080050 398.0
1080060 398.0
1080070 398.0
1080080 398.0
1080090 398.0
1080100 398.0
1080110 397.9
1080120 397.9
1080130 397.9
1080140 397.8
1080150 397.8
1080160 397.8
1080170 397.8
1080180 397.8
1080190 397.7
1080200 397.8
1080210 397.8
1080220 397.8
1080230 397.8
1080240 397.8
1080250 397.8
1080260 397.8
1080270 397.8
1080280 397.8
1080290 397.9
1080300 397.9
1080310 398.2
1080320 398.8
1080330 398.9
1080340 398.9
1080350 399.0
1080360 399.2
1080370 399.2
1080380 399.2
1080390 399.8
1080400 399.8
1080410 399.9
1080420 398.9
1080430 398.9
1080440 398.7
1080450 399.0
1080460 399.0
1080470 400.5
1080480 401.6
1080490 401.6
1080500 400.3
1080510 399.0
1080520 399.0
1080530 399.2
1080540 399.5
1080550 399.5
1080560 399.6
1080570 399.7
1080580 399.7
1080590 399.7
1080600 399.4
1080610 399.4
1080620 399.3
1080630 399.2
1080640 399.2
1080650 399.1
1080660 398.9
1080670 398.9
1080680 398.4
1080690 398.4
1080700 398.7
1080710 398.7
1080720 398.6
1080730 398.4
1080740 398.4
1080750 398.3
1080760 398.1
1080770 398.1
1080780 398.0
1080790 398.0
1080800 398.0
1080810 398.1
1080820 398.1
1080830 398.1
1080840 397.9
1080850 397.9
1080860 397.9
1080870 397.8
1080880 397.7
1080890 397.7
1080900 397.9
1080910 398.2
1080920 398.2
1080930 398.4
1080940 398.6
1080950 398.6
1080960 398.4
1080970 398.5
1080980 398.5
1080990 398.4
1081000 398.4
1081010 398.4
1081020 398.3
1081030 398.4
1081040 398.5
1081050 398.5
1081060 398.2
1081070 398.0
1081080 398.0
1081090 398.3
1081100 399.0
1081110 399.0
1081120 399.5
1081130 398.4
1081140 398.4
1081150 398.9
1081160 399.1
1081170 399.1
1081180 399.3
1081190 399.1
1081200 399.1
1081210 399.7
1081220 398.8
1081230 398.8
1081240 398.4
1081250 398.2
1081260 398.2
1081270 398.2
1081280 398.1
1081290 398.1
1081300 398.2
1081310 398.3
1081320 398.3
1081330 398.3
1081340 398.5
1081350 398.5
1081360 398.3
1081370 398.2
1081380 398.2
1081390 398.1
1081400 398.0
1081410 398.0
1081420 398.0
1081430 397.9
1081440 397.9
1081450 397.9
1081460 397.9
1081470 398.0
1081480 398.0
1081490 398.0
1081500 398.0
1081510 398.0
1081520 398.0
1081530 398.1
1081540 398.1
1081550 398.0
1081560 397.9
1081570 397.9
1081580 397.9
1081590 397.9
1081600 397.9
1081610 398.0
1081620 398.1
1081630 398.1
1081640 398.3
1081650 398.6
1081660 398.6
1081670 398.6
1081680 398.7
1081690 398.7
1081700 398.8
1081710 398.6
1081720 398.6
1081730 398.5
1081740 398.4
1081750 398.4
1081760 398.3
1081770 398.5
1081780 398.5
1081790 398.5
1081800 398.5
1081810 398.6
1081820 398.6
1081830 398.9
1081840 399.0
1081850 399.0
1081860 399.0
1081870 399.0
1081880 399.0
1081890 398.8
1081900 399.8
1081910 399.8
1081920 399.3
1081930 398.8
1081940 398.8
1081950 398.6
1081960 398.7
1081970 398.6
1081980 398.5
1081990 398.5
1082000 398.5
1082010 398.5
1082020 398.4
1082030 398.4
1082040 398.0
1082050 398.4
1082060 398.4
1082070 398.8
1082080 398.8
1082090 398.8
1082100 398.9
1082110 399.0
1082120 399.0
1082130 399.4
1082140 400.0
1082150 399.5
1082160 399.5
1082170 399.4
1082180 399.4
1082190 399.4
1082200 399.4
1082210 398.9
1082220 398.9
1082230 398.7
1082240 398.5
1082250 398.5
1082260 398.5
1082270 398.2
1082280 398.2
1082290 398.2
1082300 398.0
1082310 398.0
1082320 398.0
1082330 397.9
1082340 397.9
1082350 397.9
1082360 397.9
1082370 397.9
1082380 397.8
1082390 397.7
1082400 397.7
1082410 397.6
1082420 397.6
1082430 397.6
1082440 397.7
1082450 397.8
1082460 397.8
1082470 397.7
1082480 397.7
1082490 397.7
1082500 397.7
1082510 397.8
1082520 397.8
1082530 397.8
1082540 397.7
1082550 397.7
1082560 397.7
1082570 397.7
1082580 397.8
1082590 397.8
1082600 397.9
1082610 397.9
1082620 397.9
1082630 397.9
1082640 397.9
1082650 397.9
1082660 397.9
1082670 397.7
1082680 397.7
1082690 397.7
1082700 398.0
1082710 398.0
1082720 398.2
1082730 398.2
1082740 398.2
1082750 398.0
1082760 397.9
1082770 397.9
1082780 398.2
1082790 398.4
1082800 398.4
1082810 398.3
1082820 398.1
1082830 398.1
1082840 398.1
1082850 398.2
1082860 398.2
1082870 398.2
1082880 398.3
1082890 398.1
1082900 398.1
1082910 397.9
1082920 398.1
1082930 398.1
1082940 397.8
1082950 397.8
1082960 397.8
1082970 398.1
1082980 398.5
1082990 398.5
1083000 398.2
1083010 397.5
1083020 397.5
1083030 396.7
1083040 396.9
1083050 396.9
1083060 398.2
1083070 399.1
1083080 399.1
1083090 399.2
1083100 399.1
1083110 399.1
1083120 399.1
1083130 399.2
1083140 399.2
1083150 399.1
1083160 398.5
1083170 398.5
1083180 398.1
1083190 397.7
1083200 397.7
1083210 397.7
1083220 397.8
1083230 397.7
1083240 397.7
1083250 397.7
1083260 397.7
1083270 397.7
1083280 397.9
1083290 397.8
1083300 397.8
1083310 397.8
1083320 397.8
1083330 397.8
1083340 397.8
1083350 397.8
1083360 397.8
1083370 398.0
1083380 397.9
1083390 397.9
1083400 397.8
1083410 398.0
1083420 398.0
1083430 398.2
1083440 398.2
1083450 398.2
1083460 398.2
1083470 398.2
1083480 398.2
1083490 398.2
1083500 398.3
1083510 398.3
1083520 398.3
1083530 398.3
1083540 398.3
1083550 398.3
1083560 398.3
1083570 398.3
1083580 398.2
1083590 398.2
1083600 399.6
1083610 399.6
1083620 399.6
1083630 398.1
1083640 398.1
1083650 398.1
1083660 398.2
1083670 398.2
1083680 398.1
1083690 398.0
1083700 398.0
1083710 398.0
1083720 398.0
1083730 398.0
1083740 398.0
1083750 398.1
1083760 398.1
1083770 398.1
1083780 398.1
1083790 398.1
1083800 398.2
1083810 398.2
1083820 398.2
1083830 398.3
1083840 398.5
1083850 398.5
1083860 398.7
1083870 399.2
1083880 398.5
1083890 398.8
1083900 398.8
1083910 398.8
1083920 398.9
1083930 398.9
1083940 398.9
1083950 399.0
1083960 399.0
1083970 398.9
1083980 398.9
1083990 398.9
1084000 398.8
1084010 398.8
1084020 398.7
1084030 398.6
1084040 398.6
1084050 398.7
1084060 398.8
1084070 398.8
1084080 398.8
1084090 398.7
1084100 398.7
1084110 398.6
1084120 398.4
1084130 398.4
1084140 398.3
1084150 398.2
1084160 398.2
1084170 398.2
1084180 398.2
1084190 398.2
1084200 398.0
1084210 397.9
1084220 397.9
1084230 398.0
1084240 397.9
1084250 397.9
1084260 397.9
1084270 397.9
1084280 397.9
1084290 397.9
1084300 398.0
1084310 398.0
1084320 398.1
1084330 398.2
1084340 398.3
1084350 398.3
1084360 398.3
1084370 398.2
1084380 398.2
1084390 398.2
1084400 398.2
1084410 398.2
1084420 398.3
1084430 398.3
1084440 398.3
1084450 398.1
1084460 397.9
1084470 397.9
1084480 397.8
1084490 397.8
1084500 397.8
1084510 397.9
1084520 397.7
1084530 397.7
1084540 397.7
1084550 397.7
1084560 397.7
1084570 397.7
1084580 397.8
1084590 397.8
1084600 398.0
1084610 398.4
1084620 398.4
1084630 398.6
1084640 398.5
1084650 398.5
1084660 398.3
1084670 398.0
1084680 398.0
1084690 397.9
1084700 397.8
1084710 397.9
1084720 397.9
1084730 397.9
1084740 397.9
1084750 397.9
1084760 397.9
1084770 397.9
1084780 397.9
1084790 397.9
1084800 397.9
1084810 397.9
1084820 397.7
1084830 397.8
1084840 397.6
1084850 397.6
1084860 397.6
1084870 397.6
1084880 397.6
1084890 397.6
1084900 397.6
1084910 397.8
1084920 398.0
1084930 398.0
1084940 398.2
1084950 398.3
1084960 398.3
1084970 398.1
1084980 398.2
1084990 398.2
1085000 398.3
1085010 398.3
1085020 398.3
1085030 398.4
1085040 398.3
1085050 398.1
1085060 398.1
1085070 398.1
1085080 398.2
1085090 398.2
1085100 398.2
1085110 398.5
1085120 398.5
1085130 398.7
1085140 398.8
1085150 398.8
1085160 399.1
1085170 399.3
1085180 399.3
1085190 399.6
1085200 399.8
1085210 399.8
1085220 400.0
1085230 400.2
1085240 400.2
1085250 400.4
1085260 400.4
1085270 400.4
1085280 400.6
1085290 401.5
1085300 401.5
1085310 402.2
1085320 402.3
1085330 402.3
1085340 402.0
1085350 401.8
1085360 401.8
1085370 402.5
1085380 404.0
1085390 404.0
1085400 404.6
1085410 403.9
1085420 403.7
1085430 403.7
1085440 403.9
1085450 404.4
1085460 404.4
1085470 404.9
1085480 405.4
1085490 405.4
1085500 405.9
1085510 407.6
1085520 407.6
1085530 408.5
1085540 409.2
1085550 409.2
1085560 411.1
1085570 411.5
1085580 411.5
1085590 412.3
1085600 413.7
1085610 413.7
1085620 414.2
1085630 414.2
1085640 414.2
1085650 416.0
1085660 417.9
1085670 417.9
1085680 418.7
1085690 420.7
1085700 420.7
1085710 422.8
1085720 422.8
1085730 422.8
1085740 423.0
1085750 424.1
1085760 424.1
1085770 424.7
1085780 426.6
1085790 427.3
1085800 427.3
1085810 428.1
1085820 430.9
1085830 430.9
1085840 432.8
1085850 434.3
1085860 434.3
1085870 434.4
1085880 434.4
1085890 434.4
1085900 432.4
1085910 428.1
1085920 428.1
1085930 426.8
1085940 426.8
1085950 426.8
1085960 428.6
1085970 433.2
1085980 433.2
1085990 438.0
1086000 440.1
1086010 440.1
1086020 441.8
1086030 442.8
1086040 442.8
1086050 443.5
1086060 444.3
1086070 444.3
1086080 444.8
1086090 445.2
1086100 445.2
1086110 445.9
1086120 448.2
1086130 448.2
1086140 449.0
1086150 450.7
1086160 452.4
1086170 452.4
1086180 455.3
1086190 457.3
1086200 457.3
1086210 458.2
1086220 460.7
1086230 460.7
1086240 463.0
1086250 464.8
1086260 464.8
1086270 466.7
1086280 469.1
1086290 469.1
1086300 470.9
1086310 471.6
1086320 471.6
1086330 472.6
1086340 473.7
1086350 473.7
1086360 474.5
1086370 475.6
1086380 475.6
1086390 477.3
1086400 479.6
1086410 479.6
1086420 481.1
1086430 482.4
1086440 484.6
1086450 486.3
1086460 487.4
1086470 487.4
1086480 488.3
1086490 489.5
1086500 489.5
1086510 491.7
1086520 493.4
1086530 495.5
1086540 495.5
1086550 496.6
1086560 499.7
1086570 499.7
1086580 502.8
1086590 505.8
1086600 505.8
1086610 508.8
1086620 511.3
1086630 511.3
1086640 514.0
1086650 517.1
1086660 517.1
1086670 519.6
1086680 521.8
1086690 521.8
1086700 523.4
1086710 524.6
1086720 524.6
1086730 526.6
1086740 529.3
1086750 529.3
1086760 533.1
1086770 536.3
1086780 536.3
1086790 540.9
1086800 546.2
1086810 546.2
1086820 551.4
1086830 556.6
1086840 556.6
1086850 563.9
1086860 571.9
1086870 571.9
1086880 579.0
1086890 585.4
1086900 590.5
1086910 590.5
1086920 597.8
1086930 607.6
1086940 607.6
1086950 614.8
1086960 621.0
1086970 621.0
1086980 625.7
1086990 629.7
1087000 629.7
1087010 634.3
1087020 640.4
1087030 640.4
1087040 649.3
1087050 662.1
1087060 662.1
1087070 675.4
1087080 681.3
1087090 681.3
1087100 686.6
1087110 690.7
1087120 690.7
1087130 693.0
1087140 694.7
1087150 694.7
1087160 697.9
1087170 702.0
1087180 702.0
1087190 705.3
1087200 708.3
1087210 708.3
1087220 711.2
1087230 713.1
1087240 713.7
1087250 713.7
1087260 715.9
1087270 719.1
1087280 719.1
1087290 722.2
1087300 725.4
1087310 725.4
1087320 728.2
1087330 730.1
1087340 730.1
1087350 730.9
1087360 730.5
1087370 730.5
1087380 732.6
1087390 737.0
1087400 737.0
1087410 747.1
1087420 761.5
1087430 761.5
1087440 771.1
1087450 783.7
1087460 783.7
1087470 796.9
1087480 802.8
1087490 802.8
1087500 804.0
1087510 804.9
1087520 804.9
1087530 805.3
1087540 806.2
1087550 806.2
1087560 810.3
1087570 813.9
1087580 813.9
1087590 816.0
1087600 824.5
1087610 829.6
1087620 829.6
1087630 833.2
1087640 837.3
1087650 837.3
1087660 839.0
1087670 841.5
1087680 841.5
1087690 843.2
1087700 844.4
1087710 844.4
1087720 846.1
1087730 849.5
1087740 849.5
1087750 852.0
1087760 854.9
1087770 854.9
1087780 857.9
1087790 861.4
1087800 861.4
1087810 864.1
1087820 866.2
1087830 866.2
1087840 868.6
1087850 870.3
1087860 870.3
1087870 871.9
1087880 874.9
1087890 874.9
1087900 879.3
1087910 884.1
1087920 884.1
1087930 889.7
1087940 900.7
1087950 900.7
1087960 907.6
1087970 918.6
1087980 922.6
1087990 922.6
1088000 923.6
1088010 924.5
1088020 924.5
1088030 925.4
1088040 926.7
1088050 929.0
1088060 930.3
1088070 931.3
1088080 931.3
1088090 932.4
1088100 933.8
1088110 933.8
1088120 935.5
1088130 936.6
1088140 936.6
1088150 937.3
1088160 937.8
1088170 937.8
1088180 936.7
1088190 932.2
1088200 932.2
1088210 935.0
1088220 940.6
1088230 940.6
1088240 943.3
1088250 945.4
1088260 945.4
1088270 948.4
1088280 949.9
1088290 949.9
1088300 950.6
1088310 951.8
1088320 951.8
1088330 952.8
1088340 954.0
1088350 954.7
1088360 954.7
1088370 957.7
1088380 958.9
1088390 958.9
1088400 959.8
1088410 960.9
1088420 960.9
1088430 961.8
1088440 962.8
1088450 962.8
1088460 963.9
1088470 965.0
1088480 965.0
1088490 966.8
1088500 973.1
1088510 973.1
1088520 981.2
1088530 989.7
1088540 989.7
1088550 995.3
1088560 995.7
1088570 995.7
1088580 995.6
1088590 994.1
1088600 994.1
1088610 991.5
1088620 986.3
1088630 986.3
1088640 981.0
1088650 976.4
1088660 976.4
1088670 972.3
1088680 969.4
1088690 969.8
1088700 966.8
1088710 964.9
1088720 962.5
1088730 962.5
1088740 961.1
1088750 961.2
1088760 961.2
1088770 961.7
1088780 962.0
1088790 962.0
1088800 962.3
1088810 962.5
1088820 962.5
1088830 962.1
1088840 961.2
1088850 961.2
1088860 959.1
1088870 955.3
1088880 955.3
1088890 952.2
1088900 949.0
1088910 949.0
1088920 943.5
1088930 944.1
1088940 944.1
1088950 945.3
1088960 944.3
1088970 944.3
1088980 938.5
1088990 933.3
1089000 933.3
1089010 933.0
1089020 936.1
1089030 936.1
1089040 935.6
1089050 934.7
1089060 932.3
1089070 932.3
1089080 928.5
1089090 923.9
1089100 923.9
1089110 918.4
1089120 913.8
1089130 913.8
1089140 911.1
1089150 909.0
1089160 909.0
1089170 907.3
1089180 906.1
1089190 906.1
1089200 897.8
1089210 889.4
1089220 889.4
1089230 886.3
1089240 885.8
1089250 885.8
1089260 882.7
1089270 878.7
1089280 878.7
1089290 873.8
1089300 869.2
1089310 869.2
1089320 867.3
1089330 865.5
1089340 866.9
1089350 865.3
1089360 865.5
1089370 865.5
1089380 864.2
1089390 863.4
1089400 863.4
1089410 860.6
1089420 850.6
1089430 845.0
1089440 845.0
1089450 846.5
1089460 849.3
1089470 849.3
1089480 853.2
1089490 854.2
1089500 854.2
1089510 854.0
1089520 849.7
1089530 849.7
1089540 842.7
1089550 835.6
1089560 835.6
1089570 829.4
1089580 821.1
1089590 821.1
1089600 815.8
1089610 811.3
1089620 811.3
1089630 806.0
1089640 801.1
1089650 801.1
1089660 799.8
1089670 794.9
1089680 794.9
1089690 792.6
1089700 794.4
1089710 794.4
1089720 795.4
1089730 794.4
1089740 794.4
1089750 792.7
1089760 790.7
1089770 790.7
1089780 788.2
1089790 784.3
1089800 778.2
1089810 778.2
1089820 774.7
1089830 771.5
1089840 771.5
1089850 770.4
1089860 769.3
1089870 769.3
1089880 764.2
1089890 755.7
1089900 755.7
1089910 750.0
1089920 742.8
1089930 742.8
1089940 740.4
1089950 737.6
1089960 737.6
1089970 725.2
1089980 715.5
1089990 716.8
1090000 714.2
1090010 717.4
1090020 717.4
1090030 724.3
1090040 730.2
1090050 730.2
1090060 730.8
1090070 733.1
1090080 733.1
1090090 739.3
1090100 739.6
1090110 739.6
1090120 735.7
1090130 734.9
1090140 734.9
1090150 740.7
1090160 742.0
1090170 744.3
1090180 744.3
1090190 749.3
1090200 753.1
1090210 753.1
1090220 755.8
1090230 757.0
1090240 757.0
1090250 757.9
1090260 758.0
1090270 758.0
1090280 758.4
1090290 759.0
1090300 759.0
1090310 750.8
1090320 748.8
1090330 748.8
1090340 752.1
1090350 751.4
1090360 751.4
1090370 749.8
1090380 745.7
1090390 745.7
1090400 737.1
1090410 728.8
1090420 728.8
1090430 724.5
1090440 729.2
1090450 729.2
1090460 735.2
1090470 733.5
1090480 733.5
1090490 727.9
1090500 723.5
1090510 723.5
1090520 719.8
1090530 716.4
1090540 713.8
1090550 713.8
1090560 713.4
1090570 708.5
1090580 708.5
1090590 702.0
1090600 699.5
1090610 699.5
1090620 703.0
1090630 708.0
1090640 709.6
1090650 714.2
1090660 719.3
1090670 719.3
1090680 722.4
1090690 726.0
1090700 726.0
1090710 731.1
1090720 736.6
1090730 736.6
1090740 741.6
1090750 748.2
1090760 748.2
1090770 754.8
1090780 760.3
1090790 760.3
1090800 768.0
1090810 773.2
1090820 773.2
1090830 775.9
1090840 777.9
1090850 777.9
1090860 779.9
1090870 781.8
1090880 784.0
1090890 784.0
1090900 786.6
1090910 788.0
1090920 788.0
1090930 791.2
1090940 794.9
1090950 794.9
1090960 799.7
1090970 801.9
1090980 801.9
1090990 803.9
1091000 806.1
1091010 806.1
1091020 808.4
1091030 810.5
1091040 810.5
1091050 813.3
1091060 817.4
1091070 817.4
1091080 821.0
1091090 824.0
1091100 824.0
1091110 826.8
1091120 828.9
1091130 828.9
1091140 831.5
1091150 835.7
1091160 835.7
1091170 838.8
1091180 840.2
1091190 840.2
1091200 841.7
1091210 844.0
1091220 844.0
1091230 846.5
1091240 848.5
1091250 850.3
1091260 850.3
1091270 852.7
1091280 855.1
1091290 855.8
1091300 857.6
1091310 855.1
1091320 855.1
1091330 850.3
1091340 845.0
1091350 845.0
1091360 840.8
1091370 837.1
1091380 837.1
1091390 834.2
1091400 831.9
1091410 831.9
1091420 830.3
1091430 829.3
1091440 829.3
1091450 828.4
1091460 827.6
1091470 827.6
1091480 826.4
1091490 825.7
1091500 825.7
1091510 825.5
1091520 825.0
1091530 825.0
1091540 824.5
1091550 824.0
1091560 824.0
1091570 823.2
1091580 822.7
1091590 822.7
1091600 822.7
1091610 818.0
1091620 817.9
1091630 817.9
1091640 817.5
1091650 817.3
1091660 817.3
1091670 817.9
1091680 818.4
1091690 818.4
1091700 818.0
1091710 817.7
1091720 817.7
1091730 817.3
1091740 816.7
1091750 816.7
1091760 815.4
1091770 814.2
1091780 814.2
1091790 812.8
1091800 811.5
1091810 811.5
1091820 810.4
1091830 809.3
1091840 809.3
1091850 808.3
1091860 807.9
1091870 807.9
1091880 807.4
1091890 805.9
1091900 805.9
1091910 803.9
1091920 801.7
1091930 801.7
1091940 796.3
1091950 793.4
1091960 793.4
1091970 791.3
1091980 788.8
1091990 784.8
1092000 784.8
1092010 778.7
1092020 772.2
1092030 772.2
1092040 768.0
1092050 762.9
1092060 762.9
1092070 759.6
1092080 757.4
1092090 757.4
1092100 756.2
1092110 755.0
1092120 755.0
1092130 753.1
1092140 751.0
1092150 751.0
1092160 749.0
1092170 748.1
1092180 748.1
1092190 748.3
1092200 749.0
1092210 749.0
1092220 749.1
1092230 748.4
1092240 748.4
1092250 746.0
1092260 740.8
1092270 740.8
1092280 739.2
1092290 737.8
1092300 737.8
1092310 736.5
1092320 735.1
1092330 734.2
1092340 734.2
1092350 734.1
1092360 731.3
1092370 731.3
1092380 724.5
1092390 718.9
1092400 718.9
1092410 713.3
1092420 710.5
1092430 710.5
1092440 708.1
1092450 704.8
1092460 704.8
1092470 702.5
1092480 700.5
1092490 700.5
1092500 698.5
1092510 696.5
1092520 696.5
1092530 696.1
1092540 694.2
1092550 694.2
1092560 692.8
1092570 691.3
1092580 691.3
1092590 684.6
1092600 682.2
1092610 682.2
1092620 679.6
1092630 677.6
1092640 677.6
1092650 675.9
1092660 673.9
1092670 673.9
1092680 672.0
1092690 670.5
1092700 668.8
1092710 668.8
1092720 667.1
1092730 666.2
1092740 666.2
1092750 665.9
1092760 665.5
1092770 665.5
1092780 665.2
1092790 664.9
1092800 664.9
1092810 664.7
1092820 664.3
1092830 664.3
1092840 664.0
1092850 663.6
1092860 663.6
1092870 663.3
1092880 663.2
1092890 663.2
1092900 663.0
1092910 662.6
1092920 661.8
1092930 661.4
1092940 661.4
1092950 661.4
1092960 661.0
1092970 659.5
1092980 659.5
1092990 658.5
1093000 658.5
1093010 658.5
1093020 659.0
1093030 659.1
1093040 659.1
1093050 659.1
1093060 660.3
1093070 659.8
1093080 659.8
1093090 658.9
1093100 658.5
1093110 658.5
1093120 658.3
1093130 657.6
1093140 657.6
1093150 653.3
1093160 651.4
1093170 651.4
1093180 648.7
1093190 645.8
1093200 645.8
1093210 641.1
1093220 640.3
1093230 640.3
1093240 647.7
1093250 652.6
1093260 652.6
1093270 653.3
1093280 648.3
1093290 648.3
1093300 640.4
1093310 633.5
1093320 633.5
1093330 635.7
1093340 643.0
1093350 643.0
1093360 648.1
1093370 648.9
1093380 648.9
1093390 648.7
1093400 648.4
1093410 648.4
1093420 648.4
1093430 648.5
1093440 648.9
1093450 648.9
1093460 649.3
1093470 649.9
1093480 649.9
1093490 650.2
1093500 650.4
1093510 650.4
1093520 650.3
1093530 650.0
1093540 650.0
1093550 649.6
1093560 649.0
1093570 648.6
1093580 647.9
1093590 647.2
1093600 647.2
1093610 646.3
1093620 644.9
1093630 644.9
1093640 643.5
1093650 642.4
1093660 642.4
1093670 641.6
1093680 640.9
1093690 640.9
1093700 640.3
1093710 639.6
1093720 639.6
1093730 639.0
1093740 638.3
1093750 638.3
1093760 638.0
1093770 637.8
1093780 637.7
1093790 637.7
1093800 637.6
1093810 637.4
1093820 637.4
1093830 636.8
1093840 630.5
1093850 630.5
1093860 624.1
1093870 620.5
1093880 620.5
1093890 626.7
1093900 632.8
1093910 632.8
1093920 634.9
1093930 634.6
1093940 634.6
1093950 634.1
1093960 633.2
1093970 633.2
1093980 630.5
1093990 633.2
1094000 633.2
1094010 632.8
1094020 632.7
1094030 632.7
1094040 632.6
1094050 632.2
1094060 632.2
1094070 631.8
1094080 631.5
1094090 631.5
1094100 631.5
1094110 632.0
1094120 632.0
1094130 632.0
1094140 632.1
1094150 632.5
1094160 632.5
1094170 632.9
1094180 633.4
1094190 633.4
1094200 633.8
1094210 634.2
1094220 634.6
1094230 634.9
1094240 634.3
1094250 634.3
1094260 633.5
1094270 633.2
1094280 633.2
1094290 633.3
1094300 633.4
1094310 633.4
1094320 633.7
1094330 634.0
1094340 634.0
1094350 634.3
1094360 635.0
1094370 635.0
1094380 635.5
1094390 635.8
1094400 635.8
1094410 636.1
1094420 636.2
1094430 636.2
1094440 636.2
1094450 636.2
1094460 636.2
1094470 636.1
1094480 635.7
1094490 635.7
1094500 635.4
1094510 635.1
1094520 634.8
1094530 634.8
1094540 634.4
1094550 633.7
1094560 633.7
1094570 633.1
1094580 632.5
1094590 632.5
1094600 632.0
1094610 631.5
1094620 631.5
1094630 630.9
1094640 630.3
1094650 630.3
1094660 629.6
1094670 628.9
1094680 628.9
1094690 628.1
1094700 627.3
1094710 627.3
1094720 626.7
1094730 626.0
1094740 626.0
1094750 625.2
1094760 624.3
1094770 624.3
1094780 623.6
1094790 622.9
1094800 622.9
1094810 621.9
1094820 620.8
1094830 620.8
1094840 619.7
1094850 618.7
1094860 618.7
1094870 617.8
1094880 617.7
1094890 616.7
1094900 616.7
1094910 615.6
1094920 614.3
1094930 614.3
1094940 613.1
1094950 611.7
1094960 611.7
1094970 610.7
1094980 609.9
1094990 609.9
1095000 608.2
1095010 606.6
1095020 606.6
1095030 606.3
1095040 605.1
1095050 605.1
1095060 603.9
1095070 603.8
1095080 603.8
1095090 603.9
1095100 603.1
1095110 603.1
1095120 602.7
1095130 602.0
1095140 602.0
1095150 601.2
1095160 600.3
1095170 600.3
1095180 599.3
1095190 598.2
1095200 598.2
1095210 595.6
1095220 595.1
1095230 595.1
1095240 594.3
1095250 592.8
1095260 592.0
1095270 592.0
1095280 591.7
1095290 591.7
1095300 591.7
1095310 589.3
1095320 588.7
1095330 588.7
1095340 587.9
1095350 587.8
1095360 587.8
1095370 587.6
1095380 586.4
1095390 586.4
1095400 585.8
1095410 584.4
1095420 584.4
1095430 583.4
1095440 583.1
1095450 583.1
1095460 582.5
1095470 582.6
1095480 582.6
1095490 582.2
1095500 581.6
1095510 581.6
1095520 580.7
1095530 579.7
1095540 579.5
1095550 578.4
1095560 577.6
1095570 577.6
1095580 576.6
1095590 576.7
1095600 575.6
1095610 575.6
1095620 575.2
1095630 575.4
1095640 575.4
1095650 574.9
1095660 574.2
1095670 574.2
1095680 573.5
1095690 572.9
1095700 572.9
1095710 572.1
1095720 571.7
1095730 571.7
1095740 571.1
1095750 570.7
1095760 570.7
1095770 570.2
1095780 569.8
1095790 569.8
1095800 569.5
1095810 569.5
1095820 569.5
1095830 569.4
1095840 569.5
1095850 569.5
1095860 569.5
1095870 568.6
1095880 568.6
1095890 568.7
1095900 569.0
1095910 569.0
1095920 569.1
1095930 568.8
1095940 568.8
1095950 568.8
1095960 568.6
1095970 568.3
1095980 568.3
1095990 567.9
1096000 567.5
1096010 567.5
1096020 567.1
1096030 566.8
1096040 566.8
1096050 566.3
1096060 565.9
1096070 565.9
1096080 565.5
1096090 565.0
1096100 565.0
1096110 564.6
1096120 564.3
1096130 564.3
1096140 563.9
1096150 563.6
1096160 563.6
1096170 563.3
1096180 562.8
1096190 563.6
1096200 563.3
1096210 563.0
1096220 563.0
1096230 562.5
1096240 562.0
1096250 562.0
1096260 561.6
1096270 561.4
1096280 561.4
1096290 561.3
1096300 561.1
1096310 561.1
1096320 560.7
1096330 560.2
1096340 559.5
1096350 559.5
1096360 558.5
1096370 557.3
1096380 557.3
1096390 556.2
1096400 555.8
1096410 555.8
1096420 555.3
1096430 555.5
1096440 555.5
1096450 557.0
1096460 557.7
1096470 557.7
1096480 558.3
1096490 558.3
1096500 558.3
1096510 558.3
1096520 560.4
1096530 560.4
1096540 560.5
1096550 560.3
1096560 560.3
1096570 559.7
1096580 558.2
1096590 558.2
1096600 556.6
1096610 554.8
1096620 554.8
1096630 553.8
1096640 553.3
1096650 553.3
1096660 552.4
1096670 546.9
1096680 546.9
1096690 546.6
1096700 543.4
1096710 535.3
1096720 535.3
1096730 536.5
1096740 536.3
1096750 536.3
1096760 536.0
1096770 534.5
1096780 534.5
1096790 534.5
1096800 533.7
1096810 533.7
1096820 528.7
1096830 530.7
1096840 530.7
1096850 536.0
1096860 521.2
1096870 521.2
1096880 515.7
1096890 512.6
1096900 512.6
1096910 516.6
1096920 522.5
1096930 522.5
1096940 530.9
1096950 539.2
1096960 539.2
1096970 542.9
1096980 536.0
1096990 536.0
1097000 526.2
1097010 516.2
1097020 516.2
1097030 509.2
1097040 504.3
1097050 503.9
1097060 503.9
1097070 504.1
1097080 506.3
1097090 506.3
1097100 506.3
1097110 505.0
1097120 505.0
1097130 504.2
1097140 504.1
1097150 504.1
1097160 504.2
1097170 504.3
1097180 508.6
1097190 511.8
1097200 513.7
1097210 513.7
1097220 515.5
1097230 517.2
1097240 517.2
1097250 521.5
1097260 525.7
1097270 525.7
1097280 531.7
1097290 536.4
1097300 536.4
1097310 540.7
1097320 544.6
1097330 544.6
1097340 550.8
1097350 555.3
1097360 555.3
1097370 555.2
1097380 555.0
1097390 555.0
1097400 554.3
1097410 552.9
1097420 551.6
1097430 551.6
1097440 550.4
1097450 548.8
1097460 548.8
1097470 547.5
1097480 548.5
1097490 548.5
1097500 549.8
1097510 550.1
1097520 550.1
1097530 551.1
1097540 552.0
1097550 552.0
1097560 552.7
1097570 553.3
1097580 553.3
1097590 554.1
1097600 554.8
1097610 554.8
1097620 555.6
1097630 556.2
1097640 556.2
1097650 556.8
1097660 557.4
1097670 557.4
1097680 558.6
1097690 560.2
1097700 560.2
1097710 561.6
1097720 562.9
1097730 562.9
1097740 564.2
1097750 564.9
1097760 564.9
1097770 565.4
1097780 566.5
1097790 567.4
1097800 567.4
1097810 568.2
1097820 569.2
1097830 569.2
1097840 569.9
1097850 571.0
1097860 571.0
1097870 573.7
1097880 575.3
1097890 575.3
1097900 575.6
1097910 575.9
1097920 575.9
1097930 576.7
1097940 577.0
1097950 577.0
1097960 577.7
1097970 578.7
1097980 578.7
1097990 579.2
1098000 579.8
1098010 579.8
1098020 581.1
1098030 582.7
1098040 582.7
1098050 584.0
1098060 585.7
1098070 585.7
1098080 587.6
1098090 589.7
1098100 589.7
1098110 591.7
1098120 593.4
1098130 593.4
1098140 595.1
1098150 596.8
1098160 598.7
1098170 598.7
1098180 601.8
1098190 603.6
1098200 603.6
1098210 605.0
1098220 607.0
1098230 607.0
1098240 608.9
1098250 611.1
1098260 611.1
1098270 613.4
1098280 615.5
1098290 615.5
1098300 617.4
1098310 618.9
1098320 618.9
1098330 620.1
1098340 622.7
1098350 622.7
1098360 623.2
1098370 622.7
1098380 622.7
1098390 623.0
1098400 625.6
1098410 625.6
1098420 626.5
1098430 629.1
1098440 629.1
1098450 629.9
1098460 625.1
1098470 625.1
1098480 626.1
1098490 627.8
1098500 626.4
1098510 637.9
1098520 634.1
1098530 629.2
1098540 629.2
1098550 629.2
1098560 630.5
1098570 630.5
1098580 632.5
1098590 633.5
1098600 633.5
1098610 635.7
1098620 638.3
1098630 638.3
1098640 643.8
1098650 649.8
1098660 649.8
1098670 658.6
1098680 667.8
1098690 667.8
1098700 678.0
1098710 686.2
1098720 686.2
1098730 690.2
1098740 694.6
1098750 694.6
1098760 699.6
1098770 705.2
1098780 705.2
1098790 711.5
1098800 716.9
1098810 716.9
1098820 721.3
1098830 725.6
1098840 725.5
1098850 730.1
1098860 735.4
1098870 740.0
1098880 740.0
1098890 743.4
1098900 746.6
1098910 746.6
1098920 749.6
1098930 752.5
1098940 752.5
1098950 755.0
1098960 757.0
1098970 757.0
1098980 758.7
1098990 760.9
1099000 760.9
1099010 762.8
1099020 765.6
1099030 765.6
1099040 768.2
1099050 769.9
1099060 769.9
1099070 771.8
1099080 773.3
1099090 773.3
1099100 774.8
1099110 776.4
1099120 776.4
1099130 779.2
1099140 782.1
1099150 782.1
1099160 784.4
1099170 786.8
1099180 786.8
1099190 790.0
1099200 794.0
1099210 794.0
1099220 797.5
1099230 801.3
1099240 805.1
1099250 805.1
1099260 809.0
1099270 813.2
1099280 813.2
1099290 817.5
1099300 822.4
1099310 822.4
1099320 827.7
1099330 832.8
1099340 832.8
1099350 836.7
1099360 838.8
1099370 838.8
1099380 840.7
1099390 842.8
1099400 842.8
1099410 845.2
1099420 847.7
1099430 847.7
1099440 850.2
1099450 852.8
1099460 852.8
1099470 855.2
1099480 857.3
1099490 857.3
1099500 860.5
1099510 863.4
1099520 863.4
1099530 866.0
1099540 868.3
1099550 868.3
1099560 871.0
1099570 874.5
1099580 874.5
1099590 878.6
1099600 882.1
1099610 886.5
1099620 886.5
1099630 891.0
1099640 896.0
1099650 896.0
1099660 900.6
1099670 904.3
1099680 904.3
1099690 906.9
1099700 905.9
1099710 905.9
1099720 902.1
1099730 899.5
1099740 899.5
1099750 898.7
1099760 899.7
1099770 899.7
1099780 901.0
1099790 901.5
1099800 901.5
1099810 901.5
1099820 901.2
1099830 901.2
1099840 900.1
1099850 899.8
1099860 899.8
1099870 900.7
1099880 901.5
1099890 901.5
1099900 903.9
1099910 907.3
1099920 907.3
1099930 909.9
1099940 913.9
1099950 918.4
1099960 918.4
1099970 922.8
1099980 927.2
1099990 927.2
