1080000 398.4
1080010 398.2
1080020 398.2
1080030 398.2
1080040 398.1
1080050 398.0
1080060 398.1
1080070 398.1
1080080 398.2
1080090 398.2
1080100 398.2
1080110 398.2
1080120 398.2
1080130 398.1
1080140 398.0
1080150 398.0
1080160 397.9
1080170 397.8
1080180 397.8
1080190 397.8
1080200 397.8
1080210 397.8
1080220 397.8
1080230 397.9
1080240 397.9
1080250 397.9
1080260 397.9
1080270 397.9
1080280 398.0
1080290 398.0
1080300 398.0
1080310 398.0
1080320 398.5
1080330 398.5
1080340 399.0
1080350 399.0
1080360 399.0
1080370 399.1
1080380 399.1
1080390 399.1
1080400 400.2
1080410 400.8
1080420 399.3
1080430 399.3
1080440 398.8
1080450 399.1
1080460 399.1
1080470 400.2
1080480 400.5
1080490 400.5
1080500 399.0
1080510 399.0
1080520 399.0
1080530 398.8
1080540 398.6
1080550 398.6
1080560 399.2
1080570 399.8
1080580 399.8
1080590 399.8
1080600 399.4
1080610 399.4
1080620 399.3
1080630 399.3
1080640 399.3
1080650 399.2
1080660 398.9
1080670 398.9
1080680 398.4
1080690 398.5
1080700 398.5
1080710 398.7
1080720 398.8
1080730 398.8
1080740 398.6
1080750 398.5
1080760 398.5
1080770 398.3
1080780 398.1
1080790 398.1
1080800 398.1
1080810 398.2
1080820 398.2
1080830 398.2
1080840 398.1
1080850 398.1
1080860 398.1
1080870 398.1
1080880 398.0
1080890 398.0
1080900 398.1
1080910 398.2
1080920 398.2
1080930 398.5
1080940 398.4
1080950 398.4
1080960 398.3
1080970 398.4
1080980 398.4
1080990 398.4
1081000 398.4
1081010 398.4
1081020 398.7
1081030 398.6
1081040 398.6
1081050 398.4
1081060 398.3
1081070 398.3
1081080 398.2
1081090 399.0
1081100 399.0
1081110 400.1
1081120 400.0
1081130 400.0
1081140 399.3
1081150 399.8
1081160 398.8
1081170 398.8
1081180 399.0
1081190 398.9
1081200 398.9
1081210 399.1
1081220 399.0
1081230 399.0
1081240 398.8
1081250 398.6
1081260 398.6
1081270 398.4
1081280 398.2
1081290 398.2
1081300 398.2
1081310 398.1
1081320 398.1
1081330 398.2
1081340 398.2
1081350 398.2
1081360 398.3
1081370 398.2
1081380 398.2
1081390 398.1
1081400 398.1
1081410 398.1
1081420 398.1
1081430 398.1
1081440 398.1
1081450 398.2
1081460 398.2
1081470 398.2
1081480 398.2
1081490 398.2
1081500 398.2
1081510 398.1
1081520 398.2
1081530 398.2
1081540 398.2
1081550 398.2
1081560 398.2
1081570 398.2
1081580 398.3
1081590 398.3
1081600 398.3
1081610 398.3
1081620 398.4
1081630 398.4
1081640 398.5
1081650 398.6
1081660 398.6
1081670 398.8
1081680 398.8
1081690 398.8
1081700 398.6
1081710 398.5
1081720 398.5
1081730 398.4
1081740 398.3
1081750 398.3
1081760 398.3
1081770 398.4
1081780 398.4
1081790 398.5
1081800 398.5
1081810 398.5
1081820 398.6
1081830 399.0
1081840 399.0
1081850 399.2
1081860 399.2
1081870 399.2
1081880 399.3
1081890 399.4
1081900 399.2
1081910 399.2
1081920 398.8
1081930 398.7
1081940 398.7
1081950 398.7
1081960 398.7
1081970 398.7
1081980 398.7
1081990 398.7
1082000 398.7
1082010 398.7
1082020 398.7
1082030 398.7
1082040 398.8
1082050 398.7
1082060 398.7
1082070 398.6
1082080 398.7
1082090 398.7
1082100 398.8
1082110 398.9
1082120 398.9
1082130 399.1
1082140 399.5
1082150 399.5
1082160 399.5
1082170 399.8
1082180 399.8
1082190 400.2
1082200 400.0
1082210 400.0
1082220 399.2
1082230 398.7
1082240 398.3
1082250 398.3
1082260 398.3
1082270 398.2
1082280 398.2
1082290 398.2
1082300 398.1
1082310 398.1
1082320 397.9
1082330 397.9
1082340 397.9
1082350 397.9
1082360 397.8
1082370 397.8
1082380 397.8
1082390 397.7
1082400 397.7
1082410 397.7
1082420 397.7
1082430 397.7
1082440 397.8
1082450 397.9
1082460 397.9
1082470 397.9
1082480 397.8
1082490 397.8
1082500 397.8
1082510 397.9
1082520 397.9
1082530 398.0
1082540 397.9
1082550 397.9
1082560 397.9
1082570 397.9
1082580 397.9
1082590 398.0
1082600 398.1
1082610 397.9
1082620 397.9
1082630 397.8
1082640 397.8
1082650 397.8
1082660 397.9
1082670 398.1
1082680 398.1
1082690 398.1
1082700 397.9
1082710 397.9
1082720 398.0
1082730 398.0
1082740 398.0
1082750 398.0
1082760 398.0
1082770 398.0
1082780 398.0
1082790 398.1
1082800 398.1
1082810 398.2
1082820 398.1
1082830 398.1
1082840 398.0
1082850 398.0
1082860 398.0
1082870 398.1
1082880 398.1
1082890 398.1
1082900 398.3
1082910 398.8
1082920 398.4
1082930 398.3
1082940 398.3
1082950 398.3
1082960 398.3
1082970 398.2
1082980 398.5
1082990 398.5
1083000 398.8
1083010 398.1
1083020 398.1
1083030 396.8
1083040 396.9
1083050 396.9
1083060 398.0
1083070 399.0
1083080 399.0
1083090 399.1
1083100 399.2
1083110 399.2
1083120 399.1
1083130 398.8
1083140 398.8
1083150 398.5
1083160 398.3
1083170 398.3
1083180 398.2
1083190 397.9
1083200 397.9
1083210 397.7
1083220 397.8
1083230 398.1
1083240 397.8
1083250 397.8
1083260 397.8
1083270 397.8
1083280 397.8
1083290 397.8
1083300 397.9
1083310 397.8
1083320 397.8
1083330 397.9
1083340 397.9
1083350 397.9
1083360 397.9
1083370 397.9
1083380 397.9
1083390 397.9
1083400 397.8
1083410 398.1
1083420 398.1
1083430 398.2
1083440 398.2
1083450 398.2
1083460 398.2
1083470 398.2
1083480 398.2
1083490 398.3
1083500 398.3
1083510 398.3
1083520 398.4
1083530 398.4
1083540 398.4
1083550 398.3
1083560 398.3
1083570 398.3
1083580 398.2
1083590 398.8
1083600 398.8
1083610 400.3
1083620 398.6
1083630 398.6
1083640 398.2
1083650 398.2
1083660 398.2
1083670 398.2
1083680 398.1
1083690 398.1
1083700 398.1
1083710 398.1
1083720 398.1
1083730 398.1
1083740 398.1
1083750 398.1
1083760 398.1
1083770 398.1
1083780 398.1
1083790 398.1
1083800 398.0
1083810 398.1
1083820 398.1
1083830 398.3
1083840 398.4
1083850 398.4
1083860 398.5
1083870 398.4
1083880 398.4
1083890 398.6
1083900 398.7
1083910 398.7
1083920 398.7
1083930 398.7
1083940 398.7
1083950 398.6
1083960 398.6
1083970 398.6
1083980 398.6
1083990 398.6
1084000 398.6
1084010 398.6
1084020 398.6
1084030 398.6
1084040 398.6
1084050 398.5
1084060 398.5
1084070 398.5
1084080 398.4
1084090 398.3
1084100 398.3
1084110 398.4
1084120 398.6
1084130 398.6
1084140 398.6
1084150 398.7
1084160 398.7
1084170 398.6
1084180 398.2
1084190 398.4
1084200 398.0
1084210 397.9
1084220 397.9
1084230 397.9
1084240 397.9
1084250 397.9
1084260 397.8
1084270 397.9
1084280 397.9
1084290 397.9
1084300 397.8
1084310 397.8
1084320 397.9
1084330 397.9
1084340 397.9
1084350 397.8
1084360 398.0
1084370 398.0
1084380 398.0
1084390 398.0
1084400 398.0
1084410 398.1
1084420 397.9
1084430 397.9
1084440 397.9
1084450 397.9
1084460 397.9
1084470 397.9
1084480 397.8
1084490 397.8
1084500 397.8
1084510 397.9
1084520 398.2
1084530 398.2
1084540 398.4
1084550 398.7
1084560 398.7
1084570 398.6
1084580 398.4
1084590 398.4
1084600 398.4
1084610 398.6
1084620 398.6
1084630 398.6
1084640 398.5
1084650 398.5
1084660 398.3
1084670 398.2
1084680 398.2
1084690 398.0
1084700 397.8
1084710 397.8
1084720 397.8
1084730 397.9
1084740 397.9
1084750 397.9
1084760 397.9
1084770 397.9
1084780 397.8
1084790 397.7
1084800 397.7
1084810 397.7
1084820 397.6
1084830 397.5
1084840 397.5
1084850 397.6
1084860 397.6
1084870 397.6
1084880 397.7
1084890 397.8
1084900 397.8
1084910 397.8
1084920 397.9
1084930 397.9
1084940 398.1
1084950 398.2
1084960 398.2
1084970 398.3
1084980 398.3
1084990 398.3
1085000 398.3
1085010 398.2
1085020 398.2
1085030 398.1
1085040 398.2
1085050 398.2
1085060 398.4
1085070 398.5
1085080 398.5
1085090 398.3
1085100 398.5
1085110 398.5
1085120 398.9
1085130 399.2
1085140 399.2
1085150 399.6
1085160 399.5
1085170 399.4
1085180 399.4
1085190 399.4
1085200 399.7
1085210 399.7
1085220 400.2
1085230 400.5
1085240 400.5
1085250 400.5
1085260 400.6
1085270 400.6
1085280 401.0
1085290 401.1
1085300 401.1
1085310 401.4
1085320 401.6
1085330 401.6
1085340 401.6
1085350 401.9
1085360 401.9
1085370 402.2
1085380 403.3
1085390 403.3
1085400 404.6
1085410 404.4
1085420 404.4
1085430 404.1
1085440 404.5
1085450 404.5
1085460 404.9
1085470 405.3
1085480 405.3
1085490 406.9
1085500 408.1
1085510 408.1
1085520 408.6
1085530 410.4
1085540 411.4
1085550 411.4
1085560 413.1
1085570 414.7
1085580 414.7
1085590 415.1
1085600 415.1
1085610 415.1
1085620 415.0
1085630 415.8
1085640 415.8
1085650 417.1
1085660 417.4
1085670 417.4
1085680 419.7
1085690 422.4
1085700 422.4
1085710 423.2
1085720 423.1
1085730 423.1
1085740 423.6
1085750 425.0
1085760 425.0
1085770 426.3
1085780 427.1
1085790 427.6
1085800 429.5
1085810 430.4
1085820 430.4
1085830 431.3
1085840 432.7
1085850 432.7
1085860 434.1
1085870 434.8
1085880 435.3
1085890 435.3
1085900 435.3
1085910 433.7
1085920 433.7
1085930 430.2
1085940 430.2
1085950 430.2
1085960 430.3
1085970 430.6
1085980 430.6
1085990 435.4
1086000 439.0
1086010 439.0
1086020 440.5
1086030 441.7
1086040 441.7
1086050 442.2
1086060 442.0
1086070 442.0
1086080 444.5
1086090 446.8
1086100 446.8
1086110 443.3
1086120 448.0
1086130 448.0
1086140 450.3
1086150 453.2
1086160 453.2
1086170 455.5
1086180 457.0
1086190 457.0
1086200 459.0
1086210 461.1
1086220 461.1
1086230 463.4
1086240 465.1
1086250 467.0
1086260 467.0
1086270 469.1
1086280 471.2
1086290 471.2
1086300 473.1
1086310 474.1
1086320 474.1
1086330 474.7
1086340 476.2
1086350 476.2
1086360 478.5
1086370 480.9
1086380 480.9
1086390 481.9
1086400 483.2
1086410 483.2
1086420 485.1
1086430 488.8
1086440 488.8
1086450 489.8
1086460 490.9
1086470 490.9
1086480 492.0
1086490 493.2
1086500 493.2
1086510 494.8
1086520 496.6
1086530 496.6
1086540 498.9
1086550 502.1
1086560 502.1
1086570 504.2
1086580 506.5
1086590 506.5
1086600 509.8
1086610 513.9
1086620 516.3
1086630 516.3
1086640 518.5
1086650 520.5
1086660 520.5
1086670 522.9
1086680 525.1
1086690 525.1
1086700 526.9
1086710 529.1
1086720 529.1
1086730 531.2
1086740 532.7
1086750 532.7
1086760 536.3
1086770 539.4
1086780 539.4
1086790 543.0
1086800 547.1
1086810 547.1
1086820 550.9
1086830 555.6
1086840 555.6
1086850 560.7
1086860 566.8
1086870 566.8
1086880 573.3
1086890 579.7
1086900 579.7
1086910 586.0
1086920 593.9
1086930 593.9
1086940 601.0
1086950 609.2
1086960 609.2
1086970 616.8
1086980 623.2
1086990 628.0
1087000 628.0
1087010 632.7
1087020 637.7
1087030 637.7
1087040 642.5
1087050 649.3
1087060 649.3
1087070 665.2
1087080 668.7
1087090 668.7
1087100 682.9
1087110 689.0
1087120 689.0
1087130 693.6
1087140 697.0
1087150 697.0
1087160 700.3
1087170 703.9
1087180 703.9
1087190 707.2
1087200 711.6
1087210 711.6
1087220 716.2
1087230 719.6
1087240 719.6
1087250 720.0
1087260 722.1
1087270 722.1
1087280 725.8
1087290 727.4
1087300 727.4
1087310 730.1
1087320 733.2
1087330 733.2
1087340 735.7
1087350 734.9
1087360 735.1
1087370 735.1
1087380 736.4
1087390 741.0
1087400 742.6
1087410 749.4
1087420 763.2
1087430 763.2
1087440 770.4
1087450 778.6
1087460 778.6
1087470 790.5
1087480 804.6
1087490 804.6
1087500 808.6
1087510 809.5
1087520 809.5
1087530 810.3
1087540 810.8
1087550 810.8
1087560 813.3
1087570 818.6
1087580 818.6
1087590 820.8
1087600 820.9
1087610 820.9
1087620 826.5
1087630 833.2
1087640 833.2
1087650 839.4
1087660 843.1
1087670 843.1
1087680 845.0
1087690 846.7
1087700 846.7
1087710 848.4
1087720 852.0
1087730 854.9
1087740 854.9
1087750 858.6
1087760 862.2
1087770 862.2
1087780 864.0
1087790 863.9
1087800 863.9
1087810 863.6
1087820 866.2
1087830 866.2
1087840 870.7
1087850 874.4
1087860 874.4
1087870 877.2
1087880 879.5
1087890 879.5
1087900 879.9
1087910 883.1
1087920 883.1
1087930 886.4
1087940 890.4
1087950 890.4
1087960 895.0
1087970 901.2
1087980 901.2
1087990 909.7
1088000 921.6
1088010 921.6
1088020 926.7
1088030 929.0
1088040 921.2
1088050 929.9
1088060 934.9
1088070 936.0
1088080 936.0
1088090 937.4
1088100 938.5
1088110 938.5
1088120 939.6
1088130 940.4
1088140 940.4
1088150 941.6
1088160 942.7
1088170 942.7
1088180 943.4
1088190 943.2
1088200 943.2
1088210 938.7
1088220 939.8
1088230 939.8
1088240 946.3
1088250 949.9
1088260 949.9
1088270 953.1
1088280 955.9
1088290 955.9
1088300 957.5
1088310 957.8
1088320 957.8
1088330 958.5
1088340 959.2
1088350 959.2
1088360 959.6
1088370 964.0
1088380 964.0
1088390 964.9
1088400 965.9
1088410 965.9
1088420 966.7
1088430 967.5
1088440 968.2
1088450 968.2
1088460 969.0
1088470 970.0
1088480 970.0
1088490 971.1
1088500 972.9
1088510 972.9
1088520 980.1
1088530 987.1
1088540 987.1
1088550 988.1
1088560 988.6
1088570 988.6
1088580 988.7
1088590 988.1
1088600 988.1
1088610 986.1
1088620 981.7
1088630 981.7
1088640 977.8
1088650 973.9
1088660 973.9
1088670 971.2
1088680 971.0
1088690 968.1
1088700 967.1
1088710 965.8
1088720 965.8
1088730 964.8
1088740 963.9
1088750 963.9
1088760 963.9
1088770 963.9
1088780 963.9
1088790 963.8
1088800 964.0
1088810 964.0
1088820 964.0
1088830 963.8
1088840 962.8
1088850 962.8
1088860 961.3
1088870 959.4
1088880 959.4
1088890 954.3
1088900 947.8
1088910 947.8
1088920 949.6
1088930 953.3
1088940 953.3
1088950 953.6
1088960 952.2
1088970 952.2
1088980 946.1
1088990 939.6
1089000 939.6
1089010 940.4
1089020 939.8
1089030 939.8
1089040 938.8
1089050 936.6
1089060 936.6
1089070 933.7
1089080 931.3
1089090 931.3
1089100 926.7
1089110 920.8
1089120 920.8
1089130 916.2
1089140 913.7
1089150 913.7
1089160 912.3
1089170 911.0
1089180 908.0
1089190 908.0
1089200 901.4
1089210 896.8
1089220 896.8
1089230 892.5
1089240 888.0
1089250 888.0
1089260 884.0
1089270 880.4
1089280 880.4
1089290 876.7
1089300 873.4
1089310 873.4
1089320 871.5
1089330 873.3
1089340 873.3
1089350 872.1
1089360 870.1
1089370 870.1
1089380 866.7
1089390 860.9
1089400 860.9
1089410 854.3
1089420 849.7
1089430 849.7
1089440 851.5
1089450 854.6
1089460 854.6
1089470 857.8
1089480 859.5
1089490 859.5
1089500 858.9
1089510 857.4
1089520 857.4
1089530 852.7
1089540 846.4
1089550 835.6
1089560 835.6
1089570 828.5
1089580 821.6
1089590 821.6
1089600 817.7
1089610 814.2
1089620 814.2
1089630 811.0
1089640 807.9
1089650 807.9
1089660 806.6
1089670 801.5
1089680 801.5
1089690 801.0
1089700 802.2
1089710 802.2
1089720 800.3
1089730 797.7
1089740 797.7
1089750 795.0
1089760 792.5
1089770 792.5
1089780 788.8
1089790 784.7
1089800 784.7
1089810 783.7
1089820 781.8
1089830 781.8
1089840 778.5
1089850 775.9
1089860 775.9
1089870 773.5
1089880 769.3
1089890 761.4
1089900 761.4
1089910 755.0
1089920 746.8
1089930 746.8
1089940 736.8
1089950 727.6
1089960 727.6
1089970 722.4
1089980 722.2
1089990 722.2
1090000 716.6
1090010 713.1
1090020 713.1
1090030 715.9
1090040 718.4
1090050 718.4
1090060 720.4
1090070 725.1
1090080 725.1
1090090 726.6
1090100 726.9
1090110 726.9
1090120 726.7
1090130 729.6
1090140 729.6
1090150 729.7
1090160 732.4
1090170 732.4
1090180 736.8
1090190 740.0
1090200 740.0
1090210 743.5
1090220 745.6
1090230 745.6
1090240 746.4
1090250 748.0
1090260 747.9
1090270 747.9
1090280 749.4
1090290 750.3
1090300 750.3
1090310 743.3
1090320 742.3
1090330 742.3
1090340 741.3
1090350 737.8
1090360 737.8
1090370 736.4
1090380 728.5
1090390 728.5
1090400 721.1
1090410 715.5
1090420 715.5
1090430 714.3
1090440 718.7
1090450 718.7
1090460 720.1
1090470 719.1
1090480 719.1
1090490 718.7
1090500 716.4
1090510 716.4
1090520 712.7
1090530 709.1
1090540 709.1
1090550 703.5
1090560 700.0
1090570 700.0
1090580 698.9
1090590 700.4
1090600 700.4
1090610 703.0
1090620 707.4
1090630 713.7
1090640 713.7
1090650 718.2
1090660 721.5
1090670 721.5
1090680 725.2
1090690 728.9
1090700 728.9
1090710 733.1
1090720 737.6
1090730 737.6
1090740 742.5
1090750 748.7
1090760 748.7
1090770 755.9
1090780 762.9
1090790 762.9
1090800 770.0
1090810 776.0
1090820 776.0
1090830 779.4
1090840 782.4
1090850 782.4
1090860 784.9
1090870 787.5
1090880 787.5
1090890 789.2
1090900 791.7
1090910 791.7
1090920 795.0
1090930 797.6
1090940 797.6
1090950 787.3
1090960 789.7
1090970 789.7
1090980 798.1
1090990 804.8
1091000 808.3
1091010 808.3
1091020 810.4
1091030 812.5
1091040 812.5
1091050 815.3
1091060 819.1
1091070 819.1
1091080 823.8
1091090 827.7
1091100 827.7
1091110 829.4
1091120 831.2
1091130 831.2
1091140 834.1
1091150 836.5
1091160 836.5
1091170 839.2
1091180 842.0
1091190 842.0
1091200 843.6
1091210 845.8
1091220 845.8
1091230 848.2
1091240 850.9
1091250 850.9
1091260 852.3
1091270 852.8
1091280 848.4
1091290 845.3
1091300 842.4
1091310 842.4
1091320 839.4
1091330 836.1
1091340 832.3
1091350 832.3
1091360 828.8
1091370 825.5
1091380 825.5
1091390 822.7
1091400 820.4
1091410 820.4
1091420 818.6
1091430 817.3
1091440 817.3
1091450 816.4
1091460 815.7
1091470 815.7
1091480 815.3
1091490 815.2
1091500 815.2
1091510 814.5
1091520 813.8
1091530 813.8
1091540 813.5
1091550 813.8
1091560 813.8
1091570 813.9
1091580 814.0
1091590 814.0
1091600 814.2
1091610 810.6
1091620 810.6
1091630 810.8
1091640 810.8
1091650 810.8
1091660 811.1
1091670 811.7
1091680 811.7
1091690 812.4
1091700 812.9
1091710 813.1
1091720 813.1
1091730 812.7
1091740 811.3
1091750 811.3
1091760 810.2
1091770 808.8
1091780 808.8
1091790 807.3
1091800 806.5
1091810 806.5
1091820 806.2
1091830 806.2
1091840 806.2
1091850 806.1
1091860 805.1
1091870 805.1
1091880 803.1
1091890 800.8
1091900 800.8
1091910 798.3
1091920 794.7
1091930 788.8
1091940 784.5
1091950 780.6
1091960 780.6
1091970 773.8
1091980 768.6
1091990 768.6
1092000 768.3
1092010 766.6
1092020 766.6
1092030 764.3
1092040 762.4
1092050 762.4
1092060 760.5
1092070 756.8
1092080 753.4
1092090 753.4
1092100 750.1
1092110 748.2
1092120 748.2
1092130 747.6
1092140 746.5
1092150 746.5
1092160 745.0
1092170 743.7
1092180 743.7
1092190 742.7
1092200 741.8
1092210 741.8
1092220 740.9
1092230 740.0
1092240 740.0
1092250 739.0
1092260 735.0
1092270 735.0
1092280 734.4
1092290 731.6
1092300 731.6
1092310 725.1
1092320 723.4
1092330 723.4
1092340 721.5
1092350 720.3
1092360 720.3
1092370 718.4
1092380 715.1
1092390 715.1
1092400 711.7
1092410 707.7
1092420 707.7
1092430 705.8
1092440 704.0
1092450 699.9
1092460 699.9
1092470 696.2
1092480 694.2
1092490 694.2
1092500 693.1
1092510 692.1
1092520 692.1
1092530 690.0
1092540 686.8
1092550 686.8
1092560 684.3
1092570 682.2
1092580 678.0
1092590 676.4
1092600 674.8
1092610 674.8
1092620 673.1
1092630 671.3
1092640 671.3
1092650 670.0
1092660 668.7
1092670 668.7
1092680 667.2
1092690 666.2
1092700 666.2
1092710 665.8
1092720 665.2
1092730 665.2
1092740 664.4
1092750 664.1
1092760 664.1
1092770 664.0
1092780 663.9
1092790 663.7
1092800 663.7
1092810 663.5
1092820 663.1
1092830 663.1
1092840 662.8
1092850 662.4
1092860 662.4
1092870 662.2
1092880 661.9
1092890 661.9
1092900 661.7
1092910 660.8
1092920 660.8
1092930 660.6
1092940 660.4
1092950 660.4
1092960 659.8
1092970 659.0
1092980 659.0
1092990 658.4
1093000 658.1
1093010 658.1
1093020 657.9
1093030 657.9
1093040 657.9
1093050 657.8
1093060 658.0
1093070 658.0
1093080 658.7
1093090 658.9
1093100 658.9
1093110 659.0
1093120 658.7
1093130 658.7
1093140 658.9
1093150 657.8
1093160 656.9
1093170 656.9
1093180 657.0
1093190 653.4
1093200 653.4
1093210 649.5
1093220 649.9
1093230 649.9
1093240 653.4
1093250 653.5
1093260 653.5
1093270 652.8
1093280 650.0
1093290 650.0
1093300 643.3
1093310 634.7
1093320 634.7
1093330 632.5
1093340 640.8
1093350 640.8
1093360 647.1
1093370 647.9
1093380 647.9
1093390 647.7
1093400 647.4
1093410 647.4
1093420 647.1
1093430 647.4
1093440 647.4
1093450 648.0
1093460 648.8
1093470 648.8
1093480 649.3
1093490 649.6
1093500 649.6
1093510 649.6
1093520 649.3
1093530 649.0
1093540 649.0
1093550 648.6
1093560 647.4
1093570 647.4
1093580 646.8
1093590 645.9
1093600 645.9
1093610 644.9
1093620 644.1
1093630 644.1
1093640 643.3
1093650 642.2
1093660 642.2
1093670 641.3
1093680 640.4
1093690 640.4
1093700 639.7
1093710 638.8
1093720 638.8
1093730 638.0
1093740 637.3
1093750 637.3
1093760 636.8
1093770 636.6
1093780 636.6
1093790 636.8
1093800 636.8
1093810 636.8
1093820 636.9
1093830 636.1
1093840 636.1
1093850 630.1
1093860 623.7
1093870 623.7
1093880 618.7
1093890 620.0
1093900 627.1
1093910 627.1
1093920 632.0
1093930 633.7
1093940 633.7
1093950 633.3
1093960 632.8
1093970 632.8
1093980 632.1
1093990 629.4
1094000 629.4
1094010 628.5
1094020 631.7
1094030 631.7
1094040 631.7
1094050 631.5
1094060 631.5
1094070 631.1
1094080 630.0
1094090 630.0
1094100 631.1
1094110 631.2
1094120 631.2
1094130 631.7
1094140 632.2
1094150 632.2
1094160 632.6
1094170 633.1
1094180 633.1
1094190 634.0
1094200 634.4
1094210 634.4
1094220 634.4
1094230 634.2
1094240 634.2
1094250 634.0
1094260 633.4
1094270 632.8
1094280 632.8
1094290 632.8
1094300 633.0
1094310 633.0
1094320 633.2
1094330 633.6
1094340 633.6
1094350 634.1
1094360 634.6
1094370 634.6
1094380 634.8
1094390 635.0
1094400 635.0
1094410 635.3
1094420 635.5
1094430 635.5
1094440 635.6
1094450 635.6
1094460 635.6
1094470 635.5
1094480 635.2
1094490 635.2
1094500 634.9
1094510 634.7
1094520 634.7
1094530 634.4
1094540 633.8
1094550 633.8
1094560 633.4
1094570 632.8
1094580 632.8
1094590 632.3
1094600 631.8
1094610 631.1
1094620 631.1
1094630 630.6
1094640 629.8
1094650 629.8
1094660 629.2
1094670 628.5
1094680 628.5
1094690 627.7
1094700 627.1
1094710 627.1
1094720 626.2
1094730 625.6
1094740 625.6
1094750 624.9
1094760 624.2
1094770 624.2
1094780 623.4
1094790 622.6
1094800 622.6
1094810 621.8
1094820 621.0
1094830 621.0
1094840 620.1
1094850 619.4
1094860 619.4
1094870 617.9
1094880 616.9
1094890 616.9
1094900 615.7
1094910 614.5
1094920 614.5
1094930 613.3
1094940 612.2
1094950 612.2
1094960 611.4
1094970 610.4
1094980 609.5
1094990 609.5
1095000 608.9
1095010 608.2
1095020 608.2
1095030 607.5
1095040 606.7
1095050 606.7
1095060 605.9
1095070 604.9
1095080 604.9
1095090 604.2
1095100 603.2
1095110 603.2
1095120 602.1
1095130 601.0
1095140 601.0
1095150 599.2
1095160 598.5
1095170 598.5
1095180 598.1
1095190 597.5
1095200 598.4
1095210 597.6
1095220 596.8
1095230 596.8
1095240 595.9
1095250 595.3
1095260 595.3
1095270 594.6
1095280 593.7
1095290 593.7
1095300 592.9
1095310 592.0
1095320 592.0
1095330 591.2
1095340 590.4
1095350 589.5
1095360 589.5
1095370 588.5
1095380 587.7
1095390 587.7
1095400 586.9
1095410 586.1
1095420 586.1
1095430 585.2
1095440 584.4
1095450 584.4
1095460 583.3
1095470 581.8
1095480 581.8
1095490 581.2
1095500 580.2
1095510 580.2
1095520 579.5
1095530 579.0
1095540 579.0
1095550 578.7
1095560 578.1
1095570 578.1
1095580 577.6
1095590 577.2
1095600 577.2
1095610 576.5
1095620 575.7
1095630 575.7
1095640 575.1
1095650 574.5
1095660 574.5
1095670 573.7
1095680 573.1
1095690 573.1
1095700 572.5
1095710 572.0
1095720 571.5
1095730 571.5
1095740 571.0
1095750 570.6
1095760 570.6
1095770 570.1
1095780 569.8
1095790 569.8
1095800 569.5
1095810 569.1
1095820 569.1
1095830 568.9
1095840 568.6
1095850 568.6
1095860 567.9
1095870 567.6
1095880 567.6
1095890 567.3
1095900 567.2
1095910 567.2
1095920 567.1
1095930 567.0
1095940 567.0
1095950 567.2
1095960 567.6
1095970 567.6
1095980 567.8
1095990 567.7
1096000 567.7
1096010 567.5
1096020 567.3
1096030 567.3
1096040 567.2
1096050 567.0
1096060 566.7
1096070 566.7
1096080 566.4
1096090 566.1
1096100 566.1
1096110 565.7
1096120 565.3
1096130 565.3
1096140 565.0
1096150 564.6
1096160 564.6
1096170 564.4
1096180 564.1
1096190 564.4
1096200 564.2
1096210 563.9
1096220 563.9
1096230 563.5
1096240 563.2
1096250 563.2
1096260 562.9
1096270 562.5
1096280 562.5
1096290 562.1
1096300 561.6
1096310 561.6
1096320 561.0
1096330 560.1
1096340 560.1
1096350 558.1
1096360 556.8
1096370 556.8
1096380 556.3
1096390 556.1
1096400 556.1
1096410 556.9
1096420 557.9
1096430 559.4
1096440 559.4
1096450 560.1
1096460 560.3
1096470 560.3
1096480 560.6
1096490 561.0
1096500 561.0
1096510 561.1
1096520 561.2
1096530 561.2
1096540 560.8
1096550 560.2
1096560 560.2
1096570 558.9
1096580 557.3
1096590 557.3
1096600 555.9
1096610 556.4
1096620 556.4
1096630 556.6
1096640 556.9
1096650 556.9
1096660 557.7
1096670 557.4
1096680 557.4
1096690 556.5
1096700 553.9
1096710 553.9
1096720 551.9
1096730 550.2
1096740 550.2
1096750 551.8
1096760 553.5
1096770 553.5
1096780 553.1
1096790 551.8
1096800 549.8
1096810 549.8
1096820 544.1
1096830 545.1
1096840 545.1
1096850 543.9
1096860 531.4
1096870 531.4
1096880 525.0
1096890 517.3
1096900 517.3
1096910 510.7
1096920 509.2
1096930 509.2
1096940 514.4
1096950 521.6
1096960 521.6
1096970 529.6
1096980 521.9
1096990 521.9
1097000 510.7
1097010 504.9
1097020 504.9
1097030 502.8
1097040 504.8
1097050 504.8
1097060 510.7
1097070 515.9
1097080 515.9
1097090 520.7
1097100 525.0
1097110 525.0
1097120 518.5
1097130 514.2
1097140 514.2
1097150 513.8
1097160 513.8
1097170 516.4
1097180 522.8
1097190 526.7
1097200 530.2
1097210 530.2
1097220 533.4
1097230 537.1
1097240 537.1
1097250 540.3
1097260 542.3
1097270 542.3
1097280 545.7
1097290 551.7
1097300 551.7
1097310 556.0
1097320 558.1
1097330 558.1
1097340 558.0
1097350 557.1
1097360 557.1
1097370 556.1
1097380 554.8
1097390 554.8
1097400 553.6
1097410 552.6
1097420 552.6
1097430 551.8
1097440 550.9
1097450 550.9
1097460 549.5
1097470 548.3
1097480 548.3
1097490 548.1
1097500 548.1
1097510 549.5
1097520 549.5
1097530 550.8
1097540 552.0
1097550 552.0
1097560 553.1
1097570 553.9
1097580 553.9
1097590 554.8
1097600 555.5
1097610 555.5
1097620 556.4
1097630 557.3
1097640 557.3
1097650 558.0
1097660 558.8
1097670 558.8
1097680 559.9
1097690 561.0
1097700 561.0
1097710 561.7
1097720 562.4
1097730 562.4
1097740 563.2
1097750 564.1
1097760 564.1
1097770 565.3
1097780 566.3
1097790 566.3
1097800 567.2
1097810 568.2
1097820 568.2
1097830 569.2
1097840 571.0
1097850 571.0
1097860 571.4
1097870 572.2
1097880 573.8
1097890 573.8
1097900 574.9
1097910 575.5
1097920 575.5
1097930 576.3
1097940 578.8
1097950 578.8
1097960 579.2
1097970 580.0
1097980 580.0
1097990 581.6
1098000 582.5
1098010 582.5
1098020 583.1
1098030 583.8
1098040 583.8
1098050 585.9
1098060 588.1
1098070 588.1
1098080 590.2
1098090 592.1
1098100 592.1
1098110 593.7
1098120 595.4
1098130 595.4
1098140 597.1
1098150 598.9
1098160 598.9
1098170 602.2
1098180 604.0
1098190 604.0
1098200 605.9
1098210 607.9
1098220 607.9
1098230 609.9
1098240 612.0
1098250 614.3
1098260 614.3
1098270 616.4
1098280 618.0
1098290 618.0
1098300 619.9
1098310 622.3
1098320 622.3
1098330 625.3
1098340 628.7
1098350 628.7
1098360 632.2
1098370 636.1
1098380 636.1
1098390 639.1
1098400 639.1
1098410 639.1
1098420 637.8
1098430 639.2
1098440 639.2
1098450 639.9
1098460 638.2
1098470 638.2
1098480 636.4
1098490 639.9
1098500 645.5
1098510 649.3
1098520 651.7
1098530 651.7
1098540 647.2
1098550 651.2
1098560 651.2
1098570 650.8
1098580 651.7
1098590 651.7
1098600 651.3
1098610 647.0
1098620 646.6
1098630 646.6
1098640 644.0
1098650 646.3
1098660 646.3
1098670 651.7
1098680 658.4
1098690 658.4
1098700 664.2
1098710 668.5
1098720 668.5
1098730 672.9
1098740 680.2
1098750 680.2
1098760 687.0
1098770 692.3
1098780 692.3
1098790 698.0
1098800 705.1
1098810 705.1
1098820 711.1
1098830 714.0
1098840 714.0
1098850 719.0
1098860 725.3
1098870 725.3
1098880 730.5
1098890 733.7
1098900 733.7
1098910 737.3
1098920 741.7
1098930 741.7
1098940 745.4
1098950 748.6
1098960 751.1
1098970 751.1
1098980 753.4
1098990 755.7
1099000 755.7
1099010 758.0
1099020 760.4
1099030 760.4
1099040 762.5
1099050 764.0
1099060 764.0
1099070 764.0
1099080 765.2
1099090 765.2
1099100 769.5
1099110 773.4
1099120 773.4
1099130 776.9
1099140 779.9
1099150 779.9
1099160 781.1
1099170 785.5
1099180 785.5
1099190 791.0
1099200 796.5
1099210 796.5
1099220 802.2
1099230 807.5
1099240 807.5
1099250 812.6
1099260 817.2
1099270 817.2
1099280 821.2
1099290 824.9
1099300 824.9
1099310 828.1
1099320 830.8
1099330 832.5
1099340 832.5
1099350 832.8
1099360 833.6
1099370 833.6
1099380 836.3
1099390 840.8
1099400 840.8
1099410 844.9
1099420 847.9
1099430 847.9
1099440 850.5
1099450 853.4
1099460 853.4
1099470 856.0
1099480 858.4
1099490 858.9
1099500 861.6
1099510 864.7
1099520 864.7
1099530 868.3
1099540 873.2
1099550 873.2
1099560 877.6
1099570 881.8
1099580 881.8
1099590 886.3
1099600 891.1
1099610 891.1
1099620 895.7
1099630 899.7
1099640 899.7
1099650 903.0
1099660 905.5
1099670 905.5
1099680 906.3
1099690 905.7
1099700 903.8
1099710 903.8
1099720 902.3
1099730 901.6
1099740 901.6
1099750 901.7
1099760 902.3
1099770 902.3
1099780 902.5
1099790 902.3
1099800 902.3
1099810 902.0
1099820 901.5
1099830 901.8
1099840 901.7
1099850 902.7
1099860 902.7
1099870 904.5
1099880 906.6
1099890 906.6
1099900 909.8
1099910 913.7
1099920 913.7
1099930 918.1
1099940 922.6
1099950 922.6
1099960 927.4
1099970 932.4
1099980 932.4
1099990 937.1
