1080000 395.2
1080010 395.2
1080020 395.2
1080030 395.2
1080040 395.2
1080050 395.2
1080060 395.2
1080070 395.2
1080080 395.2
1080090 395.2
1080100 395.2
1080110 395.2
1080120 395.2
1080130 395.2
1080140 395.2
1080150 395.2
1080160 395.2
1080170 395.2
1080180 395.2
1080190 395.2
1080200 395.2
1080210 395.2
1080220 395.2
1080230 395.2
1080240 395.2
1080250 395.2
1080260 395.2
1080270 395.2
1080280 395.2
1080290 395.2
1080300 395.2
1080310 395.2
1080320 395.2
1080330 395.2
1080340 395.2
1080350 395.2
1080360 395.2
1080370 395.2
1080380 395.2
1080390 395.2
1080400 395.2
1080410 395.2
1080420 395.2
1080430 395.2
1080440 395.2
1080450 395.2
1080460 395.2
1080470 395.2
1080480 395.2
1080490 395.2
1080500 395.2
1080510 395.2
1080520 395.2
1080530 395.2
1080540 395.2
1080550 395.2
1080560 395.2
1080570 395.2
1080580 395.2
1080590 395.2
1080600 395.2
1080610 395.2
1080620 395.2
1080630 395.2
1080640 395.2
1080650 395.2
1080660 395.2
1080670 395.2
1080680 395.2
1080690 395.2
1080700 395.2
1080710 395.2
1080720 395.2
1080730 395.2
1080740 395.2
1080750 395.2
1080760 395.2
1080770 395.2
1080780 395.2
1080790 395.2
1080800 395.2
1080810 395.2
1080820 395.2
1080830 395.2
1080840 395.2
1080850 395.2
1080860 395.2
1080870 395.2
1080880 395.2
1080890 395.2
1080900 395.2
1080910 395.2
1080920 395.2
1080930 395.2
1080940 395.2
1080950 395.2
1080960 395.2
1080970 395.2
1080980 395.2
1080990 395.2
1081000 395.2
1081010 395.2
1081020 395.2
1081030 395.2
1081040 395.2
1081050 395.2
1081060 395.2
1081070 395.2
1081080 395.2
1081090 395.2
1081100 395.2
1081110 395.2
1081120 395.2
1081130 395.2
1081140 395.2
1081150 395.2
1081160 395.2
1081170 395.2
1081180 395.2
1081190 395.2
1081200 395.2
1081210 395.2
1081220 395.2
1081230 395.2
1081240 395.2
1081250 395.2
1081260 395.2
1081270 395.2
1081280 395.2
1081290 395.2
1081300 395.2
1081310 395.2
1081320 395.2
1081330 395.2
1081340 395.2
1081350 395.2
1081360 395.2
1081370 395.2
1081380 395.2
1081390 395.2
1081400 395.2
1081410 395.2
1081420 395.2
1081430 395.2
1081440 395.2
1081450 395.2
1081460 395.2
1081470 395.2
1081480 395.2
1081490 395.2
1081500 395.2
1081510 395.2
1081520 395.2
1081530 395.2
1081540 395.2
1081550 395.2
1081560 395.2
1081570 395.1
1081580 395.1
1081590 395.2
1081600 395.2
1081610 395.2
1081620 395.2
1081630 395.1
1081640 395.1
1081650 395.1
1081660 395.2
1081670 395.2
1081680 395.2
1081690 395.1
1081700 395.2
1081710 395.2
1081720 395.2
1081730 395.2
1081740 395.2
1081750 395.1
1081760 395.2
1081770 395.2
1081780 395.1
1081790 395.1
1081800 395.1
1081810 395.1
1081820 395.2
1081830 395.2
1081840 395.1
1081850 395.1
1081860 395.1
1081870 395.2
1081880 395.1
1081890 395.1
1081900 395.1
1081910 395.2
1081920 395.2
1081930 395.1
1081940 395.2
1081950 395.2
1081960 395.1
1081970 395.1
1081980 395.1
1081990 395.1
1082000 395.1
1082010 395.1
1082020 395.1
1082030 395.1
1082040 395.2
1082050 395.2
1082060 395.2
1082070 395.2
1082080 395.2
1082090 395.2
1082100 395.2
1082110 395.2
1082120 395.2
1082130 395.2
1082140 395.2
1082150 395.2
1082160 395.2
1082170 395.2
1082180 395.2
1082190 395.2
1082200 395.2
1082210 395.2
1082220 395.2
1082230 395.2
1082240 395.1
1082250 395.1
1082260 395.1
1082270 395.1
1082280 395.2
1082290 395.2
1082300 395.2
1082310 395.2
1082320 395.2
1082330 395.2
1082340 395.2
1082350 395.2
1082360 395.2
1082370 395.2
1082380 395.2
1082390 395.2
1082400 395.2
1082410 395.2
1082420 395.2
1082430 395.2
1082440 395.2
1082450 395.2
1082460 395.2
1082470 395.2
1082480 395.2
1082490 395.2
1082500 395.2
1082510 395.2
1082520 395.2
1082530 395.2
1082540 395.2
1082550 395.2
1082560 395.2
1082570 395.2
1082580 395.2
1082590 395.2
1082600 395.2
1082610 395.2
1082620 395.2
1082630 395.2
1082640 395.2
1082650 395.2
1082660 395.2
1082670 395.2
1082680 395.2
1082690 395.2
1082700 395.2
1082710 395.2
1082720 395.2
1082730 395.2
1082740 395.2
1082750 395.2
1082760 395.2
1082770 395.2
1082780 395.2
1082790 395.2
1082800 395.2
1082810 395.2
1082820 395.2
1082830 395.2
1082840 395.2
1082850 395.2
1082860 395.2
1082870 395.2
1082880 395.2
1082890 395.2
1082900 395.2
1082910 395.2
1082920 395.2
1082930 395.2
1082940 395.2
1082950 395.2
1082960 395.2
1082970 395.2
1082980 395.2
1082990 395.2
1083000 395.2
1083010 395.2
1083020 395.2
1083030 395.2
1083040 395.2
1083050 395.2
1083060 395.2
1083070 395.2
1083080 395.2
1083090 395.2
1083100 395.2
1083110 395.2
1083120 395.2
1083130 395.2
1083140 395.2
1083150 395.2
1083160 395.2
1083170 395.2
1083180 395.2
1083190 395.2
1083200 395.2
1083210 395.2
1083220 395.2
1083230 395.2
1083240 395.2
1083250 395.2
1083260 395.2
1083270 395.2
1083280 395.2
1083290 395.2
1083300 395.2
1083310 395.2
1083320 395.2
1083330 395.2
1083340 395.2
1083350 395.2
1083360 395.2
1083370 395.2
1083380 395.2
1083390 395.2
1083400 395.2
1083410 395.2
1083420 395.2
1083430 395.2
1083440 395.2
1083450 395.2
1083460 395.2
1083470 395.2
1083480 395.2
1083490 395.2
1083500 395.2
1083510 395.2
1083520 395.2
1083530 395.2
1083540 395.2
1083550 395.2
1083560 395.2
1083570 395.2
1083580 395.2
1083590 395.2
1083600 395.2
1083610 395.2
1083620 395.2
1083630 395.2
1083640 395.2
1083650 395.2
1083660 395.2
1083670 395.2
1083680 395.2
1083690 395.2
1083700 395.2
1083710 395.2
1083720 395.2
1083730 395.2
1083740 395.2
1083750 395.2
1083760 395.2
1083770 395.2
1083780 395.2
1083790 395.2
1083800 395.2
1083810 395.2
1083820 395.2
1083830 395.2
1083840 395.2
1083850 395.2
1083860 395.2
1083870 395.2
1083880 395.2
1083890 395.2
1083900 395.2
1083910 395.2
1083920 395.2
1083930 395.2
1083940 395.2
1083950 395.2
1083960 395.2
1083970 395.2
1083980 395.2
1083990 395.2
1084000 395.2
1084010 395.2
1084020 395.2
1084030 395.2
1084040 395.2
1084050 395.2
1084060 395.2
1084070 395.2
1084080 395.2
1084090 395.2
1084100 395.2
1084110 395.2
1084120 395.2
1084130 395.2
1084140 395.2
1084150 395.2
1084160 395.2
1084170 395.2
1084180 395.2
1084190 395.2
1084200 395.2
1084210 395.2
1084220 395.2
1084230 395.2
1084240 395.2
1084250 395.2
1084260 395.2
1084270 395.2
1084280 395.2
1084290 395.2
1084300 395.2
1084310 395.2
1084320 395.2
1084330 395.2
1084340 395.2
1084350 395.2
1084360 395.2
1084370 395.2
1084380 395.2
1084390 395.2
1084400 395.2
1084410 395.2
1084420 395.2
1084430 395.2
1084440 395.2
1084450 395.2
1084460 395.2
1084470 395.2
1084480 395.2
1084490 395.2
1084500 395.2
1084510 395.2
1084520 395.2
1084530 395.2
1084540 395.2
1084550 395.2
1084560 395.2
1084570 395.2
1084580 395.2
1084590 395.2
1084600 395.2
1084610 395.2
1084620 395.2
1084630 395.2
1084640 395.2
1084650 395.2
1084660 395.2
1084670 395.2
1084680 395.2
1084690 395.2
1084700 395.2
1084710 395.2
1084720 395.2
1084730 395.2
1084740 395.0
1084750 395.1
1084760 395.1
1084770 395.0
1084780 395.1
1084790 395.1
1084800 395.0
1084810 395.0
1084820 395.0
1084830 395.0
1084840 395.0
1084850 395.0
1084860 395.0
1084870 395.0
1084880 395.0
1084890 395.1
1084900 395.0
1084910 395.0
1084920 395.0
1084930 395.0
1084940 395.0
1084950 395.0
1084960 395.0
1084970 395.0
1084980 395.0
1084990 395.0
1085000 395.0
1085010 395.0
1085020 395.0
1085030 395.0
1085040 395.0
1085050 395.0
1085060 395.0
1085070 395.0
1085080 395.1
1085090 395.0
1085100 395.0
1085110 395.1
1085120 395.1
1085130 395.1
1085140 395.1
1085150 395.1
1085160 395.1
1085170 395.1
1085180 395.1
1085190 395.1
1085200 395.1
1085210 395.1
1085220 395.1
1085230 395.1
1085240 395.1
1085250 395.1
1085260 395.1
1085270 395.1
1085280 395.1
1085290 395.1
1085300 395.0
1085310 395.0
1085320 395.1
1085330 395.1
1085340 395.0
1085350 395.0
1085360 395.0
1085370 395.0
1085380 395.0
1085390 395.0
1085400 395.1
1085410 395.1
1085420 395.0
1085430 395.0
1085440 395.0
1085450 394.8
1085460 394.7
1085470 394.7
1085480 394.7
1085490 394.7
1085500 394.7
1085510 394.7
1085520 394.7
1085530 394.7
1085540 394.7
1085550 394.7
1085560 394.7
1085570 394.7
1085580 394.7
1085590 394.7
1085600 395.2
1085610 396.2
1085620 396.2
1085630 397.6
1085640 398.2
1085650 398.2
1085660 398.8
1085670 398.9
1085680 398.9
1085690 399.1
1085700 399.4
1085710 400.2
1085720 400.2
1085730 400.5
1085740 400.6
1085750 400.6
1085760 401.7
1085770 402.4
1085780 402.4
1085790 402.0
1085800 402.3
1085810 402.3
1085820 403.3
1085830 405.7
1085840 405.7
1085850 406.4
1085860 407.2
1085870 407.2
1085880 407.9
1085890 408.6
1085900 408.6
1085910 409.4
1085920 410.3
1085930 410.3
1085940 411.1
1085950 412.0
1085960 412.0
1085970 412.9
1085980 414.1
1085990 414.1
1086000 415.8
1086010 417.0
1086020 417.0
1086030 418.0
1086040 419.4
1086050 419.4
1086060 419.9
1086070 421.2
1086080 422.7
1086090 422.7
1086100 424.9
1086110 426.6
1086120 426.6
1086130 430.0
1086140 433.0
1086150 432.9
1086160 436.9
1086170 441.7
1086180 441.7
1086190 443.8
1086200 446.5
1086210 446.5
1086220 450.5
1086230 453.8
1086240 453.8
1086250 457.6
1086260 461.3
1086270 461.3
1086280 464.1
1086290 468.4
1086300 468.4
1086310 472.2
1086320 476.5
1086330 476.5
1086340 480.1
1086350 482.3
1086360 482.3
1086370 484.8
1086380 486.6
1086390 486.6
1086400 487.4
1086410 488.5
1086420 491.5
1086430 491.5
1086440 494.3
1086450 497.4
1086460 497.4
1086470 501.0
1086480 503.3
1086490 503.3
1086500 508.2
1086510 513.7
1086520 513.7
1086530 519.3
1086540 525.5
1086550 525.5
1086560 529.9
1086570 533.8
1086580 533.8
1086590 539.3
1086600 549.7
1086610 549.7
1086620 559.1
1086630 563.2
1086640 563.2
1086650 570.2
1086660 576.8
1086670 576.8
1086680 579.8
1086690 583.4
1086700 583.4
1086710 588.1
1086720 594.1
1086730 594.1
1086740 602.6
1086750 627.5
1086760 627.5
1086770 638.5
1086780 646.1
1086790 648.6
1086800 648.2
1086810 649.9
1086820 650.5
1086830 650.5
1086840 650.7
1086850 650.4
1086860 650.4
1086870 649.8
1086880 649.9
1086890 649.9
1086900 650.6
1086910 651.8
1086920 651.8
1086930 652.1
1086940 652.1
1086950 652.1
1086960 653.6
1086970 658.2
1086980 658.2
1086990 664.3
1087000 668.6
1087010 668.6
1087020 672.8
1087030 675.9
1087040 675.9
1087050 678.6
1087060 681.3
1087070 681.3
1087080 683.1
1087090 686.3
1087100 686.3
1087110 690.1
1087120 696.3
1087130 696.3
1087140 699.3
1087150 702.2
1087160 705.5
1087170 705.5
1087180 709.2
1087190 713.5
1087200 713.5
1087210 717.2
1087220 719.4
1087230 719.4
1087240 721.0
1087250 721.9
1087260 721.9
1087270 722.3
1087280 723.0
1087290 723.0
1087300 725.9
1087310 729.8
1087320 729.8
1087330 735.1
1087340 738.6
1087350 738.6
1087360 741.6
1087370 743.7
1087380 743.7
1087390 746.0
1087400 747.9
1087410 747.9
1087420 749.4
1087430 750.7
1087440 752.8
1087450 756.8
1087460 761.0
1087470 761.0
1087480 767.3
1087490 774.7
1087500 774.7
1087510 780.8
1087520 786.8
1087530 793.7
1087540 793.7
1087550 799.9
1087560 804.5
1087570 804.5
1087580 811.6
1087590 819.1
1087600 819.1
1087610 822.9
1087620 820.9
1087630 820.9
1087640 822.3
1087650 827.8
1087660 827.8
1087670 830.6
1087680 834.9
1087690 834.9
1087700 839.6
1087710 843.9
1087720 843.9
1087730 845.7
1087740 845.5
1087750 845.5
1087760 848.2
1087770 848.1
1087780 848.1
1087790 848.3
1087800 848.4
1087810 848.4
1087820 849.6
1087830 853.3
1087840 853.3
1087850 855.5
1087860 857.7
1087870 857.7
1087880 860.2
1087890 862.0
1087900 864.5
1087910 864.5
1087920 869.4
1087930 872.9
1087940 872.9
1087950 877.4
1087960 882.6
1087970 882.6
1087980 886.9
1087990 890.8
1088000 890.8
1088010 891.0
1088020 891.8
1088030 891.8
1088040 893.6
1088050 896.0
1088060 896.0
1088070 897.9
1088080 902.4
1088090 902.4
1088100 902.4
1088110 902.4
1088120 902.4
1088130 903.6
1088140 904.6
1088150 904.6
1088160 907.6
1088170 911.4
1088180 911.4
1088190 915.1
1088200 918.1
1088210 918.1
1088220 920.8
1088230 923.9
1088240 923.9
1088250 927.4
1088260 930.6
1088270 934.0
1088280 934.0
1088290 938.3
1088300 940.9
1088310 940.9
1088320 942.9
1088330 943.7
1088340 943.7
1088350 944.8
1088360 946.1
1088370 946.1
1088380 947.5
1088390 948.4
1088400 948.4
1088410 953.4
1088420 962.1
1088430 962.1
1088440 970.5
1088450 973.9
1088460 973.9
1088470 977.9
1088480 983.5
1088490 983.5
1088500 987.9
1088510 990.1
1088520 990.1
1088530 991.1
1088540 992.0
1088550 992.0
1088560 992.9
1088570 993.6
1088580 993.6
1088590 994.4
1088600 995.1
1088610 995.1
1088620 996.1
1088630 997.1
1088640 998.2
1088650 998.2
1088660 999.2
1088670 1000.3
1088680 1000.3
1088690 1001.5
1088700 1002.5
1088710 1002.5
1088720 1003.2
1088730 1006.2
1088740 1006.2
1088750 1006.9
1088760 1007.5
1088770 1007.5
1088780 1007.9
1088790 1008.2
1088800 1008.2
1088810 1008.7
1088820 1009.3
1088830 1009.3
1088840 1009.8
1088850 1009.8
1088860 1009.8
1088870 1008.4
1088880 1006.4
1088890 1006.4
1088900 1005.7
1088910 1002.6
1088920 1002.6
1088930 1001.7
1088940 1001.9
1088950 1001.9
1088960 1002.5
1088970 1003.0
1088980 1003.0
1088990 1003.4
1089000 1003.6
1089010 1004.0
1089020 1004.0
1089030 1005.1
1089040 1006.4
1089050 1007.1
1089060 1008.3
1089070 1009.5
1089080 1009.5
1089090 1010.1
1089100 1010.2
1089110 1010.2
1089120 1010.0
1089130 1010.2
1089140 1010.2
1089150 1009.7
1089160 1009.3
1089170 1009.3
1089180 1007.8
1089190 1005.5
1089200 1005.5
1089210 1002.9
1089220 998.1
1089230 998.1
1089240 992.9
1089250 986.2
1089260 986.2
1089270 977.5
1089280 969.6
1089290 969.6
1089300 961.6
1089310 956.2
1089320 956.2
1089330 949.8
1089340 944.0
1089350 944.0
1089360 940.1
1089370 936.7
1089380 935.6
1089390 935.6
1089400 940.3
1089410 944.7
1089420 944.7
1089430 949.0
1089440 947.4
1089450 947.4
1089460 943.2
1089470 938.5
1089480 938.5
1089490 938.0
1089500 938.4
1089510 938.4
1089520 939.0
1089530 939.8
1089540 939.8
1089550 941.7
1089560 942.9
1089570 942.9
1089580 943.8
1089590 945.6
1089600 945.6
1089610 948.4
1089620 950.2
1089630 950.2
1089640 952.9
1089650 955.0
1089660 955.0
1089670 958.6
1089680 961.9
1089690 961.9
1089700 960.3
1089710 961.1
1089720 961.1
1089730 962.3
1089740 963.7
1089750 964.9
1089760 964.9
1089770 966.1
1089780 966.9
1089790 966.9
1089800 967.4
1089810 968.1
1089820 968.1
1089830 968.1
1089840 968.4
1089850 968.4
1089860 968.9
1089870 969.5
1089880 969.5
1089890 969.7
1089900 969.5
1089910 969.5
1089920 969.2
1089930 968.6
1089940 968.6
1089950 967.6
1089960 966.2
1089970 966.2
1089980 964.8
1089990 963.7
1090000 963.7
1090010 961.8
1090020 955.9
1090030 955.9
1090040 949.4
1090050 944.2
1090060 944.2
1090070 940.6
1090080 936.8
1090090 936.8
1090100 932.2
1090110 928.5
1090120 926.8
1090130 926.8
1090140 923.9
1090150 922.2
1090160 922.2
1090170 924.0
1090180 925.0
1090190 925.0
1090200 924.6
1090210 918.7
1090220 918.7
1090230 911.8
1090240 905.5
1090250 905.5
1090260 899.9
1090270 895.2
1090280 895.2
1090290 890.5
1090300 885.4
1090310 885.4
1090320 881.7
1090330 876.9
1090340 876.9
1090350 871.9
1090360 870.4
1090370 870.4
1090380 868.2
1090390 867.3
1090400 867.3
1090410 866.2
1090420 866.4
1090430 866.4
1090440 866.6
1090450 861.0
1090460 861.0
1090470 855.6
1090480 854.8
1090490 854.9
1090500 854.9
1090510 855.4
1090520 852.3
1090530 852.3
1090540 846.2
1090550 842.9
1090560 842.9
1090570 841.0
1090580 840.6
1090590 840.6
1090600 843.1
1090610 844.0
1090620 844.0
1090630 845.1
1090640 846.9
1090650 846.9
1090660 846.8
1090670 837.1
1090680 837.1
1090690 837.9
1090700 838.9
1090710 838.9
1090720 840.0
1090730 840.7
1090740 840.7
1090750 840.9
1090760 839.5
1090770 839.5
1090780 832.9
1090790 823.2
1090800 823.2
1090810 816.7
1090820 811.3
1090830 804.1
1090840 804.1
1090850 796.5
1090860 789.6
1090870 789.6
1090880 785.5
1090890 780.7
1090900 780.7
1090910 777.1
1090920 774.7
1090930 774.7
1090940 772.8
1090950 772.1
1090960 772.1
1090970 772.0
1090980 772.1
1090990 772.1
1091000 771.4
1091010 771.8
1091020 771.8
1091030 772.1
1091040 772.3
1091050 772.3
1091060 772.5
1091070 772.6
1091080 772.6
1091090 773.3
1091100 774.5
1091110 774.5
1091120 775.4
1091130 775.4
1091140 775.4
1091150 772.2
1091160 773.1
1091170 773.1
1091180 775.8
1091190 779.1
1091200 783.4
1091210 783.4
1091220 786.0
1091230 787.3
1091240 787.3
1091250 793.2
1091260 805.1
1091270 805.1
1091280 811.1
1091290 813.9
1091300 813.9
1091310 815.7
1091320 819.0
1091330 819.0
1091340 820.7
1091350 822.3
1091360 822.3
1091370 824.0
1091380 825.4
1091390 825.4
1091400 826.6
1091410 827.6
1091420 827.6
1091430 828.6
1091440 829.3
1091450 829.3
1091460 829.7
1091470 829.0
1091480 829.0
1091490 824.9
1091500 819.1
1091510 819.1
1091520 819.6
1091530 820.4
1091540 820.4
1091550 821.7
1091560 823.3
1091570 824.7
1091580 824.7
1091590 826.0
1091600 826.8
1091610 826.8
1091620 827.1
1091630 829.7
1091640 829.7
1091650 832.8
1091660 833.9
1091670 833.9
1091680 835.0
1091690 836.8
1091700 836.8
1091710 837.7
1091720 838.3
1091730 838.3
1091740 840.7
1091750 843.1
1091760 843.1
1091770 846.5
1091780 851.9
1091790 851.9
1091800 858.0
1091810 863.8
1091820 863.8
1091830 869.6
1091840 875.1
1091850 875.1
1091860 880.5
1091870 886.4
1091880 886.4
1091890 892.6
1091900 898.9
1091910 898.9
1091920 905.2
1091930 911.8
1091940 919.2
1091950 919.2
1091960 926.5
1091970 930.4
1091980 930.4
1091990 936.9
1092000 941.5
1092010 941.5
1092020 944.4
1092030 946.5
1092040 946.5
1092050 947.8
1092060 949.0
1092070 949.0
1092080 950.2
1092090 951.3
1092100 951.3
1092110 953.0
1092120 955.5
1092130 955.5
1092140 959.4
1092150 963.4
1092160 963.4
1092170 966.8
1092180 969.5
1092190 969.5
1092200 972.4
1092210 977.9
1092220 977.9
1092230 983.9
1092240 988.8
1092250 988.8
1092260 992.8
1092270 996.4
1092280 996.4
1092290 1000.0
1092300 1000.1
1092310 999.9
1092320 999.9
1092330 999.2
1092340 998.0
1092350 998.0
1092360 996.5
1092370 994.8
1092380 994.8
1092390 992.9
1092400 991.1
1092410 991.1
1092420 989.5
1092430 987.9
1092440 987.9
1092450 986.3
1092460 984.9
1092470 984.9
1092480 983.6
1092490 982.7
1092500 982.7
1092510 980.7
1092520 976.2
1092530 976.2
1092540 972.5
1092550 970.8
1092560 970.8
1092570 970.5
1092580 969.9
1092590 969.9
1092600 968.9
1092610 967.2
1092620 967.2
1092630 960.8
1092640 956.7
1092650 956.7
1092660 951.5
1092670 948.2
1092680 944.7
1092690 944.7
1092700 940.7
1092710 937.3
1092720 937.3
1092730 935.2
1092740 933.4
1092750 933.4
1092760 930.9
1092770 929.1
1092780 929.1
1092790 927.4
1092800 926.0
1092810 926.0
1092820 924.6
1092830 922.7
1092840 922.7
1092850 920.5
1092860 919.3
1092870 919.3
1092880 918.4
1092890 916.7
1092900 916.7
1092910 914.9
1092920 913.3
1092930 913.3
1092940 911.5
1092950 907.9
1092960 907.9
1092970 907.1
1092980 906.0
1092990 906.0
1093000 903.4
1093010 901.3
1093020 901.3
1093030 902.6
1093040 904.1
1093050 906.0
1093060 906.0
1093070 906.9
1093080 906.2
1093090 906.2
1093100 903.3
1093110 900.3
1093120 900.3
1093130 897.2
1093140 894.2
1093150 894.2
1093160 891.4
1093170 888.9
1093180 888.9
1093190 884.3
1093200 879.4
1093210 879.4
1093220 875.5
1093230 872.7
1093240 872.7
1093250 870.8
1093260 866.6
1093270 866.6
1093280 860.4
1093290 857.5
1093300 857.5
1093310 855.0
1093320 852.4
1093330 852.4
1093340 848.8
1093350 845.7
1093360 845.7
1093370 843.5
1093380 840.4
1093390 840.4
1093400 838.6
1093410 836.5
1093420 833.7
1093430 833.7
1093440 831.1
1093450 828.6
1093460 828.6
1093470 825.7
1093480 822.7
1093490 822.7
1093500 819.8
1093510 817.6
1093520 817.6
1093530 816.2
1093540 815.3
1093550 815.3
1093560 814.3
1093570 813.5
1093580 813.5
1093590 812.4
1093600 810.5
1093610 808.2
1093620 806.8
1093630 805.8
1093640 805.8
1093650 805.3
1093660 805.5
1093670 805.5
1093680 805.7
1093690 805.8
1093700 805.8
1093710 805.6
1093720 805.0
1093730 805.0
1093740 804.9
1093750 806.0
1093760 806.0
1093770 807.7
1093780 809.4
1093790 811.1
1093800 811.1
1093810 812.5
1093820 814.2
1093830 814.2
1093840 815.6
1093850 815.4
1093860 815.4
1093870 809.2
1093880 801.3
1093890 801.3
1093900 795.0
1093910 789.1
1093920 789.1
1093930 776.4
1093940 771.0
1093950 771.0
1093960 765.1
1093970 759.6
1093980 759.6
1093990 755.4
1094000 752.4
1094010 752.4
1094020 749.8
1094030 747.3
1094040 747.3
1094050 745.0
1094060 742.1
1094070 742.1
1094080 739.6
1094090 736.8
1094100 736.8
1094110 733.9
1094120 731.9
1094130 730.6
1094140 730.6
1094150 729.3
1094160 726.6
1094170 726.6
1094180 719.7
1094190 707.7
1094200 707.7
1094210 701.2
1094220 695.7
1094230 695.7
1094240 689.6
1094250 682.4
1094260 682.4
1094270 674.9
1094280 662.6
1094290 662.6
1094300 652.3
1094310 654.1
1094320 654.1
1094330 651.0
1094340 648.0
1094350 648.0
1094360 646.6
1094370 646.5
1094380 646.5
1094390 646.6
1094400 646.0
1094410 646.0
1094420 646.7
1094430 646.9
1094440 646.9
1094450 645.6
1094460 643.7
1094470 643.7
1094480 642.5
1094490 641.7
1094500 640.8
1094510 640.8
1094520 639.6
1094530 638.7
1094540 638.7
1094550 638.2
1094560 636.9
1094570 636.9
1094580 635.7
1094590 633.8
1094600 633.8
1094610 632.8
1094620 630.6
1094630 630.6
1094640 629.9
1094650 629.5
1094660 629.5
1094670 629.1
1094680 628.4
1094690 628.4
1094700 627.3
1094710 625.9
1094720 625.9
1094730 624.6
1094740 623.5
1094750 623.5
1094760 622.7
1094770 621.2
1094780 621.2
1094790 620.8
1094800 619.8
1094810 619.8
1094820 618.7
1094830 617.5
1094840 617.5
1094850 616.7
1094860 616.5
1094870 615.3
1094880 615.3
1094890 614.6
1094900 613.7
1094910 613.7
1094920 611.9
1094930 610.7
1094940 610.7
1094950 609.6
1094960 608.7
1094970 608.7
1094980 607.7
1094990 606.9
1095000 606.9
1095010 605.1
1095020 604.1
1095030 604.1
1095040 603.4
1095050 603.1
1095060 603.1
1095070 603.0
1095080 602.6
1095090 602.6
1095100 601.9
1095110 601.1
1095120 601.1
1095130 600.6
1095140 600.2
1095150 600.2
1095160 600.0
1095170 600.1
1095180 600.1
1095190 599.8
1095200 599.4
1095210 599.4
1095220 599.1
1095230 598.8
1095240 598.6
1095250 598.6
1095260 598.0
1095270 597.9
1095280 597.9
1095290 597.5
1095300 596.9
1095310 596.9
1095320 596.5
1095330 596.1
1095340 596.1
1095350 595.8
1095360 595.4
1095370 595.4
1095380 595.1
1095390 594.7
1095400 594.7
1095410 594.4
1095420 594.1
1095430 594.1
1095440 593.7
1095450 593.4
1095460 593.4
1095470 593.1
1095480 592.8
1095490 592.8
1095500 592.6
1095510 592.2
1095520 592.2
1095530 592.0
1095540 591.8
1095550 591.8
1095560 591.6
1095570 591.5
1095580 591.5
1095590 591.3
1095600 590.9
1095610 590.4
1095620 590.4
1095630 590.0
1095640 589.6
1095650 589.6
1095660 589.3
1095670 588.9
1095680 588.9
1095690 588.6
1095700 588.3
1095710 588.3
1095720 588.1
1095730 587.8
1095740 587.8
1095750 587.3
1095760 586.8
1095770 586.8
1095780 586.2
1095790 585.6
1095800 585.6
1095810 584.9
1095820 583.6
1095830 583.6
1095840 582.7
1095850 581.8
1095860 581.8
1095870 580.9
1095880 579.8
1095890 579.8
1095900 578.2
1095910 577.2
1095920 577.2
1095930 576.7
1095940 575.9
1095950 575.9
1095960 575.0
1095970 574.2
1095980 573.5
1095990 573.5
1096000 572.5
1096010 571.3
1096020 571.3
1096030 569.8
1096040 569.5
1096050 569.5
1096060 570.2
1096070 570.8
1096080 570.8
1096090 571.1
1096100 571.2
1096110 571.2
1096120 571.6
1096130 572.2
1096140 572.2
1096150 572.1
1096160 572.1
1096170 572.1
1096180 571.6
1096190 571.3
1096200 571.3
1096210 571.3
1096220 571.4
1096230 571.7
1096240 571.3
1096250 571.0
1096260 571.0
1096270 570.4
1096280 570.1
1096290 570.1
1096300 569.5
1096310 568.8
1096320 568.8
1096330 568.1
1096340 567.2
1096350 566.2
1096360 566.2
1096370 565.7
1096380 565.3
1096390 565.3
1096400 565.0
1096410 564.8
1096420 564.8
1096430 564.3
1096440 563.6
1096450 563.6
1096460 562.9
1096470 562.0
1096480 562.0
1096490 561.9
1096500 561.5
1096510 561.5
1096520 560.9
1096530 560.5
1096540 560.5
1096550 560.0
1096560 560.2
1096570 560.2
1096580 559.8
1096590 559.2
1096600 559.2
1096610 558.4
1096620 557.5
1096630 557.5
1096640 556.8
1096650 556.1
1096660 556.1
1096670 555.7
1096680 556.0
1096690 556.0
1096700 556.1
1096710 556.0
1096720 555.9
1096730 555.9
1096740 555.5
1096750 555.1
1096760 555.1
1096770 554.6
1096780 554.6
1096790 554.6
1096800 554.7
1096810 554.8
1096820 554.8
1096830 554.8
1096840 555.0
1096850 555.0
1096860 555.2
1096870 555.3
1096880 555.3
1096890 556.2
1096900 555.9
1096910 555.9
1096920 555.8
1096930 555.9
1096940 555.9
1096950 555.7
1096960 555.0
1096970 555.0
1096980 554.6
1096990 554.1
1097000 554.1
1097010 553.5
1097020 553.6
1097030 553.6
1097040 553.7
1097050 552.8
1097060 552.8
1097070 552.0
1097080 551.3
1097090 551.2
1097100 551.2
1097110 551.2
1097120 552.0
1097130 552.0
1097140 552.5
1097150 552.7
1097160 552.7
1097170 552.9
1097180 553.0
1097190 553.0
1097200 553.2
1097210 553.7
1097220 553.4
1097230 553.9
1097240 554.3
1097250 554.3
1097260 554.4
1097270 554.6
1097280 554.6
1097290 554.9
1097300 555.7
1097310 555.7
1097320 556.0
1097330 556.2
1097340 556.2
1097350 556.3
1097360 556.1
1097370 556.1
1097380 556.3
1097390 556.4
1097400 556.4
1097410 556.4
1097420 556.4
1097430 556.1
1097440 556.1
1097450 556.0
1097460 556.1
1097470 556.1
1097480 555.8
1097490 555.4
1097500 555.4
1097510 554.9
1097520 554.5
1097530 554.5
1097540 554.7
1097550 555.0
1097560 555.0
1097570 555.0
1097580 556.2
1097590 556.2
1097600 556.3
1097610 554.4
1097620 554.4
1097630 553.4
1097640 553.2
1097650 553.2
1097660 552.8
1097670 552.1
1097680 552.1
1097690 551.4
1097700 551.0
1097710 551.0
1097720 550.4
1097730 549.9
1097740 549.9
1097750 550.3
1097760 550.3
1097770 550.3
1097780 547.9
1097790 544.0
1097800 538.3
1097810 538.3
1097820 531.8
1097830 526.3
1097840 526.3
1097850 522.7
1097860 520.0
1097870 520.0
1097880 520.4
1097890 518.9
1097900 518.9
1097910 517.6
1097920 518.4
1097930 518.4
1097940 519.7
1097950 519.8
1097960 519.8
1097970 520.0
1097980 520.4
1097990 520.4
1098000 521.4
1098010 522.7
1098020 522.7
1098030 524.7
1098040 527.0
1098050 527.0
1098060 529.2
1098070 531.5
1098080 531.5
1098090 534.1
1098100 537.0
1098110 537.0
1098120 539.9
1098130 541.9
1098140 541.9
1098150 544.0
1098160 545.6
1098170 544.6
1098180 544.6
1098190 538.8
1098200 536.8
1098210 538.8
1098220 539.0
1098230 540.4
1098240 540.4
1098250 542.0
1098260 544.5
1098270 544.5
1098280 547.5
1098290 554.4
1098300 554.4
1098310 559.5
1098320 562.8
1098330 562.8
1098340 563.0
1098350 561.0
1098360 561.0
1098370 561.0
1098380 564.7
1098390 564.7
1098400 568.8
1098410 569.8
1098420 569.8
1098430 572.3
1098440 574.7
1098450 574.7
1098460 577.0
1098470 579.1
1098480 579.1
1098490 581.2
1098500 584.2
1098510 584.2
1098520 588.0
1098530 591.9
1098540 598.4
1098550 598.4
1098560 601.7
1098570 604.8
1098580 604.8
1098590 607.7
1098600 609.4
1098610 609.4
1098620 609.1
1098630 609.4
1098640 609.4
1098650 608.1
1098660 608.9
1098670 608.9
1098680 611.4
1098690 613.7
1098700 613.7
1098710 615.4
1098720 617.3
1098730 617.3
1098740 620.2
1098750 623.9
1098760 623.9
1098770 628.7
1098780 633.3
1098790 633.3
1098800 637.6
1098810 642.1
1098820 642.1
1098830 646.1
1098840 648.8
1098850 648.8
1098860 651.8
1098870 657.0
1098880 657.0
1098890 660.2
1098900 663.6
1098910 666.8
1098920 666.8
1098930 669.2
1098940 671.2
1098950 671.2
1098960 672.7
1098970 674.6
1098980 674.6
1098990 676.4
1099000 677.7
1099010 677.7
1099020 680.0
1099030 682.0
1099040 682.0
1099050 685.3
1099060 690.5
1099070 690.5
1099080 695.4
1099090 698.7
1099100 698.7
1099110 698.8
1099120 699.2
1099130 699.2
1099140 699.9
1099150 700.0
1099160 700.0
1099170 698.8
1099180 699.8
1099190 699.8
1099200 701.7
1099210 697.6
1099220 697.6
1099230 700.3
1099240 701.5
1099250 701.5
1099260 703.3
1099270 708.4
1099280 712.1
1099290 712.1
1099300 715.6
1099310 718.9
1099320 718.9
1099330 722.7
1099340 727.1
1099350 727.1
1099360 731.2
1099370 735.2
1099380 735.2
1099390 740.3
1099400 745.1
1099410 745.1
1099420 749.6
1099430 753.9
1099440 753.9
1099450 758.1
1099460 763.7
1099470 763.7
1099480 766.9
1099490 769.4
1099500 769.4
1099510 773.3
1099520 777.9
1099530 777.9
1099540 787.2
1099550 791.8
1099560 791.8
1099570 795.9
1099580 799.2
1099590 799.2
1099600 801.8
1099610 804.3
1099620 804.3
1099630 806.7
1099640 809.2
1099650 811.4
1099660 811.4
1099670 813.7
1099680 815.8
1099690 815.8
1099700 817.9
1099710 820.1
1099720 820.1
1099730 822.3
1099740 824.3
1099750 824.3
1099760 825.9
1099770 827.3
1099780 827.3
1099790 828.1
1099800 828.7
1099810 828.7
1099820 829.5
1099830 830.4
1099840 830.4
1099850 830.9
1099860 831.2
1099870 829.4
1099880 829.5
1099890 829.4
1099900 829.4
1099910 828.8
1099920 828.4
1099930 828.4
1099940 828.4
1099950 828.7
1099960 828.7
1099970 829.5
1099980 830.6
1099990 831.6
