1080000 395.2
1080010 395.2
1080020 395.2
1080030 395.2
1080040 395.2
1080050 395.2
1080060 395.2
1080070 395.2
1080080 395.2
1080090 395.2
1080100 395.2
1080110 395.2
1080120 395.2
1080130 395.2
1080140 395.2
1080150 395.2
1080160 395.2
1080170 395.2
1080180 395.2
1080190 395.2
1080200 395.2
1080210 395.2
1080220 395.2
1080230 395.2
1080240 395.2
1080250 395.2
1080260 395.2
1080270 395.2
1080280 395.2
1080290 395.2
1080300 395.2
1080310 395.2
1080320 395.2
1080330 395.2
1080340 395.2
1080350 395.2
1080360 395.2
1080370 395.2
1080380 395.2
1080390 395.2
1080400 395.2
1080410 395.2
1080420 395.2
1080430 395.2
1080440 395.2
1080450 395.2
1080460 395.2
1080470 395.2
1080480 395.2
1080490 395.2
1080500 395.2
1080510 395.2
1080520 395.2
1080530 395.2
1080540 395.2
1080550 395.2
1080560 395.2
1080570 395.2
1080580 395.2
1080590 395.2
1080600 395.2
1080610 395.2
1080620 395.2
1080630 395.2
1080640 395.2
1080650 395.2
1080660 395.2
1080670 395.2
1080680 395.2
1080690 395.2
1080700 395.2
1080710 395.2
1080720 395.2
1080730 395.2
1080740 395.2
1080750 395.2
1080760 395.2
1080770 395.2
1080780 395.2
1080790 395.2
1080800 395.2
1080810 395.2
1080820 395.2
1080830 395.2
1080840 395.2
1080850 395.2
1080860 395.2
1080870 395.2
1080880 395.2
1080890 395.2
1080900 395.2
1080910 395.2
1080920 395.2
1080930 395.2
1080940 395.2
1080950 395.2
1080960 395.2
1080970 395.2
1080980 395.2
1080990 395.2
1081000 395.2
1081010 395.2
1081020 395.2
1081030 395.2
1081040 395.2
1081050 395.2
1081060 395.2
1081070 395.2
1081080 395.2
1081090 395.2
1081100 395.2
1081110 395.2
1081120 395.2
1081130 395.2
1081140 395.2
1081150 395.2
1081160 395.2
1081170 395.2
1081180 395.2
1081190 395.2
1081200 395.2
1081210 395.2
1081220 395.2
1081230 395.2
1081240 395.2
1081250 395.2
1081260 395.2
1081270 395.2
1081280 395.2
1081290 395.2
1081300 395.2
1081310 395.2
1081320 395.2
1081330 395.2
1081340 395.2
1081350 395.2
1081360 395.2
1081370 395.2
1081380 395.2
1081390 395.2
1081400 395.2
1081410 395.2
1081420 395.2
1081430 395.2
1081440 395.2
1081450 395.2
1081460 395.2
1081470 395.2
1081480 395.2
1081490 395.2
1081500 395.2
1081510 395.2
1081520 395.2
1081530 395.2
1081540 395.2
1081550 395.2
1081560 395.2
1081570 395.2
1081580 395.2
1081590 395.2
1081600 395.2
1081610 395.2
1081620 395.2
1081630 395.2
1081640 395.2
1081650 395.2
1081660 395.2
1081670 395.2
1081680 395.2
1081690 395.2
1081700 395.2
1081710 395.2
1081720 395.2
1081730 395.2
1081740 395.2
1081750 395.2
1081760 395.2
1081770 395.2
1081780 395.2
1081790 395.2
1081800 395.2
1081810 395.2
1081820 395.2
1081830 395.2
1081840 395.2
1081850 395.2
1081860 395.2
1081870 395.2
1081880 395.2
1081890 395.2
1081900 395.2
1081910 395.2
1081920 395.2
1081930 395.2
1081940 395.2
1081950 395.2
1081960 395.2
1081970 395.2
1081980 395.2
1081990 395.2
1082000 395.2
1082010 395.2
1082020 395.2
1082030 395.2
1082040 395.2
1082050 395.2
1082060 395.2
1082070 395.2
1082080 395.2
1082090 395.2
1082100 395.2
1082110 395.2
1082120 395.2
1082130 395.2
1082140 395.2
1082150 395.2
1082160 395.2
1082170 395.2
1082180 395.2
1082190 395.2
1082200 395.2
1082210 395.2
1082220 395.2
1082230 395.2
1082240 395.2
1082250 395.2
1082260 395.2
1082270 395.2
1082280 395.2
1082290 395.2
1082300 395.2
1082310 395.2
1082320 395.2
1082330 395.2
1082340 395.2
1082350 395.2
1082360 395.2
1082370 395.2
1082380 395.2
1082390 395.2
1082400 395.2
1082410 395.2
1082420 395.2
1082430 395.2
1082440 395.2
1082450 395.2
1082460 395.2
1082470 395.2
1082480 395.2
1082490 395.2
1082500 395.2
1082510 395.2
1082520 395.2
1082530 395.2
1082540 395.2
1082550 395.2
1082560 395.2
1082570 395.2
1082580 395.2
1082590 395.2
1082600 395.2
1082610 395.2
1082620 395.2
1082630 395.2
1082640 395.2
1082650 395.2
1082660 395.2
1082670 395.2
1082680 395.2
1082690 395.2
1082700 395.2
1082710 395.2
1082720 395.2
1082730 395.2
1082740 395.2
1082750 395.2
1082760 395.2
1082770 395.2
1082780 395.2
1082790 395.2
1082800 395.2
1082810 395.2
1082820 395.2
1082830 395.2
1082840 395.2
1082850 395.2
1082860 395.2
1082870 395.2
1082880 395.2
1082890 395.2
1082900 395.2
1082910 395.2
1082920 395.2
1082930 395.2
1082940 395.2
1082950 395.2
1082960 395.2
1082970 395.2
1082980 395.2
1082990 395.2
1083000 395.2
1083010 395.2
1083020 395.2
1083030 395.2
1083040 395.2
1083050 395.2
1083060 395.2
1083070 395.2
1083080 395.2
1083090 395.2
1083100 395.2
1083110 395.2
1083120 395.2
1083130 395.2
1083140 395.2
1083150 395.2
1083160 395.2
1083170 395.2
1083180 395.2
1083190 395.2
1083200 395.2
1083210 395.2
1083220 395.2
1083230 395.2
1083240 395.2
1083250 395.2
1083260 395.2
1083270 395.2
1083280 395.2
1083290 395.2
1083300 395.2
1083310 395.2
1083320 395.2
1083330 395.2
1083340 395.2
1083350 395.2
1083360 395.2
1083370 395.2
1083380 395.2
1083390 395.2
1083400 395.2
1083410 395.2
1083420 395.2
1083430 395.2
1083440 395.2
1083450 395.2
1083460 395.2
1083470 395.2
1083480 395.2
1083490 395.2
1083500 395.2
1083510 395.2
1083520 395.2
1083530 395.2
1083540 395.2
1083550 395.2
1083560 395.2
1083570 395.2
1083580 395.2
1083590 395.2
1083600 395.2
1083610 395.2
1083620 395.2
1083630 395.2
1083640 395.2
1083650 395.2
1083660 395.2
1083670 395.2
1083680 395.2
1083690 395.2
1083700 395.2
1083710 395.2
1083720 395.2
1083730 395.2
1083740 395.2
1083750 395.2
1083760 395.2
1083770 395.2
1083780 395.2
1083790 395.2
1083800 395.2
1083810 395.2
1083820 395.2
1083830 395.2
1083840 395.2
1083850 395.2
1083860 395.2
1083870 395.2
1083880 395.2
1083890 395.2
1083900 395.2
1083910 395.2
1083920 395.2
1083930 395.2
1083940 395.2
1083950 395.2
1083960 395.2
1083970 395.2
1083980 395.2
1083990 395.2
1084000 395.2
1084010 395.2
1084020 395.2
1084030 395.2
1084040 395.2
1084050 395.2
1084060 395.2
1084070 395.2
1084080 395.2
1084090 395.2
1084100 395.2
1084110 395.2
1084120 395.2
1084130 395.2
1084140 395.2
1084150 395.2
1084160 395.2
1084170 395.2
1084180 395.2
1084190 395.2
1084200 395.2
1084210 395.2
1084220 395.2
1084230 395.2
1084240 395.2
1084250 395.2
1084260 395.2
1084270 395.2
1084280 395.2
1084290 395.2
1084300 395.2
1084310 395.2
1084320 395.2
1084330 395.2
1084340 395.2
1084350 395.2
1084360 395.2
1084370 395.2
1084380 395.2
1084390 395.2
1084400 395.2
1084410 395.2
1084420 395.2
1084430 395.2
1084440 395.2
1084450 395.2
1084460 395.2
1084470 395.2
1084480 395.2
1084490 395.2
1084500 395.2
1084510 395.2
1084520 395.2
1084530 395.2
1084540 395.2
1084550 395.2
1084560 395.2
1084570 395.2
1084580 395.2
1084590 395.2
1084600 395.2
1084610 395.2
1084620 395.2
1084630 395.2
1084640 395.2
1084650 395.2
1084660 395.2
1084670 395.2
1084680 395.2
1084690 395.2
1084700 395.2
1084710 395.2
1084720 395.2
1084730 395.2
1084740 395.2
1084750 395.2
1084760 395.2
1084770 395.2
1084780 395.2
1084790 395.2
1084800 395.2
1084810 395.2
1084820 395.2
1084830 395.2
1084840 395.2
1084850 395.2
1084860 395.2
1084870 395.2
1084880 395.2
1084890 395.2
1084900 395.2
1084910 395.2
1084920 395.2
1084930 395.2
1084940 395.2
1084950 395.2
1084960 395.2
1084970 395.2
1084980 395.2
1084990 395.2
1085000 395.2
1085010 395.2
1085020 395.2
1085030 395.2
1085040 395.2
1085050 395.2
1085060 395.2
1085070 395.2
1085080 395.2
1085090 395.2
1085100 395.2
1085110 395.2
1085120 395.2
1085130 395.2
1085140 395.2
1085150 395.2
1085160 395.2
1085170 395.2
1085180 395.2
1085190 395.2
1085200 395.2
1085210 395.2
1085220 395.2
1085230 395.2
1085240 395.2
1085250 395.2
1085260 395.2
1085270 395.2
1085280 395.2
1085290 395.2
1085300 395.2
1085310 395.2
1085320 395.2
1085330 395.2
1085340 395.2
1085350 395.2
1085360 395.2
1085370 395.2
1085380 395.2
1085390 395.2
1085400 395.2
1085410 395.2
1085420 395.2
1085430 395.2
1085440 395.0
1085450 395.0
1085460 395.0
1085470 395.0
1085480 395.0
1085490 395.0
1085500 395.0
1085510 395.0
1085520 395.0
1085530 395.0
1085540 395.0
1085550 395.0
1085560 395.0
1085570 395.0
1085580 395.0
1085590 395.0
1085600 395.0
1085610 395.0
1085620 395.0
1085630 395.0
1085640 395.0
1085650 394.9
1085660 394.9
1085670 394.8
1085680 394.8
1085690 394.8
1085700 394.8
1085710 394.8
1085720 394.8
1085730 394.8
1085740 395.8
1085750 395.8
1085760 398.0
1085770 398.8
1085780 398.8
1085790 400.4
1085800 406.7
1085810 412.3
1085820 412.3
1085830 416.4
1085840 419.8
1085850 419.3
1085860 423.4
1085870 427.5
1085880 427.5
1085890 432.0
1085900 435.9
1085910 435.9
1085920 440.0
1085930 442.9
1085940 442.9
1085950 441.6
1085960 441.7
1085970 441.7
1085980 443.4
1085990 446.6
1086000 446.6
1086010 452.4
1086020 457.8
1086030 457.8
1086040 463.1
1086050 469.4
1086060 469.4
1086070 476.3
1086080 484.6
1086090 484.6
1086100 490.0
1086110 494.8
1086120 494.8
1086130 501.4
1086140 507.7
1086150 507.7
1086160 514.8
1086170 520.3
1086180 528.5
1086190 528.5
1086200 543.2
1086210 558.0
1086220 558.0
1086230 571.3
1086240 587.5
1086250 587.5
1086260 593.5
1086270 594.6
1086280 594.6
1086290 595.2
1086300 595.7
1086310 595.7
1086320 596.2
1086330 596.7
1086340 596.7
1086350 597.1
1086360 597.5
1086370 597.5
1086380 598.0
1086390 598.9
1086400 598.9
1086410 600.3
1086420 601.6
1086430 601.6
1086440 602.5
1086450 603.0
1086460 603.0
1086470 603.7
1086480 605.5
1086490 606.4
1086500 608.5
1086510 610.7
1086520 610.7
1086530 615.7
1086540 621.9
1086550 627.4
1086560 627.4
1086570 632.1
1086580 637.3
1086590 637.3
1086600 640.8
1086610 645.7
1086620 645.7
1086630 651.9
1086640 657.9
1086650 657.9
1086660 660.0
1086670 661.7
1086680 661.7
1086690 663.2
1086700 664.7
1086710 664.7
1086720 667.1
1086730 670.5
1086740 670.5
1086750 674.2
1086760 677.7
1086770 677.7
1086780 679.8
1086790 680.9
1086800 680.9
1086810 683.0
1086820 683.9
1086830 683.9
1086840 685.0
1086850 686.2
1086860 686.2
1086870 687.2
1086880 688.0
1086890 688.0
1086900 688.4
1086910 688.9
1086920 689.1
1086930 689.1
1086940 689.7
1086950 691.8
1086960 691.8
1086970 692.8
1086980 693.4
1086990 693.4
1087000 694.3
1087010 694.5
1087020 694.5
1087030 694.5
1087040 696.4
1087050 696.4
1087060 699.3
1087070 702.8
1087080 702.8
1087090 706.5
1087100 709.9
1087110 709.9
1087120 713.2
1087130 717.1
1087140 714.8
1087150 718.8
1087160 724.1
1087170 724.1
1087180 726.0
1087190 727.5
1087200 727.5
1087210 731.2
1087220 736.6
1087230 736.6
1087240 742.4
1087250 747.8
1087260 747.8
1087270 751.4
1087280 755.4
1087290 760.7
1087300 760.7
1087310 764.9
1087320 768.0
1087330 768.0
1087340 770.2
1087350 773.2
1087360 773.2
1087370 774.8
1087380 773.4
1087390 773.4
1087400 771.0
1087410 771.2
1087420 771.2
1087430 771.8
1087440 774.4
1087450 774.4
1087460 778.0
1087470 780.5
1087480 780.5
1087490 781.7
1087500 782.8
1087510 782.8
1087520 783.5
1087530 784.2
1087540 784.2
1087550 784.8
1087560 785.3
1087570 785.3
1087580 786.0
1087590 786.6
1087600 786.6
1087610 787.3
1087620 787.9
1087630 787.9
1087640 788.4
1087650 789.0
1087660 789.5
1087670 789.5
1087680 790.2
1087690 791.1
1087700 791.1
1087710 791.8
1087720 792.5
1087730 792.5
1087740 793.5
1087750 795.1
1087760 795.1
1087770 796.8
1087780 802.7
1087790 802.7
1087800 805.2
1087810 811.9
1087820 811.9
1087830 823.5
1087840 834.6
1087850 834.6
1087860 836.1
1087870 836.5
1087880 836.5
1087890 837.2
1087900 838.0
1087910 838.0
1087920 838.8
1087930 839.4
1087940 839.4
1087950 840.0
1087960 840.9
1087970 840.9
1087980 842.2
1087990 843.5
1088000 843.5
1088010 844.9
1088020 846.1
1088030 846.9
1088040 846.9
1088050 848.5
1088060 850.4
1088070 850.4
1088080 851.7
1088090 852.6
1088100 847.5
1088110 849.1
1088120 850.9
1088130 850.9
1088140 853.0
1088150 855.4
1088160 855.4
1088170 857.4
1088180 856.3
1088190 856.3
1088200 850.6
1088210 848.4
1088220 848.4
1088230 850.3
1088240 853.3
1088250 853.3
1088260 859.7
1088270 865.6
1088280 865.6
1088290 869.3
1088300 874.0
1088310 874.0
1088320 877.7
1088330 879.5
1088340 879.5
1088350 882.9
1088360 885.2
1088370 885.2
1088380 886.1
1088390 886.6
1088400 885.9
1088410 885.9
1088420 885.8
1088430 889.2
1088440 889.2
1088450 891.2
1088460 894.0
1088470 894.0
1088480 895.1
1088490 896.3
1088500 896.3
1088510 896.8
1088520 899.3
1088530 899.3
1088540 903.8
1088550 909.7
1088560 909.7
1088570 916.9
1088580 925.0
1088590 925.0
1088600 935.2
1088610 944.7
1088620 944.7
1088630 954.4
1088640 960.4
1088650 960.4
1088660 964.0
1088670 967.0
1088680 967.0
1088690 969.7
1088700 972.6
1088710 972.6
1088720 975.0
1088730 977.2
1088740 977.2
1088750 976.2
1088760 978.1
1088770 982.1
1088780 982.1
1088790 985.7
1088800 988.2
1088810 988.2
1088820 990.9
1088830 993.5
1088840 993.5
1088850 996.2
1088860 998.8
1088870 998.8
1088880 1001.7
1088890 1004.5
1088900 1004.5
1088910 1007.0
1088920 1009.3
1088930 1009.3
1088940 1011.5
1088950 1013.5
1088960 1013.5
1088970 1016.5
1088980 1020.4
1088990 1020.4
1089000 1023.2
1089010 1024.6
1089020 1024.6
1089030 1025.8
1089040 1027.0
1089050 1027.0
1089060 1028.2
1089070 1031.6
1089080 1031.6
1089090 1032.7
1089100 1033.6
1089110 1033.6
1089120 1034.3
1089130 1034.5
1089140 1034.5
1089150 1034.5
1089160 1034.4
1089170 1034.7
1089180 1034.7
1089190 1035.5
1089200 1035.6
1089210 1035.6
1089220 1035.2
1089230 1034.6
1089240 1034.6
1089250 1033.7
1089260 1032.2
1089270 1032.2
1089280 1030.1
1089290 1028.0
1089300 1028.0
1089310 1026.0
1089320 1024.5
1089330 1024.5
1089340 1023.0
1089350 1021.4
1089360 1021.4
1089370 1019.9
1089380 1018.6
1089390 1017.8
1089400 1016.5
1089410 1015.1
1089420 1015.1
1089430 1013.7
1089440 1012.2
1089450 1012.2
1089460 1010.7
1089470 1009.1
1089480 1009.1
1089490 1007.8
1089500 1005.9
1089510 1003.4
1089520 1003.4
1089530 1000.8
1089540 998.6
1089550 998.6
1089560 996.4
1089570 993.8
1089580 993.8
1089590 990.8
1089600 988.1
1089610 988.1
1089620 985.6
1089630 982.9
1089640 982.9
1089650 980.6
1089660 978.6
1089670 978.6
1089680 976.5
1089690 974.1
1089700 974.1
1089710 972.3
1089720 970.0
1089730 970.0
1089740 968.2
1089750 966.4
1089760 966.4
1089770 965.3
1089780 964.6
1089790 964.6
1089800 963.8
1089810 963.1
1089820 963.1
1089830 962.4
1089840 961.1
1089850 961.1
1089860 958.9
1089870 955.9
1089880 952.6
1089890 952.6
1089900 948.7
1089910 945.3
1089920 945.3
1089930 942.9
1089940 941.0
1089950 941.0
1089960 938.0
1089970 932.8
1089980 932.8
1089990 925.4
1090000 925.7
1090010 925.7
1090020 933.5
1090030 937.0
1090040 930.5
1090050 934.5
1090060 938.2
1090070 938.2
1090080 938.4
1090090 938.2
1090100 938.2
1090110 935.9
1090120 932.9
1090130 932.9
1090140 929.8
1090150 926.4
1090160 926.4
1090170 924.2
1090180 923.2
1090190 923.2
1090200 922.6
1090210 921.7
1090220 921.7
1090230 919.8
1090240 917.7
1090250 916.2
1090260 916.2
1090270 915.1
1090280 914.3
1090290 914.3
1090300 913.8
1090310 913.8
1090320 913.8
1090330 914.0
1090340 914.1
1090350 914.1
1090360 913.9
1090370 912.4
1090380 912.4
1090390 910.7
1090400 908.1
1090410 908.1
1090420 906.2
1090430 905.1
1090440 905.1
1090450 904.1
1090460 903.3
1090470 903.3
1090480 902.4
1090490 900.9
1090500 900.9
1090510 899.2
1090520 896.9
1090530 896.9
1090540 894.6
1090550 892.7
1090560 892.7
1090570 890.4
1090580 887.8
1090590 887.8
1090600 885.8
1090610 884.7
1090620 883.9
1090630 883.9
1090640 883.0
1090650 881.7
1090660 881.7
1090670 879.8
1090680 878.1
1090690 876.7
1090700 871.7
1090710 867.3
1090720 867.3
1090730 864.9
1090740 863.8
1090750 863.8
1090760 862.7
1090770 860.5
1090780 860.5
1090790 857.5
1090800 854.6
1090810 854.6
1090820 852.8
1090830 850.9
1090840 850.9
1090850 847.3
1090860 846.9
1090870 846.9
1090880 848.2
1090890 849.0
1090900 849.0
1090910 849.0
1090920 846.8
1090930 846.8
1090940 844.2
1090950 844.1
1090960 844.1
1090970 844.4
1090980 844.1
1090990 844.2
1091000 844.2
1091010 845.2
1091020 841.7
1091030 841.7
1091040 842.4
1091050 844.9
1091060 844.9
1091070 845.4
1091080 842.1
1091090 842.1
1091100 840.0
1091110 838.4
1091120 838.4
1091130 837.2
1091140 837.7
1091150 837.7
1091160 838.0
1091170 838.2
1091180 838.2
1091190 838.1
1091200 837.4
1091210 837.4
1091220 835.5
1091230 834.7
1091240 834.7
1091250 834.3
1091260 834.3
1091270 834.3
1091280 834.1
1091290 834.2
1091300 834.2
1091310 832.0
1091320 827.6
1091330 827.6
1091340 824.6
1091350 825.1
1091360 824.8
1091370 824.8
1091380 824.9
1091390 824.7
1091400 824.7
1091410 823.7
1091420 822.1
1091430 822.1
1091440 825.1
1091450 832.4
1091460 832.4
1091470 836.2
1091480 837.7
1091490 837.7
1091500 839.4
1091510 840.5
1091520 840.5
1091530 841.4
1091540 842.8
1091550 842.8
1091560 845.1
1091570 846.4
1091580 846.4
1091590 846.5
1091600 846.3
1091610 846.3
1091620 845.8
1091630 844.3
1091640 844.3
1091650 842.8
1091660 841.8
1091670 835.6
1091680 834.6
1091690 834.9
1091700 834.9
1091710 836.8
1091720 836.8
1091730 834.2
1091740 834.2
1091750 832.2
1091760 831.8
1091770 831.8
1091780 831.4
1091790 832.1
1091800 832.1
1091810 833.3
1091820 835.8
1091830 835.8
1091840 840.7
1091850 844.1
1091860 844.1
1091870 846.6
1091880 844.3
1091890 844.3
1091900 839.5
1091910 842.7
1091920 842.7
1091930 848.8
1091940 850.7
1091950 850.7
1091960 851.3
1091970 853.0
1091980 853.0
1091990 855.5
1092000 856.5
1092010 856.5
1092020 857.1
1092030 857.4
1092040 857.4
1092050 858.0
1092060 859.1
1092070 859.1
1092080 860.0
1092090 861.4
1092100 862.5
1092110 862.5
1092120 863.4
1092130 864.5
1092140 864.5
1092150 865.8
1092160 867.1
1092170 867.1
1092180 868.1
1092190 868.5
1092200 868.5
1092210 868.8
1092220 868.5
1092230 868.5
1092240 867.8
1092250 868.4
1092260 868.4
1092270 869.8
1092280 870.7
1092290 870.7
1092300 872.6
1092310 874.2
1092320 876.5
1092330 876.0
1092340 874.3
1092350 874.3
1092360 871.7
1092370 870.3
1092380 870.3
1092390 869.6
1092400 871.8
1092410 871.8
1092420 877.9
1092430 883.5
1092440 883.5
1092450 887.8
1092460 891.3
1092470 894.6
1092480 894.6
1092490 899.0
1092500 905.5
1092510 905.5
1092520 907.8
1092530 908.3
1092540 908.3
1092550 910.2
1092560 907.9
1092570 907.9
1092580 904.6
1092590 902.8
1092600 902.8
1092610 899.0
1092620 895.0
1092630 895.0
1092640 887.4
1092650 890.9
1092660 890.9
1092670 896.2
1092680 902.3
1092690 902.3
1092700 907.9
1092710 910.8
1092720 910.8
1092730 913.1
1092740 917.0
1092750 917.0
1092760 919.5
1092770 921.9
1092780 921.9
1092790 926.4
1092800 932.0
1092810 932.0
1092820 934.3
1092830 935.5
1092840 936.3
1092850 936.3
1092860 937.2
1092870 938.4
1092880 938.4
1092890 939.5
1092900 940.7
1092910 940.7
1092920 941.8
1092930 943.7
1092940 943.7
1092950 945.9
1092960 948.2
1092970 947.4
1092980 950.1
1092990 952.9
1093000 952.9
1093010 955.1
1093020 957.2
1093030 957.2
1093040 959.1
1093050 960.9
1093060 960.9
1093070 962.6
1093080 964.4
1093090 964.4
1093100 966.3
1093110 968.1
1093120 968.1
1093130 969.9
1093140 971.8
1093150 971.8
1093160 973.8
1093170 976.2
1093180 976.2
1093190 978.9
1093200 981.8
1093210 984.2
1093220 984.2
1093230 985.4
1093240 985.4
1093250 985.4
1093260 984.8
1093270 983.5
1093280 983.5
1093290 981.9
1093300 979.0
1093310 979.0
1093320 977.3
1093330 976.0
1093340 976.0
1093350 974.0
1093360 971.2
1093370 971.2
1093380 968.2
1093390 965.8
1093400 965.8
1093410 963.4
1093420 961.5
1093430 961.5
1093440 960.1
1093450 959.3
1093460 959.3
1093470 959.5
1093480 958.3
1093490 958.3
1093500 956.7
1093510 954.9
1093520 954.9
1093530 953.7
1093540 953.5
1093550 953.5
1093560 953.4
1093570 949.8
1093580 939.2
1093590 939.2
1093600 929.9
1093610 924.3
1093620 924.3
1093630 917.0
1093640 913.5
1093650 913.5
1093660 906.4
1093670 899.8
1093680 899.8
1093690 896.0
1093700 891.0
1093710 891.0
1093720 886.0
1093730 881.2
1093740 881.2
1093750 877.4
1093760 874.4
1093770 874.4
1093780 871.6
1093790 869.6
1093800 869.6
1093810 867.6
1093820 865.1
1093830 865.1
1093840 863.3
1093850 861.2
1093860 861.2
1093870 860.5
1093880 859.6
1093890 859.6
1093900 855.5
1093910 850.5
1093920 850.5
1093930 845.7
1093940 842.6
1093950 838.3
1093960 838.3
1093970 836.9
1093980 836.8
1093990 836.8
1094000 838.1
1094010 840.3
1094020 840.3
1094030 841.8
1094040 843.5
1094050 843.5
1094060 844.7
1094070 844.8
1094080 844.8
1094090 843.4
1094100 842.2
1094110 842.2
1094120 843.7
1094130 845.0
1094140 845.0
1094150 846.4
1094160 847.1
1094170 847.1
1094180 847.8
1094190 849.1
1094200 849.1
1094210 850.7
1094220 852.5
1094230 852.5
1094240 854.2
1094250 854.7
1094260 854.7
1094270 852.8
1094280 851.2
1094290 851.2
1094300 849.2
1094310 849.0
1094320 849.9
1094330 849.9
1094340 851.2
1094350 852.7
1094360 852.7
1094370 854.5
1094380 856.0
1094390 856.0
1094400 857.4
1094410 858.9
1094420 858.9
1094430 860.0
1094440 861.2
1094450 861.2
1094460 861.6
1094470 861.6
1094480 861.6
1094490 861.4
1094500 860.0
1094510 860.0
1094520 858.3
1094530 856.7
1094540 856.7
1094550 855.0
1094560 852.9
1094570 852.9
1094580 850.5
1094590 848.3
1094600 848.3
1094610 845.2
1094620 841.5
1094630 841.5
1094640 839.4
1094650 839.3
1094660 839.3
1094670 835.1
1094680 831.4
1094690 833.6
1094700 833.6
1094710 836.2
1094720 835.7
1094730 835.7
1094740 832.9
1094750 829.7
1094760 829.7
1094770 825.7
1094780 825.5
1094790 825.5
1094800 824.5
1094810 817.7
1094820 817.7
1094830 810.1
1094840 805.4
1094850 805.4
1094860 801.6
1094870 798.6
1094880 798.6
1094890 796.4
1094900 795.0
1094910 795.0
1094920 792.6
1094930 790.3
1094940 790.0
1094950 787.0
1094960 784.1
1094970 784.1
1094980 780.5
1094990 779.2
1095000 779.2
1095010 781.0
1095020 783.2
1095030 783.2
1095040 785.4
1095050 787.5
1095060 788.7
1095070 788.7
1095080 788.1
1095090 782.0
1095100 782.0
1095110 773.6
1095120 763.9
1095130 763.9
1095140 755.6
1095150 748.7
1095160 748.7
1095170 743.3
1095180 740.6
1095190 740.6
1095200 739.4
1095210 736.5
1095220 736.5
1095230 730.4
1095240 723.9
1095250 723.9
1095260 712.9
1095270 704.1
1095280 704.1
1095290 692.4
1095300 681.6
1095310 681.6
1095320 675.6
1095330 669.7
1095340 669.7
1095350 671.5
1095360 669.9
1095370 669.9
1095380 665.3
1095390 660.6
1095400 660.6
1095410 656.0
1095420 651.9
1095430 647.2
1095440 647.2
1095450 643.7
1095460 642.2
1095470 642.2
1095480 640.9
1095490 639.3
1095500 639.3
1095510 637.4
1095520 636.1
1095530 636.1
1095540 634.3
1095550 633.8
1095560 633.8
1095570 632.7
1095580 630.7
1095590 629.8
1095600 629.1
1095610 627.6
1095620 627.6
1095630 625.6
1095640 624.4
1095650 624.4
1095660 623.6
1095670 621.1
1095680 621.1
1095690 621.1
1095700 620.1
1095710 620.1
1095720 618.7
1095730 616.6
1095740 616.6
1095750 614.4
1095760 611.5
1095770 611.5
1095780 609.3
1095790 607.9
1095800 606.6
1095810 606.6
1095820 605.6
1095830 604.2
1095840 604.2
1095850 602.6
1095860 600.9
1095870 600.9
1095880 599.6
1095890 598.7
1095900 598.7
1095910 597.9
1095920 596.2
1095930 596.2
1095940 595.5
1095950 594.7
1095960 594.7
1095970 594.2
1095980 593.9
1095990 593.9
1096000 594.1
1096010 593.9
1096020 593.9
1096030 593.6
1096040 593.3
1096050 593.3
1096060 593.0
1096070 592.3
1096080 592.3
1096090 591.6
1096100 591.3
1096110 591.3
1096120 590.8
1096130 590.3
1096140 590.3
1096150 589.7
1096160 589.1
1096170 588.7
1096180 588.7
1096190 588.3
1096200 587.7
1096210 587.7
1096220 587.1
1096230 586.5
1096240 586.5
1096250 585.8
1096260 585.3
1096270 585.3
1096280 584.7
1096290 584.2
1096300 584.2
1096310 583.7
1096320 583.3
1096330 583.3
1096340 582.9
1096350 582.7
1096360 582.7
1096370 582.4
1096380 582.1
1096390 582.1
1096400 582.0
1096410 581.9
1096420 581.9
1096430 581.8
1096440 581.7
1096450 581.7
1096460 581.6
1096470 581.5
1096480 581.5
1096490 581.3
1096500 581.2
1096510 581.2
1096520 581.2
1096530 581.7
1096540 581.8
1096550 581.8
1096560 580.6
1096570 580.4
1096580 580.8
1096590 581.0
1096600 581.1
1096610 581.1
1096620 580.1
1096630 574.9
1096640 574.9
1096650 569.4
1096660 566.4
1096670 566.4
1096680 565.4
1096690 564.8
1096700 564.8
1096710 564.8
1096720 565.2
1096730 565.2
1096740 566.2
1096750 568.5
1096760 568.5
1096770 572.0
1096780 574.3
1096790 574.3
1096800 574.7
1096810 575.0
1096820 575.0
1096830 575.3
1096840 575.7
1096850 575.7
1096860 576.9
1096870 577.5
1096880 577.5
1096890 577.5
1096900 577.1
1096910 573.8
1096920 573.8
1096930 572.2
1096940 571.2
1096950 571.2
1096960 570.4
1096970 569.7
1096980 569.7
1096990 568.7
1097000 567.2
1097010 567.2
1097020 565.6
1097030 563.8
1097040 563.8
1097050 562.2
1097060 560.5
1097070 560.5
1097080 559.1
1097090 557.9
1097100 557.9
1097110 557.4
1097120 557.1
1097130 557.1
1097140 556.5
1097150 555.9
1097160 555.9
1097170 555.2
1097180 553.9
1097190 553.9
1097200 554.1
1097210 555.2
1097220 555.2
1097230 555.7
1097240 555.2
1097250 555.2
1097260 555.4
1097270 555.5
1097280 555.7
1097290 555.7
1097300 555.7
1097310 556.3
1097320 556.3
1097330 556.0
1097340 555.7
1097350 555.7
1097360 555.3
1097370 554.3
1097380 554.3
1097390 552.7
1097400 551.5
1097410 551.5
1097420 551.4
1097430 551.1
1097440 551.1
1097450 550.0
1097460 547.9
1097470 547.9
1097480 546.4
1097490 544.8
1097500 544.8
1097510 542.9
1097520 541.2
1097530 541.2
1097540 539.2
1097550 538.4
1097560 538.4
1097570 539.3
1097580 540.8
1097590 540.8
1097600 542.1
1097610 543.2
1097620 543.2
1097630 543.9
1097640 544.3
1097650 545.0
1097660 545.0
1097670 545.8
1097680 546.2
1097690 546.2
1097700 546.4
1097710 547.3
1097720 547.3
1097730 547.7
1097740 548.2
1097750 548.2
1097760 548.7
1097770 548.6
1097780 548.6
1097790 548.5
1097800 548.3
1097810 548.3
1097820 548.1
1097830 547.8
1097840 547.8
1097850 547.7
1097860 547.5
1097870 547.5
1097880 546.7
1097890 545.9
1097900 545.4
1097910 544.8
1097920 543.8
1097930 543.8
1097940 542.7
1097950 541.5
1097960 541.5
1097970 540.2
1097980 538.6
1097990 538.6
1098000 537.4
1098010 536.6
1098020 535.9
1098030 535.9
1098040 534.8
1098050 533.8
1098060 533.8
1098070 532.8
1098080 531.8
1098090 531.8
1098100 530.8
1098110 530.3
1098120 530.3
1098130 530.2
1098140 530.1
1098150 530.1
1098160 530.0
1098170 529.9
1098180 529.9
1098190 529.8
1098200 529.9
1098210 529.9
1098220 530.0
1098230 529.5
1098240 529.5
1098250 527.9
1098260 527.4
1098270 527.4
1098280 528.6
1098290 530.1
1098300 530.1
1098310 531.2
1098320 531.9
1098330 531.9
1098340 532.9
1098350 535.5
1098360 535.5
1098370 537.8
1098380 539.5
1098390 541.0
1098400 541.0
1098410 542.3
1098420 543.4
1098430 543.4
1098440 544.4
1098450 545.2
1098460 545.2
1098470 547.4
1098480 548.6
1098490 548.6
1098500 550.8
1098510 554.1
1098520 554.1
1098530 558.3
1098540 562.2
1098550 562.2
1098560 564.7
1098570 566.4
1098580 566.4
1098590 568.7
1098600 571.0
1098610 571.0
1098620 573.2
1098630 575.6
1098640 575.6
1098650 578.0
1098660 578.8
1098670 578.8
1098680 581.5
1098690 583.5
1098700 583.5
1098710 585.2
1098720 587.1
1098730 587.1
1098740 589.2
1098750 591.2
1098760 593.0
1098770 593.0
1098780 594.8
1098790 596.4
1098800 596.4
1098810 598.0
1098820 599.7
1098830 599.7
1098840 601.4
1098850 603.5
1098860 603.5
1098870 605.8
1098880 608.2
1098890 607.2
1098900 609.6
1098910 612.1
1098920 612.1
1098930 616.4
1098940 620.4
1098950 620.4
1098960 624.1
1098970 628.1
1098980 628.1
1098990 632.6
1099000 637.2
1099010 637.2
1099020 640.9
1099030 646.5
1099040 646.5
1099050 650.2
1099060 654.0
1099070 654.0
1099080 656.3
1099090 661.7
1099100 661.7
1099110 666.1
1099120 669.5
1099130 671.2
1099140 671.2
1099150 672.0
1099160 672.7
1099170 672.7
1099180 673.3
1099190 674.6
1099200 674.6
1099210 677.0
1099220 679.6
1099230 682.6
1099240 685.9
1099250 689.0
1099260 689.0
1099270 691.0
1099280 690.0
1099290 690.0
1099300 685.6
1099310 681.0
1099320 681.0
1099330 678.1
1099340 677.9
1099350 677.9
1099360 678.1
1099370 678.5
1099380 678.5
1099390 678.7
1099400 679.0
1099410 679.0
1099420 679.3
1099430 679.8
1099440 679.8
1099450 680.2
1099460 680.6
1099470 680.6
1099480 681.1
1099490 681.9
1099500 682.3
1099510 682.3
1099520 683.2
1099530 684.6
1099540 684.6
1099550 687.1
1099560 693.0
1099570 693.0
1099580 696.4
1099590 697.8
1099600 697.8
1099610 695.8
1099620 697.1
1099630 697.1
1099640 699.3
1099650 703.7
1099660 703.7
1099670 709.0
1099680 713.7
1099690 713.7
1099700 717.0
1099710 719.9
1099720 719.9
1099730 722.6
1099740 725.3
1099750 725.3
1099760 727.6
1099770 729.9
1099780 729.9
1099790 731.8
1099800 732.9
1099810 732.9
1099820 733.5
1099830 734.0
1099840 734.0
1099850 734.2
1099860 732.4
1099870 720.5
1099880 720.5
1099890 725.4
1099900 729.9
1099910 729.9
1099920 732.5
1099930 733.5
1099940 733.5
1099950 734.4
1099960 734.8
1099970 734.8
1099980 732.0
1099990 725.5
