1080000 395.2
1080010 395.2
1080020 395.2
1080030 395.2
1080040 395.2
1080050 395.2
1080060 395.2
1080070 395.2
1080080 395.2
1080090 395.2
1080100 395.2
1080110 395.2
1080120 395.2
1080130 395.2
1080140 395.2
1080150 395.2
1080160 395.2
1080170 395.2
1080180 395.2
1080190 395.2
1080200 395.2
1080210 395.2
1080220 395.2
1080230 395.2
1080240 395.2
1080250 395.2
1080260 395.2
1080270 395.2
1080280 395.2
1080290 395.2
1080300 395.2
1080310 395.2
1080320 395.2
1080330 395.2
1080340 395.2
1080350 395.2
1080360 395.2
1080370 395.2
1080380 395.2
1080390 395.2
1080400 395.2
1080410 395.2
1080420 395.2
1080430 395.2
1080440 395.2
1080450 395.2
1080460 395.2
1080470 395.2
1080480 395.2
1080490 395.2
1080500 395.2
1080510 395.2
1080520 395.2
1080530 395.2
1080540 395.2
1080550 395.2
1080560 395.2
1080570 395.2
1080580 395.2
1080590 395.2
1080600 395.2
1080610 395.2
1080620 395.2
1080630 395.2
1080640 395.2
1080650 395.2
1080660 395.2
1080670 395.2
1080680 395.2
1080690 395.2
1080700 395.2
1080710 395.2
1080720 395.2
1080730 395.2
1080740 395.2
1080750 395.2
1080760 395.2
1080770 395.2
1080780 395.2
1080790 395.2
1080800 395.2
1080810 395.2
1080820 395.2
1080830 395.2
1080840 395.2
1080850 395.2
1080860 395.2
1080870 395.2
1080880 395.2
1080890 395.2
1080900 395.2
1080910 395.2
1080920 395.2
1080930 395.2
1080940 395.2
1080950 395.2
1080960 395.2
1080970 395.2
1080980 395.2
1080990 395.2
1081000 395.2
1081010 395.2
1081020 395.2
1081030 395.2
1081040 395.2
1081050 395.2
1081060 395.2
1081070 395.2
1081080 395.2
1081090 395.2
1081100 395.2
1081110 395.2
1081120 395.2
1081130 395.2
1081140 395.2
1081150 395.2
1081160 395.2
1081170 395.2
1081180 395.2
1081190 395.2
1081200 395.2
1081210 395.2
1081220 395.2
1081230 395.2
1081240 395.2
1081250 395.2
1081260 395.2
1081270 395.2
1081280 395.2
1081290 395.2
1081300 395.2
1081310 395.2
1081320 395.2
1081330 395.2
1081340 395.2
1081350 395.2
1081360 395.2
1081370 395.2
1081380 395.2
1081390 395.2
1081400 395.2
1081410 395.2
1081420 395.2
1081430 395.2
1081440 395.2
1081450 395.2
1081460 395.2
1081470 395.2
1081480 395.2
1081490 395.2
1081500 395.2
1081510 395.2
1081520 395.2
1081530 395.2
1081540 395.2
1081550 395.2
1081560 395.2
1081570 395.2
1081580 395.2
1081590 395.2
1081600 395.2
1081610 395.2
1081620 395.2
1081630 395.2
1081640 395.2
1081650 395.2
1081660 395.2
1081670 395.2
1081680 395.2
1081690 395.2
1081700 395.2
1081710 395.2
1081720 395.2
1081730 395.2
1081740 395.2
1081750 395.2
1081760 395.2
1081770 395.2
1081780 395.2
1081790 395.2
1081800 395.2
1081810 395.2
1081820 395.2
1081830 395.2
1081840 395.2
1081850 395.2
1081860 395.2
1081870 395.2
1081880 395.2
1081890 395.2
1081900 395.2
1081910 395.2
1081920 395.2
1081930 395.2
1081940 395.2
1081950 395.2
1081960 395.2
1081970 395.2
1081980 395.2
1081990 395.2
1082000 395.2
1082010 395.2
1082020 395.2
1082030 395.2
1082040 395.2
1082050 395.2
1082060 395.2
1082070 395.2
1082080 395.2
1082090 395.2
1082100 395.2
1082110 395.2
1082120 395.2
1082130 395.2
1082140 395.2
1082150 395.2
1082160 395.2
1082170 395.2
1082180 395.2
1082190 395.2
1082200 395.2
1082210 395.2
1082220 395.2
1082230 395.2
1082240 395.2
1082250 395.2
1082260 395.2
1082270 395.2
1082280 395.2
1082290 395.2
1082300 395.2
1082310 395.2
1082320 395.2
1082330 395.2
1082340 395.2
1082350 395.2
1082360 395.2
1082370 395.2
1082380 395.2
1082390 395.2
1082400 395.2
1082410 395.2
1082420 395.2
1082430 395.2
1082440 395.2
1082450 395.2
1082460 395.2
1082470 395.2
1082480 395.2
1082490 395.2
1082500 395.2
1082510 395.2
1082520 395.2
1082530 395.2
1082540 395.2
1082550 395.2
1082560 395.2
1082570 395.2
1082580 395.2
1082590 395.2
1082600 395.2
1082610 395.2
1082620 395.2
1082630 395.2
1082640 395.2
1082650 395.2
1082660 395.2
1082670 395.2
1082680 395.2
1082690 395.2
1082700 395.2
1082710 395.2
1082720 395.2
1082730 395.2
1082740 395.2
1082750 395.2
1082760 395.2
1082770 395.2
1082780 395.2
1082790 395.2
1082800 395.2
1082810 395.2
1082820 395.2
1082830 395.2
1082840 395.2
1082850 395.2
1082860 395.2
1082870 395.2
1082880 395.2
1082890 395.2
1082900 395.2
1082910 395.2
1082920 395.2
1082930 395.2
1082940 395.2
1082950 395.2
1082960 395.2
1082970 395.2
1082980 395.2
1082990 395.2
1083000 395.2
1083010 395.2
1083020 395.2
1083030 395.2
1083040 395.2
1083050 395.2
1083060 395.2
1083070 395.2
1083080 395.2
1083090 395.2
1083100 395.2
1083110 395.2
1083120 395.2
1083130 395.2
1083140 395.2
1083150 395.2
1083160 395.2
1083170 395.2
1083180 395.2
1083190 395.2
1083200 395.2
1083210 395.2
1083220 395.2
1083230 395.2
1083240 395.2
1083250 395.2
1083260 395.2
1083270 395.2
1083280 395.2
1083290 395.2
1083300 395.2
1083310 395.2
1083320 395.2
1083330 395.2
1083340 395.2
1083350 395.2
1083360 395.2
1083370 395.2
1083380 395.2
1083390 395.2
1083400 395.2
1083410 395.2
1083420 395.2
1083430 395.2
1083440 395.2
1083450 395.2
1083460 395.2
1083470 395.2
1083480 395.2
1083490 395.2
1083500 395.2
1083510 395.2
1083520 395.2
1083530 395.2
1083540 395.2
1083550 395.2
1083560 395.2
1083570 395.2
1083580 395.2
1083590 395.2
1083600 395.2
1083610 395.2
1083620 395.2
1083630 395.2
1083640 395.2
1083650 395.2
1083660 395.2
1083670 395.2
1083680 395.2
1083690 395.2
1083700 395.2
1083710 395.2
1083720 395.2
1083730 395.2
1083740 395.2
1083750 395.2
1083760 395.2
1083770 395.2
1083780 395.2
1083790 395.2
1083800 395.2
1083810 395.2
1083820 395.2
1083830 395.2
1083840 395.2
1083850 395.2
1083860 395.2
1083870 395.2
1083880 395.2
1083890 395.2
1083900 395.2
1083910 395.2
1083920 395.2
1083930 395.2
1083940 395.2
1083950 395.2
1083960 395.2
1083970 395.2
1083980 395.2
1083990 395.2
1084000 395.2
1084010 395.2
1084020 395.2
1084030 395.2
1084040 395.2
1084050 395.2
1084060 395.2
1084070 395.2
1084080 395.2
1084090 395.2
1084100 395.2
1084110 395.2
1084120 395.2
1084130 395.2
1084140 395.2
1084150 395.2
1084160 395.2
1084170 395.2
1084180 395.2
1084190 395.2
1084200 395.2
1084210 395.2
1084220 395.2
1084230 395.2
1084240 395.2
1084250 395.2
1084260 395.2
1084270 395.2
1084280 395.2
1084290 395.2
1084300 395.2
1084310 395.2
1084320 395.2
1084330 395.2
1084340 395.2
1084350 395.2
1084360 395.2
1084370 395.2
1084380 395.2
1084390 395.2
1084400 395.2
1084410 395.2
1084420 395.2
1084430 395.2
1084440 395.2
1084450 395.2
1084460 395.2
1084470 395.2
1084480 395.2
1084490 395.2
1084500 395.2
1084510 395.2
1084520 395.2
1084530 395.2
1084540 395.2
1084550 395.2
1084560 395.2
1084570 395.2
1084580 395.2
1084590 395.2
1084600 395.2
1084610 395.2
1084620 395.2
1084630 395.2
1084640 395.2
1084650 395.2
1084660 395.2
1084670 395.2
1084680 395.2
1084690 395.2
1084700 395.2
1084710 395.2
1084720 395.2
1084730 395.2
1084740 395.2
1084750 395.2
1084760 395.2
1084770 395.2
1084780 395.2
1084790 395.2
1084800 395.2
1084810 395.2
1084820 395.2
1084830 395.2
1084840 395.2
1084850 395.2
1084860 395.2
1084870 395.2
1084880 395.2
1084890 395.2
1084900 395.2
1084910 395.2
1084920 395.2
1084930 395.2
1084940 395.2
1084950 395.2
1084960 395.2
1084970 395.2
1084980 395.2
1084990 395.2
1085000 395.2
1085010 395.2
1085020 395.2
1085030 395.2
1085040 395.2
1085050 395.2
1085060 395.2
1085070 395.2
1085080 395.1
1085090 395.1
1085100 395.1
1085110 395.1
1085120 395.1
1085130 395.1
1085140 395.1
1085150 395.1
1085160 395.1
1085170 395.1
1085180 395.1
1085190 395.1
1085200 395.0
1085210 395.0
1085220 395.1
1085230 395.0
1085240 395.0
1085250 395.0
1085260 395.0
1085270 395.0
1085280 395.0
1085290 395.0
1085300 395.0
1085310 395.0
1085320 395.0
1085330 395.0
1085340 395.0
1085350 395.0
1085360 395.0
1085370 395.1
1085380 395.0
1085390 395.0
1085400 395.0
1085410 395.0
1085420 395.0
1085430 395.0
1085440 395.0
1085450 395.0
1085460 395.0
1085470 395.0
1085480 395.0
1085490 395.0
1085500 395.0
1085510 395.0
1085520 395.0
1085530 395.0
1085540 395.0
1085550 395.0
1085560 395.1
1085570 395.1
1085580 395.1
1085590 395.1
1085600 395.1
1085610 395.1
1085620 395.1
1085630 395.0
1085640 395.0
1085650 394.9
1085660 394.7
1085670 394.7
1085680 394.7
1085690 394.7
1085700 394.7
1085710 394.7
1085720 394.7
1085730 394.7
1085740 395.0
1085750 397.0
1085760 397.0
1085770 398.0
1085780 398.7
1085790 398.7
1085800 399.4
1085810 400.5
1085820 400.5
1085830 400.7
1085840 401.2
1085850 401.2
1085860 401.0
1085870 401.7
1085880 401.7
1085890 404.2
1085900 407.2
1085910 407.2
1085920 408.9
1085930 409.9
1085940 410.1
1085950 410.1
1085960 412.1
1085970 417.5
1085980 417.5
1085990 421.7
1086000 426.2
1086010 426.2
1086020 431.6
1086030 433.7
1086040 433.0
1086050 434.1
1086060 439.2
1086070 439.2
1086080 445.0
1086090 449.8
1086100 449.8
1086110 454.5
1086120 459.2
1086130 459.2
1086140 464.5
1086150 469.9
1086160 469.9
1086170 475.6
1086180 481.7
1086190 481.7
1086200 487.0
1086210 491.2
1086220 491.2
1086230 497.0
1086240 502.0
1086250 502.0
1086260 506.8
1086270 513.1
1086280 513.1
1086290 523.3
1086300 539.0
1086310 546.2
1086320 546.2
1086330 550.2
1086340 553.6
1086350 553.6
1086360 557.2
1086370 561.6
1086380 561.6
1086390 565.3
1086400 569.6
1086410 569.6
1086420 571.6
1086430 573.5
1086440 573.5
1086450 575.5
1086460 576.4
1086470 576.4
1086480 580.0
1086490 586.9
1086500 586.9
1086510 594.1
1086520 605.2
1086530 605.2
1086540 617.0
1086550 636.3
1086560 636.3
1086570 652.5
1086580 655.7
1086590 655.7
1086600 656.6
1086610 656.4
1086620 656.4
1086630 656.8
1086640 657.5
1086650 657.5
1086660 658.4
1086670 659.8
1086680 662.4
1086690 661.6
1086700 664.9
1086710 668.2
1086720 668.2
1086730 671.8
1086740 674.9
1086750 674.9
1086760 678.4
1086770 681.7
1086780 681.7
1086790 683.6
1086800 684.6
1086810 684.6
1086820 685.6
1086830 686.9
1086840 686.9
1086850 688.3
1086860 689.8
1086870 689.8
1086880 691.8
1086890 694.9
1086900 694.9
1086910 698.6
1086920 702.6
1086930 702.6
1086940 706.8
1086950 710.8
1086960 710.8
1086970 713.1
1086980 714.6
1086990 714.6
1087000 715.5
1087010 707.7
1087020 707.7
1087030 708.6
1087040 709.3
1087050 708.4
1087060 708.4
1087070 706.5
1087080 702.9
1087090 702.9
1087100 697.3
1087110 698.7
1087120 698.7
1087130 697.2
1087140 700.8
1087150 700.8
1087160 706.3
1087170 705.8
1087180 705.8
1087190 702.7
1087200 697.5
1087210 697.5
1087220 694.5
1087230 693.0
1087240 693.0
1087250 690.8
1087260 692.8
1087270 692.8
1087280 695.8
1087290 698.6
1087300 698.6
1087310 702.4
1087320 706.7
1087330 710.8
1087340 713.9
1087350 716.1
1087360 716.1
1087370 717.8
1087380 722.3
1087390 729.8
1087400 729.8
1087410 736.0
1087420 739.0
1087430 739.0
1087440 738.7
1087450 735.4
1087460 735.4
1087470 731.5
1087480 730.6
1087490 730.6
1087500 739.1
1087510 753.3
1087520 753.3
1087530 758.9
1087540 761.7
1087550 761.7
1087560 764.7
1087570 768.9
1087580 768.9
1087590 772.9
1087600 776.4
1087610 776.4
1087620 780.0
1087630 784.5
1087640 784.5
1087650 789.4
1087660 793.6
1087670 793.6
1087680 796.3
1087690 798.1
1087700 798.1
1087710 799.6
1087720 801.1
1087730 801.1
1087740 802.6
1087750 804.0
1087760 805.2
1087770 805.2
1087780 806.4
1087790 807.0
1087800 807.0
1087810 807.4
1087820 809.3
1087830 809.3
1087840 812.1
1087850 814.9
1087860 814.9
1087870 817.7
1087880 819.3
1087890 819.3
1087900 820.1
1087910 822.4
1087920 822.4
1087930 823.6
1087940 823.8
1087950 823.8
1087960 824.1
1087970 825.3
1087980 826.3
1087990 829.6
1088000 832.7
1088010 832.7
1088020 835.6
1088030 838.3
1088040 838.3
1088050 840.8
1088060 843.4
1088070 843.4
1088080 846.5
1088090 850.8
1088100 850.8
1088110 853.0
1088120 853.5
1088130 855.1
1088140 855.1
1088150 859.2
1088160 863.3
1088170 863.3
1088180 869.6
1088190 881.7
1088200 881.7
1088210 888.7
1088220 892.8
1088230 892.8
1088240 896.2
1088250 899.1
1088260 899.1
1088270 901.6
1088280 903.7
1088290 903.7
1088300 906.7
1088310 906.8
1088320 906.8
1088330 904.2
1088340 902.1
1088350 902.1
1088360 903.6
1088370 904.6
1088380 904.6
1088390 903.1
1088400 903.0
1088410 903.0
1088420 903.3
1088430 903.6
1088440 903.6
1088450 900.1
1088460 902.7
1088470 902.7
1088480 905.9
1088490 908.4
1088500 910.4
1088510 910.4
1088520 910.6
1088530 911.4
1088540 911.4
1088550 911.9
1088560 913.7
1088570 913.7
1088580 916.0
1088590 918.4
1088600 918.4
1088610 920.2
1088620 922.2
1088630 922.2
1088640 923.5
1088650 927.0
1088660 927.0
1088670 928.1
1088680 929.1
1088690 929.1
1088700 930.8
1088710 932.3
1088720 932.3
1088730 934.6
1088740 938.4
1088750 938.4
1088760 944.3
1088770 951.8
1088780 951.8
1088790 960.3
1088800 966.6
1088810 966.6
1088820 968.7
1088830 971.5
1088840 971.5
1088850 975.4
1088860 979.3
1088870 983.4
1088880 983.4
1088890 987.6
1088900 990.3
1088910 990.3
1088920 992.3
1088930 994.2
1088940 995.4
1088950 997.5
1088960 999.7
1088970 999.7
1088980 1001.8
1088990 1002.4
1089000 1002.4
1089010 1003.8
1089020 1006.7
1089030 1006.7
1089040 1010.8
1089050 1013.2
1089060 1013.2
1089070 1021.4
1089080 1024.7
1089090 1024.7
1089100 1021.1
1089110 1018.3
1089120 1018.3
1089130 1015.6
1089140 1013.3
1089150 1013.3
1089160 1011.0
1089170 1009.3
1089180 1009.3
1089190 1008.2
1089200 1007.4
1089210 1007.4
1089220 1006.4
1089230 1005.5
1089240 1005.0
1089250 1005.0
1089260 1004.4
1089270 1003.3
1089280 1003.3
1089290 1002.3
1089300 1001.4
1089310 1001.4
1089320 1000.4
1089330 999.6
1089340 999.6
1089350 1000.6
1089360 1000.9
1089370 1000.9
1089380 1000.8
1089390 999.7
1089400 999.7
1089410 998.1
1089420 997.7
1089430 997.7
1089440 997.5
1089450 997.2
1089460 997.2
1089470 996.8
1089480 995.7
1089490 995.7
1089500 994.3
1089510 991.2
1089520 991.2
1089530 987.4
1089540 986.4
1089550 986.4
1089560 985.0
1089570 983.0
1089580 983.0
1089590 981.6
1089600 983.8
1089610 985.5
1089620 985.5
1089630 986.0
1089640 986.3
1089650 986.3
1089660 986.8
1089670 986.6
1089680 986.6
1089690 986.7
1089700 987.1
1089710 987.1
1089720 986.3
1089730 984.2
1089740 984.2
1089750 981.9
1089760 978.6
1089770 978.6
1089780 975.3
1089790 973.2
1089800 973.2
1089810 971.6
1089820 967.3
1089830 967.3
1089840 961.0
1089850 956.6
1089860 956.6
1089870 953.8
1089880 951.4
1089890 951.4
1089900 950.6
1089910 952.3
1089920 952.3
1089930 952.1
1089940 952.3
1089950 952.3
1089960 955.3
1089970 957.7
1089980 958.2
1089990 958.2
1090000 959.2
1090010 960.4
1090020 960.4
1090030 961.7
1090040 963.2
1090050 963.2
1090060 964.8
1090070 966.1
1090080 966.1
1090090 964.6
1090100 957.6
1090110 957.6
1090120 949.5
1090130 939.1
1090140 939.1
1090150 930.5
1090160 928.4
1090170 928.4
1090180 924.9
1090190 921.1
1090200 921.1
1090210 918.7
1090220 915.9
1090230 915.9
1090240 911.5
1090250 907.4
1090260 907.4
1090270 908.4
1090280 909.2
1090290 909.2
1090300 908.9
1090310 907.3
1090320 907.3
1090330 904.6
1090340 902.3
1090350 902.4
1090360 902.4
1090370 902.9
1090380 903.5
1090390 903.5
1090400 902.5
1090410 898.8
1090420 898.8
1090430 893.4
1090440 890.5
1090450 890.5
1090460 893.1
1090470 894.7
1090480 894.7
1090490 895.9
1090500 897.0
1090510 897.0
1090520 897.7
1090530 898.4
1090540 898.4
1090550 899.3
1090560 903.1
1090570 903.1
1090580 904.4
1090590 905.4
1090600 905.4
1090610 905.2
1090620 902.4
1090630 902.4
1090640 900.1
1090650 900.5
1090660 900.5
1090670 899.9
1090680 896.7
1090690 896.7
1090700 892.9
1090710 890.7
1090720 889.9
1090730 889.9
1090740 889.6
1090750 888.8
1090760 888.8
1090770 886.9
1090780 884.4
1090790 884.4
1090800 881.8
1090810 879.7
1090820 879.7
1090830 878.2
1090840 876.6
1090850 876.6
1090860 875.0
1090870 872.8
1090880 872.8
1090890 868.5
1090900 865.8
1090910 865.8
1090920 863.2
1090930 861.6
1090940 861.6
1090950 860.6
1090960 859.9
1090970 859.9
1090980 858.4
1090990 856.4
1091000 856.4
1091010 853.2
1091020 849.6
1091030 849.6
1091040 843.8
1091050 839.3
1091060 839.3
1091070 834.3
1091080 828.3
1091090 822.3
1091100 822.3
1091110 816.3
1091120 812.8
1091130 812.8
1091140 811.9
1091150 810.8
1091160 810.8
1091170 809.8
1091180 809.1
1091190 809.1
1091200 809.1
1091210 806.6
1091220 806.6
1091230 803.9
1091240 801.1
1091250 801.1
1091260 799.5
1091270 799.2
1091280 799.2
1091290 798.5
1091300 797.6
1091310 797.6
1091320 796.9
1091330 793.3
1091340 793.3
1091350 792.8
1091360 797.2
1091370 797.2
1091380 802.3
1091390 808.5
1091400 808.5
1091410 814.9
1091420 824.4
1091430 824.4
1091440 832.0
1091450 835.8
1091460 839.1
1091470 839.1
1091480 846.0
1091490 855.6
1091500 855.6
1091510 861.5
1091520 865.4
1091530 865.4
1091540 869.3
1091550 870.4
1091560 870.4
1091570 871.4
1091580 872.6
1091590 872.6
1091600 874.0
1091610 875.5
1091620 875.5
1091630 876.9
1091640 878.3
1091650 878.3
1091660 880.1
1091670 881.4
1091680 881.4
1091690 882.5
1091700 883.8
1091710 883.8
1091720 885.1
1091730 886.2
1091740 886.2
1091750 887.6
1091760 888.5
1091770 888.5
1091780 889.8
1091790 891.1
1091800 891.1
1091810 892.2
1091820 892.7
1091830 894.2
1091840 894.2
1091850 896.3
1091860 901.0
1091870 901.0
1091880 902.9
1091890 904.3
1091900 904.3
1091910 905.5
1091920 906.6
1091930 906.6
1091940 907.5
1091950 908.6
1091960 908.6
1091970 910.3
1091980 912.5
1091990 912.5
1092000 915.3
1092010 918.4
1092020 918.4
1092030 921.1
1092040 923.7
1092050 923.7
1092060 924.5
1092070 924.5
1092080 924.5
1092090 924.3
1092100 924.2
1092110 924.2
1092120 925.1
1092130 926.9
1092140 926.9
1092150 927.7
1092160 930.4
1092170 930.4
1092180 934.4
1092190 938.0
1092200 942.1
1092210 942.1
1092220 945.2
1092230 947.3
1092240 947.3
1092250 948.7
1092260 950.4
1092270 950.4
1092280 951.8
1092290 953.2
1092300 953.2
1092310 954.9
1092320 956.4
1092330 956.4
1092340 957.7
1092350 959.2
1092360 959.2
1092370 960.5
1092380 961.4
1092390 961.4
1092400 962.5
1092410 963.7
1092420 963.7
1092430 964.6
1092440 964.3
1092450 964.3
1092460 964.1
1092470 963.8
1092480 963.8
1092490 965.1
1092500 966.4
1092510 966.4
1092520 964.8
1092530 958.9
1092540 958.9
1092550 952.4
1092560 953.0
1092570 955.2
1092580 955.2
1092590 956.8
1092600 958.9
1092610 958.9
1092620 960.7
1092630 962.3
1092640 962.3
1092650 963.3
1092660 963.5
1092670 963.5
1092680 961.2
1092690 955.1
1092700 955.1
1092710 950.1
1092720 948.4
1092730 948.4
1092740 948.2
1092750 949.0
1092760 949.0
1092770 949.8
1092780 950.7
1092790 950.7
1092800 951.6
1092810 952.7
1092820 952.7
1092830 953.7
1092840 957.3
1092850 957.3
1092860 958.3
1092870 958.9
1092880 958.9
1092890 959.8
1092900 960.8
1092910 960.8
1092920 962.2
1092930 964.1
1092940 965.4
1092950 965.4
1092960 966.2
1092970 965.2
1092980 965.2
1092990 962.5
1093000 959.7
1093010 959.7
1093020 956.5
1093030 952.3
1093040 952.3
1093050 947.8
1093060 944.0
1093070 944.0
1093080 941.0
1093090 938.6
1093100 938.6
1093110 936.7
1093120 935.2
1093130 935.2
1093140 933.8
1093150 932.7
1093160 932.7
1093170 927.2
1093180 921.3
1093190 921.3
1093200 917.4
1093210 914.9
1093220 914.9
1093230 912.3
1093240 909.7
1093250 909.7
1093260 907.6
1093270 905.6
1093280 905.6
1093290 901.7
1093300 898.2
1093310 895.7
1093320 895.7
1093330 894.0
1093340 892.7
1093350 892.7
1093360 890.1
1093370 890.5
1093380 890.5
1093390 892.4
1093400 893.3
1093410 893.3
1093420 892.6
1093430 889.5
1093440 889.5
1093450 885.6
1093460 881.7
1093470 881.7
1093480 877.4
1093490 873.8
1093500 875.9
1093510 876.4
1093520 875.0
1093530 875.0
1093540 873.4
1093550 873.9
1093560 873.9
1093570 875.0
1093580 875.2
1093590 875.2
1093600 874.7
1093610 873.0
1093620 873.0
1093630 869.2
1093640 865.5
1093650 865.5
1093660 862.8
1093670 861.0
1093680 859.8
1093690 859.8
1093700 859.0
1093710 857.2
1093720 857.2
1093730 854.1
1093740 851.3
1093750 851.3
1093760 848.3
1093770 845.5
1093780 845.5
1093790 840.8
1093800 836.7
1093810 836.7
1093820 831.9
1093830 828.0
1093840 828.0
1093850 824.2
1093860 823.5
1093870 823.5
1093880 825.0
1093890 826.7
1093900 826.7
1093910 828.4
1093920 828.4
1093930 828.4
1093940 827.3
1093950 824.4
1093960 824.4
1093970 818.5
1093980 813.6
1093990 813.6
1094000 808.4
1094010 803.9
1094020 803.9
1094030 798.8
1094040 798.5
1094050 796.6
1094060 796.6
1094070 798.2
1094080 801.7
1094090 801.7
1094100 801.5
1094110 800.9
1094120 800.9
1094130 799.7
1094140 799.1
1094150 794.8
1094160 794.5
1094170 794.6
1094180 794.6
1094190 795.9
1094200 797.9
1094210 797.9
1094220 802.6
1094230 804.9
1094240 804.9
1094250 807.0
1094260 808.1
1094270 808.1
1094280 808.8
1094290 808.6
1094300 808.6
1094310 808.7
1094320 808.8
1094330 808.8
1094340 809.2
1094350 809.9
1094360 809.9
1094370 810.6
1094380 811.8
1094390 811.8
1094400 813.3
1094410 814.5
1094420 815.4
1094430 815.4
1094440 816.2
1094450 817.0
1094460 817.0
1094470 817.7
1094480 817.9
1094490 817.9
1094500 817.6
1094510 807.6
1094520 807.6
1094530 793.7
1094540 779.8
1094550 779.8
1094560 773.8
1094570 769.2
1094580 769.2
1094590 764.0
1094600 759.1
1094610 759.1
1094620 756.3
1094630 751.4
1094640 751.4
1094650 746.7
1094660 742.1
1094670 742.1
1094680 735.0
1094690 731.6
1094700 731.6
1094710 729.7
1094720 726.3
1094730 726.3
1094740 722.1
1094750 716.5
1094760 713.0
1094770 713.0
1094780 707.8
1094790 702.5
1094800 702.5
1094810 691.0
1094820 688.1
1094830 688.1
1094840 686.2
1094850 682.3
1094860 682.3
1094870 678.3
1094880 674.8
1094890 674.8
1094900 670.4
1094910 665.8
1094920 665.8
1094930 660.8
1094940 655.0
1094950 655.0
1094960 651.8
1094970 650.6
1094980 650.6
1094990 649.5
1095000 647.8
1095010 647.8
1095020 645.4
1095030 641.5
1095040 641.5
1095050 639.3
1095060 637.3
1095070 637.3
1095080 635.7
1095090 634.1
1095100 634.1
1095110 632.0
1095120 629.4
1095130 625.8
1095140 625.8
1095150 625.2
1095160 624.0
1095170 624.0
1095180 621.9
1095190 620.2
1095200 620.2
1095210 618.7
1095220 618.9
1095230 618.9
1095240 618.7
1095250 617.9
1095260 617.9
1095270 616.7
1095280 615.2
1095290 615.2
1095300 613.1
1095310 610.9
1095320 610.9
1095330 608.8
1095340 608.0
1095350 608.0
1095360 607.5
1095370 606.4
1095380 606.4
1095390 605.0
1095400 603.6
1095410 603.6
1095420 602.6
1095430 602.4
1095440 602.4
1095450 601.8
1095460 598.8
1095470 598.8
1095480 598.4
1095490 597.8
1095500 597.6
1095510 597.6
1095520 596.9
1095530 596.0
1095540 596.0
1095550 594.9
1095560 594.0
1095570 594.0
1095580 592.7
1095590 591.5
1095600 591.5
1095610 589.7
1095620 588.6
1095630 588.6
1095640 588.3
1095650 588.5
1095660 588.5
1095670 588.8
1095680 588.9
1095690 588.9
1095700 588.9
1095710 588.8
1095720 588.8
1095730 588.6
1095740 588.0
1095750 588.0
1095760 587.1
1095770 586.3
1095780 586.3
1095790 585.3
1095800 584.7
1095810 584.7
1095820 583.9
1095830 583.2
1095840 583.2
1095850 582.7
1095860 582.4
1095870 582.0
1095880 582.0
1095890 581.7
1095900 581.4
1095910 581.4
1095920 581.1
1095930 580.9
1095940 580.9
1095950 580.5
1095960 580.3
1095970 580.3
1095980 579.9
1095990 579.7
1096000 579.7
1096010 579.1
1096020 578.4
1096030 578.4
1096040 578.2
1096050 578.3
1096060 578.3
1096070 578.3
1096080 578.3
1096090 578.3
1096100 578.7
1096110 579.5
1096120 580.0
1096130 580.6
1096140 581.2
1096150 581.2
1096160 581.9
1096170 582.5
1096180 582.5
1096190 582.9
1096200 583.2
1096210 583.2
1096220 583.3
1096230 583.3
1096240 583.0
1096250 583.0
1096260 582.7
1096270 582.4
1096280 582.4
1096290 581.9
1096300 581.4
1096310 581.4
1096320 580.5
1096330 580.3
1096340 580.3
1096350 580.5
1096360 580.3
1096370 580.3
1096380 579.7
1096390 579.3
1096400 579.3
1096410 579.1
1096420 579.0
1096430 579.0
1096440 579.1
1096450 578.1
1096460 578.1
1096470 578.3
1096480 578.3
1096490 578.3
1096500 577.6
1096510 576.4
1096520 576.4
1096530 575.5
1096540 576.3
1096550 576.3
1096560 577.3
1096570 577.8
1096580 577.8
1096590 577.5
1096600 577.3
1096610 577.2
1096620 577.2
1096630 577.1
1096640 576.8
1096650 576.8
1096660 576.3
1096670 575.7
1096680 575.7
1096690 575.6
1096700 575.6
1096710 575.6
1096720 575.3
1096730 574.6
1096740 574.6
1096750 574.0
1096760 573.4
1096770 573.4
1096780 572.1
1096790 571.2
1096800 571.2
1096810 570.3
1096820 569.6
1096830 569.6
1096840 568.8
1096850 568.0
1096860 568.0
1096870 567.0
1096880 566.0
1096890 566.0
1096900 565.0
1096910 564.3
1096920 564.3
1096930 564.5
1096940 565.0
1096950 565.0
1096960 565.5
1096970 565.9
1096980 566.1
1096990 566.1
1097000 566.4
1097010 566.7
1097020 566.7
1097030 566.5
1097040 565.5
1097050 565.5
1097060 564.6
1097070 563.6
1097080 563.6
1097090 562.4
1097100 561.0
1097110 562.1
1097120 560.5
1097130 559.0
1097140 559.0
1097150 558.4
1097160 557.5
1097170 557.5
1097180 556.3
1097190 555.1
1097200 555.1
1097210 554.2
1097220 553.4
1097230 553.4
1097240 552.5
1097250 551.1
1097260 551.1
1097270 550.0
1097280 549.2
1097290 549.2
1097300 548.3
1097310 547.3
1097320 547.3
1097330 546.2
1097340 545.4
1097350 544.8
1097360 544.8
1097370 543.3
1097380 542.0
1097390 542.0
1097400 540.8
1097410 539.3
1097420 539.3
1097430 537.9
1097440 537.9
1097450 537.9
1097460 536.7
1097470 536.4
1097480 536.4
1097490 535.4
1097500 533.7
1097510 533.7
1097520 531.8
1097530 530.0
1097540 530.0
1097550 529.1
1097560 528.4
1097570 528.4
1097580 528.3
1097590 528.0
1097600 528.0
1097610 527.6
1097620 527.5
1097630 527.5
1097640 527.5
1097650 527.4
1097660 527.4
1097670 527.4
1097680 527.3
1097690 527.3
1097700 527.2
1097710 527.0
1097720 526.8
1097730 526.8
1097740 527.6
1097750 528.6
1097760 528.6
1097770 536.8
1097780 539.1
1097790 539.1
1097800 540.6
1097810 539.0
1097820 539.0
1097830 538.2
1097840 537.8
1097850 537.8
1097860 537.4
1097870 536.0
1097880 536.0
1097890 536.1
1097900 537.0
1097910 537.0
1097920 540.6
1097930 543.2
1097940 543.2
1097950 544.8
1097960 543.7
1097970 543.7
1097980 541.9
1097990 540.1
1098000 540.1
1098010 538.0
1098020 533.5
1098030 533.5
1098040 527.4
1098050 523.9
1098060 523.9
1098070 522.5
1098080 522.0
1098090 521.6
1098100 529.1
1098110 525.1
1098120 525.1
1098130 525.1
1098140 523.3
1098150 521.5
1098160 521.5
1098170 523.6
1098180 531.1
1098190 531.1
1098200 534.1
1098210 535.4
1098220 535.4
1098230 535.6
1098240 535.9
1098250 535.9
1098260 535.7
1098270 535.3
1098280 535.3
1098290 534.8
1098300 536.6
1098310 536.6
1098320 539.7
1098330 542.6
1098340 542.6
1098350 545.4
1098360 547.9
1098370 547.9
1098380 549.3
1098390 551.4
1098400 551.4
1098410 552.7
1098420 553.5
1098430 554.5
1098440 557.3
1098450 560.2
1098460 562.7
1098470 562.7
1098480 564.9
1098490 566.6
1098500 566.6
1098510 568.2
1098520 570.4
1098530 570.4
1098540 572.5
1098550 575.1
1098560 575.1
1098570 577.2
1098580 580.1
1098590 580.1
1098600 583.6
1098610 587.6
1098620 587.6
1098630 591.3
1098640 594.5
1098650 594.5
1098660 597.3
1098670 600.8
1098680 600.8
1098690 601.8
1098700 604.5
1098710 604.5
1098720 607.7
1098730 609.9
1098740 609.9
1098750 611.9
1098760 618.8
1098770 618.8
1098780 621.6
1098790 629.3
1098800 629.3
1098810 635.1
1098820 640.0
1098830 644.5
1098840 644.5
1098850 648.8
1098860 652.9
1098870 652.9
1098880 656.9
1098890 662.7
1098900 662.7
1098910 667.8
1098920 673.1
1098930 673.1
1098940 675.7
1098950 676.1
1098960 676.1
1098970 676.2
1098980 675.3
1098990 675.3
1099000 674.0
1099010 673.8
1099020 673.8
1099030 673.6
1099040 673.9
1099050 673.9
1099060 674.4
1099070 675.2
1099080 675.2
1099090 675.9
1099100 676.6
1099110 676.6
1099120 677.4
1099130 678.0
1099140 678.0
1099150 678.6
1099160 679.5
1099170 680.2
1099180 680.2
1099190 682.5
1099200 686.8
1099210 686.8
1099220 691.1
1099230 695.4
1099240 695.4
1099250 699.6
1099260 703.2
1099270 703.2
1099280 705.2
1099290 705.8
1099300 705.8
1099310 705.1
1099320 706.5
1099330 706.5
1099340 711.9
1099350 716.5
1099360 716.5
1099370 720.9
1099380 725.1
1099390 725.1
1099400 728.3
1099410 731.2
1099420 731.2
1099430 736.5
1099440 739.8
1099450 739.8
1099460 744.2
1099470 749.2
1099480 749.2
1099490 753.6
1099500 757.7
1099510 757.7
1099520 760.7
1099530 763.6
1099540 766.4
1099550 766.4
1099560 768.7
1099570 771.3
1099580 771.3
1099590 774.1
1099600 776.8
1099610 776.8
1099620 779.9
1099630 782.8
1099640 782.8
1099650 785.6
1099660 786.3
1099670 786.3
1099680 785.2
1099690 784.0
1099700 784.0
1099710 782.7
1099720 782.7
1099730 782.7
1099740 783.9
1099750 784.9
1099760 787.9
1099770 789.3
1099780 790.9
1099790 790.9
1099800 792.6
1099810 795.4
1099820 795.4
1099830 798.2
1099840 801.0
1099850 801.0
1099860 803.5
1099870 804.4
1099880 804.4
1099890 801.5
1099900 796.4
1099910 791.2
1099920 791.2
1099930 786.4
1099940 782.5
1099950 782.5
1099960 781.4
1099970 783.6
1099980 783.6
1099990 786.1
