1080000 395.2
1080010 395.2
1080020 395.2
1080030 395.2
1080040 395.2
1080050 395.2
1080060 395.2
1080070 395.2
1080080 395.2
1080090 395.2
1080100 395.2
1080110 395.2
1080120 395.2
1080130 395.2
1080140 395.2
1080150 395.2
1080160 395.2
1080170 395.2
1080180 395.2
1080190 395.2
1080200 395.2
1080210 395.2
1080220 395.2
1080230 395.2
1080240 395.2
1080250 395.2
1080260 395.2
1080270 395.2
1080280 395.2
1080290 395.2
1080300 395.2
1080310 395.2
1080320 395.2
1080330 395.2
1080340 395.2
1080350 395.2
1080360 395.2
1080370 395.2
1080380 395.2
1080390 395.2
1080400 395.2
1080410 395.2
1080420 395.2
1080430 395.2
1080440 395.2
1080450 395.2
1080460 395.2
1080470 395.2
1080480 395.2
1080490 395.2
1080500 395.2
1080510 395.2
1080520 395.2
1080530 395.2
1080540 395.2
1080550 395.2
1080560 395.2
1080570 395.2
1080580 395.2
1080590 395.2
1080600 395.2
1080610 395.2
1080620 395.2
1080630 395.2
1080640 395.2
1080650 395.2
1080660 395.2
1080670 395.2
1080680 395.2
1080690 395.2
1080700 395.2
1080710 395.2
1080720 395.2
1080730 395.2
1080740 395.2
1080750 395.2
1080760 395.2
1080770 395.2
1080780 395.2
1080790 395.2
1080800 395.2
1080810 395.2
1080820 395.2
1080830 395.2
1080840 395.2
1080850 395.2
1080860 395.2
1080870 395.2
1080880 395.2
1080890 395.2
1080900 395.2
1080910 395.2
1080920 395.2
1080930 395.2
1080940 395.2
1080950 395.2
1080960 395.2
1080970 395.2
1080980 395.2
1080990 395.2
1081000 395.2
1081010 395.2
1081020 395.2
1081030 395.2
1081040 395.2
1081050 395.2
1081060 395.2
1081070 395.2
1081080 395.2
1081090 395.2
1081100 395.2
1081110 395.2
1081120 395.2
1081130 395.2
1081140 395.2
1081150 395.2
1081160 395.2
1081170 395.2
1081180 395.2
1081190 395.2
1081200 395.2
1081210 395.2
1081220 395.2
1081230 395.2
1081240 395.2
1081250 395.2
1081260 395.2
1081270 395.2
1081280 395.2
1081290 395.2
1081300 395.2
1081310 395.2
1081320 395.2
1081330 395.2
1081340 395.2
1081350 395.2
1081360 395.2
1081370 395.2
1081380 395.2
1081390 395.2
1081400 395.2
1081410 395.2
1081420 395.2
1081430 395.2
1081440 395.2
1081450 395.2
1081460 395.2
1081470 395.2
1081480 395.2
1081490 395.2
1081500 395.2
1081510 395.2
1081520 395.2
1081530 395.2
1081540 395.2
1081550 395.2
1081560 395.2
1081570 395.2
1081580 395.2
1081590 395.2
1081600 395.2
1081610 395.2
1081620 395.2
1081630 395.2
1081640 395.2
1081650 395.2
1081660 395.2
1081670 395.2
1081680 395.2
1081690 395.2
1081700 395.2
1081710 395.2
1081720 395.2
1081730 395.2
1081740 395.2
1081750 395.2
1081760 395.2
1081770 395.2
1081780 395.2
1081790 395.2
1081800 395.2
1081810 395.2
1081820 395.2
1081830 395.2
1081840 395.2
1081850 395.2
1081860 395.2
1081870 395.2
1081880 395.2
1081890 395.2
1081900 395.2
1081910 395.2
1081920 395.2
1081930 395.2
1081940 395.2
1081950 395.2
1081960 395.2
1081970 395.2
1081980 395.2
1081990 395.2
1082000 395.2
1082010 395.2
1082020 395.2
1082030 395.2
1082040 395.2
1082050 395.2
1082060 395.2
1082070 395.2
1082080 395.2
1082090 395.2
1082100 395.2
1082110 395.2
1082120 395.2
1082130 395.2
1082140 395.2
1082150 395.2
1082160 395.2
1082170 395.2
1082180 395.2
1082190 395.2
1082200 395.2
1082210 395.2
1082220 395.2
1082230 395.2
1082240 395.2
1082250 395.2
1082260 395.2
1082270 395.2
1082280 395.2
1082290 395.2
1082300 395.2
1082310 395.2
1082320 395.2
1082330 395.2
1082340 395.2
1082350 395.2
1082360 395.2
1082370 395.2
1082380 395.2
1082390 395.2
1082400 395.2
1082410 395.2
1082420 395.2
1082430 395.2
1082440 395.2
1082450 395.2
1082460 395.2
1082470 395.2
1082480 395.2
1082490 395.2
1082500 395.2
1082510 395.2
1082520 395.2
1082530 395.2
1082540 395.2
1082550 395.2
1082560 395.2
1082570 395.2
1082580 395.2
1082590 395.2
1082600 395.2
1082610 395.2
1082620 395.2
1082630 395.2
1082640 395.2
1082650 395.2
1082660 395.2
1082670 395.2
1082680 395.2
1082690 395.2
1082700 395.2
1082710 395.2
1082720 395.2
1082730 395.2
1082740 395.2
1082750 395.2
1082760 395.2
1082770 395.2
1082780 395.2
1082790 395.2
1082800 395.2
1082810 395.2
1082820 395.2
1082830 395.2
1082840 395.2
1082850 395.2
1082860 395.2
1082870 395.2
1082880 395.2
1082890 395.2
1082900 395.2
1082910 395.2
1082920 395.2
1082930 395.2
1082940 395.2
1082950 395.2
1082960 395.2
1082970 395.2
1082980 395.2
1082990 395.2
1083000 395.2
1083010 395.2
1083020 395.2
1083030 395.2
1083040 395.2
1083050 395.2
1083060 395.2
1083070 395.2
1083080 395.2
1083090 395.2
1083100 395.2
1083110 395.2
1083120 395.2
1083130 395.2
1083140 395.2
1083150 395.2
1083160 395.2
1083170 395.2
1083180 395.2
1083190 395.2
1083200 395.2
1083210 395.2
1083220 395.2
1083230 395.2
1083240 395.2
1083250 395.2
1083260 395.2
1083270 395.2
1083280 395.2
1083290 395.2
1083300 395.2
1083310 395.2
1083320 395.2
1083330 395.2
1083340 395.2
1083350 395.2
1083360 395.2
1083370 395.2
1083380 395.2
1083390 395.2
1083400 395.2
1083410 395.2
1083420 395.2
1083430 395.2
1083440 395.2
1083450 395.2
1083460 395.2
1083470 395.2
1083480 395.2
1083490 395.2
1083500 395.2
1083510 395.2
1083520 395.2
1083530 395.2
1083540 395.2
1083550 395.2
1083560 395.2
1083570 395.2
1083580 395.2
1083590 395.2
1083600 395.2
1083610 395.2
1083620 395.2
1083630 395.2
1083640 395.2
1083650 395.2
1083660 395.2
1083670 395.2
1083680 395.2
1083690 395.2
1083700 395.2
1083710 395.2
1083720 395.2
1083730 395.2
1083740 395.2
1083750 395.2
1083760 395.2
1083770 395.2
1083780 395.2
1083790 395.2
1083800 395.2
1083810 395.2
1083820 395.2
1083830 395.2
1083840 395.2
1083850 395.2
1083860 395.2
1083870 395.2
1083880 395.2
1083890 395.2
1083900 395.2
1083910 395.2
1083920 395.2
1083930 395.2
1083940 395.2
1083950 395.2
1083960 395.2
1083970 395.2
1083980 395.2
1083990 395.2
1084000 395.2
1084010 395.2
1084020 395.2
1084030 395.2
1084040 395.2
1084050 395.2
1084060 395.2
1084070 395.2
1084080 395.2
1084090 395.2
1084100 395.2
1084110 395.2
1084120 395.2
1084130 395.2
1084140 395.2
1084150 395.2
1084160 395.2
1084170 395.2
1084180 395.2
1084190 395.2
1084200 395.2
1084210 395.2
1084220 395.2
1084230 395.2
1084240 395.2
1084250 395.2
1084260 395.2
1084270 395.2
1084280 395.2
1084290 395.2
1084300 395.2
1084310 395.2
1084320 395.2
1084330 395.2
1084340 395.2
1084350 395.2
1084360 395.2
1084370 395.2
1084380 395.2
1084390 395.2
1084400 395.2
1084410 395.2
1084420 395.2
1084430 395.2
1084440 395.2
1084450 395.2
1084460 395.2
1084470 395.2
1084480 395.2
1084490 395.2
1084500 395.2
1084510 395.2
1084520 395.2
1084530 395.2
1084540 395.2
1084550 395.2
1084560 395.2
1084570 395.2
1084580 395.2
1084590 395.2
1084600 395.2
1084610 395.2
1084620 395.2
1084630 395.2
1084640 395.2
1084650 395.2
1084660 395.2
1084670 395.2
1084680 395.2
1084690 395.2
1084700 395.2
1084710 395.2
1084720 395.2
1084730 395.2
1084740 395.2
1084750 395.2
1084760 395.2
1084770 395.2
1084780 395.2
1084790 395.2
1084800 395.2
1084810 395.2
1084820 395.2
1084830 395.2
1084840 395.2
1084850 395.2
1084860 395.2
1084870 395.2
1084880 395.2
1084890 395.2
1084900 395.2
1084910 395.2
1084920 395.2
1084930 395.2
1084940 395.2
1084950 395.2
1084960 395.2
1084970 395.2
1084980 395.2
1084990 395.2
1085000 395.2
1085010 395.2
1085020 395.2
1085030 395.1
1085040 395.1
1085050 395.1
1085060 395.1
1085070 395.1
1085080 395.1
1085090 395.1
1085100 395.1
1085110 395.1
1085120 395.1
1085130 395.1
1085140 395.1
1085150 395.1
1085160 395.1
1085170 395.1
1085180 395.1
1085190 395.1
1085200 395.1
1085210 395.0
1085220 395.1
1085230 395.1
1085240 395.0
1085250 395.1
1085260 395.1
1085270 395.0
1085280 395.0
1085290 395.0
1085300 395.0
1085310 395.0
1085320 395.0
1085330 395.0
1085340 395.0
1085350 395.0
1085360 395.0
1085370 395.0
1085380 395.0
1085390 395.0
1085400 395.0
1085410 395.0
1085420 395.0
1085430 395.0
1085440 395.0
1085450 395.0
1085460 395.0
1085470 395.0
1085480 395.0
1085490 395.0
1085500 395.0
1085510 395.0
1085520 395.1
1085530 395.1
1085540 395.1
1085550 395.1
1085560 395.1
1085570 395.1
1085580 395.0
1085590 395.1
1085600 395.1
1085610 395.1
1085620 395.1
1085630 395.1
1085640 394.7
1085650 394.7
1085660 394.7
1085670 394.7
1085680 394.7
1085690 394.7
1085700 394.7
1085710 394.7
1085720 394.7
1085730 395.6
1085740 397.5
1085750 397.5
1085760 398.3
1085770 398.8
1085780 398.8
1085790 399.1
1085800 399.4
1085810 399.4
1085820 400.3
1085830 400.6
1085840 400.9
1085850 400.9
1085860 401.6
1085870 402.1
1085880 402.1
1085890 402.6
1085900 403.3
1085910 403.3
1085920 406.0
1085930 406.9
1085940 406.9
1085950 407.2
1085960 406.9
1085970 406.9
1085980 410.4
1085990 414.9
1086000 414.9
1086010 419.5
1086020 423.4
1086030 423.4
1086040 427.4
1086050 428.0
1086060 428.0
1086070 431.7
1086080 437.7
1086090 437.7
1086100 443.0
1086110 447.7
1086120 447.7
1086130 451.7
1086140 457.1
1086150 457.1
1086160 463.3
1086170 469.8
1086180 469.8
1086190 479.1
1086200 488.6
1086210 495.5
1086220 495.5
1086230 501.1
1086240 503.9
1086250 503.9
1086260 506.0
1086270 508.8
1086280 508.8
1086290 514.6
1086300 523.2
1086310 523.2
1086320 541.9
1086330 551.7
1086340 551.7
1086350 555.8
1086360 558.9
1086370 558.9
1086380 560.4
1086390 560.9
1086400 560.9
1086410 562.1
1086420 565.8
1086430 565.8
1086440 566.0
1086450 570.2
1086460 570.2
1086470 577.6
1086480 579.7
1086490 579.7
1086500 582.2
1086510 584.6
1086520 584.6
1086530 586.7
1086540 591.3
1086550 591.3
1086560 592.4
1086570 599.7
1086580 609.9
1086590 609.9
1086600 622.5
1086610 628.4
1086620 628.4
1086630 639.6
1086640 658.0
1086650 658.0
1086660 667.1
1086670 668.2
1086680 668.2
1086690 668.5
1086700 668.9
1086710 668.9
1086720 669.3
1086730 670.9
1086740 670.9
1086750 672.0
1086760 675.3
1086770 675.3
1086780 677.9
1086790 678.0
1086800 678.0
1086810 680.1
1086820 681.8
1086830 681.8
1086840 682.3
1086850 678.5
1086860 678.5
1086870 675.8
1086880 663.7
1086890 663.7
1086900 667.0
1086910 659.5
1086920 659.5
1086930 662.7
1086940 663.4
1086950 668.7
1086960 668.7
1086970 669.9
1086980 669.9
1086990 669.9
1087000 670.5
1087010 671.1
1087020 671.1
1087030 674.3
1087040 677.4
1087050 677.4
1087060 680.0
1087070 681.5
1087080 681.5
1087090 682.6
1087100 684.8
1087110 684.8
1087120 689.1
1087130 693.7
1087140 693.7
1087150 695.9
1087160 696.6
1087170 696.6
1087180 696.3
1087190 697.9
1087200 697.9
1087210 705.2
1087220 708.3
1087230 708.3
1087240 712.8
1087250 716.0
1087260 716.0
1087270 718.6
1087280 720.5
1087290 720.5
1087300 722.1
1087310 723.9
1087320 726.7
1087330 726.7
1087340 730.8
1087350 734.4
1087360 734.4
1087370 737.7
1087380 741.3
1087390 741.3
1087400 743.8
1087410 746.1
1087420 746.1
1087430 749.1
1087440 752.5
1087450 752.5
1087460 756.2
1087470 758.4
1087480 758.4
1087490 760.0
1087500 763.0
1087510 763.0
1087520 766.1
1087530 772.3
1087540 772.3
1087550 773.8
1087560 772.9
1087570 772.9
1087580 769.8
1087590 773.1
1087600 773.1
1087610 778.9
1087620 783.2
1087630 783.2
1087640 785.9
1087650 788.9
1087660 788.9
1087670 792.3
1087680 796.5
1087690 800.9
1087700 800.9
1087710 806.1
1087720 810.8
1087730 810.8
1087740 814.8
1087750 818.0
1087760 818.0
1087770 820.1
1087780 821.7
1087790 821.7
1087800 823.1
1087810 824.6
1087820 824.6
1087830 826.2
1087840 826.4
1087850 827.9
1087860 828.5
1087870 830.0
1087880 830.0
1087890 831.8
1087900 832.8
1087910 832.8
1087920 833.5
1087930 834.6
1087940 834.6
1087950 836.0
1087960 837.1
1087970 837.1
1087980 836.8
1087990 836.4
1088000 836.4
1088010 838.7
1088020 843.3
1088030 843.3
1088040 846.1
1088050 842.9
1088060 841.9
1088070 841.9
1088080 847.7
1088090 853.6
1088100 853.6
1088110 858.3
1088120 860.8
1088130 860.8
1088140 863.9
1088150 867.6
1088160 867.6
1088170 872.9
1088180 876.6
1088190 876.6
1088200 880.9
1088210 889.8
1088220 889.8
1088230 898.4
1088240 900.6
1088250 900.6
1088260 903.0
1088270 906.8
1088280 906.8
1088290 910.6
1088300 913.7
1088310 913.7
1088320 916.6
1088330 918.7
1088340 918.7
1088350 920.7
1088360 923.0
1088370 923.0
1088380 922.8
1088390 920.4
1088400 920.4
1088410 918.7
1088420 919.5
1088430 920.4
1088440 920.4
1088450 919.7
1088460 920.3
1088470 920.3
1088480 920.1
1088490 925.4
1088500 925.4
1088510 923.3
1088520 922.2
1088530 922.2
1088540 919.9
1088550 919.7
1088560 919.7
1088570 924.3
1088580 927.4
1088590 927.4
1088600 930.4
1088610 930.6
1088620 930.6
1088630 930.4
1088640 931.1
1088650 931.1
1088660 931.0
1088670 932.4
1088680 932.4
1088690 935.0
1088700 936.3
1088710 936.3
1088720 938.0
1088730 939.1
1088740 939.1
1088750 940.9
1088760 941.3
1088770 942.5
1088780 942.5
1088790 946.6
1088800 951.6
1088810 951.6
1088820 953.7
1088830 956.0
1088840 956.0
1088850 960.7
1088860 963.0
1088870 963.0
1088880 964.8
1088890 966.4
1088900 966.4
1088910 969.7
1088920 975.4
1088930 975.4
1088940 979.7
1088950 985.7
1088960 985.7
1088970 988.8
1088980 994.2
1088990 994.2
1089000 999.1
1089010 1003.5
1089020 1003.5
1089030 1007.1
1089040 1010.0
1089050 1010.0
1089060 1012.1
1089070 1012.7
1089080 1012.7
1089090 1012.8
1089100 1012.3
1089110 1012.3
1089120 1011.8
1089130 1011.0
1089140 1009.2
1089150 1009.2
1089160 1008.5
1089170 1008.1
1089180 1008.1
1089190 1007.6
1089200 1007.1
1089210 1007.1
1089220 1006.4
1089230 1005.9
1089240 1005.9
1089250 1005.7
1089260 1005.5
1089270 1005.5
1089280 1005.5
1089290 1006.3
1089300 1006.3
1089310 1007.1
1089320 1007.7
1089330 1007.7
1089340 1008.4
1089350 1008.5
1089360 1008.5
1089370 1008.2
1089380 1007.2
1089390 1007.2
1089400 1006.1
1089410 1005.6
1089420 1005.6
1089430 1005.3
1089440 1004.6
1089450 1004.6
1089460 1001.5
1089470 998.1
1089480 998.1
1089490 997.1
1089500 995.9
1089510 994.2
1089520 994.2
1089530 992.0
1089540 993.2
1089550 993.2
1089560 994.6
1089570 995.2
1089580 995.2
1089590 995.1
1089600 995.3
1089610 995.3
1089620 996.0
1089630 996.5
1089640 996.5
1089650 996.8
1089660 997.2
1089670 997.2
1089680 998.1
1089690 999.1
1089700 999.1
1089710 999.2
1089720 997.0
1089730 997.0
1089740 994.8
1089750 994.3
1089760 994.3
1089770 993.1
1089780 989.4
1089790 992.3
1089800 987.1
1089810 983.0
1089820 983.0
1089830 973.6
1089840 966.4
1089850 966.4
1089860 964.7
1089870 964.1
1089880 962.4
1089890 962.4
1089900 961.0
1089910 961.4
1089920 961.4
1089930 962.6
1089940 963.9
1089950 963.9
1089960 965.7
1089970 967.7
1089980 967.7
1089990 969.4
1090000 970.2
1090010 970.2
1090020 970.7
1090030 971.7
1090040 971.7
1090050 972.1
1090060 969.2
1090070 969.2
1090080 962.0
1090090 954.8
1090100 954.8
1090110 946.9
1090120 941.5
1090130 941.5
1090140 937.1
1090150 931.9
1090160 931.9
1090170 925.9
1090180 922.6
1090190 922.6
1090200 919.8
1090210 916.9
1090220 916.9
1090230 914.5
1090240 912.1
1090250 909.6
1090260 909.6
1090270 908.3
1090280 907.8
1090290 907.8
1090300 907.8
1090310 908.1
1090320 908.1
1090330 908.8
1090340 909.1
1090350 909.1
1090360 908.3
1090370 905.4
1090380 905.4
1090390 900.9
1090400 896.3
1090410 896.3
1090420 898.8
1090430 902.3
1090440 904.5
1090450 905.8
1090460 906.8
1090470 906.8
1090480 908.1
1090490 909.0
1090500 909.0
1090510 909.9
1090520 911.3
1090530 911.3
1090540 912.6
1090550 913.5
1090560 913.5
1090570 914.0
1090580 914.7
1090590 914.7
1090600 915.1
1090610 914.4
1090620 911.7
1090630 911.7
1090640 910.4
1090650 909.3
1090660 909.3
1090670 904.8
1090680 898.7
1090690 898.7
1090700 894.1
1090710 891.7
1090720 891.7
1090730 889.7
1090740 888.0
1090750 888.0
1090760 885.0
1090770 884.0
1090780 884.0
1090790 883.4
1090800 883.3
1090810 883.3
1090820 882.9
1090830 882.1
1090840 882.1
1090850 880.2
1090860 878.9
1090870 878.9
1090880 875.3
1090890 868.8
1090900 868.8
1090910 865.3
1090920 863.9
1090930 863.9
1090940 863.3
1090950 862.5
1090960 862.5
1090970 860.3
1090980 855.5
1090990 851.1
1091000 851.1
1091010 849.1
1091020 848.1
1091030 848.1
1091040 846.9
1091050 843.7
1091060 843.7
1091070 839.8
1091080 833.5
1091090 833.7
1091100 827.6
1091110 820.6
1091120 820.6
1091130 815.4
1091140 812.7
1091150 812.7
1091160 808.7
1091170 805.8
1091180 805.8
1091190 804.6
1091200 803.1
1091210 803.1
1091220 803.0
1091230 800.0
1091240 800.0
1091250 797.2
1091260 793.7
1091270 793.7
1091280 791.8
1091290 789.6
1091300 789.6
1091310 789.5
1091320 790.7
1091330 790.7
1091340 795.4
1091350 800.4
1091360 803.9
1091370 803.9
1091380 806.2
1091390 810.7
1091400 810.7
1091410 815.2
1091420 817.6
1091430 817.6
1091440 821.5
1091450 828.8
1091460 828.8
1091470 839.2
1091480 848.9
1091490 848.9
1091500 855.8
1091510 861.5
1091520 861.5
1091530 866.9
1091540 871.4
1091550 871.4
1091560 876.4
1091570 882.5
1091580 882.5
1091590 886.1
1091600 888.0
1091610 888.0
1091620 889.1
1091630 890.1
1091640 890.1
1091650 891.1
1091660 892.4
1091670 892.4
1091680 893.5
1091690 894.8
1091700 894.8
1091710 896.1
1091720 897.3
1091730 898.8
1091740 901.6
1091750 903.2
1091760 904.7
1091770 904.7
1091780 906.3
1091790 907.8
1091800 907.8
1091810 909.4
1091820 911.0
1091830 911.0
1091840 912.1
1091850 913.4
1091860 913.4
1091870 915.2
1091880 916.9
1091890 916.9
1091900 918.4
1091910 919.7
1091920 919.7
1091930 921.0
1091940 922.5
1091950 922.5
1091960 923.9
1091970 925.1
1091980 925.1
1091990 926.3
1092000 928.3
1092010 928.3
1092020 930.4
1092030 932.1
1092040 932.1
1092050 932.8
1092060 936.5
1092070 936.5
1092080 937.9
1092090 939.7
1092100 941.9
1092110 941.9
1092120 943.6
1092130 945.1
1092140 945.1
1092150 946.6
1092160 948.0
1092170 948.0
1092180 949.2
1092190 950.5
1092200 950.5
1092210 951.9
1092220 953.4
1092230 953.4
1092240 954.7
1092250 956.4
1092260 956.4
1092270 958.5
1092280 960.4
1092290 960.4
1092300 961.7
1092310 963.3
1092320 963.3
1092330 965.9
1092340 968.3
1092350 968.3
1092360 969.8
1092370 971.7
1092380 971.7
1092390 975.7
1092400 977.2
1092410 977.2
1092420 978.0
1092430 978.7
1092440 978.7
1092450 979.6
1092460 979.3
1092470 975.3
1092480 975.3
1092490 971.2
1092500 968.0
1092510 968.0
1092520 963.5
1092530 961.8
1092540 961.8
1092550 964.1
1092560 966.3
1092570 966.3
1092580 968.5
1092590 970.2
1092600 970.2
1092610 971.5
1092620 972.5
1092630 972.5
1092640 973.6
1092650 974.0
1092660 974.0
1092670 971.6
1092680 965.4
1092690 965.4
1092700 960.7
1092710 961.6
1092720 961.6
1092730 963.0
1092740 963.6
1092750 963.6
1092760 962.4
1092770 960.8
1092780 960.8
1092790 959.8
1092800 960.1
1092810 960.1
1092820 960.5
1092830 963.0
1092840 965.2
1092850 965.2
1092860 967.4
1092870 967.9
1092880 967.9
1092890 968.0
1092900 966.7
1092910 966.7
1092920 964.2
1092930 961.7
1092940 961.7
1092950 959.3
1092960 956.7
1092970 956.7
1092980 953.5
1092990 949.5
1093000 949.5
1093010 946.5
1093020 942.7
1093030 942.7
1093040 937.2
1093050 935.4
1093060 935.4
1093070 933.8
1093080 930.2
1093090 930.2
1093100 924.1
1093110 919.8
1093120 919.8
1093130 918.2
1093140 916.7
1093150 916.7
1093160 914.8
1093170 912.4
1093180 912.4
1093190 909.1
1093200 906.6
1093210 904.4
1093220 904.4
1093230 900.6
1093240 897.8
1093250 897.8
1093260 897.7
1093270 899.2
1093280 899.2
1093290 899.6
1093300 900.4
1093310 900.4
1093320 900.7
1093330 900.2
1093340 900.2
1093350 896.9
1093360 892.7
1093370 890.3
1093380 887.0
1093390 884.1
1093400 884.1
1093410 882.2
1093420 882.3
1093430 882.3
1093440 883.9
1093450 885.4
1093460 885.4
1093470 886.1
1093480 884.0
1093490 884.0
1093500 883.0
1093510 883.8
1093520 883.8
1093530 884.0
1093540 882.4
1093550 882.4
1093560 879.0
1093570 874.2
1093580 868.5
1093590 868.5
1093600 865.7
1093610 863.8
1093620 863.8
1093630 860.9
1093640 857.5
1093650 857.5
1093660 853.9
1093670 851.3
1093680 851.3
1093690 849.2
1093700 845.2
1093710 845.2
1093720 843.7
1093730 842.6
1093740 842.6
1093750 841.7
1093760 840.2
1093770 840.2
1093780 837.5
1093790 836.4
1093800 836.4
1093810 837.4
1093820 837.9
1093830 837.9
1093840 837.5
1093850 836.7
1093860 836.7
1093870 835.5
1093880 834.1
1093890 834.1
1093900 832.6
1093910 830.9
1093920 830.9
1093930 829.2
1093940 827.3
1093950 824.9
1093960 824.9
1093970 822.0
1093980 821.2
1093990 821.2
1094000 821.7
1094010 821.9
1094020 820.5
1094030 818.0
1094040 814.6
1094050 814.6
1094060 810.4
1094070 806.4
1094080 806.4
1094090 803.3
1094100 801.1
1094110 801.1
1094120 799.0
1094130 795.4
1094140 795.4
1094150 791.6
1094160 789.1
1094170 789.1
1094180 788.1
1094190 786.8
1094200 786.8
1094210 786.7
1094220 789.9
1094230 789.9
1094240 792.9
1094250 795.3
1094260 795.3
1094270 797.5
1094280 799.5
1094290 799.5
1094300 801.2
1094310 803.2
1094320 805.1
1094330 805.1
1094340 807.3
1094350 811.5
1094360 811.5
1094370 813.4
1094380 813.4
1094390 813.4
1094400 809.5
1094410 803.7
1094420 803.7
1094430 798.5
1094440 790.9
1094450 790.9
1094460 783.7
1094470 778.3
1094480 778.3
1094490 774.4
1094500 769.2
1094510 769.2
1094520 763.4
1094530 758.4
1094540 758.4
1094550 752.9
1094560 748.3
1094570 748.3
1094580 743.6
1094590 739.4
1094600 739.4
1094610 734.4
1094620 728.3
1094630 728.3
1094640 725.2
1094650 719.9
1094660 715.4
1094670 715.4
1094680 705.1
1094690 700.8
1094700 700.8
1094710 695.5
1094720 691.8
1094730 691.8
1094740 688.6
1094750 681.1
1094760 681.1
1094770 676.9
1094780 675.5
1094790 675.5
1094800 673.1
1094810 669.7
1094820 669.7
1094830 665.3
1094840 664.1
1094850 664.1
1094860 661.6
1094870 658.7
1094880 658.7
1094890 656.5
1094900 654.5
1094910 654.5
1094920 651.9
1094930 648.6
1094940 648.6
1094950 645.5
1094960 642.9
1094970 642.9
1094980 640.1
1094990 636.8
1095000 636.8
1095010 633.3
1095020 630.5
1095030 628.1
1095040 628.1
1095050 626.7
1095060 625.8
1095070 625.8
1095080 625.0
1095090 624.1
1095100 624.1
1095110 623.0
1095120 621.5
1095130 621.5
1095140 620.0
1095150 619.1
1095160 619.1
1095170 618.1
1095180 616.7
1095190 616.7
1095200 615.0
1095210 613.1
1095220 613.1
1095230 611.2
1095240 609.3
1095250 609.3
1095260 608.9
1095270 608.6
1095280 608.6
1095290 608.2
1095300 607.4
1095310 607.4
1095320 606.3
1095330 603.9
1095340 603.9
1095350 602.2
1095360 600.9
1095370 600.9
1095380 600.4
1095390 599.7
1095400 597.9
1095410 597.9
1095420 597.3
1095430 597.1
1095440 597.1
1095450 596.2
1095460 595.2
1095470 595.2
1095480 594.5
1095490 593.8
1095500 593.8
1095510 593.3
1095520 592.9
1095530 592.9
1095540 592.4
1095550 591.9
1095560 591.9
1095570 591.3
1095580 590.7
1095590 590.7
1095600 590.0
1095610 589.1
1095620 589.1
1095630 587.9
1095640 586.7
1095650 586.7
1095660 585.0
1095670 583.9
1095680 583.9
1095690 582.8
1095700 581.8
1095710 581.8
1095720 581.6
1095730 582.0
1095740 582.0
1095750 582.3
1095760 582.5
1095770 582.3
1095780 582.3
1095790 581.7
1095800 581.0
1095810 581.0
1095820 580.7
1095830 580.6
1095840 580.6
1095850 581.0
1095860 580.9
1095870 580.9
1095880 580.6
1095890 580.5
1095900 580.5
1095910 580.3
1095920 580.2
1095930 580.2
1095940 579.9
1095950 579.6
1095960 579.6
1095970 579.1
1095980 578.5
1095990 579.1
1096000 578.6
1096010 577.3
1096020 577.3
1096030 576.5
1096040 576.6
1096050 576.6
1096060 577.4
1096070 578.7
1096080 578.7
1096090 579.8
1096100 580.6
1096110 580.6
1096120 581.2
1096130 581.6
1096140 582.0
1096150 582.0
1096160 582.4
1096170 582.5
1096180 582.5
1096190 582.4
1096200 582.2
1096210 582.2
1096220 582.0
1096230 581.7
1096240 581.7
1096250 581.1
1096260 580.1
1096270 580.1
1096280 578.8
1096290 577.7
1096300 577.7
1096310 576.6
1096320 575.0
1096330 575.0
1096340 575.1
1096350 575.6
1096360 575.6
1096370 575.9
1096380 575.9
1096390 575.9
1096400 575.9
1096410 575.9
1096420 575.9
1096430 576.5
1096440 577.1
1096450 577.1
1096460 577.4
1096470 577.6
1096480 577.6
1096490 577.3
1096500 577.4
1096510 577.2
1096520 577.2
1096530 577.1
1096540 576.6
1096550 576.6
1096560 575.4
1096570 574.2
1096580 574.2
1096590 573.3
1096600 572.8
1096610 572.8
1096620 571.7
1096630 571.1
1096640 571.1
1096650 570.2
1096660 570.3
1096670 570.3
1096680 570.5
1096690 570.4
1096700 570.4
1096710 570.2
1096720 570.0
1096730 570.0
1096740 569.1
1096750 568.2
1096760 568.2
1096770 568.5
1096780 567.9
1096790 567.9
1096800 567.4
1096810 567.2
1096820 567.2
1096830 566.9
1096840 566.3
1096850 566.3
1096860 565.7
1096870 565.0
1096880 564.0
1096890 564.0
1096900 563.1
1096910 562.0
1096920 562.0
1096930 560.9
1096940 559.9
1096950 559.9
1096960 560.1
1096970 560.4
1096980 559.1
1096990 559.6
1097000 560.1
1097010 560.1
1097020 560.5
1097030 560.7
1097040 560.7
1097050 561.2
1097060 561.9
1097070 561.9
1097080 562.4
1097090 562.8
1097100 562.8
1097110 562.5
1097120 562.3
1097130 562.3
1097140 562.0
1097150 561.5
1097160 561.5
1097170 560.9
1097180 559.8
1097190 559.8
1097200 558.4
1097210 556.9
1097220 556.9
1097230 556.0
1097240 555.1
1097250 554.0
1097260 554.0
1097270 552.6
1097280 551.4
1097290 551.4
1097300 550.4
1097310 550.5
1097320 550.5
1097330 549.6
1097340 548.8
1097350 548.8
1097360 548.1
1097370 547.2
1097380 547.2
1097390 546.4
1097400 545.7
1097410 545.7
1097420 545.1
1097430 544.3
1097440 544.3
1097450 543.6
1097460 542.9
1097470 542.9
1097480 542.2
1097490 540.1
1097500 540.1
1097510 539.4
1097520 537.5
1097530 537.5
1097540 535.1
1097550 534.8
1097560 534.8
1097570 533.2
1097580 532.3
1097590 532.3
1097600 533.1
1097610 533.9
1097620 534.2
1097630 534.2
1097640 535.7
1097650 534.0
1097660 534.0
1097670 535.0
1097680 537.7
1097690 537.7
1097700 540.8
1097710 543.5
1097720 543.5
1097730 545.2
1097740 546.5
1097750 546.5
1097760 547.6
1097770 547.6
1097780 547.6
1097790 547.7
1097800 547.5
1097810 547.5
1097820 547.1
1097830 546.5
1097840 546.5
1097850 546.5
1097860 548.2
1097870 548.2
1097880 549.0
1097890 548.5
1097900 548.5
1097910 547.5
1097920 546.5
1097930 546.5
1097940 544.8
1097950 543.3
1097960 543.3
1097970 542.5
1097980 542.3
1097990 542.9
1098000 542.9
1098010 543.6
1098020 544.2
1098030 544.2
1098040 544.3
1098050 543.7
1098060 543.7
1098070 543.4
1098080 543.6
1098090 543.6
1098100 543.8
1098110 543.3
1098120 543.3
1098130 537.8
1098140 530.8
1098150 530.8
1098160 525.9
1098170 522.4
1098180 522.4
1098190 521.3
1098200 521.3
1098210 521.3
1098220 522.5
1098230 526.6
1098240 526.6
1098250 531.8
1098260 533.5
1098270 533.5
1098280 533.7
1098290 536.4
1098300 540.1
1098310 542.7
1098320 545.4
1098330 545.4
1098340 547.4
1098350 549.1
1098360 550.8
1098370 550.8
1098380 552.3
1098390 554.1
1098400 554.1
1098410 556.9
1098420 560.3
1098430 560.3
1098440 563.8
1098450 566.5
1098460 566.5
1098470 567.6
1098480 568.8
1098490 568.8
1098500 570.7
1098510 573.0
1098520 573.0
1098530 575.4
1098540 578.1
1098550 578.1
1098560 580.5
1098570 582.8
1098580 582.8
1098590 586.3
1098600 589.7
1098610 589.7
1098620 593.7
1098630 599.0
1098640 599.0
1098650 601.5
1098660 605.6
1098670 605.6
1098680 610.6
1098690 615.3
1098700 615.3
1098710 619.7
1098720 624.1
1098730 628.4
1098740 628.4
1098750 633.2
1098760 639.0
1098770 639.0
1098780 647.4
1098790 653.6
1098800 653.6
1098810 658.4
1098820 662.9
1098830 662.9
1098840 667.2
1098850 671.6
1098860 671.6
1098870 675.1
1098880 676.8
1098890 676.8
1098900 677.2
1098910 676.4
1098920 676.4
1098930 675.3
1098940 674.5
1098950 674.5
1098960 673.9
1098970 673.3
1098980 673.3
1098990 673.3
1099000 673.3
1099010 673.3
1099020 673.7
1099030 674.4
1099040 674.4
1099050 675.1
1099060 675.9
1099070 676.8
1099080 676.8
1099090 677.9
1099100 680.4
1099110 680.4
1099120 683.8
1099130 687.4
1099140 687.4
1099150 691.4
1099160 695.3
1099170 695.3
1099180 700.0
1099190 703.2
1099200 703.2
1099210 706.4
1099220 711.1
1099230 711.1
1099240 713.3
1099250 714.7
1099260 714.7
1099270 716.5
1099280 719.1
1099290 719.1
1099300 724.1
1099310 727.2
1099320 727.2
1099330 730.4
1099340 733.6
1099350 733.6
1099360 736.9
1099370 739.7
1099380 739.7
1099390 739.5
1099400 741.9
1099410 741.9
1099420 745.7
1099430 749.9
1099440 754.4
1099450 754.4
1099460 757.9
1099470 762.2
1099480 762.2
1099490 766.9
1099500 770.5
1099510 770.5
1099520 774.1
1099530 777.4
1099540 777.4
1099550 780.8
1099560 784.6
1099570 784.6
1099580 788.5
1099590 792.2
1099600 792.2
1099610 796.0
1099620 797.5
1099630 798.9
1099640 797.0
1099650 795.5
1099660 795.5
1099670 795.8
1099680 796.2
1099690 796.2
1099700 796.5
1099710 797.5
1099720 797.5
1099730 799.3
1099740 802.1
1099750 802.1
1099760 805.6
1099770 809.2
1099780 809.2
1099790 813.2
1099800 816.2
1099810 819.0
1099820 819.0
1099830 819.0
1099840 814.0
1099850 814.0
1099860 807.9
1099870 801.3
1099880 801.3
1099890 795.1
1099900 790.6
1099910 790.6
1099920 789.4
1099930 792.3
1099940 792.3
1099950 794.5
1099960 797.1
1099970 797.1
1099980 795.0
1099990 794.5
