1080000 395.2
1080010 395.2
1080020 395.2
1080030 395.2
1080040 395.2
1080050 395.2
1080060 395.2
1080070 395.2
1080080 395.2
1080090 395.2
1080100 395.2
1080110 395.2
1080120 395.2
1080130 395.2
1080140 395.2
1080150 395.2
1080160 395.2
1080170 395.2
1080180 395.2
1080190 395.2
1080200 395.2
1080210 395.2
1080220 395.2
1080230 395.2
1080240 395.2
1080250 395.2
1080260 395.2
1080270 395.2
1080280 395.2
1080290 395.2
1080300 395.2
1080310 395.2
1080320 395.2
1080330 395.2
1080340 395.2
1080350 395.2
1080360 395.2
1080370 395.2
1080380 395.2
1080390 395.2
1080400 395.2
1080410 395.2
1080420 395.2
1080430 395.2
1080440 395.2
1080450 395.2
1080460 395.2
1080470 395.2
1080480 395.2
1080490 395.2
1080500 395.2
1080510 395.2
1080520 395.2
1080530 395.2
1080540 395.2
1080550 395.2
1080560 395.2
1080570 395.2
1080580 395.2
1080590 395.2
1080600 395.2
1080610 395.2
1080620 395.2
1080630 395.2
1080640 395.2
1080650 395.2
1080660 395.2
1080670 395.2
1080680 395.2
1080690 395.2
1080700 395.2
1080710 395.2
1080720 395.2
1080730 395.2
1080740 395.2
1080750 395.2
1080760 395.2
1080770 395.2
1080780 395.2
1080790 395.2
1080800 395.2
1080810 395.2
1080820 395.2
1080830 395.2
1080840 395.2
1080850 395.2
1080860 395.2
1080870 395.2
1080880 395.2
1080890 395.2
1080900 395.2
1080910 395.2
1080920 395.2
1080930 395.2
1080940 395.2
1080950 395.2
1080960 395.2
1080970 395.2
1080980 395.2
1080990 395.2
1081000 395.2
1081010 395.2
1081020 395.2
1081030 395.2
1081040 395.2
1081050 395.2
1081060 395.2
1081070 395.2
1081080 395.2
1081090 395.2
1081100 395.2
1081110 395.2
1081120 395.2
1081130 395.2
1081140 395.2
1081150 395.2
1081160 395.2
1081170 395.2
1081180 395.2
1081190 395.2
1081200 395.2
1081210 395.2
1081220 395.2
1081230 395.2
1081240 395.2
1081250 395.2
1081260 395.2
1081270 395.2
1081280 395.2
1081290 395.2
1081300 395.2
1081310 395.2
1081320 395.2
1081330 395.2
1081340 395.2
1081350 395.2
1081360 395.2
1081370 395.2
1081380 395.2
1081390 395.2
1081400 395.2
1081410 395.2
1081420 395.2
1081430 395.2
1081440 395.2
1081450 395.2
1081460 395.2
1081470 395.2
1081480 395.2
1081490 395.2
1081500 395.2
1081510 395.2
1081520 395.2
1081530 395.2
1081540 395.2
1081550 395.2
1081560 395.2
1081570 395.2
1081580 395.2
1081590 395.2
1081600 395.2
1081610 395.2
1081620 395.2
1081630 395.2
1081640 395.2
1081650 395.2
1081660 395.2
1081670 395.2
1081680 395.2
1081690 395.2
1081700 395.2
1081710 395.2
1081720 395.2
1081730 395.2
1081740 395.2
1081750 395.2
1081760 395.2
1081770 395.2
1081780 395.2
1081790 395.2
1081800 395.2
1081810 395.2
1081820 395.2
1081830 395.2
1081840 395.2
1081850 395.2
1081860 395.2
1081870 395.2
1081880 395.2
1081890 395.2
1081900 395.2
1081910 395.2
1081920 395.2
1081930 395.2
1081940 395.2
1081950 395.2
1081960 395.2
1081970 395.2
1081980 395.2
1081990 395.2
1082000 395.2
1082010 395.2
1082020 395.2
1082030 395.2
1082040 395.2
1082050 395.2
1082060 395.2
1082070 395.2
1082080 395.2
1082090 395.2
1082100 395.2
1082110 395.2
1082120 395.2
1082130 395.2
1082140 395.2
1082150 395.2
1082160 395.2
1082170 395.2
1082180 395.2
1082190 395.2
1082200 395.2
1082210 395.2
1082220 395.2
1082230 395.2
1082240 395.2
1082250 395.2
1082260 395.2
1082270 395.2
1082280 395.2
1082290 395.2
1082300 395.2
1082310 395.2
1082320 395.2
1082330 395.2
1082340 395.2
1082350 395.2
1082360 395.2
1082370 395.2
1082380 395.2
1082390 395.2
1082400 395.2
1082410 395.2
1082420 395.2
1082430 395.2
1082440 395.2
1082450 395.2
1082460 395.2
1082470 395.2
1082480 395.2
1082490 395.2
1082500 395.2
1082510 395.2
1082520 395.2
1082530 395.2
1082540 395.2
1082550 395.2
1082560 395.2
1082570 395.2
1082580 395.2
1082590 395.2
1082600 395.2
1082610 395.2
1082620 395.2
1082630 395.2
1082640 395.2
1082650 395.2
1082660 395.2
1082670 395.2
1082680 395.2
1082690 395.2
1082700 395.2
1082710 395.2
1082720 395.2
1082730 395.2
1082740 395.2
1082750 395.2
1082760 395.2
1082770 395.2
1082780 395.2
1082790 395.2
1082800 395.2
1082810 395.2
1082820 395.2
1082830 395.2
1082840 395.2
1082850 395.2
1082860 395.2
1082870 395.2
1082880 395.2
1082890 395.2
1082900 395.2
1082910 395.2
1082920 395.2
1082930 395.2
1082940 395.2
1082950 395.2
1082960 395.2
1082970 395.2
1082980 395.2
1082990 395.2
1083000 395.2
1083010 395.2
1083020 395.2
1083030 395.2
1083040 395.2
1083050 395.2
1083060 395.2
1083070 395.2
1083080 395.2
1083090 395.2
1083100 395.2
1083110 395.2
1083120 395.2
1083130 395.2
1083140 395.2
1083150 395.2
1083160 395.2
1083170 395.2
1083180 395.2
1083190 395.2
1083200 395.2
1083210 395.2
1083220 395.2
1083230 395.2
1083240 395.2
1083250 395.2
1083260 395.2
1083270 395.2
1083280 395.2
1083290 395.2
1083300 395.2
1083310 395.2
1083320 395.2
1083330 395.2
1083340 395.2
1083350 395.2
1083360 395.2
1083370 395.2
1083380 395.2
1083390 395.2
1083400 395.2
1083410 395.2
1083420 395.2
1083430 395.2
1083440 395.2
1083450 395.2
1083460 395.2
1083470 395.2
1083480 395.2
1083490 395.2
1083500 395.2
1083510 395.2
1083520 395.2
1083530 395.2
1083540 395.2
1083550 395.2
1083560 395.2
1083570 395.2
1083580 395.2
1083590 395.2
1083600 395.2
1083610 395.2
1083620 395.2
1083630 395.2
1083640 395.2
1083650 395.2
1083660 395.2
1083670 395.2
1083680 395.2
1083690 395.2
1083700 395.2
1083710 395.2
1083720 395.2
1083730 395.2
1083740 395.2
1083750 395.2
1083760 395.2
1083770 395.2
1083780 395.2
1083790 395.2
1083800 395.2
1083810 395.2
1083820 395.2
1083830 395.2
1083840 395.2
1083850 395.2
1083860 395.2
1083870 395.2
1083880 395.2
1083890 395.2
1083900 395.2
1083910 395.2
1083920 395.2
1083930 395.2
1083940 395.2
1083950 395.2
1083960 395.2
1083970 395.2
1083980 395.2
1083990 395.2
1084000 395.2
1084010 395.2
1084020 395.2
1084030 395.2
1084040 395.2
1084050 395.2
1084060 395.2
1084070 395.2
1084080 395.2
1084090 395.2
1084100 395.2
1084110 395.2
1084120 395.2
1084130 395.2
1084140 395.2
1084150 395.2
1084160 395.2
1084170 395.2
1084180 395.2
1084190 395.2
1084200 395.2
1084210 395.2
1084220 395.2
1084230 395.2
1084240 395.2
1084250 395.2
1084260 395.2
1084270 395.2
1084280 395.2
1084290 395.2
1084300 395.2
1084310 395.2
1084320 395.2
1084330 395.2
1084340 395.2
1084350 395.2
1084360 395.2
1084370 395.2
1084380 395.2
1084390 395.2
1084400 395.2
1084410 395.2
1084420 395.2
1084430 395.2
1084440 395.2
1084450 395.2
1084460 395.2
1084470 395.2
1084480 395.2
1084490 395.2
1084500 395.2
1084510 395.2
1084520 395.2
1084530 395.2
1084540 395.2
1084550 395.2
1084560 395.2
1084570 395.2
1084580 395.2
1084590 395.2
1084600 395.2
1084610 395.2
1084620 395.2
1084630 395.2
1084640 395.2
1084650 395.2
1084660 395.2
1084670 395.2
1084680 395.2
1084690 395.2
1084700 395.2
1084710 395.2
1084720 395.2
1084730 395.2
1084740 395.2
1084750 395.2
1084760 395.2
1084770 395.2
1084780 395.2
1084790 395.2
1084800 395.2
1084810 395.2
1084820 395.2
1084830 395.2
1084840 395.2
1084850 395.2
1084860 395.2
1084870 395.2
1084880 395.2
1084890 395.2
1084900 395.2
1084910 395.2
1084920 395.2
1084930 395.2
1084940 395.2
1084950 395.2
1084960 395.2
1084970 395.2
1084980 395.2
1084990 395.2
1085000 395.2
1085010 395.2
1085020 395.2
1085030 395.2
1085040 395.2
1085050 395.2
1085060 395.2
1085070 395.2
1085080 395.2
1085090 395.2
1085100 395.2
1085110 395.2
1085120 395.2
1085130 395.2
1085140 395.2
1085150 395.2
1085160 395.2
1085170 395.2
1085180 395.2
1085190 395.2
1085200 395.2
1085210 395.2
1085220 395.2
1085230 395.2
1085240 395.2
1085250 395.2
1085260 395.2
1085270 395.2
1085280 395.2
1085290 395.1
1085300 395.0
1085310 395.0
1085320 395.0
1085330 395.0
1085340 395.0
1085350 395.0
1085360 395.0
1085370 395.0
1085380 395.0
1085390 395.0
1085400 395.0
1085410 394.9
1085420 394.8
1085430 394.8
1085440 394.8
1085450 394.8
1085460 394.8
1085470 394.8
1085480 394.8
1085490 394.8
1085500 394.8
1085510 394.8
1085520 394.8
1085530 394.8
1085540 394.8
1085550 394.8
1085560 394.8
1085570 394.8
1085580 395.5
1085590 395.5
1085600 398.0
1085610 399.1
1085620 399.1
1085630 399.6
1085640 402.9
1085650 401.9
1085660 406.4
1085670 410.8
1085680 410.8
1085690 413.1
1085700 415.2
1085710 415.2
1085720 417.1
1085730 418.9
1085740 418.9
1085750 421.5
1085760 423.2
1085770 423.2
1085780 423.8
1085790 425.7
1085800 428.5
1085810 428.5
1085820 433.4
1085830 438.1
1085840 438.1
1085850 442.2
1085860 446.2
1085870 446.2
1085880 450.0
1085890 455.6
1085900 455.6
1085910 468.3
1085920 476.2
1085930 476.2
1085940 478.8
1085950 482.1
1085960 482.1
1085970 485.8
1085980 491.5
1085990 491.5
1086000 498.2
1086010 503.5
1086020 503.5
1086030 511.0
1086040 518.7
1086050 518.7
1086060 523.5
1086070 525.3
1086080 525.3
1086090 526.1
1086100 526.1
1086110 526.1
1086120 526.2
1086130 527.4
1086140 527.4
1086150 527.7
1086160 528.0
1086170 528.2
1086180 528.2
1086190 528.7
1086200 529.5
1086210 529.5
1086220 530.0
1086230 531.2
1086240 531.2
1086250 532.0
1086260 532.1
1086270 532.1
1086280 532.4
1086290 536.7
1086300 536.7
1086310 537.3
1086320 537.3
1086330 537.3
1086340 538.5
1086350 541.0
1086360 541.0
1086370 543.7
1086380 547.8
1086390 547.8
1086400 552.6
1086410 557.7
1086420 557.7
1086430 563.2
1086440 569.3
1086450 569.3
1086460 574.6
1086470 582.1
1086480 582.1
1086490 589.0
1086500 596.4
1086510 596.4
1086520 603.7
1086530 605.0
1086540 605.7
1086550 605.7
1086560 606.3
1086570 607.7
1086580 607.7
1086590 609.9
1086600 612.1
1086610 613.6
1086620 616.1
1086630 618.1
1086640 618.1
1086650 619.7
1086660 621.4
1086670 621.4
1086680 623.2
1086690 624.4
1086700 624.4
1086710 624.5
1086720 621.1
1086730 621.1
1086740 616.2
1086750 616.6
1086760 616.6
1086770 621.4
1086780 624.7
1086790 624.7
1086800 626.3
1086810 627.6
1086820 627.6
1086830 629.2
1086840 630.3
1086850 630.3
1086860 632.7
1086870 636.4
1086880 636.4
1086890 639.1
1086900 642.4
1086910 645.2
1086920 645.2
1086930 648.0
1086940 652.9
1086950 652.9
1086960 655.2
1086970 656.7
1086980 656.7
1086990 658.9
1087000 661.0
1087010 661.0
1087020 662.4
1087030 663.1
1087040 663.1
1087050 666.0
1087060 671.0
1087070 671.0
1087080 676.6
1087090 684.4
1087100 684.4
1087110 689.3
1087120 691.8
1087130 691.8
1087140 694.9
1087150 698.6
1087160 698.6
1087170 699.8
1087180 700.3
1087190 700.3
1087200 701.6
1087210 702.5
1087220 702.5
1087230 702.8
1087240 701.9
1087250 701.9
1087260 705.9
1087270 707.7
1087280 710.4
1087290 710.4
1087300 712.0
1087310 712.6
1087320 712.6
1087330 714.3
1087340 717.4
1087350 717.4
1087360 719.0
1087370 722.4
1087380 722.4
1087390 726.1
1087400 729.4
1087410 729.4
1087420 733.3
1087430 737.3
1087440 737.3
1087450 742.9
1087460 747.6
1087470 747.6
1087480 751.1
1087490 751.9
1087500 751.9
1087510 752.3
1087520 753.0
1087530 753.0
1087540 754.3
1087550 760.9
1087560 760.9
1087570 769.0
1087580 776.2
1087590 776.2
1087600 781.8
1087610 784.3
1087620 784.3
1087630 785.3
1087640 785.8
1087650 786.1
1087660 786.1
1087670 785.1
1087680 783.1
1087690 783.1
1087700 782.0
1087710 789.1
1087720 789.1
1087730 792.4
1087740 792.5
1087750 792.5
1087760 792.7
1087770 792.6
1087780 792.6
1087790 791.8
1087800 791.0
1087810 791.0
1087820 791.4
1087830 789.1
1087840 789.1
1087850 790.9
1087860 791.6
1087870 791.6
1087880 792.5
1087890 793.7
1087900 795.2
1087910 796.3
1087920 797.7
1087930 797.7
1087940 799.7
1087950 801.0
1087960 801.0
1087970 801.8
1087980 802.7
1087990 802.7
1088000 802.6
1088010 801.8
1088020 804.6
1088030 804.6
1088040 807.6
1088050 810.2
1088060 810.2
1088070 810.7
1088080 809.5
1088090 809.5
1088100 809.4
1088110 806.4
1088120 806.4
1088130 809.0
1088140 813.1
1088150 813.1
1088160 815.0
1088170 817.6
1088180 817.6
1088190 820.4
1088200 823.6
1088210 823.6
1088220 826.9
1088230 831.0
1088240 831.0
1088250 835.1
1088260 839.3
1088270 839.3
1088280 843.8
1088290 849.1
1088300 849.1
1088310 854.7
1088320 860.3
1088330 860.3
1088340 866.0
1088350 872.0
1088360 872.0
1088370 879.9
1088380 885.9
1088390 885.9
1088400 889.9
1088410 892.7
1088420 895.4
1088430 895.4
1088440 901.5
1088450 905.3
1088460 905.3
1088470 911.4
1088480 918.3
1088490 918.3
1088500 919.7
1088510 921.3
1088520 921.3
1088530 922.6
1088540 923.6
1088550 925.0
1088560 926.3
1088570 927.9
1088580 927.9
1088590 931.0
1088600 933.1
1088610 933.1
1088620 933.5
1088630 933.6
1088640 933.6
1088650 933.9
1088660 934.4
1088670 934.4
1088680 934.8
1088690 935.3
1088700 935.3
1088710 934.7
1088720 928.8
1088730 928.8
1088740 917.9
1088750 914.0
1088760 914.0
1088770 920.9
1088780 925.4
1088790 929.0
1088800 929.0
1088810 932.8
1088820 932.6
1088830 932.6
1088840 932.5
1088850 935.5
1088860 935.5
1088870 941.0
1088880 939.5
1088890 939.5
1088900 938.9
1088910 938.3
1088920 938.3
1088930 938.8
1088940 940.9
1088950 940.9
1088960 943.5
1088970 946.1
1088980 946.1
1088990 948.7
1089000 951.4
1089010 951.4
1089020 954.8
1089030 958.6
1089040 958.6
1089050 959.3
1089060 961.2
1089070 961.2
1089080 959.8
1089090 960.5
1089100 960.5
1089110 963.3
1089120 965.3
1089130 965.3
1089140 966.7
1089150 968.8
1089160 971.6
1089170 971.6
1089180 974.2
1089190 976.3
1089200 976.3
1089210 978.2
1089220 981.6
1089230 981.6
1089240 987.7
1089250 994.9
1089260 994.9
1089270 1002.5
1089280 1004.3
1089290 1004.3
1089300 1006.0
1089310 1007.5
1089320 1007.5
1089330 1008.1
1089340 1008.4
1089350 1008.4
1089360 1008.6
1089370 1007.5
1089380 1007.5
1089390 1005.3
1089400 1003.6
1089410 1003.6
1089420 1002.1
1089430 1000.0
1089440 1000.0
1089450 997.8
1089460 995.7
1089470 995.7
1089480 992.8
1089490 989.2
1089500 989.2
1089510 986.1
1089520 983.3
1089530 981.6
1089540 981.6
1089550 980.2
1089560 978.7
1089570 978.7
1089580 977.0
1089590 975.5
1089600 975.5
1089610 973.9
1089620 971.9
1089630 971.9
1089640 970.9
1089650 970.5
1089660 970.5
1089670 969.3
1089680 967.9
1089690 967.9
1089700 966.3
1089710 964.9
1089720 964.9
1089730 963.7
1089740 962.8
1089750 962.8
1089760 961.6
1089770 959.5
1089780 959.5
1089790 953.7
1089800 953.2
1089810 953.2
1089820 959.2
1089830 961.7
1089840 961.8
1089850 961.8
1089860 961.4
1089870 961.4
1089880 961.2
1089890 960.2
1089900 958.6
1089910 958.6
1089920 956.1
1089930 953.4
1089940 953.4
1089950 950.3
1089960 947.3
1089970 947.3
1089980 945.2
1089990 943.1
1090000 943.1
1090010 941.8
1090020 941.0
1090030 941.0
1090040 940.2
1090050 939.5
1090060 939.5
1090070 938.8
1090080 938.1
1090090 938.1
1090100 937.4
1090110 936.9
1090120 936.9
1090130 936.3
1090140 935.8
1090150 935.8
1090160 935.0
1090170 934.3
1090180 934.3
1090190 933.6
1090200 933.1
1090210 933.1
1090220 932.7
1090230 932.3
1090240 932.3
1090250 931.9
1090260 932.6
1090270 933.9
1090280 933.9
1090290 933.7
1090300 932.8
1090310 932.8
1090320 932.7
1090330 931.1
1090340 931.1
1090350 927.7
1090360 925.5
1090370 925.5
1090380 924.0
1090390 922.9
1090400 922.9
1090410 921.4
1090420 919.5
1090430 919.5
1090440 917.1
1090450 914.5
1090460 914.5
1090470 912.3
1090480 910.6
1090490 910.4
1090500 909.2
1090510 908.2
1090520 908.2
1090530 907.4
1090540 906.6
1090550 906.6
1090560 905.6
1090570 904.7
1090580 904.7
1090590 903.9
1090600 903.2
1090610 903.2
1090620 901.9
1090630 902.5
1090640 903.3
1090650 903.3
1090660 904.4
1090670 904.6
1090680 904.6
1090690 904.4
1090700 903.8
1090710 903.8
1090720 902.3
1090730 899.8
1090740 899.8
1090750 896.7
1090760 894.4
1090770 894.4
1090780 892.9
1090790 891.4
1090800 891.4
1090810 889.5
1090820 888.2
1090830 888.2
1090840 886.5
1090850 884.8
1090860 884.8
1090870 882.8
1090880 880.6
1090890 880.6
1090900 878.3
1090910 875.8
1090920 875.8
1090930 873.7
1090940 871.7
1090950 871.7
1090960 868.8
1090970 866.8
1090980 866.8
1090990 865.4
1091000 864.2
1091010 863.1
1091020 863.1
1091030 862.3
1091040 861.5
1091050 861.5
1091060 860.8
1091070 860.1
1091080 860.1
1091090 859.4
1091100 858.7
1091110 858.7
1091120 858.1
1091130 856.4
1091140 856.9
1091150 854.1
1091160 850.1
1091170 850.1
1091180 847.7
1091190 847.5
1091200 847.5
1091210 850.5
1091220 854.1
1091230 854.1
1091240 856.7
1091250 858.2
1091260 858.2
1091270 858.7
1091280 859.3
1091290 859.3
1091300 859.8
1091310 860.2
1091320 860.2
1091330 860.8
1091340 861.4
1091350 861.4
1091360 862.3
1091370 863.2
1091380 864.1
1091390 864.1
1091400 864.9
1091410 866.2
1091420 866.2
1091430 867.6
1091440 868.8
1091450 868.8
1091460 867.7
1091470 869.0
1091480 869.0
1091490 870.1
1091500 871.0
1091510 871.0
1091520 872.0
1091530 872.3
1091540 872.3
1091550 872.7
1091560 873.8
1091570 873.8
1091580 875.1
1091590 876.1
1091600 876.1
1091610 876.5
1091620 876.2
1091630 876.2
1091640 875.9
1091650 875.5
1091660 875.5
1091670 875.1
1091680 874.7
1091690 874.7
1091700 874.4
1091710 874.9
1091720 874.9
1091730 875.2
1091740 875.5
1091750 875.7
1091760 875.7
1091770 877.8
1091780 879.8
1091790 876.8
1091800 878.2
1091810 879.1
1091820 879.1
1091830 879.8
1091840 880.4
1091850 880.4
1091860 881.2
1091870 882.0
1091880 882.0
1091890 882.7
1091900 883.0
1091910 883.0
1091920 882.8
1091930 880.1
1091940 880.1
1091950 875.4
1091960 873.9
1091970 873.9
1091980 872.4
1091990 870.0
1092000 870.0
1092010 867.4
1092020 866.6
1092030 866.6
1092040 866.7
1092050 868.2
1092060 868.2
1092070 871.8
1092080 875.0
1092090 875.0
1092100 876.2
1092110 883.9
1092120 886.2
1092130 886.2
1092140 889.7
1092150 894.7
1092160 894.7
1092170 900.3
1092180 903.1
1092190 903.1
1092200 904.7
1092210 905.9
1092220 905.9
1092230 906.6
1092240 907.2
1092250 907.2
1092260 908.0
1092270 908.7
1092280 908.7
1092290 909.3
1092300 910.1
1092310 910.1
1092320 911.1
1092330 912.1
1092340 912.1
1092350 913.0
1092360 914.1
1092370 914.1
1092380 915.0
1092390 916.4
1092400 916.4
1092410 917.9
1092420 919.9
1092430 919.9
1092440 922.7
1092450 924.1
1092460 924.1
1092470 925.4
1092480 927.4
1092490 928.9
1092500 928.9
1092510 930.7
1092520 933.0
1092530 933.0
1092540 935.7
1092550 939.6
1092560 939.6
1092570 943.0
1092580 945.7
1092590 945.7
1092600 948.6
1092610 951.2
1092620 951.2
1092630 954.7
1092640 958.0
1092650 958.0
1092660 961.0
1092670 963.9
1092680 963.9
1092690 966.8
1092700 969.7
1092710 969.7
1092720 972.3
1092730 975.2
1092740 975.2
1092750 977.3
1092760 979.0
1092770 980.5
1092780 982.9
1092790 985.3
1092800 985.3
1092810 988.3
1092820 992.1
1092830 992.1
1092840 994.3
1092850 996.0
1092860 997.3
1092870 997.3
1092880 998.2
1092890 998.8
1092900 998.8
1092910 999.4
1092920 999.3
1092930 999.3
1092940 999.2
1092950 998.0
1092960 998.0
1092970 997.4
1092980 998.8
1092990 998.8
1093000 1000.3
1093010 999.9
1093020 999.9
1093030 1001.6
1093040 1005.7
1093050 1005.7
1093060 1008.4
1093070 1010.4
1093080 1010.4
1093090 1008.0
1093100 1010.1
1093110 1010.1
1093120 1011.6
1093130 1012.8
1093140 1012.8
1093150 1013.3
1093160 1013.3
1093170 1013.3
1093180 1012.8
1093190 1012.1
1093200 1012.1
1093210 1011.7
1093220 1011.3
1093230 1011.4
1093240 1011.4
1093250 1011.8
1093260 1011.9
1093270 1011.9
1093280 1012.5
1093290 1013.5
1093300 1013.5
1093310 1013.8
1093320 1014.9
1093330 1014.9
1093340 1016.1
1093350 1017.2
1093360 1017.2
1093370 1018.6
1093380 1019.8
1093390 1019.8
1093400 1021.3
1093410 1022.9
1093420 1020.7
1093430 1022.6
1093440 1024.0
1093450 1024.0
1093460 1024.4
1093470 1023.0
1093480 1023.0
1093490 1019.9
1093500 1016.1
1093510 1016.1
1093520 1012.6
1093530 1010.1
1093540 1010.1
1093550 1007.4
1093560 1004.3
1093570 1004.3
1093580 1000.8
1093590 997.8
1093600 995.9
1093610 995.9
1093620 993.9
1093630 990.6
1093640 990.6
1093650 989.0
1093660 987.3
1093670 987.3
1093680 984.8
1093690 980.8
1093700 980.8
1093710 974.8
1093720 969.8
1093730 969.8
1093740 963.6
1093750 952.2
1093760 952.2
1093770 948.8
1093780 945.5
1093790 945.5
1093800 941.2
1093810 935.3
1093820 935.3
1093830 929.7
1093840 921.0
1093850 921.0
1093860 914.6
1093870 909.9
1093880 909.9
1093890 909.2
1093900 909.9
1093910 909.9
1093920 908.0
1093930 903.4
1093940 903.4
1093950 899.0
1093960 895.1
1093970 895.1
1093980 891.7
1093990 888.0
1094000 884.7
1094010 884.7
1094020 881.8
1094030 878.4
1094040 878.4
1094050 877.9
1094060 876.1
1094070 873.7
1094080 872.2
1094090 871.6
1094100 871.6
1094110 870.1
1094120 867.8
1094130 867.8
1094140 865.2
1094150 863.1
1094160 863.1
1094170 859.4
1094180 854.0
1094190 854.0
1094200 852.5
1094210 852.3
1094220 852.3
1094230 850.9
1094240 848.5
1094250 848.5
1094260 846.7
1094270 843.2
1094280 843.2
1094290 839.8
1094300 840.1
1094310 840.1
1094320 839.0
1094330 838.0
1094340 838.0
1094350 837.3
1094360 836.6
1094370 833.6
1094380 833.6
1094390 826.9
1094400 817.4
1094410 817.4
1094420 814.4
1094430 809.8
1094440 809.8
1094450 809.5
1094460 808.6
1094470 808.6
1094480 807.4
1094490 807.4
1094500 807.4
1094510 808.4
1094520 807.5
1094530 807.5
1094540 797.7
1094550 792.3
1094560 792.3
1094570 791.8
1094580 790.9
1094590 790.9
1094600 790.5
1094610 792.4
1094620 792.4
1094630 794.4
1094640 796.6
1094650 796.6
1094660 798.6
1094670 799.5
1094680 799.5
1094690 788.3
1094700 776.7
1094710 776.7
1094720 770.1
1094730 766.0
1094740 759.8
1094750 759.8
1094760 758.0
1094770 764.2
1094780 764.2
1094790 771.7
1094800 777.3
1094810 777.3
1094820 782.3
1094830 785.5
1094840 785.5
1094850 784.1
1094860 779.4
1094870 779.4
1094880 775.1
1094890 774.3
1094900 774.3
1094910 771.9
1094920 771.6
1094930 771.6
1094940 770.2
1094950 769.7
1094960 769.7
1094970 770.8
1094980 772.5
1094990 772.5
1095000 774.2
1095010 776.3
1095020 776.3
1095030 778.6
1095040 780.4
1095050 780.4
1095060 776.1
1095070 776.3
1095080 776.3
1095090 775.2
1095100 773.6
1095110 771.8
1095120 771.8
1095130 770.1
1095140 768.3
1095150 768.3
1095160 766.6
1095170 763.9
1095180 763.9
1095190 760.4
1095200 756.9
1095210 756.9
1095220 754.8
1095230 753.0
1095240 753.0
1095250 751.3
1095260 750.1
1095270 750.1
1095280 749.2
1095290 747.4
1095300 747.4
1095310 746.9
1095320 747.3
1095330 747.3
1095340 747.4
1095350 747.1
1095360 747.1
1095370 745.9
1095380 743.8
1095390 742.3
1095400 737.5
1095410 735.8
1095420 735.8
1095430 738.2
1095440 738.4
1095450 738.4
1095460 736.6
1095470 729.9
1095480 721.5
1095490 721.5
1095500 715.7
1095510 711.3
1095520 711.3
1095530 707.2
1095540 705.4
1095550 705.4
1095560 707.0
1095570 708.0
1095580 708.0
1095590 708.1
1095600 707.6
1095610 707.6
1095620 705.8
1095630 702.6
1095640 702.6
1095650 697.1
1095660 691.7
1095670 691.7
1095680 690.0
1095690 691.5
1095700 691.5
1095710 692.9
1095720 692.8
1095730 692.8
1095740 687.8
1095750 682.3
1095760 682.3
1095770 677.6
1095780 673.6
1095790 673.6
1095800 669.5
1095810 665.9
1095820 665.9
1095830 663.0
1095840 660.5
1095850 658.5
1095860 658.5
1095870 656.5
1095880 654.2
1095890 654.2
1095900 652.0
1095910 650.0
1095920 650.0
1095930 647.9
1095940 645.9
1095950 645.9
1095960 643.8
1095970 642.3
1095980 642.3
1095990 639.9
1096000 638.4
1096010 638.4
1096020 637.7
1096030 637.2
1096040 637.1
1096050 636.8
1096060 636.6
1096070 636.6
1096080 636.1
1096090 635.5
1096100 635.5
1096110 633.2
1096120 632.3
1096130 632.3
1096140 632.3
1096150 631.4
1096160 631.4
1096170 630.7
1096180 630.4
1096190 630.4
1096200 629.5
1096210 628.9
1096220 627.9
1096230 627.9
1096240 625.7
1096250 623.5
1096260 623.5
1096270 621.4
1096280 618.7
1096290 618.7
1096300 614.9
1096310 612.6
1096320 612.6
1096330 609.8
1096340 608.3
1096350 608.3
1096360 606.3
1096370 601.7
1096380 601.7
1096390 599.4
1096400 597.0
1096410 597.0
1096420 595.3
1096430 594.0
1096440 594.0
1096450 593.5
1096460 593.3
1096470 593.3
1096480 592.9
1096490 591.5
1096500 591.5
1096510 591.0
1096520 590.5
1096530 590.5
1096540 590.4
1096550 591.2
1096560 591.2
1096570 591.7
1096580 591.7
1096590 590.8
1096600 590.8
1096610 589.7
1096620 588.5
1096630 588.5
1096640 587.3
1096650 585.9
1096660 585.9
1096670 584.3
1096680 582.3
1096690 582.3
1096700 581.4
1096710 582.1
1096720 582.1
1096730 583.1
1096740 583.9
1096750 583.9
1096760 585.1
1096770 586.2
1096780 586.2
1096790 586.9
1096800 587.3
1096810 587.3
1096820 588.5
1096830 589.8
1096840 589.8
1096850 591.2
1096860 591.3
1096870 591.3
1096880 591.2
1096890 591.0
1096900 591.0
1096910 590.7
1096920 590.7
1096930 590.7
1096940 590.6
1096950 590.4
1096960 590.4
1096970 590.4
1096980 590.2
1096990 590.0
1097000 590.0
1097010 589.8
1097020 589.7
1097030 589.6
1097040 589.3
1097050 588.9
1097060 588.9
1097070 588.2
1097080 587.1
1097090 587.1
1097100 586.0
1097110 585.0
1097120 585.0
1097130 584.0
1097140 582.8
1097150 582.8
1097160 581.3
1097170 580.2
1097180 580.2
1097190 579.5
1097200 578.7
1097210 578.7
1097220 577.5
1097230 576.1
1097240 576.1
1097250 575.2
1097260 575.4
1097270 575.4
1097280 575.9
1097290 575.9
1097300 575.9
1097310 575.8
1097320 575.7
1097330 575.6
1097340 575.6
1097350 575.6
1097360 575.1
1097370 575.1
1097380 575.1
1097390 575.4
1097400 575.4
1097410 575.2
1097420 574.9
1097430 574.9
1097440 575.0
1097450 575.8
1097460 575.8
1097470 576.2
1097480 576.5
1097490 576.5
1097500 576.6
1097510 576.8
1097520 576.8
1097530 577.3
1097540 578.2
1097550 578.2
1097560 578.4
1097570 578.2
1097580 578.2
1097590 577.7
1097600 576.7
1097610 576.7
1097620 575.6
1097630 574.6
1097640 574.6
1097650 573.3
1097660 572.0
1097670 572.0
1097680 570.9
1097690 570.0
1097700 568.8
1097710 568.8
1097720 567.6
1097730 566.4
1097740 566.4
1097750 565.1
1097760 563.8
1097770 563.8
1097780 562.7
1097790 561.7
1097800 561.7
1097810 560.8
1097820 560.5
1097830 560.5
1097840 559.7
1097850 559.3
1097860 559.3
1097870 558.7
1097880 558.1
1097890 558.1
1097900 557.5
1097910 556.8
1097920 556.8
1097930 555.9
1097940 555.1
1097950 555.1
1097960 553.8
1097970 553.0
1097980 553.0
1097990 552.0
1098000 551.2
1098010 551.2
1098020 550.5
1098030 549.1
1098040 549.1
1098050 548.5
1098060 547.9
1098070 547.2
1098080 547.2
1098090 546.7
1098100 546.1
1098110 546.1
1098120 545.3
1098130 544.3
1098140 544.3
1098150 543.3
1098160 542.3
1098170 542.3
1098180 540.7
1098190 538.7
1098200 538.7
1098210 537.0
1098220 535.5
1098230 535.5
1098240 534.9
1098250 534.6
1098260 534.6
1098270 534.6
1098280 534.5
1098290 534.5
1098300 534.4
1098310 534.3
1098320 534.3
1098330 534.1
1098340 534.0
1098350 534.0
1098360 533.9
1098370 533.7
1098380 533.7
1098390 533.4
1098400 533.6
1098410 533.6
1098420 533.5
1098430 533.5
1098440 533.2
1098450 533.2
1098460 533.0
1098470 533.1
1098480 533.1
1098490 533.2
1098500 533.2
1098510 533.2
1098520 533.3
1098530 533.4
1098540 533.4
1098550 533.3
1098560 532.8
1098570 532.8
1098580 533.3
1098590 533.6
1098600 533.6
1098610 533.1
1098620 531.5
1098630 531.5
1098640 530.1
1098650 531.2
1098660 531.2
1098670 533.6
1098680 535.5
1098690 535.6
1098700 536.1
1098710 536.9
1098720 536.9
1098730 537.6
1098740 538.1
1098750 538.1
1098760 538.5
1098770 539.4
1098780 539.4
1098790 542.0
1098800 545.9
1098810 551.9
1098820 551.9
1098830 554.9
1098840 558.4
1098850 558.4
1098860 565.2
1098870 569.1
1098880 569.1
1098890 571.2
1098900 573.3
1098910 573.3
1098920 575.6
1098930 578.8
1098940 578.8
1098950 579.7
1098960 582.4
1098970 582.4
1098980 588.2
1098990 595.2
1099000 595.2
1099010 599.9
1099020 601.5
1099030 601.5
1099040 602.5
1099050 603.2
1099060 603.2
1099070 597.2
1099080 589.6
1099090 589.6
1099100 580.0
1099110 572.7
1099120 572.7
1099130 572.4
1099140 579.1
1099150 579.1
1099160 583.5
1099170 587.1
1099180 592.3
1099190 592.3
1099200 598.4
1099210 603.9
1099220 603.9
1099230 609.7
1099240 613.2
1099250 613.2
1099260 617.1
1099270 622.7
1099280 622.7
1099290 628.4
1099300 632.5
1099310 632.5
1099320 634.8
1099330 638.6
1099340 638.6
1099350 647.8
1099360 654.2
1099370 654.2
1099380 659.5
1099390 662.3
1099400 662.3
1099410 662.6
1099420 661.4
1099430 661.4
1099440 661.9
1099450 664.9
1099460 664.9
1099470 668.5
1099480 670.7
1099490 670.7
1099500 672.0
1099510 673.3
1099520 673.3
1099530 675.7
1099540 678.7
1099550 681.6
1099560 681.6
1099570 684.0
1099580 687.0
1099590 687.0
1099600 690.1
1099610 693.2
1099620 693.2
1099630 696.2
1099640 699.2
1099650 699.2
1099660 702.4
1099670 705.6
1099680 706.7
1099690 709.6
1099700 712.6
1099710 712.6
1099720 715.7
1099730 719.2
1099740 719.2
1099750 722.8
1099760 726.0
1099770 726.0
1099780 729.5
1099790 733.4
1099800 733.4
1099810 737.2
1099820 740.6
1099830 740.6
1099840 743.8
1099850 747.7
1099860 747.7
1099870 751.8
1099880 755.9
1099890 755.9
1099900 758.6
1099910 761.8
1099920 765.1
1099930 765.1
1099940 768.2
1099950 769.1
1099960 769.1
1099970 770.8
1099980 772.6
1099990 772.6
