1080000 395.2
1080010 395.2
1080020 395.2
1080030 395.2
1080040 395.2
1080050 395.2
1080060 395.2
1080070 395.2
1080080 395.2
1080090 395.2
1080100 395.2
1080110 395.2
1080120 395.2
1080130 395.2
1080140 395.2
1080150 395.2
1080160 395.2
1080170 395.2
1080180 395.2
1080190 395.2
1080200 395.2
1080210 395.2
1080220 395.2
1080230 395.2
1080240 395.2
1080250 395.2
1080260 395.2
1080270 395.2
1080280 395.2
1080290 395.2
1080300 395.2
1080310 395.2
1080320 395.2
1080330 395.2
1080340 395.2
1080350 395.2
1080360 395.2
1080370 395.2
1080380 395.2
1080390 395.2
1080400 395.2
1080410 395.2
1080420 395.2
1080430 395.2
1080440 395.2
1080450 395.2
1080460 395.2
1080470 395.2
1080480 395.2
1080490 395.2
1080500 395.2
1080510 395.2
1080520 395.2
1080530 395.2
1080540 395.2
1080550 395.2
1080560 395.2
1080570 395.2
1080580 395.2
1080590 395.2
1080600 395.2
1080610 395.2
1080620 395.2
1080630 395.2
1080640 395.2
1080650 395.2
1080660 395.2
1080670 395.2
1080680 395.2
1080690 395.2
1080700 395.2
1080710 395.2
1080720 395.2
1080730 395.2
1080740 395.2
1080750 395.2
1080760 395.2
1080770 395.2
1080780 395.2
1080790 395.2
1080800 395.2
1080810 395.2
1080820 395.2
1080830 395.2
1080840 395.2
1080850 395.2
1080860 395.2
1080870 395.2
1080880 395.2
1080890 395.2
1080900 395.2
1080910 395.2
1080920 395.2
1080930 395.2
1080940 395.2
1080950 395.2
1080960 395.2
1080970 395.2
1080980 395.2
1080990 395.2
1081000 395.2
1081010 395.2
1081020 395.2
1081030 395.2
1081040 395.2
1081050 395.2
1081060 395.2
1081070 395.2
1081080 395.2
1081090 395.2
1081100 395.2
1081110 395.2
1081120 395.2
1081130 395.2
1081140 395.2
1081150 395.2
1081160 395.2
1081170 395.2
1081180 395.2
1081190 395.2
1081200 395.2
1081210 395.2
1081220 395.2
1081230 395.2
1081240 395.2
1081250 395.2
1081260 395.2
1081270 395.2
1081280 395.2
1081290 395.2
1081300 395.2
1081310 395.2
1081320 395.2
1081330 395.2
1081340 395.2
1081350 395.2
1081360 395.2
1081370 395.2
1081380 395.2
1081390 395.2
1081400 395.2
1081410 395.2
1081420 395.2
1081430 395.2
1081440 395.2
1081450 395.2
1081460 395.2
1081470 395.2
1081480 395.2
1081490 395.2
1081500 395.2
1081510 395.2
1081520 395.2
1081530 395.2
1081540 395.2
1081550 395.2
1081560 395.2
1081570 395.2
1081580 395.2
1081590 395.2
1081600 395.2
1081610 395.2
1081620 395.2
1081630 395.2
1081640 395.2
1081650 395.2
1081660 395.2
1081670 395.2
1081680 395.2
1081690 395.2
1081700 395.2
1081710 395.2
1081720 395.2
1081730 395.2
1081740 395.2
1081750 395.2
1081760 395.2
1081770 395.2
1081780 395.2
1081790 395.2
1081800 395.2
1081810 395.2
1081820 395.2
1081830 395.2
1081840 395.2
1081850 395.2
1081860 395.2
1081870 395.2
1081880 395.2
1081890 395.2
1081900 395.2
1081910 395.2
1081920 395.2
1081930 395.2
1081940 395.2
1081950 395.2
1081960 395.2
1081970 395.2
1081980 395.2
1081990 395.2
1082000 395.2
1082010 395.2
1082020 395.2
1082030 395.2
1082040 395.2
1082050 395.2
1082060 395.2
1082070 395.2
1082080 395.2
1082090 395.2
1082100 395.2
1082110 395.2
1082120 395.2
1082130 395.2
1082140 395.2
1082150 395.2
1082160 395.2
1082170 395.2
1082180 395.2
1082190 395.2
1082200 395.2
1082210 395.2
1082220 395.2
1082230 395.2
1082240 395.2
1082250 395.2
1082260 395.2
1082270 395.2
1082280 395.2
1082290 395.2
1082300 395.2
1082310 395.2
1082320 395.2
1082330 395.2
1082340 395.2
1082350 395.2
1082360 395.2
1082370 395.2
1082380 395.2
1082390 395.2
1082400 395.2
1082410 395.2
1082420 395.2
1082430 395.2
1082440 395.2
1082450 395.2
1082460 395.2
1082470 395.2
1082480 395.2
1082490 395.2
1082500 395.2
1082510 395.2
1082520 395.2
1082530 395.2
1082540 395.2
1082550 395.2
1082560 395.2
1082570 395.2
1082580 395.2
1082590 395.2
1082600 395.2
1082610 395.2
1082620 395.2
1082630 395.2
1082640 395.2
1082650 395.2
1082660 395.2
1082670 395.2
1082680 395.2
1082690 395.2
1082700 395.2
1082710 395.2
1082720 395.2
1082730 395.2
1082740 395.2
1082750 395.2
1082760 395.2
1082770 395.2
1082780 395.2
1082790 395.2
1082800 395.2
1082810 395.2
1082820 395.2
1082830 395.2
1082840 395.2
1082850 395.2
1082860 395.2
1082870 395.2
1082880 395.2
1082890 395.2
1082900 395.2
1082910 395.2
1082920 395.2
1082930 395.2
1082940 395.2
1082950 395.2
1082960 395.2
1082970 395.2
1082980 395.2
1082990 395.2
1083000 395.2
1083010 395.2
1083020 395.2
1083030 395.2
1083040 395.2
1083050 395.2
1083060 395.2
1083070 395.2
1083080 395.2
1083090 395.2
1083100 395.2
1083110 395.2
1083120 395.2
1083130 395.2
1083140 395.2
1083150 395.2
1083160 395.2
1083170 395.2
1083180 395.2
1083190 395.2
1083200 395.2
1083210 395.2
1083220 395.2
1083230 395.2
1083240 395.2
1083250 395.2
1083260 395.2
1083270 395.2
1083280 395.2
1083290 395.2
1083300 395.2
1083310 395.2
1083320 395.2
1083330 395.2
1083340 395.2
1083350 395.2
1083360 395.2
1083370 395.2
1083380 395.2
1083390 395.2
1083400 395.2
1083410 395.2
1083420 395.2
1083430 395.2
1083440 395.2
1083450 395.2
1083460 395.2
1083470 395.2
1083480 395.2
1083490 395.2
1083500 395.2
1083510 395.2
1083520 395.2
1083530 395.2
1083540 395.2
1083550 395.2
1083560 395.2
1083570 395.2
1083580 395.2
1083590 395.2
1083600 395.2
1083610 395.2
1083620 395.2
1083630 395.2
1083640 395.2
1083650 395.2
1083660 395.2
1083670 395.2
1083680 395.2
1083690 395.2
1083700 395.2
1083710 395.2
1083720 395.2
1083730 395.2
1083740 395.2
1083750 395.2
1083760 395.2
1083770 395.2
1083780 395.2
1083790 395.2
1083800 395.2
1083810 395.2
1083820 395.2
1083830 395.2
1083840 395.2
1083850 395.2
1083860 395.2
1083870 395.2
1083880 395.2
1083890 395.2
1083900 395.2
1083910 395.2
1083920 395.2
1083930 395.2
1083940 395.2
1083950 395.2
1083960 395.2
1083970 395.2
1083980 395.2
1083990 395.2
1084000 395.2
1084010 395.2
1084020 395.2
1084030 395.2
1084040 395.2
1084050 395.2
1084060 395.2
1084070 395.2
1084080 395.2
1084090 395.2
1084100 395.2
1084110 395.2
1084120 395.2
1084130 395.2
1084140 395.2
1084150 395.2
1084160 395.2
1084170 395.2
1084180 395.2
1084190 395.2
1084200 395.2
1084210 395.2
1084220 395.2
1084230 395.2
1084240 395.2
1084250 395.2
1084260 395.2
1084270 395.2
1084280 395.2
1084290 395.2
1084300 395.2
1084310 395.2
1084320 395.2
1084330 395.2
1084340 395.2
1084350 395.2
1084360 395.2
1084370 395.2
1084380 395.2
1084390 395.2
1084400 395.2
1084410 395.2
1084420 395.2
1084430 395.2
1084440 395.2
1084450 395.2
1084460 395.2
1084470 395.2
1084480 395.2
1084490 395.2
1084500 395.2
1084510 395.2
1084520 395.2
1084530 395.2
1084540 395.2
1084550 395.2
1084560 395.2
1084570 395.2
1084580 395.2
1084590 395.2
1084600 395.2
1084610 395.2
1084620 395.2
1084630 395.2
1084640 395.2
1084650 395.2
1084660 395.2
1084670 395.2
1084680 395.2
1084690 395.2
1084700 395.2
1084710 395.2
1084720 395.2
1084730 395.2
1084740 395.2
1084750 395.2
1084760 395.2
1084770 395.2
1084780 395.2
1084790 395.2
1084800 395.2
1084810 395.2
1084820 395.2
1084830 395.2
1084840 395.2
1084850 395.2
1084860 395.2
1084870 395.2
1084880 395.2
1084890 395.2
1084900 395.2
1084910 395.2
1084920 395.2
1084930 395.2
1084940 395.2
1084950 395.2
1084960 395.2
1084970 395.2
1084980 395.2
1084990 395.2
1085000 395.2
1085010 395.2
1085020 395.2
1085030 395.2
1085040 395.2
1085050 395.2
1085060 395.2
1085070 395.2
1085080 395.2
1085090 395.2
1085100 395.2
1085110 395.2
1085120 395.2
1085130 395.2
1085140 395.2
1085150 395.2
1085160 395.2
1085170 395.2
1085180 395.2
1085190 395.2
1085200 395.2
1085210 395.2
1085220 395.2
1085230 395.2
1085240 395.2
1085250 395.2
1085260 395.2
1085270 395.2
1085280 395.2
1085290 395.2
1085300 395.2
1085310 395.2
1085320 395.1
1085330 395.1
1085340 395.0
1085350 395.0
1085360 395.0
1085370 395.0
1085380 395.0
1085390 395.0
1085400 395.0
1085410 395.0
1085420 395.0
1085430 395.0
1085440 395.0
1085450 394.9
1085460 394.9
1085470 394.8
1085480 394.8
1085490 394.8
1085500 394.8
1085510 394.8
1085520 394.8
1085530 394.8
1085540 394.8
1085550 394.8
1085560 394.8
1085570 394.8
1085580 394.8
1085590 394.8
1085600 394.9
1085610 394.9
1085620 396.7
1085630 398.5
1085640 398.5
1085650 399.1
1085660 399.7
1085670 399.7
1085680 402.7
1085690 407.6
1085700 407.6
1085710 411.8
1085720 415.6
1085730 415.6
1085740 417.8
1085750 421.9
1085760 421.9
1085770 424.6
1085780 426.6
1085790 426.6
1085800 429.7
1085810 433.6
1085820 435.4
1085830 435.4
1085840 437.8
1085850 440.5
1085860 440.5
1085870 442.6
1085880 445.9
1085890 445.9
1085900 449.2
1085910 450.6
1085920 450.6
1085930 453.7
1085940 454.8
1085950 454.8
1085960 457.2
1085970 461.8
1085980 461.8
1085990 467.6
1086000 472.2
1086010 472.2
1086020 480.5
1086030 490.9
1086040 490.9
1086050 496.2
1086060 503.3
1086070 503.3
1086080 517.1
1086090 533.8
1086100 533.8
1086110 536.2
1086120 537.3
1086130 537.3
1086140 537.9
1086150 538.7
1086160 540.1
1086170 540.8
1086180 541.6
1086190 542.2
1086200 542.2
1086210 542.6
1086220 543.2
1086230 543.2
1086240 543.8
1086250 544.2
1086260 544.2
1086270 544.8
1086280 545.2
1086290 545.2
1086300 546.1
1086310 547.6
1086320 547.6
1086330 550.2
1086340 553.8
1086350 553.8
1086360 557.4
1086370 559.9
1086380 559.9
1086390 565.1
1086400 569.8
1086410 569.8
1086420 575.6
1086430 579.7
1086440 579.7
1086450 585.4
1086460 591.7
1086470 591.7
1086480 602.8
1086490 606.7
1086500 606.7
1086510 610.4
1086520 613.1
1086530 613.1
1086540 616.2
1086550 618.7
1086560 620.4
1086570 620.4
1086580 622.1
1086590 624.3
1086600 624.3
1086610 625.6
1086620 627.6
1086630 627.6
1086640 628.7
1086650 631.9
1086660 631.9
1086670 633.9
1086680 635.0
1086690 635.0
1086700 636.8
1086710 638.9
1086720 638.9
1086730 639.8
1086740 640.6
1086750 640.6
1086760 639.9
1086770 637.0
1086780 637.0
1086790 636.0
1086800 644.2
1086810 644.2
1086820 643.3
1086830 639.8
1086840 639.8
1086850 635.0
1086860 633.3
1086870 633.3
1086880 637.1
1086890 640.6
1086900 640.6
1086910 643.4
1086920 646.1
1086930 651.5
1086940 651.5
1086950 657.2
1086960 661.9
1086970 661.9
1086980 667.8
1086990 673.0
1087000 673.0
1087010 677.5
1087020 681.2
1087030 681.2
1087040 683.4
1087050 686.0
1087060 686.0
1087070 689.8
1087080 693.6
1087090 693.6
1087100 697.7
1087110 701.9
1087120 703.8
1087130 707.0
1087140 710.5
1087150 710.5
1087160 713.0
1087170 716.4
1087180 716.4
1087190 719.3
1087200 721.2
1087210 721.2
1087220 721.9
1087230 721.7
1087240 721.7
1087250 721.5
1087260 720.8
1087270 720.8
1087280 722.8
1087290 724.0
1087300 724.5
1087310 724.5
1087320 724.5
1087330 724.9
1087340 724.9
1087350 724.7
1087360 725.0
1087370 725.0
1087380 727.7
1087390 732.5
1087400 732.5
1087410 735.3
1087420 735.9
1087430 735.9
1087440 740.4
1087450 749.8
1087460 749.8
1087470 758.5
1087480 763.7
1087490 763.7
1087500 766.3
1087510 770.0
1087520 770.0
1087530 773.3
1087540 774.8
1087550 774.8
1087560 775.5
1087570 781.0
1087580 781.0
1087590 785.9
1087600 788.8
1087610 788.8
1087620 791.0
1087630 792.5
1087640 792.5
1087650 793.9
1087660 795.3
1087670 796.6
1087680 796.6
1087690 797.0
1087700 797.4
1087710 797.4
1087720 796.6
1087730 793.6
1087740 793.6
1087750 796.2
1087760 799.8
1087770 800.1
1087780 802.3
1087790 803.5
1087800 803.5
1087810 804.2
1087820 805.0
1087830 805.0
1087840 805.1
1087850 805.0
1087860 805.0
1087870 804.6
1087880 804.9
1087890 804.9
1087900 806.3
1087910 807.9
1087920 807.9
1087930 809.3
1087940 810.2
1087950 810.2
1087960 811.4
1087970 812.7
1087980 812.7
1087990 814.2
1088000 815.7
1088010 815.7
1088020 816.8
1088030 818.1
1088040 819.5
1088050 819.5
1088060 821.0
1088070 822.4
1088080 822.4
1088090 825.4
1088100 825.7
1088110 825.7
1088120 825.9
1088130 826.5
1088140 826.5
1088150 827.2
1088160 827.3
1088170 827.3
1088180 827.1
1088190 827.3
1088200 827.3
1088210 828.0
1088220 829.0
1088230 829.0
1088240 829.9
1088250 831.3
1088260 831.3
1088270 834.8
1088280 838.8
1088290 838.8
1088300 842.1
1088310 846.0
1088320 846.0
1088330 850.3
1088340 854.7
1088350 854.7
1088360 860.1
1088370 866.4
1088380 866.4
1088390 871.0
1088400 875.7
1088410 880.1
1088420 880.1
1088430 887.6
1088440 899.6
1088450 899.6
1088460 910.9
1088470 920.5
1088480 920.5
1088490 921.4
1088500 921.7
1088510 921.7
1088520 922.5
1088530 923.7
1088540 923.7
1088550 924.9
1088560 926.0
1088570 926.0
1088580 926.7
1088590 927.9
1088600 927.9
1088610 929.6
1088620 932.1
1088630 932.1
1088640 937.0
1088650 940.3
1088660 940.3
1088670 939.8
1088680 938.0
1088690 938.0
1088700 935.2
1088710 932.0
1088720 932.0
1088730 933.8
1088740 937.8
1088750 937.8
1088760 939.3
1088770 940.6
1088780 942.0
1088790 942.0
1088800 943.5
1088810 944.5
1088820 944.5
1088830 943.0
1088840 941.9
1088850 941.9
1088860 942.3
1088870 942.8
1088880 942.8
1088890 942.8
1088900 946.6
1088910 946.6
1088920 953.5
1088930 958.3
1088940 958.3
1088950 961.1
1088960 964.2
1088970 964.2
1088980 968.2
1088990 971.6
1089000 971.6
1089010 974.6
1089020 977.7
1089030 977.7
1089040 980.4
1089050 983.3
1089060 983.6
1089070 986.0
1089080 986.9
1089090 986.9
1089100 985.0
1089110 983.1
1089120 983.1
1089130 980.1
1089140 981.8
1089150 982.8
1089160 982.8
1089170 983.5
1089180 983.9
1089190 983.9
1089200 985.1
1089210 987.2
1089220 987.2
1089230 987.8
1089240 988.3
1089250 988.3
1089260 988.6
1089270 989.7
1089280 989.7
1089290 991.0
1089300 992.9
1089310 992.9
1089320 996.2
1089330 1002.8
1089340 1002.8
1089350 1007.1
1089360 1004.9
1089370 1004.9
1089380 1001.4
1089390 998.8
1089400 998.8
1089410 997.3
1089420 995.9
1089430 995.9
1089440 994.3
1089450 991.8
1089460 991.8
1089470 989.2
1089480 987.5
1089490 987.5
1089500 986.1
1089510 984.6
1089520 982.5
1089530 982.5
1089540 980.5
1089550 978.6
1089560 978.6
1089570 976.6
1089580 974.8
1089590 974.8
1089600 973.3
1089610 972.2
1089620 972.2
1089630 971.0
1089640 969.9
1089650 969.9
1089660 968.8
1089670 967.7
1089680 967.7
1089690 966.6
1089700 965.5
1089710 964.1
1089720 962.2
1089730 960.9
1089740 960.9
1089750 960.0
1089760 958.6
1089770 958.6
1089780 961.1
1089790 962.4
1089800 962.4
1089810 963.2
1089820 963.5
1089830 963.5
1089840 963.5
1089850 963.1
1089860 963.1
1089870 962.5
1089880 961.4
1089890 959.9
1089900 959.9
1089910 957.6
1089920 953.6
1089930 953.6
1089940 950.4
1089950 947.9
1089960 947.9
1089970 946.6
1089980 945.4
1089990 945.4
1090000 944.4
1090010 942.7
1090020 942.7
1090030 939.6
1090040 938.2
1090050 938.2
1090060 937.4
1090070 936.9
1090080 936.9
1090090 936.3
1090100 935.6
1090110 935.6
1090120 936.5
1090130 937.1
1090140 937.1
1090150 937.9
1090160 938.3
1090170 938.3
1090180 938.1
1090190 937.5
1090200 937.5
1090210 936.7
1090220 935.8
1090230 935.8
1090240 934.6
1090250 933.3
1090260 933.3
1090270 931.9
1090280 930.4
1090290 929.4
1090300 929.4
1090310 928.4
1090320 927.6
1090330 927.6
1090340 925.8
1090350 925.0
1090360 924.7
1090370 924.6
1090380 925.4
1090390 925.4
1090400 925.9
1090410 923.9
1090420 923.9
1090430 920.6
1090440 917.2
1090450 917.2
1090460 914.1
1090470 911.6
1090480 911.6
1090490 910.2
1090500 908.5
1090510 908.5
1090520 907.0
1090530 905.9
1090540 905.9
1090550 905.2
1090560 905.0
1090570 905.0
1090580 904.9
1090590 905.4
1090600 905.4
1090610 906.4
1090620 907.2
1090630 907.2
1090640 906.9
1090650 905.6
1090660 903.7
1090670 903.7
1090680 901.4
1090690 899.3
1090700 899.3
1090710 897.1
1090720 895.1
1090730 895.1
1090740 893.7
1090750 892.2
1090760 892.2
1090770 889.9
1090780 887.4
1090790 887.4
1090800 885.4
1090810 883.1
1090820 883.1
1090830 881.4
1090840 879.9
1090850 879.9
1090860 878.4
1090870 876.4
1090880 876.4
1090890 874.4
1090900 872.8
1090910 872.8
1090920 871.8
1090930 870.6
1090940 870.6
1090950 868.6
1090960 866.6
1090970 866.6
1090980 865.0
1090990 863.9
1091000 863.9
1091010 863.2
1091020 862.2
1091030 861.3
1091040 861.3
1091050 860.6
1091060 859.4
1091070 859.4
1091080 857.6
1091090 857.3
1091100 857.3
1091110 857.2
1091120 856.8
1091130 856.8
1091140 856.4
1091150 855.9
1091160 855.9
1091170 853.0
1091180 847.1
1091190 847.1
1091200 843.7
1091210 844.4
1091220 844.4
1091230 848.3
1091240 851.8
1091250 851.8
1091260 854.4
1091270 855.4
1091280 855.4
1091290 855.9
1091300 856.2
1091310 856.2
1091320 856.4
1091330 856.0
1091340 856.0
1091350 855.4
1091360 854.3
1091370 854.3
1091380 852.9
1091390 852.9
1091400 853.2
1091410 853.2
1091420 853.6
1091430 854.5
1091440 854.5
1091450 855.4
1091460 856.1
1091470 856.1
1091480 856.9
1091490 857.5
1091500 857.5
1091510 858.2
1091520 859.1
1091530 859.1
1091540 859.9
1091550 860.5
1091560 860.5
1091570 860.8
1091580 861.2
1091590 861.2
1091600 861.7
1091610 862.5
1091620 862.5
1091630 863.3
1091640 863.8
1091650 863.8
1091660 863.2
1091670 864.5
1091680 864.5
1091690 865.1
1091700 865.0
1091710 865.0
1091720 864.2
1091730 862.1
1091740 862.1
1091750 862.1
1091760 864.8
1091770 865.6
1091780 865.6
1091790 866.2
1091800 866.7
1091810 866.7
1091820 866.7
1091830 866.0
1091840 866.0
1091850 865.1
1091860 865.3
1091870 865.3
1091880 865.9
1091890 863.6
1091900 863.6
1091910 858.9
1091920 856.2
1091930 856.2
1091940 855.7
1091950 857.9
1091960 857.9
1091970 860.5
1091980 864.7
1091990 864.7
1092000 867.7
1092010 871.3
1092020 871.3
1092030 876.2
1092040 881.6
1092050 881.6
1092060 884.7
1092070 887.1
1092080 887.1
1092090 890.0
1092100 894.2
1092110 894.2
1092120 897.3
1092130 898.9
1092140 900.7
1092150 900.7
1092160 902.0
1092170 903.3
1092180 903.3
1092190 904.7
1092200 905.9
1092210 905.9
1092220 907.0
1092230 908.0
1092240 908.0
1092250 908.8
1092260 909.4
1092270 909.4
1092280 909.5
1092290 909.6
1092300 909.6
1092310 911.5
1092320 913.1
1092330 913.1
1092340 914.5
1092350 915.9
1092360 915.9
1092370 917.1
1092380 918.4
1092390 918.4
1092400 919.8
1092410 921.0
1092420 921.0
1092430 922.1
1092440 923.6
1092450 923.6
1092460 924.5
1092470 925.3
1092480 925.3
1092490 926.6
1092500 927.7
1092510 928.9
1092520 928.9
1092530 929.6
1092540 930.7
1092550 930.7
1092560 933.4
1092570 936.5
1092580 936.5
1092590 938.9
1092600 941.1
1092610 941.1
1092620 943.5
1092630 944.2
1092640 944.2
1092650 946.6
1092660 949.2
1092670 949.2
1092680 951.3
1092690 953.6
1092700 953.6
1092710 955.5
1092720 957.7
1092730 957.7
1092740 959.6
1092750 961.5
1092760 961.5
1092770 963.5
1092780 965.3
1092790 965.3
1092800 967.2
1092810 968.4
1092820 968.4
1092830 969.2
1092840 969.9
1092850 969.9
1092860 970.3
1092870 970.6
1092880 970.8
1092890 970.8
1092900 970.7
1092910 970.5
1092920 970.5
1092930 970.4
1092940 969.8
1092950 969.8
1092960 966.4
1092970 963.9
1092980 963.9
1092990 968.3
1093000 972.0
1093010 972.0
1093020 974.4
1093030 976.1
1093040 976.1
1093050 977.3
1093060 978.2
1093070 978.2
1093080 979.1
1093090 980.1
1093100 980.1
1093110 981.2
1093120 980.7
1093130 980.7
1093140 982.1
1093150 984.0
1093160 984.0
1093170 984.7
1093180 985.3
1093190 985.3
1093200 986.0
1093210 985.7
1093220 985.7
1093230 985.8
1093240 987.7
1093250 987.6
1093260 987.6
1093270 990.7
1093280 993.7
1093290 992.0
1093300 993.7
1093310 995.7
1093320 995.7
1093330 997.7
1093340 999.7
1093350 999.7
1093360 1001.7
1093370 1004.0
1093380 1004.0
1093390 1006.9
1093400 1010.5
1093410 1010.5
1093420 1013.1
1093430 1013.3
1093440 1013.3
1093450 1011.8
1093460 1010.0
1093470 1010.0
1093480 1008.2
1093490 1005.5
1093500 1005.5
1093510 1002.1
1093520 999.0
1093530 999.0
1093540 997.0
1093550 996.3
1093560 996.3
1093570 995.8
1093580 994.9
1093590 994.9
1093600 992.0
1093610 981.5
1093620 975.1
1093630 975.1
1093640 967.2
1093650 962.2
1093660 962.2
1093670 958.5
1093680 953.6
1093690 953.6
1093700 948.7
1093710 943.3
1093720 943.3
1093730 937.3
1093740 928.8
1093750 928.8
1093760 922.7
1093770 921.5
1093780 921.5
1093790 920.5
1093800 917.6
1093810 917.6
1093820 913.7
1093830 909.5
1093840 909.5
1093850 904.7
1093860 900.4
1093870 900.4
1093880 896.3
1093890 893.8
1093900 893.8
1093910 891.6
1093920 888.3
1093930 888.3
1093940 881.3
1093950 877.4
1093960 877.4
1093970 874.6
1093980 872.1
1093990 869.3
1094000 869.3
1094010 866.0
1094020 862.0
1094030 862.0
1094040 860.5
1094050 857.8
1094060 857.8
1094070 856.0
1094080 854.2
1094090 854.2
1094100 851.6
1094110 851.3
1094120 851.3
1094130 849.3
1094140 846.5
1094150 846.5
1094160 844.6
1094170 842.9
1094180 842.9
1094190 840.9
1094200 839.1
1094210 839.1
1094220 836.6
1094230 836.1
1094240 836.1
1094250 836.2
1094260 836.2
1094270 833.7
1094280 830.8
1094290 825.4
1094300 825.4
1094310 821.2
1094320 820.9
1094330 820.9
1094340 822.3
1094350 824.2
1094360 826.8
1094370 826.8
1094380 828.4
1094390 828.2
1094400 828.2
1094410 825.9
1094420 823.2
1094430 823.2
1094440 820.4
1094450 817.7
1094460 817.7
1094470 818.8
1094480 820.2
1094490 820.2
1094500 821.6
1094510 822.6
1094520 822.6
1094530 821.1
1094540 818.8
1094550 818.8
1094560 817.9
1094570 816.0
1094580 816.0
1094590 810.8
1094600 812.6
1094610 812.6
1094620 813.7
1094630 815.0
1094640 815.0
1094650 816.6
1094660 817.0
1094670 817.0
1094680 815.3
1094690 811.4
1094700 811.4
1094710 805.5
1094720 799.4
1094730 792.7
1094740 792.7
1094750 786.6
1094760 779.1
1094770 779.1
1094780 769.1
1094790 759.4
1094800 759.4
1094810 756.2
1094820 756.5
1094830 756.5
1094840 757.3
1094850 759.1
1094860 759.1
1094870 761.6
1094880 763.4
1094890 763.4
1094900 767.3
1094910 771.3
1094920 776.9
1094930 778.7
1094940 777.6
1094950 777.6
1094960 776.0
1094970 773.5
1094980 773.5
1094990 769.6
1095000 765.2
1095010 765.2
1095020 760.3
1095030 754.0
1095040 754.0
1095050 749.0
1095060 747.0
1095070 747.0
1095080 745.4
1095090 744.9
1095100 745.3
1095110 745.3
1095120 744.5
1095130 744.3
1095140 744.3
1095150 746.7
1095160 749.8
1095170 749.8
1095180 752.0
1095190 753.1
1095200 753.1
1095210 753.3
1095220 752.3
1095230 752.3
1095240 751.5
1095250 749.0
1095260 749.0
1095270 747.8
1095280 746.3
1095290 746.3
1095300 741.4
1095310 740.2
1095320 740.2
1095330 741.8
1095340 743.5
1095350 743.5
1095360 744.2
1095370 743.8
1095380 743.8
1095390 741.4
1095400 733.7
1095410 733.7
1095420 725.7
1095430 719.0
1095440 719.0
1095450 714.5
1095460 712.4
1095470 711.9
1095480 711.9
1095490 711.9
1095500 711.7
1095510 711.7
1095520 710.6
1095530 709.3
1095540 709.3
1095550 707.3
1095560 704.4
1095570 704.4
1095580 697.8
1095590 695.7
1095600 695.7
1095610 693.2
1095620 686.4
1095630 686.4
1095640 683.5
1095650 681.5
1095660 681.5
1095670 678.3
1095680 674.8
1095690 674.8
1095700 671.3
1095710 667.9
1095720 667.9
1095730 663.9
1095740 661.2
1095750 661.2
1095760 659.3
1095770 657.2
1095780 657.2
1095790 655.0
1095800 652.8
1095810 652.8
1095820 650.3
1095830 648.1
1095840 646.2
1095850 646.2
1095860 644.6
1095870 643.2
1095880 643.2
1095890 641.9
1095900 640.7
1095910 639.8
1095920 638.5
1095930 637.8
1095940 637.8
1095950 637.0
1095960 635.6
1095970 635.6
1095980 634.7
1095990 634.1
1096000 634.1
1096010 633.5
1096020 632.9
1096030 632.9
1096040 632.0
1096050 630.9
1096060 630.9
1096070 630.3
1096080 629.3
1096090 629.3
1096100 628.6
1096110 626.5
1096120 626.5
1096130 624.6
1096140 624.2
1096150 624.2
1096160 623.0
1096170 620.8
1096180 620.8
1096190 618.2
1096200 614.2
1096210 612.1
1096220 612.1
1096230 611.1
1096240 605.8
1096250 605.8
1096260 603.1
1096270 600.9
1096280 600.9
1096290 599.1
1096300 597.4
1096310 597.4
1096320 595.8
1096330 594.5
1096340 594.5
1096350 593.3
1096360 592.4
1096370 592.4
1096380 591.6
1096390 591.2
1096400 591.2
1096410 590.7
1096420 590.6
1096430 590.6
1096440 590.6
1096450 590.4
1096460 590.4
1096470 590.0
1096480 589.2
1096490 589.2
1096500 587.9
1096510 586.7
1096520 586.7
1096530 585.5
1096540 585.3
1096550 585.3
1096560 585.7
1096570 585.4
1096580 586.1
1096590 586.1
1096600 586.9
1096610 587.2
1096620 587.2
1096630 587.1
1096640 584.9
1096650 584.9
1096660 582.9
1096670 581.4
1096680 581.4
1096690 580.1
1096700 578.2
1096710 578.2
1096720 576.8
1096730 579.0
1096740 579.0
1096750 580.9
1096760 582.0
1096770 582.0
1096780 583.0
1096790 583.8
1096800 583.8
1096810 584.8
1096820 586.2
1096830 586.2
1096840 587.3
1096850 587.9
1096860 587.9
1096870 588.0
1096880 588.1
1096890 588.1
1096900 587.5
1096910 587.5
1096920 587.5
1096930 587.4
1096940 587.1
1096950 586.8
1096960 586.8
1096970 586.8
1096980 586.7
1096990 586.7
1097000 586.8
1097010 587.0
1097020 587.0
1097030 586.4
1097040 585.2
1097050 585.2
1097060 584.1
1097070 582.8
1097080 582.8
1097090 581.5
1097100 580.7
1097110 580.7
1097120 580.1
1097130 579.4
1097140 579.4
1097150 578.4
1097160 577.2
1097170 577.2
1097180 576.1
1097190 575.1
1097200 575.1
1097210 574.0
1097220 572.8
1097230 571.7
1097240 570.8
1097250 570.2
1097260 570.2
1097270 569.8
1097280 569.5
1097290 569.5
1097300 568.1
1097310 568.2
1097320 568.3
1097330 568.3
1097340 568.5
1097350 568.8
1097360 568.8
1097370 569.0
1097380 569.0
1097390 569.0
1097400 569.1
1097410 569.2
1097420 569.2
1097430 569.4
1097440 569.4
1097450 569.4
1097460 569.4
1097470 569.4
1097480 569.4
1097490 569.4
1097500 569.6
1097510 569.6
1097520 569.8
1097530 570.0
1097540 570.0
1097550 570.3
1097560 569.9
1097570 569.9
1097580 570.8
1097590 572.0
1097600 572.0
1097610 572.6
1097620 573.3
1097630 573.3
1097640 573.6
1097650 573.8
1097660 573.8
1097670 573.5
1097680 572.7
1097690 571.7
1097700 571.7
1097710 570.7
1097720 569.5
1097730 569.5
1097740 568.2
1097750 566.9
1097760 566.9
1097770 565.7
1097780 564.2
1097790 564.2
1097800 562.4
1097810 561.1
1097820 561.1
1097830 560.0
1097840 559.1
1097850 559.1
1097860 558.4
1097870 557.4
1097880 557.4
1097890 556.3
1097900 555.1
1097910 555.1
1097920 553.9
1097930 552.3
1097940 552.3
1097950 551.0
1097960 550.4
1097970 550.4
1097980 549.7
1097990 548.9
1098000 548.9
1098010 547.8
1098020 546.7
1098030 546.7
1098040 545.3
1098050 544.6
1098060 543.8
1098070 543.8
1098080 542.9
1098090 541.8
1098100 541.8
1098110 540.8
1098120 540.0
1098130 540.0
1098140 539.1
1098150 538.2
1098160 538.2
1098170 537.4
1098180 535.9
1098190 535.9
1098200 534.4
1098210 534.0
1098220 534.0
1098230 533.7
1098240 533.4
1098250 533.4
1098260 533.4
1098270 533.4
1098280 533.4
1098290 533.4
1098300 533.4
1098310 533.4
1098320 533.2
1098330 532.9
1098340 532.9
1098350 532.9
1098360 532.9
1098370 532.9
1098380 533.0
1098390 532.9
1098400 532.9
1098410 532.8
1098420 532.5
1098430 532.8
1098440 532.8
1098450 532.9
1098460 532.9
1098470 532.9
1098480 532.7
1098490 532.6
1098500 532.6
1098510 532.8
1098520 532.9
1098530 532.9
1098540 532.7
1098550 530.9
1098560 530.9
1098570 529.8
1098580 529.7
1098590 529.7
1098600 530.5
1098610 534.2
1098620 534.2
1098630 536.1
1098640 536.4
1098650 536.4
1098660 536.9
1098670 538.1
1098680 538.1
1098690 542.1
1098700 545.8
1098710 545.8
1098720 550.2
1098730 555.6
1098740 555.6
1098750 559.6
1098760 561.7
1098770 561.7
1098780 562.6
1098790 564.7
1098800 566.4
1098810 566.4
1098820 568.0
1098830 570.1
1098840 570.1
1098850 572.2
1098860 574.3
1098870 574.3
1098880 577.5
1098890 579.7
1098900 579.7
1098910 582.2
1098920 585.7
1098930 585.7
1098940 590.7
1098950 595.2
1098960 595.2
1098970 597.8
1098980 601.1
1098990 601.1
1099000 602.8
1099010 603.8
1099020 603.8
1099030 605.4
1099040 607.1
1099050 607.1
1099060 608.2
1099070 608.9
1099080 608.9
1099090 609.9
1099100 610.9
1099110 610.9
1099120 612.1
1099130 613.3
1099140 613.3
1099150 614.5
1099160 615.7
1099170 616.7
1099180 616.7
1099190 617.1
1099200 613.5
1099210 620.0
1099220 620.9
1099230 622.1
1099240 622.1
1099250 622.9
1099260 623.3
1099270 623.3
1099280 621.4
1099290 615.0
1099300 615.0
1099310 613.3
1099320 610.0
1099330 610.0
1099340 612.0
1099350 621.5
1099360 621.5
1099370 623.9
1099380 627.9
1099390 627.9
1099400 632.2
1099410 636.2
1099420 636.2
1099430 637.1
1099440 638.5
1099450 638.5
1099460 644.4
1099470 650.1
1099480 650.1
1099490 655.5
1099500 659.9
1099510 659.9
1099520 663.1
1099530 667.5
1099540 671.8
1099550 665.0
1099560 666.9
1099570 669.9
1099580 669.9
1099590 674.1
1099600 678.4
1099610 678.4
1099620 682.7
1099630 686.8
1099640 686.8
1099650 690.9
1099660 695.0
1099670 695.0
1099680 698.6
1099690 701.8
1099700 701.8
1099710 705.1
1099720 708.9
1099730 708.9
1099740 713.5
1099750 717.2
1099760 717.2
1099770 720.9
1099780 724.5
1099790 724.5
1099800 728.2
1099810 732.6
1099820 732.6
1099830 736.6
1099840 740.5
1099850 740.5
1099860 744.0
1099870 748.8
1099880 747.8
1099890 752.3
1099900 754.4
1099910 756.6
1099920 756.6
1099930 758.3
1099940 760.0
1099950 760.0
1099960 762.2
1099970 764.7
1099980 764.7
1099990 766.7
