1080000 395.2
1080010 395.2
1080020 395.2
1080030 395.2
1080040 395.2
1080050 395.2
1080060 395.2
1080070 395.2
1080080 395.2
1080090 395.2
1080100 395.2
1080110 395.2
1080120 395.2
1080130 395.2
1080140 395.2
1080150 395.2
1080160 395.2
1080170 395.2
1080180 395.2
1080190 395.2
1080200 395.2
1080210 395.2
1080220 395.2
1080230 395.2
1080240 395.2
1080250 395.2
1080260 395.2
1080270 395.2
1080280 395.2
1080290 395.2
1080300 395.2
1080310 395.2
1080320 395.2
1080330 395.2
1080340 395.2
1080350 395.2
1080360 395.2
1080370 395.2
1080380 395.2
1080390 395.2
1080400 395.2
1080410 395.2
1080420 395.2
1080430 395.2
1080440 395.2
1080450 395.2
1080460 395.2
1080470 395.2
1080480 395.2
1080490 395.2
1080500 395.2
1080510 395.2
1080520 395.2
1080530 395.2
1080540 395.2
1080550 395.2
1080560 395.2
1080570 395.2
1080580 395.2
1080590 395.2
1080600 395.2
1080610 395.2
1080620 395.2
1080630 395.2
1080640 395.2
1080650 395.2
1080660 395.2
1080670 395.2
1080680 395.2
1080690 395.2
1080700 395.2
1080710 395.2
1080720 395.2
1080730 395.2
1080740 395.2
1080750 395.2
1080760 395.2
1080770 395.2
1080780 395.2
1080790 395.2
1080800 395.2
1080810 395.2
1080820 395.2
1080830 395.2
1080840 395.2
1080850 395.2
1080860 395.2
1080870 395.2
1080880 395.2
1080890 395.2
1080900 395.2
1080910 395.2
1080920 395.2
1080930 395.2
1080940 395.2
1080950 395.2
1080960 395.2
1080970 395.2
1080980 395.2
1080990 395.2
1081000 395.2
1081010 395.2
1081020 395.2
1081030 395.2
1081040 395.2
1081050 395.2
1081060 395.2
1081070 395.2
1081080 395.2
1081090 395.2
1081100 395.2
1081110 395.2
1081120 395.2
1081130 395.2
1081140 395.2
1081150 395.2
1081160 395.2
1081170 395.2
1081180 395.2
1081190 395.2
1081200 395.2
1081210 395.2
1081220 395.2
1081230 395.2
1081240 395.2
1081250 395.2
1081260 395.2
1081270 395.2
1081280 395.2
1081290 395.2
1081300 395.2
1081310 395.2
1081320 395.2
1081330 395.2
1081340 395.2
1081350 395.2
1081360 395.2
1081370 395.2
1081380 395.2
1081390 395.2
1081400 395.2
1081410 395.2
1081420 395.2
1081430 395.2
1081440 395.2
1081450 395.2
1081460 395.2
1081470 395.2
1081480 395.2
1081490 395.2
1081500 395.2
1081510 395.2
1081520 395.2
1081530 395.2
1081540 395.2
1081550 395.2
1081560 395.2
1081570 395.2
1081580 395.2
1081590 395.2
1081600 395.2
1081610 395.2
1081620 395.2
1081630 395.2
1081640 395.2
1081650 395.2
1081660 395.2
1081670 395.2
1081680 395.2
1081690 395.2
1081700 395.2
1081710 395.2
1081720 395.2
1081730 395.2
1081740 395.2
1081750 395.2
1081760 395.2
1081770 395.2
1081780 395.2
1081790 395.2
1081800 395.2
1081810 395.2
1081820 395.2
1081830 395.2
1081840 395.2
1081850 395.2
1081860 395.2
1081870 395.2
1081880 395.2
1081890 395.2
1081900 395.2
1081910 395.2
1081920 395.2
1081930 395.2
1081940 395.2
1081950 395.2
1081960 395.2
1081970 395.2
1081980 395.2
1081990 395.2
1082000 395.2
1082010 395.2
1082020 395.2
1082030 395.2
1082040 395.2
1082050 395.2
1082060 395.2
1082070 395.2
1082080 395.2
1082090 395.2
1082100 395.2
1082110 395.2
1082120 395.2
1082130 395.2
1082140 395.2
1082150 395.2
1082160 395.2
1082170 395.2
1082180 395.2
1082190 395.2
1082200 395.2
1082210 395.2
1082220 395.2
1082230 395.2
1082240 395.2
1082250 395.2
1082260 395.2
1082270 395.2
1082280 395.2
1082290 395.2
1082300 395.2
1082310 395.2
1082320 395.2
1082330 395.2
1082340 395.2
1082350 395.2
1082360 395.2
1082370 395.2
1082380 395.2
1082390 395.2
1082400 395.2
1082410 395.2
1082420 395.2
1082430 395.2
1082440 395.2
1082450 395.2
1082460 395.2
1082470 395.2
1082480 395.2
1082490 395.2
1082500 395.2
1082510 395.2
1082520 395.2
1082530 395.2
1082540 395.2
1082550 395.2
1082560 395.2
1082570 395.2
1082580 395.2
1082590 395.2
1082600 395.2
1082610 395.2
1082620 395.2
1082630 395.2
1082640 395.2
1082650 395.2
1082660 395.2
1082670 395.2
1082680 395.2
1082690 395.2
1082700 395.2
1082710 395.2
1082720 395.2
1082730 395.2
1082740 395.2
1082750 395.2
1082760 395.2
1082770 395.2
1082780 395.2
1082790 395.2
1082800 395.2
1082810 395.2
1082820 395.2
1082830 395.2
1082840 395.2
1082850 395.2
1082860 395.2
1082870 395.2
1082880 395.2
1082890 395.2
1082900 395.2
1082910 395.2
1082920 395.2
1082930 395.2
1082940 395.2
1082950 395.2
1082960 395.2
1082970 395.2
1082980 395.2
1082990 395.2
1083000 395.2
1083010 395.2
1083020 395.2
1083030 395.2
1083040 395.2
1083050 395.2
1083060 395.2
1083070 395.2
1083080 395.2
1083090 395.2
1083100 395.2
1083110 395.2
1083120 395.2
1083130 395.2
1083140 395.2
1083150 395.2
1083160 395.2
1083170 395.2
1083180 395.2
1083190 395.2
1083200 395.2
1083210 395.2
1083220 395.2
1083230 395.2
1083240 395.2
1083250 395.2
1083260 395.2
1083270 395.2
1083280 395.2
1083290 395.2
1083300 395.2
1083310 395.2
1083320 395.2
1083330 395.2
1083340 395.2
1083350 395.2
1083360 395.2
1083370 395.2
1083380 395.2
1083390 395.2
1083400 395.2
1083410 395.2
1083420 395.2
1083430 395.2
1083440 395.2
1083450 395.2
1083460 395.2
1083470 395.2
1083480 395.2
1083490 395.2
1083500 395.2
1083510 395.2
1083520 395.2
1083530 395.2
1083540 395.2
1083550 395.2
1083560 395.2
1083570 395.2
1083580 395.2
1083590 395.2
1083600 395.2
1083610 395.2
1083620 395.2
1083630 395.2
1083640 395.2
1083650 395.2
1083660 395.2
1083670 395.2
1083680 395.2
1083690 395.2
1083700 395.2
1083710 395.2
1083720 395.2
1083730 395.2
1083740 395.2
1083750 395.2
1083760 395.2
1083770 395.2
1083780 395.2
1083790 395.2
1083800 395.2
1083810 395.2
1083820 395.2
1083830 395.2
1083840 395.2
1083850 395.2
1083860 395.2
1083870 395.2
1083880 395.2
1083890 395.2
1083900 395.2
1083910 395.2
1083920 395.2
1083930 395.2
1083940 395.2
1083950 395.2
1083960 395.2
1083970 395.2
1083980 395.2
1083990 395.2
1084000 395.2
1084010 395.2
1084020 395.2
1084030 395.2
1084040 395.2
1084050 395.2
1084060 395.2
1084070 395.2
1084080 395.2
1084090 395.2
1084100 395.2
1084110 395.2
1084120 395.2
1084130 395.2
1084140 395.2
1084150 395.2
1084160 395.2
1084170 395.2
1084180 395.2
1084190 395.2
1084200 395.2
1084210 395.2
1084220 395.2
1084230 395.2
1084240 395.2
1084250 395.2
1084260 395.2
1084270 395.2
1084280 395.2
1084290 395.2
1084300 395.2
1084310 395.2
1084320 395.2
1084330 395.2
1084340 395.2
1084350 395.2
1084360 395.2
1084370 395.2
1084380 395.2
1084390 395.2
1084400 395.2
1084410 395.2
1084420 395.2
1084430 395.2
1084440 395.2
1084450 395.2
1084460 395.2
1084470 395.2
1084480 395.2
1084490 395.2
1084500 395.2
1084510 395.2
1084520 395.2
1084530 395.2
1084540 395.2
1084550 395.2
1084560 395.2
1084570 395.2
1084580 395.2
1084590 395.2
1084600 395.2
1084610 395.2
1084620 395.2
1084630 395.2
1084640 395.2
1084650 395.2
1084660 395.2
1084670 395.2
1084680 395.2
1084690 395.2
1084700 395.2
1084710 395.2
1084720 395.2
1084730 395.2
1084740 395.2
1084750 395.2
1084760 395.2
1084770 395.2
1084780 395.2
1084790 395.2
1084800 395.2
1084810 395.2
1084820 395.2
1084830 395.2
1084840 395.2
1084850 395.2
1084860 395.2
1084870 395.2
1084880 395.2
1084890 395.2
1084900 395.2
1084910 395.2
1084920 395.2
1084930 395.2
1084940 395.2
1084950 395.2
1084960 395.2
1084970 395.2
1084980 395.2
1084990 395.2
1085000 395.2
1085010 395.2
1085020 395.2
1085030 395.2
1085040 395.2
1085050 395.2
1085060 395.2
1085070 395.2
1085080 395.2
1085090 395.2
1085100 395.2
1085110 395.2
1085120 395.2
1085130 395.2
1085140 395.2
1085150 395.2
1085160 395.2
1085170 395.2
1085180 395.2
1085190 395.2
1085200 395.2
1085210 395.2
1085220 395.2
1085230 395.2
1085240 395.2
1085250 395.2
1085260 395.2
1085270 395.2
1085280 395.2
1085290 395.2
1085300 395.2
1085310 395.2
1085320 395.2
1085330 395.2
1085340 395.2
1085350 395.2
1085360 395.2
1085370 395.0
1085380 395.0
1085390 395.0
1085400 395.0
1085410 395.0
1085420 395.0
1085430 395.0
1085440 395.0
1085450 395.0
1085460 395.0
1085470 395.0
1085480 395.0
1085490 395.0
1085500 395.0
1085510 395.0
1085520 395.0
1085530 395.0
1085540 394.8
1085550 394.8
1085560 394.8
1085570 394.8
1085580 394.8
1085590 394.8
1085600 394.8
1085610 394.8
1085620 394.8
1085630 394.8
1085640 394.8
1085650 395.8
1085660 395.8
1085670 398.3
1085680 399.1
1085690 399.0
1085700 401.7
1085710 408.0
1085720 408.0
1085730 410.3
1085740 411.4
1085750 411.4
1085760 412.5
1085770 414.7
1085780 414.7
1085790 418.9
1085800 424.6
1085810 424.6
1085820 429.7
1085830 434.1
1085840 434.1
1085850 438.3
1085860 441.7
1085870 441.7
1085880 443.1
1085890 443.1
1085900 443.1
1085910 444.8
1085920 447.0
1085930 447.0
1085940 450.7
1085950 453.1
1085960 453.1
1085970 455.5
1085980 458.8
1085990 458.8
1086000 460.8
1086010 463.8
1086020 467.6
1086030 467.6
1086040 473.0
1086050 479.0
1086060 479.0
1086070 487.1
1086080 501.7
1086090 501.7
1086100 517.7
1086110 543.2
1086120 543.2
1086130 557.3
1086140 558.2
1086150 558.2
1086160 558.7
1086170 559.2
1086180 559.2
1086190 559.8
1086200 560.3
1086210 560.3
1086220 560.7
1086230 561.1
1086240 561.1
1086250 561.4
1086260 561.5
1086270 561.5
1086280 562.0
1086290 563.6
1086300 563.6
1086310 564.1
1086320 564.3
1086330 564.3
1086340 567.2
1086350 566.0
1086360 566.0
1086370 568.1
1086380 571.3
1086390 574.9
1086400 574.9
1086410 580.1
1086420 585.9
1086430 585.9
1086440 590.8
1086450 595.3
1086460 595.3
1086470 602.3
1086480 609.4
1086490 609.4
1086500 616.5
1086510 621.8
1086520 621.8
1086530 623.3
1086540 624.5
1086550 624.5
1086560 627.5
1086570 628.5
1086580 628.5
1086590 630.0
1086600 631.6
1086610 631.6
1086620 633.8
1086630 636.4
1086640 636.4
1086650 638.8
1086660 643.2
1086670 643.2
1086680 646.2
1086690 648.9
1086700 648.9
1086710 651.3
1086720 654.0
1086730 654.0
1086740 657.3
1086750 659.9
1086760 660.6
1086770 660.6
1086780 661.5
1086790 663.5
1086800 663.5
1086810 664.1
1086820 660.2
1086830 660.2
1086840 656.4
1086850 653.8
1086860 653.8
1086870 656.6
1086880 659.5
1086890 659.5
1086900 662.2
1086910 664.9
1086920 664.9
1086930 667.5
1086940 670.4
1086950 670.4
1086960 673.6
1086970 676.9
1086980 677.2
1086990 680.9
1087000 685.3
1087010 685.3
1087020 687.8
1087030 690.8
1087040 690.8
1087050 694.6
1087060 697.8
1087070 697.8
1087080 701.6
1087090 705.2
1087100 705.2
1087110 706.8
1087120 707.8
1087130 710.3
1087140 710.3
1087150 715.6
1087160 722.2
1087170 722.2
1087180 727.4
1087190 730.6
1087200 730.6
1087210 732.4
1087220 735.6
1087230 735.6
1087240 738.5
1087250 740.0
1087260 740.0
1087270 741.1
1087280 742.1
1087290 742.1
1087300 744.1
1087310 745.9
1087320 745.9
1087330 747.5
1087340 748.3
1087350 748.3
1087360 746.9
1087370 747.9
1087380 747.9
1087390 748.0
1087400 748.7
1087410 748.7
1087420 749.3
1087430 750.0
1087440 750.0
1087450 749.9
1087460 749.7
1087470 749.7
1087480 750.5
1087490 753.6
1087500 760.4
1087510 760.4
1087520 770.4
1087530 781.2
1087540 781.2
1087550 788.8
1087560 794.8
1087570 794.8
1087580 795.5
1087590 795.2
1087600 795.2
1087610 795.2
1087620 798.1
1087630 798.1
1087640 798.8
1087650 801.0
1087660 801.0
1087670 804.7
1087680 807.9
1087690 807.9
1087700 810.5
1087710 812.7
1087720 812.7
1087730 814.5
1087740 815.8
1087750 815.8
1087760 816.7
1087770 817.3
1087780 817.3
1087790 818.0
1087800 819.3
1087810 819.3
1087820 820.3
1087830 820.6
1087840 820.6
1087850 820.7
1087860 821.0
1087870 821.3
1087880 821.3
1087890 821.6
1087900 822.8
1087910 822.8
1087920 824.5
1087930 825.5
1087940 825.5
1087950 826.5
1087960 824.1
1087970 824.1
1087980 824.9
1087990 826.6
1088000 826.6
1088010 827.7
1088020 829.6
1088030 829.6
1088040 831.6
1088050 832.4
1088060 832.4
1088070 833.4
1088080 834.7
1088090 834.7
1088100 836.4
1088110 838.5
1088120 838.5
1088130 839.5
1088140 841.2
1088150 841.2
1088160 844.7
1088170 847.8
1088180 847.8
1088190 847.8
1088200 849.8
1088210 849.8
1088220 852.4
1088230 852.6
1088240 852.6
1088250 853.7
1088260 853.7
1088270 853.7
1088280 853.7
1088290 856.2
1088300 859.7
1088310 859.7
1088320 861.3
1088330 862.5
1088340 862.5
1088350 865.3
1088360 868.5
1088370 868.5
1088380 870.8
1088390 873.6
1088400 873.6
1088410 876.2
1088420 880.1
1088430 880.1
1088440 884.9
1088450 891.1
1088460 891.1
1088470 897.7
1088480 903.3
1088490 903.3
1088500 910.6
1088510 917.5
1088520 917.5
1088530 925.8
1088540 938.7
1088550 938.7
1088560 945.1
1088570 946.2
1088580 946.2
1088590 947.7
1088600 946.9
1088610 946.9
1088620 947.0
1088630 947.4
1088640 947.9
1088650 947.9
1088660 948.8
1088670 949.5
1088680 949.5
1088690 950.6
1088700 951.4
1088710 951.4
1088720 952.2
1088730 954.0
1088740 954.0
1088750 955.9
1088760 957.2
1088770 957.2
1088780 958.1
1088790 959.5
1088800 959.5
1088810 961.8
1088820 964.7
1088830 964.7
1088840 967.7
1088850 970.6
1088860 970.6
1088870 972.9
1088880 975.1
1088890 975.1
1088900 978.2
1088910 983.0
1088920 983.0
1088930 983.5
1088940 983.5
1088950 983.5
1088960 985.8
1088970 987.4
1088980 987.4
1088990 988.7
1089000 990.5
1089010 992.2
1089020 992.2
1089030 993.8
1089040 995.2
1089050 995.2
1089060 995.9
1089070 996.1
1089080 996.1
1089090 996.3
1089100 998.5
1089110 998.5
1089120 998.8
1089130 1000.1
1089140 1000.1
1089150 1003.6
1089160 1006.1
1089170 1006.1
1089180 1006.6
1089190 1006.9
1089200 1006.9
1089210 1007.3
1089220 1008.2
1089230 1008.2
1089240 1010.8
1089250 1011.8
1089260 1011.8
1089270 1012.8
1089280 1013.5
1089290 1013.5
1089300 1014.5
1089310 1016.2
1089320 1016.2
1089330 1015.7
1089340 1012.6
1089350 1012.6
1089360 1009.8
1089370 1007.8
1089380 1007.0
1089390 1007.0
1089400 1006.0
1089410 1002.2
1089420 1002.2
1089430 1000.3
1089440 999.4
1089450 999.4
1089460 996.4
1089470 994.0
1089480 994.0
1089490 991.8
1089500 993.4
1089510 993.4
1089520 993.6
1089530 993.4
1089540 993.4
1089550 991.7
1089560 989.4
1089570 989.4
1089580 986.7
1089590 982.9
1089600 982.9
1089610 980.0
1089620 978.5
1089630 978.5
1089640 976.9
1089650 975.1
1089660 975.1
1089670 973.4
1089680 971.6
1089690 971.6
1089700 969.9
1089710 968.6
1089720 968.6
1089730 967.6
1089740 966.7
1089750 966.0
1089760 966.0
1089770 965.4
1089780 964.8
1089790 964.8
1089800 964.2
1089810 963.7
1089820 963.7
1089830 963.3
1089840 961.9
1089850 961.9
1089860 958.5
1089870 955.2
1089880 957.3
1089890 954.5
1089900 951.4
1089910 951.4
1089920 948.6
1089930 946.3
1089940 946.3
1089950 945.1
1089960 943.5
1089970 943.5
1089980 942.1
1089990 940.9
1090000 940.9
1090010 939.7
1090020 938.6
1090030 938.6
1090040 938.0
1090050 937.6
1090060 937.6
1090070 937.5
1090080 938.3
1090090 938.3
1090100 939.2
1090110 939.4
1090120 938.7
1090130 938.7
1090140 937.6
1090150 934.6
1090160 934.6
1090170 931.1
1090180 928.1
1090190 928.1
1090200 925.8
1090210 924.2
1090220 924.2
1090230 923.7
1090240 923.4
1090250 923.4
1090260 923.1
1090270 923.0
1090280 923.0
1090290 923.0
1090300 923.4
1090310 923.4
1090320 923.8
1090330 923.9
1090340 923.9
1090350 923.6
1090360 922.5
1090370 922.5
1090380 920.8
1090390 918.7
1090400 918.7
1090410 916.6
1090420 914.9
1090430 914.9
1090440 913.0
1090450 911.3
1090460 911.3
1090470 910.1
1090480 909.5
1090490 909.2
1090500 909.2
1090510 908.5
1090520 907.6
1090530 904.7
1090540 903.0
1090550 903.7
1090560 903.7
1090570 903.0
1090580 901.6
1090590 901.6
1090600 898.7
1090610 899.5
1090620 899.5
1090630 898.9
1090640 898.5
1090650 898.5
1090660 896.9
1090670 894.4
1090680 894.4
1090690 891.5
1090700 889.0
1090710 889.0
1090720 886.8
1090730 884.9
1090740 884.9
1090750 884.0
1090760 882.0
1090770 882.0
1090780 880.8
1090790 879.5
1090800 879.5
1090810 878.4
1090820 877.8
1090830 877.8
1090840 877.0
1090850 876.6
1090860 875.6
1090870 875.6
1090880 874.3
1090890 872.8
1090900 872.8
1090910 871.4
1090920 870.7
1090930 870.7
1090940 870.1
1090950 869.0
1090960 869.0
1090970 868.2
1090980 867.5
1090990 867.5
1091000 866.4
1091010 865.3
1091020 865.3
1091030 863.9
1091040 862.2
1091050 862.2
1091060 861.4
1091070 860.2
1091080 860.2
1091090 859.0
1091100 857.9
1091110 857.9
1091120 856.8
1091130 856.6
1091140 856.6
1091150 856.0
1091160 854.0
1091170 854.0
1091180 851.4
1091190 851.4
1091200 851.4
1091210 850.6
1091220 849.2
1091230 846.4
1091240 846.4
1091250 841.7
1091260 838.1
1091270 838.1
1091280 838.3
1091290 843.4
1091300 843.4
1091310 849.0
1091320 850.9
1091330 850.9
1091340 851.6
1091350 852.0
1091360 852.0
1091370 851.6
1091380 851.0
1091390 851.0
1091400 850.5
1091410 849.4
1091420 849.4
1091430 847.6
1091440 845.8
1091450 845.8
1091460 844.5
1091470 842.6
1091480 842.6
1091490 844.2
1091500 845.1
1091510 844.6
1091520 844.9
1091530 844.0
1091540 844.0
1091550 845.9
1091560 846.2
1091570 846.2
1091580 846.5
1091590 847.0
1091600 846.3
1091610 846.3
1091620 845.3
1091630 845.6
1091640 845.6
1091650 845.7
1091660 846.4
1091670 846.4
1091680 846.7
1091690 844.7
1091700 844.7
1091710 848.3
1091720 850.0
1091730 850.0
1091740 850.8
1091750 851.4
1091760 851.4
1091770 852.2
1091780 852.2
1091790 852.2
1091800 851.1
1091810 849.3
1091820 849.3
1091830 845.6
1091840 846.1
1091850 846.1
1091860 849.9
1091870 852.9
1091880 852.9
1091890 857.1
1091900 860.4
1091910 860.4
1091920 862.8
1091930 865.0
1091940 865.0
1091950 867.8
1091960 870.4
1091970 872.9
1091980 872.9
1091990 875.6
1092000 878.5
1092010 878.5
1092020 881.6
1092030 885.1
1092040 885.1
1092050 888.7
1092060 892.7
1092070 892.7
1092080 897.3
1092090 900.5
1092100 900.5
1092110 902.3
1092120 903.6
1092130 903.6
1092140 904.9
1092150 906.4
1092160 905.9
1092170 907.7
1092180 909.2
1092190 909.2
1092200 910.7
1092210 912.3
1092220 912.3
1092230 914.0
1092240 916.0
1092250 916.0
1092260 918.2
1092270 919.8
1092280 919.8
1092290 921.4
1092300 923.4
1092310 923.4
1092320 925.3
1092330 926.8
1092340 928.3
1092350 928.3
1092360 929.4
1092370 930.6
1092380 930.6
1092390 931.4
1092400 932.4
1092410 932.4
1092420 934.4
1092430 937.1
1092440 937.1
1092450 939.9
1092460 941.7
1092470 941.7
1092480 942.5
1092490 942.6
1092500 942.6
1092510 943.0
1092520 943.3
1092530 943.3
1092540 943.1
1092550 942.8
1092560 942.8
1092570 943.5
1092580 944.5
1092590 944.5
1092600 945.5
1092610 945.8
1092620 945.8
1092630 944.7
1092640 943.1
1092650 943.1
1092660 942.1
1092670 941.6
1092680 941.6
1092690 941.4
1092700 941.4
1092710 941.5
1092720 941.5
1092730 942.0
1092740 942.7
1092750 942.7
1092760 943.3
1092770 943.7
1092780 943.7
1092790 944.2
1092800 944.6
1092810 943.1
1092820 943.6
1092830 943.4
1092840 943.4
1092850 941.9
1092860 935.0
1092870 935.0
1092880 928.8
1092890 925.8
1092900 925.8
1092910 927.5
1092920 931.2
1092930 931.2
1092940 935.3
1092950 941.3
1092960 941.3
1092970 942.5
1092980 942.9
1092990 942.9
1093000 943.0
1093010 944.4
1093020 944.4
1093030 946.0
1093040 944.5
1093050 944.5
1093060 943.7
1093070 945.2
1093080 947.3
1093090 947.3
1093100 949.6
1093110 953.4
1093120 953.4
1093130 955.4
1093140 958.0
1093150 958.0
1093160 963.5
1093170 967.5
1093180 967.5
1093190 969.0
1093200 971.7
1093210 971.7
1093220 973.8
1093230 975.6
1093240 975.6
1093250 977.5
1093260 979.3
1093270 979.3
1093280 981.1
1093290 983.2
1093300 983.2
1093310 985.2
1093320 987.0
1093330 987.0
1093340 989.1
1093350 991.2
1093360 991.2
1093370 993.4
1093380 995.3
1093390 995.3
1093400 997.0
1093410 998.0
1093420 998.0
1093430 997.5
1093440 995.1
1093450 989.6
1093460 989.6
1093470 979.7
1093480 974.8
1093490 974.8
1093500 970.2
1093510 966.6
1093520 966.6
1093530 963.1
1093540 959.4
1093550 959.4
1093560 955.8
1093570 951.6
1093580 951.6
1093590 949.1
1093600 945.6
1093610 945.6
1093620 941.7
1093630 938.2
1093640 938.2
1093650 935.4
1093660 932.7
1093670 932.7
1093680 929.5
1093690 926.9
1093700 926.9
1093710 927.3
1093720 927.8
1093730 927.8
1093740 926.6
1093750 925.4
1093760 925.4
1093770 923.1
1093780 914.6
1093790 915.2
1093800 908.2
1093810 901.3
1093820 894.7
1093830 894.7
1093840 888.4
1093850 883.1
1093860 883.1
1093870 878.6
1093880 872.8
1093890 872.8
1093900 865.6
1093910 861.3
1093920 861.3
1093930 858.5
1093940 855.5
1093950 855.5
1093960 851.6
1093970 847.0
1093980 847.0
1093990 843.3
1094000 842.1
1094010 842.1
1094020 842.5
1094030 841.5
1094040 841.5
1094050 840.0
1094060 838.7
1094070 838.7
1094080 837.9
1094090 838.4
1094100 838.4
1094110 839.3
1094120 835.4
1094130 835.4
1094140 832.5
1094150 829.6
1094160 829.6
1094170 827.4
1094180 828.8
1094190 830.7
1094200 830.7
1094210 830.7
1094220 829.7
1094230 829.7
1094240 828.7
1094250 828.7
1094260 828.7
1094270 829.2
1094280 830.7
1094290 830.7
1094300 832.6
1094310 834.3
1094320 834.3
1094330 835.6
1094340 835.2
1094350 835.2
1094360 834.7
1094370 835.5
1094380 835.5
1094390 837.1
1094400 838.8
1094410 838.8
1094420 840.5
1094430 842.6
1094440 842.6
1094450 847.0
1094460 848.6
1094470 848.6
1094480 848.7
1094490 845.5
1094500 845.5
1094510 840.6
1094520 836.1
1094530 836.1
1094540 833.5
1094550 833.2
1094560 832.2
1094570 832.2
1094580 829.9
1094590 827.1
1094600 827.1
1094610 823.6
1094620 821.7
1094630 821.7
1094640 821.0
1094650 819.1
1094660 819.1
1094670 816.1
1094680 812.2
1094690 812.2
1094700 807.8
1094710 801.6
1094720 801.6
1094730 792.6
1094740 787.8
1094750 787.8
1094760 792.5
1094770 796.7
1094780 800.5
1094790 804.4
1094800 808.7
1094810 808.7
1094820 809.7
1094830 809.3
1094840 809.3
1094850 808.3
1094860 806.7
1094870 806.7
1094880 803.4
1094890 797.9
1094900 797.9
1094910 791.8
1094920 786.6
1094930 783.1
1094940 783.1
1094950 779.0
1094960 775.3
1094970 775.3
1094980 773.0
1094990 770.2
1095000 770.2
1095010 764.9
1095020 764.4
1095030 764.4
1095040 766.3
1095050 766.1
1095060 766.1
1095070 765.1
1095080 763.5
1095090 763.5
1095100 765.4
1095110 764.8
1095120 764.8
1095130 763.8
1095140 762.6
1095150 762.6
1095160 760.5
1095170 757.5
1095180 757.5
1095190 756.1
1095200 756.9
1095210 756.9
1095220 755.2
1095230 752.6
1095240 752.6
1095250 750.6
1095260 750.2
1095270 750.2
1095280 744.8
1095290 736.0
1095300 731.4
1095310 731.4
1095320 727.6
1095330 724.1
1095340 724.1
1095350 722.0
1095360 720.5
1095370 720.5
1095380 719.2
1095390 717.7
1095400 717.7
1095410 715.6
1095420 712.6
1095430 709.6
1095440 705.8
1095450 702.9
1095460 702.9
1095470 698.1
1095480 691.5
1095490 691.5
1095500 683.4
1095510 677.2
1095520 677.2
1095530 675.1
1095540 670.8
1095550 670.8
1095560 667.5
1095570 666.0
1095580 666.0
1095590 663.2
1095600 659.6
1095610 659.6
1095620 656.6
1095630 654.3
1095640 654.3
1095650 652.1
1095660 650.0
1095670 648.2
1095680 648.2
1095690 646.1
1095700 644.5
1095710 644.5
1095720 643.1
1095730 642.1
1095740 642.1
1095750 641.1
1095760 639.0
1095770 639.0
1095780 637.4
1095790 636.6
1095800 636.6
1095810 633.9
1095820 632.4
1095830 632.4
1095840 632.7
1095850 631.7
1095860 631.7
1095870 630.3
1095880 629.3
1095890 629.3
1095900 629.4
1095910 628.6
1095920 628.6
1095930 627.9
1095940 627.6
1095950 627.6
1095960 626.8
1095970 625.8
1095980 625.8
1095990 623.4
1096000 620.2
1096010 620.2
1096020 618.3
1096030 616.4
1096040 614.1
1096050 614.1
1096060 611.7
1096070 609.2
1096080 609.2
1096090 604.4
1096100 602.0
1096110 602.0
1096120 599.8
1096130 597.7
1096140 597.7
1096150 595.6
1096160 593.7
1096170 593.7
1096180 592.4
1096190 591.4
1096200 591.4
1096210 590.7
1096220 590.5
1096230 590.5
1096240 590.4
1096250 590.0
1096260 590.0
1096270 588.9
1096280 588.2
1096290 588.2
1096300 587.7
1096310 587.3
1096320 587.3
1096330 586.9
1096340 586.3
1096350 586.3
1096360 585.5
1096370 584.6
1096380 584.6
1096390 583.3
1096400 581.7
1096410 581.4
1096420 581.5
1096430 580.0
1096440 579.6
1096450 579.6
1096460 581.3
1096470 581.9
1096480 581.9
1096490 580.4
1096500 578.5
1096510 578.5
1096520 579.1
1096530 580.9
1096540 580.9
1096550 582.8
1096560 584.0
1096570 584.0
1096580 583.9
1096590 584.1
1096600 584.1
1096610 584.1
1096620 583.8
1096630 583.8
1096640 583.1
1096650 581.8
1096660 581.8
1096670 581.0
1096680 580.2
1096690 580.2
1096700 577.9
1096710 574.9
1096720 574.9
1096730 573.1
1096740 571.9
1096750 571.5
1096760 575.0
1096770 579.2
1096780 583.3
1096790 583.3
1096800 585.7
1096810 587.3
1096820 587.3
1096830 588.6
1096840 589.1
1096850 589.1
1096860 589.2
1096870 589.1
1096880 589.1
1096890 588.7
1096900 587.9
1096910 587.9
1096920 587.0
1096930 585.5
1096940 585.5
1096950 583.6
1096960 581.7
1096970 581.7
1096980 580.8
1096990 580.4
1097000 580.4
1097010 580.6
1097020 581.2
1097030 581.2
1097040 580.8
1097050 579.5
1097060 579.5
1097070 578.3
1097080 576.1
1097090 576.1
1097100 574.0
1097110 571.8
1097120 571.8
1097130 570.5
1097140 570.0
1097150 570.0
1097160 570.0
1097170 569.9
1097180 569.6
1097190 569.6
1097200 569.7
1097210 569.4
1097220 569.4
1097230 568.6
1097240 567.3
1097250 567.3
1097260 566.5
1097270 565.6
1097280 565.6
1097290 565.0
1097300 564.4
1097310 564.4
1097320 563.5
1097330 562.7
1097340 562.7
1097350 561.6
1097360 560.6
1097370 560.6
1097380 559.5
1097390 558.0
1097400 558.0
1097410 556.7
1097420 556.1
1097430 556.1
1097440 557.3
1097450 557.7
1097460 557.7
1097470 557.9
1097480 558.2
1097490 558.2
1097500 558.1
1097510 557.1
1097520 556.7
1097530 556.7
1097540 557.1
1097550 557.3
1097560 557.3
1097570 557.9
1097580 558.6
1097590 558.6
1097600 559.2
1097610 559.5
1097620 559.5
1097630 559.8
1097640 560.1
1097650 560.1
1097660 560.4
1097670 560.9
1097680 560.9
1097690 561.2
1097700 561.6
1097710 561.6
1097720 561.9
1097730 562.2
1097740 561.4
1097750 561.9
1097760 562.1
1097770 562.1
1097780 562.3
1097790 562.5
1097800 562.5
1097810 562.4
1097820 562.0
1097830 562.0
1097840 561.3
1097850 560.4
1097860 560.4
1097870 559.4
1097880 558.4
1097890 557.4
1097900 557.4
1097910 556.4
1097920 555.4
1097930 555.4
1097940 554.8
1097950 554.2
1097960 554.2
1097970 553.0
1097980 551.8
1097990 551.8
1098000 550.6
1098010 549.7
1098020 549.7
1098030 548.9
1098040 548.0
1098050 548.0
1098060 547.0
1098070 545.4
1098080 545.4
1098090 544.1
1098100 542.9
1098110 542.9
1098120 541.5
1098130 539.8
1098140 539.8
1098150 537.8
1098160 535.8
1098170 535.8
1098180 534.1
1098190 532.9
1098200 532.9
1098210 532.4
1098220 532.0
1098230 532.0
1098240 531.8
1098250 531.9
1098260 532.1
1098270 532.1
1098280 532.3
1098290 532.3
1098300 532.3
1098310 532.3
1098320 532.3
1098330 532.3
1098340 532.5
1098350 532.7
1098360 532.7
1098370 532.8
1098380 532.7
1098390 532.7
1098400 532.4
1098410 532.4
1098420 532.4
1098430 532.3
1098440 532.3
1098450 532.3
1098460 531.4
1098470 529.0
1098480 529.0
1098490 530.3
1098500 536.6
1098510 536.6
1098520 544.2
1098530 547.4
1098540 547.4
1098550 552.0
1098560 554.8
1098570 554.8
1098580 557.6
1098590 559.3
1098600 559.3
1098610 560.6
1098620 561.6
1098630 562.8
1098640 562.8
1098650 563.7
1098660 565.0
1098670 565.0
1098680 565.8
1098690 566.7
1098700 566.7
1098710 567.8
1098720 568.8
1098730 570.1
1098740 572.9
1098750 576.1
1098760 576.1
1098770 579.4
1098780 582.1
1098790 582.1
1098800 584.4
1098810 587.7
1098820 587.7
1098830 592.0
1098840 595.0
1098850 595.0
1098860 597.3
1098870 599.0
1098880 599.0
1098890 600.7
1098900 602.7
1098910 602.7
1098920 604.4
1098930 606.2
1098940 606.2
1098950 608.0
1098960 610.3
1098970 610.3
1098980 612.6
1098990 614.5
1099000 616.4
1099010 616.4
1099020 618.6
1099030 621.4
1099040 621.4
1099050 624.2
1099060 627.5
1099070 629.0
1099080 632.9
1099090 637.5
1099100 637.5
1099110 638.8
1099120 642.2
1099130 642.2
1099140 647.4
1099150 652.0
1099160 652.0
1099170 656.3
1099180 660.2
1099190 660.2
1099200 664.0
1099210 666.4
1099220 666.4
1099230 667.3
1099240 665.5
1099250 665.5
1099260 662.6
1099270 659.8
1099280 659.8
1099290 657.6
1099300 657.3
1099310 657.3
1099320 661.1
1099330 664.8
1099340 664.8
1099350 667.2
1099360 668.3
1099370 668.4
1099380 668.4
1099390 668.3
1099400 671.0
1099410 671.0
1099420 672.0
1099430 673.2
1099440 673.2
1099450 674.3
1099460 674.7
1099470 674.7
1099480 670.2
1099490 656.6
1099500 656.6
1099510 648.7
1099520 643.9
1099530 643.9
1099540 641.3
1099550 638.3
1099560 638.3
1099570 637.9
1099580 641.1
1099590 641.1
1099600 644.5
1099610 645.7
1099620 645.7
1099630 646.2
1099640 647.0
1099650 647.0
1099660 648.7
1099670 651.3
1099680 651.3
1099690 655.6
1099700 660.1
1099710 660.1
1099720 664.8
1099730 666.3
1099740 671.5
1099750 671.5
1099760 676.3
1099770 680.6
1099780 680.6
1099790 681.2
1099800 683.5
1099810 683.5
1099820 685.5
1099830 690.7
1099840 690.7
1099850 699.7
1099860 705.8
1099870 705.8
1099880 708.9
1099890 713.6
1099900 713.6
1099910 717.8
1099920 721.8
1099930 721.8
1099940 725.2
1099950 726.1
1099960 726.1
1099970 726.8
1099980 728.4
1099990 728.4
