1080190 395.2
1080200 395.2
1080210 395.2
1080220 395.2
1080230 395.2
1080240 395.2
1080250 395.2
1080260 395.2
1080270 395.2
1080280 395.2
1080290 395.2
1080300 395.2
1080310 395.2
1080320 395.2
1080330 395.2
1080340 395.2
1080350 395.2
1080360 395.2
1080370 395.2
1080380 395.2
1080390 395.2
1080400 395.2
1080410 395.2
1080420 395.2
1080430 395.2
1080440 395.2
1080450 395.2
1080460 395.2
1080470 395.2
1080480 395.2
1080490 395.2
1080500 395.2
1080510 395.2
1080520 395.2
1080530 395.2
1080540 395.2
1080550 395.2
1080560 395.2
1080570 395.2
1080580 395.2
1080590 395.2
1080600 395.2
1080610 395.2
1080620 395.2
1080630 395.2
1080640 395.2
1080650 395.2
1080660 395.2
1080670 395.2
1080680 395.2
1080690 395.2
1080700 395.2
1080710 395.2
1080720 395.2
1080730 395.2
1080740 395.2
1080750 395.2
1080760 395.2
1080770 395.2
1080780 395.2
1080790 395.2
1080800 395.2
1080810 395.2
1080820 395.2
1080830 395.2
1080840 395.2
1080850 395.2
1080860 395.2
1080870 395.2
1080880 395.2
1080890 395.2
1080900 395.2
1080910 395.2
1080920 395.2
1080930 395.2
1080940 395.2
1080950 395.2
1080960 395.2
1080970 395.2
1080980 395.2
1080990 395.2
1081000 395.2
1081010 395.2
1081020 395.2
1081030 395.2
1081040 395.2
1081050 395.2
1081060 395.2
1081070 395.2
1081080 395.2
1081090 395.2
1081100 395.2
1081110 395.2
1081120 395.2
1081130 395.2
1081140 395.2
1081150 395.2
1081160 395.2
1081170 395.2
1081180 395.2
1081190 395.2
1081200 395.2
1081210 395.2
1081220 395.2
1081230 395.2
1081240 395.2
1081250 395.2
1081260 395.2
1081270 395.2
1081280 395.2
1081290 395.2
1081300 395.2
1081310 395.2
1081320 395.2
1081330 395.2
1081340 395.2
1081350 395.2
1081360 395.2
1081370 395.2
1081380 395.2
1081390 395.2
1081400 395.2
1081410 395.2
1081420 395.2
1081430 395.2
1081440 395.2
1081450 395.2
1081460 395.2
1081470 395.2
1081480 395.2
1081490 395.2
1081500 395.2
1081510 395.2
1081520 395.2
1081530 395.2
1081540 395.2
1081550 395.2
1081560 395.2
1081570 395.2
1081580 395.2
1081590 395.2
1081600 395.2
1081610 395.2
1081620 395.2
1081630 395.2
1081640 395.2
1081650 395.2
1081660 395.2
1081670 395.2
1081680 395.2
1081690 395.2
1081700 395.2
1081710 395.2
1081720 395.2
1081730 395.2
1081740 395.2
1081750 395.2
1081760 395.2
1081770 395.2
1081780 395.2
1081790 395.2
1081800 395.2
1081810 395.2
1081820 395.2
1081830 395.2
1081840 395.2
1081850 395.2
1081860 395.2
1081870 395.2
1081880 395.2
1081890 395.2
1081900 395.2
1081910 395.2
1081920 395.2
1081930 395.2
1081940 395.2
1081950 395.2
1081960 395.2
1081970 395.2
1081980 395.2
1081990 395.2
1082000 395.2
1082010 395.2
1082020 395.2
1082030 395.2
1082040 395.2
1082050 395.2
1082060 395.2
1082070 395.2
1082080 395.2
1082090 395.2
1082100 395.2
1082110 395.2
1082120 395.2
1082130 395.2
1082140 395.2
1082150 395.2
1082160 395.2
1082170 395.2
1082180 395.2
1082190 395.2
1082200 395.2
1082210 395.2
1082220 395.2
1082230 395.2
1082240 395.2
1082250 395.2
1082260 395.2
1082270 395.2
1082280 395.2
1082290 395.2
1082300 395.2
1082310 395.2
1082320 395.2
1082330 395.2
1082340 395.2
1082350 395.2
1082360 395.2
1082370 395.2
1082380 395.2
1082390 395.2
1082400 395.2
1082410 395.2
1082420 395.2
1082430 395.2
1082440 395.2
1082450 395.2
1082460 395.2
1082470 395.2
1082480 395.2
1082490 395.2
1082500 395.2
1082510 395.2
1082520 395.2
1082530 395.2
1082540 395.2
1082550 395.2
1082560 395.2
1082570 395.2
1082580 395.2
1082590 395.2
1082600 395.2
1082610 395.2
1082620 395.2
1082630 395.2
1082640 395.2
1082650 395.2
1082660 395.2
1082670 395.2
1082680 395.2
1082690 395.2
1082700 395.2
1082710 395.2
1082720 395.2
1082730 395.2
1082740 395.2
1082750 395.2
1082760 395.2
1082770 395.2
1082780 395.2
1082790 395.2
1082800 395.2
1082810 395.2
1082820 395.2
1082830 395.2
1082840 395.2
1082850 395.2
1082860 395.2
1082870 395.2
1082880 395.2
1082890 395.2
1082900 395.2
1082910 395.2
1082920 395.2
1082930 395.2
1082940 395.2
1082950 395.2
1082960 395.2
1082970 395.2
1082980 395.2
1082990 395.2
1083000 395.2
1083010 395.2
1083020 395.2
1083030 395.2
1083040 395.2
1083050 395.2
1083060 395.2
1083070 395.2
1083080 395.2
1083090 395.2
1083100 395.2
1083110 395.2
1083120 395.2
1083130 395.2
1083140 395.2
1083150 395.2
1083160 395.2
1083170 395.2
1083180 395.2
1083190 395.2
1083200 395.2
1083210 395.2
1083220 395.2
1083230 395.2
1083240 395.2
1083250 395.2
1083260 395.2
1083270 395.2
1083280 395.2
1083290 395.2
1083300 395.2
1083310 395.2
1083320 395.2
1083330 395.2
1083340 395.2
1083350 395.2
1083360 395.2
1083370 395.2
1083380 395.2
1083390 395.2
1083400 395.2
1083410 395.2
1083420 395.2
1083430 395.2
1083440 395.2
1083450 395.2
1083460 395.2
1083470 395.2
1083480 395.2
1083490 395.2
1083500 395.2
1083510 395.2
1083520 395.2
1083530 395.2
1083540 395.2
1083550 395.2
1083560 395.2
1083570 395.2
1083580 395.2
1083590 395.2
1083600 395.2
1083610 395.2
1083620 395.2
1083630 395.2
1083640 395.2
1083650 395.2
1083660 395.2
1083670 395.2
1083680 395.2
1083690 395.2
1083700 395.2
1083710 395.2
1083720 395.2
1083730 395.2
1083740 395.2
1083750 395.2
1083760 395.2
1083770 395.2
1083780 395.2
1083790 395.2
1083800 395.2
1083810 395.2
1083820 395.2
1083830 395.2
1083840 395.2
1083850 395.2
1083860 395.2
1083870 395.2
1083880 395.2
1083890 395.2
1083900 395.2
1083910 395.2
1083920 395.2
1083930 395.2
1083940 395.2
1083950 395.1
1083960 395.0
1083970 395.0
1083980 394.9
1083990 394.9
1084000 394.9
1084010 394.9
1084020 394.9
1084030 394.9
1084040 394.9
1084050 394.9
1084060 394.9
1084070 394.9
1084080 394.9
1084090 394.9
1084100 394.9
1084110 394.9
1084120 394.9
1084130 394.9
1084140 394.9
1084150 394.9
1084160 394.9
1084170 394.9
1084180 394.9
1084190 395.4
1084200 397.7
1084210 397.7
1084220 397.6
1084230 396.1
1084240 396.1
1084250 396.6
1084260 396.6
1084270 396.6
1084280 394.9
1084290 394.9
1084300 394.9
1084310 394.9
1084320 395.0
1084330 395.6
1084340 395.6
1084350 396.2
1084360 397.4
1084370 397.4
1084380 398.2
1084390 398.3
1084400 398.3
1084410 397.0
1084420 394.9
1084430 394.9
1084440 394.9
1084450 394.9
1084460 394.9
1084470 394.9
1084480 394.9
1084490 394.9
1084500 394.9
1084510 394.9
1084520 394.9
1084530 395.3
1084540 397.5
1084550 397.5
1084560 397.7
1084570 398.1
1084580 398.1
1084590 398.9
1084600 399.0
1084610 399.0
1084620 399.0
1084630 398.9
1084640 398.9
1084650 398.7
1084660 398.7
1084670 398.6
1084680 398.6
1084690 398.6
1084700 398.7
1084710 398.7
1084720 398.8
1084730 398.8
1084740 398.8
1084750 398.9
1084760 399.0
1084770 399.0
1084780 399.4
1084790 399.8
1084800 399.8
1084810 400.1
1084820 400.3
1084830 400.3
1084840 400.5
1084850 400.5
1084860 400.5
1084870 400.7
1084880 400.9
1084890 400.9
1084900 401.3
1084910 402.3
1084920 402.3
1084930 403.0
1084940 402.8
1084950 402.8
1084960 403.0
1084970 403.5
1084980 403.5
1084990 403.7
1085000 404.0
1085010 404.0
1085020 404.6
1085030 404.8
1085040 404.8
1085050 404.8
1085060 405.1
1085070 405.2
1085080 405.2
1085090 404.7
1085100 404.6
1085110 404.6
1085120 404.8
1085130 404.9
1085140 404.9
1085150 404.9
1085160 404.9
1085170 404.9
1085180 405.9
1085190 406.9
1085200 407.0
1085210 407.3
1085220 407.5
1085230 407.5
1085240 407.7
1085250 408.0
1085260 408.0
1085270 408.5
1085280 408.7
1085290 408.7
1085300 409.0
1085310 409.0
1085320 409.0
1085330 409.2
1085340 409.6
1085350 409.6
1085360 410.2
1085370 409.9
1085380 409.9
1085390 410.1
1085400 410.2
1085410 410.2
1085420 410.3
1085430 410.5
1085440 410.7
1085450 410.7
1085460 410.9
1085470 411.3
1085480 411.3
1085490 411.6
1085500 412.2
1085510 412.2
1085520 412.6
1085530 411.7
1085540 411.7
1085550 411.9
1085560 412.3
1085570 412.3
1085580 412.7
1085590 413.3
1085600 413.3
1085610 413.2
1085620 414.1
1085630 414.1
1085640 415.6
1085650 416.5
1085660 416.5
1085670 417.5
1085680 418.5
1085690 418.5
1085700 419.4
1085710 420.3
1085720 420.3
1085730 421.4
1085740 422.2
1085750 422.2
1085760 422.9
1085770 423.5
1085780 423.5
1085790 424.5
1085800 426.9
1085810 430.0
1085820 430.0
1085830 432.7
1085840 434.6
1085850 434.9
1085860 435.8
1085870 437.4
1085880 437.4
1085890 440.0
1085900 442.3
1085910 442.3
1085920 444.2
1085930 446.2
1085940 446.2
1085950 447.5
1085960 448.8
1085970 448.8
1085980 451.0
1085990 453.3
1086000 453.3
1086010 454.0
1086020 454.0
1086030 454.0
1086040 454.3
1086050 457.4
1086060 457.4
1086070 459.6
1086080 460.1
1086090 460.1
1086100 461.9
1086110 464.6
1086120 464.6
1086130 463.2
1086140 457.0
1086150 457.0
1086160 451.7
1086170 453.6
1086180 457.7
1086190 457.7
1086200 463.7
1086210 469.4
1086220 469.4
1086230 473.7
1086240 475.2
1086250 475.2
1086260 476.4
1086270 477.6
1086280 477.6
1086290 478.8
1086300 480.1
1086310 480.1
1086320 480.9
1086330 482.0
1086340 482.0
1086350 482.7
1086360 483.2
1086370 483.2
1086380 482.6
1086390 481.9
1086400 481.9
1086410 480.2
1086420 478.3
1086430 478.3
1086440 478.5
1086450 480.5
1086460 480.5
1086470 484.4
1086480 488.1
1086490 491.1
1086500 493.2
1086510 495.2
1086520 495.2
1086530 498.1
1086540 500.2
1086550 500.2
1086560 502.7
1086570 505.2
1086580 508.6
1086590 508.6
1086600 511.6
1086610 515.8
1086620 515.8
1086630 521.2
1086640 525.0
1086650 525.0
1086660 528.2
1086670 530.3
1086680 530.3
1086690 533.0
1086700 536.4
1086710 536.4
1086720 538.9
1086730 540.8
1086740 540.8
1086750 542.8
1086760 544.7
1086770 544.7
1086780 546.4
1086790 548.7
1086800 548.7
1086810 555.5
1086820 555.5
1086830 555.5
1086840 556.7
1086850 560.7
1086860 560.7
1086870 565.4
1086880 569.6
1086890 569.6
1086900 573.4
1086910 576.4
1086920 576.4
1086930 579.5
1086940 583.4
1086950 587.6
1086960 587.6
1086970 590.5
1086980 592.1
1086990 592.1
1087000 593.1
1087010 593.5
1087020 593.5
1087030 595.3
1087040 597.6
1087050 597.6
1087060 598.9
1087070 599.9
1087080 599.9
1087090 601.1
1087100 602.0
1087110 602.0
1087120 602.6
1087130 603.0
1087140 603.0
1087150 603.7
1087160 605.0
1087170 605.0
1087180 606.6
1087190 608.1
1087200 608.1
1087210 609.5
1087220 612.3
1087230 612.3
1087240 615.5
1087250 620.8
1087260 620.8
1087270 630.1
1087280 641.3
1087290 641.3
1087300 647.5
1087310 649.4
1087320 650.4
1087330 650.4
1087340 651.4
1087350 652.7
1087360 652.7
1087370 655.6
1087380 661.9
1087390 661.9
1087400 667.4
1087410 663.8
1087420 663.8
1087430 660.3
1087440 660.4
1087450 661.7
1087460 662.3
1087470 662.6
1087480 662.6
1087490 663.1
1087500 663.5
1087510 663.5
1087520 663.8
1087530 664.4
1087540 664.4
1087550 664.0
1087560 664.1
1087570 664.1
1087580 665.3
1087590 666.0
1087600 666.0
1087610 666.4
1087620 666.2
1087630 666.2
1087640 666.3
1087650 666.4
1087660 666.4
1087670 666.9
1087680 666.9
1087690 665.4
1087700 665.4
1087710 661.7
1087720 667.6
1087730 667.6
1087740 671.9
1087750 677.9
1087760 677.9
1087770 686.0
1087780 689.6
1087790 689.6
1087800 693.1
1087810 700.0
1087820 700.0
1087830 706.6
1087840 711.0
1087850 711.0
1087860 714.5
1087870 717.8
1087880 717.8
1087890 720.3
1087900 722.6
1087910 722.6
1087920 725.5
1087930 727.9
1087940 727.9
1087950 729.1
1087960 730.8
1087970 730.8
1087980 733.6
1087990 735.5
1088000 735.5
1088010 736.9
1088020 739.7
1088030 739.7
1088040 742.4
1088050 745.6
1088060 745.6
1088070 748.2
1088080 749.4
1088090 750.9
1088100 753.4
1088110 754.5
1088120 755.9
1088130 755.9
1088140 757.5
1088150 759.3
1088160 759.3
1088170 760.7
1088180 761.7
1088190 761.7
1088200 763.8
1088210 765.1
1088220 765.1
1088230 766.7
1088240 770.0
1088250 770.0
1088260 772.8
1088270 777.0
1088280 777.0
1088290 782.1
1088300 787.5
1088310 787.5
1088320 793.7
1088330 803.5
1088340 803.5
1088350 813.7
1088360 822.0
1088370 822.0
1088380 830.9
1088390 836.4
1088400 836.4
1088410 841.7
1088420 846.9
1088430 846.9
1088440 850.2
1088450 852.7
1088460 854.2
1088470 854.2
1088480 854.2
1088490 853.3
1088500 853.3
1088510 851.8
1088520 850.4
1088530 850.4
1088540 849.2
1088550 847.0
1088560 847.0
1088570 844.6
1088580 844.9
1088590 844.9
1088600 843.7
1088610 841.8
1088620 841.8
1088630 840.5
1088640 838.0
1088650 838.0
1088660 834.5
1088670 833.8
1088680 833.8
1088690 835.6
1088700 839.6
1088710 839.6
1088720 841.7
1088730 843.5
1088740 845.1
1088750 848.1
1088760 849.7
1088770 849.7
1088780 851.5
1088790 852.8
1088800 852.8
1088810 852.9
1088820 852.7
1088830 853.0
1088840 853.0
1088850 855.5
1088860 856.5
1088870 856.5
1088880 858.6
1088890 860.6
1088900 860.6
1088910 861.6
1088920 862.2
1088930 862.2
1088940 862.7
1088950 863.1
1088960 863.1
1088970 863.7
1088980 864.2
1088990 864.2
1089000 864.6
1089010 868.1
1089020 868.1
1089030 870.0
1089040 870.9
1089050 870.9
1089060 871.5
1089070 873.4
1089080 873.4
1089090 873.6
1089100 872.6
1089110 872.6
1089120 870.2
1089130 868.9
1089140 868.9
1089150 870.3
1089160 871.1
1089170 871.1
1089180 871.9
1089190 871.5
1089200 872.4
1089210 872.4
1089220 872.5
1089230 873.7
1089240 873.7
1089250 875.0
1089260 878.6
1089270 878.6
1089280 883.8
1089290 889.7
1089300 889.7
1089310 896.7
1089320 900.0
1089330 900.0
1089340 906.8
1089350 917.1
1089360 917.1
1089370 920.0
1089380 926.8
1089390 927.2
1089400 932.4
1089410 934.0
1089420 934.0
1089430 935.1
1089440 935.9
1089450 935.9
1089460 936.9
1089470 938.7
1089480 938.7
1089490 940.8
1089500 942.1
1089510 942.1
1089520 943.6
1089530 945.0
1089540 945.0
1089550 948.2
1089560 952.6
1089570 952.6
1089580 957.0
1089590 958.3
1089600 959.3
1089610 959.3
1089620 961.8
1089630 965.3
1089640 965.3
1089650 968.8
1089660 973.5
1089670 973.5
1089680 977.5
1089690 981.3
1089700 981.3
1089710 987.1
1089720 992.5
1089730 992.5
1089740 997.2
1089750 998.1
1089760 998.1
1089770 998.6
1089780 1000.3
1089790 1000.3
1089800 1001.1
1089810 1002.7
1089820 1002.7
1089830 1005.7
1089840 1013.4
1089850 1013.4
1089860 1022.8
1089870 1033.4
1089880 1033.4
1089890 1037.6
1089900 1040.7
1089910 1040.7
1089920 1042.1
1089930 1042.8
1089940 1042.8
1089950 1042.8
1089960 1042.7
1089970 1041.9
1089980 1041.9
1089990 1040.4
1090000 1038.9
1090010 1038.9
1090020 1037.2
1090030 1035.2
1090040 1034.8
1090050 1033.4
1090060 1031.7
1090070 1031.7
1090080 1028.7
1090090 1024.7
1090100 1024.7
1090110 1020.8
1090120 1017.3
1090130 1017.3
1090140 1014.1
1090150 1010.7
1090160 1010.7
1090170 1007.0
1090180 1004.2
1090190 1004.2
1090200 1001.6
1090210 999.3
1090220 999.3
1090230 997.3
1090240 995.5
1090250 995.5
1090260 993.9
1090270 991.9
1090280 991.9
1090290 990.0
1090300 987.8
1090310 987.8
1090320 984.8
1090330 981.6
1090340 978.7
1090350 978.7
1090360 975.1
1090370 972.2
1090380 972.2
1090390 969.7
1090400 967.8
1090410 967.8
1090420 966.3
1090430 965.1
1090440 965.1
1090450 963.6
1090460 962.6
1090470 962.6
1090480 960.6
1090490 957.9
1090500 957.9
1090510 955.2
1090520 951.4
1090530 951.4
1090540 949.4
1090550 948.4
1090560 948.4
1090570 946.6
1090580 945.4
1090590 945.4
1090600 942.0
1090610 937.7
1090620 937.7
1090630 932.0
1090640 925.4
1090650 925.4
1090660 922.0
1090670 924.4
1090680 924.4
1090690 922.2
1090700 922.2
1090710 921.2
1090720 921.2
1090730 920.6
1090740 922.1
1090750 922.1
1090760 923.1
1090770 923.2
1090780 923.2
1090790 922.8
1090800 921.7
1090810 921.7
1090820 920.3
1090830 919.1
1090840 919.1
1090850 918.5
1090860 918.2
1090870 918.2
1090880 918.1
1090890 918.0
1090900 918.0
1090910 917.9
1090920 917.7
1090930 917.7
1090940 917.5
1090950 917.2
1090960 917.2
1090970 916.8
1090980 916.4
1090990 916.4
1091000 915.8
1091010 914.2
1091020 914.2
1091030 913.2
1091040 912.4
1091050 912.4
1091060 912.0
1091070 911.7
1091080 911.5
1091090 911.5
1091100 911.3
1091110 911.2
1091120 911.2
1091130 910.9
1091140 910.4
1091150 910.4
1091160 909.5
1091170 908.5
1091180 908.5
1091190 907.2
1091200 905.0
1091210 905.0
1091220 902.8
1091230 901.3
1091240 901.3
1091250 900.0
1091260 899.0
1091270 899.0
1091280 898.1
1091290 897.6
1091300 897.6
1091310 897.1
1091320 896.7
1091330 896.7
1091340 893.2
1091350 889.4
1091360 889.4
1091370 885.3
1091380 884.9
1091390 884.9
1091400 885.9
1091410 884.3
1091420 884.3
1091430 879.3
1091440 873.7
1091450 873.7
1091460 870.2
1091470 862.0
1091480 856.2
1091490 856.2
1091500 858.1
1091510 861.8
1091520 861.8
1091530 864.2
1091540 865.9
1091550 865.9
1091560 866.8
1091570 867.7
1091580 867.7
1091590 868.7
1091600 870.1
1091610 870.1
1091620 871.3
1091630 873.2
1091640 873.2
1091650 874.2
1091660 877.6
1091670 877.6
1091680 878.3
1091690 880.2
1091700 880.2
1091710 883.8
1091720 887.8
1091730 887.8
1091740 889.0
1091750 888.9
1091760 888.9
1091770 888.2
1091780 884.7
1091790 884.7
1091800 881.3
1091810 878.8
1091820 878.8
1091830 882.9
1091840 886.6
1091850 887.1
1091860 887.1
1091870 886.9
1091880 886.7
1091890 886.7
1091900 886.4
1091910 886.2
1091920 886.2
1091930 886.0
1091940 886.0
1091950 886.0
1091960 885.0
1091970 881.8
1091980 881.8
1091990 885.7
1092000 886.1
1092010 886.1
1092020 884.4
1092030 886.2
1092040 886.2
1092050 888.9
1092060 890.0
1092070 890.0
1092080 891.0
1092090 891.9
1092100 891.9
1092110 892.7
1092120 893.8
1092130 893.8
1092140 894.9
1092150 896.0
1092160 896.0
1092170 896.7
1092180 897.1
1092190 897.1
1092200 896.8
1092210 893.7
1092220 888.9
1092230 888.9
1092240 883.6
1092250 879.4
1092260 879.4
1092270 875.0
1092280 871.6
1092290 871.6
1092300 876.3
1092310 879.0
1092320 880.9
1092330 882.1
1092340 883.6
1092350 883.6
1092360 885.3
1092370 886.4
1092380 886.4
1092390 888.0
1092400 889.8
1092410 889.8
1092420 891.8
1092430 893.1
1092440 893.1
1092450 893.4
1092460 894.8
1092470 894.8
1092480 897.0
1092490 897.9
1092500 897.9
1092510 897.9
1092520 898.9
1092530 898.9
1092540 899.5
1092550 899.3
1092560 899.3
1092570 901.6
1092580 904.3
1092590 905.9
1092600 905.9
1092610 906.9
1092620 908.3
1092630 908.3
1092640 911.2
1092650 912.5
1092660 912.5
1092670 913.8
1092680 914.4
1092690 914.4
1092700 915.7
1092710 916.8
1092720 916.8
1092730 918.5
1092740 916.6
1092750 916.6
1092760 911.6
1092770 910.4
1092780 910.4
1092790 910.3
1092800 911.3
1092810 911.3
1092820 913.0
1092830 914.6
1092840 914.6
1092850 918.0
1092860 926.6
1092870 926.6
1092880 933.2
1092890 934.6
1092900 934.6
1092910 935.9
1092920 937.5
1092930 937.5
1092940 939.1
1092950 940.5
1092960 941.9
1092970 943.8
1092980 945.0
1092990 946.3
1093000 946.3
1093010 947.4
1093020 948.5
1093030 948.5
1093040 949.6
1093050 950.1
1093060 950.1
1093070 951.4
1093080 953.6
1093090 953.6
1093100 955.3
1093110 956.7
1093120 956.7
1093130 957.7
1093140 958.4
1093150 958.4
1093160 959.2
1093170 960.2
1093180 960.2
1093190 961.2
1093200 962.1
1093210 962.1
1093220 962.8
1093230 960.2
1093240 960.2
1093250 957.0
1093260 956.9
1093270 956.9
1093280 957.3
1093290 959.0
1093300 961.5
1093310 961.9
1093320 957.7
1093330 957.7
1093340 953.9
1093350 956.8
1093360 953.4
1093370 953.4
1093380 956.7
1093390 960.5
1093400 960.5
1093410 962.0
1093420 963.2
1093430 963.2
1093440 964.3
1093450 966.0
1093460 966.0
1093470 967.8
1093480 969.3
1093490 969.3
1093500 968.6
1093510 971.7
1093520 971.7
1093530 976.3
1093540 979.6
1093550 979.6
1093560 982.0
1093570 984.8
1093580 984.8
1093590 987.4
1093600 989.6
1093610 989.6
1093620 993.5
1093630 995.5
1093640 995.5
1093650 997.5
1093660 999.4
1093670 999.4
1093680 1000.9
1093690 1002.1
1093700 1002.1
1093710 1003.4
1093720 1004.8
1093730 1006.2
1093740 1006.2
1093750 1007.7
1093760 1008.9
1093770 1008.9
1093780 1009.7
1093790 1009.6
1093800 1009.6
1093810 1007.5
1093820 1005.5
1093830 1005.5
1093840 1003.6
1093850 1002.3
1093860 1002.3
1093870 999.0
1093880 993.8
1093890 993.8
1093900 991.1
1093910 990.8
1093920 990.8
1093930 991.2
1093940 991.9
1093950 993.6
1093960 991.8
1093970 988.4
1093980 988.4
1093990 983.1
1094000 977.9
1094010 977.9
1094020 973.5
1094030 969.1
1094040 969.1
1094050 965.3
1094060 962.2
1094070 962.2
1094080 959.4
1094090 956.4
1094100 954.6
1094110 954.6
1094120 952.8
1094130 949.6
1094140 949.6
1094150 944.8
1094160 941.4
1094170 941.4
1094180 940.0
1094190 939.2
1094200 939.2
1094210 938.7
1094220 938.3
1094230 938.3
1094240 938.1
1094250 937.8
1094260 937.8
1094270 936.7
1094280 935.0
1094290 935.0
1094300 931.5
1094310 928.4
1094320 928.4
1094330 925.5
1094340 923.1
1094350 923.1
1094360 921.5
1094370 918.7
1094380 918.7
1094390 914.3
1094400 909.8
1094410 909.8
1094420 906.7
1094430 905.1
1094440 905.1
1094450 901.1
1094460 893.4
1094470 887.1
1094480 887.1
1094490 882.5
1094500 878.5
1094510 878.5
1094520 875.8
1094530 873.6
1094540 873.6
1094550 870.1
1094560 865.4
1094570 865.4
1094580 860.1
1094590 854.7
1094600 854.7
1094610 848.3
1094620 844.1
1094630 844.1
1094640 840.4
1094650 836.6
1094660 836.6
1094670 833.8
1094680 831.2
1094690 831.2
1094700 828.8
1094710 826.3
1094720 826.3
1094730 823.9
1094740 821.8
1094750 821.8
1094760 816.3
1094770 809.9
1094780 809.9
1094790 807.1
1094800 804.5
1094810 804.5
1094820 801.1
1094830 797.5
1094840 797.5
1094850 794.6
1094860 792.3
1094870 789.1
1094880 789.1
1094890 786.1
1094900 783.2
1094910 783.2
1094920 779.9
1094930 775.4
1094940 775.4
1094950 769.3
1094960 765.6
1094970 765.6
1094980 762.4
1094990 759.6
1095000 759.6
1095010 755.5
1095020 751.7
1095030 751.7
1095040 748.7
1095050 745.8
1095060 745.8
1095070 743.8
1095080 741.8
1095090 741.8
1095100 739.8
1095110 738.0
1095120 738.0
1095130 736.0
1095140 733.5
1095150 733.5
1095160 730.6
1095170 728.7
1095180 728.7
1095190 724.8
1095200 723.5
1095210 723.5
1095220 721.3
1095230 718.4
1095240 713.1
1095250 713.1
1095260 709.7
1095270 710.0
1095280 710.0
1095290 709.2
1095300 705.7
1095310 705.7
1095320 703.7
1095330 700.3
1095340 700.3
1095350 696.3
1095360 691.3
1095370 691.3
1095380 689.4
1095390 688.4
1095400 688.4
1095410 686.1
1095420 682.9
1095430 682.9
1095440 680.9
1095450 678.9
1095460 678.9
1095470 678.0
1095480 677.5
1095490 677.5
1095500 677.4
1095510 680.5
1095520 680.5
1095530 682.3
1095540 684.2
1095550 684.2
1095560 680.1
1095570 669.9
1095580 669.9
1095590 670.3
1095600 672.7
1095610 675.5
1095620 675.5
1095630 678.3
1095640 680.8
1095650 680.8
1095660 682.6
1095670 684.4
1095680 684.4
1095690 686.2
1095700 688.1
1095710 688.1
1095720 690.2
1095730 692.6
1095740 692.6
1095750 695.0
1095760 697.5
1095770 697.5
1095780 699.8
1095790 702.3
1095800 702.3
1095810 704.4
1095820 706.0
1095830 706.0
1095840 706.5
1095850 706.0
1095860 706.0
1095870 705.2
1095880 703.6
1095890 703.6
1095900 698.8
1095910 694.9
1095920 692.9
1095930 690.9
1095940 690.4
1095950 690.4
1095960 690.2
1095970 690.8
1095980 691.8
1095990 691.8
1096000 692.8
1096010 694.4
1096020 694.4
1096030 696.1
1096040 697.6
1096050 697.6
1096060 698.8
1096070 699.6
1096080 699.6
1096090 700.0
1096100 700.2
1096110 700.2
1096120 700.6
1096130 701.1
1096140 701.1
1096150 701.6
1096160 702.0
1096170 702.0
1096180 702.3
1096190 702.8
1096200 702.8
1096210 702.9
1096220 702.7
1096230 702.7
1096240 702.3
1096250 700.6
1096260 700.6
1096270 700.6
1096280 700.3
1096290 700.3
1096300 699.7
1096310 698.6
1096320 698.6
1096330 697.2
1096340 695.4
1096350 693.1
1096360 693.1
1096370 690.8
1096380 689.6
1096390 689.6
1096400 689.0
1096410 688.4
1096420 688.4
1096430 687.8
1096440 687.0
1096450 687.0
1096460 685.4
1096470 683.9
1096480 683.9
1096490 682.8
1096500 682.2
1096510 682.2
1096520 681.6
1096530 680.7
1096540 680.7
1096550 679.6
1096560 679.0
1096570 679.0
1096580 678.8
1096590 678.3
1096600 678.3
1096610 677.8
1096620 677.3
1096630 677.3
1096640 676.8
1096650 676.4
1096660 676.4
1096670 676.1
1096680 676.0
1096690 676.0
1096700 676.0
1096710 676.5
1096720 677.3
1096730 677.3
1096740 678.0
1096750 678.5
1096760 678.5
1096770 678.7
1096780 678.2
1096790 678.2
1096800 677.2
1096810 676.2
1096820 676.2
1096830 675.4
1096840 674.5
1096850 674.5
1096860 673.5
1096870 672.3
1096880 672.3
1096890 670.6
1096900 669.0
1096910 668.5
1096920 667.7
1096930 667.0
1096940 667.0
1096950 666.4
1096960 666.0
1096970 666.0
1096980 664.7
1096990 663.4
1097000 663.4
1097010 662.7
1097020 659.9
1097030 659.9
1097040 657.6
1097050 656.1
1097060 656.1
1097070 654.8
1097080 653.7
1097090 653.7
1097100 652.7
1097110 652.0
1097120 651.2
1097130 651.2
1097140 650.7
1097150 649.7
1097160 649.7
1097170 648.5
1097180 647.1
1097190 647.1
1097200 645.1
1097210 643.3
1097220 643.3
1097230 641.3
1097240 638.7
1097250 638.7
1097260 637.9
1097270 636.9
1097280 636.9
1097290 635.2
1097300 633.5
1097310 633.5
1097320 631.6
1097330 629.4
1097340 629.4
1097350 627.2
1097360 624.6
1097370 624.6
1097380 622.0
1097390 619.5
1097400 619.5
1097410 617.2
1097420 615.1
1097430 615.1
1097440 613.4
1097450 611.8
1097460 611.8
1097470 610.6
1097480 609.4
1097490 607.5
1097500 607.5
1097510 606.4
1097520 605.1
1097530 605.1
1097540 604.0
1097550 602.5
1097560 602.5
1097570 601.1
1097580 600.2
1097590 600.2
1097600 599.4
1097610 598.4
1097620 598.4
1097630 597.1
1097640 595.8
1097650 595.8
1097660 594.6
1097670 593.3
1097680 593.3
1097690 592.0
1097700 590.8
1097710 590.8
1097720 589.9
1097730 589.4
1097740 589.4
1097750 589.0
1097760 588.7
1097770 588.7
1097780 588.4
1097790 588.1
1097800 588.1
1097810 587.8
1097820 588.3
1097830 588.3
1097840 588.9
1097850 589.3
1097860 589.7
1097870 589.7
1097880 589.8
1097890 589.8
1097900 589.4
1097910 589.1
1097920 589.0
1097930 589.0
1097940 589.0
1097950 588.9
1097960 588.9
1097970 588.7
1097980 588.7
1097990 588.7
1098000 588.6
1098010 588.4
1098020 588.4
1098030 588.1
1098040 586.4
1098050 586.4
1098060 585.3
1098070 585.3
1098080 585.3
1098090 585.9
1098100 586.6
1098110 586.6
1098120 587.3
1098130 587.8
1098140 587.8
1098150 587.9
1098160 587.6
1098170 587.6
1098180 587.5
1098190 587.5
1098200 587.5
1098210 587.3
1098220 586.8
1098230 586.8
1098240 586.8
1098250 586.2
1098260 585.4
1098270 585.4
1098280 584.6
1098290 583.9
1098300 583.9
1098310 583.5
1098320 583.3
1098330 583.3
1098340 582.7
1098350 581.7
1098360 581.7
1098370 580.8
1098380 580.0
1098390 580.0
1098400 579.6
1098410 579.4
1098420 579.4
1098430 579.2
1098440 579.1
1098450 579.1
1098460 579.2
1098470 579.2
1098480 579.2
1098490 579.0
1098500 578.4
1098510 578.4
1098520 577.8
1098530 577.0
1098540 577.0
1098550 576.1
1098560 574.4
1098570 574.4
1098580 573.7
1098590 573.3
1098600 572.5
1098610 572.5
1098620 571.9
1098630 571.7
1098640 571.7
1098650 571.4
1098660 570.8
1098670 570.8
1098680 570.2
1098690 569.6
1098700 569.6
1098710 568.8
1098720 568.0
1098730 568.0
1098740 567.6
1098750 567.6
1098760 567.6
1098770 567.7
1098780 567.8
1098790 567.8
1098800 567.8
1098810 568.1
1098820 568.1
1098830 568.3
1098840 568.5
1098850 568.5
1098860 568.4
1098870 568.3
1098880 568.3
1098890 567.5
1098900 567.4
1098910 567.4
1098920 567.4
1098930 567.1
1098940 567.1
1098950 566.7
1098960 566.1
1098970 566.1
1098980 565.4
1098990 564.5
1099000 563.7
1099010 563.7
1099020 562.9
1099030 561.4
1099040 561.4
1099050 559.5
1099060 554.9
1099070 554.9
1099080 548.9
1099090 545.3
1099100 545.3
1099110 544.5
1099120 542.8
1099130 542.8
1099140 542.2
1099150 542.8
1099160 542.8
1099170 542.8
1099180 542.5
1099190 542.5
1099200 542.3
1099210 542.2
1099220 542.2
1099230 542.1
1099240 541.8
1099250 541.8
1099260 540.4
1099270 541.5
1099280 541.5
1099290 542.2
1099300 543.9
1099310 543.9
1099320 546.5
1099330 548.8
1099340 548.8
1099350 549.9
1099360 552.5
1099370 556.5
1099380 556.5
1099390 559.2
1099400 560.7
1099410 560.7
1099420 562.5
1099430 564.8
1099440 564.8
1099450 566.3
1099460 567.5
1099470 567.5
1099480 569.1
1099490 571.2
1099500 571.2
1099510 573.2
1099520 575.2
1099530 575.2
1099540 577.5
1099550 580.1
1099560 581.2
1099570 583.7
1099580 586.3
1099590 586.3
1099600 589.0
1099610 591.7
1099620 591.7
1099630 594.3
1099640 596.7
1099650 596.7
1099660 598.8
1099670 600.5
1099680 600.5
1099690 602.4
1099700 604.6
1099710 604.6
1099720 606.6
1099730 608.8
1099740 611.8
1099750 611.8
1099760 614.2
1099770 616.5
1099780 616.5
1099790 617.7
1099800 619.8
1099810 619.8
1099820 622.6
1099830 624.5
1099840 624.5
1099850 626.6
1099860 628.3
1099870 628.3
1099880 629.5
1099890 631.6
1099900 631.6
1099910 631.8
1099920 632.7
1099930 632.7
1099940 634.0
1099950 636.9
1099960 636.9
1099970 640.4
1099980 643.2
1099990 643.2
