1082650 394.9
1082660 394.9
1082670 394.9
1082680 394.9
1082690 394.9
1082700 394.9
1082710 394.9
1082720 394.9
1082730 394.9
1082740 394.9
1082750 394.9
1082760 394.9
1082770 394.9
1082780 394.9
1082790 394.9
1082800 394.9
1082810 394.9
1082820 394.9
1082830 394.9
1082840 394.9
1082850 394.9
1082860 395.1
1082870 395.5
1082880 395.5
1082890 395.9
1082900 396.6
1082910 396.6
1082920 397.1
1082930 396.6
1082940 396.6
1082950 397.0
1082960 397.3
1082970 397.3
1082980 397.5
1082990 397.7
1083000 397.7
1083010 397.7
1083020 397.5
1083030 397.5
1083040 397.2
1083050 396.8
1083060 396.8
1083070 396.2
1083080 395.5
1083090 395.5
1083100 395.1
1083110 395.1
1083120 395.1
1083130 395.4
1083140 396.0
1083150 396.0
1083160 396.5
1083170 397.1
1083180 397.1
1083190 397.3
1083200 397.3
1083210 397.3
1083220 397.3
1083230 397.1
1083240 397.1
1083250 397.7
1083260 397.5
1083270 396.7
1083280 396.7
1083290 395.7
1083300 395.1
1083310 395.1
1083320 395.1
1083330 395.8
1083340 395.8
1083350 396.7
1083360 396.9
1083370 396.9
1083380 396.9
1083390 397.1
1083400 397.1
1083410 397.1
1083420 397.1
1083430 397.1
1083440 397.1
1083450 397.3
1083460 397.3
1083470 397.5
1083480 397.6
1083490 397.6
1083500 397.5
1083510 397.6
1083520 397.6
1083530 397.8
1083540 397.9
1083550 397.9
1083560 398.0
1083570 397.6
1083580 397.6
1083590 396.8
1083600 396.5
1083610 396.5
1083620 395.9
1083630 395.8
1083640 395.8
1083650 395.8
1083660 395.8
1083670 396.3
1083680 396.3
1083690 396.8
1083700 397.5
1083710 397.5
1083720 398.2
1083730 398.4
1083740 398.4
1083750 398.3
1083760 398.3
1083770 398.3
1083780 398.4
1083790 398.7
1083800 398.7
1083810 399.1
1083820 399.3
1083830 399.3
1083840 399.6
1083850 400.2
1083860 400.2
1083870 400.4
1083880 400.4
1083890 400.3
1083900 400.3
1083910 400.1
1083920 400.1
1083930 398.8
1083940 398.8
1083950 398.8
1083960 398.1
1083970 397.9
1083980 397.9
1083990 398.2
1084000 398.4
1084010 397.9
1084020 397.9
1084030 398.2
1084040 398.8
1084050 398.8
1084060 399.0
1084070 399.6
1084080 399.6
1084090 400.1
1084100 400.3
1084110 400.3
1084120 400.5
1084130 400.9
1084140 400.9
1084150 401.4
1084160 401.5
1084170 401.5
1084180 401.8
1084190 402.2
1084200 402.2
1084210 402.3
1084220 402.0
1084230 402.0
1084240 401.7
1084250 403.1
1084260 403.1
1084270 403.0
1084280 403.0
1084290 403.0
1084300 402.0
1084310 401.8
1084320 401.8
1084330 401.9
1084340 401.9
1084350 401.9
1084360 401.8
1084370 401.7
1084380 401.7
1084390 401.7
1084400 401.9
1084410 402.0
1084420 402.0
1084430 402.1
1084440 402.1
1084450 402.1
1084460 402.2
1084470 402.2
1084480 402.2
1084490 402.4
1084500 402.6
1084510 402.6
1084520 402.8
1084530 402.7
1084540 402.7
1084550 403.0
1084560 403.3
1084570 403.3
1084580 403.5
1084590 403.7
1084600 403.7
1084610 403.9
1084620 404.1
1084630 404.1
1084640 404.1
1084650 404.1
1084660 404.1
1084670 404.3
1084680 404.5
1084690 404.5
1084700 404.7
1084710 404.9
1084720 404.9
1084730 405.0
1084740 405.2
1084750 405.2
1084760 405.2
1084770 405.4
1084780 405.7
1084790 405.7
1084800 405.9
1084810 406.3
1084820 406.3
1084830 406.7
1084840 407.0
1084850 406.7
1084860 406.4
1084870 406.6
1084880 406.6
1084890 406.8
1084900 407.2
1084910 407.2
1084920 407.8
1084930 408.0
1084940 408.0
1084950 408.2
1084960 408.4
1084970 408.4
1084980 409.0
1084990 409.2
1085000 409.2
1085010 409.5
1085020 409.6
1085030 409.6
1085040 409.8
1085050 410.0
1085060 410.0
1085070 410.2
1085080 410.4
1085090 410.4
1085100 410.7
1085110 411.0
1085120 411.0
1085130 411.1
1085140 411.2
1085150 411.6
1085160 411.6
1085170 411.8
1085180 412.2
1085190 412.2
1085200 412.5
1085210 412.8
1085220 412.8
1085230 413.3
1085240 413.8
1085250 413.8
1085260 413.9
1085270 413.9
1085280 413.9
1085290 414.4
1085300 414.4
1085310 414.4
1085320 414.7
1085330 415.8
1085340 415.8
1085350 416.2
1085360 416.4
1085370 416.4
1085380 416.6
1085390 417.3
1085400 417.3
1085410 417.5
1085420 417.7
1085430 417.7
1085440 418.4
1085450 418.6
1085460 418.6
1085470 418.8
1085480 419.1
1085490 418.9
1085500 419.6
1085510 420.1
1085520 420.1
1085530 420.3
1085540 420.6
1085550 421.2
1085560 421.2
1085570 421.6
1085580 421.9
1085590 421.9
1085600 422.1
1085610 422.1
1085620 422.1
1085630 422.6
1085640 422.8
1085650 422.8
1085660 423.0
1085670 424.1
1085680 424.1
1085690 425.0
1085700 425.2
1085710 425.2
1085720 425.2
1085730 425.9
1085740 425.9
1085750 426.3
1085760 426.7
1085770 426.7
1085780 427.3
1085790 427.9
1085800 427.9
1085810 428.0
1085820 428.2
1085830 428.2
1085840 428.4
1085850 428.7
1085860 428.7
1085870 429.0
1085880 429.4
1085890 429.4
1085900 429.8
1085910 430.2
1085920 430.6
1085930 430.6
1085940 430.9
1085950 431.3
1085960 431.3
1085970 431.6
1085980 432.1
1085990 432.1
1086000 432.5
1086010 432.7
1086020 432.7
1086030 433.0
1086040 433.4
1086050 433.4
1086060 433.7
1086070 433.9
1086080 433.9
1086090 434.1
1086100 434.7
1086110 434.7
1086120 435.2
1086130 435.3
1086140 435.3
1086150 435.4
1086160 435.8
1086170 435.8
1086180 436.0
1086190 435.5
1086200 435.5
1086210 435.2
1086220 435.6
1086230 435.6
1086240 435.8
1086250 436.2
1086260 436.2
1086270 436.4
1086280 437.5
1086290 438.9
1086300 438.9
1086310 441.7
1086320 444.4
1086330 444.4
1086340 444.4
1086350 443.7
1086360 443.7
1086370 444.0
1086380 443.7
1086390 443.7
1086400 440.0
1086410 441.3
1086420 441.3
1086430 446.4
1086440 450.6
1086450 451.1
1086460 456.0
1086470 459.8
1086480 459.8
1086490 463.6
1086500 466.6
1086510 466.6
1086520 469.7
1086530 473.3
1086540 473.3
1086550 476.3
1086560 478.1
1086570 478.1
1086580 479.5
1086590 480.7
1086600 480.7
1086610 481.4
1086620 481.7
1086630 481.7
1086640 481.4
1086650 482.0
1086660 482.0
1086670 483.5
1086680 481.8
1086690 481.8
1086700 481.8
1086710 485.2
1086720 487.3
1086730 487.3
1086740 490.5
1086750 495.3
1086760 495.3
1086770 499.3
1086780 502.9
1086790 502.9
1086800 504.0
1086810 504.6
1086820 504.6
1086830 504.8
1086840 504.2
1086850 504.2
1086860 503.5
1086870 503.3
1086880 503.3
1086890 502.6
1086900 501.5
1086910 501.5
1086920 499.5
1086930 495.6
1086940 495.6
1086950 490.7
1086960 491.1
1086970 491.1
1086980 494.1
1086990 499.0
1087000 499.0
1087010 502.5
1087020 507.1
1087030 507.1
1087040 511.1
1087050 516.0
1087060 520.7
1087070 520.7
1087080 525.6
1087090 530.5
1087100 530.8
1087110 535.2
1087120 539.5
1087130 539.5
1087140 543.9
1087150 548.3
1087160 548.3
1087170 552.0
1087180 556.5
1087190 556.5
1087200 558.9
1087210 560.2
1087220 560.2
1087230 564.6
1087240 569.2
1087250 569.2
1087260 571.3
1087270 573.1
1087280 573.1
1087290 579.9
1087300 586.0
1087310 586.0
1087320 592.3
1087330 598.6
1087340 598.6
1087350 603.3
1087360 607.4
1087370 607.4
1087380 611.7
1087390 615.6
1087400 615.6
1087410 616.9
1087420 619.4
1087430 624.3
1087440 624.3
1087450 627.3
1087460 629.5
1087470 629.5
1087480 635.2
1087490 643.8
1087500 643.8
1087510 649.2
1087520 652.2
1087530 652.2
1087540 653.7
1087550 654.9
1087560 654.9
1087570 656.5
1087580 657.6
1087590 657.6
1087600 658.4
1087610 659.2
1087620 659.2
1087630 660.2
1087640 661.1
1087650 661.1
1087660 662.3
1087670 663.7
1087680 663.7
1087690 665.4
1087700 667.2
1087710 667.2
1087720 668.5
1087730 669.2
1087740 670.1
1087750 671.2
1087760 672.2
1087770 672.2
1087780 673.6
1087790 675.2
1087800 676.8
1087810 676.8
1087820 678.4
1087830 679.8
1087840 679.8
1087850 680.7
1087860 681.0
1087870 681.0
1087880 681.2
1087890 681.8
1087900 681.8
1087910 681.8
1087920 678.0
1087930 678.0
1087940 675.4
1087950 680.6
1087960 680.6
1087970 690.6
1087980 697.6
1087990 697.6
1088000 702.4
1088010 706.5
1088020 706.5
1088030 710.3
1088040 714.5
1088050 714.5
1088060 713.5
1088070 715.2
1088080 715.2
1088090 718.1
1088100 720.5
1088110 720.5
1088120 723.1
1088130 724.5
1088140 724.5
1088150 725.3
1088160 726.2
1088170 726.2
1088180 726.4
1088190 728.2
1088200 730.1
1088210 730.1
1088220 730.5
1088230 730.5
1088240 730.5
1088250 731.3
1088260 732.4
1088270 732.4
1088280 735.2
1088290 738.6
1088300 738.6
1088310 742.2
1088320 747.7
1088330 747.7
1088340 752.9
1088350 756.7
1088360 756.7
1088370 759.8
1088380 760.8
1088390 760.2
1088400 761.7
1088410 763.1
1088420 763.1
1088430 764.4
1088440 766.7
1088450 766.7
1088460 767.7
1088470 769.5
1088480 769.5
1088490 771.5
1088500 773.6
1088510 773.6
1088520 775.8
1088530 778.1
1088540 778.1
1088550 780.4
1088560 782.4
1088570 784.3
1088580 784.3
1088590 786.1
1088600 787.8
1088610 787.8
1088620 789.1
1088630 790.4
1088640 790.4
1088650 793.8
1088660 796.5
1088670 796.5
1088680 799.4
1088690 802.3
1088700 802.3
1088710 803.7
1088720 807.2
1088730 807.2
1088740 812.4
1088750 817.0
1088760 817.0
1088770 821.0
1088780 823.4
1088790 823.4
1088800 825.4
1088810 827.9
1088820 827.9
1088830 830.7
1088840 832.8
1088850 832.8
1088860 836.1
1088870 840.6
1088880 840.6
1088890 844.2
1088900 848.3
1088910 848.3
1088920 852.0
1088930 854.6
1088940 857.0
1088950 857.0
1088960 859.5
1088970 861.9
1088980 861.9
1088990 864.1
1089000 866.3
1089010 866.3
1089020 868.8
1089030 872.6
1089040 872.6
1089050 875.3
1089060 878.0
1089070 878.0
1089080 880.6
1089090 883.2
1089100 883.2
1089110 885.8
1089120 888.4
1089130 888.4
1089140 890.9
1089150 893.2
1089160 893.2
1089170 895.0
1089180 897.1
1089190 897.1
1089200 898.4
1089210 898.4
1089220 898.4
1089230 898.0
1089240 898.3
1089250 898.3
1089260 898.6
1089270 898.5
1089280 898.5
1089290 899.3
1089300 900.9
1089310 900.9
1089320 901.3
1089330 901.4
1089340 900.9
1089350 900.9
1089360 905.7
1089370 907.5
1089380 907.5
1089390 909.1
1089400 910.4
1089410 910.4
1089420 911.1
1089430 913.5
1089440 913.5
1089450 916.3
1089460 921.5
1089470 921.5
1089480 926.1
1089490 930.2
1089500 930.2
1089510 933.7
1089520 936.8
1089530 936.8
1089540 939.0
1089550 941.0
1089560 941.0
1089570 942.0
1089580 943.2
1089590 943.2
1089600 945.8
1089610 947.5
1089620 947.5
1089630 948.6
1089640 946.3
1089650 946.3
1089660 942.7
1089670 937.8
1089680 943.4
1089690 939.5
1089700 936.0
1089710 936.0
1089720 936.0
1089730 937.0
1089740 942.3
1089750 942.3
1089760 947.1
1089770 951.4
1089780 951.4
1089790 954.9
1089800 958.3
1089810 958.3
1089820 961.5
1089830 962.0
1089840 962.0
1089850 959.3
1089860 959.0
1089870 959.0
1089880 959.3
1089890 959.5
1089900 959.5
1089910 960.6
1089920 961.4
1089930 961.4
1089940 962.4
1089950 964.3
1089960 964.3
1089970 969.5
1089980 973.5
1089990 973.5
1090000 979.2
1090010 984.7
1090020 984.7
1090030 987.6
1090040 990.1
1090050 990.1
1090060 992.0
1090070 993.9
1090080 995.8
1090090 995.8
1090100 997.7
1090110 999.7
1090120 999.7
1090130 1001.9
1090140 1004.0
1090150 1004.0
1090160 1006.0
1090170 1008.0
1090180 1008.0
1090190 1009.4
1090200 1010.5
1090210 1010.5
1090220 1011.5
1090230 1012.3
1090240 1012.3
1090250 1013.1
1090260 1013.6
1090270 1013.6
1090280 1014.4
1090290 1015.1
1090300 1015.1
1090310 1015.8
1090320 1016.6
1090330 1018.7
1090340 1019.9
1090350 1020.9
1090360 1020.9
1090370 1021.8
1090380 1022.6
1090390 1022.6
1090400 1023.4
1090410 1024.0
1090420 1024.0
1090430 1024.7
1090440 1025.3
1090450 1025.3
1090460 1025.8
1090470 1026.1
1090480 1026.6
1090490 1026.6
1090500 1027.2
1090510 1027.8
1090520 1027.8
1090530 1028.5
1090540 1029.0
1090550 1029.0
1090560 1029.4
1090570 1029.8
1090580 1029.8
1090590 1030.2
1090600 1030.4
1090610 1030.4
1090620 1030.7
1090630 1030.8
1090640 1030.8
1090650 1031.2
1090660 1030.7
1090670 1030.7
1090680 1030.0
1090690 1028.8
1090700 1028.8
1090710 1027.2
1090720 1025.3
1090730 1025.3
1090740 1023.1
1090750 1021.0
1090760 1021.0
1090770 1019.0
1090780 1017.5
1090790 1017.5
1090800 1015.7
1090810 1014.0
1090820 1014.0
1090830 1012.6
1090840 1011.4
1090850 1010.4
1090860 1010.4
1090870 1009.0
1090880 1007.6
1090890 1007.6
1090900 1006.1
1090910 1004.2
1090920 1004.2
1090930 1001.9
1090940 999.1
1090950 999.1
1090960 996.8
1090970 994.7
1090980 993.6
1090990 991.9
1091000 990.3
1091010 990.3
1091020 989.0
1091030 987.5
1091040 987.5
1091050 985.5
1091060 981.8
1091070 981.8
1091080 976.6
1091090 973.0
1091100 973.0
1091110 970.5
1091120 968.3
1091130 968.3
1091140 965.6
1091150 963.1
1091160 963.1
1091170 960.7
1091180 958.6
1091190 958.6
1091200 956.5
1091210 954.5
1091220 952.6
1091230 952.6
1091240 950.9
1091250 948.8
1091260 948.8
1091270 946.5
1091280 944.3
1091290 944.3
1091300 942.0
1091310 940.3
1091320 940.3
1091330 939.2
1091340 938.2
1091350 938.2
1091360 937.2
1091370 936.0
1091380 936.0
1091390 935.0
1091400 934.1
1091410 934.1
1091420 932.8
1091430 931.1
1091440 931.1
1091450 929.4
1091460 927.4
1091470 927.4
1091480 924.9
1091490 917.0
1091500 917.0
1091510 910.5
1091520 903.3
1091530 903.3
1091540 897.2
1091550 892.8
1091560 892.8
1091570 894.3
1091580 899.5
1091590 899.5
1091600 902.1
1091610 905.1
1091620 908.7
1091630 902.9
1091640 908.3
1091650 909.2
1091660 909.2
1091670 909.7
1091680 905.8
1091690 905.8
1091700 904.2
1091710 905.9
1091720 905.9
1091730 906.3
1091740 903.0
1091750 903.0
1091760 896.8
1091770 895.4
1091780 895.4
1091790 898.9
1091800 906.4
1091810 906.4
1091820 908.7
1091830 908.3
1091840 908.3
1091850 906.8
1091860 900.2
1091870 900.2
1091880 893.0
1091890 886.1
1091900 886.1
1091910 881.6
1091920 876.9
1091930 876.9
1091940 872.4
1091950 867.3
1091960 872.6
1091970 865.6
1091980 860.0
1091990 853.2
1092000 853.2
1092010 847.5
1092020 845.4
1092030 845.4
1092040 844.8
1092050 845.8
1092060 845.8
1092070 847.3
1092080 847.6
1092090 847.6
1092100 848.0
1092110 848.4
1092120 848.4
1092130 848.8
1092140 851.1
1092150 851.1
1092160 852.4
1092170 853.6
1092180 853.6
1092190 855.3
1092200 858.0
1092210 858.0
1092220 859.1
1092230 858.5
1092240 858.5
1092250 857.8
1092260 856.7
1092270 856.7
1092280 853.0
1092290 851.5
1092300 851.5
1092310 848.5
1092320 847.0
1092330 847.0
1092340 845.2
1092350 841.7
1092360 837.4
1092370 837.4
1092380 833.0
1092390 829.9
1092400 829.9
1092410 828.5
1092420 827.5
1092430 827.5
1092440 825.8
1092450 823.2
1092460 823.2
1092470 819.8
1092480 817.3
1092490 817.3
1092500 815.4
1092510 813.8
1092520 813.8
1092530 812.6
1092540 811.9
1092550 811.9
1092560 809.2
1092570 805.0
1092580 805.0
1092590 803.4
1092600 801.4
1092610 798.6
1092620 797.5
1092630 797.1
1092640 797.1
1092650 796.3
1092660 795.8
1092670 795.8
1092680 792.9
1092690 790.5
1092700 790.5
1092710 787.6
1092720 784.3
1092730 784.3
1092740 782.8
1092750 779.6
1092760 777.7
1092770 777.7
1092780 781.4
1092790 784.2
1092800 784.2
1092810 784.8
1092820 783.0
1092830 783.0
1092840 783.7
1092850 785.6
1092860 785.6
1092870 788.8
1092880 791.3
1092890 791.3
1092900 795.2
1092910 798.7
1092920 798.7
1092930 803.2
1092940 805.4
1092950 805.4
1092960 806.5
1092970 807.1
1092980 807.1
1092990 809.1
1093000 811.1
1093010 811.1
1093020 812.6
1093030 812.8
1093040 812.8
1093050 809.1
1093060 810.6
1093070 810.6
1093080 816.6
1093090 820.8
1093100 820.8
1093110 823.0
1093120 824.9
1093130 826.7
1093140 826.7
1093150 828.7
1093160 831.1
1093170 831.1
1093180 832.9
1093190 834.9
1093200 834.9
1093210 837.8
1093220 840.7
1093230 840.7
1093240 844.1
1093250 847.2
1093260 851.2
1093270 854.0
1093280 856.0
1093290 856.0
1093300 857.5
1093310 859.1
1093320 859.1
1093330 859.7
1093340 858.4
1093350 858.4
1093360 856.0
1093370 855.2
1093380 855.2
1093390 853.8
1093400 853.2
1093410 853.2
1093420 852.8
1093430 851.4
1093440 851.4
1093450 849.2
1093460 847.9
1093470 847.9
1093480 846.0
1093490 843.4
1093500 844.5
1093510 844.5
1093520 844.9
1093530 845.1
1093540 845.1
1093550 847.9
1093560 851.4
1093570 851.4
1093580 853.7
1093590 857.0
1093600 857.0
1093610 859.4
1093620 861.4
1093630 861.4
1093640 863.3
1093650 864.7
1093660 864.7
1093670 866.5
1093680 868.8
1093690 868.8
1093700 871.2
1093710 873.4
1093720 873.4
1093730 875.4
1093740 877.0
1093750 877.0
1093760 878.7
1093770 881.5
1093780 881.5
1093790 885.8
1093800 891.2
1093810 891.2
1093820 898.7
1093830 906.4
1093840 906.4
1093850 913.7
1093860 915.6
1093870 916.1
1093880 916.1
1093890 916.5
1093900 917.1
1093910 917.1
1093920 917.9
1093930 917.3
1093940 917.3
1093950 916.6
1093960 916.4
1093970 916.4
1093980 916.0
1093990 915.1
1094000 915.1
1094010 913.4
1094020 911.6
1094030 911.6
1094040 909.7
1094050 909.1
1094060 909.1
1094070 909.3
1094080 908.5
1094090 908.5
1094100 906.6
1094110 904.6
1094120 904.6
1094130 903.1
1094140 902.6
1094150 902.6
1094160 902.8
1094170 902.6
1094180 902.6
1094190 902.1
1094200 901.4
1094210 901.4
1094220 900.4
1094230 896.0
1094240 896.2
1094250 890.4
1094260 890.4
1094270 893.5
1094280 893.5
1094290 894.5
1094300 896.0
1094310 896.0
1094320 896.3
1094330 896.0
1094340 896.0
1094350 896.1
1094360 896.0
1094370 896.0
1094380 896.5
1094390 896.9
1094400 896.9
1094410 896.6
1094420 894.6
1094430 894.6
1094440 890.8
1094450 887.1
1094460 887.1
1094470 884.6
1094480 882.8
1094490 882.8
1094500 880.9
1094510 878.8
1094520 878.8
1094530 877.4
1094540 876.2
1094550 876.2
1094560 874.0
1094570 873.3
1094580 873.3
1094590 870.8
1094600 866.4
1094610 866.4
1094620 862.1
1094630 859.8
1094640 857.3
1094650 857.3
1094660 853.9
1094670 849.9
1094680 849.9
1094690 842.8
1094700 838.4
1094710 838.4
1094720 835.0
1094730 830.2
1094740 830.2
1094750 828.8
1094760 827.0
1094770 827.0
1094780 818.2
1094790 812.1
1094800 812.1
1094810 810.7
1094820 809.4
1094830 809.4
1094840 805.7
1094850 803.3
1094860 803.3
1094870 801.0
1094880 797.9
1094890 797.9
1094900 796.4
1094910 792.7
1094920 792.7
1094930 788.5
1094940 782.3
1094950 782.3
1094960 775.2
1094970 770.2
1094980 770.2
1094990 766.5
1095000 761.9
1095010 757.9
1095020 757.9
1095030 754.7
1095040 752.7
1095050 752.7
1095060 750.6
1095070 748.9
1095080 748.9
1095090 747.8
1095100 745.5
1095110 745.5
1095120 740.7
1095130 737.9
1095140 737.9
1095150 735.8
1095160 733.5
1095170 733.5
1095180 730.5
1095190 728.1
1095200 728.1
1095210 727.1
1095220 726.5
1095230 727.2
1095240 726.1
1095250 724.8
1095260 724.8
1095270 724.1
1095280 723.3
1095290 723.3
1095300 722.5
1095310 721.7
1095320 721.7
1095330 721.1
1095340 720.7
1095350 720.7
1095360 720.4
1095370 720.2
1095380 720.2
1095390 719.9
1095400 720.4
1095410 721.9
1095420 721.9
1095430 723.6
1095440 725.1
1095450 725.1
1095460 726.4
1095470 727.5
1095480 727.5
1095490 728.9
1095500 729.6
1095510 729.6
1095520 728.6
1095530 724.7
1095540 724.7
1095550 720.6
1095560 716.2
1095570 716.2
1095580 712.4
1095590 708.9
1095600 708.9
1095610 705.9
1095620 703.2
1095630 703.2
1095640 700.9
1095650 699.1
1095660 699.1
1095670 697.3
1095680 694.8
1095690 694.8
1095700 692.4
1095710 689.1
1095720 689.1
1095730 684.1
1095740 679.3
1095750 679.3
1095760 676.5
1095770 678.0
1095780 678.5
1095790 678.5
1095800 675.7
1095810 674.0
1095820 674.0
1095830 672.5
1095840 670.1
1095850 670.1
1095860 665.3
1095870 664.4
1095880 664.4
1095890 667.9
1095900 667.2
1095910 667.2
1095920 665.6
1095930 662.8
1095940 662.8
1095950 659.4
1095960 658.6
1095970 658.6
1095980 657.6
1095990 653.2
1096000 653.2
1096010 652.4
1096020 653.1
1096030 653.1
1096040 653.2
1096050 652.5
1096060 652.5
1096070 651.7
1096080 650.6
1096090 650.6
1096100 649.4
1096110 648.3
1096120 648.3
1096130 648.5
1096140 648.7
1096150 648.6
1096160 648.6
1096170 648.2
1096180 647.9
1096190 647.9
1096200 647.0
1096210 645.3
1096220 645.8
1096230 644.2
1096240 642.3
1096250 642.3
1096260 636.4
1096270 633.1
1096280 633.1
1096290 632.5
1096300 632.7
1096310 632.7
1096320 632.4
1096330 632.4
1096340 632.4
1096350 632.3
1096360 631.9
1096370 631.9
1096380 632.9
1096390 633.9
1096400 633.9
1096410 634.4
1096420 634.7
1096430 634.7
1096440 634.2
1096450 633.6
1096460 633.6
1096470 632.4
1096480 630.7
1096490 630.7
1096500 629.6
1096510 629.7
1096520 629.7
1096530 632.0
1096540 634.8
1096550 634.7
1096560 634.7
1096570 634.6
1096580 632.9
1096590 632.9
1096600 631.2
1096610 629.8
1096620 629.8
1096630 627.7
1096640 627.1
1096650 627.1
1096660 626.9
1096670 625.8
1096680 625.8
1096690 624.7
1096700 623.8
1096710 623.8
1096720 622.9
1096730 622.5
1096740 622.5
1096750 623.4
1096760 624.7
1096770 624.7
1096780 627.4
1096790 629.8
1096800 629.8
1096810 631.2
1096820 632.5
1096830 632.5
1096840 633.3
1096850 633.4
1096860 633.4
1096870 634.7
1096880 634.5
1096890 634.5
1096900 634.2
1096910 633.6
1096920 633.4
1096930 633.4
1096940 633.7
1096950 633.9
1096960 633.9
1096970 633.3
1096980 633.2
1096990 633.2
1097000 633.5
1097010 634.3
1097020 634.3
1097030 634.0
1097040 632.9
1097050 632.9
1097060 635.7
1097070 639.4
1097080 639.4
1097090 642.0
1097100 642.3
1097110 642.3
1097120 638.5
1097130 635.8
1097140 635.8
1097150 634.8
1097160 632.7
1097170 632.7
1097180 629.3
1097190 626.5
1097200 626.7
1097210 622.6
1097220 621.3
1097230 621.3
1097240 621.5
1097250 619.8
1097260 619.8
1097270 616.6
1097280 614.5
1097290 613.9
1097300 613.9
1097310 612.7
1097320 612.5
1097330 612.5
1097340 612.4
1097350 612.2
1097360 612.2
1097370 614.6
1097380 616.4
1097390 616.4
1097400 602.9
1097410 571.1
1097420 571.1
1097430 567.5
1097440 570.7
1097450 570.7
1097460 574.9
1097470 581.1
1097480 581.1
1097490 589.1
1097500 595.3
1097510 595.3
1097520 598.6
1097530 598.6
1097540 594.9
1097550 596.1
1097560 596.2
1097570 596.2
1097580 594.5
1097590 595.4
1097600 595.4
1097610 594.1
1097620 590.4
1097630 590.4
1097640 587.3
1097650 586.1
1097660 584.4
1097670 584.4
1097680 581.1
1097690 579.3
1097700 579.3
1097710 576.3
1097720 576.1
1097730 576.1
1097740 578.7
1097750 587.5
1097760 587.5
1097770 596.7
1097780 598.1
1097790 598.1
1097800 598.0
1097810 597.2
1097820 597.2
1097830 595.4
1097840 594.0
1097850 594.0
1097860 593.2
1097870 589.5
1097880 589.5
1097890 585.5
1097900 585.7
1097910 585.7
1097920 584.5
1097930 578.4
1097940 578.4
1097950 571.2
1097960 569.6
1097970 569.6
1097980 566.6
1097990 567.5
1098000 567.5
1098010 569.5
1098020 573.0
1098030 573.0
1098040 575.3
1098050 576.9
1098060 578.1
1098070 578.1
1098080 582.2
1098090 586.2
1098100 586.2
1098110 591.6
1098120 595.0
1098130 595.0
1098140 593.3
1098150 590.0
1098160 590.0
1098170 586.4
1098180 583.5
1098190 583.5
1098200 579.7
1098210 577.6
1098220 577.6
1098230 576.9
1098240 576.8
1098250 576.8
1098260 576.3
1098270 575.5
1098280 575.5
1098290 575.8
1098300 575.8
1098310 575.8
1098320 575.5
1098330 574.7
1098340 574.7
1098350 574.0
1098360 574.0
1098370 574.0
1098380 574.4
1098390 575.0
1098400 575.0
1098410 575.3
1098420 575.8
1098430 576.9
1098440 576.9
1098450 577.2
1098460 577.7
1098470 577.7
1098480 578.1
1098890 578.7
1098900 578.7
1098910 577.6
1098920 575.9
1098930 575.9
1098940 574.7
1098950 573.4
1098960 573.4
1098970 571.5
1098980 570.7
1098990 570.7
1099000 569.1
1099010 567.6
1099020 567.6
1099030 565.6
1099040 563.6
1099050 563.6
1099060 561.5
1099070 559.4
1099080 559.4
1099090 557.1
1099100 555.6
1099110 555.6
1099120 553.1
1099130 550.7
1099140 550.7
1099150 548.5
1099160 546.3
1099170 545.7
1099180 545.7
1099190 544.4
1099200 544.8
1099210 544.8
1099220 546.0
1099230 546.3
1099240 546.3
1099250 546.3
1099260 546.2
1099270 546.2
1099280 546.1
1099290 546.1
1099300 546.1
1099310 546.3
1099320 546.4
1099330 546.4
1099340 546.6
1099350 546.8
1099360 546.8
1099370 546.9
1099380 547.4
1099390 547.4
1099400 548.3
1099410 549.4
1099420 549.4
1099430 551.9
1099440 555.9
1099450 555.9
1099460 558.5
1099470 560.4
1099480 560.4
1099490 561.2
1099500 561.2
1099510 561.2
1099520 564.2
1099530 564.8
1099540 564.8
1099550 565.8
1099560 566.7
1099570 567.5
1099580 567.5
1099590 568.7
1099600 570.0
1099610 570.0
1099620 570.9
1099630 571.9
1099640 571.9
1099650 573.0
1099660 574.1
1099670 574.1
1099680 575.3
1099690 576.6
1099700 576.6
1099710 577.9
1099720 578.9
1099730 578.9
1099740 579.7
1099750 580.9
1099760 580.9
1099770 582.2
1099780 584.2
1099790 584.2
1099800 585.3
1099810 585.4
1099820 585.4
1099830 585.5
1099840 586.3
1099850 586.3
1099860 588.1
1099870 589.0
1099880 589.0
1099890 591.0
1099900 593.2
1099910 593.2
1099920 595.0
1099930 598.9
1099940 605.3
1099950 605.3
1099960 609.3
1099970 610.0
1099980 610.0
1099990 611.0
