1081490 395.2
1081500 395.2
1081510 395.2
1081520 395.2
1081530 395.2
1081540 395.2
1081550 395.2
1081560 395.2
1081570 395.2
1081580 395.2
1081590 395.2
1081600 395.2
1081610 395.2
1081620 395.2
1081630 395.2
1081640 395.2
1081650 395.2
1081660 395.2
1081670 395.2
1081680 395.2
1081690 395.2
1081700 395.2
1081710 395.2
1081720 395.2
1081730 395.2
1081740 395.2
1081750 395.2
1081760 395.2
1081770 395.2
1081780 395.2
1081790 395.2
1081800 395.2
1081810 395.2
1081820 395.2
1081830 395.2
1081840 395.2
1081850 395.2
1081860 395.2
1081870 395.2
1081880 395.2
1081890 395.2
1081900 395.2
1081910 395.2
1081920 395.2
1081930 395.2
1081940 395.2
1081950 395.2
1081960 395.2
1081970 395.2
1081980 395.2
1081990 395.2
1082000 395.2
1082010 395.2
1082020 395.2
1082030 395.2
1082040 395.2
1082050 395.2
1082060 395.2
1082070 395.2
1082080 395.2
1082090 395.2
1082100 395.2
1082110 395.2
1082120 395.2
1082130 395.2
1082140 395.2
1082150 395.2
1082160 395.2
1082170 395.2
1082180 395.2
1082190 395.2
1082200 395.2
1082210 395.2
1082220 395.2
1082230 395.2
1082240 395.2
1082250 395.2
1082260 395.2
1082270 395.2
1082280 395.2
1082290 395.2
1082300 395.2
1082310 395.2
1082320 395.2
1082330 395.2
1082340 395.2
1082350 395.2
1082360 395.2
1082370 395.2
1082380 395.2
1082390 395.2
1082400 395.2
1082410 395.2
1082420 395.2
1082430 395.2
1082440 395.2
1082450 395.2
1082460 395.2
1082470 395.2
1082480 395.2
1082490 395.2
1082500 395.2
1082510 395.2
1082520 395.2
1082530 395.2
1082540 395.2
1082550 395.2
1082560 395.2
1082570 395.2
1082580 395.2
1082590 395.2
1082600 395.2
1082610 395.2
1082620 395.2
1082630 395.2
1082640 395.2
1082650 395.2
1082660 395.2
1082670 395.2
1082680 395.2
1082690 395.2
1082700 395.2
1082710 395.2
1082720 395.2
1082730 395.2
1082740 395.2
1082750 395.2
1082760 395.2
1082770 395.2
1082780 395.2
1082790 395.2
1082800 395.2
1082810 395.2
1082820 395.2
1082830 395.2
1082840 395.2
1082850 395.2
1082860 395.2
1082870 395.2
1082880 395.2
1082890 395.2
1082900 395.2
1082910 395.2
1082920 395.2
1082930 395.2
1082940 395.2
1082950 395.2
1082960 395.2
1082970 395.2
1082980 395.2
1082990 395.2
1083000 395.2
1083010 395.2
1083020 395.2
1083030 395.2
1083040 395.2
1083050 395.2
1083060 395.2
1083070 395.2
1083080 395.2
1083090 395.2
1083100 395.2
1083110 395.2
1083120 395.2
1083130 395.2
1083140 395.2
1083150 395.1
1083160 395.1
1083170 395.1
1083180 394.9
1083190 394.9
1083200 394.9
1083210 394.9
1083220 394.9
1083230 394.9
1083240 394.9
1083250 394.9
1083260 394.9
1083270 394.9
1083280 394.9
1083290 394.9
1083300 394.9
1083310 394.9
1083320 394.9
1083330 394.9
1083340 394.9
1083350 394.9
1083360 394.9
1083370 394.9
1083380 394.9
1083390 394.9
1083400 394.9
1083410 394.9
1083420 394.9
1083430 394.9
1083440 394.9
1083450 394.9
1083460 394.9
1083470 394.9
1083480 394.9
1083490 394.9
1083500 394.9
1083510 394.9
1083520 394.9
1083530 394.9
1083540 394.9
1083550 394.9
1083560 394.9
1083570 394.9
1083580 394.9
1083590 394.9
1083600 394.9
1083610 394.9
1083620 394.9
1083630 394.9
1083640 394.9
1083650 394.9
1083660 394.9
1083670 394.9
1083680 394.9
1083690 394.9
1083700 394.9
1083710 394.9
1083720 394.9
1083730 394.9
1083740 394.9
1083750 394.9
1083760 394.9
1083770 394.9
1083780 394.9
1083790 394.9
1083800 394.9
1083810 394.9
1083820 394.9
1083830 394.9
1083840 394.9
1083850 394.9
1083860 394.9
1083870 394.9
1083880 394.9
1083890 394.9
1083900 394.9
1083910 394.9
1083920 394.9
1083930 394.9
1083940 394.9
1083950 395.0
1083960 395.2
1083970 395.2
1083980 395.5
1083990 396.2
1084000 396.2
1084010 397.1
1084020 397.4
1084030 397.4
1084040 397.2
1084050 397.8
1084060 397.8
1084070 399.0
1084080 398.1
1084090 398.1
1084100 399.1
1084110 398.4
1084120 398.4
1084130 397.9
1084140 397.9
1084150 397.9
1084160 397.8
1084170 397.7
1084180 397.7
1084190 397.9
1084200 397.9
1084210 397.7
1084220 397.5
1084230 397.6
1084240 397.6
1084250 397.6
1084260 397.6
1084270 397.8
1084280 397.8
1084290 398.5
1084300 399.7
1084310 399.7
1084320 399.7
1084330 399.7
1084340 399.7
1084350 399.8
1084360 399.6
1084370 399.6
1084380 398.3
1084390 398.3
1084400 398.3
1084410 399.4
1084420 398.2
1084430 398.2
1084440 399.2
1084450 400.1
1084460 400.1
1084470 399.2
1084480 399.3
1084490 399.3
1084500 399.4
1084510 399.7
1084520 399.7
1084530 399.4
1084540 399.4
1084550 399.4
1084560 399.4
1084570 399.6
1084580 399.6
1084590 399.7
1084600 399.7
1084610 399.6
1084620 399.6
1084630 399.7
1084640 399.6
1084650 399.6
1084660 399.6
1084670 399.6
1084680 399.6
1084690 400.6
1084700 401.1
1084710 401.1
1084720 401.1
1084730 401.1
1084740 401.1
1084750 401.2
1084760 401.4
1084770 401.4
1084780 401.6
1084790 401.8
1084800 401.8
1084810 401.9
1084820 402.1
1084830 402.1
1084840 402.6
1084850 403.2
1084860 403.2
1084870 403.3
1084880 403.7
1084890 403.7
1084900 404.4
1084910 403.7
1084920 403.7
1084930 404.1
1084940 404.5
1084950 404.5
1084960 404.7
1084970 405.2
1084980 405.2
1084990 405.6
1085000 406.1
1085010 406.5
1085020 406.5
1085030 406.8
1085040 406.9
1085050 406.9
1085060 407.0
1085070 407.1
1085080 407.1
1085090 407.3
1085100 407.5
1085110 407.5
1085120 407.7
1085130 408.2
1085140 408.2
1085150 408.9
1085160 409.9
1085170 409.2
1085180 410.0
1085190 409.8
1085200 409.8
1085210 409.9
1085220 410.5
1085230 410.5
1085240 410.8
1085250 411.1
1085260 411.1
1085270 411.3
1085280 411.4
1085290 411.4
1085300 412.0
1085310 412.5
1085320 412.5
1085330 412.8
1085340 413.0
1085350 413.0
1085360 413.3
1085370 413.7
1085380 414.0
1085390 414.0
1085400 414.1
1085410 414.2
1085420 414.2
1085430 414.3
1085440 414.3
1085450 414.3
1085460 414.5
1085470 414.5
1085480 414.5
1085490 413.2
1085500 413.4
1085510 413.4
1085520 413.8
1085530 413.8
1085540 413.8
1085550 413.7
1085560 413.6
1085570 413.6
1085580 413.8
1085590 415.1
1085600 415.1
1085610 416.1
1085620 417.3
1085630 417.3
1085640 417.8
1085650 418.0
1085660 418.0
1085670 418.1
1085680 418.0
1085690 418.0
1085700 418.0
1085710 418.2
1085720 418.2
1085730 418.4
1085740 418.9
1085750 419.7
1085760 419.7
1085770 420.2
1085780 424.8
1085790 424.8
1085800 426.4
1085810 427.1
1085820 427.1
1085830 426.9
1085840 427.3
1085850 427.3
1085860 427.8
1085870 428.1
1085880 428.1
1085890 428.0
1085900 428.7
1085910 428.7
1085920 430.5
1085930 431.1
1085940 431.1
1085950 431.0
1085960 430.1
1085970 430.1
1085980 430.8
1085990 431.7
1086000 431.7
1086010 432.6
1086020 433.5
1086030 433.5
1086040 434.8
1086050 435.8
1086060 435.8
1086070 436.5
1086080 437.1
1086090 437.1
1086100 437.5
1086110 438.0
1086120 438.6
1086130 439.2
1086140 439.8
1086150 440.3
1086160 440.3
1086170 440.7
1086180 440.7
1086190 440.7
1086200 440.3
1086210 442.1
1086220 442.1
1086230 443.9
1086240 448.5
1086250 448.5
1086260 452.4
1086270 454.7
1086280 454.7
1086290 457.5
1086300 463.4
1086310 463.4
1086320 467.0
1086330 470.2
1086340 470.2
1086350 474.7
1086360 478.0
1086370 478.0
1086380 480.7
1086390 483.0
1086400 483.0
1086410 484.3
1086420 484.8
1086430 484.8
1086440 486.8
1086450 488.7
1086460 491.7
1086470 493.2
1086480 495.8
1086490 495.8
1086500 498.6
1086510 501.2
1086520 502.6
1086530 502.6
1086540 502.4
1086550 502.2
1086560 502.2
1086570 503.5
1086580 506.3
1086590 506.3
1086600 510.3
1086610 514.9
1086620 514.9
1086630 518.4
1086640 520.1
1086650 520.1
1086660 521.1
1086670 522.5
1086680 522.5
1086690 523.8
1086700 523.2
1086710 523.2
1086720 525.4
1086730 529.0
1086740 529.0
1086750 530.9
1086760 532.5
1086770 532.5
1086780 534.6
1086790 537.5
1086800 537.5
1086810 538.9
1086820 541.5
1086830 541.5
1086840 542.2
1086850 545.1
1086860 545.1
1086870 547.1
1086880 549.7
1086890 552.6
1086900 552.6
1086910 555.7
1086920 558.6
1086930 558.6
1086940 560.4
1086950 561.5
1086960 561.5
1086970 562.7
1086980 563.9
1086990 563.9
1087000 564.4
1087010 564.6
1087020 564.6
1087030 564.6
1087040 565.2
1087050 565.2
1087060 565.6
1087070 565.7
1087080 565.7
1087090 565.7
1087100 568.0
1087110 568.0
1087120 568.9
1087130 569.6
1087140 569.6
1087150 571.0
1087160 570.7
1087170 570.7
1087180 573.1
1087190 575.4
1087200 575.4
1087210 574.7
1087220 572.8
1087230 572.8
1087240 572.9
1087250 572.8
1087260 573.0
1087270 573.0
1087280 574.2
1087290 577.3
1087300 577.3
1087310 579.7
1087320 578.4
1087330 578.4
1087340 576.0
1087350 576.4
1087360 576.4
1087370 581.1
1087380 585.6
1087390 585.6
1087400 591.5
1087410 597.5
1087420 596.0
1087430 600.0
1087440 601.5
1087450 601.5
1087460 604.5
1087470 608.7
1087480 608.7
1087490 613.4
1087500 616.3
1087510 616.3
1087520 619.4
1087530 621.5
1087540 621.5
1087550 623.3
1087560 628.4
1087570 628.4
1087580 633.3
1087590 637.0
1087600 637.0
1087610 641.4
1087620 646.6
1087630 651.1
1087640 651.1
1087650 655.2
1087660 657.8
1087670 657.8
1087680 661.8
1087690 666.0
1087700 666.0
1087710 668.4
1087720 672.7
1087730 672.7
1087740 679.4
1087750 682.7
1087760 682.7
1087770 684.8
1087780 686.8
1087790 686.8
1087800 689.0
1087810 690.0
1087820 690.0
1087830 692.0
1087840 694.7
1087850 694.7
1087860 699.2
1087870 701.9
1087880 701.9
1087890 703.0
1087900 703.3
1087910 703.3
1087920 705.6
1087930 708.1
1087940 708.1
1087950 710.2
1087960 712.4
1087970 712.4
1087980 714.9
1087990 717.9
1088000 717.9
1088010 725.7
1088020 729.5
1088030 734.7
1088040 734.7
1088050 736.1
1088060 734.8
1088070 734.8
1088080 743.0
1088090 747.9
1088100 747.9
1088110 751.0
1088120 755.8
1088130 755.8
1088140 763.5
1088150 775.2
1088160 775.2
1088170 783.4
1088180 786.0
1088190 786.0
1088200 792.2
1088210 798.5
1088220 798.5
1088230 805.3
1088240 812.9
1088250 812.9
1088260 814.2
1088270 810.5
1088280 810.5
1088290 806.4
1088300 803.6
1088310 803.6
1088320 801.1
1088330 799.7
1088340 799.7
1088350 798.9
1088360 797.8
1088370 797.8
1088380 797.0
1088390 801.0
1088400 800.1
1088410 800.1
1088420 797.4
1088430 794.7
1088440 794.7
1088450 799.1
1088460 801.6
1088470 801.6
1088480 802.8
1088490 804.8
1088500 804.8
1088510 805.0
1088520 804.6
1088530 804.6
1088540 801.4
1088550 797.2
1088560 797.2
1088570 796.7
1088580 796.6
1088590 796.6
1088600 795.0
1088610 796.7
1088620 796.7
1088630 799.6
1088640 801.1
1088650 801.1
1088660 802.4
1088670 803.6
1088680 803.6
1088690 804.2
1088700 805.0
1088710 806.7
1088720 807.3
1088730 808.2
1088740 808.2
1088750 809.6
1088760 810.9
1088770 812.2
1088780 812.2
1088790 814.1
1088800 815.3
1088810 815.3
1088820 815.3
1088830 815.9
1088840 815.9
1088850 816.5
1088860 817.5
1088870 817.5
1088880 819.6
1088890 821.4
1088900 821.4
1088910 822.9
1088920 823.8
1088930 823.8
1088940 825.5
1088950 829.3
1088960 829.3
1088970 833.5
1088980 835.8
1088990 835.8
1089000 838.2
1089010 840.4
1089020 840.4
1089030 842.1
1089040 843.5
1089050 843.5
1089060 845.0
1089070 846.7
1089080 846.7
1089090 848.7
1089100 850.0
1089110 850.0
1089120 852.5
1089130 855.3
1089140 858.0
1089150 858.0
1089160 861.0
1089170 864.2
1089180 864.2
1089190 871.6
1089200 878.1
1089210 878.1
1089220 882.9
1089230 887.7
1089240 887.7
1089250 892.3
1089260 897.1
1089270 897.1
1089280 900.6
1089290 904.4
1089300 904.4
1089310 906.3
1089320 907.5
1089330 907.5
1089340 908.6
1089350 910.1
1089360 911.3
1089370 912.6
1089380 913.6
1089390 913.6
1089400 914.5
1089410 915.6
1089420 915.6
1089430 917.2
1089440 918.7
1089450 918.7
1089460 922.0
1089470 925.4
1089480 925.4
1089490 927.6
1089500 930.5
1089510 930.5
1089520 936.3
1089530 944.4
1089540 954.9
1089550 954.9
1089560 960.7
1089570 965.1
1089580 965.1
1089590 969.9
1089600 974.0
1089610 974.0
1089620 980.3
1089630 986.3
1089640 986.3
1089650 993.0
1089660 997.0
1089670 997.0
1089680 999.5
1089690 1002.0
1089700 1002.0
1089710 1004.8
1089720 1007.7
1089730 1007.7
1089740 1010.9
1089750 1014.2
1089760 1014.2
1089770 1017.7
1089780 1021.1
1089790 1021.1
1089800 1023.8
1089810 1025.8
1089820 1025.8
1089830 1027.0
1089840 1028.2
1089850 1028.2
1089860 1029.1
1089870 1029.7
1089880 1029.7
1089890 1029.9
1089900 1030.0
1089910 1030.0
1089920 1030.0
1089930 1030.1
1089940 1029.9
1089950 1029.9
1089960 1029.2
1089970 1028.0
1089980 1028.0
1089990 1026.3
1090000 1024.7
1090010 1024.6
1090020 1021.8
1090030 1017.8
1090040 1017.8
1090050 1014.5
1090060 1012.4
1090070 1012.4
1090080 1011.1
1090090 1009.6
1090100 1009.6
1090110 1008.3
1090120 1006.8
1090130 1006.8
1090140 1005.6
1090150 1004.3
1090160 1004.3
1090170 1003.0
1090180 1001.4
1090190 1001.4
1090200 998.8
1090210 996.0
1090220 996.0
1090230 994.3
1090240 993.4
1090250 993.4
1090260 991.7
1090270 986.9
1090280 980.3
1090290 980.3
1090300 976.8
1090310 973.9
1090320 973.9
1090330 973.4
1090340 970.9
1090350 970.9
1090360 971.0
1090370 973.1
1090380 973.1
1090390 976.6
1090400 979.0
1090410 979.0
1090420 980.1
1090430 981.0
1090440 981.0
1090450 981.6
1090460 981.5
1090470 981.5
1090480 982.3
1090490 984.6
1090500 984.6
1090510 985.8
1090520 985.6
1090530 985.6
1090540 985.2
1090550 984.9
1090560 984.9
1090570 984.0
1090580 982.8
1090590 982.8
1090600 981.4
1090610 980.2
1090620 980.2
1090630 979.2
1090640 978.4
1090650 976.6
1090660 975.9
1090670 974.5
1090680 973.1
1090690 973.1
1090700 971.9
1090710 970.9
1090720 970.9
1090730 970.0
1090740 969.4
1090750 969.4
1090760 968.9
1090770 968.4
1090780 968.4
1090790 968.1
1090800 967.5
1090810 967.5
1090820 966.7
1090830 965.3
1090840 965.3
1090850 961.0
1090860 955.9
1090870 955.9
1090880 953.7
1090890 950.8
1090900 950.8
1090910 947.2
1090920 944.3
1090930 944.3
1090940 943.9
1090950 941.6
1090960 941.6
1090970 940.4
1090980 937.6
1090990 937.6
1091000 935.9
1091010 935.5
1091020 935.5
1091030 935.0
1091040 933.4
1091050 932.0
1091060 932.0
1091070 930.7
1091080 929.0
1091090 929.0
1091100 926.8
1091110 923.7
1091120 923.7
1091130 920.3
1091140 919.6
1091150 919.6
1091160 919.3
1091170 918.7
1091180 918.7
1091190 918.8
1091200 918.8
1091210 918.8
1091220 918.5
1091230 918.0
1091240 918.0
1091250 917.3
1091260 916.0
1091270 916.0
1091280 914.4
1091290 912.8
1091300 912.2
1091310 911.5
1091320 910.4
1091330 910.4
1091340 909.4
1091350 907.9
1091360 907.9
1091370 906.4
1091380 904.7
1091390 904.7
1091400 901.4
1091410 901.5
1091420 904.0
1091430 904.0
1091440 904.6
1091450 904.5
1091460 904.5
1091470 904.1
1091480 903.2
1091490 903.2
1091500 902.1
1091510 900.6
1091520 900.6
1091530 897.6
1091540 894.5
1091550 894.5
1091560 889.0
1091570 889.2
1091580 889.2
1091590 890.1
1091600 891.6
1091610 891.6
1091620 892.5
1091630 892.6
1091640 892.6
1091650 893.3
1091660 893.9
1091670 893.9
1091680 894.4
1091690 894.7
1091700 894.7
1091710 894.9
1091720 894.9
1091730 894.9
1091740 894.6
1091750 894.3
1091760 894.3
1091770 893.6
1091780 891.9
1091790 888.6
1091800 888.6
1091810 885.9
1091820 885.3
1091830 885.3
1091840 882.2
1091850 877.1
1091860 877.1
1091870 872.3
1091880 865.6
1091890 865.6
1091900 861.5
1091910 855.7
1091920 855.7
1091930 849.7
1091940 844.3
1091950 844.3
1091960 836.9
1091970 833.1
1091980 833.1
1091990 829.8
1092000 832.6
1092010 832.6
1092020 835.9
1092030 838.6
1092040 838.6
1092050 841.4
1092060 843.3
1092070 843.3
1092080 845.2
1092090 847.3
1092100 847.3
1092110 851.3
1092120 855.5
1092130 855.5
1092140 856.6
1092150 853.4
1092160 853.4
1092170 848.8
1092180 844.0
1092190 841.6
1092200 841.6
1092210 841.7
1092220 843.4
1092230 843.4
1092240 844.9
1092250 847.4
1092260 847.4
1092270 847.2
1092280 850.5
1092290 850.5
1092300 847.0
1092310 843.4
1092320 843.4
1092330 840.1
1092340 838.2
1092350 838.2
1092360 838.5
1092370 840.3
1092380 840.3
1092390 838.0
1092400 838.2
1092410 838.2
1092420 842.6
1092430 843.7
1092440 843.7
1092450 845.8
1092460 847.8
1092470 847.8
1092480 849.2
1092490 848.2
1092500 848.2
1092510 846.0
1092520 851.1
1092530 851.1
1092540 856.4
1092550 858.3
1092560 860.0
1092570 860.0
1092580 860.5
1092590 861.4
1092600 861.4
1092610 865.4
1092620 866.7
1092630 866.7
1092640 869.3
1092650 872.4
1092660 872.4
1092670 872.5
1092680 871.1
1092690 871.1
1092700 872.2
1092710 874.8
1092720 874.8
1092730 876.6
1092740 877.6
1092750 877.6
1092760 878.8
1092770 879.7
1092780 879.7
1092790 879.9
1092800 879.1
1092810 879.1
1092820 879.1
1092830 880.1
1092840 880.1
1092850 877.4
1092860 878.1
1092870 878.1
1092880 881.0
1092890 884.5
1092900 884.5
1092910 887.1
1092920 889.3
1092930 891.3
1092940 893.8
1092950 895.9
1092960 897.6
1092970 897.6
1092980 898.7
1092990 901.7
1093000 901.7
1093010 904.3
1093020 906.1
1093030 906.1
1093040 907.2
1093050 907.6
1093060 907.6
1093070 907.1
1093080 901.4
1093090 901.4
1093100 896.5
1093110 892.4
1093120 892.4
1093130 891.2
1093140 890.4
1093150 890.4
1093160 891.5
1093170 891.7
1093180 891.7
1093190 891.8
1093200 892.3
1093210 892.3
1093220 893.8
1093230 895.2
1093240 895.2
1093250 893.0
1093260 894.3
1093270 894.3
1093280 894.2
1093290 895.9
1093300 896.7
1093310 896.7
1093320 892.9
1093330 895.3
1093340 895.3
1093350 902.3
1093360 908.7
1093370 908.7
1093380 915.1
1093390 920.3
1093400 920.3
1093410 922.9
1093420 923.8
1093430 923.8
1093440 924.0
1093450 921.2
1093460 921.2
1093470 919.2
1093480 923.3
1093490 923.3
1093500 926.4
1093510 930.4
1093520 930.4
1093530 934.5
1093540 937.6
1093550 937.6
1093560 939.9
1093570 940.3
1093580 940.3
1093590 944.3
1093600 945.8
1093610 945.8
1093620 947.5
1093630 948.9
1093640 948.9
1093650 950.2
1093660 951.4
1093670 951.4
1093680 952.5
1093690 953.5
1093700 954.8
1093710 954.8
1093720 955.8
1093730 956.6
1093740 956.6
1093750 957.3
1093760 958.1
1093770 958.1
1093780 958.9
1093790 959.4
1093800 959.4
1093810 959.6
1093820 960.5
1093830 960.5
1093840 961.0
1093850 960.8
1093860 960.8
1093870 960.4
1093880 960.2
1093890 960.2
1093900 959.9
1093910 958.7
1093920 959.7
1093930 957.4
1093940 955.6
1093950 955.6
1093960 953.6
1093970 952.3
1093980 952.3
1093990 950.5
1094000 947.5
1094010 947.5
1094020 945.9
1094030 943.1
1094040 943.1
1094050 939.0
1094060 935.6
1094070 935.0
1094080 935.0
1094090 933.9
1094100 931.5
1094110 931.5
1094120 927.9
1094130 924.9
1094140 924.9
1094150 922.4
1094160 918.6
1094170 918.6
1094180 916.5
1094190 917.0
1094200 917.0
1094210 917.8
1094220 920.1
1094230 920.1
1094240 923.5
1094250 925.5
1094260 925.5
1094270 927.3
1094280 927.6
1094290 927.6
1094300 925.0
1094310 922.6
1094320 922.6
1094330 921.0
1094340 919.2
1094350 919.2
1094360 917.2
1094370 915.7
1094380 915.7
1094390 913.2
1094400 910.2
1094410 910.2
1094420 907.4
1094430 904.6
1094440 902.1
1094450 902.1
1094460 900.2
1094470 899.0
1094480 899.0
1094490 897.5
1094500 895.6
1094510 895.6
1094520 893.8
1094530 892.4
1094540 892.4
1094550 890.8
1094560 888.8
1094570 887.7
1094580 885.7
1094590 882.5
1094600 882.5
1094610 876.0
1094620 869.9
1094630 869.9
1094640 866.4
1094650 863.0
1094660 863.0
1094670 861.4
1094680 860.6
1094690 860.6
1094700 857.2
1094710 853.1
1094720 853.1
1094730 849.6
1094740 846.5
1094750 846.5
1094760 843.6
1094770 841.4
1094780 841.4
1094790 839.7
1094800 837.5
1094810 834.7
1094820 834.7
1094830 830.3
1094840 826.1
1094850 826.1
1094860 821.4
1094870 817.3
1094880 817.3
1094890 814.4
1094900 808.9
1094910 808.9
1094920 803.2
1094930 796.9
1094940 796.9
1094950 792.8
1094960 790.0
1094970 790.0
1094980 787.5
1094990 785.1
1095000 785.1
1095010 782.8
1095020 780.3
1095030 780.3
1095040 778.1
1095050 776.4
1095060 776.4
1095070 775.5
1095080 773.7
1095090 773.7
1095100 766.5
1095110 760.5
1095120 760.5
1095130 756.1
1095140 753.5
1095150 753.5
1095160 750.3
1095170 746.0
1095180 746.0
1095190 743.5
1095200 741.6
1095210 740.2
1095220 740.2
1095230 739.2
1095240 737.4
1095250 737.4
1095260 735.7
1095270 734.6
1095280 734.6
1095290 733.9
1095300 733.4
1095310 733.4
1095320 733.0
1095330 733.1
1095340 733.1
1095350 733.7
1095360 734.5
1095370 734.5
1095380 734.4
1095390 733.9
1095400 733.9
1095410 732.3
1095420 729.2
1095430 729.2
1095440 726.5
1095450 724.0
1095460 724.0
1095470 722.0
1095480 719.7
1095490 719.7
1095500 714.3
1095510 708.0
1095520 708.0
1095530 703.8
1095540 701.1
1095550 701.1
1095560 698.7
1095570 696.7
1095580 694.9
1095590 694.9
1095600 693.5
1095610 692.5
1095620 692.5
1095630 690.4
1095640 687.5
1095650 687.5
1095660 684.4
1095670 680.9
1095680 680.9
1095690 677.5
1095700 675.0
1095710 675.0
1095720 675.0
1095730 674.8
1095740 674.8
1095750 674.8
1095760 673.9
1095770 673.9
1095780 671.8
1095790 670.1
1095800 670.1
1095810 667.6
1095820 665.8
1095830 665.8
1095840 663.7
1095850 662.0
1095860 662.0
1095870 659.9
1095880 656.3
1095890 654.0
1095900 655.7
1095910 657.1
1095920 657.1
1095930 660.1
1095940 662.9
1095950 665.1
1095960 665.1
1095970 666.9
1095980 668.5
1095990 668.5
1096000 670.3
1096010 672.2
1096020 672.2
1096030 673.9
1096040 675.0
1096050 675.0
1096060 675.9
1096070 677.4
1096080 677.4
1096090 679.3
1096100 681.0
1096110 681.0
1096120 682.8
1096130 684.7
1096140 684.7
1096150 686.5
1096160 688.0
1096170 688.0
1096180 689.7
1096190 691.4
1096200 691.4
1096210 693.2
1096220 697.5
1096230 697.5
1096240 699.2
1096250 700.9
1096260 700.9
1096270 702.7
1096280 704.2
1096290 704.2
1096300 705.3
1096310 706.0
1096320 706.5
1096330 706.5
1096340 707.3
1096350 706.3
1096360 706.3
1096370 702.4
1096380 697.8
1096390 697.8
1096400 693.3
1096410 690.1
1096420 690.1
1096430 688.8
1096440 687.4
1096450 687.4
1096460 688.2
1096470 688.1
1096480 688.1
1096490 686.9
1096500 685.1
1096510 685.1
1096520 683.0
1096530 680.5
1096540 680.5
1096550 679.7
1096560 678.5
1096570 678.5
1096580 677.6
1096590 676.8
1096600 676.8
1096610 675.5
1096620 674.1
1096630 674.1
1096640 673.2
1096650 672.6
1096660 672.6
1096670 672.7
1096680 672.8
1096690 672.7
1096700 672.7
1096710 672.6
1096720 672.4
1096730 672.4
1096740 672.3
1096750 671.7
1096760 671.7
1096770 671.0
1096780 670.4
1096790 670.4
1096800 669.5
1096810 668.7
1096820 668.7
1096830 668.1
1096840 668.4
1096850 668.4
1096860 669.2
1096870 669.2
1096880 669.7
1096890 669.6
1096900 669.2
1096910 669.2
1096920 668.8
1096930 668.6
1096940 668.6
1096950 668.3
1096960 668.1
1096970 668.1
1096980 667.9
1096990 667.0
1097000 667.0
1097010 664.0
1097020 663.7
1097030 663.7
1097040 665.0
1097050 664.8
1097060 664.8
1097070 664.6
1097080 664.0
1097090 663.4
1097100 663.4
1097110 662.8
1097120 661.7
1097130 661.7
1097140 659.7
1097150 657.8
1097160 657.8
1097170 656.0
1097180 654.6
1097190 654.6
1097200 653.7
1097210 650.9
1097220 650.9
1097230 649.3
1097240 647.6
1097250 647.6
1097260 646.3
1097270 645.2
1097280 645.2
1097290 644.0
1097300 642.6
1097310 642.6
1097320 641.2
1097330 639.8
1097340 639.8
1097350 638.7
1097360 637.6
1097370 637.6
1097380 636.6
1097390 635.5
1097400 635.5
1097410 634.6
1097420 633.7
1097430 633.7
1097440 632.9
1097450 632.0
1097460 630.9
1097470 630.9
1097480 628.7
1097490 627.9
1097500 627.9
1097510 628.0
1097520 627.1
1097530 627.1
1097540 626.7
1097550 626.0
1097560 626.0
1097570 622.7
1097580 619.4
1097590 619.4
1097600 617.0
1097610 615.1
1097620 615.1
1097630 613.5
1097640 612.7
1097650 612.7
1097660 611.9
1097670 611.0
1097680 611.0
1097690 610.4
1097700 609.7
1097710 609.7
1097720 609.1
1097730 608.5
1097740 608.5
1097750 608.0
1097760 607.4
1097770 607.4
1097780 606.6
1097790 605.3
1097800 605.3
1097810 604.0
1097820 603.0
1097830 602.0
1097840 602.0
1097850 599.9
1097860 594.7
1097870 598.1
1097880 592.6
1097890 594.3
1097900 594.3
1097910 595.1
1097920 593.7
1097930 593.7
1097940 594.0
1097950 591.2
1097960 591.2
1097970 589.8
1097980 587.8
1097990 587.8
1098000 585.2
1098010 582.3
1098020 582.3
1098030 580.6
1098040 578.6
1098050 578.6
1098060 575.6
1098070 574.2
1098080 574.2
1098090 572.3
1098100 570.4
1098110 570.4
1098120 569.0
1098130 568.1
1098140 568.1
1098150 567.5
1098160 567.0
1098170 567.0
1098180 566.1
1098190 565.6
1098200 565.2
1098210 565.2
1098220 565.0
1098230 564.9
1098240 564.9
1098250 564.7
1098260 564.1
1098270 564.1
1098280 563.5
1098290 563.0
1098300 563.0
1098310 562.4
1098320 561.9
1098330 561.9
1098340 561.5
1098350 561.0
1098360 561.0
1098370 560.8
1098380 560.4
1098390 560.4
1098400 559.9
1098410 559.4
1098420 559.4
1098430 559.1
1098440 558.7
1098450 558.7
1098460 558.7
1098470 558.5
1098480 558.5
1098490 558.1
1098500 557.6
1098510 557.6
1098520 556.9
1098530 556.9
1098540 556.9
1098550 556.4
1098560 555.5
1098570 555.5
1098580 554.4
1098590 553.7
1098600 553.3
1098610 553.3
1098620 552.9
1098630 552.9
1098640 552.9
1098650 553.0
1098660 553.4
1098670 553.4
1098680 554.0
1098690 553.2
1098700 553.2
1098710 551.1
1098720 548.8
1098730 548.8
1098740 547.9
1098750 547.6
1098760 547.6
1098770 547.4
1098780 546.9
1098790 546.9
1098800 546.1
1098810 546.7
1098820 546.7
1098830 546.9
1098840 547.0
1098850 547.0
1098860 546.8
1098870 547.1
1098880 547.1
1098890 547.7
1098900 548.3
1098910 548.3
1098920 548.6
1098930 548.6
1098940 548.6
1098950 548.3
1098960 547.6
1098970 547.2
1098980 547.2
1098990 547.0
1099000 547.3
1099010 547.3
1099020 548.5
1099030 549.0
1099040 549.0
1099050 550.9
1099060 555.5
1099070 555.5
1099080 555.8
1099090 551.9
1099100 551.9
1099110 549.5
1099120 547.7
1099130 547.7
1099140 545.5
1099150 544.4
1099160 544.4
1099170 544.3
1099180 544.2
1099190 544.2
1099200 543.9
1099210 543.8
1099220 543.8
1099230 543.6
1099240 543.3
1099250 543.3
1099260 543.4
1099270 543.8
1099280 543.8
1099290 543.7
1099300 543.3
1099310 543.3
1099320 543.5
1099330 543.3
1099340 541.7
1099350 541.7
1099360 543.0
1099370 543.9
1099380 543.9
1099390 544.0
1099400 544.1
1099410 544.1
1099420 544.2
1099430 544.5
1099440 544.5
1099450 545.0
1099460 545.8
1099470 545.8
1099480 546.8
1099490 547.7
1099500 547.7
1099510 548.7
1099520 550.8
1099530 550.8
1099540 552.7
1099550 556.6
1099560 556.6
1099570 560.0
1099580 563.2
1099590 563.2
1099600 565.9
1099610 566.9
1099620 566.9
1099630 567.5
1099640 568.7
1099650 568.7
1099660 571.5
1099670 575.8
1099680 575.8
1099690 580.5
1099700 584.9
1099710 589.9
1099720 589.9
1099730 594.2
1099740 598.4
1099750 598.4
1099760 601.5
1099770 603.5
1099780 603.5
1099790 605.3
1099800 607.1
1099810 607.1
1099820 609.1
1099830 610.9
1099840 610.9
1099850 612.8
1099860 614.8
1099870 614.8
1099880 616.8
1099890 618.7
1099900 618.7
1099910 620.9
1099920 623.3
1099930 623.3
1099940 625.1
1099950 626.9
1099960 626.9
1099970 628.7
1099980 630.6
1099990 630.6
