1083790 408.0
1083800 408.0
1083810 408.1
1083820 408.4
1083830 408.4
1083840 411.6
1083850 413.2
1083860 410.9
1083870 413.0
1083880 413.5
1083890 413.5
1083900 413.8
1083910 414.0
1083920 414.0
1083930 414.3
1083940 414.6
1083950 414.6
1083960 413.8
1083970 412.8
1083980 412.8
1083990 413.5
1084000 413.8
1084010 413.8
1084020 413.7
1084030 413.5
1084040 413.2
1084050 413.2
1084060 413.1
1084070 413.0
1084080 413.0
1084090 413.1
1084100 412.8
1084110 412.8
1084120 411.1
1084130 408.6
1084140 408.6
1084150 408.0
1084160 408.0
1084170 408.0
1084180 408.0
1084190 408.0
1084200 408.0
1084210 407.8
1084220 407.6
1084230 407.6
1084240 407.7
1084250 405.9
1084260 405.9
1084270 404.1
1084280 407.1
1084290 407.1
1084300 408.8
1084310 409.3
1084320 409.3
1084330 409.5
1084340 409.5
1084350 409.5
1084360 409.4
1084370 409.3
1084380 409.3
1084390 409.4
1084400 409.3
1084410 409.5
1084420 409.5
1084430 409.6
1084440 409.7
1084450 409.7
1084460 409.8
1084470 410.1
1084480 410.1
1084490 410.3
1084500 410.3
1084510 410.3
1084520 410.4
1084530 410.4
1084540 410.4
1084550 410.2
1084560 410.1
1084570 410.1
1084580 409.8
1084590 409.8
1084600 409.8
1084610 410.0
1084620 409.9
1084630 409.9
1084640 410.0
1084650 410.1
1084660 410.1
1084670 410.2
1084680 410.4
1084690 410.4
1084700 410.5
1084710 410.7
1084720 410.7
1084730 411.1
1084740 411.4
1084750 411.4
1084760 411.5
1084770 411.4
1084780 411.4
1084790 411.6
1084800 412.0
1084810 412.3
1084820 412.4
1084830 412.5
1084840 412.6
1084850 412.6
1084860 412.8
1084870 413.0
1084880 413.0
1084890 413.1
1084900 413.3
1084910 413.3
1084920 413.5
1084930 413.7
1084940 413.7
1084950 413.8
1084960 414.0
1084970 414.0
1084980 414.3
1084990 414.5
1085000 414.5
1085010 414.8
1085020 415.0
1085030 415.0
1085040 415.0
1085050 415.0
1085060 415.0
1085070 415.1
1085080 415.1
1085090 415.1
1085100 415.2
1085110 415.3
1085120 415.3
1085130 415.4
1085140 415.7
1085150 415.7
1085160 415.9
1085170 416.1
1085180 416.1
1085190 416.3
1085200 416.6
1085210 416.9
1085220 416.9
1085230 417.2
1085240 417.5
1085250 417.5
1085260 417.9
1085270 418.1
1085280 418.1
1085290 418.3
1085300 418.3
1085310 418.3
1085320 418.4
1085330 418.6
1085340 418.6
1085350 418.8
1085360 419.0
1085370 419.0
1085380 419.1
1085390 419.2
1085400 419.2
1085410 419.4
1085420 419.5
1085430 419.5
1085440 419.8
1085450 420.0
1085460 420.1
1085470 420.4
1085480 421.0
1085490 421.0
1085500 421.1
1085510 421.3
1085520 421.3
1085530 421.4
1085540 421.6
1085550 421.6
1085560 421.7
1085570 421.5
1085580 421.6
1085590 421.6
1085600 422.1
1085610 422.7
1085620 422.7
1085630 423.3
1085640 423.8
1085650 423.8
1085660 424.1
1085670 424.6
1085680 424.6
1085690 425.0
1085700 425.6
1085710 425.6
1085720 426.2
1085730 426.7
1085740 426.7
1085750 427.2
1085760 427.8
1085770 427.8
1085780 428.2
1085790 428.7
1085800 428.7
1085810 429.2
1085820 429.9
1085830 429.9
1085840 430.5
1085850 431.2
1085860 431.2
1085870 431.9
1085880 432.7
1085890 432.7
1085900 433.4
1085910 433.8
1085920 433.8
1085930 434.6
1085940 435.4
1085950 435.4
1085960 436.0
1085970 436.7
1085980 437.3
1085990 437.3
1086000 437.7
1086010 438.2
1086020 438.2
1086030 438.7
1086040 439.2
1086050 439.2
1086060 439.8
1086070 440.3
1086080 440.3
1086090 441.0
1086100 441.5
1086110 441.5
1086120 442.0
1086130 442.5
1086140 442.5
1086150 443.2
1086160 443.8
1086170 443.8
1086180 444.5
1086190 445.3
1086200 445.3
1086210 446.3
1086220 447.2
1086230 447.2
1086240 447.8
1086250 448.3
1086260 448.3
1086270 449.0
1086280 449.9
1086290 449.9
1086300 450.8
1086310 451.5
1086320 451.5
1086330 452.3
1086340 453.0
1086350 453.0
1086360 453.8
1086370 454.4
1086380 454.6
1086390 454.6
1086400 455.2
1086410 456.7
1086420 456.5
1086430 457.7
1086440 458.4
1086450 458.4
1086460 459.5
1086470 460.2
1086480 460.2
1086490 460.6
1086500 461.2
1086510 461.2
1086520 461.9
1086530 462.5
1086540 462.5
1086550 463.1
1086560 463.7
1086570 463.7
1086580 464.3
1086590 465.1
1086600 465.1
1086610 465.8
1086620 466.8
1086630 466.8
1086640 467.7
1086650 468.8
1086660 468.8
1086670 469.9
1086680 471.0
1086690 471.0
1086700 472.7
1086710 474.0
1086720 474.0
1086730 475.1
1086740 476.3
1086750 477.4
1086760 477.4
1086770 478.5
1086780 479.7
1086790 479.7
1086800 480.9
1086810 482.5
1086820 482.5
1086830 484.5
1086840 486.7
1086850 486.7
1086860 489.9
1086870 493.8
1086880 493.8
1086890 497.9
1086900 500.9
1086910 500.9
1086920 503.1
1086930 506.0
1086940 506.0
1086950 508.8
1086960 511.3
1086970 511.3
1086980 513.6
1086990 516.2
1087000 516.2
1087010 519.2
1087020 522.4
1087030 522.4
1087040 525.0
1087050 527.5
1087060 527.5
1087070 531.7
1087080 535.7
1087090 535.7
1087100 538.3
1087110 540.1
1087120 540.1
1087130 541.1
1087140 542.6
1087150 545.7
1087160 545.7
1087170 549.0
1087180 552.0
1087190 552.0
1087200 554.6
1087210 557.4
1087220 557.4
1087230 559.5
1087240 560.3
1087250 560.3
1087260 560.9
1087270 562.2
1087280 562.2
1087290 565.8
1087300 569.0
1087310 569.0
1087320 572.1
1087330 574.9
1087340 574.9
1087350 576.4
1087360 577.3
1087370 577.3
1087380 577.8
1087390 578.6
1087400 578.6
1087410 577.0
1087420 578.5
1087430 578.5
1087440 581.3
1087450 584.4
1087460 584.4
1087470 589.1
1087480 592.6
1087490 592.6
1087500 595.0
1087510 596.3
1087520 596.3
1087530 597.7
1087540 599.8
1087550 601.5
1087560 601.5
1087570 603.8
1087580 607.2
1087590 607.2
1087600 610.5
1087610 613.8
1087620 613.8
1087630 617.6
1087640 620.4
1087650 620.4
1087660 624.2
1087670 629.1
1087680 629.1
1087690 634.8
1087700 641.4
1087710 642.3
1087720 648.1
1087730 652.7
1087740 652.7
1087750 658.0
1087760 662.1
1087770 662.1
1087780 665.6
1087790 669.0
1087800 669.0
1087810 672.7
1087820 676.8
1087830 676.8
1087840 682.6
1087850 688.5
1087860 688.5
1087870 694.8
1087880 701.0
1087890 701.0
1087900 705.4
1087910 708.5
1087920 713.4
1087930 713.4
1087940 718.4
1087950 722.6
1087960 722.6
1087970 728.2
1087980 732.1
1087990 732.1
1088000 734.9
1088010 738.6
1088020 738.6
1088030 741.9
1088040 744.3
1088050 744.3
1088060 745.8
1088070 745.8
1088080 745.8
1088090 748.7
1088100 754.4
1088110 754.4
1088120 760.8
1088130 767.8
1088140 767.8
1088150 771.1
1088160 773.6
1088170 773.6
1088180 779.0
1088190 785.9
1088200 785.9
1088210 794.7
1088220 803.1
1088230 803.1
1088240 804.6
1088250 805.8
1088260 805.8
1088270 806.7
1088280 807.7
1088290 807.7
1088300 808.7
1088310 809.7
1088320 810.8
1088330 810.8
1088340 812.1
1088350 813.7
1088360 812.5
1088370 814.0
1088380 815.7
1088390 815.7
1088400 817.3
1088410 819.1
1088420 819.1
1088430 820.9
1088440 822.5
1088450 822.5
1088460 824.1
1088470 825.7
1088480 825.7
1088490 827.1
1088500 828.5
1088510 828.5
1088520 830.0
1088530 831.4
1088540 831.4
1088550 832.7
1088560 833.7
1088570 833.7
1088580 834.2
1088590 834.1
1088600 834.1
1088610 833.7
1088620 833.3
1088630 833.3
1088640 833.1
1088650 833.0
1088660 833.0
1088670 833.0
1088680 830.3
1088690 830.3
1088700 830.4
1088710 830.8
1088720 831.1
1088730 831.1
1088740 831.4
1088750 831.5
1088760 831.5
1088770 831.4
1088780 831.5
1088790 831.5
1088800 831.8
1088810 831.6
1088820 831.6
1088830 831.3
1088840 832.1
1088850 832.1
1088860 833.0
1088870 833.4
1088880 833.4
1088890 833.7
1088900 834.1
1088910 834.1
1088920 834.4
1088930 834.6
1088940 834.6
1088950 834.6
1088960 834.5
1088970 834.5
1088980 834.1
1088990 833.4
1089000 830.7
1089010 830.5
1089020 830.2
1089030 830.2
1089040 830.3
1089050 830.5
1089060 830.5
1089070 830.6
1089080 830.7
1089090 832.1
1089100 832.1
1089110 833.1
1089120 833.9
1089130 833.9
1089140 834.7
1089150 835.1
1089160 835.1
1089170 836.2
1089180 837.2
1089190 837.2
1089200 838.4
1089210 839.8
1089220 839.8
1089230 841.2
1089240 842.6
1089250 842.6
1089260 843.1
1089270 843.8
1089280 843.8
1089290 845.2
1089300 847.8
1089310 847.8
1089320 850.9
1089330 848.3
1089340 848.3
1089350 846.7
1089360 843.0
1089370 843.0
1089380 842.3
1089390 844.4
1089400 844.4
1089410 849.1
1089420 849.9
1089430 849.9
1089440 852.3
1089450 856.4
1089460 856.4
1089470 859.2
1089480 859.4
1089490 858.3
1089500 858.3
1089510 859.5
1089520 863.0
1089530 863.0
1089540 866.0
1089550 868.2
1089560 868.2
1089570 871.5
1089580 880.9
1089590 880.9
1089600 888.3
1089610 892.5
1089620 892.5
1089630 897.0
1089640 902.2
1089650 895.1
1089660 901.1
1089670 906.8
1089680 906.8
1089690 910.2
1089700 911.8
1089710 911.8
1089720 914.1
1089730 917.1
1089740 917.1
1089750 920.5
1089760 924.2
1089770 924.2
1089780 927.5
1089790 929.5
1089800 929.5
1089810 932.1
1089820 935.4
1089830 935.4
1089840 938.0
1089850 939.9
1089860 939.9
1089870 941.4
1089880 942.6
1089890 943.9
1089900 943.9
1089910 947.2
1089920 951.0
1089930 951.0
1089940 952.8
1089950 952.4
1089960 952.4
1089970 951.0
1089980 951.0
1089990 951.0
1090000 950.9
1090010 950.6
1090020 950.6
1090030 950.1
1090040 949.6
1090050 949.6
1090060 949.0
1090070 948.4
1090080 948.4
1090090 948.0
1090100 947.5
1090110 947.5
1090120 946.6
1090130 945.7
1090140 945.7
1090150 942.1
1090160 935.2
1090170 935.2
1090180 929.6
1090190 926.5
1090200 926.5
1090210 924.0
1090220 922.2
1090230 922.2
1090240 920.9
1090250 919.3
1090260 916.5
1090270 916.5
1090280 913.7
1090290 910.9
1090300 908.7
1090310 905.7
1090320 902.8
1090330 902.8
1090340 899.7
1090350 895.6
1090360 895.6
1090370 892.5
1090380 891.5
1090390 891.5
1090400 890.3
1090410 889.2
1090420 889.2
1090430 888.3
1090440 888.1
1090450 888.1
1090460 889.0
1090470 890.1
1090480 890.1
1090490 891.1
1090500 892.4
1090510 892.4
1090520 893.6
1090530 894.9
1090540 894.9
1090550 896.1
1090560 897.2
1090570 897.2
1090580 898.6
1090590 901.1
1090600 901.1
1090610 903.5
1090620 906.5
1090630 906.5
1090640 907.8
1090650 909.8
1090660 911.7
1090670 911.7
1090680 912.9
1090690 913.1
1090700 913.1
1090710 913.1
1090720 914.0
1090730 914.0
1090740 914.3
1090750 915.1
1090760 915.1
1090770 915.7
1090780 916.4
1090790 916.4
1090800 917.4
1090810 919.2
1090820 919.2
1090830 921.0
1090840 921.4
1090850 921.4
1090860 922.6
1090870 923.1
1090880 923.1
1090890 924.2
1090900 926.3
1090910 926.3
1090920 927.4
1090930 928.5
1090940 928.5
1090950 930.0
1090960 930.8
1090970 930.8
1090980 931.4
1090990 932.0
1091000 932.0
1091010 932.9
1091020 933.9
1091030 934.9
1091040 934.9
1091050 935.5
1091060 936.0
1091070 936.0
1091080 936.9
1091090 938.4
1091100 938.4
1091110 940.6
1091120 942.1
1091130 942.1
1091140 942.9
1091150 943.9
1091160 943.9
1091170 944.9
1091180 945.6
1091190 945.6
1091200 946.1
1091210 946.8
1091220 946.8
1091230 947.7
1091240 948.7
1091250 948.7
1091260 949.8
1091270 952.6
1091280 952.6
1091290 952.9
1091300 953.8
1091310 953.8
1091320 955.0
1091330 955.6
1091340 955.6
1091350 956.1
1091360 956.3
1091370 956.3
1091380 956.2
1091390 955.6
1091400 955.6
1091410 956.0
1091420 957.6
1091430 958.6
1091440 958.6
1091450 958.5
1091460 959.5
1091470 959.5
1091480 959.4
1091490 959.2
1091500 959.2
1091510 958.4
1091520 957.0
1091530 957.0
1091540 955.7
1091550 955.1
1091560 955.1
1091570 954.4
1091580 953.9
1091590 953.9
1091600 954.9
1091610 953.9
1091620 953.9
1091630 952.1
1091640 950.0
1091650 950.0
1091660 948.0
1091670 947.0
1091680 947.0
1091690 945.1
1091700 942.0
1091710 942.0
1091720 937.6
1091730 933.7
1091740 933.7
1091750 930.3
1091760 926.2
1091770 926.2
1091780 925.0
1091790 928.5
1091800 928.5
1091810 929.9
1091820 931.4
1091830 936.1
1091840 936.1
1091850 939.3
1091860 941.0
1091870 941.0
1091880 942.4
1091890 945.0
1091900 945.0
1091910 948.1
1091920 951.4
1091930 951.4
1091940 953.7
1091950 955.5
1091960 955.5
1091970 956.7
1091980 956.9
1091990 956.9
1092000 957.3
1092010 958.6
1092020 958.6
1092030 960.1
1092040 961.5
1092050 961.5
1092060 962.7
1092070 964.2
1092080 964.2
1092090 965.5
1092100 965.7
1092110 965.7
1092120 965.0
1092130 964.8
1092140 964.8
1092150 964.3
1092160 963.6
1092170 963.6
1092180 963.9
1092190 963.7
1092200 962.5
1092210 962.5
1092220 961.6
1092230 962.9
1092240 962.9
1092250 966.7
1092260 969.4
1092270 969.4
1092280 970.6
1092290 971.1
1092300 971.1
1092310 971.9
1092320 972.0
1092330 972.0
1092340 970.9
1092350 972.7
1092360 972.7
1092370 974.7
1092380 976.0
1092390 976.0
1092400 976.9
1092410 977.1
1092420 977.1
1092430 976.8
1092440 976.2
1092450 976.2
1092460 976.8
1092470 978.2
1092480 978.2
1092490 979.8
1092500 980.9
1092510 980.9
1092520 981.5
1092530 982.3
1092540 982.3
1092550 983.0
1092560 983.5
1092570 983.5
1092580 982.1
1092590 982.4
1092600 984.0
1092610 984.0
1092620 985.8
1092630 986.7
1092640 986.7
1092650 987.7
1092660 988.2
1092670 988.2
1092680 988.9
1092690 989.5
1092700 989.5
1092710 989.5
1092720 989.2
1092730 989.2
1092740 988.4
1092750 987.1
1092760 987.1
1092770 985.5
1092780 983.2
1092790 983.2
1092800 980.0
1092810 976.0
1092820 976.0
1092830 970.2
1092840 963.8
1092850 963.8
1092860 956.7
1092870 952.0
1092880 952.0
1092890 947.7
1092900 944.0
1092910 944.0
1092920 939.9
1092930 935.6
1092940 935.6
1092950 932.2
1092960 928.8
1092970 928.8
1092980 925.0
1092990 920.4
1093000 917.0
1093010 917.0
1093020 914.8
1093030 912.5
1093040 912.5
1093050 910.5
1093060 907.6
1093070 907.6
1093080 905.4
1093090 903.3
1093100 903.3
1093110 901.7
1093120 901.5
1093130 901.5
1093140 902.9
1093150 902.1
1093160 902.1
1093170 900.5
1093180 896.6
1093190 896.6
