1083850 414.5
1083860 414.7
1083870 414.7
1083880 414.8
1083890 415.1
1083900 415.1
1083910 415.2
1083920 415.3
1083930 415.3
1083940 415.2
1083950 415.2
1083960 415.2
1083970 415.3
1083980 415.3
1083990 415.2
1084000 415.2
1084010 415.5
1084020 415.7
1084030 415.7
1084040 416.0
1084050 416.2
1084060 416.2
1084070 416.5
1084080 416.8
1084090 416.8
1084100 417.1
1084110 417.2
1084120 417.2
1084130 417.4
1084140 417.4
1084150 417.4
1084160 417.4
1084170 417.4
1084180 417.4
1084190 417.3
1084200 415.7
1084210 415.7
1084220 412.6
1084230 409.3
1084240 409.3
1084250 408.7
1084260 408.6
1084270 408.6
1084280 408.6
1084290 408.3
1084300 408.3
1084310 408.0
1084320 404.6
1084330 404.6
1084340 405.9
1084350 407.5
1084360 407.5
1084370 408.2
1084380 408.7
1084390 409.1
1084400 409.1
1084410 409.4
1084420 409.5
1084430 409.5
1084440 409.4
1084450 409.5
1084460 409.5
1084470 409.6
1084480 409.4
1084490 409.4
1084500 408.9
1084510 408.9
1084520 409.3
1084530 409.4
1084540 409.3
1084550 409.3
1084560 409.4
1084570 409.6
1084580 409.6
1084590 409.7
1084600 409.7
1084610 409.7
1084620 409.9
1084630 409.9
1084640 409.9
1084650 410.0
1084660 409.8
1084670 409.8
1084680 410.2
1084690 410.5
1084700 410.5
1084710 410.5
1084720 410.6
1084730 410.6
1084740 410.8
1084750 410.8
1084760 410.9
1084770 410.9
1084780 411.0
1084790 411.1
1084800 411.1
1084810 411.2
1084820 411.3
1084830 411.3
1084840 411.6
1084850 412.3
1084860 412.3
1084870 412.6
1084880 412.6
1084890 412.6
1084900 413.4
1084910 414.3
1084920 414.3
1084930 414.4
1084940 414.4
1084950 414.4
1084960 414.3
1084970 414.1
1084980 414.1
1084990 414.3
1085000 414.6
1085010 414.6
1085020 414.4
1085030 414.4
1085040 414.4
1085050 414.4
1085060 414.5
1085070 414.5
1085080 414.5
1085090 414.6
1085100 414.6
1085110 414.6
1085120 414.7
1085130 414.7
1085140 414.8
1085150 414.9
1085160 415.2
1085170 415.2
1085180 415.4
1085190 415.6
1085200 415.6
1085210 415.7
1085220 415.9
1085230 415.9
1085240 416.2
1085250 416.4
1085260 416.4
1085270 416.6
1085280 416.8
1085290 416.8
1085300 417.0
1085310 417.2
1085320 417.2
1085330 417.5
1085340 417.7
1085350 417.7
1085360 418.0
1085370 418.2
1085380 418.2
1085390 418.4
1085400 418.6
1085410 418.6
1085420 419.0
1085430 419.3
1085440 419.3
1085450 419.6
1085460 420.0
1085470 420.0
1085480 420.0
1085490 420.2
1085500 420.2
1085510 420.3
1085520 420.7
1085530 420.7
1085540 421.0
1085550 421.3
1085560 421.6
1085570 421.6
1085580 421.8
1085590 422.3
1085600 422.3
1085610 422.7
1085620 422.7
1085630 422.7
1085640 422.9
1085650 423.0
1085660 423.0
1085670 423.3
1085680 423.8
1085690 423.8
1085700 424.0
1085710 423.7
1085720 423.7
1085730 424.0
1085740 424.4
1085750 424.4
1085760 424.9
1085770 425.4
1085780 425.4
1085790 426.1
1085800 427.0
1085810 427.6
1085820 428.6
1085830 429.6
1085840 429.6
1085850 430.5
1085860 431.2
1085870 431.2
1085880 432.1
1085890 432.9
1085900 432.9
1085910 433.5
1085920 434.2
1085930 435.1
1085940 435.1
1085950 436.0
1085960 436.4
1085970 436.4
1085980 437.0
1085990 437.5
1086000 437.5
1086010 438.1
1086020 438.7
1086030 438.7
1086040 439.4
1086050 440.0
1086060 440.0
1086070 440.6
1086080 441.3
1086090 441.3
1086100 442.1
1086110 442.8
1086120 442.8
1086130 443.5
1086140 444.0
1086150 444.0
1086160 444.8
1086170 445.5
1086180 445.5
1086190 446.2
1086200 446.9
1086210 446.9
1086220 447.6
1086230 448.2
1086240 448.2
1086250 448.8
1086260 449.7
1086270 449.7
1086280 450.6
1086290 451.8
1086300 451.8
1086310 452.4
1086320 454.4
1086330 455.5
1086340 455.5
1086350 455.5
1086360 455.7
1086370 455.7
1086380 455.8
1086390 456.6
1086400 456.6
1086410 458.0
1086420 458.4
1086430 458.4
1086440 459.2
1086450 460.2
1086460 460.2
1086470 460.6
1086480 461.5
1086490 461.5
1086500 462.4
1086510 463.2
1086520 463.2
1086530 463.9
1086540 464.9
1086550 464.9
1086560 466.0
1086570 466.4
1086580 466.4
1086590 466.1
1086600 467.1
1086610 467.1
1086620 468.4
1086630 469.2
1086640 469.2
1086650 469.8
1086660 471.1
1086670 471.1
1086680 471.7
1086690 472.4
1086700 472.4
1086710 473.5
1086720 475.2
1086730 476.7
1086740 476.7
1086750 477.5
1086760 478.4
1086770 478.8
1086780 480.4
1086790 481.8
1086800 481.8
1086810 483.3
1086820 484.5
1086830 484.5
1086840 485.6
1086850 486.8
1086860 486.8
1086870 488.4
1086880 489.8
1086890 489.8
1086900 491.2
1086910 492.6
1086920 492.6
1086930 494.1
1086940 495.7
1086950 495.7
1086960 497.3
1086970 499.1
1086980 499.1
1086990 501.4
1087000 503.6
1087010 503.6
1087020 505.7
1087030 507.2
1087040 507.2
1087050 509.5
1087060 512.1
1087070 512.1
1087080 514.7
1087090 519.0
1087100 521.4
1087110 521.4
1087120 521.7
1087130 521.7
1087140 521.7
1087150 522.2
1087160 523.7
1087170 523.7
1087180 529.8
1087190 534.7
1087200 534.7
1087210 534.4
1087220 535.9
1087230 535.9
1087240 540.2
1087250 543.4
1087260 543.4
1087270 546.0
1087280 548.0
1087290 548.0
1087300 549.4
1087310 549.9
1087320 549.9
1087330 549.3
1087340 551.4
1087350 551.4
1087360 553.2
1087370 551.9
1087380 551.9
1087390 550.3
1087400 552.7
1087410 558.5
1087420 559.7
1087430 561.7
1087440 561.7
1087450 566.1
1087460 573.4
1087470 573.4
1087480 578.5
1087490 581.6
1087500 584.9
1087510 584.9
1087520 587.0
1087530 589.2
1087540 589.2
1087550 593.4
1087560 597.3
1087570 597.3
1087580 600.7
1087590 604.2
1087600 604.2
1087610 607.3
1087620 611.6
1087630 611.6
1087640 616.5
1087650 620.1
1087660 620.1
1087670 623.7
1087680 627.6
1087690 627.6
1087700 631.1
1087710 635.8
1087720 635.8
1087730 640.1
1087740 648.1
1087750 648.1
1087760 651.6
1087770 654.9
1087780 654.9
1087790 658.8
1087800 663.9
1087810 663.9
1087820 670.1
1087830 675.8
1087840 675.8
1087850 680.8
1087860 686.9
1087870 686.9
1087880 694.4
1087890 699.4
1087900 702.7
1087910 702.7
1087920 706.5
1087930 711.8
1087940 711.8
1087950 717.0
1087960 723.0
1087970 723.0
1087980 726.3
1087990 728.5
1088000 728.5
1088010 732.4
1088020 735.5
1088030 735.5
1088040 737.3
1088050 738.7
1088060 738.6
1088070 739.6
1088080 740.9
1088090 740.9
1088100 741.7
1088110 742.5
1088120 742.5
1088130 743.5
1088140 745.8
1088150 745.8
1088160 748.8
1088170 753.1
1088180 753.1
1088190 758.6
1088200 765.5
1088210 765.5
1088220 771.3
1088230 776.4
1088240 776.4
1088250 780.8
1088260 786.2
1088270 796.2
1088280 796.2
1088290 805.3
1088300 811.8
1088310 811.8
1088320 819.6
1088330 828.1
1088340 828.1
1088350 830.2
1088360 831.7
1088370 831.7
1088380 831.1
1088390 832.5
1088400 832.5
1088410 833.8
1088420 835.1
1088430 835.1
1088440 836.3
1088450 837.3
1088460 837.3
1088470 838.4
1088480 839.4
1088490 839.4
1088500 842.1
1088510 846.9
1088520 846.9
1088530 849.8
1088540 850.2
1088550 850.2
1088560 850.2
1088570 850.4
1088580 850.4
1088590 850.6
1088600 850.8
1088610 850.8
1088620 851.0
1088630 851.2
1088640 851.2
1088650 851.3
1088660 851.4
1088670 851.8
1088680 851.8
1088690 852.0
1088700 850.2
1088710 850.2
1088720 849.9
1088730 849.7
1088740 849.7
1088750 849.6
1088760 849.6
1088770 849.6
1088780 849.7
1088790 849.8
1088800 849.8
1088810 849.9
1088820 850.0
1088830 850.0
1088840 849.9
1088850 849.9
1088860 849.9
1088870 850.2
1088880 850.6
1088890 850.6
1088900 851.3
1088910 852.0
1088920 852.0
1088930 852.6
1088940 853.0
1088950 853.0
1088960 853.0
1088970 852.7
1088980 852.7
1088990 852.4
1089000 852.5
1089010 852.5
1089020 852.8
1089030 851.1
1089040 851.1
1089050 851.0
1089060 850.7
1089070 850.6
1089080 850.6
1089090 850.9
1089100 852.3
1089110 852.3
1089120 853.7
1089130 854.8
1089140 854.8
1089150 856.4
1089160 858.5
1089170 858.5
1089180 859.8
1089190 862.3
1089200 862.3
1089210 864.4
1089220 866.2
1089230 866.2
1089240 868.0
1089250 869.4
1089260 869.4
1089270 870.8
1089280 872.4
1089290 872.4
1089300 873.2
1089310 874.2
1089320 874.2
1089330 875.6
1089340 876.8
1089350 874.7
1089360 876.5
1089370 877.8
1089380 877.8
1089390 878.4
1089400 878.7
1089410 878.7
1089420 879.8
1089430 880.7
1089440 881.3
1089450 881.3
1089460 881.9
1089470 883.1
1089480 883.1
1089490 884.4
1089500 884.4
1089510 884.4
1089520 883.7
1089530 885.9
1089540 885.9
1089550 887.1
1089560 887.6
1089570 887.6
1089580 891.8
1089590 895.2
1089600 895.2
1089610 893.8
1089620 895.4
1089630 895.4
1089640 900.5
1089650 904.0
1089660 904.0
1089670 907.3
1089680 909.2
1089690 909.2
1089700 913.0
1089710 917.0
1089720 917.0
1089730 920.4
1089740 922.8
1089750 922.8
1089760 924.8
1089770 927.1
1089780 927.1
1089790 930.2
1089800 932.2
1089810 932.2
1089820 935.4
1089830 938.6
1089840 941.4
1089850 941.4
1089860 946.7
1089870 951.9
1089880 951.9
1089890 953.5
1089900 954.3
1089910 954.3
1089920 954.7
1089930 954.9
1089940 954.9
1089950 955.3
1089960 955.6
1089970 955.6
1089980 955.7
1089990 955.8
1090000 955.1
1090010 954.9
1090020 954.2
1090030 954.2
1090040 952.6
1090050 950.9
1090060 950.9
1090070 950.0
1090080 949.1
1090090 949.1
1090100 948.0
1090110 947.0
1090120 947.0
1090130 946.2
1090140 945.2
1090150 945.2
1090160 944.2
1090170 941.7
1090180 941.7
1090190 936.7
1090200 929.7
1090210 926.2
1090220 926.2
1090230 923.7
1090240 922.7
1090250 922.7
1090260 924.2
1090270 923.7
1090280 923.7
1090290 921.9
1090300 919.6
1090310 919.6
1090320 914.1
1090330 913.2
1090340 913.2
1090350 912.2
1090360 910.8
1090370 910.8
1090380 909.3
1090390 907.2
1090400 907.2
1090410 904.7
1090420 901.6
1090430 901.6
1090440 899.7
1090450 896.2
1090460 896.2
1090470 892.4
1090480 890.0
1090490 890.0
1090500 887.5
1090510 887.6
1090520 887.6
1090530 888.4
1090540 889.2
1090550 889.2
1090560 889.7
1090570 890.0
1090580 890.0
1090590 890.5
1090600 891.0
1090610 891.5
1090620 891.5
1090630 891.9
1090640 892.8
1090650 894.6
1090660 895.3
1090670 897.3
1090680 897.3
1090690 900.3
1090700 901.7
1090710 901.7
1090720 902.1
1090730 901.6
1090740 901.6
1090750 902.4
1090760 902.4
1090770 902.4
1090780 901.2
1090790 899.8
1090800 899.8
1090810 902.5
1090820 903.3
1090830 903.3
1090840 903.2
1090850 903.4
1090860 903.4
1090870 905.2
1090880 907.0
1090890 907.0
1090900 908.7
1090910 908.4
1090920 908.4
1090930 909.2
1090940 910.9
1090950 910.9
1090960 912.6
1090970 915.5
1090980 915.5
1090990 916.8
1091000 918.2
1091010 919.9
1091020 919.9
1091030 921.3
1091040 922.1
1091050 922.1
1091060 922.7
1091070 923.2
1091080 923.2
1091090 923.7
1091100 924.8
1091110 924.8
1091120 926.3
1091130 927.8
1091140 927.8
1091150 929.5
1091160 931.9
1091170 931.9
1091180 933.3
1091190 934.5
1091200 934.5
1091210 935.7
1091220 936.3
1091230 936.3
1091240 938.0
1091250 938.6
1091260 938.6
1091270 939.0
1091280 939.3
1091290 939.3
1091300 941.1
1091310 941.5
1091320 941.5
1091330 941.7
1091340 941.7
1091350 941.7
1091360 940.8
1091370 939.9
1091380 939.1
1091390 939.1
1091400 938.6
1091410 938.9
1091420 938.9
1091430 939.1
1091440 939.0
1091450 939.0
1091460 937.5
1091470 938.2
1091480 938.2
1091490 939.4
1091500 940.0
1091510 940.0
1091520 940.3
1091530 940.4
1091540 940.4
1091550 940.5
1091560 940.4
1091570 940.4
1091580 939.8
1091590 938.4
1091600 938.4
1091610 937.1
1091620 937.7
1091630 937.7
1091640 935.2
1091650 930.6
1091660 930.6
1091670 927.0
1091680 923.6
1091690 923.6
1091700 920.9
1091710 916.7
1091720 916.7
1091730 915.1
1091740 919.7
1091750 919.7
1091760 922.5
1091770 925.1
1091780 928.7
1091790 928.7
1091800 931.0
1091810 932.4
1091820 932.4
1091830 933.6
1091840 934.6
1091850 934.6
1091860 936.6
1091870 938.6
1091880 938.6
1091890 939.9
1091900 940.6
1091910 940.6
1091920 941.8
1091930 943.0
1091940 943.0
1091950 944.8
1091960 946.0
1091970 946.0
1091980 947.3
1091990 948.7
1092000 948.7
1092010 950.1
1092020 951.4
1092030 951.4
1092040 952.6
1092050 953.5
1092060 953.5
1092070 954.4
1092080 955.6
1092090 955.6
1092100 956.6
1092110 958.2
1092120 958.2
1092130 959.4
1092140 959.6
1092150 959.6
1092160 958.6
1092170 957.3
1092180 957.2
1092190 957.2
1092200 956.4
1092210 952.5
1092220 952.5
1092230 952.8
1092240 956.7
1092250 956.7
1092260 959.8
1092270 961.1
1092280 962.5
1092290 964.0
1092300 964.7
1092310 964.7
1092320 964.3
1092330 964.6
1092340 964.6
1092350 966.3
1092360 968.1
1092370 968.1
1092380 969.7
1092390 970.7
1092400 970.7
1092410 971.3
1092420 972.5
1092430 972.5
1092440 973.6
1092450 974.6
1092460 974.6
1092470 976.4
1092480 978.1
1092490 978.1
1092500 979.9
1092510 981.6
1092520 981.6
1092530 983.4
1092540 985.1
1092550 986.5
1092560 986.5
1092570 987.7
1092580 989.2
1092590 989.2
1092600 990.5
1092610 991.7
1092620 991.7
1092630 992.7
1092640 993.9
1092650 993.9
1092660 994.8
1092670 995.9
1092680 995.9
1092690 996.8
1092700 997.4
1092710 997.4
1092720 997.5
1092730 997.2
1092740 997.2
1092750 996.7
1092760 995.6
1092770 995.6
1092780 994.3
1092790 991.3
1092800 991.3
1092810 984.9
1092820 978.8
1092830 978.8
1092840 976.0
1092850 974.1
1092860 974.1
1092870 969.7
1092880 964.1
1092890 964.1
1092900 958.5
1092910 953.4
1092920 953.4
1092930 949.2
1092940 945.3
1092950 941.1
1092960 941.1
1092970 936.4
1092980 933.5
1092990 933.5
1093000 930.8
1093010 929.4
1093020 929.4
1093030 927.8
1093040 924.5
1093050 924.5
1093060 922.9
1093070 922.8
1093080 922.8
1093090 920.1
1093100 917.4
1093110 917.4
1093120 916.0
1093130 914.4
1093140 914.4
1093150 913.1
1093160 911.5
1093170 911.5
1093180 909.9
1093190 905.6
1093200 905.6
1093210 903.9
1093220 903.2
1093230 903.2
1093240 901.2
1093250 901.6
1093260 899.9
