1083890 415.2
1083900 415.3
1083910 415.3
1083920 415.3
1083930 415.6
1083940 415.6
1083950 416.1
1083960 416.5
1083970 416.5
1083980 416.8
1083990 417.5
1084000 417.5
1084010 418.3
1084020 419.1
1084030 419.1
1084040 419.8
1084050 420.4
1084060 421.0
1084070 421.0
1084080 421.4
1084090 421.6
1084100 421.6
1084110 421.7
1084120 421.6
1084130 421.6
1084140 421.6
1084150 421.5
1084160 421.5
1084170 421.3
1084180 421.1
1084190 421.1
1084200 420.9
1084210 420.5
1084220 419.4
1084230 418.3
1084240 416.5
1084250 416.5
1084260 412.7
1084270 409.4
1084280 409.4
1084290 408.9
1084300 408.0
1084310 408.0
1084320 404.7
1084330 406.5
1084340 406.5
1084350 408.3
1084360 408.8
1084370 408.8
1084380 408.5
1084390 408.5
1084400 408.5
1084410 408.8
1084420 408.9
1084430 409.3
1084440 409.3
1084450 409.2
1084460 409.3
1084470 409.3
1084480 409.7
1084490 409.4
1084500 409.4
1084510 409.1
1084520 409.1
1084530 409.1
1084540 409.0
1084550 409.1
1084560 409.1
1084570 409.4
1084580 409.5
1084590 409.5
1084600 409.5
1084610 409.6
1084620 409.6
1084630 409.8
1084640 409.9
1084650 409.9
1084660 410.0
1084670 409.9
1084680 409.9
1084690 410.0
1084700 410.3
1084710 410.3
1084720 410.8
1084730 410.8
1084740 410.8
1084750 411.1
1084760 411.3
1084770 411.3
1084780 411.5
1084790 411.7
1084800 411.7
1084810 411.9
1084820 412.0
1084830 412.1
1084840 412.1
1084850 412.2
1084860 412.6
1084870 412.6
1084880 413.1
1084890 413.7
1084900 413.7
1084910 413.9
1084920 413.9
1084930 413.9
1084940 414.1
1084950 414.2
1084960 414.2
1084970 414.1
1084980 414.6
1084990 414.6
1085000 414.5
1085010 414.3
1085020 414.3
1085030 414.5
1085040 414.5
1085050 414.5
1085060 414.5
1085070 414.6
1085080 414.6
1085090 414.6
1085100 414.7
1085110 414.7
1085120 414.8
1085130 414.8
1085140 414.8
1085150 414.6
1085160 414.5
1085170 414.5
1085180 414.6
1085190 414.7
1085200 414.7
1085210 414.8
1085220 415.0
1085230 415.2
1085240 415.2
1085250 415.4
1085260 415.6
1085270 415.6
1085280 415.8
1085290 416.0
1085300 416.0
1085310 416.3
1085320 416.6
1085330 416.6
1085340 416.9
1085350 417.3
1085360 417.3
1085370 417.5
1085380 417.8
1085390 417.8
1085400 418.1
1085410 418.5
1085420 418.5
1085430 418.9
1085440 419.1
1085450 419.1
1085460 419.5
1085470 419.5
1085480 419.5
1085490 419.7
1085500 420.4
1085510 420.4
1085520 420.7
1085530 421.2
1085540 421.2
1085550 421.5
1085560 421.8
1085570 421.8
1085580 422.0
1085590 422.3
1085600 422.7
1085610 422.7
1085620 423.2
1085630 423.7
1085640 423.7
1085650 424.1
1085660 424.6
1085670 424.6
1085680 425.6
1085690 425.9
1085700 425.9
1085710 426.1
1085720 426.4
1085730 426.4
1085740 426.8
1085750 427.2
1085760 427.2
1085770 427.7
1085780 428.3
1085790 428.3
1085800 428.9
1085810 429.5
1085820 429.4
1085830 429.9
1085840 430.4
1085850 430.4
1085860 431.0
1085870 431.7
1085880 431.7
1085890 432.4
1085900 432.8
1085910 432.8
1085920 433.3
1085930 433.9
1085940 433.9
1085950 434.6
1085960 435.3
1085970 435.3
1085980 436.2
1085990 436.9
1086000 437.8
1086010 437.8
1086020 438.6
1086030 439.2
1086040 439.2
1086050 439.8
1086060 440.5
1086070 440.5
1086080 441.0
1086090 441.7
1086100 441.7
1086110 442.4
1086120 443.1
1086130 443.1
1086140 443.6
1086150 444.2
1086160 444.2
1086170 445.0
1086180 445.8
1086190 445.8
1086200 446.6
1086210 447.4
1086220 447.4
1086230 448.0
1086240 448.5
1086250 448.5
1086260 448.4
1086270 449.0
1086280 449.0
1086290 450.6
1086300 451.6
1086310 451.6
1086320 452.5
1086330 453.5
1086340 453.5
1086350 454.4
1086360 455.4
1086370 455.4
1086380 456.3
1086390 457.2
1086400 458.1
1086410 458.1
1086420 458.7
1086430 459.5
1086440 459.5
1086450 461.0
1086460 461.4
1086470 461.5
1086480 461.5
1086490 462.4
1086500 462.4
1086510 463.6
1086520 464.5
1086530 464.5
1086540 465.3
1086550 466.2
1086560 466.2
1086570 467.1
1086580 468.0
1086590 468.0
1086600 469.0
1086610 469.9
1086620 469.9
1086630 470.7
1086640 471.6
1086650 471.6
1086660 472.4
1086670 473.2
1086680 473.2
1086690 473.9
1086700 474.4
1086710 474.4
1086720 475.2
1086730 475.5
1086740 475.5
1086750 477.0
1086760 478.5
1086770 479.4
1086780 479.4
1086790 480.1
1086800 481.0
1086810 481.0
1086820 481.8
1086830 482.5
1086840 482.5
1086850 483.7
1086860 485.7
1086870 485.7
1086880 487.7
1086890 489.5
1086900 489.5
1086910 490.4
1086920 492.6
1086930 492.6
1086940 493.3
1086950 491.9
1086960 491.9
1086970 493.2
1086980 497.0
1086990 497.0
1087000 500.7
1087010 502.0
1087020 502.0
1087030 503.5
1087040 505.2
1087050 505.2
1087060 506.7
1087070 507.9
1087080 507.9
1087090 507.6
1087100 504.8
1087110 508.0
1087120 506.6
1087130 508.1
1087140 508.1
1087150 510.5
1087160 514.1
1087170 517.6
1087180 517.6
1087190 519.7
1087200 521.2
1087210 521.2
1087220 523.5
1087230 525.1
1087240 525.1
1087250 526.3
1087260 525.8
1087270 525.8
1087280 525.5
1087290 529.6
1087300 529.6
1087310 534.6
1087320 539.6
1087330 539.6
1087340 544.6
1087350 549.6
1087360 549.6
1087370 554.9
1087380 559.7
1087390 559.7
1087400 565.3
1087410 570.3
1087420 570.3
1087430 579.4
1087440 583.6
1087450 583.6
1087460 590.5
1087470 596.4
1087480 596.4
1087490 600.4
1087500 605.0
1087510 605.0
1087520 612.0
1087530 618.6
1087540 618.6
1087550 619.4
1087560 620.2
1087570 625.8
1087580 625.8
1087590 629.8
1087600 632.4
1087610 632.4
1087620 635.3
1087630 637.7
1087640 637.7
1087650 639.4
1087660 641.9
1087670 641.9
1087680 644.0
1087690 646.4
1087700 646.4
1087710 649.2
1087720 652.7
1087730 652.7
1087740 656.8
1087750 659.8
1087760 659.8
1087770 663.1
1087780 665.9
1087790 665.9
1087800 670.0
1087810 675.4
1087820 675.4
1087830 680.2
1087840 685.6
1087850 685.6
1087860 690.5
1087870 695.4
1087880 695.4
1087890 699.5
1087900 704.1
1087910 704.1
1087920 710.8
1087930 714.7
1087940 719.6
1087950 719.6
1087960 724.3
1087970 727.1
1087980 727.1
1087990 729.2
1088000 731.6
1088010 731.6
1088020 734.1
1088030 736.1
1088040 736.1
1088050 737.9
1088060 739.6
1088070 739.6
1088080 740.7
1088090 741.9
1088100 741.9
1088110 742.9
1088120 743.7
1088130 743.7
1088140 744.8
1088150 746.9
1088160 746.9
1088170 752.5
1088180 757.2
1088190 757.2
1088200 762.9
1088210 767.5
1088220 767.5
1088230 769.7
1088240 770.8
1088250 770.8
1088260 776.2
1088270 783.6
1088280 783.6
1088290 792.8
1088300 796.9
1088310 796.9
1088320 803.2
1088330 811.4
1088340 817.3
1088350 817.3
1088360 818.8
1088370 823.3
1088380 823.3
1088390 829.3
1088400 833.6
1088410 833.6
1088420 837.1
1088430 845.0
1088440 845.0
1088450 848.3
1088460 848.3
1088470 848.3
1088480 848.4
1088490 848.7
1088500 848.7
1088510 848.8
1088520 848.8
1088530 848.8
1088540 848.8
1088550 849.0
1088560 849.0
1088570 849.2
1088580 849.3
1088590 849.3
1088600 849.4
1088610 849.7
1088620 849.7
1088630 850.0
1088640 850.3
1088650 850.3
1088660 850.5
1088670 850.8
1088680 850.8
1088690 851.1
1088700 851.5
1088710 851.5
1088720 852.4
1088730 852.7
1088740 853.1
1088750 853.1
1088760 853.5
1088770 854.0
1088780 854.0
1088790 854.8
1088800 855.4
1088810 855.4
1088820 856.0
1088830 856.4
1088840 856.4
1088850 856.8
1088860 857.3
1088870 857.3
1088880 857.7
1088890 858.0
1088900 858.0
1088910 858.0
1088920 858.2
1088930 858.2
1088940 858.6
1088950 860.5
1088960 860.5
1088970 860.9
1088980 859.7
1088990 859.7
1089000 859.9
1089010 860.1
1089020 860.1
1089030 860.3
1089040 860.8
1089050 860.5
1089060 861.0
1089070 861.8
1089080 861.8
1089090 862.7
1089100 864.0
1089110 865.0
1089120 865.0
1089130 866.9
1089140 868.8
1089150 868.8
1089160 870.2
1089170 871.3
1089180 871.3
1089190 872.4
1089200 874.0
1089210 874.0
1089220 876.2
1089230 878.1
1089240 878.1
1089250 880.4
1089260 886.2
1089270 886.2
1089280 890.6
1089290 893.3
1089300 893.3
1089310 896.2
1089320 898.1
1089330 898.1
1089340 899.0
1089350 899.8
1089360 899.8
1089370 897.6
1089380 899.0
1089390 899.0
1089400 899.9
1089410 900.6
1089420 900.6
1089430 901.5
1089440 902.4
1089450 902.4
1089460 903.4
1089470 904.6
1089480 904.6
1089490 905.8
1089500 906.9
1089510 908.2
1089520 908.2
1089530 909.5
1089540 910.6
1089550 910.6
1089560 911.3
1089570 911.7
1089580 911.7
1089590 912.8
1089600 914.3
1089610 914.3
1089620 915.9
1089630 917.7
1089640 917.7
1089650 919.5
1089660 921.4
1089670 921.4
1089680 923.6
1089690 921.7
1089700 921.7
1089710 923.8
1089720 926.4
1089730 926.4
1089740 929.4
1089750 932.8
1089760 932.8
1089770 935.8
1089780 940.1
1089790 940.1
1089800 944.7
1089810 948.0
1089820 948.0
1089830 950.3
1089840 952.7
1089850 952.7
1089860 954.6
1089870 956.0
1089880 956.0
1089890 956.7
1089900 957.0
1089910 957.7
1089920 957.7
1089930 958.8
1089940 960.2
1089950 960.2
1089960 961.3
1089970 961.8
1089980 961.8
1089990 961.5
1090000 960.9
1090010 960.9
1090020 960.1
1090030 959.5
1090040 959.5
1090050 958.7
1090060 957.0
1090070 957.0
1090080 954.4
1090090 951.4
1090100 951.4
1090110 949.1
1090120 947.7
1090130 947.7
1090140 947.0
1090150 946.3
1090160 946.3
1090170 945.6
1090180 945.0
1090190 945.0
1090200 944.6
1090210 944.0
1090220 944.0
1090230 943.2
1090240 942.3
1090250 942.3
1090260 941.7
1090270 941.0
1090280 939.9
1090290 939.9
1090300 937.9
1090310 934.8
1090320 934.8
1090330 931.0
1090340 924.3
1090350 924.3
1090360 921.0
1090370 918.4
1090380 918.4
1090390 916.2
1090400 914.2
1090410 914.2
1090420 911.7
1090430 909.6
1090440 909.6
1090450 907.1
1090460 905.3
1090470 905.3
1090480 903.5
1090490 901.3
1090500 901.3
1090510 899.6
1090520 897.7
1090530 897.7
1090540 894.0
1090550 889.7
1090560 889.7
1090570 885.3
1090580 885.3
1090590 885.3
1090600 886.7
1090610 887.5
1090620 887.5
1090630 888.2
1090640 888.7
1090650 888.7
1090660 887.4
1090670 889.9
1090680 890.0
1090690 890.0
1090700 890.1
1090710 890.2
1090720 890.2
1090730 889.8
1090740 888.4
1090750 888.4
1090760 887.9
1090770 890.9
1090780 890.9
1090790 893.8
1090800 895.5
1090810 895.5
1090820 896.7
1090830 897.9
1090840 897.9
1090850 898.7
1090860 899.8
1090870 899.8
1090880 901.1
1090890 902.4
1090900 902.4
1090910 903.8
1090920 905.2
1090930 905.2
1090940 906.4
1090950 908.3
1090960 908.3
1090970 909.9
1090980 911.6
1090990 911.4
1091000 913.0
1091010 913.8
1091020 913.8
1091030 914.3
1091040 914.8
1091050 914.8
1091060 915.9
1091070 916.7
1091080 917.3
1091090 917.3
1091100 917.9
1091110 918.8
1091120 918.8
1091130 920.1
1091140 921.2
1091150 921.2
1091160 921.8
1091170 922.9
1091180 922.9
1091190 923.9
1091200 924.7
1091210 924.7
1091220 925.6
1091230 926.6
1091240 926.6
1091250 927.4
1091260 928.0
1091270 928.0
1091280 928.6
1091290 928.9
1091300 928.9
1091310 929.2
1091320 931.0
1091330 931.0
1091340 930.7
1091350 929.6
1091360 929.6
1091370 928.3
1091380 927.8
1091390 927.8
1091400 926.8
1091410 927.7
1091420 927.7
1091430 927.9
1091440 927.7
1091450 927.7
1091460 927.7
1091470 928.1
1091480 927.9
1091490 927.9
1091500 928.2
1091510 928.4
1091520 928.4
1091530 928.6
1091540 928.3
1091550 928.3
1091560 928.0
1091570 927.3
1091580 927.3
1091590 925.2
1091600 922.8
1091610 922.8
1091620 921.2
1091630 920.4
1091640 922.0
1091650 920.8
1091660 917.2
1091670 917.2
1091680 911.2
1091690 907.8
1091700 907.8
1091710 911.2
1091720 914.5
1091730 914.5
1091740 916.8
1091750 919.0
1091760 919.0
1091770 920.8
1091780 922.1
1091790 922.1
1091800 923.6
1091810 925.0
1091820 925.0
1091830 927.5
1091840 929.1
1091850 930.5
1091860 930.5
1091870 931.8
1091880 933.6
1091890 933.6
1091900 935.1
1091910 936.2
1091920 936.2
1091930 937.3
1091940 938.8
1091950 938.8
1091960 940.1
1091970 941.9
1091980 941.9
1091990 943.1
1092000 944.5
1092010 944.5
1092020 946.0
1092030 947.4
1092040 947.4
1092050 948.7
1092060 949.7
1092070 949.7
1092080 950.7
1092090 951.7
1092100 951.7
1092110 952.8
1092120 953.6
1092130 953.6
1092140 953.8
1092150 953.1
1092160 953.1
1092170 952.2
1092180 951.4
1092190 951.4
1092200 949.3
1092210 944.4
1092220 944.4
1092230 945.4
1092240 950.3
1092250 952.0
1092260 952.0
1092270 952.3
1092280 951.0
1092290 953.5
1092300 952.8
1092310 955.2
1092320 955.2
1092330 957.3
1092340 959.8
1092350 959.8
1092360 961.8
1092370 963.3
1092380 963.3
1092390 966.2
1092400 968.8
1092410 968.8
1092420 971.0
1092430 973.1
1092440 973.1
1092450 975.5
1092460 977.3
1092470 977.3
1092480 979.1
1092490 980.4
1092500 980.4
1092510 982.0
1092520 983.4
1092530 983.4
1092540 984.4
1092550 985.5
1092560 985.5
1092570 986.7
1092580 988.4
1092590 988.4
1092600 990.3
1092610 992.2
1092620 994.2
1092630 994.2
1092640 995.8
1092650 996.7
1092660 996.7
1092670 997.5
1092680 998.9
1092690 998.9
1092700 1000.1
1092710 1000.6
1092720 1000.6
1092730 1000.8
1092740 1000.4
1092750 1000.4
1092760 1000.0
1092770 999.2
1092780 999.2
1092790 997.7
1092800 995.0
1092810 995.0
1092820 990.1
1092830 985.8
1092840 985.8
1092850 982.3
1092860 976.4
1092870 976.4
1092880 974.5
1092890 973.2
1092900 973.2
1092910 971.7
1092920 969.9
1092930 969.9
1092940 967.4
1092950 960.6
1092960 960.6
1092970 958.3
1092980 955.2
1092990 955.2
1093000 951.0
1093010 946.9
1093020 943.5
1093030 943.5
1093040 938.5
1093050 935.2
1093060 935.2
1093070 932.2
1093080 928.4
1093090 928.4
1093100 926.2
1093110 925.5
1093120 925.5
1093130 923.5
1093140 922.3
1093150 922.3
1093160 920.2
1093170 917.8
1093180 917.8
1093190 916.9
1093200 916.0
1093210 916.0
1093220 915.5
1093230 913.6
1093240 913.6
1093250 912.1
1093260 913.7
1093270 912.1
1093280 911.8
1093290 911.6
1093300 911.6
1093310 911.7
1093320 911.9
1093330 911.9
