1084360 416.8
1084370 416.2
1084380 416.2
1084390 415.4
1084400 415.0
1084410 414.8
1084420 414.8
1084430 414.5
1084440 414.6
1084450 414.6
1084460 414.7
1084470 414.8
1084480 414.8
1084490 414.9
1084500 414.9
1084510 414.9
1084520 414.9
1084530 415.0
1084540 415.0
1084550 415.1
1084560 415.2
1084570 415.2
1084580 415.2
1084590 415.3
1084600 415.3
1084610 415.5
1084620 415.6
1084630 415.6
1084640 415.7
1084650 415.7
1084660 415.7
1084670 415.6
1084680 415.3
1084690 415.3
1084700 415.0
1084710 414.2
1084720 414.2
1084730 413.9
1084740 413.5
1084750 413.5
1084760 414.9
1084770 415.9
1084780 416.1
1084790 416.1
1084800 416.1
1084810 416.1
1084820 416.1
1084830 416.0
1084840 416.0
1084850 416.0
1084860 415.9
1084870 415.9
1084880 415.9
1084890 416.1
1084900 416.5
1084910 416.5
1084920 416.9
1084930 417.0
1084940 417.0
1084950 417.0
1084960 417.0
1084970 417.0
1084980 417.1
1084990 417.1
1085000 417.1
1085010 417.2
1085020 417.2
1085030 417.2
1085040 417.3
1085050 417.3
1085060 417.3
1085070 417.3
1085080 417.4
1085090 417.4
1085100 417.4
1085110 417.4
1085120 417.4
1085130 417.5
1085140 417.6
1085150 417.6
1085160 417.7
1085170 417.7
1085180 417.8
1085190 417.8
1085200 417.9
1085210 418.0
1085220 418.0
1085230 418.1
1085240 418.2
1085250 418.2
1085260 418.3
1085270 418.4
1085280 418.4
1085290 418.7
1085300 418.9
1085310 418.9
1085320 419.5
1085330 420.2
1085340 420.2
1085350 420.7
1085360 421.7
1085370 421.7
1085380 423.0
1085390 423.3
1085400 423.3
1085410 423.5
1085420 423.7
1085430 423.7
1085440 424.2
1085450 425.4
1085460 425.4
1085470 425.6
1085480 425.7
1085490 425.7
1085500 426.0
1085510 426.4
1085520 426.4
1085530 426.7
1085540 427.1
1085550 427.1
1085560 427.6
1085570 428.1
1085580 428.7
1085590 428.7
1085600 429.2
1085610 429.6
1085620 429.6
1085630 430.0
1085640 430.4
1085650 430.4
1085660 430.8
1085670 431.2
1085680 431.2
1085690 431.8
1085700 433.0
1085710 433.0
1085720 433.9
1085730 433.6
1085740 433.6
1085750 434.2
1085760 434.8
1085770 434.8
1085780 435.2
1085790 435.5
1085800 435.5
1085810 435.8
1085820 436.1
1085830 436.1
1085840 437.0
1085850 438.1
1085860 438.1
1085870 438.4
1085880 439.1
1085890 439.1
1085900 439.3
1085910 439.3
1085920 439.3
1085930 439.7
1085940 440.1
1085950 440.1
1085960 440.5
1085970 440.9
1085980 441.4
1085990 441.4
1086000 441.9
1086010 442.4
1086020 442.4
1086030 443.0
1086040 443.7
1086050 443.5
1086060 444.2
1086070 444.9
1086080 444.9
1086090 445.4
1086100 445.9
1086110 445.9
1086120 446.3
1086130 446.9
1086140 446.9
1086150 447.5
1086160 448.0
1086170 448.0
1086180 448.1
1086190 448.7
1086200 448.7
1086210 449.7
1086220 449.9
1086230 449.9
1086240 450.1
1086250 450.9
1086260 450.9
1086270 451.3
1086280 450.9
1086290 450.9
1086300 450.3
1086310 450.9
1086320 450.9
1086330 451.6
1086340 452.5
1086350 452.5
1086360 454.0
1086370 453.9
1086380 453.8
1086390 453.8
1086400 453.7
1086410 452.9
1086420 452.9
1086430 453.4
1086440 454.4
1086450 454.4
1086460 455.0
1086470 455.5
1086480 455.5
1086490 456.4
1086500 457.8
1086510 457.8
1086520 458.2
1086530 458.7
1086540 458.7
1086550 459.0
1086560 459.4
1086570 459.4
1086580 459.9
1086590 460.5
1086600 460.5
1086610 461.2
1086620 462.1
1086630 462.1
1086640 462.6
1086650 463.1
1086660 463.1
1086670 463.7
1086680 464.4
1086690 464.2
1086700 465.3
1086710 466.5
1086720 466.5
1086730 466.8
1086740 467.6
1086750 469.2
1086760 469.2
1086770 469.7
1086780 470.2
1086790 470.2
1086800 470.9
1086810 471.7
1086820 471.7
1086830 472.6
1086840 473.5
1086850 473.5
1086860 474.5
1086870 475.8
1086880 475.8
1086890 477.1
1086900 478.2
1086910 478.2
1086920 479.2
1086930 480.2
1086940 480.2
1086950 481.3
1086960 482.3
1086970 482.3
1086980 483.2
1086990 484.2
1087000 484.2
1087010 485.5
1087020 486.7
1087030 486.7
1087040 487.8
1087050 488.8
1087060 488.8
1087070 490.1
1087080 491.5
1087090 491.5
1087100 492.7
1087110 493.7
1087120 493.7
1087130 494.8
1087140 495.9
1087150 497.1
1087160 497.1
1087170 498.2
1087180 499.0
1087190 499.0
1087200 497.4
1087210 499.5
1087220 499.5
1087230 502.6
1087240 503.2
1087250 503.2
1087260 503.9
1087270 506.4
1087280 506.4
1087290 510.5
1087300 514.8
1087310 514.8
1087320 520.3
1087330 526.8
1087340 526.8
1087350 532.0
1087360 535.0
1087370 535.0
1087380 537.9
1087390 541.6
1087400 541.6
1087410 545.3
1087420 549.4
1087430 549.4
1087440 554.1
1087450 558.6
1087460 558.6
1087470 561.6
1087480 564.3
1087490 564.3
1087500 567.3
1087510 569.2
1087520 569.2
1087530 570.8
1087540 571.6
1087550 572.3
1087560 572.3
1087570 572.5
1087580 574.4
1087590 574.4
1087600 576.3
1087610 578.3
1087620 578.3
1087630 580.6
1087640 583.3
1087650 583.3
1087660 586.6
1087670 587.0
1087680 587.0
1087690 588.4
1087700 590.8
1087710 590.8
1087720 592.8
1087730 594.3
1087740 594.3
1087750 595.8
1087760 597.5
1087770 597.5
1087780 599.5
1087790 602.4
1087800 602.4
1087810 607.2
1087820 612.2
1087830 612.2
1087840 615.9
1087850 617.5
1087860 617.5
1087870 614.4
1087880 614.0
1087890 614.0
1087900 613.9
1087910 615.8
1087920 615.8
1087930 614.6
1087940 620.3
1087950 622.4
1087960 622.4
1087970 625.1
1087980 628.4
1087990 628.4
1088000 630.2
1088010 631.1
1088020 631.1
1088030 629.5
1088040 626.3
1088050 626.3
1088060 620.6
1088070 616.1
1088080 616.1
1088090 614.4
1088100 613.2
1088110 613.2
1088120 613.2
1088130 612.9
1088140 612.9
1088150 611.5
1088160 609.9
1088170 609.9
1088180 608.2
1088190 603.2
1088200 603.2
1088210 601.6
1088220 607.8
1088230 607.8
1088240 613.6
1088250 620.7
1088260 620.7
1088270 625.7
1088280 631.2
1088290 631.2
1088300 638.7
1088310 644.8
1088320 644.8
1088330 650.3
1088340 654.8
1088350 661.5
1088360 661.5
1088370 668.1
1088380 674.3
1088390 674.3
1088400 679.9
1088410 685.0
1088420 685.0
1088430 689.5
1088440 694.2
1088450 694.2
1088460 698.4
1088470 703.7
1088480 703.7
1088490 710.6
1088500 723.5
1088510 723.5
1088520 732.6
1088530 736.3
1088540 736.3
1088550 742.4
1088560 747.1
1088570 747.1
1088580 748.9
1088590 750.5
1088600 750.5
1088610 755.9
1088620 763.1
1088630 763.1
1088640 768.6
1088650 784.6
1088660 784.6
1088670 800.3
1088680 804.8
1088690 804.8
1088700 808.2
1088710 812.1
1088720 812.1
1088730 815.5
1088740 819.6
1088750 820.6
1088760 820.6
1088770 820.6
1088780 820.1
1088790 820.1
1088800 820.5
1088810 820.8
1088820 820.8
1088830 821.2
1088840 821.4
1088850 821.4
1088860 821.3
1088870 821.3
1088880 821.3
1088890 816.9
1088900 808.2
1088910 808.2
1088920 801.0
1088930 794.2
1088940 794.2
1088950 788.3
1088960 784.5
1088970 784.5
1088980 781.6
1088990 778.7
1089000 778.7
1089010 774.0
1089020 767.1
1089030 767.1
1089040 769.0
1089050 782.7
1089060 782.7
1089070 789.4
1089080 796.1
1089090 796.1
1089100 803.6
1089110 810.5
1089120 816.8
1089130 816.8
1089140 821.6
1089150 822.7
1089160 822.7
1089170 823.4
1089180 825.3
1089190 825.3
1089200 827.8
1089210 830.5
1089220 830.5
1089230 833.4
1089240 836.8
1089250 836.8
1089260 840.1
1089270 843.0
1089280 843.0
1089290 845.8
1089300 848.6
1089310 848.6
1089320 851.9
1089330 855.2
1089340 855.2
1089350 858.9
1089360 862.2
1089370 862.2
1089380 863.7
1089390 866.2
1089400 866.2
1089410 868.9
1089420 870.7
1089430 870.7
1089440 872.0
1089450 872.9
1089460 872.9
1089470 873.9
1089480 874.2
1089490 874.2
1089500 874.9
1089510 877.3
1089520 879.9
1089530 879.9
1089540 881.5
1089550 883.3
1089560 883.3
1089570 885.1
1089580 887.0
1089590 887.0
1089600 891.0
1089610 893.5
1089620 893.5
1089630 896.0
1089640 898.3
1089650 898.3
1089660 901.1
1089670 903.0
1089680 903.0
1089690 904.5
1089700 905.2
1089710 905.2
1089720 905.8
1089730 907.1
1089740 907.1
1089750 908.7
1089760 912.1
1089770 912.1
1089780 914.6
1089790 916.8
1089800 916.8
1089810 917.7
1089820 918.1
1089830 918.1
1089840 918.2
1089850 919.5
1089860 919.5
1089870 921.7
1089880 923.8
1089890 923.8
1089900 924.7
1089910 924.9
1089920 927.0
1089930 927.0
1089940 927.3
1089950 927.6
1089960 927.6
1089970 929.9
1089980 932.0
1089990 932.0
1090000 932.6
1090010 933.5
1090020 933.5
1090030 933.9
1090040 934.3
1090050 934.3
1090060 934.9
1090070 935.6
1090080 935.6
1090090 936.1
1090100 936.6
1090110 936.6
1090120 936.9
1090130 937.2
1090140 937.2
1090150 937.4
1090160 937.4
1090170 937.4
1090180 937.4
1090190 937.4
1090200 937.4
1090210 937.2
1090220 937.0
1090230 937.0
1090240 937.8
1090250 937.3
1090260 937.3
1090270 936.6
1090280 935.9
1090290 935.9
1090300 935.3
1090310 934.6
1090320 934.0
1090330 934.0
1090340 933.5
1090350 933.0
1090360 933.0
1090370 932.2
1090380 930.6
1090390 930.6
1090400 929.5
1090410 928.9
1090420 928.9
1090430 928.0
1090440 926.2
1090450 926.2
1090460 924.3
1090470 923.4
1090480 923.4
1090490 922.7
1090500 922.7
1090510 922.7
1090520 922.6
1090530 922.2
1090540 922.2
1090550 921.9
1090560 921.6
1090570 923.5
1090580 922.6
1090590 921.6
1090600 921.6
1090610 920.6
1090620 919.8
1090630 919.8
1090640 919.2
1090650 918.6
1090660 918.6
1090670 918.3
1090680 918.0
1090690 917.4
1090700 917.4
1090710 916.7
1090720 916.0
1090730 916.0
1090740 915.5
1090750 915.1
1090760 915.1
1090770 914.4
1090780 913.7
1090790 913.7
1090800 912.9
1090810 912.0
1090820 912.0
1090830 911.3
1090840 910.6
1090850 910.6
1090860 909.8
1090870 908.8
1090880 908.8
1090890 909.9
1090900 909.9
1090910 909.9
1090920 910.0
1090930 910.2
1090940 910.2
1090950 910.6
1090960 911.1
1090970 911.1
1090980 911.7
1090990 912.5
1091000 912.5
1091010 913.3
1091020 914.1
1091030 914.1
1091040 914.9
1091050 915.5
1091060 915.5
1091070 916.0
1091080 916.4
1091090 916.6
1091100 916.6
1091110 916.8
1091120 916.8
1091130 916.8
1091140 916.9
1091150 916.7
1091160 916.7
1091170 916.3
1091180 916.0
1091190 916.0
1091200 915.5
1091210 914.6
1091220 914.8
1091230 913.2
1091240 911.3
1091250 911.3
1091260 909.5
1091270 908.0
1091280 908.0
1091290 906.8
1091300 905.9
1091310 905.9
1091320 904.7
1091330 903.1
1091340 903.1
1091350 900.1
1091360 895.3
1091370 895.3
1091380 891.4
1091390 888.8
1091400 888.8
1091410 885.6
1091420 883.4
1091430 883.4
1091440 882.7
1091450 882.8
1091460 882.8
1091470 879.7
1091480 873.8
1091490 869.1
1091500 869.1
1091510 865.9
1091520 863.8
1091530 863.8
1091540 863.6
1091550 863.2
1091560 863.2
1091570 862.7
1091580 862.7
1091590 862.7
1091600 862.5
1091610 862.5
1091620 862.5
1091630 862.8
1091640 863.3
1091650 863.3
1091660 865.1
1091670 867.5
1091680 867.5
1091690 869.5
1091700 871.6
1091710 871.6
1091720 873.8
1091730 875.5
1091740 875.5
1091750 878.0
1091760 880.8
1091770 880.8
1091780 882.4
1091790 882.5
1091800 882.5
1091810 882.2
1091820 885.4
1091830 885.4
1091840 889.4
1091850 891.8
1091860 891.8
1091870 890.5
1091880 894.5
1091890 898.2
1091900 898.2
1091910 900.7
1091920 902.4
1091930 902.4
1091940 904.2
1091950 905.9
1091960 905.9
1091970 907.5
1091980 908.9
1091990 908.9
1092000 910.4
1092010 911.8
1092020 911.8
1092030 913.0
1092040 914.2
1092050 914.2
1092060 915.3
1092070 916.4
1092080 916.4
1092090 917.5
1092100 918.7
1092110 918.7
1092120 919.5
1092130 920.3
1092140 920.3
1092150 921.1
1092160 921.8
1092170 921.8
1092180 922.4
1092190 923.2
1092200 923.9
1092210 924.7
1092220 925.2
1092230 925.2
1092240 925.6
1092250 925.8
1092260 925.8
1092270 926.1
1092280 926.3
1092290 926.5
1092300 926.5
1092310 926.8
1092320 926.9
1092330 926.9
1092340 927.3
1092350 927.7
1092360 927.7
1092370 927.8
1092380 927.4
1092390 927.4
1092400 927.4
1092410 928.0
1092420 928.0
1092430 929.1
1092440 930.0
1092450 930.0
1092460 930.5
1092470 930.5
1092480 930.5
1092490 930.6
1092500 931.0
1092510 931.0
1092520 932.4
1092530 933.5
1092540 933.5
1092550 934.8
1092560 936.1
1092570 936.1
1092580 937.5
1092590 938.7
1092600 938.7
1092610 939.6
1092620 940.5
1092630 940.5
1092640 941.5
1092650 942.5
1092660 943.6
1092670 943.6
1092680 944.6
1092690 946.1
1092700 946.1
1092710 947.9
1092720 949.7
1092730 949.7
1092740 951.4
1092750 952.7
1092760 952.7
1092770 954.7
1092780 956.5
1092790 956.5
1092800 958.5
1092810 960.5
1092820 960.5
1092830 962.6
1092840 964.2
1092850 965.9
1092860 967.7
1092870 969.4
1092880 969.4
1092890 970.9
1092900 972.2
1092910 972.2
1092920 972.4
1092930 972.8
1092940 972.8
1092950 974.6
1092960 976.2
1092970 976.2
1092980 977.1
1092990 977.3
1093000 977.3
1093010 977.4
1093020 977.3
1093030 977.3
1093040 977.8
1093050 978.5
1093060 978.7
1093070 978.7
1093080 980.0
1093090 981.9
1093100 981.9
1093110 983.4
1093120 984.5
1093130 984.5
1093140 984.8
1093150 984.7
1093160 984.7
1093170 985.1
1093180 989.5
1093190 989.5
1093200 991.6
1093210 992.4
1093220 992.4
1093230 991.8
1093240 991.2
1093250 991.2
1093260 990.8
1093270 989.8
1093280 989.8
1093290 987.7
1093300 987.8
1093310 987.8
1093320 988.5
1093330 988.3
1093340 988.3
1093350 987.6
1093360 986.9
1093370 986.9
1093380 986.6
1093390 986.8
1093400 986.8
1093410 988.6
1093420 990.7
1093430 990.7
1093440 992.4
1093450 993.5
1093460 993.0
1093470 993.0
1093480 992.9
1093490 992.2
1093500 992.1
1093510 989.3
1093520 986.3
1093530 986.3
1093540 983.7
1093550 981.7
1093560 981.7
1093570 980.3
1093580 978.3
1093590 978.3
1093600 975.1
1093610 971.3
1093620 971.3
1093630 967.0
1093640 962.9
1093650 962.9
1093660 959.0
1093670 956.2
1093680 956.2
1093690 954.3
1093700 952.7
1093710 952.7
1093720 951.0
1093730 948.7
1093740 948.7
1093750 946.4
1093760 943.5
1093770 943.5
1093780 940.3
1093790 937.1
1093800 937.1
1093810 935.4
1093820 933.4
1093830 935.7
1093840 932.9
1093850 930.6
1093860 929.1
1093870 929.1
1093880 927.4
1093890 926.2
1093900 926.2
1093910 925.3
1093920 924.9
1093930 924.9
1093940 924.4
1093950 923.2
1093960 923.2
1093970 923.4
1093980 924.2
1093990 924.2
1094000 925.0
1094010 925.9
1094020 925.9
1094030 926.7
1094040 927.2
1094050 927.2
1094060 927.6
1094070 927.4
1094080 927.4
