1084710 417.4
1084720 417.4
1084730 417.4
1084740 417.5
1084750 417.5
1084760 417.5
1084770 417.7
1084780 417.7
1084790 417.8
1084800 417.9
1084810 417.9
1084820 418.0
1084830 418.0
1084840 418.0
1084850 418.1
1084860 418.2
1084870 418.2
1084880 418.3
1084890 418.3
1084900 418.3
1084910 418.4
1084920 418.5
1084930 418.5
1084940 419.1
1084950 419.2
1084960 419.2
1084970 419.1
1084980 418.7
1084990 418.7
1085000 418.1
1085010 417.9
1085020 417.5
1085030 417.5
1085040 415.7
1085050 416.0
1085060 416.0
1085070 417.7
1085080 418.9
1085090 418.9
1085100 418.9
1085110 418.9
1085120 418.9
1085130 418.9
1085140 419.1
1085150 419.1
1085160 419.2
1085170 419.1
1085180 419.1
1085190 418.9
1085200 418.8
1085210 418.8
1085220 419.0
1085230 419.1
1085240 419.1
1085250 419.1
1085260 419.2
1085270 419.2
1085280 419.2
1085290 419.2
1085300 419.2
1085310 419.3
1085320 419.5
1085330 419.5
1085340 420.5
1085350 424.3
1085360 424.3
1085370 428.6
1085380 429.6
1085390 429.6
1085400 429.8
1085410 429.9
1085420 430.3
1085430 430.3
1085440 431.2
1085450 432.3
1085460 432.3
1085470 432.8
1085480 433.0
1085490 433.0
1085500 433.1
1085510 432.9
1085520 432.9
1085530 432.6
1085540 432.1
1085550 432.1
1085560 431.8
1085570 432.0
1085580 432.0
1085590 432.0
1085600 432.3
1085610 432.3
1085620 432.7
1085630 433.4
1085640 433.4
1085650 434.1
1085660 435.0
1085670 435.0
1085680 435.8
1085690 436.3
1085700 436.3
1085710 436.5
1085720 436.4
1085730 436.4
1085740 436.9
1085750 437.7
1085760 437.7
1085770 437.8
1085780 438.0
1085790 438.0
1085800 438.5
1085810 439.4
1085820 440.0
1085830 440.0
1085840 440.4
1085850 440.3
1085860 440.3
1085870 440.7
1085880 441.0
1085890 441.0
1085900 441.4
1085910 441.8
1085920 441.8
1085930 442.3
1085940 442.7
1085950 442.7
1085960 443.2
1085970 443.8
1085980 443.8
1085990 444.2
1086000 444.6
1086010 444.6
1086020 445.1
1086030 445.6
1086040 445.6
1086050 446.1
1086060 446.7
1086070 446.7
1086080 447.2
1086090 447.8
1086100 447.8
1086110 448.3
1086120 449.0
1086130 449.0
1086140 449.7
1086150 450.3
1086160 450.3
1086170 450.9
1086180 451.6
1086190 451.6
1086200 452.2
1086210 452.7
1086220 453.3
1086230 453.3
1086240 453.9
1086250 454.5
1086260 454.5
1086270 455.2
1086280 455.8
1086290 455.8
1086300 456.4
1086310 457.3
1086320 457.3
1086330 458.0
1086340 458.6
1086350 458.6
1086360 459.3
1086370 460.1
1086380 459.8
1086390 460.6
1086400 461.0
1086410 461.0
1086420 461.4
1086430 461.8
1086440 461.8
1086450 462.4
1086460 462.9
1086470 462.9
1086480 463.4
1086490 464.0
1086500 464.0
1086510 464.8
1086520 465.3
1086530 465.3
1086540 465.9
1086550 466.4
1086560 466.4
1086570 466.7
1086580 466.8
1086590 466.8
1086600 467.9
1086610 468.8
1086620 469.5
1086630 469.5
1086640 470.1
1086650 470.6
1086660 470.6
1086670 471.2
1086680 471.8
1086690 471.8
1086700 472.2
1086710 473.1
1086720 473.1
1086730 474.0
1086740 474.7
1086750 474.7
1086760 475.4
1086770 476.1
1086780 476.1
1086790 476.7
1086800 477.2
1086810 477.2
1086820 478.3
1086830 479.0
1086840 479.0
1086850 479.4
1086860 480.2
1086870 480.2
1086880 481.0
1086890 481.5
1086900 481.5
1086910 482.0
1086920 482.4
1086930 482.4
1086940 482.9
1086950 484.1
1086960 484.1
1086970 484.9
1086980 485.9
1086990 485.9
1087000 485.9
1087010 486.4
1087020 487.1
1087030 487.1
1087040 487.7
1087050 488.3
1087060 488.3
1087070 488.9
1087080 489.2
1087090 489.2
1087100 489.6
1087110 489.7
1087120 489.7
1087130 489.7
1087140 490.1
1087150 490.1
1087160 489.8
1087170 488.6
1087180 488.6
1087190 491.2
1087200 495.9
1087210 495.9
1087220 497.7
1087230 498.5
1087240 498.5
1087250 499.2
1087260 499.8
1087270 499.8
1087280 501.1
1087290 502.0
1087300 502.0
1087310 502.2
1087320 502.0
1087330 502.0
1087340 502.2
1087350 504.6
1087360 504.6
1087370 505.5
1087380 506.0
1087390 505.9
1087400 505.9
1087410 505.8
1087420 505.3
1087430 505.3
1087440 505.2
1087450 505.2
1087460 505.2
1087470 505.8
1087480 506.2
1087490 506.2
1087500 501.9
1087510 501.0
1087520 501.0
1087530 503.8
1087540 506.9
1087550 506.9
1087560 509.6
1087570 512.9
1087580 512.9
1087590 515.3
1087600 518.1
1087610 518.1
1087620 520.9
1087630 523.9
1087640 523.9
1087650 527.3
1087660 530.9
1087670 528.6
1087680 532.4
1087690 536.3
1087700 536.3
1087710 540.4
1087720 544.1
1087730 544.1
1087740 548.6
1087750 553.2
1087760 553.2
1087770 557.5
1087780 561.3
1087790 563.1
1087800 563.1
1087810 564.0
1087820 565.3
1087830 565.3
1087840 566.4
1087850 567.0
1087860 567.0
1087870 567.9
1087880 568.4
1087890 568.4
1087900 569.8
1087910 571.7
1087920 571.7
1087930 573.6
1087940 575.5
1087950 575.5
1087960 578.2
1087970 580.7
1087980 580.7
1087990 581.8
1088000 590.9
1088010 590.9
1088020 597.4
1088030 602.3
1088040 602.3
1088050 606.3
1088060 612.1
1088070 612.1
1088080 620.1
1088090 624.6
1088100 624.6
1088110 627.8
1088120 630.2
1088130 630.2
1088140 632.8
1088150 638.2
1088160 638.2
1088170 644.9
1088180 648.9
1088190 653.0
1088200 653.0
1088210 660.0
1088220 667.3
1088230 667.3
1088240 676.0
1088250 685.1
1088260 685.1
1088270 695.2
1088280 706.4
1088290 706.4
1088300 722.4
1088310 731.0
1088320 731.0
1088330 737.6
1088340 738.5
1088350 738.5
1088360 738.5
1088370 738.4
1088380 738.4
1088390 738.2
1088400 737.9
1088410 737.9
1088420 737.8
1088430 738.0
1088440 738.0
1088450 738.7
1088460 739.2
1088470 739.2
1088480 740.4
1088490 741.8
1088500 741.8
1088510 743.8
1088520 745.3
1088530 745.3
1088540 746.4
1088550 747.7
1088560 747.7
1088570 749.3
1088580 751.0
1088590 753.4
1088600 753.4
1088610 756.1
1088620 757.0
1088630 757.0
1088640 757.7
1088650 758.5
1088660 758.5
1088670 759.0
1088680 759.0
1088690 759.0
1088700 759.2
1088710 759.6
1088720 759.6
1088730 760.2
1088740 761.0
1088750 761.0
1088760 761.9
1088770 762.9
1088780 762.9
1088790 764.1
1088800 764.9
1088810 764.9
1088820 765.5
1088830 766.0
1088840 766.0
1088850 762.6
1088860 754.1
1088870 754.1
1088880 745.9
1088890 740.2
1088900 740.2
1088910 734.8
1088920 730.8
1088930 730.8
1088940 726.5
1088950 717.7
1088960 717.0
1088970 714.6
1088980 725.7
1088990 737.4
1089000 737.4
1089010 743.5
1089020 739.2
1089030 739.2
1089040 738.2
1089050 741.6
1089060 741.6
1089070 748.9
1089080 757.3
1089090 757.3
1089100 763.7
1089110 770.2
1089120 770.2
1089130 775.3
1089140 779.2
1089150 779.2
1089160 783.5
1089170 786.5
1089180 786.5
1089190 790.1
1089200 793.5
1089210 793.5
1089220 796.7
1089230 800.4
1089240 800.4
1089250 805.1
1089260 810.8
1089270 810.8
1089280 817.4
1089290 820.9
1089300 820.9
1089310 821.7
1089320 822.4
1089330 822.4
1089340 823.9
1089350 826.1
1089360 826.1
1089370 828.1
1089380 829.5
1089390 830.4
1089400 830.4
1089410 831.3
1089420 832.4
1089430 832.4
1089440 833.6
1089450 834.5
1089460 834.5
1089470 835.3
1089480 836.2
1089490 836.2
1089500 837.0
1089510 837.9
1089520 837.9
1089530 838.8
1089540 839.5
1089550 839.5
1089560 839.8
1089570 840.5
1089580 840.5
1089590 841.3
1089600 841.9
1089610 844.8
1089620 844.9
1089630 845.2
1089640 845.2
1089650 845.9
1089660 845.5
1089670 845.5
1089680 844.7
1089690 844.3
1089700 844.3
1089710 843.0
1089720 840.7
1089730 840.7
1089740 834.5
1089750 828.0
1089760 828.0
1089770 834.9
1089780 841.9
1089790 847.8
1089800 847.8
1089810 851.8
1089820 853.4
1089830 853.4
1089840 855.1
1089850 856.8
1089860 856.8
1089870 858.3
1089880 859.5
1089890 859.5
1089900 860.3
1089910 862.5
1089920 862.5
1089930 867.4
1089940 870.6
1089950 870.6
1089960 871.7
1089970 873.6
1089980 873.6
1089990 875.5
1090000 878.6
1090010 878.6
1090020 883.5
1090030 888.4
1090040 888.4
1090050 893.4
1090060 895.0
1090070 895.0
1090080 895.4
1090090 895.3
1090100 895.3
1090110 894.5
1090120 893.1
1090130 893.1
1090140 892.3
1090150 892.4
1090160 892.6
1090170 892.6
1090180 892.5
1090190 891.9
1090200 891.9
1090210 891.0
1090220 890.0
1090230 890.0
1090240 889.3
1090250 889.2
1090260 886.8
1090270 886.4
1090280 886.3
1090290 886.3
1090300 886.6
1090310 886.4
1090320 886.4
1090330 886.2
1090340 886.2
1090350 886.2
1090360 886.3
1090370 886.4
1090380 886.4
1090390 886.7
1090400 887.4
1090410 887.4
1090420 887.8
1090430 888.0
1090440 888.0
1090450 888.5
1090460 889.2
1090470 889.2
1090480 890.1
1090490 891.0
1090500 891.0
1090510 891.7
1090520 892.3
1090530 892.3
1090540 893.0
1090550 894.0
1090560 895.3
1090570 895.3
1090580 894.3
1090590 896.0
1090600 896.0
1090610 897.7
1090620 899.3
1090630 899.3
1090640 900.6
1090650 901.6
1090660 901.6
1090670 902.6
1090680 903.5
1090690 903.5
1090700 904.4
1090710 905.2
1090720 905.2
1090730 905.7
1090740 905.9
1090750 905.9
1090760 905.8
1090770 905.6
1090780 905.6
1090790 905.5
1090800 905.3
1090810 905.3
1090820 905.3
1090830 905.2
1090840 905.2
1090850 904.9
1090860 904.1
1090870 904.1
1090880 903.5
1090890 902.5
1090900 902.5
1090910 898.3
1090920 897.8
1090930 897.8
1090940 897.9
1090950 897.9
1090960 898.0
1090970 898.0
1090980 897.9
1090990 897.8
1091000 897.8
1091010 897.4
1091020 896.9
1091030 896.9
1091040 896.5
1091050 896.0
1091060 896.0
1091070 895.8
1091080 895.5
1091090 895.5
1091100 894.9
1091110 894.0
1091120 894.0
1091130 893.4
1091140 893.0
1091150 893.0
1091160 892.8
1091170 892.4
1091180 892.4
1091190 892.0
1091200 891.9
1091210 891.9
1091220 891.7
1091230 889.9
1091240 889.9
1091250 889.9
1091260 889.9
1091270 889.9
1091280 889.7
1091290 889.5
1091300 889.5
1091310 889.2
1091320 888.5
1091330 888.5
1091340 887.5
1091350 886.1
1091360 885.0
1091370 885.0
1091380 884.0
1091390 881.8
1091400 881.8
1091410 879.5
1091420 877.3
1091430 877.3
1091440 875.6
1091450 874.4
1091460 874.4
1091470 873.0
1091480 871.1
1091490 871.1
1091500 869.1
1091510 867.5
1091520 867.5
1091530 865.6
1091540 863.4
1091550 863.4
1091560 859.7
1091570 859.3
1091580 859.3
1091590 858.7
1091600 857.7
1091610 857.7
1091620 856.7
1091630 856.0
1091640 856.0
1091650 855.4
1091660 854.5
1091670 854.5
1091680 853.9
1091690 853.4
1091700 853.4
1091710 852.8
1091720 852.4
1091730 852.4
1091740 852.4
1091750 852.4
1091760 852.8
1091770 852.8
1091780 853.5
1091790 853.8
1091800 853.8
1091810 854.4
1091820 855.3
1091830 855.3
1091840 856.2
1091850 857.0
1091860 857.0
1091870 857.7
1091880 858.3
1091890 858.3
1091900 859.2
1091910 860.0
1091920 860.0
1091930 860.8
1091940 861.5
1091950 861.5
1091960 862.2
1091970 862.8
1091980 862.8
1091990 863.8
1092000 865.3
1092010 865.3
1092020 867.3
1092030 869.7
1092040 869.7
1092050 873.1
1092060 876.6
1092070 876.6
1092080 879.5
1092090 882.0
1092100 882.0
1092110 884.3
1092120 886.5
1092130 886.5
1092140 888.3
1092150 890.4
1092160 892.5
1092170 892.5
1092180 894.6
1092190 896.6
1092200 896.6
1092210 896.3
1092220 898.2
1092230 898.2
1092240 899.7
1092250 900.8
1092260 900.8
1092270 901.8
1092280 902.7
1092290 902.7
1092300 903.5
1092310 904.3
1092320 904.3
1092330 905.0
1092340 905.7
1092350 905.7
1092360 906.3
1092370 907.0
1092380 907.0
1092390 907.6
1092400 908.2
1092410 908.2
1092420 908.9
1092430 909.5
1092440 909.5
1092450 910.2
1092460 910.8
1092470 910.8
1092480 911.3
1092490 911.6
1092500 911.6
1092510 912.1
1092520 912.5
1092530 913.0
1092540 913.4
1092550 913.8
1092560 914.1
1092570 914.1
1092580 914.5
1092590 915.0
1092600 915.0
1092610 915.5
1092620 915.9
1092630 915.9
1092640 916.3
1092650 916.8
1092660 916.8
1092670 917.7
1092680 918.3
1092690 918.3
1092700 918.5
1092710 918.5
1092720 918.5
1092730 918.4
1092740 920.2
1092750 920.2
1092760 920.6
1092770 920.6
1092780 920.6
1092790 920.7
1092800 921.0
1092810 921.0
1092820 921.4
1092830 922.1
1092840 922.1
1092850 923.1
1092860 924.7
1092870 924.7
1092880 925.1
1092890 925.8
1092900 925.8
1092910 926.5
1092920 927.2
1092930 927.8
1092940 927.8
1092950 929.2
1092960 930.1
1092970 930.1
1092980 931.1
1092990 932.6
1093000 932.6
1093010 934.3
1093020 936.1
1093030 936.1
1093040 938.1
1093050 940.1
1093060 940.1
1093070 941.9
1093080 943.5
1093090 943.5
1093100 944.9
1093110 946.5
1093120 946.5
1093130 947.9
1093140 949.1
1093150 949.1
1093160 950.4
1093170 951.6
1093180 951.6
1093190 954.0
1093200 955.2
1093210 955.2
1093220 955.7
1093230 956.3
1093240 956.3
1093250 956.9
1093260 957.6
1093270 957.6
1093280 958.4
1093290 959.6
1093300 959.6
1093310 961.1
1093320 962.6
1093330 963.8
1093340 963.8
1093350 964.8
1093360 965.8
1093370 965.8
1093380 966.9
1093390 967.9
1093400 967.9
1093410 968.6
1093420 969.3
1093430 969.3
1093440 970.0
1093450 970.7
1093460 970.7
1093470 971.1
1093480 971.3
1093490 971.3
1093500 971.3
1093510 970.5
1093520 970.5
1093530 969.2
1093540 968.2
1093550 968.2
1093560 966.0
1093570 960.8
1093580 960.8
1093590 954.9
1093600 949.9
1093610 949.9
1093620 944.9
1093630 941.3
1093640 941.3
1093650 938.0
1093660 934.1
1093670 934.1
1093680 932.3
1093690 931.2
1093700 931.2
1093710 929.5
1093720 927.8
1093730 925.3
1093740 925.3
1093750 922.5
1093760 921.0
1093770 921.0
1093780 918.9
1093790 918.3
1093800 918.3
1093810 920.1
1093820 922.9
1093830 922.9
1093840 923.4
1093850 925.8
1093860 925.8
1093870 927.4
1093880 928.9
1093890 928.9
1093900 930.3
1093910 931.4
1093920 931.4
1093930 932.9
1093940 934.1
1093950 934.1
1093960 935.5
1093970 936.8
1093980 936.8
1093990 937.7
1094000 938.1
1094010 938.1
1094020 938.0
1094030 937.8
1094040 937.8
1094050 937.2
1094060 936.5
1094070 936.5
1094080 935.5
1094090 934.3
1094100 934.3
