1084470 425.4
1084480 424.8
1084490 423.2
1084500 423.2
1084510 419.6
1084520 417.5
1084530 417.5
1084540 416.7
1084550 416.6
1084560 416.6
1084570 416.9
1084580 417.1
1084590 417.1
1084600 417.2
1084610 417.3
1084620 417.3
1084630 417.4
1084640 417.3
1084650 417.3
1084660 416.9
1084670 416.6
1084680 416.6
1084690 416.4
1084700 416.4
1084710 416.4
1084720 416.4
1084730 416.5
1084740 416.5
1084750 416.2
1084760 416.0
1084770 416.0
1084780 416.1
1084790 416.5
1084800 416.5
1084810 416.5
1084820 416.1
1084830 416.1
1084840 416.0
1084850 416.1
1084860 416.1
1084870 416.2
1084880 416.4
1084890 416.7
1084900 416.7
1084910 416.5
1084920 416.5
1084930 416.5
1084940 416.2
1084950 415.9
1084960 415.9
1084970 415.7
1084980 414.4
1084990 414.4
1085000 414.1
1085010 415.7
1085020 417.1
1085030 417.2
1085040 417.2
1085050 417.2
1085060 417.2
1085070 417.4
1085080 417.4
1085090 417.5
1085100 417.5
1085110 417.5
1085120 417.7
1085130 417.7
1085140 417.7
1085150 417.7
1085160 417.7
1085170 417.7
1085180 417.8
1085190 417.9
1085200 417.9
1085210 418.0
1085220 418.2
1085230 418.2
1085240 418.3
1085250 418.4
1085260 418.4
1085270 418.5
1085280 418.9
1085290 419.5
1085300 419.5
1085310 420.0
1085320 420.7
1085330 420.7
1085340 422.0
1085350 422.4
1085360 422.4
1085370 422.7
1085380 423.4
1085390 423.4
1085400 424.1
1085410 424.7
1085420 424.7
1085430 426.0
1085440 427.3
1085450 427.3
1085460 427.7
1085470 428.0
1085480 428.0
1085490 428.4
1085500 428.8
1085510 428.8
1085520 429.0
1085530 429.2
1085540 429.2
1085550 429.4
1085560 429.6
1085570 429.6
1085580 429.8
1085590 430.0
1085600 430.0
1085610 430.2
1085620 430.4
1085630 430.4
1085640 430.7
1085650 431.4
1085660 432.0
1085670 432.0
1085680 432.4
1085690 432.7
1085700 432.7
1085710 433.1
1085720 433.5
1085730 433.5
1085740 434.0
1085750 434.6
1085760 434.6
1085770 435.6
1085780 436.6
1085790 436.6
1085800 436.8
1085810 437.6
1085820 437.6
1085830 438.3
1085840 438.5
1085850 438.5
1085860 438.9
1085870 439.4
1085880 439.4
1085890 440.0
1085900 440.3
1085910 440.3
1085920 440.8
1085930 441.8
1085940 441.8
1085950 442.0
1085960 442.1
1085970 442.1
1085980 442.5
1085990 443.3
1086000 443.3
1086010 444.5
1086020 445.2
1086030 445.2
1086040 445.3
1086050 446.0
1086060 446.6
1086070 446.6
1086080 446.7
1086090 447.0
1086100 447.0
1086110 447.8
1086120 448.4
1086130 448.4
1086140 449.7
1086150 449.9
1086160 449.9
1086170 449.5
1086180 450.1
1086190 450.1
1086200 451.3
1086210 451.7
1086220 451.7
1086230 452.6
1086240 453.1
1086250 453.1
1086260 453.2
1086270 453.4
1086280 453.4
1086290 453.8
1086300 454.0
1086310 454.0
1086320 454.4
1086330 455.0
1086340 455.0
1086350 455.6
1086360 456.2
1086370 456.2
1086380 456.7
1086390 457.2
1086400 457.2
1086410 457.7
1086420 458.3
1086430 458.3
1086440 458.9
1086450 459.3
1086460 459.6
1086470 459.6
1086480 459.8
1086490 460.3
1086500 460.3
1086510 460.9
1086520 461.4
1086530 461.4
1086540 461.8
1086550 462.4
1086560 462.4
1086570 463.2
1086580 463.7
1086590 463.7
1086600 464.2
1086610 465.2
1086620 464.9
1086630 465.5
1086640 465.5
1086650 465.5
1086660 465.4
1086670 466.4
1086680 466.4
1086690 464.7
1086700 465.4
1086710 465.4
1086720 467.7
1086730 469.8
1086740 469.8
1086750 470.7
1086760 471.6
1086770 471.6
1086780 472.5
1086790 473.6
1086800 473.6
1086810 474.6
1086820 475.6
1086830 475.6
1086840 476.5
1086850 477.4
1086860 478.1
1086870 478.1
1086880 478.9
1086890 479.5
1086900 479.5
1086910 480.1
1086920 481.1
1086930 481.1
1086940 481.6
1086950 482.4
1086960 482.4
1086970 483.6
1086980 484.6
1086990 484.6
1087000 485.7
1087010 486.8
1087020 486.8
1087030 487.8
1087040 488.7
1087050 488.7
1087060 489.7
1087070 490.8
1087080 490.8
1087090 492.0
1087100 493.0
1087110 493.0
1087120 494.1
1087130 495.2
1087140 495.2
1087150 496.2
1087160 497.4
1087170 497.4
1087180 498.5
1087190 499.5
1087200 499.5
1087210 500.6
1087220 501.8
1087230 501.8
1087240 502.9
1087250 504.1
1087260 505.3
1087270 505.3
1087280 506.5
1087290 507.8
1087300 507.8
1087310 509.8
1087320 512.9
1087330 512.9
1087340 516.9
1087350 520.8
1087360 520.8
1087370 523.8
1087380 525.8
1087390 525.8
1087400 526.9
1087410 528.4
1087420 528.4
1087430 531.2
1087440 533.3
1087450 533.3
1087460 535.2
1087470 537.7
1087480 537.7
1087490 539.5
1087500 540.2
1087510 540.2
1087520 540.0
1087530 539.7
1087540 539.7
1087550 542.0
1087560 543.2
1087570 543.2
1087580 543.3
1087590 546.8
1087600 546.8
1087610 546.9
1087620 548.1
1087630 548.1
1087640 548.8
1087650 551.0
1087660 554.1
1087670 554.1
1087680 557.0
1087690 559.2
1087700 559.2
1087710 562.6
1087720 563.9
1087730 563.9
1087740 564.5
1087750 565.9
1087760 565.9
1087770 567.1
1087780 567.9
1087790 567.9
1087800 568.5
1087810 568.8
1087820 568.8
1087830 568.8
1087840 569.0
1087850 569.0
1087860 568.6
1087870 568.0
1087880 568.0
1087890 567.6
1087900 567.4
1087910 568.1
1087920 568.2
1087930 569.3
1087940 569.3
1087950 571.1
1087960 571.8
1087970 571.8
1087980 566.8
1087990 560.1
1088000 560.1
1088010 565.2
1088020 571.4
1088030 575.4
1088040 575.4
1088050 578.9
1088060 581.8
1088070 581.8
1088080 584.3
1088090 586.7
1088100 586.7
1088110 589.8
1088120 593.5
1088130 593.5
1088140 598.7
1088150 603.9
1088160 603.9
1088170 607.9
1088180 610.6
1088190 610.6
1088200 613.9
1088210 618.7
1088220 618.7
1088230 620.7
1088240 625.1
1088250 625.1
1088260 628.9
1088270 632.5
1088280 632.5
1088290 635.8
1088300 637.9
1088310 637.9
1088320 641.4
1088330 643.1
1088340 643.1
1088350 644.2
1088360 648.6
1088370 648.6
1088380 653.9
1088390 662.9
1088400 662.9
1088410 673.4
1088420 682.4
1088430 690.2
1088440 690.2
1088450 697.4
1088460 703.9
1088470 703.9
1088480 720.0
1088490 721.7
1088500 721.7
1088510 726.8
1088520 732.5
1088530 732.5
1088540 739.0
1088550 744.5
1088560 748.0
1088570 754.1
1088580 762.0
1088590 762.0
1088600 787.7
1088610 795.5
1088620 795.5
1088630 797.5
1088640 799.6
1088650 799.6
1088660 801.2
1088670 802.1
1088680 802.1
1088690 802.7
1088700 803.2
1088710 803.2
1088720 803.7
1088730 803.9
1088740 803.9
1088750 803.9
1088760 803.5
1088770 803.5
1088780 802.8
1088790 801.6
1088800 801.6
1088810 800.3
1088820 799.3
1088830 799.6
1088840 799.6
1088850 800.5
1088860 800.9
1088870 800.9
1088880 799.6
1088890 796.9
1088900 796.9
1088910 794.3
1088920 788.7
1088930 788.7
1088940 782.7
1088950 776.4
1088960 776.4
1088970 769.0
1088980 762.3
1088990 762.3
1089000 755.8
1089010 753.1
1089020 753.1
1089030 759.4
1089040 762.6
1089050 762.6
1089060 764.7
1089070 766.8
1089080 766.8
1089090 771.9
1089100 777.4
1089110 777.4
1089120 782.4
1089130 786.5
1089140 786.5
1089150 790.8
1089160 796.6
1089170 796.6
1089180 804.0
1089190 811.6
1089200 811.0
1089210 819.2
1089220 823.0
1089230 825.1
1089240 825.1
1089250 826.9
1089260 829.6
1089270 829.6
1089280 833.1
1089290 836.2
1089300 836.2
1089310 838.0
1089320 838.7
1089330 838.7
1089340 837.5
1089350 835.0
1089360 835.0
1089370 833.6
1089380 833.5
1089390 833.5
1089400 837.1
1089410 842.8
1089420 842.8
1089430 846.5
1089440 850.0
1089450 850.0
1089460 852.1
1089470 854.2
1089480 854.2
1089490 857.0
1089500 860.3
1089510 860.3
1089520 863.8
1089530 867.2
1089540 867.2
1089550 869.8
1089560 872.6
1089570 872.6
1089580 875.2
1089590 876.7
1089600 876.7
1089610 878.0
1089620 880.0
1089630 881.7
1089640 881.7
1089650 882.5
1089660 883.1
1089670 883.1
1089680 883.9
1089690 885.1
1089700 885.1
1089710 886.3
1089720 887.1
1089730 887.1
1089740 887.6
1089750 889.2
1089760 889.2
1089770 891.4
1089780 893.4
1089790 893.4
1089800 895.7
1089810 898.2
1089820 898.2
1089830 898.5
1089840 898.8
1089850 899.7
1089860 899.7
1089870 900.7
1089880 900.7
1089890 902.2
1089900 904.0
1089910 904.0
1089920 906.8
1089930 908.9
1089940 908.9
1089950 910.0
1089960 910.4
1089970 910.4
1089980 910.6
1089990 910.9
1090000 911.5
1090010 911.5
1090020 911.9
1090030 911.9
1090040 911.9
1090050 911.3
1090060 911.9
1090070 911.9
1090080 912.6
1090090 912.9
1090100 912.9
1090110 913.2
1090120 913.6
1090130 913.6
1090140 914.0
1090150 914.1
1090160 914.1
1090170 914.4
1090180 916.6
1090190 916.6
1090200 916.7
1090210 916.6
1090220 916.6
1090230 916.7
1090240 916.4
1090250 916.4
1090260 915.7
1090270 914.3
1090280 914.3
1090290 912.9
1090300 912.2
1090310 912.2
1090320 911.9
1090330 910.4
1090340 910.4
1090350 908.9
1090360 906.5
1090370 906.5
1090380 904.7
1090390 903.2
1090400 901.6
1090410 901.6
1090420 899.9
1090430 898.4
1090440 898.4
1090450 897.0
1090460 895.9
1090470 895.9
1090480 895.1
1090490 894.7
1090500 896.2
1090510 895.6
1090520 895.4
1090530 895.4
1090540 895.3
1090550 895.3
1090560 895.3
1090570 895.2
1090580 895.0
1090590 895.0
1090600 894.6
1090610 894.1
1090620 894.1
1090630 893.3
1090640 892.7
1090650 892.7
1090660 892.6
1090670 892.5
1090680 892.5
1090690 892.4
1090700 892.3
1090710 892.3
1090720 892.0
1090730 891.7
1090740 891.7
1090750 891.4
1090760 891.1
1090770 891.1
1090780 890.8
1090790 890.6
1090800 890.5
1090810 890.5
1090820 891.6
1090830 891.7
1090840 891.7
1090850 891.5
1090860 891.1
1090870 891.1
1090880 891.5
1090890 891.6
1090900 891.6
1090910 891.5
1090920 891.1
1090930 891.1
1090940 890.7
1090950 890.5
1090960 890.5
1090970 890.4
1090980 890.0
1090990 890.0
1091000 889.7
1091010 889.7
1091020 889.7
1091030 889.8
1091040 889.9
1091050 889.9
1091060 890.1
1091070 890.3
1091080 890.3
1091090 890.4
1091100 890.6
1091110 890.6
1091120 890.9
1091130 891.0
1091140 891.0
1091150 892.2
1091160 892.5
1091170 892.5
1091180 892.9
1091190 893.4
1091200 893.8
1091210 893.8
1091220 894.0
1091230 893.9
1091240 893.9
1091250 893.4
1091260 892.9
1091270 892.9
1091280 892.8
1091290 893.2
1091300 893.2
1091310 893.6
1091320 893.8
1091330 893.8
1091340 894.0
1091350 894.4
1091360 894.4
1091370 894.4
1091380 893.9
1091390 893.9
1091400 893.6
1091410 892.7
1091420 892.7
1091430 890.4
1091440 887.3
1091450 887.3
1091460 884.2
1091470 881.0
1091480 880.2
1091490 876.8
1091500 872.6
1091510 872.6
1091520 869.2
1091530 865.9
1091540 865.9
1091550 862.1
1091560 860.3
1091570 860.3
1091580 859.6
1091590 859.5
1091600 859.4
1091610 859.4
1091620 859.6
1091630 859.5
1091640 859.5
1091650 859.2
1091660 859.0
1091670 859.0
1091680 859.0
1091690 859.4
1091700 859.4
1091710 861.6
1091720 865.2
1091730 865.2
1091740 867.5
1091750 869.5
1091760 869.5
1091770 871.6
1091780 873.5
1091790 873.5
1091800 877.4
1091810 879.3
1091820 879.3
1091830 881.0
1091840 882.8
1091850 882.8
1091860 884.9
1091870 886.9
1091880 886.9
1091890 888.8
1091900 890.8
1091910 890.8
1091920 892.7
1091930 894.7
1091940 894.7
1091950 896.5
1091960 898.3
1091970 899.9
1091980 899.9
1091990 901.5
1092000 903.0
1092010 903.0
1092020 904.3
1092030 905.3
1092040 905.3
1092050 906.4
1092060 907.4
1092070 907.4
1092080 908.3
1092090 909.3
1092100 909.3
1092110 910.5
1092120 911.6
1092130 912.8
1092140 913.4
1092150 914.1
1092160 914.1
1092170 914.8
1092180 915.3
1092190 915.3
1092200 915.7
1092210 915.9
1092220 915.9
1092230 916.0
1092240 915.7
1092250 915.7
1092260 915.2
1092270 914.7
1092280 914.7
1092290 913.9
1092300 913.1
1092310 913.1
1092320 912.2
1092330 911.1
1092340 911.1
1092350 910.5
1092360 907.3
1092370 900.9
1092380 900.9
1092390 897.4
1092400 902.7
1092410 902.7
1092420 909.0
1092430 910.8
1092440 910.8
1092450 913.6
1092460 913.4
1092470 913.4
1092480 912.9
1092490 915.9
1092500 915.9
1092510 917.8
1092520 919.1
1092530 919.1
1092540 920.8
1092550 922.6
1092560 922.6
1092570 924.3
1092580 926.0
1092590 926.0
1092600 927.8
1092610 929.5
1092620 929.5
1092630 931.5
1092640 934.8
1092650 934.8
1092660 936.3
1092670 937.4
1092680 937.4
1092690 938.6
1092700 939.6
1092710 939.6
1092720 942.1
1092730 943.8
1092740 943.8
1092750 945.2
1092760 946.7
1092770 947.9
1092780 948.2
1092790 949.4
1092800 950.6
1092810 950.6
1092820 951.6
1092830 952.6
1092840 952.6
1092850 953.5
1092860 954.5
1092870 954.5
1092880 955.4
1092890 956.3
1092900 956.3
1092910 957.3
1092920 957.9
1092930 957.9
1092940 958.6
1092950 959.1
1092960 959.1
1092970 959.6
1092980 960.3
1092990 960.3
1093000 960.8
1093010 960.6
1093020 960.6
1093030 960.3
1093040 961.1
1093050 961.1
1093060 962.7
1093070 964.5
1093080 964.5
1093090 965.9
1093100 967.1
1093110 968.1
1093120 969.0
1093130 969.6
1093140 969.6
1093150 970.4
1093160 971.6
1093170 972.6
1093180 972.6
1093190 972.5
1093200 972.4
1093210 972.4
1093220 972.0
1093230 971.0
1093240 971.0
1093250 970.6
1093260 971.3
1093270 971.3
1093280 973.2
1093290 975.0
1093300 975.0
1093310 975.9
1093320 975.5
1093330 975.5
1093340 975.2
1093350 974.6
1093360 974.6
1093370 973.8
1093380 973.2
1093390 973.2
1093400 974.2
1093410 976.6
1093420 976.6
1093430 977.8
1093440 979.5
1093450 979.5
1093460 978.7
1093470 976.4
1093480 976.4
1093490 974.4
1093500 973.4
1093510 973.4
1093520 972.2
1093530 971.4
1093540 971.4
1093550 970.4
1093560 969.0
1093570 969.1
1093580 969.1
1093590 970.4
1093600 969.6
1093610 969.6
1093620 967.2
1093630 963.4
1093640 963.4
1093650 959.8
1093660 956.8
1093670 956.8
1093680 952.6
1093690 947.1
1093700 947.1
1093710 942.3
1093720 938.4
1093730 938.4
1093740 934.5
1093750 930.5
1093760 930.4
1093770 927.9
1093780 925.7
1093790 925.7
1093800 924.7
1093810 924.1
1093820 924.1
1093830 923.2
1093840 923.2
1093850 923.2
1093860 924.3
1093870 926.2
1093880 926.2
1093890 928.3
1093900 930.1
1093910 930.1
1093920 931.7
1093930 933.4
1093940 935.4
1093950 935.4
1093960 937.0
1093970 938.4
1093980 938.4
1093990 938.7
1094000 938.7
1094010 938.7
1094020 938.4
1094030 937.9
1094040 937.9
1094050 936.8
1094060 935.7
1094070 935.7
1094080 934.4
1094090 933.0
1094100 933.0
1094110 931.3
