1085710 435.6
1085720 435.6
1085730 435.1
1085740 434.7
1085750 434.7
1085760 434.5
1085770 434.4
1085780 434.4
1085790 434.2
1085800 434.0
1085810 434.0
1085820 433.7
1085830 433.5
1085840 433.5
1085850 433.6
1085860 433.6
1085870 433.6
1085880 433.1
1085890 431.7
1085900 431.7
1085910 431.5
1085920 431.4
1085930 431.4
1085940 431.2
1085950 431.1
1085960 431.1
1085970 430.5
1085980 429.4
1085990 429.4
1086000 428.5
1086010 427.4
1086020 427.4
1086030 429.9
1086040 431.7
1086050 431.9
1086060 431.9
1086070 432.2
1086080 432.5
1086090 432.5
1086100 433.0
1086110 433.7
1086120 433.7
1086130 435.0
1086140 438.3
1086150 438.3
1086160 442.0
1086170 444.0
1086180 444.0
1086190 444.6
1086200 444.9
1086210 444.9
1086220 445.3
1086230 445.4
1086240 445.4
1086250 445.5
1086260 445.7
1086270 445.7
1086280 445.9
1086290 446.1
1086300 446.1
1086310 446.2
1086320 446.5
1086330 446.5
1086340 446.8
1086350 447.3
1086360 447.3
1086370 449.3
1086380 450.9
1086390 450.9
1086400 453.3
1086410 455.3
1086420 455.3
1086430 456.8
1086440 458.3
1086450 458.9
1086460 458.9
1086470 459.2
1086480 459.2
1086490 459.2
1086500 459.6
1086510 460.2
1086520 460.2
1086530 460.7
1086540 460.8
1086550 460.8
1086560 461.0
1086570 461.2
1086580 461.2
1086590 461.4
1086600 461.7
1086610 461.7
1086620 461.8
1086630 461.9
1086640 461.9
1086650 462.0
1086660 462.1
1086670 462.1
1086680 462.4
1086690 463.0
1086700 463.0
1086710 463.4
1086720 463.7
1086730 463.7
1086740 463.6
1086750 463.4
1086760 463.3
1086770 463.7
1086780 463.9
1086790 463.9
1086800 464.0
1086810 464.4
1086820 464.4
1086830 463.4
1086840 462.8
1086850 463.1
1086860 463.1
1086870 463.3
1086880 463.5
1086890 463.5
1086900 463.5
1086910 463.3
1086920 463.3
1086930 463.3
1086940 463.6
1086950 463.6
1086960 463.9
1086970 464.3
1086980 464.3
1086990 464.7
1087000 465.1
1087010 465.1
1087020 465.4
1087030 466.1
1087040 466.1
1087050 466.5
1087060 466.8
1087070 466.8
1087080 466.9
1087090 467.0
1087100 467.0
1087110 467.1
1087120 467.3
1087130 467.3
1087140 467.4
1087150 467.7
1087160 467.7
1087170 467.8
1087180 467.9
1087190 467.9
1087200 468.0
1087210 468.0
1087220 468.0
1087230 468.3
1087240 468.0
1087250 462.7
1087260 462.7
1087270 458.3
1087280 457.7
1087290 457.7
1087300 458.4
1087310 464.6
1087320 464.6
1087330 469.4
1087340 472.1
1087350 472.1
1087360 472.8
1087370 473.3
1087380 473.3
1087390 473.8
1087400 474.4
1087410 474.4
1087420 474.5
1087430 474.8
1087440 474.8
1087450 475.1
1087460 475.4
1087470 475.4
1087480 475.4
1087490 475.4
1087500 475.4
1087510 475.6
1087520 475.9
1087530 475.9
1087540 476.0
1087550 476.0
1087560 476.0
1087570 476.3
1087580 476.6
1087590 476.6
1087600 477.0
1087610 477.5
1087620 477.5
1087630 478.1
1087640 478.7
1087650 478.9
1087660 478.9
1087670 477.3
1087680 476.2
1087690 476.2
1087700 476.7
1087710 476.5
1087720 480.6
1087730 480.6
1087740 479.9
1087750 479.9
1087760 478.0
1087770 476.9
1087780 476.9
1087790 475.0
1087800 473.7
1087810 473.7
1087820 476.1
1087830 480.2
1087840 480.2
1087850 485.4
1087860 486.0
1087870 486.0
1087880 486.4
1087890 486.9
1087900 486.9
1087910 487.5
1087920 488.1
1087930 488.1
1087940 488.8
1087950 489.3
1087960 489.3
1087970 489.8
1087980 490.4
1087990 490.4
1088000 491.0
1088010 491.7
1088020 491.7
1088030 492.4
1088040 492.9
1088050 493.3
1088060 493.6
1088070 491.5
1088080 487.7
1088090 487.7
1088100 487.0
1088110 489.4
1088120 489.4
1088130 493.0
1088140 493.0
1088150 493.0
1088160 492.4
1088170 490.2
1088180 490.2
1088190 491.9
1088200 493.0
1088210 493.0
1088220 491.2
1088230 491.8
1088240 491.8
1088250 492.6
1088260 492.7
1088270 492.7
1088280 493.1
1088290 494.8
1088300 494.8
1088310 495.5
1088320 494.7
1088330 494.7
1088340 495.6
1088350 496.5
1088360 496.5
1088370 497.8
1088380 498.7
1088390 498.7
1088400 501.4
1088410 503.6
1088420 503.6
1088430 506.7
1088440 508.5
1088450 508.5
1088460 508.9
1088470 509.4
1088480 509.7
1088490 509.7
1088500 510.2
1088510 510.6
1088520 510.6
1088530 511.1
1088540 511.6
1088550 511.6
1088560 512.0
1088570 512.5
1088580 512.5
1088590 512.9
1088600 513.1
1088610 513.1
1088620 513.2
1088630 513.3
1088640 513.3
1088650 514.1
1088660 515.1
1088670 515.1
1088680 515.7
1088690 517.2
1088700 517.2
1088710 518.1
1088720 519.4
1088730 519.4
1088740 520.5
1088750 521.1
1088760 521.1
1088770 521.8
1088780 522.4
1088790 522.4
1088800 523.0
1088810 523.4
1088820 523.4
1088830 523.9
1088840 524.3
1088850 524.3
1088860 524.7
1088870 525.5
1088880 526.4
1088890 526.4
1088900 527.3
1088910 528.0
1088920 528.0
1088930 528.7
1088940 529.6
1088950 529.6
1088960 531.0
1088970 532.0
1088980 532.0
1088990 533.1
1089000 534.1
1089010 534.1
1089020 535.5
1089030 536.6
1089040 536.6
1089050 537.8
1089060 539.3
1089070 539.3
1089080 540.8
1089090 542.4
1089100 542.4
1089110 544.1
1089120 545.6
1089130 545.6
1089140 547.0
1089150 548.4
1089160 548.4
1089170 549.9
1089180 551.5
1089190 551.5
1089200 553.0
1089210 554.5
1089220 554.5
1089230 555.8
1089240 556.2
1089250 556.2
1089260 554.3
1089270 553.6
1089280 557.5
1089290 557.5
1089300 560.8
1089310 562.7
1089320 562.7
1089330 564.5
1089340 563.4
1089350 563.4
1089360 566.2
1089370 568.5
1089380 568.5
1089390 570.7
1089400 572.7
1089410 572.7
1089420 574.4
1089430 575.7
1089440 575.7
1089450 577.7
1089460 580.3
1089470 580.3
1089480 582.6
1089490 585.8
1089500 585.8
1089510 588.9
1089520 591.3
1089530 591.3
1089540 595.1
1089550 597.8
1089560 597.8
1089570 600.5
1089580 602.4
1089590 602.4
1089600 603.0
1089610 602.9
1089620 602.9
1089630 602.4
1089640 602.3
1089650 602.3
1089660 612.7
1089670 615.1
1089680 610.4
1089690 610.4
1089700 606.3
1089710 603.8
1089720 603.8
1089730 601.4
1089740 599.5
1089750 599.5
1089760 596.9
1089770 596.7
1089780 596.7
1089790 599.0
1089800 603.9
1089810 603.9
1089820 608.4
1089830 612.6
1089840 612.6
1089850 616.1
1089860 618.3
1089870 618.3
1089880 623.9
1089890 634.1
1089900 634.1
1089910 641.8
1089920 646.0
1089930 646.0
1089940 650.9
1089950 656.2
1089960 656.2
1089970 661.3
1089980 666.2
1089990 662.4
1090000 665.9
1090010 669.8
1090020 669.8
1090030 677.3
1090040 684.0
1090050 684.0
1090060 690.0
1090070 693.9
1090080 698.4
1090090 698.4
1090100 704.2
1090110 718.6
1090120 718.6
1090130 728.5
1090140 730.1
1090150 730.1
1090160 731.0
1090170 732.1
1090180 732.1
1090190 733.5
1090200 735.0
1090210 735.0
1090220 736.6
1090230 737.8
1090240 737.8
1090250 739.0
1090260 740.0
1090270 740.0
1090280 740.8
1090290 741.7
1090300 741.7
1090310 742.4
1090320 742.8
1090330 742.8
1090340 743.1
1090350 743.5
1090360 743.5
1090370 743.8
1090380 744.2
1090390 744.2
1090400 744.7
1090410 745.4
1090420 745.4
1090430 746.4
1090440 747.7
1090450 747.7
1090460 749.0
1090470 750.3
1090480 751.6
1090490 751.6
1090500 752.7
1090510 753.0
1090520 753.0
1090530 753.4
1090540 756.1
1090550 756.1
1090560 758.7
1090570 760.3
1090580 760.3
1090590 762.5
1090600 764.6
1090610 764.6
1090620 764.8
1090630 764.5
1090640 771.1
1090650 773.2
1090660 774.3
1090670 774.3
1090680 774.9
1090690 775.4
1090700 775.4
1090710 775.5
1090720 775.8
1090730 775.8
1090740 776.1
1090750 776.2
1090760 776.2
1090770 776.1
1090780 776.1
1090790 776.1
1090800 775.8
1090810 775.5
1090820 775.5
1090830 775.2
1090840 775.6
1090850 775.6
1090860 775.9
1090870 775.9
1090880 775.9
1090890 775.7
1090900 775.5
1090910 775.3
1090920 775.3
1090930 775.1
1090940 774.9
1090950 774.9
1090960 774.8
1090970 774.7
1090980 774.7
1090990 774.5
1091000 774.3
1091010 774.3
1091020 774.1
1091030 773.9
1091040 773.9
1091050 773.7
1091060 773.7
1091070 773.7
1091080 773.8
1091090 773.9
1091100 773.9
1091110 774.0
1091120 774.1
1091130 774.1
1091140 774.3
1091150 774.5
1091160 774.5
1091170 774.8
1091180 775.1
1091190 775.1
1091200 775.3
1091210 775.4
1091220 775.4
1091230 776.0
1091240 776.5
1091250 776.5
1091260 776.5
1091270 776.3
1091280 776.3
1091290 777.3
1091300 777.0
1091310 776.5
1091320 776.5
1091330 775.9
1091340 775.3
1091350 775.3
1091360 774.9
1091370 774.5
1091380 774.5
1091390 774.5
1091400 774.5
1091410 774.5
1091420 774.1
1091430 774.0
1091440 774.0
1091450 771.1
1091460 762.0
1091470 762.0
1091480 761.6
1091490 769.9
1091500 769.9
1091510 775.2
1091520 775.6
1091530 775.6
1091540 776.0
1091550 776.5
1091560 776.5
1091570 777.0
1091580 777.3
1091590 777.3
1091600 777.5
1091610 777.8
1091620 777.8
1091630 777.6
1091640 776.7
1091650 776.7
1091660 775.7
1091670 775.2
1091680 775.2
1091690 774.6
1091700 775.1
1091710 776.6
1091720 776.6
1091730 779.6
1091740 779.3
1091750 779.3
1091760 780.3
1091770 781.1
1091780 781.1
1091790 782.1
1091800 783.3
1091810 783.3
1091820 784.5
1091830 785.9
1091840 785.9
1091850 787.0
1091860 788.2
1091870 788.2
1091880 789.9
1091890 791.4
1091900 791.4
1091910 792.9
1091920 794.3
1091930 794.3
1091940 797.5
1091950 798.0
1091960 798.0
1091970 798.8
1091980 799.5
1091990 799.5
1092000 800.3
1092010 800.3
1092020 800.3
1092030 800.4
1092040 800.0
1092050 800.0
1092060 799.1
1092070 798.1
1092080 798.1
1092090 797.1
1092100 796.4
1092110 796.1
1092120 796.1
1092130 796.1
1092140 796.3
1092150 796.3
1092160 798.0
1092170 798.0
1092180 798.0
1092190 798.6
1092200 794.5
1092210 794.5
1092220 785.6
1092230 785.5
1092240 785.5
1092250 789.7
1092260 791.6
1092270 793.0
1092280 795.1
1092290 796.2
1092300 796.2
1092310 797.0
1092320 797.8
1092330 797.8
1092340 798.4
1092350 798.8
1092360 798.8
1092370 798.7
1092380 799.1
1092390 799.1
1092400 800.1
1092410 800.6
1092420 800.6
1092430 801.1
1092440 801.3
1092450 801.3
1092460 801.6
1092470 801.5
1092480 801.5
1092490 800.8
1092500 800.0
1092510 799.4
1092520 799.4
1092530 798.7
1092540 797.8
1092550 797.8
1092560 797.0
1092570 796.7
1092580 796.7
1092590 795.7
1092600 796.4
1092610 796.4
1092620 797.0
1092630 797.2
1092640 797.2
1092650 797.4
1092660 797.6
1092670 797.6
1092680 797.7
1092690 796.6
1092700 796.6
1092710 796.4
1092720 798.0
1092730 798.0
1092740 799.0
1092750 799.3
1092760 799.3
1092770 799.7
1092780 800.2
1092790 800.2
1092800 800.6
1092810 801.0
1092820 801.0
1092830 801.5
1092840 802.0
1092850 802.0
1092860 802.2
1092870 802.5
1092880 802.5
1092890 802.7
1092900 802.8
1092910 803.1
1092920 803.9
1092930 804.0
1092940 804.2
1092950 804.2
1092960 804.2
1092970 804.1
1092980 804.1
1092990 804.0
1093000 803.9
1093010 803.9
1093020 803.8
1093030 803.8
1093040 803.8
1093050 803.7
1093060 803.7
1093070 803.7
1093080 803.7
1093090 803.5
1093100 803.5
1093110 803.0
1093120 802.4
1093130 802.4
1093140 801.9
1093150 801.5
1093160 801.5
1093170 801.2
1093180 801.0
1093190 801.0
1093200 800.8
1093210 800.7
1093220 800.7
1093230 800.4
1093240 799.9
1093250 799.0
1093260 798.7
1093270 798.2
1093280 798.2
1093290 797.4
1093300 796.7
1093310 796.7
1093320 796.2
1093330 795.6
1093340 795.0
1093350 795.0
1093360 794.3
1093370 793.7
1093380 793.7
1093390 793.1
1093400 792.2
1093410 792.2
1093420 791.6
1093430 790.7
1093440 790.7
1093450 792.4
1093460 793.0
1093470 793.0
1093480 793.6
1093490 794.1
1093500 794.1
1093510 794.4
1093520 794.9
1093530 794.9
1093540 795.5
1093550 795.7
1093560 795.7
1093570 795.4
1093580 793.9
1093590 793.9
1093600 793.4
1093610 793.7
1093620 793.7
1093630 792.7
1093640 794.2
1093650 794.2
1093660 795.0
1093670 795.3
1093680 795.3
1093690 795.8
1093700 794.8
1093710 794.8
1093720 795.9
1093730 796.1
1093740 795.8
1093750 795.8
1093760 796.2
1093770 796.5
1093780 796.5
1093790 796.6
1093800 796.9
1093810 796.9
1093820 797.0
1093830 796.4
1093840 796.4
1093850 795.1
1093860 794.0
1093870 794.0
1093880 793.2
1093890 792.7
1093900 794.8
1093910 794.2
1093920 792.8
1093930 792.8
1093940 791.6
1093950 790.4
1093960 790.4
1093970 791.0
1093980 791.4
1093990 791.4
1094000 791.5
1094010 791.9
1094020 791.9
1094030 792.7
1094040 793.6
1094050 793.6
1094060 794.2
1094070 794.5
1094080 794.5
1094090 794.6
1094100 795.0
1094110 795.0
1094120 795.9
1094130 797.1
1094140 798.3
1094150 798.3
1094160 799.3
1094170 800.0
1094180 800.0
1094190 800.7
1094200 801.5
1094210 801.5
1094220 802.6
1094230 805.5
1094240 805.5
