1086140 468.8
1086150 468.8
1086160 468.9
1086170 468.8
1086180 468.8
1086190 468.6
1086200 468.6
1086210 468.6
1086220 467.1
1086230 462.5
1086240 462.5
1086250 457.2
1086260 458.3
1086270 458.3
1086280 461.9
1086290 464.3
1086300 464.3
1086310 466.5
1086320 467.9
1086330 467.9
1086340 468.2
1086350 468.3
1086360 468.3
1086370 468.3
1086380 468.0
1086390 467.5
1086400 467.5
1086410 466.3
1086420 465.4
1086430 465.4
1086440 464.0
1086450 463.8
1086460 463.8
1086470 463.3
1086480 462.7
1086490 462.7
1086500 461.5
1086510 458.0
1086520 458.0
1086530 446.9
1086540 437.8
1086550 437.8
1086560 434.0
1086570 435.6
1086580 435.6
1086590 436.2
1086600 436.2
1086610 436.2
1086620 436.2
1086630 436.4
1086640 436.4
1086650 436.7
1086660 436.8
1086670 436.8
1086680 436.7
1086690 436.8
1086700 436.8
1086710 437.3
1086720 437.9
1086730 437.9
1086740 438.9
1086750 440.2
1086760 440.2
1086770 441.5
1086780 443.8
1086790 443.8
1086800 445.8
1086810 446.9
1086820 448.1
1086830 448.1
1086840 449.5
1086850 451.1
1086860 451.1
1086870 452.6
1086880 454.3
1086890 454.3
1086900 455.5
1086910 456.8
1086920 456.8
1086930 458.2
1086940 459.9
1086950 459.9
1086960 461.5
1086970 462.8
1086980 462.8
1086990 464.5
1087000 466.3
1087010 466.3
1087020 467.6
1087030 468.8
1087040 468.8
1087050 469.8
1087060 471.5
1087070 471.5
1087080 472.5
1087090 473.4
1087100 473.4
1087110 474.2
1087120 474.9
1087130 474.9
1087140 475.2
1087150 475.2
1087160 475.2
1087170 475.5
1087180 476.0
1087190 476.0
1087200 476.5
1087210 477.7
1087220 478.0
1087230 478.0
1087240 478.2
1087250 478.2
1087260 478.2
1087270 478.5
1087280 478.7
1087290 478.7
1087300 478.7
1087310 478.6
1087320 478.6
1087330 478.6
1087340 478.3
1087350 478.3
1087360 478.0
1087370 477.7
1087380 476.5
1087390 476.3
1087400 476.5
1087410 476.5
1087420 476.8
1087430 477.3
1087440 477.3
1087450 477.6
1087460 478.1
1087470 478.1
1087480 478.9
1087490 479.5
1087500 479.5
1087510 479.8
1087520 480.1
1087530 480.1
1087540 480.3
1087550 480.7
1087560 480.7
1087570 481.7
1087580 482.2
1087590 482.2
1087600 482.4
1087610 482.4
1087620 482.5
1087630 482.5
1087640 482.6
1087650 482.8
1087660 482.8
1087670 483.1
1087680 483.3
1087690 483.3
1087700 483.2
1087710 483.3
1087720 483.3
1087730 483.4
1087740 483.3
1087750 483.3
1087760 483.5
1087770 483.8
1087780 483.8
1087790 484.0
1087800 484.2
1087810 484.2
1087820 484.3
1087830 484.5
1087840 484.5
1087850 484.6
1087860 484.9
1087870 484.9
1087880 485.1
1087890 485.4
1087900 485.4
1087910 485.6
1087920 485.7
1087930 485.7
1087940 485.8
1087950 485.8
1087960 485.8
1087970 485.9
1087980 486.0
1087990 486.0
1088000 485.8
1088010 485.1
1088020 484.0
1088030 482.6
1088040 481.4
1088050 480.8
1088060 480.8
1088070 480.7
1088080 480.4
1088090 480.4
1088100 480.0
1088110 479.7
1088120 479.7
1088130 479.7
1088140 479.8
1088150 479.8
1088160 480.0
1088170 480.2
1088180 480.2
1088190 480.4
1088200 480.3
1088210 480.3
1088220 479.7
1088230 479.4
1088240 479.4
1088250 479.3
1088260 479.0
1088270 479.0
1088280 479.1
1088290 479.7
1088300 479.7
1088310 480.0
1088320 480.9
1088330 480.9
1088340 481.7
1088350 481.7
1088360 481.7
1088370 482.2
1088380 482.9
1088390 482.9
1088400 483.4
1088410 483.6
1088420 483.6
1088430 486.0
1088440 487.8
1088450 488.3
1088460 488.3
1088470 487.5
1088480 486.5
1088490 486.5
1088500 487.2
1088510 488.8
1088520 488.8
1088530 490.3
1088540 490.3
1088550 490.3
1088560 490.4
1088570 490.8
1088580 490.8
1088590 491.0
1088600 491.1
1088610 491.1
1088620 491.1
1088630 493.2
1088640 493.2
1088650 495.7
1088660 497.0
1088670 497.0
1088680 498.2
1088690 498.7
1088700 498.7
1088710 499.3
1088720 500.1
1088730 500.1
1088740 501.1
1088750 502.2
1088760 502.2
1088770 503.2
1088780 504.2
1088790 504.2
1088800 504.9
1088810 505.7
1088820 505.7
1088830 506.4
1088840 507.1
1088850 507.8
1088860 507.8
1088870 508.5
1088880 509.2
1088890 509.2
1088900 509.9
1088910 510.6
1088920 510.6
1088930 511.3
1088940 512.1
1088950 512.1
1088960 512.8
1088970 514.3
1088980 514.3
1088990 515.3
1089000 515.6
1089010 515.6
1089020 516.0
1089030 516.5
1089040 516.5
1089050 517.0
1089060 517.6
1089070 517.6
1089080 518.2
1089090 518.8
1089100 518.8
1089110 519.3
1089120 519.8
1089130 519.8
1089140 520.2
1089150 520.5
1089160 520.5
1089170 521.0
1089180 521.7
1089190 521.7
1089200 522.3
1089210 522.9
1089220 522.9
1089230 523.4
1089240 523.7
1089250 524.1
1089260 524.1
1089270 524.6
1089280 525.3
1089290 525.3
1089300 526.5
1089310 527.2
1089320 527.8
1089330 528.5
1089340 529.4
1089350 529.4
1089360 530.8
1089370 533.7
1089380 533.7
1089390 536.8
1089400 540.9
1089410 540.9
1089420 543.6
1089430 544.5
1089440 544.5
1089450 544.3
1089460 543.9
1089470 543.9
1089480 543.8
1089490 543.8
1089500 543.8
1089510 543.8
1089520 544.0
1089530 544.0
1089540 544.3
1089550 544.9
1089560 544.9
1089570 545.5
1089580 546.2
1089590 546.2
1089600 546.9
1089610 547.6
1089620 547.6
1089630 548.2
1089640 547.9
1089650 547.9
1089660 547.8
1089670 547.8
1089680 548.3
1089690 548.3
1089700 548.5
1089710 548.5
1089720 548.5
1089730 548.7
1089740 549.0
1089750 549.0
1089760 549.4
1089770 549.9
1089780 549.9
1089790 550.3
1089800 550.6
1089810 550.6
1089820 550.8
1089830 550.9
1089840 550.9
1089850 550.9
1089860 551.0
1089870 551.0
1089880 551.1
1089890 551.6
1089900 551.6
1089910 552.2
1089920 552.8
1089930 552.8
1089940 553.4
1089950 554.1
1089960 554.1
1089970 555.5
1089980 556.0
1089990 556.0
1090000 555.8
1090010 554.0
1090020 554.0
1090030 553.0
1090040 551.6
1090050 551.6
1090060 550.6
1090070 553.9
1090080 557.9
1090090 557.9
1090100 560.0
1090110 560.8
1090120 560.8
1090130 561.9
1090140 564.0
1090150 564.0
1090160 565.5
1090170 566.9
1090180 566.9
1090190 567.8
1090200 568.7
1090210 568.7
1090220 570.0
1090230 573.5
1090240 573.5
1090250 576.4
1090260 578.0
1090270 578.0
1090280 579.9
1090290 583.1
1090300 583.1
1090310 583.0
1090320 579.4
1090330 579.4
1090340 577.3
1090350 573.8
1090360 573.8
1090370 570.4
1090380 567.6
1090390 567.6
1090400 569.2
1090410 576.5
1090420 576.5
1090430 583.6
1090440 591.8
1090450 591.8
1090460 599.8
1090470 604.2
1090480 604.6
1090490 604.6
1090500 603.5
1090510 602.5
1090520 602.5
1090530 602.4
1090540 596.9
1090550 596.9
1090560 590.4
1090570 590.7
1090580 590.7
1090590 598.2
1090600 606.8
1090610 606.8
1090620 610.1
1090630 614.2
1090640 614.2
1090650 620.0
1090660 624.8
1090670 624.8
1090680 628.8
1090690 631.5
1090700 631.5
1090710 634.6
1090720 637.8
1090730 637.8
1090740 640.7
1090750 642.7
1090760 642.7
1090770 644.5
1090780 645.5
1090790 645.5
1090800 647.0
1090810 649.3
1090820 649.3
1090830 650.4
1090840 655.6
1090850 655.6
1090860 660.4
1090870 664.1
1090880 664.1
1090890 667.5
1090900 668.3
1090910 668.2
1090920 668.2
1090930 670.4
1090940 679.3
1090950 679.3
1090960 680.1
1090970 680.9
1090980 680.9
1090990 682.7
1091000 683.6
1091010 683.6
1091020 687.1
1091030 688.3
1091040 688.3
1091050 686.9
1091060 690.8
1091070 690.8
1091080 693.0
1091090 694.3
1091100 694.3
1091110 695.9
1091120 697.4
1091130 697.4
1091140 699.0
1091150 700.8
1091160 700.8
1091170 702.6
1091180 705.0
1091190 705.0
1091200 707.7
1091210 710.0
1091220 710.0
1091230 711.4
1091240 712.6
1091250 712.6
1091260 714.2
1091270 718.4
1091280 718.4
1091290 720.8
1091300 721.8
1091310 722.5
1091320 722.5
1091330 723.1
1091340 724.2
1091350 724.2
1091360 726.9
1091370 729.1
1091380 729.1
1091390 729.6
1091400 729.7
1091410 729.7
1091420 731.2
1091430 732.3
1091440 732.3
1091450 733.9
1091460 736.9
1091470 736.9
1091480 738.7
1091490 739.5
1091500 739.5
1091510 739.3
1091520 739.1
1091530 739.1
1091540 738.4
1091550 738.2
1091560 738.2
1091570 738.2
1091580 737.7
1091590 743.1
1091600 744.9
1091610 745.5
1091620 745.5
1091630 744.9
1091640 744.3
1091650 744.3
1091660 743.6
1091670 738.1
1091680 738.1
1091690 734.5
1091700 730.9
1091710 733.1
1091720 733.1
1091730 735.4
1091740 738.1
1091750 738.1
1091760 738.0
1091770 737.6
1091780 737.6
1091790 737.0
1091800 736.6
1091810 736.6
1091820 736.7
1091830 736.5
1091840 736.5
1091850 736.3
1091860 736.0
1091870 736.0
1091880 735.7
1091890 735.2
1091900 735.2
1091910 734.9
1091920 733.6
1091930 733.6
1091940 730.7
1091950 729.3
1091960 729.3
1091970 728.6
1091980 727.2
1091990 727.2
1092000 725.0
1092010 715.0
1092020 715.0
1092030 705.2
1092040 699.1
1092050 699.1
1092060 697.0
1092070 695.2
1092080 695.2
1092090 692.9
1092100 688.0
1092110 686.5
1092120 686.5
1092130 688.6
1092140 690.1
1092150 690.1
1092160 690.8
1092170 693.1
1092180 693.1
1092190 695.9
1092200 699.0
1092210 699.0
1092220 704.6
1092230 710.4
1092240 706.4
1092250 708.8
1092260 709.7
1092270 709.7
1092280 710.4
1092290 710.4
1092300 710.4
1092310 710.7
1092320 711.6
1092330 711.6
1092340 713.3
1092350 714.8
1092360 714.8
1092370 714.9
1092380 716.2
1092390 716.2
1092400 717.4
1092410 719.0
1092420 719.0
1092430 721.6
1092440 722.9
1092450 722.9
1092460 723.4
1092470 723.8
1092480 723.8
1092490 724.2
1092500 724.9
1092510 724.9
1092520 727.1
1092530 729.4
1092540 730.5
1092550 730.5
1092560 731.6
1092570 731.9
1092580 731.9
1092590 733.1
1092600 733.8
1092610 733.8
1092620 734.6
1092630 735.2
1092640 735.2
1092650 735.9
1092660 736.6
1092670 736.6
1092680 737.3
1092690 738.0
1092700 738.0
1092710 738.8
1092720 739.7
1092730 739.7
1092740 740.6
1092750 741.5
1092760 741.5
1092770 742.3
1092780 743.0
1092790 743.0
1092800 743.7
1092810 744.4
1092820 744.4
1092830 745.0
1092840 745.5
1092850 745.5
1092860 745.9
1092870 746.3
1092880 746.3
1092890 746.7
1092900 746.4
1092910 746.4
1092920 746.3
1092930 746.0
1092940 745.7
1092950 745.7
1092960 745.4
1092970 745.3
1092980 745.3
1092990 745.2
1093000 745.3
1093010 745.3
1093020 745.5
1093030 745.8
1093040 745.8
1093050 745.9
1093060 745.8
1093070 745.8
1093080 745.5
1093090 745.0
1093100 745.0
1093110 743.2
1093120 739.1
1093130 739.1
1093140 737.1
1093150 738.1
1093160 738.1
1093170 737.8
1093180 737.0
1093190 737.0
1093200 739.6
1093210 741.7
1093220 742.6
1093230 745.6
1093240 747.0
1093250 747.0
1093260 747.9
1093270 748.7
1093280 748.7
1093290 749.4
1093300 750.0
1093310 750.0
1093320 750.6
1093330 751.1
1093340 751.7
1093350 751.7
1093360 752.2
1093370 752.7
1093380 752.7
1093390 753.1
1093400 753.5
1093410 753.5
1093420 754.0
1093430 754.5
1093440 754.5
1093450 754.8
1093460 755.1
1093470 755.1
1093480 755.3
1093490 755.4
1093500 755.4
1093510 755.4
1093520 755.1
1093530 755.1
1093540 754.0
1093550 753.1
1093560 753.1
1093570 752.0
1093580 751.3
1093590 751.3
1093600 750.7
1093610 750.5
1093620 750.5
1093630 750.2
1093640 748.2
1093650 748.2
1093660 744.3
1093670 740.7
1093680 740.7
1093690 741.9
1093700 743.5
1093710 743.5
1093720 744.6
1093730 745.6
1093740 748.3
1093750 748.3
1093760 751.5
1093770 753.4
1093780 753.4
1093790 754.8
1093800 756.0
1093810 756.0
1093820 756.8
1093830 757.6
1093840 757.6
1093850 758.1
1093860 758.5
1093870 758.5
1093880 759.6
1093890 760.0
1093900 760.0
1093910 760.1
1093920 759.9
1093930 759.9
1093940 760.4
1093950 760.9
1093960 760.9
1093970 761.1
1093980 761.2
1093990 761.2
1094000 761.0
1094010 760.9
1094020 760.9
1094030 760.9
1094040 760.8
1094050 760.8
1094060 759.3
