1085760 450.0
1085770 450.0
1085780 446.2
1085790 446.6
1085800 446.6
1085810 446.9
1085820 447.9
1085830 447.9
1085840 450.4
1085850 451.6
1085860 451.6
1085870 452.5
1085880 452.5
1085890 452.5
1085900 450.6
1085910 447.0
1085920 441.0
1085930 441.0
1085940 437.7
1085950 436.0
1085960 436.0
1085970 433.1
1085980 432.2
1085990 432.2
1086000 432.1
1086010 431.6
1086020 431.6
1086030 430.0
1086040 428.6
1086050 428.6
1086060 430.9
1086070 432.0
1086080 432.0
1086090 432.1
1086100 432.0
1086110 432.0
1086120 432.2
1086130 432.3
1086140 432.3
1086150 432.3
1086160 432.3
1086170 432.3
1086180 433.1
1086190 433.9
1086200 433.9
1086210 434.2
1086220 434.5
1086230 434.5
1086240 436.0
1086250 439.0
1086260 439.0
1086270 442.1
1086280 444.7
1086290 444.7
1086300 445.7
1086310 445.9
1086320 446.0
1086330 446.0
1086340 446.2
1086350 446.4
1086360 446.4
1086370 446.5
1086380 446.8
1086390 446.8
1086400 446.8
1086410 446.9
1086420 446.9
1086430 445.6
1086440 438.8
1086450 438.8
1086460 435.6
1086470 436.5
1086480 436.5
1086490 437.0
1086500 437.1
1086510 437.1
1086520 438.1
1086530 438.7
1086540 438.7
1086550 439.2
1086560 440.1
1086570 440.1
1086580 441.3
1086590 442.0
1086600 442.0
1086610 442.3
1086620 442.8
1086630 442.8
1086640 443.5
1086650 443.8
1086660 443.8
1086670 444.2
1086680 443.8
1086690 443.8
1086700 439.2
1086710 439.6
1086720 440.9
1086730 440.9
1086740 440.7
1086750 440.3
1086760 440.3
1086770 441.4
1086780 441.6
1086790 441.6
1086800 442.1
1086810 442.9
1086820 442.9
1086830 445.0
1086840 446.8
1086850 446.8
1086860 448.4
1086870 448.8
1086880 448.8
1086890 448.1
1086900 446.5
1086910 446.5
1086920 445.1
1086930 444.1
1086940 444.1
1086950 442.9
1086960 444.0
1086970 444.0
1086980 447.9
1086990 451.0
1087000 451.0
1087010 453.7
1087020 460.4
1087030 460.4
1087040 461.2
1087050 460.2
1087060 460.2
1087070 458.9
1087080 458.8
1087090 458.8
1087100 458.3
1087110 456.0
1087120 453.2
1087130 453.2
1087140 451.6
1087150 450.8
1087160 450.8
1087170 451.5
1087180 451.7
1087190 451.7
1087200 452.2
1087210 452.6
1087220 452.6
1087230 452.8
1087240 454.0
1087250 454.0
1087260 455.0
1087270 456.3
1087280 456.3
1087290 457.3
1087300 458.7
1087310 458.7
1087320 462.1
1087330 466.6
1087340 464.3
1087350 468.2
1087360 470.6
1087370 470.6
1087380 471.2
1087390 471.8
1087400 471.8
1087410 472.4
1087420 473.1
1087430 473.1
1087440 473.7
1087450 473.9
1087460 473.9
1087470 474.2
1087480 474.3
1087490 474.3
1087500 474.3
1087510 474.1
1087520 473.8
1087530 473.8
1087540 473.0
1087550 468.9
1087560 468.9
1087570 467.9
1087580 468.9
1087590 468.9
1087600 469.9
1087610 470.4
1087620 470.4
1087630 471.8
1087640 474.1
1087650 474.1
1087660 475.2
1087670 475.9
1087680 475.9
1087690 476.5
1087700 477.1
1087710 477.1
1087720 477.6
1087730 478.1
1087740 478.1
1087750 478.7
1087760 479.2
1087770 479.2
1087780 479.7
1087790 480.2
1087800 480.2
1087810 480.5
1087820 481.0
1087830 481.0
1087840 481.8
1087850 482.6
1087860 482.6
1087870 483.1
1087880 483.5
1087890 483.5
1087900 483.9
1087910 484.4
1087920 484.4
1087930 484.9
1087940 485.4
1087950 485.9
1087960 485.9
1087970 486.4
1087980 486.9
1087990 487.2
1088000 487.7
1088010 488.3
1088020 488.3
1088030 488.9
1088040 489.4
1088050 489.4
1088060 490.0
1088070 490.5
1088080 490.5
1088090 491.0
1088100 491.4
1088110 491.4
1088120 491.9
1088130 492.3
1088140 492.3
1088150 492.8
1088160 493.4
1088170 493.4
1088180 493.3
1088190 493.4
1088200 493.4
1088210 493.5
1088220 493.7
1088230 493.7
1088240 495.0
1088250 496.0
1088260 496.0
1088270 496.4
1088280 496.9
1088290 496.9
1088300 497.0
1088310 497.3
1088320 497.3
1088330 497.3
1088340 497.6
1088350 497.8
1088360 497.8
1088370 498.0
1088380 498.3
1088390 498.3
1088400 498.7
1088410 499.0
1088420 499.0
1088430 499.4
1088440 500.0
1088450 500.0
1088460 500.3
1088470 501.2
1088480 501.2
1088490 501.9
1088500 502.9
1088510 502.9
1088520 502.9
1088530 503.1
1088540 503.1
1088550 504.3
1088560 505.1
1088570 505.1
1088580 505.8
1088590 506.5
1088600 506.5
1088610 506.9
1088620 507.1
1088630 507.7
1088640 508.0
1088650 508.4
1088660 508.4
1088670 509.0
1088680 509.8
1088690 509.8
1088700 510.4
1088710 510.6
1088720 510.6
1088730 510.6
1088740 511.1
1088750 512.3
1088760 512.3
1088770 513.6
1088780 514.7
1088790 514.7
1088800 515.9
1088810 517.3
1088820 517.3
1088830 519.0
1088840 520.3
1088850 520.3
1088860 521.3
1088870 522.6
1088880 522.6
1088890 524.1
1088900 525.5
1088910 525.5
1088920 526.5
1088930 527.1
1088940 527.1
1088950 527.7
1088960 528.5
1088970 528.5
1088980 529.2
1088990 530.1
1089000 530.1
1089010 530.9
1089020 531.9
1089030 531.9
1089040 532.8
1089050 533.7
1089060 533.7
1089070 534.4
1089080 536.2
1089090 536.2
1089100 537.1
1089110 538.2
1089120 538.2
1089130 539.3
1089140 540.2
1089150 541.3
1089160 541.3
1089170 542.5
1089180 543.5
1089190 543.5
1089200 544.7
1089210 545.7
1089220 545.7
1089230 547.0
1089240 548.0
1089250 548.0
1089260 549.1
1089270 550.1
1089280 550.5
1089290 551.7
1089300 552.8
1089310 552.8
1089320 553.6
1089330 551.7
1089340 551.7
1089350 547.7
1089360 544.6
1089370 544.6
1089380 549.7
1089390 555.0
1089400 555.0
1089410 557.7
1089420 559.7
1089430 559.7
1089440 561.1
1089450 562.1
1089460 562.1
1089470 563.4
1089480 564.8
1089490 564.8
1089500 566.4
1089510 568.4
1089520 568.4
1089530 571.3
1089540 574.6
1089550 578.2
1089560 578.2
1089570 582.1
1089580 586.1
1089590 586.1
1089600 588.7
1089610 590.8
1089620 590.8
1089630 592.1
1089640 594.8
1089650 594.8
1089660 597.3
1089670 599.9
1089680 599.9
1089690 604.9
1089700 609.1
1089710 609.1
1089720 613.5
1089730 618.4
1089740 618.4
1089750 622.9
1089760 623.4
1089770 623.4
1089780 625.5
1089790 627.7
1089800 627.7
1089810 629.7
1089820 631.6
1089830 631.6
1089840 632.2
1089850 633.6
1089860 633.6
1089870 635.6
1089880 637.4
1089890 637.4
1089900 638.5
1089910 639.3
1089920 639.3
1089930 643.5
1089940 643.4
1089950 643.4
1089960 644.9
1089970 645.9
1089980 646.8
1089990 646.8
1090000 648.1
1090010 650.7
1090020 650.7
1090030 651.7
1090040 653.9
1090050 653.9
1090060 658.3
1090070 661.6
1090080 661.6
1090090 663.1
1090100 664.9
1090110 664.9
1090120 667.1
1090130 669.0
1090140 669.0
1090150 671.2
1090160 674.0
1090170 674.0
1090180 675.9
1090190 677.6
1090200 677.6
1090210 679.5
1090220 681.9
1090230 681.9
1090240 683.5
1090250 687.2
1090260 687.2
1090270 690.6
1090280 692.8
1090290 692.8
1090300 692.4
1090310 689.9
1090320 689.9
1090330 688.5
1090340 687.3
1090350 687.3
1090360 687.5
1090370 689.5
1090380 693.3
1090390 693.3
1090400 696.6
1090410 699.1
1090420 699.1
1090430 704.0
1090440 710.0
1090450 710.0
1090460 715.0
1090470 724.4
1090480 724.4
1090490 735.3
1090500 736.6
1090510 736.6
1090520 736.5
1090530 736.4
1090540 736.4
1090550 736.3
1090560 736.2
1090570 736.2
1090580 736.0
1090590 735.4
1090600 735.4
1090610 734.6
1090620 733.6
1090630 733.6
1090640 733.0
1090650 732.4
1090660 732.4
1090670 732.0
1090680 731.5
1090690 731.5
1090700 730.4
1090710 729.5
1090720 729.5
1090730 727.7
1090740 725.1
1090750 725.1
1090760 726.6
1090770 727.9
1090780 729.2
1090790 729.2
1090800 731.3
1090810 732.0
1090820 732.0
1090830 731.4
1090840 733.0
1090850 733.0
1090860 736.8
1090870 735.4
1090880 735.4
1090890 734.6
1090900 738.9
1090910 738.9
1090920 734.5
1090930 738.8
1090940 738.8
1090950 744.5
1090960 745.1
1090970 745.1
1090980 742.2
1090990 738.9
1091000 738.9
1091010 741.8
1091020 751.9
1091030 751.9
1091040 758.8
1091050 759.2
1091060 759.2
1091070 759.6
1091080 760.1
1091090 760.1
1091100 760.3
1091110 760.4
1091120 760.4
1091130 760.5
1091140 760.5
1091150 760.5
1091160 760.5
1091170 760.5
1091180 760.4
1091190 760.4
1091200 760.3
1091210 760.4
1091220 760.4
1091230 762.5
1091240 762.5
1091250 762.5
1091260 762.7
1091270 762.9
1091280 762.9
1091290 762.9
1091300 763.0
1091310 763.0
1091320 762.9
1091330 762.6
1091340 762.6
1091350 762.4
1091360 762.4
1091370 762.4
1091380 762.3
1091390 762.4
1091400 762.4
1091410 762.5
1091420 762.5
1091430 762.5
1091440 762.6
1091450 762.7
1091460 762.7
1091470 762.8
1091480 762.2
1091490 762.2
1091500 761.1
1091510 760.5
1091520 760.5
1091530 760.5
1091540 760.7
1091550 760.7
1091560 763.1
1091570 761.5
1091580 761.0
1091590 761.0
1091600 759.6
1091610 757.3
1091620 757.3
1091630 755.7
1091640 754.8
1091650 754.8
1091660 754.6
1091670 753.7
1091680 753.7
1091690 752.9
1091700 752.7
1091710 752.7
1091720 752.8
1091730 752.8
1091740 752.8
1091750 752.8
1091760 753.0
1091770 753.0
1091780 754.3
1091790 755.3
1091800 755.3
1091810 755.6
1091820 756.5
1091830 756.5
1091840 757.5
1091850 759.1
1091860 759.1
1091870 760.1
1091880 762.9
1091890 762.9
1091900 764.1
1091910 764.9
1091920 764.9
1091930 765.9
1091940 766.8
1091950 766.8
1091960 767.9
1091970 769.4
1091980 770.5
1091990 770.5
1092000 771.6
1092010 773.1
1092020 773.1
1092030 774.7
1092040 775.8
1092050 775.8
1092060 777.1
1092070 777.5
1092080 777.5
1092090 776.9
1092100 776.1
1092110 776.1
1092120 776.3
1092130 776.8
1092140 776.8
1092150 777.3
1092160 778.4
1092170 778.4
1092180 780.0
1092190 781.9
1092200 781.9
1092210 786.7
1092220 787.1
1092230 787.1
1092240 786.9
1092250 786.5
1092260 786.5
1092270 786.0
1092280 785.4
1092290 785.4
1092300 784.7
1092310 783.9
1092320 783.9
1092330 783.1
1092340 782.1
1092350 782.1
1092360 781.2
1092370 780.6
1092380 780.6
1092390 779.9
1092400 777.8
1092410 772.2
1092420 772.2
1092430 765.4
1092440 756.2
1092450 756.2
1092460 751.3
1092470 747.7
1092480 747.7
1092490 745.9
1092500 743.9
1092510 743.9
1092520 742.8
1092530 748.8
1092540 748.8
1092550 745.8
1092560 750.6
1092570 750.6
1092580 750.5
1092590 749.9
1092600 749.9
1092610 754.1
1092620 755.6
1092630 755.6
1092640 757.6
1092650 763.1
1092660 763.1
1092670 767.5
1092680 768.1
1092690 768.1
1092700 768.8
1092710 769.4
1092720 769.4
1092730 771.8
1092740 777.0
1092750 777.0
1092760 778.4
1092770 778.4
1092780 778.4
1092790 778.5
1092800 778.5
1092810 779.0
1092820 779.0
1092830 778.5
1092840 777.1
1092850 777.1
1092860 779.3
1092870 781.4
1092880 781.4
1092890 783.7
1092900 784.6
1092910 784.6
1092920 785.0
1092930 785.1
1092940 785.1
1092950 786.0
1092960 786.7
1092970 786.7
1092980 787.1
1092990 787.5
1093000 787.5
1093010 787.8
1093020 788.0
1093030 788.0
1093040 788.1
1093050 788.2
1093060 788.2
1093070 788.1
1093080 788.5
1093090 788.5
1093100 789.4
1093110 789.7
1093120 789.7
1093130 790.0
1093140 790.3
1093150 790.3
1093160 790.7
1093170 791.6
1093180 791.6
1093190 793.4
1093200 793.6
1093210 793.3
1093220 793.3
1093230 793.4
1093240 793.5
1093250 793.5
1093260 793.4
1093270 792.9
1093280 792.9
1093290 792.0
1093300 790.5
1093310 790.5
1093320 789.1
1093330 788.1
1093340 788.1
1093350 787.2
1093360 786.6
1093370 786.6
1093380 786.3
1093390 785.9
1093400 785.9
1093410 785.7
1093420 785.4
1093430 785.4
1093440 784.9
1093450 784.3
1093460 784.3
1093470 783.2
1093480 782.0
1093490 782.0
1093500 779.8
1093510 775.9
1093520 775.9
1093530 778.9
1093540 779.8
1093550 779.8
1093560 779.1
1093570 778.7
1093580 778.7
1093590 778.4
1093600 778.6
1093610 778.6
1093620 778.6
1093630 778.7
1093640 778.6
1093650 778.6
1093660 776.4
1093670 774.7
1093680 774.7
1093690 777.7
1093700 778.1
1093710 778.1
1093720 777.7
1093730 777.4
1093740 777.4
1093750 777.3
1093760 775.3
1093770 775.3
1093780 770.5
1093790 770.3
1093800 770.3
1093810 771.2
1093820 773.0
1093830 773.0
1093840 773.5
1093850 776.3
1093860 776.3
1093870 777.8
1093880 778.7
1093890 778.7
1093900 779.6
1093910 780.3
1093920 780.3
1093930 781.2
1093940 781.6
1093950 781.6
1093960 782.5
1093970 783.5
1093980 783.5
1093990 785.3
1094000 786.1
1094010 786.7
1094020 786.7
1094030 787.3
1094040 788.0
1094050 788.0
1094060 788.8
1094070 789.5
1094080 789.5
1094090 790.3
1094100 791.0
1094110 791.0
1094120 791.6
1094130 792.3
1094140 792.3
1094150 792.8
1094160 793.5
1094170 793.5
1094180 794.2
1094190 794.8
1094200 794.8
1094210 795.4
1094220 796.2
1094230 796.2
1094240 797.1
1094250 798.3
1094260 798.3
1094270 799.5
