1086780 485.0
1086790 485.0
1086800 485.0
1086810 485.0
1086820 485.0
1086830 485.1
1086840 485.2
1086850 485.2
1086860 485.2
1086870 485.1
1086880 485.1
1086890 485.0
1086900 485.0
1086910 483.8
1086920 482.1
1086930 479.8
1086940 479.8
1086950 478.1
1086960 476.8
1086970 476.8
1086980 475.9
1086990 473.4
1087000 473.4
1087010 469.2
1087020 463.6
1087030 463.6
1087040 456.7
1087050 447.1
1087060 441.1
1087070 441.1
1087080 440.1
1087090 441.1
1087100 441.1
1087110 441.7
1087120 441.8
1087130 441.8
1087140 441.8
1087150 441.9
1087160 441.9
1087170 442.0
1087180 442.1
1087190 442.1
1087200 442.2
1087210 442.3
1087220 442.3
1087230 442.2
1087240 442.4
1087250 442.4
1087260 442.6
1087270 442.5
1087280 442.5
1087290 441.1
1087300 441.4
1087310 441.4
1087320 442.8
1087330 442.7
1087340 442.7
1087350 442.8
1087360 443.0
1087370 443.0
1087380 442.9
1087390 443.0
1087400 443.0
1087410 444.2
1087420 448.9
1087430 448.9
1087440 451.9
1087450 450.5
1087460 450.5
1087470 447.4
1087480 446.2
1087490 446.0
1087500 446.0
1087510 445.9
1087520 445.3
1087530 445.3
1087540 444.5
1087550 443.9
1087560 442.6
1087570 442.8
1087580 442.8
1087590 442.8
1087600 442.9
1087610 443.0
1087620 443.0
1087630 443.0
1087640 443.0
1087650 443.0
1087660 443.0
1087670 443.1
1087680 443.1
1087690 443.2
1087700 443.3
1087710 443.3
1087720 443.9
1087730 443.9
1087740 443.9
1087750 444.6
1087760 446.3
1087770 446.3
1087780 450.1
1087790 455.0
1087800 455.0
1087810 460.0
1087820 461.2
1087830 461.2
1087840 462.1
1087850 463.0
1087860 463.0
1087870 464.4
1087880 467.0
1087890 468.0
1087900 468.0
1087910 468.6
1087920 469.2
1087930 469.2
1087940 469.6
1087950 469.8
1087960 469.8
1087970 470.2
1087980 470.5
1087990 470.5
1088000 470.1
1088010 469.4
1088020 469.4
1088030 469.6
1088040 469.8
1088050 469.8
1088060 470.5
1088070 471.0
1088080 471.0
1088090 471.4
1088100 471.6
1088110 471.6
1088120 471.8
1088130 471.8
1088140 471.8
1088150 472.0
1088160 472.6
1088170 472.6
1088180 473.4
1088190 474.5
1088200 474.9
1088210 475.6
1088220 476.0
1088230 476.0
1088240 476.3
1088250 476.6
1088260 476.6
1088270 477.0
1088280 477.2
1088290 477.2
1088300 477.0
1088310 477.1
1088320 477.6
1088330 477.6
1088340 478.2
1088350 478.9
1088360 478.9
1088370 479.4
1088380 480.1
1088390 480.1
1088400 480.7
1088410 481.4
1088420 481.4
1088430 482.0
1088440 482.5
1088450 482.5
1088460 483.1
1088470 483.5
1088480 483.5
1088490 483.8
1088500 484.2
1088510 484.2
1088520 484.6
1088530 485.0
1088540 485.0
1088550 485.4
1088560 485.8
1088570 485.8
1088580 486.3
1088590 486.8
1088600 486.8
1088610 487.3
1088620 487.9
1088630 487.9
1088640 488.4
1088650 489.0
1088660 489.0
1088670 490.2
1088680 492.4
1088690 492.4
1088700 495.0
1088710 497.7
1088720 500.4
1088730 500.4
1088740 502.9
1088750 504.8
1088760 504.8
1088770 505.8
1088780 505.5
1088790 505.5
1088800 504.4
1088810 502.3
1088820 502.3
1088830 501.1
1088840 501.2
1088850 501.8
1088860 501.5
1088870 501.7
1088880 501.7
1088890 501.8
1088900 501.7
1088910 501.7
1088920 501.6
1088930 501.5
1088940 501.5
1088950 501.4
1088960 501.5
1088970 501.5
1088980 501.7
1088990 501.8
1089000 501.8
1089010 502.0
1089020 502.2
1089030 502.2
1089040 502.4
1089050 502.6
1089060 502.6
1089070 503.2
1089080 503.8
1089090 503.8
1089100 503.9
1089110 504.0
1089120 504.1
1089130 504.1
1089140 504.2
1089150 504.3
1089160 504.3
1089170 504.5
1089180 505.6
1089190 505.6
1089200 505.9
1089210 506.0
1089220 506.0
1089230 506.1
1089240 506.2
1089250 506.2
1089260 506.3
1089270 506.4
1089280 506.4
1089290 506.7
1089300 508.0
1089310 508.0
1089320 508.5
1089330 508.8
1089340 508.8
1089350 509.1
1089360 509.9
1089370 509.9
1089380 510.9
1089390 511.7
1089400 511.7
1089410 512.8
1089420 514.4
1089430 514.4
1089440 515.9
1089450 517.2
1089460 517.2
1089470 519.4
1089480 521.6
1089490 521.6
1089500 516.5
1089510 516.8
1089520 516.8
1089530 516.1
1089540 515.8
1089550 516.6
1089560 516.6
1089570 518.1
1089580 519.1
1089590 519.1
1089600 519.5
1089610 520.6
1089620 520.6
1089630 521.7
1089640 522.5
1089650 522.5
1089660 523.3
1089670 524.4
1089680 524.4
1089690 525.2
1089700 526.0
1089710 526.0
1089720 527.2
1089730 528.7
1089740 528.7
1089750 530.9
1089760 533.0
1089770 533.0
1089780 534.5
1089790 535.3
1089800 535.3
1089810 535.8
1089820 534.4
1089830 534.4
1089840 534.7
1089850 534.7
1089860 534.7
1089870 535.0
1089880 535.3
1089890 535.3
1089900 536.0
1089910 536.9
1089920 536.9
1089930 537.8
1089940 538.6
1089950 539.1
1089960 539.1
1089970 539.3
1089980 539.8
1089990 539.8
1090000 541.2
1090010 542.6
1090020 542.6
1090030 543.4
1090040 544.1
1090050 544.1
1090060 544.7
1090070 545.3
1090080 545.3
1090090 546.2
1090100 547.6
1090110 547.6
1090120 549.0
1090130 550.1
1090140 546.5
1090150 546.4
1090160 546.0
1090170 546.0
1090180 548.0
1090190 549.5
1090200 549.5
1090210 548.1
1090220 546.4
1090230 546.4
1090240 545.1
1090250 545.2
1090260 545.2
1090270 546.5
1090280 547.2
1090290 547.2
1090300 547.8
1090310 547.9
1090320 547.9
1090330 549.4
1090340 550.5
1090350 550.5
1090360 549.9
1090370 550.3
1090380 551.6
1090390 551.6
1090400 553.8
1090410 554.5
1090420 554.5
1090430 554.8
1090440 555.6
1090450 555.6
1090460 556.6
1090470 558.3
1090480 558.3
1090490 559.8
1090500 561.2
1090510 561.2
1090520 562.4
1090530 562.9
1090540 562.9
1090550 563.0
1090560 563.3
1090570 563.3
1090580 563.6
1090590 563.7
1090600 563.7
1090610 563.9
1090620 564.5
1090630 564.5
1090640 565.3
1090650 566.1
1090660 566.1
1090670 567.1
1090680 568.0
1090690 568.0
1090700 569.0
1090710 570.1
1090720 570.1
1090730 571.0
1090740 571.5
1090750 571.5
1090760 572.1
1090770 572.6
1090780 573.3
1090790 573.7
1090800 574.8
1090810 575.8
1090820 575.8
1090830 576.8
1090840 577.7
1090850 577.7
1090860 578.6
1090870 579.4
1090880 579.4
1090890 580.5
1090900 581.6
1090910 581.6
1090920 582.4
1090930 584.0
1090940 584.0
1090950 585.7
1090960 587.6
1090970 587.6
1090980 589.7
1090990 589.6
1091000 589.6
1091010 587.9
1091020 589.1
1091030 589.1
1091040 591.9
1091050 593.6
1091060 593.6
1091070 594.8
1091080 595.6
1091090 595.6
1091100 596.6
1091110 599.2
1091120 595.4
1091130 596.9
1091140 598.8
1091150 598.8
1091160 601.4
1091170 605.6
1091180 609.2
1091190 609.2
1091200 611.9
1091210 613.2
1091220 613.2
1091230 614.4
1091240 616.6
1091250 616.6
1091260 618.3
1091270 619.2
1091280 619.2
1091290 619.9
1091300 620.3
1091310 620.3
1091320 620.6
1091330 620.9
1091340 620.9
1091350 621.5
1091360 622.3
1091370 622.3
1091380 623.2
1091390 623.8
1091400 623.8
1091410 623.7
1091420 620.7
1091430 620.7
1091440 620.6
1091450 619.7
1091460 619.7
1091470 618.6
1091480 618.3
1091490 618.3
1091500 619.4
1091510 620.4
1091520 620.4
1091530 620.8
1091540 620.6
1091550 620.6
1091560 620.5
1091570 620.6
1091580 620.6
1091590 621.8
1091600 622.8
1091610 621.9
1091620 621.9
1091630 620.6
1091640 619.4
1091650 619.4
1091660 617.4
1091670 616.7
1091680 616.7
1091690 614.9
1091700 613.6
1091710 613.6
1091720 610.6
1091730 606.9
1091740 606.9
1091750 605.9
1091760 604.7
1091770 606.0
1091780 603.4
1091790 599.6
1091800 599.6
1091810 594.9
1091820 591.1
1091830 591.1
1091840 590.0
1091850 589.8
1091860 589.8
1091870 589.0
1091880 586.9
1091890 586.9
1091900 583.8
1091910 579.4
1091920 579.4
1091930 575.6
1091940 573.4
1091950 573.4
1091960 570.9
1091970 568.0
1091980 568.0
1091990 564.8
1092000 559.3
1092010 552.1
1092020 552.1
1092030 542.3
1092040 535.3
1092050 535.3
1092060 530.8
1092070 523.3
1092080 523.3
1092090 524.4
1092100 529.9
1092110 529.9
1092120 532.2
1092130 538.8
1092140 538.8
1092150 546.9
1092160 550.6
1092170 550.6
1092180 552.4
1092190 552.3
1092200 552.3
1092210 553.0
1092220 553.3
1092230 553.3
1092240 552.7
1092250 551.8
1092260 551.8
1092270 552.0
1092280 552.3
1092290 552.3
1092300 552.0
1092310 550.7
1092320 550.7
1092330 549.6
1092340 548.2
1092350 548.2
1092360 544.7
1092370 541.2
1092380 541.2
1092390 536.6
1092400 531.9
1092410 531.9
1092420 532.0
1092430 529.1
1092440 524.8
1092450 524.8
1092460 519.7
1092470 518.1
1092480 518.1
1092490 520.8
1092500 528.7
1092510 528.7
1092520 537.6
1092530 544.8
1092540 544.8
1092550 547.8
1092560 550.8
1092570 550.8
1092580 552.7
1092590 552.9
1092600 552.9
1092610 553.9
1092620 554.5
1092630 554.5
1092640 553.6
1092650 553.7
1092660 553.7
1092670 553.7
1092680 551.8
1092690 551.8
1092700 550.5
1092710 548.4
1092720 548.4
1092730 546.6
1092740 542.8
1092750 533.8
1092760 532.3
1092770 532.6
1092780 532.6
1092790 533.6
1092800 536.9
1092810 536.9
1092820 537.4
1092830 537.1
1092840 539.8
1092850 539.8
1092860 543.6
1092870 546.4
1092880 546.4
1092890 547.2
1092900 548.9
1092910 548.9
1092920 548.5
1092930 546.4
1092940 546.4
1092950 545.5
1092960 545.6
1092970 545.6
1092980 546.7
1092990 547.6
1093000 547.6
1093010 552.0
1093020 557.6
1093030 557.6
1093040 559.3
1093050 563.0
1093060 563.0
1093070 567.8
1093080 569.0
1093090 569.0
1093100 572.3
1093110 574.5
1093120 574.5
1093130 576.5
1093140 578.7
1093150 578.7
1093160 580.5
1093170 580.9
1093180 580.9
1093190 580.6
1093200 582.9
1093210 582.9
1093220 587.9
1093230 592.7
1093240 596.3
1093250 596.3
1093260 597.2
1093270 596.3
1093280 596.3
1093290 596.9
1093300 597.4
1093310 597.4
1093320 598.4
1093330 599.4
1093340 599.4
1093350 600.2
1093360 601.5
1093370 601.5
1093380 603.8
1093390 605.4
1093400 603.9
1093410 605.9
1093420 606.8
1093430 606.8
1093440 606.9
1093450 609.3
1093460 609.3
1093470 612.8
1093480 618.3
1093490 618.3
1093500 621.3
1093510 622.2
1093520 622.2
1093530 622.4
1093540 621.8
1093550 621.8
1093560 620.9
1093570 620.6
1093580 620.6
1093590 620.9
1093600 621.5
1093610 621.5
1093620 621.9
1093630 621.7
1093640 621.7
1093650 621.1
1093660 620.2
1093670 619.4
1093680 619.4
1093690 619.1
