1086320 473.9
1086330 473.9
1086340 472.7
1086350 472.2
1086360 472.2
1086370 473.8
1086380 475.4
1086390 475.4
1086400 475.3
1086410 473.1
1086420 473.1
1086430 470.7
1086440 469.5
1086450 469.5
1086460 468.6
1086470 468.1
1086480 468.1
1086490 467.3
1086500 466.3
1086510 466.3
1086520 465.5
1086530 465.2
1086540 465.2
1086550 465.2
1086560 462.7
1086570 462.7
1086580 456.4
1086590 448.0
1086600 448.0
1086610 441.8
1086620 439.4
1086630 439.4
1086640 438.7
1086650 438.1
1086660 438.1
1086670 437.6
1086680 437.1
1086690 437.1
1086700 437.1
1086710 437.2
1086720 437.4
1086730 437.4
1086740 436.4
1086750 435.0
1086760 435.0
1086770 439.4
1086780 445.2
1086790 445.2
1086800 445.6
1086810 446.0
1086820 446.0
1086830 446.8
1086840 447.8
1086850 447.8
1086860 448.9
1086870 449.9
1086880 449.9
1086890 450.9
1086900 452.1
1086910 452.1
1086920 453.7
1086930 455.8
1086940 455.8
1086950 458.1
1086960 459.5
1086970 459.5
1086980 459.9
1086990 460.2
1087000 460.2
1087010 461.4
1087020 461.7
1087030 461.7
1087040 462.0
1087050 461.9
1087060 461.9
1087070 461.0
1087080 461.3
1087090 461.3
1087100 468.0
1087110 468.4
1087120 469.6
1087130 469.6
1087140 471.3
1087150 476.2
1087160 476.2
1087170 478.1
1087180 477.8
1087190 477.8
1087200 477.9
1087210 478.2
1087220 478.2
1087230 478.5
1087240 478.8
1087250 478.8
1087260 479.1
1087270 479.6
1087280 479.6
1087290 479.7
1087300 479.8
1087310 479.8
1087320 479.9
1087330 479.9
1087340 479.9
1087350 479.9
1087360 480.0
1087370 480.0
1087380 480.0
1087390 479.9
1087400 479.9
1087410 479.7
1087420 479.2
1087430 479.3
1087440 478.9
1087450 478.2
1087460 478.2
1087470 477.5
1087480 476.8
1087490 476.8
1087500 476.0
1087510 475.3
1087520 474.4
1087530 474.4
1087540 473.5
1087550 472.8
1087560 472.8
1087570 472.3
1087580 471.5
1087590 471.5
1087600 470.7
1087610 470.4
1087620 470.4
1087630 470.4
1087640 470.5
1087650 470.5
1087660 470.5
1087670 470.9
1087680 470.9
1087690 471.3
1087700 471.7
1087710 471.7
1087720 471.9
1087730 472.1
1087740 472.1
1087750 474.1
1087760 475.5
1087770 475.5
1087780 476.5
1087790 477.6
1087800 477.6
1087810 479.5
1087820 481.1
1087830 481.1
1087840 482.2
1087850 483.0
1087860 483.0
1087870 483.6
1087880 483.5
1087890 483.5
1087900 482.0
1087910 482.4
1087920 482.4
1087930 483.5
1087940 485.0
1087950 486.0
1087960 486.0
1087970 486.7
1087980 487.3
1087990 487.3
1088000 487.9
1088010 488.6
1088020 488.6
1088030 489.2
1088040 489.3
1088050 489.3
1088060 489.7
1088070 490.0
1088080 490.0
1088090 490.5
1088100 490.9
1088110 490.9
1088120 491.5
1088130 492.1
1088140 492.1
1088150 492.7
1088160 493.4
1088170 493.4
1088180 494.2
1088190 494.8
1088200 494.8
1088210 495.2
1088220 495.4
1088230 495.4
1088240 495.5
1088250 495.4
1088260 495.4
1088270 495.5
1088280 495.6
1088290 495.6
1088300 495.6
1088310 495.4
1088320 495.4
1088330 494.5
1088340 493.5
1088350 492.4
1088360 492.4
1088370 491.4
1088380 489.9
1088390 489.9
1088400 485.9
1088410 484.5
1088420 484.5
1088430 485.1
1088440 486.0
1088450 486.0
1088460 486.6
1088470 487.7
1088480 487.7
1088490 488.7
1088500 489.3
1088510 489.3
1088520 490.0
1088530 490.8
1088540 490.8
1088550 491.4
1088560 491.8
1088570 491.8
1088580 492.4
1088590 493.1
1088600 493.1
1088610 493.9
1088620 494.8
1088630 494.8
1088640 496.5
1088650 496.9
1088660 496.9
1088670 497.2
1088680 497.6
1088690 497.6
1088700 498.4
1088710 499.3
1088720 499.7
1088730 500.4
1088740 501.0
1088750 501.4
1088760 501.4
1088770 501.8
1088780 502.4
1088790 502.4
1088800 503.0
1088810 503.6
1088820 503.6
1088830 504.1
1088840 504.6
1088850 504.6
1088860 505.1
1088870 505.8
1088880 505.8
1088890 506.3
1088900 506.8
1088910 506.8
1088920 507.3
1088930 507.9
1088940 507.9
1088950 508.5
1088960 509.1
1088970 509.1
1088980 509.7
1088990 510.3
1089000 510.3
1089010 510.8
1089020 511.4
1089030 511.4
1089040 512.4
1089050 512.9
1089060 512.9
1089070 513.3
1089080 513.7
1089090 513.7
1089100 514.1
1089110 514.6
1089120 514.6
1089130 515.1
1089140 515.7
1089150 515.7
1089160 516.2
1089170 516.9
1089180 517.6
1089190 517.6
1089200 518.4
1089210 519.1
1089220 519.1
1089230 519.6
1089240 520.0
1089250 520.0
1089260 520.5
1089270 520.9
1089280 520.9
1089290 521.3
1089300 521.8
1089310 521.8
1089320 522.3
1089330 522.8
1089340 522.8
1089350 523.3
1089360 523.2
1089370 523.6
1089380 524.6
1089390 525.3
1089400 525.3
1089410 526.0
1089420 526.7
1089430 526.7
1089440 527.3
1089450 527.9
1089460 527.9
1089470 528.5
1089480 529.3
1089490 529.3
1089500 530.3
1089510 531.2
1089520 531.2
1089530 531.8
1089540 532.2
1089550 532.2
1089560 531.4
1089570 528.2
1089580 525.4
1089590 525.4
1089600 524.6
1089610 523.5
1089620 523.5
1089630 522.3
1089640 524.4
1089650 524.4
1089660 525.2
1089670 525.7
1089680 525.7
1089690 525.0
1089700 524.8
1089710 524.8
1089720 525.1
1089730 525.5
1089740 525.5
1089750 525.8
1089760 526.6
1089770 526.6
1089780 527.8
1089790 529.8
1089800 529.8
1089810 531.4
1089820 532.5
1089830 532.5
1089840 533.2
1089850 533.8
1089860 533.8
1089870 534.0
1089880 534.3
1089890 534.3
1089900 534.8
1089910 535.0
1089920 535.0
1089930 535.7
1089940 536.9
1089950 536.9
1089960 538.0
1089970 538.9
1089980 540.8
1089990 540.8
1090000 542.9
1090010 539.0
1090020 539.0
1090030 536.6
1090040 536.3
1090050 536.3
1090060 538.5
1090070 539.1
1090080 539.1
1090090 539.1
1090100 538.3
1090110 538.3
1090120 539.9
1090130 544.4
1090140 544.4
1090150 549.1
1090160 553.2
1090170 553.2
1090180 555.0
1090190 555.0
1090200 555.0
1090210 553.3
1090220 550.1
1090230 550.1
1090240 550.5
1090250 555.8
1090260 555.8
1090270 560.7
1090280 562.7
1090290 562.7
1090300 563.9
1090310 564.9
1090320 564.9
1090330 566.0
1090340 568.1
1090350 568.1
1090360 569.3
1090370 570.2
1090380 570.2
1090390 572.3
1090400 574.5
1090410 576.1
1090420 576.1
1090430 577.7
1090440 579.5
1090450 579.5
1090460 581.3
1090470 583.5
1090480 583.5
1090490 585.8
1090500 587.3
1090510 587.3
1090520 588.3
1090530 589.4
1090540 589.4
1090550 590.6
1090560 591.3
1090570 591.3
1090580 591.1
1090590 593.4
1090600 593.4
1090610 596.8
1090620 599.3
1090630 599.3
1090640 601.4
1090650 602.4
1090660 604.1
1090670 605.9
1090680 607.6
1090690 607.6
1090700 607.3
1090710 605.0
1090720 605.0
1090730 602.3
1090740 599.5
1090750 599.5
1090760 598.6
1090770 602.1
1090780 602.1
1090790 606.6
1090800 611.6
1090810 615.8
1090820 615.8
1090830 617.8
1090840 617.6
1090850 617.6
1090860 617.3
1090870 618.3
1090880 618.3
1090890 618.3
1090900 618.5
1090910 618.5
1090920 617.9
1090930 617.5
1090940 617.5
1090950 618.1
1090960 619.8
1090970 619.8
1090980 621.9
1090990 626.0
1091000 626.0
1091010 630.4
1091020 634.1
1091030 634.1
1091040 638.5
1091050 641.5
1091060 641.5
1091070 644.8
1091080 649.5
1091090 649.5
1091100 656.0
1091110 661.6
1091120 661.6
1091130 667.4
1091140 675.0
1091150 675.0
1091160 683.4
1091170 689.8
1091180 689.8
1091190 693.0
1091200 694.2
1091210 693.4
1091220 693.4
1091230 697.0
1091240 699.0
1091250 699.0
1091260 699.2
1091270 699.5
1091280 699.5
1091290 700.2
1091300 701.3
1091310 702.0
1091320 703.7
1091330 706.0
1091340 706.0
1091350 708.2
1091360 709.8
1091370 709.8
1091380 712.4
1091390 716.7
1091400 716.7
1091410 717.4
1091420 717.4
1091430 717.4
1091440 717.2
1091450 719.9
1091460 719.9
1091470 721.1
1091480 721.6
1091490 721.6
1091500 721.5
1091510 721.1
1091520 721.1
1091530 721.2
1091540 721.8
1091550 721.8
1091560 722.0
1091570 722.3
1091580 722.3
1091590 722.9
1091600 723.3
1091610 723.3
1091620 723.6
1091630 723.4
1091640 723.9
1091650 723.9
1091660 724.4
1091670 723.9
1091680 723.9
1091690 724.1
1091700 724.2
1091710 724.2
1091720 721.4
1091730 714.0
1091740 714.0
1091750 706.9
1091760 702.4
1091770 702.4
1091780 698.8
1091790 695.7
1091800 695.7
1091810 694.5
1091820 695.5
1091830 695.5
1091840 690.5
1091850 684.9
1091860 684.9
1091870 679.0
1091880 674.2
1091890 674.2
1091900 670.5
1091910 667.7
1091920 667.7
1091930 665.0
1091940 660.8
1091950 660.8
1091960 655.9
1091970 651.6
1091980 651.6
1091990 651.2
1092000 657.3
1092010 657.3
1092020 662.1
1092030 667.0
1092040 672.8
1092050 672.8
1092060 683.6
1092070 692.0
1092080 692.0
1092090 701.7
1092100 712.6
1092110 712.6
1092120 723.7
1092130 728.6
1092140 728.6
1092150 732.5
1092160 733.5
1092170 733.5
1092180 734.1
1092190 732.5
1092200 732.5
1092210 727.4
1092220 720.5
1092230 720.5
1092240 717.2
1092250 716.7
1092260 716.7
1092270 719.5
1092280 725.2
1092290 733.9
1092300 732.2
1092310 725.2
1092320 725.2
1092330 719.6
1092340 715.9
1092350 715.9
1092360 711.6
1092370 704.0
1092380 704.0
1092390 696.4
1092400 694.1
1092410 694.1
1092420 693.3
1092430 690.5
1092440 688.4
1092450 688.4
1092460 687.4
1092470 687.0
1092480 687.0
1092490 687.1
1092500 687.8
1092510 687.8
1092520 690.5
1092530 692.1
1092540 692.1
1092550 690.0
1092560 689.2
1092570 689.2
1092580 690.1
1092590 692.1
1092600 692.1
1092610 693.8
1092620 708.3
1092630 708.3
1092640 709.6
1092650 710.6
1092660 710.6
1092670 711.4
1092680 713.1
1092690 713.1
1092700 712.9
1092710 715.1
1092720 715.1
1092730 716.4
1092740 717.8
1092750 717.8
1092760 719.2
1092770 719.8
1092780 719.8
1092790 721.1
1092800 721.6
1092810 721.6
1092820 723.8
1092830 727.7
1092840 727.7
1092850 733.1
1092860 729.6
1092870 725.1
1092880 725.1
1092890 723.5
1092900 721.6
1092910 721.6
1092920 721.3
1092930 717.6
1092940 717.6
1092950 712.3
1092960 708.4
1092970 708.4
1092980 706.5
1092990 706.2
1093000 706.2
1093010 709.9
1093020 710.4
1093030 710.4
1093040 711.1
1093050 716.3
1093060 716.3
1093070 713.9
1093080 719.1
1093090 719.1
1093100 720.2
1093110 717.8
1093120 717.8
1093130 715.8
1093140 710.3
1093150 710.3
1093160 707.4
1093170 703.2
1093180 703.2
1093190 699.2
1093200 703.9
1093210 703.9
1093220 706.9
1093230 708.1
1093240 708.1
1093250 710.7
1093260 714.0
1093270 723.0
1093280 723.0
1093290 726.7
1093300 728.8
1093310 728.8
1093320 728.7
1093330 730.8
1093340 730.8
1093350 734.3
1093360 739.3
1093370 739.3
1093380 741.1
1093390 739.0
1093400 739.0
1093410 741.6
1093420 743.6
1093430 743.6
1093440 744.1
1093450 744.9
1093460 744.9
1093470 745.5
1093480 746.2
1093490 746.2
1093500 746.4
1093510 746.7
1093520 746.7
1093530 746.7
1093540 746.7
1093550 746.7
1093560 746.6
1093570 745.2
1093580 745.2
1093590 741.0
1093600 738.9
1093610 738.9
1093620 730.8
1093630 718.9
1093640 718.9
1093650 708.7
1093660 700.5
1093670 703.8
1093680 703.8
1093690 711.7
1093700 717.8
1093710 717.8
1093720 726.5
1093730 738.0
1093740 738.0
1093750 745.3
1093760 747.6
1093770 747.6
1093780 748.7
1093790 749.6
1093800 749.6
1093810 750.4
1093820 751.1
1093830 751.1
1093840 751.8
1093850 752.4
1093860 752.4
1093870 753.0
1093880 753.6
1093890 753.6
1093900 754.1
1093910 754.7
1093920 754.7
1093930 755.3
1093940 755.6
1093950 755.6
1093960 755.7
1093970 755.4
1093980 755.4
