1087670 476.6
1087680 475.9
1087690 475.9
1087700 475.1
1087710 474.5
1087720 474.5
1087730 474.0
1087740 473.4
1087750 473.4
1087760 472.7
1087770 472.7
1087780 472.7
1087790 473.1
1087800 473.6
1087810 474.0
1087820 474.2
1087830 473.5
1087840 473.5
1087850 470.9
1087860 468.5
1087870 468.5
1087880 466.7
1087890 463.9
1087900 463.9
1087910 461.7
1087920 460.0
1087930 460.0
1087940 457.3
1087950 456.2
1087960 455.9
1087970 455.9
1087980 455.6
1087990 455.5
1088000 455.5
1088010 455.3
1088020 455.3
1088030 455.3
1088040 455.4
1088050 455.5
1088060 455.5
1088070 455.6
1088080 455.6
1088090 455.6
1088100 455.6
1088110 455.6
1088120 455.6
1088130 455.3
1088140 454.4
1088150 454.4
1088160 452.3
1088170 450.5
1088180 450.5
1088190 449.5
1088200 448.3
1088210 448.3
1088220 446.2
1088230 446.7
1088240 446.7
1088250 448.8
1088260 454.9
1088270 454.9
1088280 458.1
1088290 461.7
1088300 461.7
1088310 465.5
1088320 467.2
1088330 467.2
1088340 468.2
1088350 468.7
1088360 469.0
1088370 469.0
1088380 469.5
1088390 469.7
1088400 469.7
1088410 469.9
1088420 470.1
1088430 470.1
1088440 470.2
1088450 470.4
1088460 470.4
1088470 470.6
1088480 470.8
1088490 470.8
1088500 471.0
1088510 471.2
1088520 471.2
1088530 471.8
1088540 472.6
1088550 472.6
1088560 473.0
1088570 473.1
1088580 473.1
1088590 472.9
1088600 472.1
1088610 472.1
1088620 473.2
1088630 473.4
1088640 473.4
1088650 473.5
1088660 473.7
1088670 473.7
1088680 474.1
1088690 474.5
1088700 474.5
1088710 475.0
1088720 475.7
1088730 475.7
1088740 476.6
1088750 477.6
1088760 477.6
1088770 478.4
1088780 479.4
1088790 479.8
1088800 479.8
1088810 480.1
1088820 480.5
1088830 480.5
1088840 481.6
1088850 483.8
1088860 483.8
1088870 486.6
1088880 490.3
1088890 490.3
1088900 494.1
1088910 498.3
1088920 498.3
1088930 502.5
1088940 505.4
1088950 505.4
1088960 506.4
1088970 507.0
1088980 507.0
1088990 507.5
1089000 507.9
1089010 507.9
1089020 508.2
1089030 508.6
1089040 508.6
1089050 509.1
1089060 509.3
1089070 509.3
1089080 509.2
1089090 509.0
1089100 509.9
1089110 510.2
1089120 510.1
1089130 510.1
1089140 507.4
1089150 503.9
1089160 503.9
1089170 501.4
1089180 500.0
1089190 501.3
1089200 501.3
1089210 501.2
1089220 497.6
1089230 497.6
1089240 494.7
1089250 493.0
1089260 493.0
1089270 492.0
1089280 492.2
1089290 492.2
1089300 491.7
1089310 488.5
1089320 488.5
1089330 487.2
1089340 489.7
1089350 489.7
1089360 489.4
1089370 490.7
1089380 490.7
1089390 492.8
1089400 494.0
1089410 494.0
1089420 498.5
1089430 500.4
1089440 500.4
1089450 501.2
1089460 502.6
1089470 502.6
1089480 504.0
1089490 504.4
1089500 504.4
1089510 503.0
1089520 496.5
1089530 496.5
1089540 496.9
1089550 497.3
1089560 497.3
1089570 495.9
1089580 495.4
1089590 495.4
1089600 495.8
1089610 493.6
1089620 493.3
1089630 493.3
1089640 493.0
1089650 492.7
1089660 492.7
1089670 492.8
1089680 493.1
1089690 493.1
1089700 493.1
1089710 493.4
1089720 493.4
1089730 492.9
1089740 492.5
1089750 495.7
1089760 494.1
1089770 492.9
1089780 492.9
1089790 491.8
1089800 491.3
1089810 491.3
1089820 491.3
1089830 491.4
1089840 491.4
1089850 489.7
1089860 486.1
1089870 486.1
1089880 483.6
1089890 482.1
1089900 482.1
1089910 480.3
1089920 480.9
1089930 480.9
1089940 482.2
1089950 484.7
1089960 484.7
1089970 486.0
1089980 486.5
1089990 486.5
1090000 486.8
1090010 487.1
1090020 486.5
1090030 486.5
1090040 485.1
1090050 485.2
1090060 485.2
1090070 488.2
1090080 494.7
1090090 494.7
1090100 500.2
1090110 505.0
1090120 505.0
1090130 512.3
1090140 511.1
1090150 511.1
1090160 513.3
1090170 512.0
1090180 512.0
1090190 513.7
1090200 515.3
1090210 515.3
1090220 519.7
1090230 525.2
1090240 525.2
1090250 528.8
1090260 529.4
1090270 529.4
1090280 529.5
1090290 529.6
1090300 529.6
1090310 524.0
1090320 517.4
1090330 517.4
1090340 509.2
1090350 501.6
1090360 501.6
1090370 496.1
1090380 491.7
1090390 491.7
1090400 493.1
1090410 492.7
1090420 492.7
1090430 493.0
1090440 492.4
1090450 493.4
1090460 493.4
1090470 495.9
1090480 497.6
1090490 497.6
1090500 497.6
1090510 499.7
1090520 499.7
1090530 508.5
1090540 517.6
1090550 517.6
1090560 523.4
1090570 530.2
1090580 530.2
1090590 538.8
1090600 541.5
1090610 541.5
1090620 542.5
1090630 542.6
1090640 542.6
1090650 540.1
1090660 540.4
1090670 540.4
1090680 539.2
1090690 540.7
1090700 540.7
1090710 535.9
1090720 538.6
1090730 538.6
1090740 535.8
1090750 531.7
1090760 531.7
1090770 526.2
1090780 524.6
1090790 524.6
1090800 523.5
1090810 523.0
1090820 523.0
1090830 521.8
1090840 518.6
1090850 517.2
1090860 517.2
1090870 516.8
1090880 516.5
1090890 516.5
1090900 515.4
1090910 512.9
1090920 512.9
1090930 512.2
1090940 512.5
1090950 512.5
1090960 512.9
1090970 513.1
1090980 513.1
1090990 512.5
1091000 512.6
1091010 512.6
1091020 511.0
1091030 509.5
1091040 509.5
1091050 511.6
1091060 510.4
1091070 510.4
1091080 510.3
1091090 509.7
1091100 509.7
1091110 508.1
1091120 506.2
1091130 506.2
1091140 506.2
1091150 508.5
1091160 508.5
1091170 511.0
1091180 515.6
1091190 515.6
1091200 521.1
1091210 524.9
1091220 524.9
1091230 531.0
1091240 534.8
1091250 534.8
1091260 538.2
1091270 540.4
1091280 541.9
1091290 541.9
1091300 544.6
1091310 546.8
1091320 546.8
1091330 550.9
1091340 554.2
1091350 554.2
1091360 553.6
1091370 563.5
1091380 563.5
1091390 564.3
1091400 566.9
1091410 566.9
1091420 566.7
1091430 564.6
1091440 564.6
1091450 560.3
1091460 558.8
1091470 558.8
1091480 557.7
1091490 549.0
1091500 549.0
1091510 542.1
1091520 539.2
1091530 539.2
1091540 537.7
1091550 531.6
1091560 531.6
1091570 525.8
1091580 523.3
1091590 523.3
1091600 521.8
1091610 517.3
1091620 517.3
1091630 512.2
1091640 508.8
1091650 508.8
1091660 507.1
1091670 505.1
1091680 502.4
1091690 502.4
1091700 502.1
1091710 499.1
1091720 499.1
1091730 496.8
1091740 495.9
1091750 495.9
1091760 497.1
1091770 502.5
1091780 502.5
1091790 507.1
1091800 510.8
1091810 510.8
1091820 514.8
1091830 518.1
1091840 518.1
1091850 522.3
1091860 527.6
1091870 527.6
1091880 532.9
1091890 535.1
1091900 535.1
1091910 536.1
1091920 538.0
1091930 538.0
1091940 539.0
1091950 540.2
1091960 540.2
1091970 542.5
1091980 545.3
1091990 545.3
1092000 547.9
1092010 548.7
1092020 546.0
1092030 546.7
1092040 548.8
1092050 548.8
1092060 551.8
1092070 553.1
1092080 553.1
1092090 554.5
1092100 556.8
1092110 559.7
1092120 559.7
1092130 564.1
1092140 567.5
1092150 567.5
1092160 570.0
1092170 570.2
1092180 570.2
1092190 571.3
1092200 573.5
1092210 573.5
1092220 574.6
1092230 574.6
1092240 574.6
1092250 577.5
1092260 580.8
1092270 580.8
1092280 584.8
1092290 589.8
1092300 589.8
1092310 593.8
1092320 598.1
1092330 598.1
1092340 602.0
1092350 613.0
1092360 613.0
