1087210 479.7
1087220 479.0
1087230 479.0
1087240 479.2
1087250 479.8
1087260 479.8
1087270 480.2
1087280 480.9
1087290 480.9
1087300 478.9
1087310 476.6
1087320 476.6
1087330 476.1
1087340 475.0
1087350 475.0
1087360 474.2
1087370 473.9
1087380 473.9
1087390 473.7
1087400 473.6
1087410 473.6
1087420 473.4
1087430 473.3
1087440 473.3
1087450 473.0
1087460 472.7
1087470 472.7
1087480 472.1
1087490 471.9
1087500 470.8
1087510 470.8
1087520 469.2
1087530 469.2
1087540 469.2
1087550 467.2
1087560 464.2
1087570 464.2
1087580 461.8
1087590 458.8
1087600 458.8
1087610 457.8
1087620 458.1
1087630 458.1
1087640 458.5
1087650 460.4
1087660 460.4
1087670 464.7
1087680 467.6
1087690 467.6
1087700 466.1
1087710 463.7
1087720 463.7
1087730 460.4
1087740 456.8
1087750 456.8
1087760 455.6
1087770 453.2
1087780 453.2
1087790 450.9
1087800 450.0
1087810 450.0
1087820 449.7
1087830 449.5
1087840 449.5
1087850 449.6
1087860 449.6
1087870 449.6
1087880 449.5
1087890 449.5
1087900 450.1
1087910 450.1
1087920 451.2
1087930 452.0
1087940 452.0
1087950 451.6
1087960 449.9
1087970 449.9
1087980 448.0
1087990 445.1
1088000 445.1
1088010 445.5
1088020 447.2
1088030 447.2
1088040 447.2
1088050 447.3
1088060 447.3
1088070 448.9
1088080 451.1
1088090 451.1
1088100 452.2
1088110 453.3
1088120 453.3
1088130 454.2
1088140 455.1
1088150 455.1
1088160 455.7
1088170 455.6
1088180 456.5
1088190 457.5
1088200 458.6
1088210 458.6
1088220 457.7
1088230 458.5
1088240 458.5
1088250 459.1
1088260 459.5
1088270 459.5
1088280 460.0
1088290 460.5
1088300 460.5
1088310 461.0
1088320 461.4
1088330 462.1
1088340 462.1
1088350 462.8
1088360 463.7
1088370 463.7
1088380 464.7
1088390 466.6
1088400 466.6
1088410 468.6
1088420 472.0
1088430 472.0
1088440 474.4
1088450 475.5
1088460 475.5
1088470 476.2
1088480 476.4
1088490 476.4
1088500 477.2
1088510 477.5
1088520 477.5
1088530 477.8
1088540 478.3
1088550 478.3
1088560 478.7
1088570 479.0
1088580 479.0
1088590 479.4
1088600 480.0
1088610 480.0
1088620 480.4
1088630 481.0
1088640 481.0
1088650 481.6
1088660 482.3
1088670 482.3
1088680 482.4
1088690 482.4
1088700 482.4
1088710 482.7
1088720 483.3
1088730 484.3
1088740 484.3
1088750 485.2
1088760 486.7
1088770 486.7
1088780 487.2
1088790 488.1
1088800 488.1
1088810 489.5
1088820 491.9
1088830 491.9
1088840 494.1
1088850 495.4
1088860 495.4
1088870 497.2
1088880 498.8
1088890 498.8
1088900 500.1
1088910 501.5
1088920 501.5
1088930 502.4
1088940 503.4
1088950 503.4
1088960 504.4
1088970 505.1
1088980 505.1
1088990 505.8
1089000 506.3
1089010 506.3
1089020 506.6
1089030 506.9
1089040 506.9
1089050 507.1
1089060 507.3
1089070 507.3
1089080 507.5
1089090 507.6
1089100 507.6
1089110 507.7
1089120 507.6
1089130 507.6
1089140 507.5
1089150 506.8
1089160 506.4
1089170 506.4
1089180 506.1
1089190 505.7
1089200 505.7
1089210 504.2
1089220 503.2
1089230 503.2
1089240 502.6
1089250 502.2
1089260 502.2
1089270 502.0
1089280 502.0
1089290 502.0
1089300 502.1
1089310 502.2
1089320 502.2
1089330 502.5
1089340 502.6
1089350 502.6
1089360 502.7
1089370 503.1
1089380 503.1
1089390 503.6
1089400 503.9
1089410 503.9
1089420 504.1
1089430 504.4
1089440 504.4
1089450 504.7
1089460 505.0
1089470 506.3
1089480 506.8
1089490 507.7
1089500 507.7
1089510 508.7
1089520 509.6
1089530 509.6
1089540 510.5
1089550 511.7
1089560 512.5
1089570 512.5
1089580 513.2
1089590 513.6
1089600 513.6
1089610 514.3
1089620 515.3
1089630 515.3
1089640 516.2
1089650 517.1
1089660 517.1
1089670 518.1
1089680 519.1
1089690 519.1
1089700 520.0
1089710 520.9
1089720 520.9
1089730 521.9
1089740 523.0
1089750 523.0
1089760 523.8
1089770 525.2
1089780 525.2
1089790 526.3
1089800 525.2
1089810 525.2
1089820 525.7
1089830 526.1
1089840 526.1
1089850 526.3
1089860 526.8
1089870 526.8
1089880 527.4
1089890 528.0
1089900 528.0
1089910 528.7
1089920 529.3
1089930 529.3
1089940 529.5
1089950 529.5
1089960 529.2
1089970 529.2
1089980 528.9
1089990 528.4
1090000 528.4
1090010 528.0
1090020 528.1
1090030 528.1
1090040 528.4
1090050 528.6
1090060 528.6
1090070 528.1
1090080 525.2
1090090 525.2
1090100 522.5
1090110 520.5
1090120 523.1
1090130 522.5
1090140 523.5
1090150 523.5
1090160 525.4
1090170 528.1
1090180 528.1
1090190 532.0
1090200 535.5
1090210 535.5
1090220 537.0
1090230 538.2
1090240 538.2
1090250 539.6
1090260 541.0
1090270 541.0
1090280 542.5
1090290 544.2
1090300 544.2
1090310 545.9
1090320 547.1
1090330 547.1
1090340 547.7
1090350 548.0
1090360 548.0
1090370 548.0
1090380 548.1
1090390 548.4
1090400 548.4
1090410 549.1
1090420 549.9
1090430 549.9
1090440 550.7
1090450 550.9
1090460 550.9
1090470 551.1
1090480 551.2
1090490 551.2
1090500 551.5
1090510 552.1
1090520 552.1
1090530 552.2
1090540 552.1
1090550 552.1
1090560 552.2
1090570 552.4
1090580 552.4
1090590 552.7
1090600 553.1
1090610 553.1
1090620 553.6
1090630 554.1
1090640 554.1
1090650 554.5
1090660 555.0
1090670 555.0
1090680 555.5
1090690 555.9
1090700 555.9
1090710 556.5
1090720 557.4
1090730 557.4
1090740 558.5
1090750 559.5
1090760 559.5
1090770 560.9
1090780 561.4
1090790 561.6
1090800 561.6
1090810 561.5
1090820 562.3
1090830 562.3
1090840 563.0
1090850 563.4
1090860 563.4
1090870 563.8
1090880 564.4
1090890 564.4
1090900 565.4
1090910 566.4
1090920 566.4
1090930 567.2
1090940 568.0
1090950 568.0
1090960 568.6
1090970 568.8
1090980 568.8
1090990 566.2
1091000 561.1
1091010 561.1
1091020 557.5
1091030 557.3
1091040 557.3
1091050 556.3
1091060 554.6
1091070 554.6
1091080 552.9
1091090 558.8
1091100 558.8
1091110 558.8
1091120 561.3
1091130 561.3
1091140 563.8
1091150 558.3
1091160 558.3
1091170 551.4
1091180 548.3
1091190 548.3
1091200 545.5
1091210 541.5
1091220 537.3
1091230 537.3
1091240 533.5
1091250 530.1
1091260 530.1
1091270 526.2
1091280 523.7
1091290 523.7
1091300 521.3
1091310 520.9
1091320 520.9
1091330 525.3
1091340 531.5
1091350 531.5
1091360 534.4
1091370 536.6
1091380 536.6
1091390 539.1
1091400 540.1
1091410 540.1
1091420 539.5
1091430 540.7
1091440 540.7
1091450 541.5
1091460 542.3
1091470 542.3
1091480 544.0
1091490 547.6
1091500 547.6
1091510 551.2
1091520 554.4
1091530 554.4
1091540 556.1
1091550 557.8
1091560 557.8
1091570 560.7
1091580 560.8
1091590 560.8
1091600 560.9
1091610 561.2
1091620 563.9
1091630 563.9
1091640 572.4
1091650 579.1
1091660 579.1
1091670 577.6
1091680 571.2
1091690 571.2
1091700 562.3
1091710 556.1
1091720 556.1
1091730 553.7
1091740 551.0
1091750 552.9
1091760 549.9
1091770 549.3
1091780 549.3
1091790 549.0
1091800 546.0
1091810 546.0
1091820 543.1
1091830 540.1
1091840 540.1
1091850 539.1
1091860 539.4
1091870 539.4
1091880 537.8
1091890 535.9
1091900 535.9
1091910 534.6
1091920 533.1
1091930 533.1
1091940 528.6
1091950 522.0
1091960 522.0
1091970 519.9
1091980 518.2
1091990 518.2
1092000 518.3
1092010 518.9
1092020 518.9
1092030 519.1
1092040 519.4
1092050 517.6
1092060 517.6
1092070 511.9
1092080 503.9
1092090 503.9
1092100 504.4
1092110 507.7
1092120 507.7
1092130 512.8
1092140 514.8
1092150 514.8
1092160 517.2
1092170 520.9
1092180 520.9
1092190 525.1
1092200 528.2
1092210 528.2
1092220 531.8
1092230 534.1
1092240 534.1
1092250 534.8
1092260 536.6
1092270 536.6
1092280 541.0
1092290 544.1
1092300 544.1
1092310 546.7
1092320 549.4
1092330 549.4
1092340 553.6
1092350 558.4
1092360 558.4
1092370 562.2
1092380 565.2
1092390 565.2
1092400 568.3
1092410 570.0
1092420 570.0
1092430 571.7
1092440 572.2
1092450 572.8
1092460 572.8
1092470 573.8
1092480 574.7
1092490 574.7
1092500 575.2
1092510 576.7
1092520 576.7
1092530 579.5
1092540 581.9
1092550 581.9
1092560 583.7
1092570 584.3
1092580 584.3
1092590 583.9
1092600 584.0
1092610 584.0
1092620 584.6
1092630 585.8
1092640 585.8
1092650 587.7
1092660 589.1
1092670 589.1
1092680 590.4
1092690 594.1
1092700 594.1
1092710 597.1
1092720 595.6
1092730 595.6
1092740 598.8
1092750 603.5
1092760 603.5
1092770 608.9
1092780 613.5
1092790 613.5
1092800 614.5
1092810 616.2
1092820 616.2
1092830 620.9
1092840 626.5
1092850 626.5
1092860 634.1
