1087790 474.8
1087800 474.8
1087810 474.3
1087820 473.8
1087830 474.1
1087840 473.0
1087850 473.1
1087860 473.1
1087870 471.1
1087880 467.5
1087890 467.5
1087900 464.5
1087910 462.3
1087920 462.3
1087930 460.3
1087940 457.9
1087950 457.9
1087960 457.3
1087970 457.2
1087980 457.2
1087990 456.9
1088000 456.7
1088010 456.7
1088020 456.6
1088030 456.6
1088040 456.6
1088050 456.7
1088060 456.8
1088070 456.8
1088080 456.8
1088090 456.9
1088100 456.9
1088110 456.9
1088120 457.0
1088130 457.0
1088140 457.0
1088150 457.3
1088160 457.2
1088170 456.9
1088180 456.9
1088190 456.9
1088200 456.8
1088210 456.7
1088220 455.5
1088230 455.5
1088240 452.5
1088250 451.3
1088260 451.3
1088270 450.8
1088280 448.4
1088290 448.4
1088300 447.4
1088310 447.8
1088320 447.8
1088330 452.2
1088340 459.5
1088350 459.5
1088360 463.5
1088370 463.8
1088380 463.8
1088390 463.9
1088400 467.2
1088410 467.2
1088420 469.5
1088430 470.3
1088440 470.3
1088450 470.4
1088460 470.5
1088470 470.5
1088480 470.9
1088490 471.2
1088500 471.2
1088510 471.4
1088520 471.7
1088530 471.7
1088540 471.8
1088550 471.9
1088560 471.9
1088570 470.9
1088580 468.9
1088590 468.9
1088600 467.7
1088610 466.0
1088620 463.1
1088630 463.1
1088640 464.4
1088650 465.2
1088660 465.2
1088670 467.0
1088680 463.3
1088690 463.3
1088700 457.4
1088710 454.4
1088720 454.4
1088730 455.4
1088740 455.9
1088750 455.9
1088760 456.1
1088770 456.3
1088780 456.3
1088790 456.4
1088800 456.3
1088810 456.3
1088820 455.8
1088830 458.5
1088840 458.5
1088850 463.6
1088860 465.0
1088870 465.0
1088880 463.4
1088890 462.8
1088900 462.8
1088910 462.5
1088920 462.7
1088930 462.7
1088940 462.8
1088950 458.3
1088960 458.3
1088970 457.1
1088980 457.0
1088990 457.0
1089000 457.0
1089010 457.8
1089020 457.8
1089030 458.0
1089040 459.1
1089050 461.6
1089060 461.6
1089070 462.3
1089080 462.1
1089090 462.1
1089100 462.0
1089110 462.2
1089120 462.2
1089130 465.7
1089140 468.5
1089150 468.5
1089160 471.2
1089170 472.2
1089180 472.2
1089190 473.0
1089200 472.2
1089210 472.2
1089220 469.9
1089230 462.9
1089240 462.9
1089250 462.5
1089260 464.5
1089270 464.5
1089280 468.7
1089290 471.0
1089300 471.0
1089310 468.2
1089320 464.9
1089330 464.9
1089340 464.8
1089350 465.0
1089360 465.0
1089370 465.1
1089380 465.0
1089390 465.0
1089400 464.3
1089410 464.3
1089420 464.3
1089430 465.0
1089440 465.6
1089450 465.8
1089460 465.8
1089470 466.0
1089480 465.9
1089490 465.9
1089500 465.6
1089510 465.3
1089520 465.3
1089530 465.5
1089540 466.0
1089550 466.0
1089560 466.4
1089570 466.8
1089580 466.8
1089590 467.1
1089600 467.1
1089610 467.1
1089620 467.2
1089630 467.3
1089640 467.3
1089650 467.7
1089660 468.2
1089670 468.2
1089680 468.3
1089690 469.1
1089700 469.1
1089710 469.2
1089720 469.5
1089730 469.5
1089740 469.2
1089750 469.1
1089760 469.1
1089770 468.8
1089780 468.4
1089790 468.4
1089800 468.5
1089810 467.9
1089820 467.9
1089830 470.4
1089840 474.9
1089850 474.9
1089860 476.3
1089870 477.1
1089880 479.8
1089890 479.8
1089900 480.5
1089910 480.7
1089920 480.7
1089930 481.5
1089940 482.0
1089950 482.0
1089960 482.3
1089970 482.5
1089980 482.5
1089990 482.0
1090000 480.0
1090010 480.0
1090020 478.0
1090030 477.3
1090040 477.3
1090050 477.0
1090060 477.3
1090070 477.3
1090080 477.5
1090090 477.4
1090100 474.1
1090110 473.6
1090120 473.6
1090130 473.6
1090140 473.7
1090150 474.4
1090160 474.4
1090170 474.5
1090180 474.4
1090190 474.4
1090200 474.0
1090210 473.3
1090220 473.3
1090230 473.9
1090240 476.6
1090250 476.6
1090260 479.5
1090270 481.1
1090280 481.8
1090290 481.8
1090300 482.5
1090310 486.8
1090320 486.8
1090330 483.8
1090340 476.9
1090350 476.9
1090360 475.4
1090370 475.1
1090380 475.1
1090390 476.0
1090400 476.7
1090410 476.7
1090420 477.4
1090430 476.6
1090440 476.6
1090450 477.0
1090460 477.3
1090470 477.3
1090480 477.6
1090490 477.6
1090500 477.6
1090510 477.3
1090520 477.9
1090530 477.9
1090540 478.0
1090550 478.2
1090560 478.2
1090570 479.2
1090580 481.0
1090590 481.0
1090600 481.3
1090610 481.8
1090620 481.8
1090630 482.1
1090640 482.3
1090650 482.3
1090660 483.1
1090670 483.3
1090680 483.3
1090690 483.4
1090700 483.4
1090710 483.5
1090720 483.5
1090730 484.0
1090740 485.1
1090750 490.0
1090760 487.0
1090770 486.7
1090780 486.7
1090790 488.5
1090800 490.7
1090810 490.7
1090820 492.7
1090830 494.0
1090840 494.0
1090850 495.9
1090860 500.3
1090870 500.3
1090880 505.2
1090890 510.4
1090900 510.4
1090910 511.7
1090920 511.1
1090930 511.1
1090940 511.3
1090950 512.4
1090960 512.4
1090970 513.7
1090980 516.8
1090990 516.8
1091000 518.7
1091010 519.2
1091020 519.2
1091030 520.9
1091040 523.7
1091050 523.7
1091060 524.6
1091070 524.2
1091080 523.3
1091090 522.5
1091100 522.6
1091110 524.9
1091120 524.9
1091130 527.7
1091140 532.4
1091150 532.4
1091160 536.5
1091170 538.8
1091180 538.8
1091190 539.4
1091200 538.1
1091210 538.1
1091220 536.0
1091230 533.4
1091240 533.4
1091250 531.2
1091260 528.3
1091270 528.3
1091280 526.0
1091290 523.8
1091300 523.8
1091310 521.1
1091320 519.5
1091330 519.5
1091340 518.3
1091350 516.9
1091360 516.9
1091370 515.5
1091380 513.8
1091390 513.8
1091400 514.6
1091410 512.5
1091420 512.5
1091430 509.3
1091440 504.7
1091450 504.7
1091460 499.8
1091470 495.7
1091480 495.7
1091490 494.1
1091500 493.3
1091510 493.3
1091520 493.0
1091530 492.6
1091540 492.5
1091550 492.5
1091560 492.6
1091570 492.6
1091580 492.6
1091590 492.6
1091600 495.9
1091610 495.9
1091620 502.5
1091630 508.6
1091640 508.6
1091650 513.5
1091660 520.0
1091670 520.0
1091680 527.7
1091690 531.6
1091700 531.6
1091710 533.1
1091720 534.8
1091730 530.0
1091740 536.9
1091750 541.9
1091760 541.9
1091770 542.6
1091780 543.6
1091790 543.6
1091800 544.0
1091810 545.7
1091820 545.7
1091830 547.5
1091840 549.6
1091850 549.6
1091860 552.3
1091870 553.0
1091880 553.0
1091890 556.9
1091900 564.0
1091910 564.0
1091920 565.9
1091930 566.2
1091940 565.9
1091950 565.9
1091960 566.3
1091970 566.6
1091980 566.6
1091990 567.2
1092000 567.9
1092010 567.9
1092020 568.8
1092030 569.7
1092040 569.7
1092050 570.8
1092060 571.6
1092070 571.6
1092080 572.1
1092090 572.2
1092100 572.2
1092110 571.9
